# Liste des scalaires : TEMPS pmat 
0.00000000000000e+00 1.00000000000000e+05 
7.22956891292051e-05 1.00000000000000e+05 
1.38528212490258e-04 1.00000000000000e+05 
2.06265307440502e-04 1.00000000000000e+05 
2.70814169338677e-04 1.00000000000000e+05 
3.34590839931144e-04 1.00000000000000e+05 
3.98354776538462e-04 1.00000000000000e+05 
4.61944677418408e-04 1.00000000000000e+05 
5.26066224544619e-04 1.00000000000000e+05 
5.91310462771745e-04 1.00000000000000e+05 
6.57979659268712e-04 1.00000000000000e+05 
7.25952104568408e-04 1.00000000000000e+05 
7.95175711927087e-04 1.00000000000000e+05 
8.65289530504950e-04 1.00000000000000e+05 
9.37875627597290e-04 1.00000000000000e+05 
1.01277951096484e-03 1.00000000000000e+05 
1.08835891421801e-03 1.00000000000000e+05 
1.16573204893328e-03 1.00000000000000e+05 
1.24569438706048e-03 1.00000000000000e+05 
1.32768827746907e-03 1.00000000000000e+05 
1.41129660217573e-03 1.00000000000000e+05 
1.49664074094624e-03 1.00000000000000e+05 
1.58339622056818e-03 1.00000000000000e+05 
1.67240861615194e-03 1.00000000000000e+05 
1.76318910708878e-03 1.00000000000000e+05 
1.85529280829938e-03 1.00000000000000e+05 
1.94932519198389e-03 1.00000000000000e+05 
2.04560716560009e-03 1.00000000000000e+05 
2.14417531694922e-03 1.00000000000000e+05 
2.24461829269897e-03 1.00000000000000e+05 
2.34631229864137e-03 1.00000000000000e+05 
2.44988846062214e-03 1.00000000000000e+05 
2.55588691676069e-03 1.00000000000000e+05 
2.66457029544826e-03 1.00000000000000e+05 
2.77579697743562e-03 1.00000000000000e+05 
2.88849093172955e-03 1.00000000000000e+05 
3.00268165044886e-03 1.00000000000000e+05 
3.11894627807252e-03 1.00000000000000e+05 
3.23775456128762e-03 1.00000000000000e+05 
3.35953773297112e-03 1.00000000000000e+05 
3.48319988928579e-03 1.00000000000000e+05 
3.60958511483044e-03 1.00000000000000e+05 
3.73728691911296e-03 1.00000000000000e+05 
3.86706076761488e-03 1.00000000000000e+05 
3.99872555414915e-03 1.00000000000000e+05 
4.13261035760478e-03 1.00000000000000e+05 
4.26833040673154e-03 1.00000000000000e+05 
4.40724019642017e-03 1.00000000000000e+05 
4.54659797848242e-03 1.00000000000000e+05 
4.68793248757136e-03 1.00000000000000e+05 
4.82783240903124e-03 1.00000000000000e+05 
4.96850281998873e-03 1.00000000000000e+05 
5.10752359211797e-03 1.00000000000000e+05 
5.24928529352072e-03 1.00000000000000e+05 
5.39037519633959e-03 1.00000000000000e+05 
5.53102751821405e-03 1.00000000000000e+05 
5.66843758331170e-03 1.00000000000000e+05 
5.80857866385678e-03 1.00000000000000e+05 
5.94544438117484e-03 1.00000000000000e+05 
6.08681584995550e-03 1.00000000000000e+05 
6.22724069194023e-03 1.00000000000000e+05 
6.36925420283271e-03 1.00000000000000e+05 
6.50697323657393e-03 1.00000000000000e+05 
6.64716820049767e-03 1.00000000000000e+05 
6.78574381544138e-03 1.00000000000000e+05 
6.92861496114262e-03 1.00000000000000e+05 
7.07261991070903e-03 1.00000000000000e+05 
7.21849646682572e-03 1.00000000000000e+05 
7.35375315104534e-03 1.00000000000000e+05 
7.49058524532503e-03 1.00000000000000e+05 
7.62683875118577e-03 1.00000000000000e+05 
7.76967698191218e-03 1.00000000000000e+05 
7.91310045372697e-03 1.00000000000000e+05 
8.05513363662980e-03 1.00000000000000e+05 
8.19269743903806e-03 1.00000000000000e+05 
8.33150665027428e-03 1.00000000000000e+05 
8.46914029768959e-03 1.00000000000000e+05 
8.60894943438469e-03 1.00000000000000e+05 
8.75227139935675e-03 1.00000000000000e+05 
8.89568879233267e-03 1.00000000000000e+05 
9.03587680792537e-03 1.00000000000000e+05 
9.17784331236979e-03 1.00000000000000e+05 
9.31855886584392e-03 1.00000000000000e+05 
9.46112849932434e-03 1.00000000000000e+05 
9.60577020810983e-03 1.00000000000000e+05 
9.75074098685669e-03 1.00000000000000e+05 
9.89165837434516e-03 1.00000000000000e+05 
1.00344339740307e-02 1.00000000000000e+05 
1.01750174340569e-02 1.00000000000000e+05 
1.03178590572424e-02 1.00000000000000e+05 
1.04645362307066e-02 1.00000000000000e+05 
1.06116341008635e-02 1.00000000000000e+05 
1.07532038619554e-02 1.00000000000000e+05 
1.08980474987089e-02 1.00000000000000e+05 
1.10436206979739e-02 1.00000000000000e+05 
1.11917672915994e-02 1.00000000000000e+05 
1.13418112615825e-02 1.00000000000000e+05 
1.14922493914464e-02 1.00000000000000e+05 
1.16381552567993e-02 1.00000000000000e+05 
1.17865210263589e-02 1.00000000000000e+05 
1.19335376682665e-02 1.00000000000000e+05 
1.20846126588003e-02 1.00000000000000e+05 
1.22403362134558e-02 1.00000000000000e+05 
1.23969834176599e-02 1.00000000000000e+05 
1.25499836493509e-02 1.00000000000000e+05 
1.27053924508354e-02 1.00000000000000e+05 
1.28594487732097e-02 1.00000000000000e+05 
1.30161452435188e-02 1.00000000000000e+05 
1.31743412865386e-02 1.00000000000000e+05 
1.33328944072133e-02 1.00000000000000e+05 
1.34896793972474e-02 1.00000000000000e+05 
1.36487449916035e-02 1.00000000000000e+05 
1.38068608370756e-02 1.00000000000000e+05 
1.39673772911111e-02 1.00000000000000e+05 
1.41286280107696e-02 1.00000000000000e+05 
1.42906338043553e-02 1.00000000000000e+05 
1.44515964127637e-02 1.00000000000000e+05 
1.46146067208579e-02 1.00000000000000e+05 
1.47766459968066e-02 1.00000000000000e+05 
1.49410088644622e-02 1.00000000000000e+05 
1.51068148558474e-02 1.00000000000000e+05 
1.52735067356764e-02 1.00000000000000e+05 
1.54386738702065e-02 1.00000000000000e+05 
1.56066840514737e-02 1.00000000000000e+05 
1.57730202194374e-02 1.00000000000000e+05 
1.59418614609028e-02 1.00000000000000e+05 
1.61118032056226e-02 1.00000000000000e+05 
1.62824120779813e-02 1.00000000000000e+05 
1.64522413733460e-02 1.00000000000000e+05 
1.66234187638805e-02 1.00000000000000e+05 
1.67947683714571e-02 1.00000000000000e+05 
1.69674078225830e-02 1.00000000000000e+05 
1.71408710499651e-02 1.00000000000000e+05 
1.73152457047920e-02 1.00000000000000e+05 
1.74903238135990e-02 1.00000000000000e+05 
1.76661359463758e-02 1.00000000000000e+05 
1.78429178142382e-02 1.00000000000000e+05 
1.80212216778194e-02 1.00000000000000e+05 
1.81978625045555e-02 1.00000000000000e+05 
1.83764808204207e-02 1.00000000000000e+05 
1.85558746853102e-02 1.00000000000000e+05 
1.87343080893465e-02 1.00000000000000e+05 
1.89164257011909e-02 1.00000000000000e+05 
1.90989743090062e-02 1.00000000000000e+05 
1.92787791279040e-02 1.00000000000000e+05 
1.94605400986377e-02 1.00000000000000e+05 
1.96429032695730e-02 1.00000000000000e+05 
1.98236968022928e-02 1.00000000000000e+05 
2.00064841626352e-02 1.00000000000000e+05 
2.01906510895112e-02 1.00000000000000e+05 
2.03716492744281e-02 1.00000000000000e+05 
2.05545826524925e-02 1.00000000000000e+05 
2.07340507055463e-02 1.00000000000000e+05 
2.09155336530061e-02 1.00000000000000e+05 
2.10956424123817e-02 1.00000000000000e+05 
2.12795827143230e-02 1.00000000000000e+05 
2.14628314286594e-02 1.00000000000000e+05 
2.16485242886934e-02 1.00000000000000e+05 
2.18298069263857e-02 1.00000000000000e+05 
2.20134271101158e-02 1.00000000000000e+05 
2.21955493995769e-02 1.00000000000000e+05 
2.23811654362221e-02 1.00000000000000e+05 
2.25678613752624e-02 1.00000000000000e+05 
2.27564826659253e-02 1.00000000000000e+05 
2.29406725171587e-02 1.00000000000000e+05 
2.31296563356597e-02 1.00000000000000e+05 
2.33156946395738e-02 1.00000000000000e+05 
2.35052737019065e-02 1.00000000000000e+05 
2.36952517619026e-02 1.00000000000000e+05 
2.38858587247970e-02 1.00000000000000e+05 
2.40723783892264e-02 1.00000000000000e+05 
2.42643143763414e-02 1.00000000000000e+05 
2.44565877229525e-02 1.00000000000000e+05 
2.46486972703128e-02 1.00000000000000e+05 
2.48406642337356e-02 1.00000000000000e+05 
2.50326112128134e-02 1.00000000000000e+05 
2.52202213613212e-02 1.00000000000000e+05 
2.54098590270829e-02 1.00000000000000e+05 
2.55981470256452e-02 1.00000000000000e+05 
2.57894782226056e-02 1.00000000000000e+05 
2.59816232984996e-02 1.00000000000000e+05 
2.61741305663857e-02 1.00000000000000e+05 
2.63641079996214e-02 1.00000000000000e+05 
2.65560770587362e-02 1.00000000000000e+05 
2.67406504093593e-02 1.00000000000000e+05 
2.69333304337888e-02 1.00000000000000e+05 
2.71258072348478e-02 1.00000000000000e+05 
2.73180880615925e-02 1.00000000000000e+05 
2.75059407423796e-02 1.00000000000000e+05 
2.76977003631866e-02 1.00000000000000e+05 
2.78880298522142e-02 1.00000000000000e+05 
2.80781836537858e-02 1.00000000000000e+05 
2.82682808054081e-02 1.00000000000000e+05 
2.84589040841582e-02 1.00000000000000e+05 
2.86498614695893e-02 1.00000000000000e+05 
2.88411855558041e-02 1.00000000000000e+05 
2.90327508324250e-02 1.00000000000000e+05 
2.92247293645810e-02 1.00000000000000e+05 
2.94170239981507e-02 1.00000000000000e+05 
2.96093634264768e-02 1.00000000000000e+05 
2.98016710137326e-02 1.00000000000000e+05 
2.99938888753801e-02 1.00000000000000e+05 
3.01860796516409e-02 1.00000000000000e+05 
3.03789620836810e-02 1.00000000000000e+05 
3.05726995205102e-02 1.00000000000000e+05 
3.07668872605234e-02 1.00000000000000e+05 
3.09613254837568e-02 1.00000000000000e+05 
3.11559373245405e-02 1.00000000000000e+05 
3.13508172852565e-02 1.00000000000000e+05 
3.15459708327528e-02 1.00000000000000e+05 
3.17406544787216e-02 1.00000000000000e+05 
3.19366378990586e-02 1.00000000000000e+05 
3.21339714616437e-02 1.00000000000000e+05 
3.23339511270032e-02 1.00000000000000e+05 
3.25323920213185e-02 1.00000000000000e+05 
3.27347024212061e-02 1.00000000000000e+05 
3.29369744995269e-02 1.00000000000000e+05 
3.31388917901015e-02 1.00000000000000e+05 
3.33407696341105e-02 1.00000000000000e+05 
3.35423745719826e-02 1.00000000000000e+05 
3.37439411156579e-02 1.00000000000000e+05 
3.39456209652497e-02 1.00000000000000e+05 
3.41474910994311e-02 1.00000000000000e+05 
3.43497025459321e-02 1.00000000000000e+05 
3.45526732143668e-02 1.00000000000000e+05 
3.47558808687949e-02 1.00000000000000e+05 
3.49593748594794e-02 1.00000000000000e+05 
3.51631159935804e-02 1.00000000000000e+05 
3.53673129497945e-02 1.00000000000000e+05 
3.55716903648292e-02 1.00000000000000e+05 
3.57722916302432e-02 1.00000000000000e+05 
3.59786199251913e-02 1.00000000000000e+05 
3.61853470980251e-02 1.00000000000000e+05 
3.63923072758271e-02 1.00000000000000e+05 
3.66001006223071e-02 1.00000000000000e+05 
3.68081626439407e-02 1.00000000000000e+05 
3.70180445981294e-02 1.00000000000000e+05 
3.72283035814371e-02 1.00000000000000e+05 
3.74359932417258e-02 1.00000000000000e+05 
3.76438866391669e-02 1.00000000000000e+05 
3.78520159725571e-02 1.00000000000000e+05 
3.80603007248372e-02 1.00000000000000e+05 
3.82684776789476e-02 1.00000000000000e+05 
3.84769352627105e-02 1.00000000000000e+05 
3.86855629230375e-02 1.00000000000000e+05 
3.88938202064636e-02 1.00000000000000e+05 
3.91023035642654e-02 1.00000000000000e+05 
3.93110270072313e-02 1.00000000000000e+05 
3.94974826270738e-02 1.00000000000000e+05 
3.97025838089005e-02 1.00000000000000e+05 
3.98937972614131e-02 1.00000000000000e+05 
4.01023787528702e-02 1.00000000000000e+05 
4.02897526967391e-02 1.00000000000000e+05 
4.04953879229356e-02 1.00000000000000e+05 
4.07044746903523e-02 1.00000000000000e+05 
4.09132625732251e-02 1.00000000000000e+05 
4.11218334155481e-02 1.00000000000000e+05 
4.13310541135223e-02 1.00000000000000e+05 
4.15405989474198e-02 1.00000000000000e+05 
4.17495719669197e-02 1.00000000000000e+05 
4.19487699559937e-02 1.00000000000000e+05 
4.21588914621917e-02 1.00000000000000e+05 
4.23284300901658e-02 1.00000000000000e+05 
4.25149225809373e-02 1.00000000000000e+05 
4.27200273187785e-02 1.00000000000000e+05 
4.29297005613697e-02 1.00000000000000e+05 
4.31425030818964e-02 1.00000000000000e+05 
4.33567332980618e-02 1.00000000000000e+05 
4.35664046943698e-02 1.00000000000000e+05 
4.37809958474905e-02 1.00000000000000e+05 
4.39955420584573e-02 1.00000000000000e+05 
4.42098912604285e-02 1.00000000000000e+05 
4.44219551807059e-02 1.00000000000000e+05 
4.46359562411209e-02 1.00000000000000e+05 
4.48495495375105e-02 1.00000000000000e+05 
4.50636357187668e-02 1.00000000000000e+05 
4.52775792004939e-02 1.00000000000000e+05 
4.54915787075964e-02 1.00000000000000e+05 
4.57055169052399e-02 1.00000000000000e+05 
4.59198751967930e-02 1.00000000000000e+05 
4.61342312799522e-02 1.00000000000000e+05 
4.63489309906767e-02 1.00000000000000e+05 
4.65638598144079e-02 1.00000000000000e+05 
4.67790063825018e-02 1.00000000000000e+05 
4.69941589693094e-02 1.00000000000001e+05 
4.72094725829662e-02 1.00000000000001e+05 
4.74243284628328e-02 1.00000000000001e+05 
4.76396934109413e-02 1.00000000000002e+05 
4.78553716420454e-02 1.00000000000003e+05 
4.80709979382420e-02 1.00000000000005e+05 
4.82865496671554e-02 1.00000000000007e+05 
4.85020413043901e-02 1.00000000000010e+05 
4.87174413432551e-02 1.00000000000013e+05 
4.89326862729058e-02 1.00000000000018e+05 
4.91478952432140e-02 1.00000000000027e+05 
4.93630209811949e-02 1.00000000000041e+05 
4.95780381573749e-02 1.00000000000056e+05 
4.97929377034281e-02 1.00000000000079e+05 
5.00077427371911e-02 1.00000000000104e+05 
5.02224010600367e-02 1.00000000000133e+05 
5.04370147831202e-02 1.00000000000187e+05 
5.06515562014094e-02 1.00000000000282e+05 
5.08659924380648e-02 1.00000000000325e+05 
5.10802601940950e-02 1.00000000000369e+05 
5.12944135192077e-02 1.00000000000404e+05 
5.15083872597029e-02 1.00000000000534e+05 
5.17222544987581e-02 1.00000000000983e+05 
5.19360498303339e-02 1.00000000002076e+05 
5.21497820032135e-02 1.00000000003942e+05 
5.23633688078770e-02 1.00000000007018e+05 
5.25769192997103e-02 1.00000000010770e+05 
5.27903683287192e-02 1.00000000015799e+05 
5.30037451604064e-02 1.00000000028420e+05 
5.32170745340090e-02 1.00000000052019e+05 
5.34303574981243e-02 1.00000000093439e+05 
5.36434624404973e-02 1.00000000154865e+05 
5.38565477406105e-02 1.00000000340478e+05 
5.40695407641483e-02 1.00000000659981e+05 
5.42824634724191e-02 1.00000001000746e+05 
5.44953942900974e-02 1.00000001385134e+05 
5.47083504626421e-02 1.00000001804758e+05 
5.49212155855764e-02 1.00000002089305e+05 
5.51341715961044e-02 1.00000002446094e+05 
5.53471281611259e-02 1.00000002904661e+05 
5.55600909944567e-02 1.00000003497877e+05 
5.57731240277810e-02 1.00000004231686e+05 
5.59862104499351e-02 1.00000005098830e+05 
5.61992448439724e-02 1.00000006152267e+05 
5.64123156633837e-02 1.00000007372109e+05 
5.66253897703154e-02 1.00000008775072e+05 
5.68384472546485e-02 1.00000010433870e+05 
5.70515296880824e-02 1.00000012377173e+05 
5.72647168456396e-02 1.00000014510453e+05 
5.74778756490588e-02 1.00000016969101e+05 
5.76911010649303e-02 1.00000019664838e+05 
5.79043712757561e-02 1.00000022577420e+05 
5.81176815720965e-02 1.00000025859634e+05 
5.83310511721432e-02 1.00000029510317e+05 
5.85445640480520e-02 1.00000033395590e+05 
5.87580933625745e-02 1.00000038007714e+05 
5.89717265955797e-02 1.00000043093864e+05 
5.91854525472666e-02 1.00000048589171e+05 
5.93992687818342e-02 1.00000055173337e+05 
5.96131809995588e-02 1.00000063281779e+05 
5.98272682346531e-02 1.00000072666594e+05 
6.00414027528694e-02 1.00000084667079e+05 
6.02556554559630e-02 1.00000099357275e+05 
6.04700246713852e-02 1.00000117471572e+05 
6.06844960121321e-02 1.00000141019937e+05 
6.08990661192409e-02 1.00000171427126e+05 
6.11137585805416e-02 1.00000209403918e+05 
6.13285377656163e-02 1.00000258214810e+05 
6.15434150786858e-02 1.00000319077518e+05 
6.17584074679622e-02 1.00000394429245e+05 
6.19735075572168e-02 1.00000489243790e+05 
6.21886931072234e-02 1.00000607700458e+05 
6.24039818307985e-02 1.00000750057483e+05 
6.26193621706714e-02 1.00000924413264e+05 
6.28348341215121e-02 1.00001131897202e+05 
6.30504152881517e-02 1.00001376754421e+05 
6.32660982327851e-02 1.00001667468377e+05 
6.34818588866803e-02 1.00002009314917e+05 
6.36977108196480e-02 1.00002399517364e+05 
6.39136535430641e-02 1.00002850945948e+05 
6.41296400789892e-02 1.00003359432572e+05 
6.43456674780880e-02 1.00003926131935e+05 
6.45617225093856e-02 1.00004563523399e+05 
6.47777873106870e-02 1.00005276708593e+05 
6.49938535016189e-02 1.00006046647734e+05 
6.52099295789441e-02 1.00006898563924e+05 
6.54260114189343e-02 1.00007812039896e+05 
6.56421301533897e-02 1.00008778544163e+05 
6.58582758979428e-02 1.00009823911421e+05 
6.60744317577003e-02 1.00010959312992e+05 
6.62905877535916e-02 1.00012129412888e+05 
6.65067572643167e-02 1.00013402252945e+05 
6.67229367778067e-02 1.00014738714437e+05 
6.69391571576055e-02 1.00016126311514e+05 
6.71554080338054e-02 1.00017643840139e+05 
6.73716735732173e-02 1.00019349090547e+05 
6.75879387481376e-02 1.00021178539966e+05 
6.78042159381981e-02 1.00023315086282e+05 
6.80205035118371e-02 1.00025760556747e+05 
6.82368332088968e-02 1.00028600065858e+05 
6.84531970932660e-02 1.00032068158165e+05 
6.86695867824305e-02 1.00036399229759e+05 
6.88859868477712e-02 1.00041658386779e+05 
6.91024139755742e-02 1.00048282337120e+05 
6.93188724417960e-02 1.00056512272985e+05 
6.95353945184439e-02 1.00066850026165e+05 
6.97519745204858e-02 1.00079891710507e+05 
6.99686068887915e-02 1.00096324561625e+05 
7.01852782189783e-02 1.00116627243992e+05 
7.04020034001776e-02 1.00142114689701e+05 
7.06187851102535e-02 1.00173328116490e+05 
7.08356507439675e-02 1.00211166651268e+05 
7.10525944012760e-02 1.00257350784785e+05 
7.12696110844165e-02 1.00313267608608e+05 
7.14866878034315e-02 1.00379929260513e+05 
7.17038398333376e-02 1.00459314429436e+05 
7.19210705508345e-02 1.00552855978453e+05 
7.21384055204896e-02 1.00662292220481e+05 
7.23558387218108e-02 1.00789364587448e+05 
7.25733647732296e-02 1.00935376352073e+05 
7.27909681794273e-02 1.01101994738818e+05 
7.30086627193598e-02 1.01290224989172e+05 
7.32264500446445e-02 1.01500895678090e+05 
7.34443526596349e-02 1.01736025457643e+05 
7.36623651453220e-02 1.01995285346255e+05 
7.38804824084059e-02 1.02278526043821e+05 
7.40986892142751e-02 1.02585338871618e+05 
7.43169983017184e-02 1.02913984097822e+05 
7.45354091494892e-02 1.03263275984173e+05 
7.47539421660134e-02 1.03632203297776e+05 
7.49725934437210e-02 1.04017491729077e+05 
7.51913581301723e-02 1.04414707880009e+05 
7.54102205998024e-02 1.04820637061336e+05 
7.56291929720198e-02 1.05230247619633e+05 
7.58482730307582e-02 1.05639249017834e+05 
7.60674770823068e-02 1.06041605941625e+05 
7.62867808319492e-02 1.06430484694574e+05 
7.65061774457033e-02 1.06807010191604e+05 
7.67256401579610e-02 1.07157617539790e+05 
7.69451267284931e-02 1.07472278414267e+05 
7.71646114801570e-02 1.07754064454213e+05 
7.73841092929093e-02 1.08028316049808e+05 
7.76036351921590e-02 1.08227340563757e+05 
7.78231776031371e-02 1.08365686716827e+05 
7.80427191059133e-02 1.08458607721444e+05 
7.82622523808066e-02 1.08509691964262e+05 
7.84817785937443e-02 1.08501945598455e+05 
7.86914563432856e-02 1.08488635360457e+05 
7.89104489118761e-02 1.08471985087435e+05 
7.91300307462824e-02 1.08449722201803e+05 
7.93496139599517e-02 1.08414323509814e+05 
7.95691903440482e-02 1.08359633186277e+05 
7.97887705903410e-02 1.08281739031997e+05 
8.00083806458931e-02 1.08178218933115e+05 
8.02280351712264e-02 1.08049722959057e+05 
8.04477465407977e-02 1.07902661041339e+05 
8.06675012289063e-02 1.07735586837495e+05 
8.08872956989040e-02 1.07548543469628e+05 
8.11071445913160e-02 1.07345103673655e+05 
8.13270589552494e-02 1.07125187943599e+05 
8.15470414639377e-02 1.06890316688095e+05 
8.17670992350839e-02 1.06642755839206e+05 
8.19872039249824e-02 1.06383916406367e+05 
8.22073446847037e-02 1.06117157210151e+05 
8.24275288821467e-02 1.05842890794071e+05 
8.26477623588150e-02 1.05562358652491e+05 
8.28680602837483e-02 1.05276797178149e+05 
8.30884469629835e-02 1.04987199320835e+05 
8.33089018909317e-02 1.04696316242411e+05 
8.35294076559680e-02 1.04404739366533e+05 
8.37499719496375e-02 1.04114569979825e+05 
8.39705929517127e-02 1.03825485042148e+05 
8.41912799086253e-02 1.03538264578533e+05 
8.44120584682705e-02 1.03253154491092e+05 
8.46329091236195e-02 1.02971682866553e+05 
8.48537870140628e-02 1.02694241318465e+05 
8.50746841587561e-02 1.02421891435155e+05 
8.52956024552284e-02 1.02154053900540e+05 
8.55165415195971e-02 1.01891375456239e+05 
8.57375074412636e-02 1.01633681117088e+05 
8.59585068063454e-02 1.01381706146238e+05 
8.61795098556987e-02 1.01135910376260e+05 
8.64005221787910e-02 1.00896745092071e+05 
8.66215422854207e-02 1.00663740791393e+05 
8.68425725086673e-02 1.00437467083705e+05 
8.70636167560492e-02 1.00217716330729e+05 
8.72846823184676e-02 1.00004696996362e+05 
8.75057361786232e-02 9.97989865051679e+04 
8.77267825079824e-02 9.96005804460854e+04 
8.79478223690821e-02 9.94091191214157e+04 
8.81688580110824e-02 9.92251311096144e+04 
8.83898923166217e-02 9.90487290568592e+04 
8.86109295193380e-02 9.88789946725338e+04 
8.88319351351923e-02 9.87169683014634e+04 
8.90529138571315e-02 9.85619739944990e+04 
8.92738721633371e-02 9.84135917493930e+04 
8.94948148427802e-02 9.82725467782761e+04 
8.97157451993288e-02 9.81384867253181e+04 
8.99366651085035e-02 9.80105403290038e+04 
9.01575442571827e-02 9.78893835116272e+04 
9.03783888337920e-02 9.77746150784940e+04 
9.05992084128789e-02 9.76660235957411e+04 
9.08200086001052e-02 9.75633911297990e+04 
9.10407928063499e-02 9.74676499400311e+04 
9.12615636347794e-02 9.73766660390513e+04 
9.14822925521809e-02 9.72912068144211e+04 
9.17029877714734e-02 9.72103393521957e+04 
9.19236602101841e-02 9.71341451245130e+04 
9.21443150630024e-02 9.70624769892803e+04 
9.23649555693698e-02 9.69962575909078e+04 
9.25855895677886e-02 9.69332708359715e+04 
9.28061853831218e-02 9.68752787084101e+04 
9.30267521798938e-02 9.68196841766107e+04 
9.32472989864712e-02 9.67674741001417e+04 
9.34678284671533e-02 9.67203933415655e+04 
9.36883427584758e-02 9.66773016712877e+04 
9.39088494675188e-02 9.66369496522642e+04 
9.41293154823520e-02 9.66004735725613e+04 
9.43497490371676e-02 9.65635577331564e+04 
9.45701600117253e-02 9.65269844025155e+04 
9.47905427840773e-02 9.64913136906279e+04 
9.50108912613664e-02 9.64580537989159e+04 
9.52312209424060e-02 9.64262625817549e+04 
9.54514979503569e-02 9.63965266832350e+04 
9.56717297552298e-02 9.63681326663448e+04 
9.58919255645716e-02 9.63408688362735e+04 
9.61120929985343e-02 9.63154214952847e+04 
9.63322238151042e-02 9.62918253335373e+04 
9.65523299791237e-02 9.62693872284092e+04 
9.67723804673536e-02 9.62486295334973e+04 
9.69923821417292e-02 9.62290856992740e+04 
9.72123464586191e-02 9.62108375105217e+04 
9.74322735824536e-02 9.61941939903953e+04 
9.76521603466468e-02 9.61798992680488e+04 
9.78720075151908e-02 9.61668356597371e+04 
9.80917850451740e-02 9.61558432424181e+04 
9.83115015569224e-02 9.61461991541532e+04 
9.85311791075819e-02 9.61381487857871e+04 
9.87508223493933e-02 9.61318315245594e+04 
9.89704299375828e-02 9.61274932891744e+04 
9.91900045679829e-02 9.61247779956640e+04 
9.94095189076893e-02 9.61238699309257e+04 
9.96289846281247e-02 9.61249222775991e+04 
9.98484245569311e-02 9.61278386392159e+04 
1.00067841400569e-01 9.61322697752552e+04 
1.00287235071670e-01 9.61383508812222e+04 
1.00506610799575e-01 9.61458694911179e+04 
1.00725940461830e-01 9.61548571699904e+04 
1.00945237097231e-01 9.61648769919910e+04 
1.01164518532481e-01 9.61760000297560e+04 
1.01383785734234e-01 9.61886284574656e+04 
1.01603036298413e-01 9.62026928931475e+04 
1.01822269053458e-01 9.62185346103097e+04 
1.02041453982544e-01 9.62350042335963e+04 
1.02260603812357e-01 9.62509664562565e+04 
1.02479726566924e-01 9.62689602315578e+04 
1.02698822899354e-01 9.62886715171855e+04 
1.02917890540292e-01 9.63103193666579e+04 
1.03136944278939e-01 9.63318283817605e+04 
1.03355954760994e-01 9.63562261537953e+04 
1.03574936433684e-01 9.63787325457156e+04 
1.03793898404284e-01 9.64002763648807e+04 
1.04012841674561e-01 9.64215746689824e+04 
1.04231763412998e-01 9.64438702882627e+04 
1.04450678473554e-01 9.64670123439743e+04 
1.04669559219320e-01 9.64919568227967e+04 
1.04888419117620e-01 9.65187227294754e+04 
1.05107267986845e-01 9.65477448867501e+04 
1.05326107262485e-01 9.65797718514231e+04 
1.05544932138459e-01 9.66141788884229e+04 
1.05763757616051e-01 9.66509882876402e+04 
1.05982558208347e-01 9.66908027856734e+04 
1.06201345943729e-01 9.67332526085351e+04 
1.06420132104861e-01 9.67784284783656e+04 
1.06638919508555e-01 9.68268493097542e+04 
1.06857700587264e-01 9.68784929176276e+04 
1.07076492805849e-01 9.69331654907010e+04 
1.07295272251457e-01 9.69913968017569e+04 
1.07514050218210e-01 9.70526984116706e+04 
1.07732838442208e-01 9.71170925438722e+04 
1.07951639783264e-01 9.71850538018662e+04 
1.08170444948564e-01 9.72572810447348e+04 
1.08389272567129e-01 9.73315282741861e+04 
1.08608099584940e-01 9.74099027937217e+04 
1.08826937022880e-01 9.74907271569710e+04 
1.09045794377544e-01 9.75739017123922e+04 
1.09264673847169e-01 9.76595478973191e+04 
1.09483561567174e-01 9.77481143239595e+04 
1.09702466350903e-01 9.78385848439142e+04 
1.09921369907680e-01 9.79309462989392e+04 
1.10140285503469e-01 9.80246855652283e+04 
1.10359228988900e-01 9.81194894576620e+04 
1.10578199234440e-01 9.82160235134499e+04 
1.10797190638443e-01 9.83144142928702e+04 
1.11016213013233e-01 9.84132415123156e+04 
1.11235248628877e-01 9.85123941830784e+04 
1.11454308560887e-01 9.86121935082297e+04 
1.11673405289588e-01 9.87122581049274e+04 
1.11892535253224e-01 9.88118922122905e+04 
1.12111689855234e-01 9.89113077726359e+04 
1.12330877085356e-01 9.90097735727935e+04 
1.12550079915243e-01 9.91071844230675e+04 
1.12769306059101e-01 9.92029612418585e+04 
1.12988566638747e-01 9.92967822618833e+04 
1.13207857306232e-01 9.93882806384483e+04 
1.13427167408073e-01 9.94771001201239e+04 
1.13646502825147e-01 9.95631041387904e+04 
1.13865846989752e-01 9.96456351148323e+04 
1.14085204642459e-01 9.97250351321552e+04 
1.14304586851099e-01 9.98005107786879e+04 
1.14523990122573e-01 9.98715031245959e+04 
1.14743402004394e-01 9.99374903885037e+04 
1.14962825595759e-01 9.99992543096469e+04 
1.15182246507216e-01 1.00055406027291e+05 
1.15401667632708e-01 1.00105192783776e+05 
1.15621103163208e-01 1.00153303019026e+05 
1.15840553475767e-01 1.00190823699148e+05 
1.16060004679968e-01 1.00218901823176e+05 
1.16279460912721e-01 1.00239538703629e+05 
1.16498912791619e-01 1.00253032793980e+05 
1.16718361808599e-01 1.00260267692205e+05 
1.16937829351827e-01 1.00260285572317e+05 
1.17157316519689e-01 1.00260950031731e+05 
1.17376809736019e-01 1.00261462957403e+05 
1.17596314177464e-01 1.00262301195910e+05 
1.17815824933334e-01 1.00262924162100e+05 
1.18035345097503e-01 1.00265907192448e+05 
1.18254896221895e-01 1.00270936123495e+05 
1.18474480250712e-01 1.00278457743383e+05 
1.18694084786892e-01 1.00288554399798e+05 
1.18913716047462e-01 1.00302433707598e+05 
1.19133370509513e-01 1.00320220286181e+05 
1.19353050653478e-01 1.00342900392820e+05 
1.19572776232060e-01 1.00370967893233e+05 
1.19792548083016e-01 1.00404787340082e+05 
1.20012353412600e-01 1.00444339572941e+05 
1.20232197748116e-01 1.00490623513196e+05 
1.20452076704671e-01 1.00543076718048e+05 
1.20671990875580e-01 1.00602839795885e+05 
1.20891959005283e-01 1.00670081868436e+05 
1.21111978659277e-01 1.00744280204419e+05 
1.21332035189202e-01 1.00825260627306e+05 
1.21552131843440e-01 1.00913077821681e+05 
1.21772262329430e-01 1.01007474293960e+05 
1.21992424958075e-01 1.01108448636537e+05 
1.22212634821715e-01 1.01215501431348e+05 
1.22432886129252e-01 1.01327266261911e+05 
1.22653162609547e-01 1.01444578851825e+05 
1.22873464299231e-01 1.01566592253065e+05 
1.23093783082293e-01 1.01690758334310e+05 
1.23314115507828e-01 1.01816141754243e+05 
1.23534477681437e-01 1.01942570224635e+05 
1.23754864349730e-01 1.02068035875621e+05 
1.23975260423403e-01 1.02190343720917e+05 
1.24195663701827e-01 1.02309459783871e+05 
1.24416066982828e-01 1.02423497553593e+05 
1.24636468096569e-01 1.02530391814242e+05 
1.24856883970293e-01 1.02625016612227e+05 
1.25077310993261e-01 1.02705150611122e+05 
1.25297737192428e-01 1.02781129952174e+05 
1.25518160468448e-01 1.02835402573180e+05 
1.25738574389881e-01 1.02870347319119e+05 
1.25958979010895e-01 1.02889348329119e+05 
1.26179392546390e-01 1.02894679326469e+05 
1.26399814681477e-01 1.02876610923610e+05 
1.26620236242804e-01 1.02854655536852e+05 
1.26840657619337e-01 1.02832057720995e+05 
1.27061074607913e-01 1.02805065691903e+05 
1.27281490589805e-01 1.02769245576537e+05 
1.27501926030597e-01 1.02724588862601e+05 
1.27722382322733e-01 1.02666907795404e+05 
1.27942851896347e-01 1.02593942545255e+05 
1.28163338957112e-01 1.02506639259233e+05 
1.28383839353591e-01 1.02407053427587e+05 
1.28604357623409e-01 1.02297803942181e+05 
1.28824911483746e-01 1.02179871717261e+05 
1.29045500428663e-01 1.02053624371546e+05 
1.29266116526101e-01 1.01918191574600e+05 
1.29486764561048e-01 1.01778849067614e+05 
1.29707436976728e-01 1.01633570140038e+05 
1.29928136359071e-01 1.01486115091468e+05 
1.30148877358196e-01 1.01337442809679e+05 
1.30369655225338e-01 1.01188011097953e+05 
1.30590459599111e-01 1.01035277692728e+05 
1.30811293211914e-01 1.00882059989013e+05 
1.31032145629494e-01 1.00727645242361e+05 
1.31253018041104e-01 1.00573831368925e+05 
1.31473920267515e-01 1.00422094402255e+05 
1.31694841475009e-01 1.00273086642841e+05 
1.31915777286117e-01 1.00124545846491e+05 
1.32136719007173e-01 9.99786069542632e+04 
1.32357656300119e-01 9.98343999988961e+04 
1.32578599956874e-01 9.96921625430625e+04 
1.32799549773968e-01 9.95525287022617e+04 
1.33020494144284e-01 9.94150518384276e+04 
1.33241435577134e-01 9.92816096881380e+04 
1.33462363699522e-01 9.91510312522144e+04 
1.33683270137155e-01 9.90235611377509e+04 
1.33904164323900e-01 9.88990332186233e+04 
1.34125046527961e-01 9.87780975297607e+04 
1.34345906300240e-01 9.86619902418103e+04 
1.34566744329738e-01 9.85494086644729e+04 
1.34787554461712e-01 9.84403679339741e+04 
1.35008329957766e-01 9.83352383989361e+04 
1.35229081956838e-01 9.82343080461637e+04 
1.35449814809908e-01 9.81378161886961e+04 
1.35670524026687e-01 9.80466216515611e+04 
1.35891212714523e-01 9.79612374105849e+04 
1.36111878541145e-01 9.78814139490811e+04 
1.36332515831248e-01 9.78081589296354e+04 
1.36553139659514e-01 9.77403820713900e+04 
1.36773756423220e-01 9.76799272190778e+04 
1.36994362228854e-01 9.76258902907496e+04 
1.37214964572946e-01 9.75779566567846e+04 
1.37435561017985e-01 9.75373338145540e+04 
1.37656148018132e-01 9.75035318699439e+04 
1.37876744246196e-01 9.74773592213530e+04 
1.38097355190503e-01 9.74602044898087e+04 
1.38317973973586e-01 9.74512288960312e+04 
1.38538608514406e-01 9.74480413216781e+04 
1.38759254533655e-01 9.74530112233613e+04 
1.38979906757230e-01 9.74656437905942e+04 
1.39200582630579e-01 9.74844933593181e+04 
1.39421281997464e-01 9.75145982201310e+04 
1.39641992729978e-01 9.75456172691450e+04 
1.39862719009308e-01 9.75786283291727e+04 
1.40083453477380e-01 9.76127425657898e+04 
1.40304185864834e-01 9.76484818729203e+04 
1.40524929882697e-01 9.76851450716270e+04 
1.40745681732762e-01 9.77236201355877e+04 
1.40966426932039e-01 9.77640454718256e+04 
1.41187169182403e-01 9.78069004607445e+04 
1.41407899771092e-01 9.78510707066246e+04 
1.41628607302935e-01 9.78967376118026e+04 
1.41849304129219e-01 9.79442441285662e+04 
1.42069986855818e-01 9.79943663013105e+04 
1.42290644214166e-01 9.80472613502837e+04 
1.42511279303069e-01 9.81034056105808e+04 
1.42731886530753e-01 9.81619515845166e+04 
1.42952455276235e-01 9.82234046146775e+04 
1.43172997845438e-01 9.82872370532822e+04 
1.43393514629854e-01 9.83534976251428e+04 
1.43613998066329e-01 9.84218527427146e+04 
1.43834452765867e-01 9.84931219237147e+04 
1.44054875240856e-01 9.85658124167617e+04 
1.44275255816588e-01 9.86399748432091e+04 
1.44495608332532e-01 9.87146881331804e+04 
1.44715935931722e-01 9.87900244316862e+04 
1.44936233700502e-01 9.88654413116115e+04 
1.45156508678287e-01 9.89415226390606e+04 
1.45376758814049e-01 9.90168997494458e+04 
1.45596977866613e-01 9.90915613114804e+04 
1.45817182027383e-01 9.91645106272574e+04 
1.46037377882457e-01 9.92360024031341e+04 
1.46257561873218e-01 9.93056483521499e+04 
1.46477923127074e-01 9.93732384167362e+04 
1.46698275402553e-01 9.94392905649512e+04 
1.46918608005142e-01 9.95040682936649e+04 
1.47138930422001e-01 9.95666993661356e+04 
1.47359260436032e-01 9.96272233969653e+04 
1.47579598812228e-01 9.96855192845527e+04 
1.47799943672564e-01 9.97420814667568e+04 
1.48020298154452e-01 9.97963619882707e+04 
1.48240651736979e-01 9.98483723011610e+04 
1.48461015188314e-01 9.98978318615834e+04 
1.48681401202658e-01 9.99449043436377e+04 
1.48901806511946e-01 9.99894473914596e+04 
1.49122227868031e-01 1.00032125487025e+05 
1.49342668057639e-01 1.00072526664133e+05 
1.49563114143097e-01 1.00110869946925e+05 
1.49783574733784e-01 1.00146133247720e+05 
1.50004042268839e-01 1.00179625875849e+05 
1.50224510364457e-01 1.00210999236967e+05 
1.50444973354546e-01 1.00241046162794e+05 
1.50665442616095e-01 1.00269557091647e+05 
1.50885904452786e-01 1.00297049210987e+05 
1.51106366592995e-01 1.00322534328892e+05 
1.51326832678036e-01 1.00346401634368e+05 
1.51547301800218e-01 1.00368159211592e+05 
1.51767766260383e-01 1.00389653474232e+05 
1.51988237859722e-01 1.00410453229275e+05 
1.52208703404758e-01 1.00430754406500e+05 
1.52429168251595e-01 1.00449944383388e+05 
1.52649638222922e-01 1.00468143306132e+05 
1.52870112528272e-01 1.00485498855491e+05 
1.53090583859279e-01 1.00502789476429e+05 
1.53311043334958e-01 1.00519129751186e+05 
1.53531476083782e-01 1.00535268503963e+05 
1.53751884515673e-01 1.00550622504662e+05 
1.53972280931071e-01 1.00565467211304e+05 
1.54192663032307e-01 1.00580300852815e+05 
1.54413023496623e-01 1.00595748477461e+05 
1.54633360934597e-01 1.00611060524053e+05 
1.54853666088829e-01 1.00626919668203e+05 
1.55073942427279e-01 1.00642837080180e+05 
1.55294204921981e-01 1.00658574952773e+05 
1.55514455076404e-01 1.00674453412219e+05 
1.55734688789105e-01 1.00690966987470e+05 
1.55954905856767e-01 1.00707240805699e+05 
1.56175100572706e-01 1.00723954328569e+05 
1.56395282493060e-01 1.00740495855918e+05 
1.56615468444064e-01 1.00756654477173e+05 
1.56835658104513e-01 1.00772671776313e+05 
1.57055851468938e-01 1.00789196415026e+05 
1.57276049698513e-01 1.00805190444641e+05 
1.57496247114982e-01 1.00821334503224e+05 
1.57716456212592e-01 1.00836816471979e+05 
1.57936689747146e-01 1.00851576185928e+05 
1.58156943872443e-01 1.00865672589768e+05 
1.58377219149087e-01 1.00879789210487e+05 
1.58597515425388e-01 1.00893134990162e+05 
1.58817824154110e-01 1.00906029765507e+05 
1.59038157024037e-01 1.00918019273509e+05 
1.59258519976766e-01 1.00929021710844e+05 
1.59478904698740e-01 1.00939051918858e+05 
1.59699310594099e-01 1.00948708497309e+05 
1.59919735168742e-01 1.00957223479279e+05 
1.60140166941807e-01 1.00964886333734e+05 
1.60360614479817e-01 1.00971298369346e+05 
1.60581078999763e-01 1.00976353745748e+05 
1.60801550988722e-01 1.00980092844122e+05 
1.61022025807595e-01 1.00983073970686e+05 
1.61242501517395e-01 1.00984547476680e+05 
1.61462966448516e-01 1.00984780309732e+05 
1.61683425743526e-01 1.00983311377319e+05 
1.61903884131080e-01 1.00979934234328e+05 
1.62124335544157e-01 1.00974637540982e+05 
1.62344776347882e-01 1.00967959066492e+05 
1.62565203865791e-01 1.00959126332838e+05 
1.62785609559847e-01 1.00948323205370e+05 
1.63006000408790e-01 1.00935015521750e+05 
1.63226383481208e-01 1.00919414572277e+05 
1.63446754865648e-01 1.00901212756556e+05 
1.63667114454162e-01 1.00880729501348e+05 
1.63887457952219e-01 1.00859950524275e+05 
1.64107780518861e-01 1.00834901627979e+05 
1.64328089640510e-01 1.00805630414263e+05 
1.64548396727409e-01 1.00773176477295e+05 
1.64768701633908e-01 1.00738346921064e+05 
1.64989005479962e-01 1.00700500753682e+05 
1.65209306265688e-01 1.00660153510516e+05 
1.65429599991618e-01 1.00620238599022e+05 
1.65649896500991e-01 1.00580345693647e+05 
1.65870207689827e-01 1.00540080533947e+05 
1.66090531071015e-01 1.00499337028029e+05 
1.66310869123487e-01 1.00458739860429e+05 
1.66531219899303e-01 1.00417276143995e+05 
1.66751577402631e-01 1.00375010283242e+05 
1.66971953070231e-01 1.00331228192199e+05 
1.67192354009887e-01 1.00285908044623e+05 
1.67412774135445e-01 1.00239862999366e+05 
1.67633214740728e-01 1.00193818327435e+05 
1.67853673180466e-01 1.00147017786234e+05 
1.68074140691104e-01 1.00099985731075e+05 
1.68294628045543e-01 1.00052396059322e+05 
1.68515138469319e-01 1.00004601363515e+05 
1.68735663110817e-01 9.99568582622298e+04 
1.68956202753512e-01 9.99098462841955e+04 
1.69176752349079e-01 9.98627814995562e+04 
1.69397301753028e-01 9.98161721027712e+04 
1.69617859514738e-01 9.97694734495570e+04 
1.69838427421712e-01 9.97232030143942e+04 
1.70058996642829e-01 9.96783376681182e+04 
1.70279567930676e-01 9.96353166201163e+04 
1.70500134429326e-01 9.95932544449994e+04 
1.70720686543231e-01 9.95525180788778e+04 
1.70941232457819e-01 9.95125580683359e+04 
1.71161775144491e-01 9.94735563986027e+04 
1.71382307660182e-01 9.94358442779351e+04 
1.71602831663285e-01 9.94002715308484e+04 
1.71823340628393e-01 9.93661403336960e+04 
1.72043826931008e-01 9.93342143092109e+04 
1.72264298235274e-01 9.93041302467380e+04 
1.72484760641813e-01 9.92762814766689e+04 
1.72705209932561e-01 9.92509449071821e+04 
1.72925647817228e-01 9.92283466110162e+04 
1.73146070261075e-01 9.92066868638795e+04 
1.73366470843807e-01 9.91880727998423e+04 
1.73586858483468e-01 9.91721834864469e+04 
1.73807241253758e-01 9.91587320244926e+04 
1.74027616983729e-01 9.91473242412497e+04 
1.74247987925493e-01 9.91396527780386e+04 
1.74468352437511e-01 9.91327380138248e+04 
1.74688704391345e-01 9.91262179950764e+04 
1.74909054754767e-01 9.91202429157978e+04 
1.75129412251166e-01 9.91151452741269e+04 
1.75349773220045e-01 9.91108237246177e+04 
1.75570141618540e-01 9.91079328840732e+04 
1.75790516565065e-01 9.91059730014960e+04 
1.76010891726138e-01 9.91052333630881e+04 
1.76231279965299e-01 9.91054414874024e+04 
1.76451686777212e-01 9.91068567942693e+04 
1.76672106121129e-01 9.91100727686510e+04 
1.76892541583017e-01 9.91158091059833e+04 
1.77112991396544e-01 9.91233078718257e+04 
1.77333446957925e-01 9.91334633819962e+04 
1.77553920860764e-01 9.91451820094087e+04 
1.77774414965668e-01 9.91587033280641e+04 
1.77994920429848e-01 9.91741094293634e+04 
1.78215440507265e-01 9.91916935953478e+04 
1.78435971800063e-01 9.92107972970416e+04 
1.78656504583151e-01 9.92318488495617e+04 
1.78877050473140e-01 9.92539181181598e+04 
1.79097602054793e-01 9.92775591648129e+04 
1.79318153390876e-01 9.93024138533726e+04 
1.79538703076321e-01 9.93292203077944e+04 
1.79759254786997e-01 9.93569373523375e+04 
1.79979800406008e-01 9.93858772325800e+04 
1.80200346459097e-01 9.94160197647179e+04 
1.80420895264575e-01 9.94474894674543e+04 
1.80641441394346e-01 9.94802643179131e+04 
1.80861981596783e-01 9.95150195041462e+04 
1.81082509572662e-01 9.95508336706370e+04 
1.81303017637639e-01 9.95880341531593e+04 
1.81523514995765e-01 9.96262716145868e+04 
1.81744005042311e-01 9.96658583399368e+04 
1.81964482841163e-01 9.97067052635452e+04 
1.82184951048935e-01 9.97492883546338e+04 
1.82405405599895e-01 9.97927566571067e+04 
1.82625841766132e-01 9.98372908584762e+04 
1.82846269644443e-01 9.98824798616223e+04 
1.83066696353570e-01 9.99286047752969e+04 
1.83287119832934e-01 9.99754971482187e+04 
1.83507543964302e-01 1.00023580261274e+05 
1.83727965830105e-01 1.00071976681755e+05 
1.83948381229579e-01 1.00120802422025e+05 
1.84168802824277e-01 1.00169685673247e+05 
1.84389238151311e-01 1.00218964240293e+05 
1.84609682760027e-01 1.00268443045370e+05 
1.84830141548733e-01 1.00318532870629e+05 
1.85050611069184e-01 1.00368444501951e+05 
1.85271085505654e-01 1.00418227659923e+05 
1.85491577746363e-01 1.00467572844884e+05 
1.85712091852516e-01 1.00516758258356e+05 
1.85932620441273e-01 1.00565494261629e+05 
1.86153167134070e-01 1.00614116481811e+05 
1.86373720109640e-01 1.00661992908472e+05 
1.86594271507165e-01 1.00708992365633e+05 
1.86814829514862e-01 1.00755050326196e+05 
1.87035396449919e-01 1.00800070756035e+05 
1.87255968882021e-01 1.00843904386746e+05 
1.87476544586595e-01 1.00886646037286e+05 
1.87697127103741e-01 1.00927578839714e+05 
1.87917708542920e-01 1.00966893682239e+05 
1.88138295260172e-01 1.01004331363612e+05 
1.88358889403386e-01 1.01040169068496e+05 
1.88579487829794e-01 1.01073602039188e+05 
1.88800089703585e-01 1.01106707729786e+05 
1.89020696064595e-01 1.01136364532842e+05 
1.89241299875492e-01 1.01161437918828e+05 
1.89461905576009e-01 1.01182725566521e+05 
1.89682516438113e-01 1.01201933646511e+05 
1.89903130829186e-01 1.01218284764928e+05 
1.90123747194404e-01 1.01232181617345e+05 
1.90344356442192e-01 1.01244257049772e+05 
1.90564947619889e-01 1.01253422048666e+05 
1.90785529486478e-01 1.01260245356148e+05 
1.91006105380691e-01 1.01265728779218e+05 
1.91226670851541e-01 1.01269238305597e+05 
1.91447229441708e-01 1.01271641517051e+05 
1.91667775759195e-01 1.01272868451436e+05 
1.91888304437211e-01 1.01270698161480e+05 
1.92108825250448e-01 1.01267909987686e+05 
1.92329344429278e-01 1.01265064913534e+05 
1.92549858774577e-01 1.01261038165968e+05 
1.92770372964398e-01 1.01255509133886e+05 
1.92990882291263e-01 1.01249439379723e+05 
1.93211382127025e-01 1.01242339324635e+05 
1.93431884293706e-01 1.01234816160815e+05 
1.93652395310534e-01 1.01227275942551e+05 
1.93872910264569e-01 1.01219001621256e+05 
1.94093434975007e-01 1.01209298936006e+05 
1.94313964995823e-01 1.01198333398805e+05 
1.94534494172466e-01 1.01186000386068e+05 
1.94755034842127e-01 1.01172753470226e+05 
1.94975590720384e-01 1.01158795282162e+05 
1.95196152788979e-01 1.01144282180121e+05 
1.95416711508416e-01 1.01129193224646e+05 
1.95637269552799e-01 1.01114005960240e+05 
1.95857817515718e-01 1.01098264160988e+05 
1.96078363600146e-01 1.01082444410669e+05 
1.96298909457761e-01 1.01066913309307e+05 
1.96519448584892e-01 1.01051718226856e+05 
1.96739982378377e-01 1.01036937280850e+05 
1.96960513339637e-01 1.01022788825348e+05 
1.97181031693189e-01 1.01008964869275e+05 
1.97401544964174e-01 1.00995634129743e+05 
1.97622055113741e-01 1.00983476931032e+05 
1.97842557738103e-01 1.00971897654527e+05 
1.98063053837137e-01 1.00960995500582e+05 
1.98283544327150e-01 1.00950443889591e+05 
1.98504020693253e-01 1.00939768095699e+05 
1.98724487729872e-01 1.00928997817974e+05 
1.98944948821630e-01 1.00918828726523e+05 
1.99165402102204e-01 1.00908550855358e+05 
1.99385847242330e-01 1.00898376318530e+05 
1.99606283645439e-01 1.00887974045072e+05 
1.99826702812630e-01 1.00876894481457e+05 
2.00047103267222e-01 1.00865141402231e+05 
2.00267487044117e-01 1.00853350185293e+05 
