# Liste des scalaires : TEMPS pmat 
0.00000000000000e+00 1.00000000000000e+05 
7.22956891292051e-05 1.00000000000000e+05 
1.51820947171331e-04 1.00000000000000e+05 
2.39298731017669e-04 1.00000000000000e+05 
3.35524293248641e-04 1.00000000000000e+05 
4.41372411702710e-04 1.00000000000000e+05 
5.57805342002186e-04 1.00000000000000e+05 
6.85881565331610e-04 1.00000000000000e+05 
8.23722915892800e-04 1.00000000000000e+05 
9.68571737264999e-04 1.00000000000000e+05 
1.11889042793087e-03 1.00000000000000e+05 
1.27448153052998e-03 1.00000000000000e+05 
1.43865683511759e-03 1.00000000000000e+05 
1.61559083671718e-03 1.00000000000000e+05 
1.80149963876136e-03 1.00000000000000e+05 
1.99908904260313e-03 1.00000000000000e+05 
2.21110768252464e-03 1.00000000000000e+05 
2.43565135087048e-03 1.00000000000000e+05 
2.67374110499498e-03 1.00000000000000e+05 
2.92552049163788e-03 1.00000000000000e+05 
3.18918939736738e-03 1.00000000000000e+05 
3.46991477000503e-03 1.00000000000000e+05 
3.76375571821299e-03 1.00000000000000e+05 
4.07518013870072e-03 1.00000000000000e+05 
4.40036923524608e-03 1.00000000000000e+05 
4.71156893245618e-03 1.00000000000000e+05 
5.01812409090217e-03 1.00000000000000e+05 
5.33100230865862e-03 1.00000000000000e+05 
5.65986561816807e-03 1.00000000000000e+05 
5.99326787386525e-03 1.00000000000000e+05 
6.31813611351896e-03 1.00000000000000e+05 
6.64196874036033e-03 1.00000000000000e+05 
6.97147587889536e-03 1.00000000000000e+05 
7.30400053352549e-03 1.00000000000000e+05 
7.64626952675654e-03 1.00000000000000e+05 
8.00427773878057e-03 1.00000000000000e+05 
8.37991850142004e-03 1.00000000000000e+05 
8.76710424753961e-03 1.00000000000000e+05 
9.15280432241193e-03 1.00000000000000e+05 
9.53973591224313e-03 1.00000000000000e+05 
9.93160034352493e-03 1.00000000000000e+05 
1.03205641214048e-02 1.00000000000000e+05 
1.07088308838287e-02 1.00000000000000e+05 
1.10959363750510e-02 1.00000000000000e+05 
1.14850315535334e-02 1.00000000000000e+05 
1.18760581795917e-02 1.00000000000000e+05 
1.22646048272255e-02 1.00000000000000e+05 
1.26498569005873e-02 1.00000000000000e+05 
1.30337590552862e-02 1.00000000000000e+05 
1.34135247681318e-02 1.00000000000000e+05 
1.37907763601829e-02 1.00000000000000e+05 
1.41667898679559e-02 1.00000000000000e+05 
1.45406274271602e-02 1.00000000000000e+05 
1.49129647739218e-02 1.00000000000000e+05 
1.52856824207573e-02 1.00000000000000e+05 
1.56566238493441e-02 1.00000000000000e+05 
1.60285920277047e-02 1.00000000000000e+05 
1.64016420478528e-02 1.00000000000000e+05 
1.67733370156932e-02 1.00000000000000e+05 
1.71444444821696e-02 1.00000000000000e+05 
1.75181123352073e-02 1.00000000000000e+05 
1.78931928642682e-02 1.00000000000000e+05 
1.82718159402975e-02 1.00000000000000e+05 
1.86544742127128e-02 1.00000000000000e+05 
1.90389086329985e-02 1.00000000000000e+05 
1.94235849569571e-02 1.00000000000000e+05 
1.98111289199489e-02 1.00000000000000e+05 
2.01994125078571e-02 1.00000000000000e+05 
2.05911050570446e-02 1.00000000000000e+05 
2.09861161358589e-02 1.00000000000000e+05 
2.13815799969206e-02 1.00000000000000e+05 
2.17771180709235e-02 1.00000000000000e+05 
2.21754641545878e-02 1.00000000000000e+05 
2.25748949654480e-02 1.00000000000000e+05 
2.29739832997133e-02 1.00000000000000e+05 
2.33731104836524e-02 1.00000000000000e+05 
2.37729878112081e-02 1.00000000000000e+05 
2.41746312886244e-02 1.00000000000000e+05 
2.45781269794487e-02 1.00000000000000e+05 
2.49846550696052e-02 1.00000000000000e+05 
2.53906473325770e-02 1.00000000000000e+05 
2.57965892227496e-02 1.00000000000000e+05 
2.62014768181417e-02 1.00000000000000e+05 
2.66054082400679e-02 1.00000000000000e+05 
2.70091716042947e-02 1.00000000000000e+05 
2.74124577140897e-02 1.00000000000000e+05 
2.78141860591633e-02 1.00000000000000e+05 
2.82137908108807e-02 1.00000000000000e+05 
2.86120140213132e-02 1.00000000000000e+05 
2.90090604365457e-02 1.00000000000000e+05 
2.94053377528343e-02 1.00000000000000e+05 
2.98010913071473e-02 1.00000000000000e+05 
3.01974697203335e-02 1.00000000000000e+05 
3.05934281866865e-02 1.00000000000000e+05 
3.09894001354201e-02 1.00000000000000e+05 
3.13855958137266e-02 1.00000000000000e+05 
3.17820613300327e-02 1.00000000000000e+05 
3.21795119956239e-02 1.00000000000000e+05 
3.25778064490616e-02 1.00000000000000e+05 
3.29749147079204e-02 1.00000000000000e+05 
3.33712780877764e-02 1.00000000000000e+05 
3.37670000563392e-02 1.00000000000000e+05 
3.41616847531873e-02 1.00000000000000e+05 
3.45560273217485e-02 1.00000000000000e+05 
3.49503365417520e-02 1.00000000000000e+05 
3.53437689992306e-02 1.00000000000000e+05 
3.57373185239354e-02 1.00000000000000e+05 
3.61313311480497e-02 1.00000000000000e+05 
3.65250291661783e-02 1.00000000000000e+05 
3.69186845618900e-02 1.00000000000000e+05 
3.73128370408852e-02 1.00000000000000e+05 
3.77072328139695e-02 1.00000000000000e+05 
3.81024941945880e-02 1.00000000000000e+05 
3.84979021615846e-02 1.00000000000000e+05 
3.88924324624731e-02 1.00000000000000e+05 
3.92872617442081e-02 1.00000000000000e+05 
3.96811518942953e-02 1.00000000000000e+05 
4.00742676386819e-02 1.00000000000000e+05 
4.04674613508283e-02 1.00000000000000e+05 
4.08607634655115e-02 1.00000000000000e+05 
4.12540238233451e-02 1.00000000000000e+05 
4.16481176265371e-02 1.00000000000000e+05 
4.20420650244051e-02 1.00000000000000e+05 
4.24357870787459e-02 1.00000000000000e+05 
4.28300286804343e-02 1.00000000000000e+05 
4.32250774825277e-02 1.00000000000000e+05 
4.36205537854951e-02 1.00000000000000e+05 
4.40171577338795e-02 1.00000000000000e+05 
4.44137741485005e-02 1.00000000000000e+05 
4.48106229016466e-02 1.00000000000000e+05 
4.52083081610657e-02 1.00000000000000e+05 
4.56067295800394e-02 1.00000000000000e+05 
4.60052940865541e-02 1.00000000000000e+05 
4.64048907695675e-02 1.00000000000000e+05 
4.68044566552038e-02 1.00000000000000e+05 
4.72041741043426e-02 1.00000000000000e+05 
4.76044237674639e-02 1.00000000000000e+05 
4.80051951538008e-02 1.00000000000000e+05 
4.84058567857934e-02 1.00000000000000e+05 
4.88071828239910e-02 1.00000000000000e+05 
4.92080890187871e-02 1.00000000000000e+05 
4.96088099379356e-02 1.00000000000000e+05 
5.00096531175565e-02 1.00000000000000e+05 
5.04107283032095e-02 1.00000000000000e+05 
5.08113976045440e-02 1.00000000000000e+05 
5.12126236807872e-02 1.00000000000000e+05 
5.16132349543843e-02 1.00000000000000e+05 
5.20135131836149e-02 1.00000000000000e+05 
5.24138681796763e-02 1.00000000000000e+05 
5.28143890647255e-02 1.00000000000000e+05 
5.32144196137773e-02 1.00000000000000e+05 
5.36145031791313e-02 1.00000000000000e+05 
5.40141788593684e-02 1.00000000000000e+05 
5.44135550927368e-02 1.00000000000000e+05 
5.48131536547391e-02 1.00000000000000e+05 
5.52129540464748e-02 1.00000000000000e+05 
5.56124230611464e-02 1.00000000000000e+05 
5.60122543470455e-02 1.00000000000000e+05 
5.64118754956873e-02 1.00000000000000e+05 
5.68114510963253e-02 1.00000000000000e+05 
5.72114777010589e-02 1.00000000000000e+05 
5.76119341208783e-02 1.00000000000000e+05 
5.80122186647585e-02 1.00000000000000e+05 
5.84129949336491e-02 1.00000000000000e+05 
5.88137110002320e-02 1.00000000000000e+05 
5.92145737170832e-02 1.00000000000000e+05 
5.96159712971378e-02 1.00000000000000e+05 
6.00179471238123e-02 1.00000000000000e+05 
6.04198249181571e-02 1.00000000000000e+05 
6.08222488709846e-02 1.00000000000000e+05 
6.12246535668335e-02 1.00000000000000e+05 
6.16272848050739e-02 1.00000000000000e+05 
6.20305191806695e-02 1.00000000000000e+05 
6.24344264876179e-02 1.00000000000000e+05 
6.28382766546973e-02 1.00000000000000e+05 
6.32425118297615e-02 1.00000000000000e+05 
6.36468792431139e-02 1.00000000000000e+05 
6.40512730986965e-02 1.00000000000000e+05 
6.44561095635728e-02 1.00000000000000e+05 
6.48612692728721e-02 1.00000000000000e+05 
6.52664289718308e-02 1.00000000000000e+05 
6.56717566390000e-02 1.00000000000000e+05 
6.60772165880925e-02 1.00000000000000e+05 
6.64827131413032e-02 1.00000000000000e+05 
6.68886733136808e-02 1.00000000000000e+05 
6.72949697487605e-02 1.00000000000001e+05 
6.77012580624705e-02 1.00000000000002e+05 
6.81077519174906e-02 1.00000000000006e+05 
6.85143741708490e-02 1.00000000000009e+05 
6.89210183764936e-02 1.00000000000021e+05 
6.93281655595304e-02 1.00000000000027e+05 
6.97356937537494e-02 1.00000000000036e+05 
7.01432297196105e-02 1.00000000000134e+05 
7.05509690943600e-02 1.00000000000202e+05 
7.09589340177891e-02 1.00000000000256e+05 
7.13669515206481e-02 1.00000000001228e+05 
7.17755168073168e-02 1.00000000008960e+05 
7.21845373607346e-02 1.00000000052082e+05 
7.25936139392088e-02 1.00000000328486e+05 
7.30029300455783e-02 1.00000000712402e+05 
7.34125559096344e-02 1.00000001193888e+05 
7.38222885251965e-02 1.00000001749425e+05 
7.42326586522163e-02 1.00000002167736e+05 
7.46435972264810e-02 1.00000002636283e+05 
7.50546255620764e-02 1.00000003206899e+05 
7.54659553816007e-02 1.00000003823863e+05 
7.58775626426138e-02 1.00000004323303e+05 
7.62892982514206e-02 1.00000005480231e+05 
7.67017118438228e-02 1.00000007115089e+05 
7.71144777163326e-02 1.00000009137620e+05 
7.75273068002462e-02 1.00000014393772e+05 
7.79400894069144e-02 1.00000026136691e+05 
7.83528381549546e-02 1.00000048000324e+05 
7.87654790383469e-02 1.00000087188649e+05 
7.91782027183716e-02 1.00000147858791e+05 
7.95911028698355e-02 1.00000240575541e+05 
8.00039416730336e-02 1.00000377071558e+05 
8.04166915699272e-02 1.00000561115684e+05 
8.08293219690556e-02 1.00000791042371e+05 
8.12417701716480e-02 1.00001086210743e+05 
8.16543397832552e-02 1.00001431114062e+05 
8.20670591416237e-02 1.00001835228691e+05 
8.24796333272115e-02 1.00002323774862e+05 
8.28920893746112e-02 1.00002887902122e+05 
8.33044073346266e-02 1.00003448970686e+05 
8.37165134083339e-02 1.00004157094272e+05 
8.41288161654806e-02 1.00004952160172e+05 
8.45413128535737e-02 1.00005947314556e+05 
8.49536388117121e-02 1.00007565361933e+05 
8.53659193114469e-02 1.00010224636168e+05 
8.57781003595027e-02 1.00014116953673e+05 
8.61901261717070e-02 1.00020729436398e+05 
8.66024362838911e-02 1.00031595149448e+05 
8.70150223962701e-02 1.00049158721438e+05 
8.74274708172194e-02 1.00076914033077e+05 
8.78399002759628e-02 1.00118336546429e+05 
8.82522768030841e-02 1.00176557954916e+05 
8.86645394149755e-02 1.00258966413019e+05 
8.90771409631887e-02 1.00370446335948e+05 
8.94900777310838e-02 1.00517926621959e+05 
8.99029037842410e-02 1.00707705872646e+05 
9.03157545073618e-02 1.00941842674496e+05 
9.07286064026438e-02 1.01222219118421e+05 
9.11413844305582e-02 1.01549115980403e+05 
9.15545530939862e-02 1.01918400264841e+05 
9.19681240946789e-02 1.02325644025720e+05 
9.23816358169013e-02 1.02757183284032e+05 
9.27952418256993e-02 1.03197813147972e+05 
9.32089143274899e-02 1.03633344429107e+05 
9.36225625015162e-02 1.04041005274842e+05 
9.40366608534122e-02 1.04408885303138e+05 
9.44511065543658e-02 1.04712996735262e+05 
9.48652542456358e-02 1.04952885829274e+05 
9.52796004438277e-02 1.05086648097536e+05 
9.56936417784753e-02 1.05141341741839e+05 
9.61074702866778e-02 1.05123706452401e+05 
9.65216999700748e-02 1.05099073024805e+05 
9.69362345736223e-02 1.05037868693263e+05 
9.73504537625919e-02 1.04922373601607e+05 
9.77648833231522e-02 1.04755277974232e+05 
9.81790048575609e-02 1.04542161098842e+05 
9.85929393046775e-02 1.04286705674401e+05 
9.90073284766773e-02 1.03998882756742e+05 
9.94220098441700e-02 1.03677299874573e+05 
9.98363726938973e-02 1.03330264814649e+05 
1.00250911077167e-01 1.02968162865995e+05 
1.00665132082915e-01 1.02598005563418e+05 
1.01079170322516e-01 1.02223862695266e+05 
1.01493652898603e-01 1.01850968675970e+05 
1.01908404506249e-01 1.01480124931219e+05 
1.02322782708317e-01 1.01115290373723e+05 
1.02737295402856e-01 1.00759845619865e+05 
1.03151505497193e-01 1.00414934846484e+05 
1.03565547985593e-01 1.00083722975516e+05 
1.03980071454432e-01 9.97671756949412e+04 
1.04394845532704e-01 9.94656916418677e+04 
1.04809273174574e-01 9.91813692605800e+04 
1.05223844666939e-01 9.89138213188988e+04 
1.05638166511611e-01 9.86618806250995e+04 
1.06052381791818e-01 9.84294150974323e+04 
1.06467131289840e-01 9.82144173268771e+04 
1.06882211169282e-01 9.80175530819286e+04 
1.07297030979821e-01 9.78402861913463e+04 
1.07712089311377e-01 9.76821248045083e+04 
1.08126994974812e-01 9.75371100851436e+04 
1.08541810778414e-01 9.74105766842788e+04 
1.08956955612108e-01 9.72990359430299e+04 
1.09372556268012e-01 9.72016435456790e+04 
1.09788000232423e-01 9.71201696819245e+04 
1.10203620181315e-01 9.70554530434799e+04 
1.10619274152744e-01 9.70018769813649e+04 
1.11034804370656e-01 9.69581941735058e+04 
1.11450695391180e-01 9.69224161670889e+04 
1.11867078822487e-01 9.68944089769648e+04 
1.12283406678973e-01 9.68764880768309e+04 
1.12699934992632e-01 9.68675736810618e+04 
1.13116558315724e-01 9.68650678354850e+04 
1.13533106801449e-01 9.68714303713104e+04 
1.13950045534656e-01 9.68834841675340e+04 
1.14367489380511e-01 9.69002324176030e+04 
1.14784887872016e-01 9.69222836592200e+04 
1.15202412304772e-01 9.69498587495442e+04 
1.15619945764212e-01 9.69810279134033e+04 
1.16037521854503e-01 9.70163672625790e+04 
1.16455374081814e-01 9.70538540975117e+04 
1.16873487051859e-01 9.70930836900123e+04 
1.17291478359593e-01 9.71353088005064e+04 
1.17709587425935e-01 9.71801462110088e+04 
1.18127727660621e-01 9.72253486004467e+04 
1.18545931810295e-01 9.72714397610879e+04 
1.18964421816669e-01 9.73164324733703e+04 
1.19383183819689e-01 9.73608535896330e+04 
1.19801847654363e-01 9.74058881760875e+04 
1.20220634767817e-01 9.74512933719791e+04 
1.20639486476749e-01 9.74963085705850e+04 
1.21058413724218e-01 9.75418291308690e+04 
1.21477629345999e-01 9.75851256312478e+04 
1.21897135897955e-01 9.76287190780645e+04 
1.22316558933996e-01 9.76752914231597e+04 
1.22736102648040e-01 9.77253172330735e+04 
1.23155720185788e-01 9.77795745448240e+04 
1.23575402530508e-01 9.78412501934950e+04 
1.23995359733800e-01 9.79083930621553e+04 
1.24415611877855e-01 9.79854605752316e+04 
1.24835776948857e-01 9.80764406740642e+04 
1.25256037279985e-01 9.81817715800972e+04 
1.25676379144511e-01 9.83015549531223e+04 
1.26096756241717e-01 9.84375184756389e+04 
1.26517384999063e-01 9.85904717225044e+04 
1.26938283981489e-01 9.87598796086469e+04 
1.27359063584215e-01 9.89453742961378e+04 
1.27779890510476e-01 9.91426338625101e+04 
1.28200765229808e-01 9.93493202051387e+04 
1.28621614012855e-01 9.95609446106395e+04 
1.29042684504161e-01 9.97737537149187e+04 
1.29463994136946e-01 9.99850822839353e+04 
1.29885139221561e-01 1.00189950366232e+05 
1.30306311713429e-01 1.00383745468797e+05 
1.30727503139300e-01 1.00564666370636e+05 
1.31148595977567e-01 1.00728286965088e+05 
1.31569902245651e-01 1.00874523467883e+05 
1.31991405503325e-01 1.01002745496901e+05 
1.32412666177799e-01 1.01110563543813e+05 
1.32833576335803e-01 1.01199042460646e+05 
1.33254810845988e-01 1.01269949232513e+05 
1.33675820337590e-01 1.01321372434420e+05 
1.34097119714053e-01 1.01354385390414e+05 
1.34518280371359e-01 1.01372102736013e+05 
1.34939193951199e-01 1.01378113562146e+05 
1.35359754984224e-01 1.01379312258543e+05 
1.35780862455051e-01 1.01383252890920e+05 
1.36201540553797e-01 1.01390831144090e+05 
1.36622670710015e-01 1.01407056695131e+05 
1.37043538393205e-01 1.01432866876986e+05 
1.37464154269874e-01 1.01470097266808e+05 
1.37884416087324e-01 1.01518050430724e+05 
1.38305399583795e-01 1.01582535123176e+05 
1.38725809251860e-01 1.01661082171007e+05 
1.39146702951876e-01 1.01757105207392e+05 
1.39567364876468e-01 1.01867902676322e+05 
1.39987786893039e-01 1.01988835544120e+05 
1.40407872265120e-01 1.02114928996817e+05 
1.40828876083592e-01 1.02250180809726e+05 
1.41249178449225e-01 1.02388300476766e+05 
1.41670013114196e-01 1.02523707799681e+05 
1.42090663493008e-01 1.02645722656690e+05 
1.42511112587789e-01 1.02745009881599e+05 
1.42931267036949e-01 1.02815238284684e+05 
1.43352405195867e-01 1.02861598686223e+05 
1.43772875641622e-01 1.02854869177405e+05 
1.44193928951404e-01 1.02810811801336e+05 
1.44614841902300e-01 1.02728162998341e+05 
1.45035595998203e-01 1.02638371627037e+05 
1.45456088694146e-01 1.02531183523628e+05 
1.45877597816664e-01 1.02395177088121e+05 
1.46298467238032e-01 1.02226195919332e+05 
1.46719940686457e-01 1.02030864213071e+05 
1.47141297636070e-01 1.01808426344457e+05 
1.47562519802111e-01 1.01564893265721e+05 
1.47983495506143e-01 1.01304933323633e+05 
1.48405507327119e-01 1.01032033769602e+05 
1.48826902425185e-01 1.00753063654739e+05 
1.49248912665569e-01 1.00469287845466e+05 
1.49670822224858e-01 1.00185842265514e+05 
1.50092622157716e-01 9.99071216724438e+04 
1.50514197126827e-01 9.96346103018763e+04 
1.50936797726128e-01 9.93661151052485e+04 
1.51358828308454e-01 9.91090406520273e+04 
1.51781483457025e-01 9.88616561095916e+04 
1.52204049756461e-01 9.86298347699593e+04 
1.52626526473567e-01 9.84156793382343e+04 
1.53048792595670e-01 9.82178967156146e+04 
1.53472049099551e-01 9.80318847822347e+04 
1.53894790161011e-01 9.78637203736653e+04 
1.54318159977981e-01 9.77116336992193e+04 
1.54741445432743e-01 9.75781449886890e+04 
1.55164656936978e-01 9.74642504477255e+04 
1.55587665305422e-01 9.73713888357026e+04 
1.56011606335501e-01 9.72958695343120e+04 
1.56435089435783e-01 9.72458546917924e+04 
1.56859198645827e-01 9.72156327642477e+04 
1.57283224934748e-01 9.72129908751183e+04 
1.57707191658193e-01 9.72331282277959e+04 
1.58130969487625e-01 9.72703526360197e+04 
1.58555481873907e-01 9.73127211302371e+04 
1.58979762832442e-01 9.73608155670916e+04 
1.59404483073757e-01 9.74206140592302e+04 
1.59829314475999e-01 9.74978818458123e+04 
1.60254079803084e-01 9.75887390784668e+04 
1.60678742967752e-01 9.76918240915464e+04 
1.61103391972864e-01 9.78032725106553e+04 
1.61528023257824e-01 9.79218814292197e+04 
1.61952758307736e-01 9.80436996604789e+04 
1.62377574462985e-01 9.81661898042723e+04 
1.62802273867836e-01 9.82876888443425e+04 
1.63226984372062e-01 9.84073681410984e+04 
1.63651516525692e-01 9.85231697779198e+04 
1.64076019935602e-01 9.86331538124904e+04 
1.64500623439722e-01 9.87340832122857e+04 
1.64925291192994e-01 9.88274970573491e+04 
1.65349820664187e-01 9.89136232555068e+04 
1.65774356758987e-01 9.89942973286173e+04 
1.66198718653739e-01 9.90653214809865e+04 
1.66623051661030e-01 9.91268436679673e+04 
1.67047506883026e-01 9.91829865031831e+04 
1.67472042721935e-01 9.92314997536685e+04 
1.67896451117839e-01 9.92721618812411e+04 
1.68320899364028e-01 9.93072956457612e+04 
1.68745208606670e-01 9.93389078173239e+04 
1.69169534067281e-01 9.93663119634904e+04 
1.69594005860173e-01 9.93910278166563e+04 
1.70018608008868e-01 9.94135319169012e+04 
1.70443137957812e-01 9.94337937163293e+04 
1.70867744110549e-01 9.94542499573248e+04 
1.71292257952233e-01 9.94766030162997e+04 
1.71716844599581e-01 9.94962178664428e+04 
1.72141612660645e-01 9.95164758558122e+04 
1.72566573376247e-01 9.95408814231043e+04 
1.72991523793814e-01 9.95724939922915e+04 
1.73416597416791e-01 9.96108227370811e+04 
1.73841625183286e-01 9.96574253172134e+04 
1.74266775304581e-01 9.97120117441757e+04 
1.74692138520214e-01 9.97756828122730e+04 
1.75117741983424e-01 9.98480078440852e+04 
1.75543382159137e-01 9.99288264627988e+04 
1.75969177797273e-01 1.00016202928142e+05 
1.76394947142184e-01 1.00112121149076e+05 
1.76820839862292e-01 1.00213647409932e+05 
1.77246944550014e-01 1.00321114054669e+05 
1.77673297438978e-01 1.00432179499116e+05 
1.78099687746064e-01 1.00544191624574e+05 
1.78526225754578e-01 1.00654220054782e+05 
1.78952724951994e-01 1.00763449849646e+05 
1.79379312811419e-01 1.00866990505116e+05 
1.79806091069122e-01 1.00963715826856e+05 
1.80233069377010e-01 1.01051858520188e+05 
1.80660009431634e-01 1.01129245797255e+05 
1.81086994923347e-01 1.01190761113411e+05 
1.81514030177081e-01 1.01242117350554e+05 
1.81941115511487e-01 1.01271607344786e+05 
1.82368344631470e-01 1.01289555613404e+05 
1.82795724942458e-01 1.01295436232211e+05 
1.83223091922097e-01 1.01297569414172e+05 
1.83650514466725e-01 1.01293675556858e+05 
1.84077855364027e-01 1.01284203642334e+05 
1.84505198383416e-01 1.01268570132434e+05 
1.84932631627011e-01 1.01247074962060e+05 
1.85360172434644e-01 1.01221484509927e+05 
1.85787653358621e-01 1.01194203297992e+05 
1.86215141809043e-01 1.01166715554922e+05 
1.86642530491584e-01 1.01139698976386e+05 
1.87069875527330e-01 1.01115227926756e+05 
1.87497289137178e-01 1.01092917244342e+05 
1.87924773105234e-01 1.01073845142282e+05 
1.88352173182012e-01 1.01058533445134e+05 
1.88779551299186e-01 1.01044490953731e+05 
1.89206821302421e-01 1.01031068661349e+05 
1.89634035082126e-01 1.01022210178433e+05 
1.90061312535774e-01 1.01015202395430e+05 
1.90488635913523e-01 1.01010702827016e+05 
1.90915864373587e-01 1.01007500960137e+05 
1.91343061826649e-01 1.01004674095378e+05 
1.91770159680902e-01 1.01001051310784e+05 
1.92197203178009e-01 1.00995483751135e+05 
1.92624316209349e-01 1.00987165961704e+05 
1.93051480999681e-01 1.00975800730499e+05 
1.93478548459637e-01 1.00959365589773e+05 
1.93905605121089e-01 1.00936514095714e+05 
1.94332589620308e-01 1.00907046507986e+05 
1.94759556119028e-01 1.00869818605598e+05 
1.95186622508777e-01 1.00830441824602e+05 
1.95613769835019e-01 1.00786433556270e+05 
1.96040844402020e-01 1.00735469529784e+05 
1.96467949342969e-01 1.00679621801546e+05 
1.96895024464151e-01 1.00619809697640e+05 
1.97322134021148e-01 1.00557010735831e+05 
1.97749394489496e-01 1.00491405833779e+05 
1.98176786518185e-01 1.00421996554603e+05 
1.98604149167891e-01 1.00349245589372e+05 
1.99031584461607e-01 1.00274768941177e+05 
1.99459042942172e-01 1.00200212504129e+05 
1.99886597138479e-01 1.00125922106216e+05 
2.00314204329690e-01 1.00052818560549e+05 
