# Liste des scalaires : TEMPS pmat 
0.00000000000000e+00 1.00000000000000e+05 
7.22956891292051e-05 1.00000000000000e+05 
1.36703112287877e-04 1.00000000000000e+05 
2.02778455743925e-04 1.00000000000000e+05 
2.64533362258767e-04 1.00000000000000e+05 
3.25632615451504e-04 1.00000000000000e+05 
3.87067111516690e-04 1.00000000000000e+05 
4.49016781274917e-04 1.00000000000000e+05 
5.10740444936693e-04 1.00000000000000e+05 
5.73949353490766e-04 1.00000000000000e+05 
6.39863060700374e-04 1.00000000000000e+05 
7.06215410088190e-04 1.00000000000000e+05 
7.74280337735776e-04 1.00000000000000e+05 
8.43751746065519e-04 1.00000000000000e+05 
9.15294328663813e-04 1.00000000000000e+05 
9.87685928199081e-04 1.00000000000000e+05 
1.06209742301858e-03 1.00000000000000e+05 
1.13763731348012e-03 1.00000000000000e+05 
1.21480389565692e-03 1.00000000000000e+05 
1.29345979567358e-03 1.00000000000000e+05 
1.37374710408014e-03 1.00000000000000e+05 
1.45561001326842e-03 1.00000000000000e+05 
1.53903277097924e-03 1.00000000000000e+05 
1.62384733553539e-03 1.00000000000000e+05 
1.71053019220935e-03 1.00000000000000e+05 
1.79935179045765e-03 1.00000000000000e+05 
1.88845136563126e-03 1.00000000000000e+05 
1.97925067058976e-03 1.00000000000000e+05 
2.07209934471872e-03 1.00000000000000e+05 
2.16708877295674e-03 1.00000000000000e+05 
2.26443604583223e-03 1.00000000000000e+05 
2.36227647728517e-03 1.00000000000000e+05 
2.46150757626796e-03 1.00000000000000e+05 
2.56334863499611e-03 1.00000000000000e+05 
2.66609678965448e-03 1.00000000000000e+05 
2.77096522350241e-03 1.00000000000000e+05 
2.87722873128530e-03 1.00000000000000e+05 
2.98484904240811e-03 1.00000000000000e+05 
3.09409894440573e-03 1.00000000000000e+05 
3.20525170205654e-03 1.00000000000000e+05 
3.31868192145861e-03 1.00000000000000e+05 
3.43428441768531e-03 1.00000000000000e+05 
3.55000658331628e-03 1.00000000000000e+05 
3.66434462053107e-03 1.00000000000000e+05 
3.78040340159897e-03 1.00000000000000e+05 
3.89837111587645e-03 1.00000000000000e+05 
4.01820644070835e-03 1.00000000000000e+05 
4.13999246547249e-03 1.00000000000000e+05 
4.26388866580743e-03 1.00000000000000e+05 
4.38978549324346e-03 1.00000000000000e+05 
4.51798322407104e-03 1.00000000000000e+05 
4.64845452283276e-03 1.00000000000000e+05 
4.78118730880266e-03 1.00000000000000e+05 
4.91466286290813e-03 1.00000000000000e+05 
5.04888806585661e-03 1.00000000000000e+05 
5.18492470962181e-03 1.00000000000000e+05 
5.32294090775530e-03 1.00000000000000e+05 
5.46298956453006e-03 1.00000000000000e+05 
5.60451811020557e-03 1.00000000000000e+05 
5.74562885419347e-03 1.00000000000000e+05 
5.88604036056392e-03 1.00000000000000e+05 
6.02622762149479e-03 1.00000000000000e+05 
6.16619350112816e-03 1.00000000000000e+05 
6.30608901967636e-03 1.00000000000000e+05 
6.44585247637579e-03 1.00000000000000e+05 
6.58569362816912e-03 1.00000000000000e+05 
6.72561140618696e-03 1.00000000000000e+05 
6.86588294216813e-03 1.00000000000000e+05 
7.00585555436324e-03 1.00000000000000e+05 
7.14555418597152e-03 1.00000000000000e+05 
7.28499201744715e-03 1.00000000000000e+05 
7.42396814147736e-03 1.00000000000000e+05 
7.56257528646243e-03 1.00000000000000e+05 
7.70072794663217e-03 1.00000000000000e+05 
7.83827222518652e-03 1.00000000000000e+05 
7.97532743149913e-03 1.00000000000000e+05 
8.11212733676779e-03 1.00000000000000e+05 
8.24880832007674e-03 1.00000000000000e+05 
8.38545277140238e-03 1.00000000000000e+05 
8.52217200130153e-03 1.00000000000000e+05 
8.65905315288222e-03 1.00000000000000e+05 
8.79614777158518e-03 1.00000000000000e+05 
8.93346757464627e-03 1.00000000000000e+05 
9.07139874519566e-03 1.00000000000000e+05 
9.20987007910052e-03 1.00000000000000e+05 
9.34796301914762e-03 1.00000000000000e+05 
9.48548504331858e-03 1.00000000000000e+05 
9.62262301126471e-03 1.00000000000000e+05 
9.75943547182843e-03 1.00000000000000e+05 
9.89616650045633e-03 1.00000000000000e+05 
1.00329226288965e-02 1.00000000000000e+05 
1.01699268693505e-02 1.00000000000000e+05 
1.03066880017652e-02 1.00000000000000e+05 
1.04428249675415e-02 1.00000000000000e+05 
1.05776418611531e-02 1.00000000000000e+05 
1.07118070182322e-02 1.00000000000000e+05 
1.08461175465351e-02 1.00000000000000e+05 
1.09809711025911e-02 1.00000000000000e+05 
1.11165223945732e-02 1.00000000000000e+05 
1.12527427719849e-02 1.00000000000000e+05 
1.13877201548162e-02 1.00000000000000e+05 
1.15237018040328e-02 1.00000000000000e+05 
1.16605273433840e-02 1.00000000000000e+05 
1.17973175883197e-02 1.00000000000000e+05 
1.19343518664254e-02 1.00000000000000e+05 
1.20716250120870e-02 1.00000000000000e+05 
1.22094012641056e-02 1.00000000000000e+05 
1.23482479287844e-02 1.00000000000000e+05 
1.24870125852991e-02 1.00000000000000e+05 
1.26261617021419e-02 1.00000000000000e+05 
1.27642169374379e-02 1.00000000000000e+05 
1.29027193662300e-02 1.00000000000000e+05 
1.30415319338563e-02 1.00000000000000e+05 
1.31807583018948e-02 1.00000000000000e+05 
1.33203575834554e-02 1.00000000000000e+05 
1.34604534672233e-02 1.00000000000000e+05 
1.36011739133758e-02 1.00000000000000e+05 
1.37421630178199e-02 1.00000000000000e+05 
1.38837786206855e-02 1.00000000000000e+05 
1.40212403060352e-02 1.00000000000000e+05 
1.41587368940350e-02 1.00000000000000e+05 
1.42964618917234e-02 1.00000000000000e+05 
1.44348096703604e-02 1.00000000000000e+05 
1.45733448429310e-02 1.00000000000000e+05 
1.47123515156560e-02 1.00000000000000e+05 
1.48520184891264e-02 1.00000000000000e+05 
1.49923212892672e-02 1.00000000000000e+05 
1.51334103218836e-02 1.00000000000000e+05 
1.52752401038313e-02 1.00000000000000e+05 
1.54172071807464e-02 1.00000000000000e+05 
1.55595202766166e-02 1.00000000000000e+05 
1.57016914771258e-02 1.00000000000000e+05 
1.58430828261154e-02 1.00000000000000e+05 
1.59852119034936e-02 1.00000000000000e+05 
1.61269883773368e-02 1.00000000000000e+05 
1.62687956621966e-02 1.00000000000000e+05 
1.64106188975217e-02 1.00000000000000e+05 
1.65521764907474e-02 1.00000000000000e+05 
1.66938152403078e-02 1.00000000000000e+05 
1.68354160459210e-02 1.00000000000000e+05 
1.69768891016944e-02 1.00000000000000e+05 
1.71192848313350e-02 1.00000000000000e+05 
1.72621560032365e-02 1.00000000000000e+05 
1.74045480054470e-02 1.00000000000000e+05 
1.75467933804857e-02 1.00000000000000e+05 
1.76901195924567e-02 1.00000000000000e+05 
1.78341102854877e-02 1.00000000000000e+05 
1.79782318822509e-02 1.00000000000000e+05 
1.81227059407383e-02 1.00000000000000e+05 
1.82676818903083e-02 1.00000000000000e+05 
1.84117528981117e-02 1.00000000000000e+05 
1.85561254034779e-02 1.00000000000000e+05 
1.87006197274830e-02 1.00000000000000e+05 
1.88450473596349e-02 1.00000000000000e+05 
1.89893924594953e-02 1.00000000000000e+05 
1.91335122127836e-02 1.00000000000000e+05 
1.92776189426654e-02 1.00000000000000e+05 
1.94219088565720e-02 1.00000000000000e+05 
1.95663417181132e-02 1.00000000000000e+05 
1.97111023914793e-02 1.00000000000000e+05 
1.98560988594410e-02 1.00000000000000e+05 
2.00015007117451e-02 1.00000000000000e+05 
2.01473416728141e-02 1.00000000000000e+05 
2.02936488464390e-02 1.00000000000000e+05 
2.04402665345808e-02 1.00000000000000e+05 
2.05873424880002e-02 1.00000000000000e+05 
2.07349200535335e-02 1.00000000000000e+05 
2.08830514493995e-02 1.00000000000000e+05 
2.10317272266105e-02 1.00000000000000e+05 
2.11809405402248e-02 1.00000000000000e+05 
2.13307567613115e-02 1.00000000000000e+05 
2.14812719065381e-02 1.00000000000000e+05 
2.16327735466470e-02 1.00000000000000e+05 
2.17817375320030e-02 1.00000000000000e+05 
2.19305538877498e-02 1.00000000000000e+05 
2.20792340715193e-02 1.00000000000000e+05 
2.22277501446193e-02 1.00000000000000e+05 
2.23763702204261e-02 1.00000000000000e+05 
2.25250019979607e-02 1.00000000000000e+05 
2.26735456231052e-02 1.00000000000000e+05 
2.28221803548534e-02 1.00000000000000e+05 
2.29708863648711e-02 1.00000000000000e+05 
2.31197860776620e-02 1.00000000000000e+05 
2.32689800842604e-02 1.00000000000000e+05 
2.34182696142482e-02 1.00000000000000e+05 
2.35677538864102e-02 1.00000000000000e+05 
2.37175617305026e-02 1.00000000000000e+05 
2.38677498289601e-02 1.00000000000000e+05 
2.40183066266905e-02 1.00000000000000e+05 
2.41695403600404e-02 1.00000000000001e+05 
2.43213212043547e-02 1.00000000000002e+05 
2.44736170704616e-02 1.00000000000002e+05 
2.46263755584460e-02 1.00000000000006e+05 
2.47797422803453e-02 1.00000000000008e+05 
2.49337590355318e-02 1.00000000000008e+05 
2.50883246559306e-02 1.00000000000009e+05 
2.52434182184011e-02 1.00000000000010e+05 
2.53989879712462e-02 1.00000000000010e+05 
2.55549903426125e-02 1.00000000000011e+05 
2.57116052186533e-02 1.00000000000082e+05 
2.58687207203390e-02 1.00000000000102e+05 
2.60260713222733e-02 1.00000000000318e+05 
2.61838711913095e-02 1.00000000000874e+05 
2.63422327957899e-02 1.00000000001965e+05 
2.65009159696468e-02 1.00000000004464e+05 
2.66600072113678e-02 1.00000000011010e+05 
2.68195427022632e-02 1.00000000020385e+05 
2.69794933191633e-02 1.00000000033933e+05 
2.71400499322647e-02 1.00000000050629e+05 
2.73014330075209e-02 1.00000000071764e+05 
2.74631423602205e-02 1.00000000100356e+05 
2.76252743828953e-02 1.00000000243418e+05 
2.77879079835206e-02 1.00000000405787e+05 
2.79512197479513e-02 1.00000000596464e+05 
2.81148782557402e-02 1.00000000821467e+05 
2.82781544975958e-02 1.00000001085842e+05 
2.84412745123605e-02 1.00000001412225e+05 
2.86044551703507e-02 1.00000001814290e+05 
2.87679335540944e-02 1.00000002283747e+05 
2.89318326469087e-02 1.00000002862496e+05 
2.90943881592031e-02 1.00000003401815e+05 
2.92573212172530e-02 1.00000004231044e+05 
2.94208288922490e-02 1.00000005468858e+05 
2.95848594963259e-02 1.00000007026210e+05 
2.97483105356410e-02 1.00000009113411e+05 
2.99140376264795e-02 1.00000011787139e+05 
3.00778849943011e-02 1.00000014845759e+05 
3.02421679372053e-02 1.00000018490350e+05 
3.04070696734591e-02 1.00000022827139e+05 
3.05727202852047e-02 1.00000027936135e+05 
3.07388878258348e-02 1.00000033406449e+05 
3.09053833901470e-02 1.00000039696496e+05 
3.10722529812576e-02 1.00000046168463e+05 
3.12396120602002e-02 1.00000052788345e+05 
3.14073636904127e-02 1.00000060255073e+05 
3.15754967071637e-02 1.00000069710106e+05 
3.17441102562904e-02 1.00000079816550e+05 
3.19131401723796e-02 1.00000092992786e+05 
3.20827362207493e-02 1.00000108114260e+05 
3.22534715728123e-02 1.00000124874485e+05 
3.24247841982906e-02 1.00000146631495e+05 
3.25961846683064e-02 1.00000175896754e+05 
3.27674502144617e-02 1.00000209712590e+05 
3.29387751291376e-02 1.00000256356326e+05 
3.31104366440003e-02 1.00000316898548e+05 
3.32826163152542e-02 1.00000396075165e+05 
3.34552134490261e-02 1.00000503498316e+05 
3.36283929502213e-02 1.00000645479098e+05 
3.38020030967522e-02 1.00000826647843e+05 
3.39759115148738e-02 1.00001058319654e+05 
3.41500639884336e-02 1.00001341404362e+05 
3.43240626304210e-02 1.00001683597558e+05 
3.44982409271049e-02 1.00002103026627e+05 
3.46729555974377e-02 1.00002617120402e+05 
3.48479810032096e-02 1.00003215889711e+05 
3.50229942082011e-02 1.00003932234872e+05 
3.51984173690206e-02 1.00004759506964e+05 
3.53741836959689e-02 1.00005700449128e+05 
3.55501218300539e-02 1.00006791502748e+05 
3.57263342807066e-02 1.00008047813014e+05 
3.59025948758522e-02 1.00009425535729e+05 
3.60790349426895e-02 1.00010977397305e+05 
3.62561160068841e-02 1.00012668367066e+05 
3.64338626188721e-02 1.00014466964898e+05 
3.66124952846444e-02 1.00016420778565e+05 
3.67919923741320e-02 1.00018567569408e+05 
3.69688751183672e-02 1.00020700207821e+05 
3.71496489239209e-02 1.00023069955417e+05 
3.73268543675202e-02 1.00025414088527e+05 
3.75058996297964e-02 1.00027752191415e+05 
3.76867592654333e-02 1.00030279253240e+05 
3.78676992541097e-02 1.00033071200090e+05 
3.80451006678583e-02 1.00035818299888e+05 
3.82243682654978e-02 1.00038812249262e+05 
3.84019454696286e-02 1.00041925482026e+05 
3.85813778234685e-02 1.00045226751779e+05 
3.87627183370696e-02 1.00049329229054e+05 
3.89441809616544e-02 1.00054910083488e+05 
3.91219592248141e-02 1.00060793127502e+05 
3.93020091047044e-02 1.00068594638843e+05 
3.94803427133142e-02 1.00077798669045e+05 
3.96607461969567e-02 1.00088747759472e+05 
3.98433379997040e-02 1.00101518030824e+05 
4.00266583366912e-02 1.00118940058225e+05 
4.02059047259120e-02 1.00145327356803e+05 
4.03883506896600e-02 1.00182958959212e+05 
4.05682733983201e-02 1.00234178206206e+05 
4.07513523945782e-02 1.00305488264757e+05 
4.09370083649800e-02 1.00401750352157e+05 
4.11235448758132e-02 1.00526617607823e+05 
4.13055611100675e-02 1.00676333862254e+05 
4.14930155203201e-02 1.00863166416380e+05 
4.16757287700940e-02 1.01080864363557e+05 
4.18620017878448e-02 1.01342053672174e+05 
4.20501588205714e-02 1.01649257268672e+05 
4.22385688757722e-02 1.02001520168603e+05 
4.24232353125477e-02 1.02392802113677e+05 
4.26105377976376e-02 1.02835105748796e+05 
4.27951064455922e-02 1.03314654987314e+05 
4.29809216682097e-02 1.03841339882053e+05 
4.31697347254957e-02 1.04420678235339e+05 
4.33591880573725e-02 1.05038675226312e+05 
4.35442962899176e-02 1.05670792409984e+05 
4.37344930818370e-02 1.06338338411616e+05 
4.39198369575917e-02 1.07000765399143e+05 
4.41104257248340e-02 1.07683416960219e+05 
4.43012203268555e-02 1.08356269835016e+05 
4.44921681971549e-02 1.09021033769235e+05 
4.46801695413383e-02 1.09647416774407e+05 
4.48711481768169e-02 1.10236739481214e+05 
4.50604448257518e-02 1.10763900797639e+05 
4.52518831604921e-02 1.11243313613208e+05 
4.54435694856340e-02 1.11710278261533e+05 
4.56354265008604e-02 1.12084061147580e+05 
4.58255095127152e-02 1.12355547886451e+05 
4.60174629225192e-02 1.12552917539395e+05 
4.62075188162503e-02 1.12687265305068e+05 
4.63990561744709e-02 1.12766027926066e+05 
4.65923878600936e-02 1.12789609927937e+05 
4.67858927748761e-02 1.12767113551822e+05 
4.69761425099884e-02 1.12731236882158e+05 
4.71696438578609e-02 1.12712260626447e+05 
4.73599594593693e-02 1.12703104353046e+05 
4.75517958178992e-02 1.12698249873848e+05 
4.77453910332129e-02 1.12697345234927e+05 
4.79390203810105e-02 1.12691059579346e+05 
4.81300274238197e-02 1.12683834217927e+05 
4.83240114398422e-02 1.12671055524479e+05 
4.85150658072549e-02 1.12655675230646e+05 
4.87081201764616e-02 1.12634882541142e+05 
4.89019789396162e-02 1.12600389143120e+05 
4.90959822744235e-02 1.12551516689303e+05 
4.92880849657251e-02 1.12496505225627e+05 
4.94820772276475e-02 1.12430323327729e+05 
4.96742496020716e-02 1.12352120684364e+05 
4.98679230145501e-02 1.12258608391990e+05 
5.00618741747629e-02 1.12144450517673e+05 
5.02559143538506e-02 1.12009547513083e+05 
5.04481920548541e-02 1.11854914065805e+05 
5.06422735482116e-02 1.11688250594582e+05 
5.08346739301240e-02 1.11490515199944e+05 
5.10284391885309e-02 1.11263016366061e+05 
5.12231482181041e-02 1.11011594484374e+05 
5.14180451125461e-02 1.10742995444438e+05 
5.16106278498768e-02 1.10462736020902e+05 
5.18055647576067e-02 1.10173839144293e+05 
5.19982326328003e-02 1.09878360410069e+05 
5.21935725035714e-02 1.09564344307615e+05 
5.23893467882946e-02 1.09233815060622e+05 
5.25852487341264e-02 1.08884036263574e+05 
5.27786278583408e-02 1.08527206335558e+05 
5.29744912637360e-02 1.08156780716401e+05 
5.31685897615856e-02 1.07782522402184e+05 
5.33647121554883e-02 1.07395674119193e+05 
5.35613623345787e-02 1.06998328005710e+05 
5.37584823116395e-02 1.06594502298313e+05 
5.39549219724047e-02 1.06190119416534e+05 
5.41524543577315e-02 1.05783430547278e+05 
5.43501708855100e-02 1.05375301438517e+05 
5.45488741376803e-02 1.04965635397135e+05 
5.47484685562177e-02 1.04556061870148e+05 
5.49485249103287e-02 1.04148585565957e+05 
5.51463386857501e-02 1.03750763018404e+05 
5.53473410028526e-02 1.03352268940020e+05 
5.55451360826010e-02 1.02967557015058e+05 
5.57441059269085e-02 1.02587523474369e+05 
5.59468312868044e-02 1.02208283351563e+05 
5.61496543391175e-02 1.01836752838031e+05 
5.63479092997354e-02 1.01482552720828e+05 
5.65495308856101e-02 1.01132049114162e+05 
5.67477305032792e-02 1.00797676242309e+05 
5.69475706472570e-02 1.00470086337620e+05 
5.71510235180952e-02 1.00147231116382e+05 
5.73540865593718e-02 9.98355414090276e+04 
5.75537725343102e-02 9.95390037208684e+04 
5.77556414652145e-02 9.92501532750174e+04 
5.79561591812311e-02 9.89735240185528e+04 
5.81577620874899e-02 9.87051793115243e+04 
5.83604151791687e-02 9.84454189331168e+04 
5.85619281889328e-02 9.81964594335207e+04 
5.87642179750320e-02 9.79563651166781e+04 
5.89673579110004e-02 9.77261836445721e+04 
5.91710121684006e-02 9.75042142022285e+04 
5.93756934005402e-02 9.72906433128731e+04 
5.95810460043759e-02 9.70866037981307e+04 
5.97869618560179e-02 9.68913218216186e+04 
5.99910247482479e-02 9.67055287539613e+04 
6.01975480190701e-02 9.65265079034077e+04 
6.04019960887255e-02 9.63567866258864e+04 
6.06100542540904e-02 9.61912289703660e+04 
6.08186036664849e-02 9.60330558475311e+04 
6.10275496910989e-02 9.58825821116533e+04 
6.12332516963238e-02 9.57401387904960e+04 
6.14432861406538e-02 9.56019492284653e+04 
6.16494204613648e-02 9.54729757438487e+04 
6.18605561088689e-02 9.53449491141536e+04 
6.20721476520781e-02 9.52215888512134e+04 
6.22842754241872e-02 9.51040915023027e+04 
6.24937756448804e-02 9.49909583949590e+04 
6.27061388449732e-02 9.48803961123612e+04 
6.29165708212762e-02 9.47738366174533e+04 
6.31293926906550e-02 9.46693638956725e+04 
6.33422264166410e-02 9.45688492701043e+04 
6.35549976783624e-02 9.44733666108497e+04 
6.37677368047956e-02 9.43801173247154e+04 
6.39803405998880e-02 9.42912171820429e+04 
6.41928475885564e-02 9.42052418013487e+04 
6.44053910016358e-02 9.41221082449309e+04 
6.46180585470073e-02 9.40397487376712e+04 
6.48307940797081e-02 9.39642182180166e+04 
6.50436066427194e-02 9.38924822538481e+04 
6.52565156245921e-02 9.38251984116219e+04 
6.54693838549587e-02 9.37603088418826e+04 
6.56822226640641e-02 9.36971268009435e+04 
6.58950306478443e-02 9.36327221604613e+04 
6.61076880128427e-02 9.35694771814857e+04 
6.63202721857167e-02 9.35075331542080e+04 
6.65328937948132e-02 9.34489666989262e+04 
6.67454945419441e-02 9.33934672398016e+04 
6.69581945751961e-02 9.33400882536977e+04 
6.71711798344260e-02 9.32896424239088e+04 
6.73843097938870e-02 9.32430110113848e+04 
6.75974712870734e-02 9.31997657743972e+04 
6.78106158184858e-02 9.31607548154895e+04 
6.80237869978290e-02 9.31253000806797e+04 
6.82369877559913e-02 9.30931862808556e+04 
6.84501992178661e-02 9.30650867841568e+04 
6.86634203085468e-02 9.30408852386607e+04 
6.88766650273266e-02 9.30210620138716e+04 
6.90899170542317e-02 9.30061332969590e+04 
6.93032146001872e-02 9.29958341600047e+04 
6.95165356803777e-02 9.29898598105779e+04 
6.97298666077327e-02 9.29881614218293e+04 
6.99432059589877e-02 9.29922701588921e+04 
7.01565649156138e-02 9.30022244191269e+04 
7.03699167961095e-02 9.30187928784936e+04 
7.05832818154869e-02 9.30409699397363e+04 
7.07966500062729e-02 9.30628074527135e+04 
7.10100161765133e-02 9.30936533049505e+04 
7.12233868201933e-02 9.31330366797510e+04 
7.14367775884562e-02 9.31776467322206e+04 
7.16501770808737e-02 9.32278331322175e+04 
7.18636114273619e-02 9.32845439141051e+04 
7.20770714965590e-02 9.33423764942844e+04 
7.22905389827539e-02 9.33997390934431e+04 
7.25040069847312e-02 9.34561128459638e+04 
7.27174817919659e-02 9.35137994179176e+04 
7.29309480207690e-02 9.35739473152300e+04 
7.31444377357328e-02 9.36377460055233e+04 
7.33579468959987e-02 9.37060375498554e+04 
7.35714638825686e-02 9.37791606687549e+04 
7.37849830705751e-02 9.38576665454106e+04 
7.39985183565501e-02 9.39396667643676e+04 
7.42120446437471e-02 9.40267290993250e+04 
7.44255818965968e-02 9.41158335195919e+04 
7.46391230525879e-02 9.42081267490032e+04 
7.48526666010031e-02 9.43039073650155e+04 
7.50662107094359e-02 9.44046559152946e+04 
7.52797652394328e-02 9.45057638320276e+04 
7.54933080360477e-02 9.46105683004702e+04 
7.57068717219539e-02 9.47159533548273e+04 
7.59204461839399e-02 9.48219831890164e+04 
7.61340184067467e-02 9.49298810772367e+04 
7.63475775197043e-02 9.50397667658473e+04 
7.65611339775585e-02 9.51495301026169e+04 
7.67746650753503e-02 9.52604566962176e+04 
7.69881935669468e-02 9.53709810789177e+04 
7.72017151296758e-02 9.54810780953482e+04 
7.74152258726836e-02 9.55909740163616e+04 
7.76287129123610e-02 9.57019548358531e+04 
7.78421803388093e-02 9.58120120673724e+04 
7.80556088116835e-02 9.59224588654143e+04 
7.82690193045552e-02 9.60320776345265e+04 
7.84824142075858e-02 9.61411893981633e+04 
7.86957895306177e-02 9.62504133754790e+04 
7.89091334544439e-02 9.63600244743038e+04 
7.91224505726984e-02 9.64712917075560e+04 
7.93357258487518e-02 9.65833368281834e+04 
7.95489654467589e-02 9.66968223188096e+04 
7.97621972516439e-02 9.68123444082515e+04 
7.99754269028878e-02 9.69300987542182e+04 
8.01886534628854e-02 9.70505316267802e+04 
8.04018823820017e-02 9.71743729484310e+04 
8.06150889750357e-02 9.73002939776878e+04 
8.08282704827038e-02 9.74286600529091e+04 
8.10414158107287e-02 9.75590290715868e+04 
8.12545462646803e-02 9.76908368040589e+04 
8.14676471288387e-02 9.78249292220385e+04 
8.16807219317559e-02 9.79613124148873e+04 
8.18937780365688e-02 9.80985026286276e+04 
8.21068216688722e-02 9.82356609204234e+04 
8.23198649141491e-02 9.83723278033411e+04 
8.25329186500365e-02 9.85092847006483e+04 
8.27459671475571e-02 9.86456270572803e+04 
8.29590196457400e-02 9.87799822115508e+04 
8.31720727297636e-02 9.89107800182929e+04 
8.33851372447919e-02 9.90399578424025e+04 
8.35982247767418e-02 9.91662340127676e+04 
8.38113399713573e-02 9.92889092368003e+04 
8.40244677055039e-02 9.94079953966455e+04 
8.42376184832288e-02 9.95226782762363e+04 
8.44507841273468e-02 9.96324935530325e+04 
8.46639771510995e-02 9.97374882101760e+04 
8.48772008840735e-02 9.98372697168358e+04 
8.50904566658024e-02 9.99308028793947e+04 
8.53037269370453e-02 1.00017267743686e+05 
8.55170224509361e-02 1.00097734241525e+05 
8.57303286765290e-02 1.00170447427603e+05 
8.59436562832189e-02 1.00237381050972e+05 
8.61570097081447e-02 1.00297341610060e+05 
8.63703970246773e-02 1.00349698987533e+05 
8.65838074838517e-02 1.00401272514625e+05 
8.67972535092053e-02 1.00442008708410e+05 
8.70107193189475e-02 1.00474100443896e+05 
8.72242187763956e-02 1.00501991953942e+05 
8.74377727772314e-02 1.00529880511481e+05 
8.76513776874587e-02 1.00561727403673e+05 
8.78650393913216e-02 1.00596221140301e+05 
8.80787631586638e-02 1.00640749071988e+05 
8.82925055828977e-02 1.00693640270543e+05 
8.85062691217730e-02 1.00756070987568e+05 
8.87200349770324e-02 1.00827826994062e+05 
8.89338144801015e-02 1.00910253499672e+05 
8.91475966833897e-02 1.01003113216189e+05 
8.93613813854325e-02 1.01108694759828e+05 
8.95751676645361e-02 1.01226592493560e+05 
8.97889727660645e-02 1.01357100731478e+05 
9.00028012162690e-02 1.01500002704142e+05 
9.02166530193390e-02 1.01655041898173e+05 
9.04305228218297e-02 1.01821124807162e+05 
9.06444099643977e-02 1.01998017341857e+05 
9.08583006749043e-02 1.02183737684641e+05 
9.10722143738156e-02 1.02377911868272e+05 
9.12861500068851e-02 1.02578930566141e+05 
9.15001073151845e-02 1.02783483493327e+05 
9.17140837411468e-02 1.02988951503717e+05 
9.19280774979807e-02 1.03195714633206e+05 
9.21420781390347e-02 1.03399963635523e+05 
9.23561038589645e-02 1.03599225227005e+05 
9.25701561350391e-02 1.03790021164583e+05 
9.27842395934353e-02 1.03974303462266e+05 
9.29983607859197e-02 1.04145264860746e+05 
9.32125275896317e-02 1.04299752336765e+05 
9.34267338266048e-02 1.04432684988368e+05 
9.36410122427913e-02 1.04551053312307e+05 
9.38553316622946e-02 1.04660571562682e+05 
9.40696770009518e-02 1.04733682337493e+05 
9.42840334512830e-02 1.04774345492704e+05 
9.44984016164305e-02 1.04791858084655e+05 
9.47127726094317e-02 1.04787051765995e+05 
9.49271688187874e-02 1.04744943634224e+05 
9.51415961460248e-02 1.04705280108393e+05 
9.53560542599743e-02 1.04665225233466e+05 
9.55705435719378e-02 1.04620671811601e+05 
9.57850651362589e-02 1.04566120883319e+05 
9.59995984141074e-02 1.04496808582592e+05 
9.62141700499358e-02 1.04408470991241e+05 
9.64287746866115e-02 1.04297463796891e+05 
9.66434063587100e-02 1.04165051821815e+05 
9.68580663683619e-02 1.04014529993882e+05 
9.70727565493663e-02 1.03848234474745e+05 
9.72874545179839e-02 1.03666275958842e+05 
9.75021908845426e-02 1.03470941471427e+05 
9.77169603932516e-02 1.03264592112316e+05 
9.79317535829224e-02 1.03048880496193e+05 
9.81465739668833e-02 1.02824974843051e+05 
9.83614247226665e-02 1.02596523352005e+05 
9.85762785969758e-02 1.02364418798100e+05 
9.87911680780848e-02 1.02130583888582e+05 
9.90060830035817e-02 1.01898216794893e+05 
9.92210158487970e-02 1.01668484836017e+05 
9.94359729036827e-02 1.01439785719466e+05 
9.96509620357051e-02 1.01217549368667e+05 
9.98659495623954e-02 1.00998952598916e+05 
1.00080973206455e-01 1.00788891509154e+05 
1.00296018547579e-01 1.00585605237582e+05 
1.00511077031302e-01 1.00392372431745e+05 
1.00726156391558e-01 1.00203192962555e+05 
1.00941262000100e-01 1.00020800389169e+05 
1.01156365132149e-01 9.98430639921249e+04 
1.01371504171862e-01 9.96720518125125e+04 
1.01586666038613e-01 9.95082771704845e+04 
1.01801840633964e-01 9.93509916303018e+04 
1.02017033431752e-01 9.91981839817830e+04 
1.02232250655841e-01 9.90495858405813e+04 
1.02447465262843e-01 9.89057789830270e+04 
1.02662713653085e-01 9.87657472280086e+04 
1.02877984697216e-01 9.86312710023606e+04 
1.03093269274254e-01 9.84994009801816e+04 
1.03308570206257e-01 9.83699838923751e+04 
1.03523849304261e-01 9.82428083353578e+04 
1.03739087642138e-01 9.81162157004701e+04 
1.03954302150003e-01 9.79944822570475e+04 
1.04169514038076e-01 9.78764248154682e+04 
1.04384757831515e-01 9.77629806047177e+04 
1.04600061362802e-01 9.76548184284013e+04 
1.04815393577443e-01 9.75498804116196e+04 
1.05030715540971e-01 9.74491059148414e+04 
1.05246039486752e-01 9.73510732476359e+04 
1.05461350530842e-01 9.72570946921166e+04 
1.05676652485536e-01 9.71677870323871e+04 
1.05891972930694e-01 9.70829907628710e+04 
1.06107290129101e-01 9.70029343544142e+04 
1.06322576809177e-01 9.69265645605968e+04 
1.06537858641358e-01 9.68567990595710e+04 
1.06753124536064e-01 9.67968171638623e+04 
1.06968377867655e-01 9.67440643104885e+04 
1.07183644465069e-01 9.67005335786424e+04 
1.07398904577079e-01 9.66608580189593e+04 
1.07614139882244e-01 9.66312282208080e+04 
1.07829371695633e-01 9.66113723977682e+04 
1.08044592517699e-01 9.66008667202137e+04 
1.08259805176911e-01 9.66036051797840e+04 
1.08475032270153e-01 9.66051770670444e+04 
1.08690250859669e-01 9.66076704231223e+04 
1.08905442473819e-01 9.66114174767577e+04 
1.09120626556354e-01 9.66171533811244e+04 
1.09335797669780e-01 9.66271962639799e+04 
1.09550962100660e-01 9.66386401142801e+04 
1.09766142553387e-01 9.66516456743854e+04 
1.09981319378222e-01 9.66657631388238e+04 
1.10196472033455e-01 9.66803867882775e+04 
1.10411612892878e-01 9.66954094079640e+04 
1.10626729141328e-01 9.67110496717773e+04 
1.10841824295025e-01 9.67269754894515e+04 
1.11056919991346e-01 9.67436182245003e+04 
1.11271994649046e-01 9.67609719277250e+04 
1.11487033639230e-01 9.67790003698961e+04 
1.11702057868538e-01 9.67976871592522e+04 
1.11917059303264e-01 9.68172278823794e+04 
1.12132042946576e-01 9.68364644052103e+04 
1.12347033316977e-01 9.68580441052340e+04 
1.12562012075761e-01 9.68816886757116e+04 
1.12776964815713e-01 9.69071487370540e+04 
1.12991915181700e-01 9.69342452968619e+04 
1.13206853502356e-01 9.69633956009030e+04 
1.13421785702197e-01 9.69944332697596e+04 
1.13636736570733e-01 9.70290178623110e+04 
1.13851690306671e-01 9.70650748567600e+04 
1.14066631206718e-01 9.71028935042136e+04 
1.14281584794913e-01 9.71421194137817e+04 
1.14496538909020e-01 9.71833209004823e+04 
1.14711502262757e-01 9.72254457837039e+04 
1.14926498906997e-01 9.72687438368588e+04 
1.15141514331357e-01 9.73142093971198e+04 
1.15356530403542e-01 9.73615181671812e+04 
1.15571570778307e-01 9.74106585291220e+04 
1.15786622908040e-01 9.74607610203388e+04 
1.16001695198706e-01 9.75112433649237e+04 
1.16216808891017e-01 9.75622561609791e+04 
1.16431947734301e-01 9.76134697722909e+04 
1.16647092273835e-01 9.76644578251058e+04 
1.16862265792267e-01 9.77146668511179e+04 
1.17077457134191e-01 9.77637905970384e+04 
1.17292672352116e-01 9.78116163281582e+04 
1.17507930529820e-01 9.78585705071119e+04 
1.17723213801759e-01 9.79042354712359e+04 
1.17938502584938e-01 9.79486777363697e+04 
1.18153821957327e-01 9.79915186378924e+04 
1.18369161162904e-01 9.80328173715366e+04 
1.18584522588435e-01 9.80728293618748e+04 
1.18799924883847e-01 9.81124296688133e+04 
1.19015347608656e-01 9.81513209358999e+04 
1.19230773794684e-01 9.81902937082388e+04 
1.19446230308320e-01 9.82288684945300e+04 
1.19661709194149e-01 9.82662854497686e+04 
1.19877210182791e-01 9.83044971136483e+04 
1.20092752003712e-01 9.83444997825191e+04 
1.20308313848539e-01 9.83853592209018e+04 
1.20523883519339e-01 9.84277783771764e+04 
1.20739490221345e-01 9.84711912283978e+04 
1.20955126827662e-01 9.85154685050875e+04 
1.21170792972216e-01 9.85609877556864e+04 
1.21386507880585e-01 9.86089858419412e+04 
1.21602252704414e-01 9.86575450639198e+04 
1.21818019053356e-01 9.87075468087175e+04 
1.22033837774328e-01 9.87581217081875e+04 
1.22249702465062e-01 9.88093582490362e+04 
1.22465613378538e-01 9.88608325094566e+04 
1.22681571807863e-01 9.89132732794711e+04 
1.22897563349148e-01 9.89665012315687e+04 
1.23113572573187e-01 9.90203153886598e+04 
1.23329619433956e-01 9.90743680933515e+04 
1.23545700996023e-01 9.91282310098552e+04 
1.23761815784222e-01 9.91823155712652e+04 
1.23977971559978e-01 9.92374867965913e+04 
1.24194175764530e-01 9.92925817304197e+04 
1.24410411916881e-01 9.93482398993284e+04 
1.24626699645285e-01 9.94040233918975e+04 
1.24843034427834e-01 9.94597382654185e+04 
1.25059415104899e-01 9.95154766085591e+04 
1.25275845080467e-01 9.95717715627492e+04 
1.25492332521117e-01 9.96279516975536e+04 
1.25708858794132e-01 9.96841701654678e+04 
1.25925438640859e-01 9.97400101961940e+04 
1.26142067780784e-01 9.97953748886135e+04 
1.26358744606718e-01 9.98502137395204e+04 
1.26575467798454e-01 9.99050966388157e+04 
1.26792244668834e-01 9.99597275531381e+04 
1.27009057166118e-01 1.00013825304312e+05 
1.27225917885095e-01 1.00067662419097e+05 
1.27442824156258e-01 1.00120823260281e+05 
1.27659774577432e-01 1.00173589940034e+05 
1.27876765115071e-01 1.00226727815402e+05 
1.28093802060957e-01 1.00278213299425e+05 
1.28310867821650e-01 1.00330457238485e+05 
1.28527974146015e-01 1.00382200138461e+05 
1.28745120432328e-01 1.00432664914941e+05 
1.28962305900003e-01 1.00481940979411e+05 
1.29179526111941e-01 1.00532724338855e+05 
1.29396786061720e-01 1.00581197804302e+05 
1.29614071511154e-01 1.00629704618682e+05 
1.29831391970292e-01 1.00676021299388e+05 
1.30048749701851e-01 1.00721332681799e+05 
1.30266144504338e-01 1.00764994878744e+05 
1.30483573196750e-01 1.00808312696731e+05 
1.30701041885733e-01 1.00850180571423e+05 
1.30918540637146e-01 1.00891138323688e+05 
1.31136079390742e-01 1.00930325742086e+05 
1.31353636120016e-01 1.00966991234106e+05 
1.31571191221834e-01 1.01001520971055e+05 
1.31788732971761e-01 1.01034543625328e+05 
1.32006261982542e-01 1.01064712212096e+05 
1.32223773260161e-01 1.01091983750751e+05 
1.32441266802802e-01 1.01117742588003e+05 
1.32658742065105e-01 1.01139705455733e+05 
1.32876213228468e-01 1.01155684087596e+05 
1.33093669746902e-01 1.01168078641788e+05 
1.33311111138402e-01 1.01177411081034e+05 
1.33528533945449e-01 1.01183028204513e+05 
1.33745939068046e-01 1.01182738744313e+05 
1.33963325949791e-01 1.01181671589978e+05 
1.34180707331100e-01 1.01179190963369e+05 
1.34398073688963e-01 1.01176570107841e+05 
1.34615423989320e-01 1.01173517465253e+05 
1.34832756468708e-01 1.01169224206373e+05 
1.35050072064374e-01 1.01163906890084e+05 
1.35267369274021e-01 1.01156358529414e+05 
1.35484661452170e-01 1.01147611088988e+05 
1.35701939191039e-01 1.01137960127485e+05 
1.35919200728416e-01 1.01126467598600e+05 
1.36136477844538e-01 1.01113746660491e+05 
1.36353737299598e-01 1.01098939571704e+05 
1.36570998774690e-01 1.01082481332874e+05 
1.36788300127938e-01 1.01065176017971e+05 
1.37005627047106e-01 1.01047317307802e+05 
1.37222973781271e-01 1.01028857541905e+05 
1.37440390905004e-01 1.01010538823046e+05 
1.37657845639918e-01 1.00991417453920e+05 
1.37875363220015e-01 1.00971635565077e+05 
1.38092976242878e-01 1.00951386102785e+05 
1.38310625711063e-01 1.00931220108765e+05 
1.38528274068437e-01 1.00910814781166e+05 
1.38745917594662e-01 1.00890615395379e+05 
1.38963546957843e-01 1.00870236770318e+05 
1.39181172264767e-01 1.00849957728001e+05 
1.39398811759101e-01 1.00830025632280e+05 
1.39616448201635e-01 1.00811084894789e+05 
1.39834085430531e-01 1.00792530836011e+05 
1.40051718267016e-01 1.00774804887216e+05 
1.40269341922426e-01 1.00757803619097e+05 
1.40486965964353e-01 1.00741744021634e+05 
1.40704605414877e-01 1.00726651839425e+05 
1.40922246369213e-01 1.00712814984473e+05 
1.41139890507433e-01 1.00699732509043e+05 
1.41357530944213e-01 1.00687485063211e+05 
1.41575167946929e-01 1.00675871950982e+05 
1.41792809744339e-01 1.00664781692398e+05 
1.42010468518040e-01 1.00654328085798e+05 
1.42228134404725e-01 1.00644480233492e+05 
1.42445807961878e-01 1.00634971592244e+05 
1.42663481672623e-01 1.00625818801386e+05 
1.42881160997732e-01 1.00616780835434e+05 
1.43098853183322e-01 1.00607451811794e+05 
1.43316567569169e-01 1.00598194472100e+05 
1.43534298304772e-01 1.00589308078978e+05 
1.43752045957992e-01 1.00580628619038e+05 
1.43969801570588e-01 1.00571632991976e+05 
1.44187575967512e-01 1.00562402062665e+05 
1.44405375021077e-01 1.00553298932891e+05 
1.44623204744498e-01 1.00543775205385e+05 
1.44841062217060e-01 1.00533950155329e+05 
1.45058951652945e-01 1.00524042188923e+05 
1.45276859940898e-01 1.00513668675861e+05 
1.45494802926937e-01 1.00503115265514e+05 
1.45712783914473e-01 1.00492752613157e+05 
1.45930805325067e-01 1.00482314369203e+05 
1.46148865282269e-01 1.00471496640391e+05 
1.46366972319838e-01 1.00461075918806e+05 
1.46585107312996e-01 1.00450648786403e+05 
1.46803290397701e-01 1.00440561534796e+05 
1.47021522406546e-01 1.00430852837562e+05 
1.47239801239262e-01 1.00421443477259e+05 
1.47458125661297e-01 1.00411654120278e+05 
1.47676506071243e-01 1.00402969437266e+05 
1.47894918100437e-01 1.00394316591870e+05 
1.48113387066914e-01 1.00386214362908e+05 
1.48331911379359e-01 1.00378240694866e+05 
1.48550483555467e-01 1.00371466886376e+05 
1.48769104953732e-01 1.00364904827514e+05 
1.48987786814880e-01 1.00359825741259e+05 
1.49206500920123e-01 1.00355285650333e+05 
1.49425277841646e-01 1.00352077899530e+05 
1.49644114035414e-01 1.00350806384816e+05 
1.49862972388567e-01 1.00350259550131e+05 
1.50081812488921e-01 1.00351403450877e+05 
1.50300625628954e-01 1.00355310478330e+05 
1.50519422280858e-01 1.00360582887145e+05 
1.50738190506435e-01 1.00368462828441e+05 
1.50956936416127e-01 1.00377505310149e+05 
1.51175663104262e-01 1.00388494910419e+05 
1.51394382212502e-01 1.00400608503245e+05 
1.51613086337630e-01 1.00414553173903e+05 
1.51831787828086e-01 1.00430035152820e+05 
1.52050474790931e-01 1.00446877207937e+05 
1.52269154593161e-01 1.00465329658394e+05 
1.52487830149734e-01 1.00485336109112e+05 
1.52706509415715e-01 1.00506589372483e+05 
1.52925186673046e-01 1.00529190286667e+05 
1.53143874394002e-01 1.00553335104374e+05 
1.53362558668287e-01 1.00578801410049e+05 
1.53581244170494e-01 1.00604812438568e+05 
1.53799940458410e-01 1.00631550106574e+05 
1.54008823780000e-01 1.00657677379082e+05 
1.54226500746084e-01 1.00685330759600e+05 
1.54443405323510e-01 1.00713506242928e+05 
1.54662137871962e-01 1.00742250142238e+05 
1.54880906304958e-01 1.00770749322293e+05 
1.55099724408626e-01 1.00799136694290e+05 
1.55318570082021e-01 1.00827305484328e+05 
1.55537375685875e-01 1.00855106051570e+05 
1.55756160072141e-01 1.00882492665719e+05 
1.55974930902931e-01 1.00909233003119e+05 
1.56193724315909e-01 1.00934779771662e+05 
1.56412549636508e-01 1.00959176670474e+05 
1.56631388708909e-01 1.00982288163862e+05 
1.56850238107461e-01 1.01003919431180e+05 
1.57069106461231e-01 1.01024076194183e+05 
1.57287972208565e-01 1.01042687114487e+05 
1.57506857524136e-01 1.01059224058514e+05 
1.57725761690848e-01 1.01074198329050e+05 
1.57944669933158e-01 1.01086882792272e+05 
1.58163576686272e-01 1.01097294990024e+05 
1.58382486573687e-01 1.01107460567349e+05 
1.58601382678745e-01 1.01117507321659e+05 
1.58820280559004e-01 1.01125518375171e+05 
1.59039179859762e-01 1.01131618669636e+05 
1.59258079327162e-01 1.01136150631324e+05 
1.59476978983367e-01 1.01139952935229e+05 
1.59695895258726e-01 1.01143678509258e+05 
1.59914820323579e-01 1.01147458316028e+05 
1.60133770554181e-01 1.01151736978035e+05 
1.60352745413420e-01 1.01156621888286e+05 
1.60571743928904e-01 1.01162005497040e+05 
1.60790766114275e-01 1.01167209237929e+05 
1.61009825416640e-01 1.01172124164859e+05 
1.61228911310124e-01 1.01177442844943e+05 
1.61448037698528e-01 1.01182094262104e+05 
1.61667205524558e-01 1.01186765107176e+05 
1.61886412233299e-01 1.01191614164337e+05 
1.62105658915174e-01 1.01196553368065e+05 
1.62324956528381e-01 1.01201066039096e+05 
1.62544292179284e-01 1.01205318603076e+05 
1.62763651648252e-01 1.01209326929608e+05 
1.62982148917499e-01 1.01212340124850e+05 
1.63201580077926e-01 1.01215281475217e+05 
1.63420998761294e-01 1.01217191872894e+05 
1.63640440139956e-01 1.01218677096286e+05 
1.63859828555878e-01 1.01219293348871e+05 
1.64079194447021e-01 1.01218836724702e+05 
1.64298624618408e-01 1.01217449887237e+05 
1.64518123948548e-01 1.01215844109863e+05 
1.64737689576029e-01 1.01213103003996e+05 
1.64957281448452e-01 1.01209798367247e+05 
1.65176956718524e-01 1.01205397682978e+05 
1.65396665640724e-01 1.01200218105011e+05 
1.65616373771538e-01 1.01194236883763e+05 
1.65836113456521e-01 1.01188440392217e+05 
1.66055873427469e-01 1.01181162897353e+05 
1.66275627190640e-01 1.01174002264601e+05 
1.66495439113842e-01 1.01165952099562e+05 
1.66715275285820e-01 1.01156783962724e+05 
1.66935104174367e-01 1.01146801731144e+05 
1.67154954655678e-01 1.01137018888082e+05 
1.67374819468776e-01 1.01125772315441e+05 
1.67594681629055e-01 1.01114511872056e+05 
1.67814598832445e-01 1.01102194903908e+05 
1.68034544490580e-01 1.01088585732399e+05 
1.68254493040536e-01 1.01073939952741e+05 
1.68474467502255e-01 1.01058581014783e+05 
1.68694459706603e-01 1.01042023843339e+05 
1.68914461661642e-01 1.01024326990195e+05 
1.69134519391783e-01 1.01005410617626e+05 
1.69354614407804e-01 1.00985519086405e+05 
1.69574733855065e-01 1.00964504286576e+05 
1.69794891203277e-01 1.00942921463840e+05 
1.70015075253363e-01 1.00921487873178e+05 
1.70235285855962e-01 1.00897497822771e+05 
1.70455541021759e-01 1.00871627621075e+05 
1.70675816545344e-01 1.00844615263618e+05 
1.70896119254903e-01 1.00816035891784e+05 
1.71116438507696e-01 1.00786396698612e+05 
1.71336792977013e-01 1.00757106619966e+05 
1.71557173593898e-01 1.00725439949781e+05 
1.71777576062244e-01 1.00694333330502e+05 
1.71997992221493e-01 1.00664339635082e+05 
1.72218433271791e-01 1.00634201219852e+05 
1.72438897600440e-01 1.00602958809074e+05 
1.72659402159826e-01 1.00572278264561e+05 
1.72879937294845e-01 1.00539057664309e+05 
1.73100496334605e-01 1.00505485940161e+05 
1.73321068669106e-01 1.00472804948443e+05 
1.73541662910002e-01 1.00439075361819e+05 
1.73762276860531e-01 1.00404826092510e+05 
1.73982922792819e-01 1.00371641764059e+05 
1.74203591915495e-01 1.00338473372441e+05 
1.74424275684245e-01 1.00305036835952e+05 
1.74644963696411e-01 1.00272984315432e+05 
1.74865664141643e-01 1.00241481118173e+05 
1.75086375030823e-01 1.00211287712506e+05 
1.75307104567577e-01 1.00181988384076e+05 
1.75527846284730e-01 1.00153913450698e+05 
1.75748591868940e-01 1.00126920942568e+05 
1.75969333946556e-01 1.00101330456065e+05 
1.76190081839201e-01 1.00076773463226e+05 
1.76410834889638e-01 1.00054086064908e+05 
1.76631599560405e-01 1.00033427293030e+05 
1.76852372013132e-01 1.00013079997452e+05 
1.77073146714568e-01 9.99932758925572e+04 
1.77293919336705e-01 9.99744241818664e+04 
1.77514700463346e-01 9.99570213773078e+04 
1.77735490812938e-01 9.99401784219529e+04 
1.77956298290936e-01 9.99246933891440e+04 
1.78177120564732e-01 9.99106425417888e+04 
1.78397953785632e-01 9.98971810718452e+04 
1.78618794754275e-01 9.98842463542273e+04 
1.78839653814619e-01 9.98717922340738e+04 
1.79060532214609e-01 9.98591670864433e+04 
1.79281419521721e-01 9.98464091879313e+04 
1.79502313759476e-01 9.98331267270094e+04 
1.79723218050819e-01 9.98193750642332e+04 
1.79944121804240e-01 9.98049880425310e+04 
1.80165034992786e-01 9.97902177898654e+04 
1.80385968095863e-01 9.97745694019586e+04 
1.80606910526729e-01 9.97588922851708e+04 
1.80827864272956e-01 9.97428498726125e+04 
1.81048828897830e-01 9.97254160639485e+04 
1.81269791811685e-01 9.97059327461878e+04 
1.81490759864549e-01 9.96844518081535e+04 
1.81711731602934e-01 9.96609791579223e+04 
1.81932716449692e-01 9.96362640956422e+04 
1.82153706394254e-01 9.96088579173904e+04 
1.82374696197406e-01 9.95795984857085e+04 
1.82595673787143e-01 9.95487300435761e+04 
1.82816645793324e-01 9.95161590523679e+04 
1.83037619666948e-01 9.94818235148011e+04 
1.83258580721037e-01 9.94467711873656e+04 
1.83479530886687e-01 9.94101602640180e+04 
1.83700468874307e-01 9.93727549574079e+04 
1.83921385382873e-01 9.93349967616333e+04 
1.84142285188787e-01 9.92963913367215e+04 
1.84363177763155e-01 9.92564610811052e+04 
1.84584049024742e-01 9.92170615087184e+04 
1.84804902653170e-01 9.91769565259424e+04 
1.85025740334434e-01 9.91369590812787e+04 
1.85246554338082e-01 9.90964154349582e+04 
1.85467348387784e-01 9.90558627782600e+04 
1.85688135510071e-01 9.90152992057115e+04 
1.85908904190650e-01 9.89750594048301e+04 
1.86129659526908e-01 9.89352107954570e+04 
1.86350405606059e-01 9.88963929915203e+04 
1.86571134825614e-01 9.88583345091358e+04 
1.86791851039976e-01 9.88206686348178e+04 
1.87012568539958e-01 9.87842121846350e+04 
1.87233278756298e-01 9.87492864038921e+04 
1.87453986124272e-01 9.87158599376317e+04 
1.87674694788765e-01 9.86847967546125e+04 
1.87895396197360e-01 9.86553442994597e+04 
1.88116094775873e-01 9.86278086782486e+04 
1.88336797881789e-01 9.86007940614760e+04 
1.88557507544462e-01 9.85770641101289e+04 
1.88778219981837e-01 9.85554256112331e+04 
1.88998936034025e-01 9.85372151369793e+04 
1.89219647859682e-01 9.85215912366435e+04 
1.89440358999914e-01 9.85067473340594e+04 
1.89661072729470e-01 9.84926482133216e+04 
1.89881799309077e-01 9.84822090676524e+04 
1.90102532804743e-01 9.84731328156642e+04 
1.90323273821269e-01 9.84657083791460e+04 
1.90544012824595e-01 9.84603650689136e+04 
1.90764752406575e-01 9.84569312228452e+04 
1.90985495041000e-01 9.84550895677531e+04 
1.91206249267350e-01 9.84551686046413e+04 
1.91427007298172e-01 9.84572115374759e+04 
1.91647767971206e-01 9.84600170381291e+04 
1.91868521337151e-01 9.84639106835416e+04 
1.92089270382336e-01 9.84690851776859e+04 
1.92310016343092e-01 9.84747981117611e+04 
1.92530766154420e-01 9.84814836506212e+04 
1.92751511966496e-01 9.84891604322350e+04 
1.92972252434086e-01 9.84975925588093e+04 
1.93187440816449e-01 9.85064008834684e+04 
1.93408155578341e-01 9.85168707106414e+04 
1.93628859482042e-01 9.85264941468565e+04 
1.93849557858649e-01 9.85375801944311e+04 
1.94070243701750e-01 9.85475497920273e+04 
1.94290916001168e-01 9.85584648097949e+04 
1.94511566842527e-01 9.85709074723591e+04 
1.94732199006679e-01 9.85830364750316e+04 
1.94952813980350e-01 9.85952745767294e+04 
1.95173416263524e-01 9.86087800895395e+04 
1.95394001145546e-01 9.86220817179749e+04 
1.95614569032561e-01 9.86363671275401e+04 
1.95835113724947e-01 9.86514165332354e+04 
1.96055638817446e-01 9.86666745137526e+04 
1.96276148123643e-01 9.86816992248702e+04 
1.96496647148763e-01 9.86984018246617e+04 
1.96717130705053e-01 9.87157178654622e+04 
1.96937600768727e-01 9.87346723500567e+04 
1.97158050591846e-01 9.87561104087587e+04 
1.97378483607444e-01 9.87772358607800e+04 
1.97598906284155e-01 9.87983605648629e+04 
1.97819326999474e-01 9.88221202440343e+04 
1.98039742619724e-01 9.88446779021277e+04 
1.98260157882434e-01 9.88690079207018e+04 
1.98480564824956e-01 9.88942273633516e+04 
1.98700965887073e-01 9.89189141135117e+04 
1.98921367177168e-01 9.89431659574724e+04 
1.99141777227420e-01 9.89670546209410e+04 
1.99362190241200e-01 9.89903458686812e+04 
1.99582609033335e-01 9.90123973821212e+04 
1.99803024409476e-01 9.90337050334747e+04 
2.00023438639036e-01 9.90538418627549e+04 
2.00243857279511e-01 9.90727896976774e+04 
