# Liste des scalaires : TEMPS pmat 
0.00000000000000e+00 1.00000000000000e+05 
7.22956891292051e-05 1.00000000000000e+05 
1.40026892972827e-04 1.00000000000000e+05 
2.09520798437884e-04 1.00000000000000e+05 
2.79118445526251e-04 1.00000000000000e+05 
3.49823769283501e-04 1.00000000000000e+05 
4.19666737711033e-04 1.00000000000000e+05 
4.90492247866288e-04 1.00000000000000e+05 
5.63395759324683e-04 1.00000000000000e+05 
6.38956973032510e-04 1.00000000000000e+05 
7.17148097226778e-04 1.00000000000000e+05 
7.97961330685117e-04 1.00000000000000e+05 
8.77270617684607e-04 1.00000000000000e+05 
9.58778417501519e-04 1.00000000000000e+05 
1.04303245467787e-03 1.00000000000000e+05 
1.13067323919006e-03 1.00000000000000e+05 
1.22153661590019e-03 1.00000000000000e+05 
1.31078859470290e-03 1.00000000000000e+05 
1.40185433637150e-03 1.00000000000000e+05 
1.49507646941625e-03 1.00000000000000e+05 
1.59104306202933e-03 1.00000000000000e+05 
1.69034862766926e-03 1.00000000000000e+05 
1.79380567152850e-03 1.00000000000000e+05 
1.89643011648696e-03 1.00000000000000e+05 
2.00070537943438e-03 1.00000000000000e+05 
2.10688292249834e-03 1.00000000000000e+05 
2.21524853695935e-03 1.00000000000000e+05 
2.32628294466383e-03 1.00000000000000e+05 
2.44065890888003e-03 1.00000000000000e+05 
2.55834458719909e-03 1.00000000000000e+05 
2.67736354568064e-03 1.00000000000000e+05 
2.79799717187456e-03 1.00000000000000e+05 
2.92042176081208e-03 1.00000000000000e+05 
3.04499000889835e-03 1.00000000000000e+05 
3.17209992999506e-03 1.00000000000000e+05 
3.30210856866003e-03 1.00000000000000e+05 
3.43532753583045e-03 1.00000000000000e+05 
3.57217810921050e-03 1.00000000000000e+05 
3.71060487537572e-03 1.00000000000000e+05 
3.85081788670853e-03 1.00000000000000e+05 
3.99119635103259e-03 1.00000000000000e+05 
4.13417562995718e-03 1.00000000000000e+05 
4.27966126039262e-03 1.00000000000000e+05 
4.42565007235111e-03 1.00000000000000e+05 
4.56733352028081e-03 1.00000000000000e+05 
4.71097869001807e-03 1.00000000000000e+05 
4.85326229732338e-03 1.00000000000000e+05 
4.99954112038664e-03 1.00000000000000e+05 
5.14827671145693e-03 1.00000000000000e+05 
5.29746250127445e-03 1.00000000000000e+05 
5.44083469263059e-03 1.00000000000000e+05 
5.58578537567499e-03 1.00000000000000e+05 
5.72444849527367e-03 1.00000000000000e+05 
5.87129322383781e-03 1.00000000000000e+05 
6.02138722764605e-03 1.00000000000000e+05 
6.16986325520967e-03 1.00000000000000e+05 
6.30847039439161e-03 1.00000000000000e+05 
6.44857807440227e-03 1.00000000000000e+05 
6.58759276130545e-03 1.00000000000000e+05 
6.73177542964163e-03 1.00000000000000e+05 
6.87795604740719e-03 1.00000000000000e+05 
7.02385658111027e-03 1.00000000000000e+05 
7.16391446353495e-03 1.00000000000000e+05 
7.30586164407168e-03 1.00000000000000e+05 
7.44674344055606e-03 1.00000000000000e+05 
7.59093707154986e-03 1.00000000000000e+05 
7.73781552312055e-03 1.00000000000000e+05 
7.88539066091613e-03 1.00000000000000e+05 
8.03335728808857e-03 1.00000000000000e+05 
8.18020525983516e-03 1.00000000000000e+05 
8.32556380144779e-03 1.00000000000000e+05 
8.47845182062973e-03 1.00000000000000e+05 
8.63338790520987e-03 1.00000000000000e+05 
8.78726089275504e-03 1.00000000000000e+05 
8.93300919936056e-03 1.00000000000000e+05 
9.08014251694892e-03 1.00000000000000e+05 
9.22627080930508e-03 1.00000000000000e+05 
9.37637411417538e-03 1.00000000000000e+05 
9.52766849422670e-03 1.00000000000000e+05 
9.67856845472736e-03 1.00000000000000e+05 
9.82547590842960e-03 1.00000000000000e+05 
9.97401661077191e-03 1.00000000000000e+05 
1.01217657378694e-02 1.00000000000000e+05 
1.02721347659575e-02 1.00000000000000e+05 
1.04231283876322e-02 1.00000000000000e+05 
1.05807589725679e-02 1.00000000000000e+05 
1.07299287534582e-02 1.00000000000000e+05 
1.08852830729421e-02 1.00000000000000e+05 
1.10359396419491e-02 1.00000000000000e+05 
1.11939557536524e-02 1.00000000000000e+05 
1.13514022910863e-02 1.00000000000000e+05 
1.15163831718461e-02 1.00000000000000e+05 
1.16710650361649e-02 1.00000000000000e+05 
1.18337875881864e-02 1.00000000000000e+05 
1.19901098588712e-02 1.00000000000000e+05 
1.21550129930861e-02 1.00000000000000e+05 
1.23193072099982e-02 1.00000000000000e+05 
1.24933708687165e-02 1.00000000000000e+05 
1.26535209832682e-02 1.00000000000000e+05 
1.28259982754948e-02 1.00000000000000e+05 
1.29896352397971e-02 1.00000000000000e+05 
1.31647107531409e-02 1.00000000000000e+05 
1.33356535138425e-02 1.00000000000000e+05 
1.35143758637972e-02 1.00000000000000e+05 
1.36845880604679e-02 1.00000000000000e+05 
1.38645656101709e-02 1.00000000000000e+05 
1.40390672149114e-02 1.00000000000000e+05 
1.42234577791248e-02 1.00000000000000e+05 
1.44093996528804e-02 1.00000000000000e+05 
1.45928543486566e-02 1.00000000000000e+05 
1.47744438697625e-02 1.00000000000000e+05 
1.49572101893614e-02 1.00000000000000e+05 
1.51421175257020e-02 1.00000000000000e+05 
1.53281027897345e-02 1.00000000000000e+05 
1.55018872188429e-02 1.00000000000000e+05 
1.56823914686047e-02 1.00000000000000e+05 
1.58596410718053e-02 1.00000000000000e+05 
1.60445769878624e-02 1.00000000000000e+05 
1.62140647689472e-02 1.00000000000000e+05 
1.63921202600519e-02 1.00000000000000e+05 
1.65690479093702e-02 1.00000000000000e+05 
1.67563337345095e-02 1.00000000000000e+05 
1.69291227671683e-02 1.00000000000000e+05 
1.71132579812135e-02 1.00000000000000e+05 
1.72885799403494e-02 1.00000000000000e+05 
1.74769582516271e-02 1.00000000000000e+05 
1.76628194106208e-02 1.00000000000000e+05 
1.78407605229772e-02 1.00000000000000e+05 
1.80221813130306e-02 1.00000000000000e+05 
1.82091101595106e-02 1.00000000000000e+05 
1.83706996909501e-02 1.00000000000000e+05 
1.85479848836461e-02 1.00000000000000e+05 
1.87339391966056e-02 1.00000000000000e+05 
1.89187366450807e-02 1.00000000000000e+05 
1.91019541052751e-02 1.00000000000000e+05 
1.92940733988765e-02 1.00000000000000e+05 
1.94785096130456e-02 1.00000000000000e+05 
1.96733804313637e-02 1.00000000000000e+05 
1.98674747092132e-02 1.00000000000000e+05 
2.00687349296136e-02 1.00000000000000e+05 
2.02579766926421e-02 1.00000000000000e+05 
2.04601186063679e-02 1.00000000000000e+05 
2.06542906274628e-02 1.00000000000000e+05 
2.08545787223374e-02 1.00000000000000e+05 
2.10548058140771e-02 1.00000000000000e+05 
2.12567682707926e-02 1.00000000000000e+05 
2.14542003969509e-02 1.00000000000000e+05 
2.16593922635928e-02 1.00000000000000e+05 
2.18577362526304e-02 1.00000000000000e+05 
2.20645481860141e-02 1.00000000000000e+05 
2.22698828139985e-02 1.00000000000000e+05 
2.24810905359736e-02 1.00000000000000e+05 
2.26820517065638e-02 1.00000000000000e+05 
2.28941357477439e-02 1.00000000000000e+05 
2.30976133619390e-02 1.00000000000000e+05 
2.33099719063431e-02 1.00000000000000e+05 
2.35231700963087e-02 1.00000000000000e+05 
2.37393381639129e-02 1.00000000000000e+05 
2.39485399574552e-02 1.00000000000000e+05 
2.41642311523765e-02 1.00000000000000e+05 
2.43740932743307e-02 1.00000000000000e+05 
2.45897657335458e-02 1.00000000000000e+05 
2.48054856950190e-02 1.00000000000000e+05 
2.50212774045412e-02 1.00000000000000e+05 
2.52348788068461e-02 1.00000000000000e+05 
2.54508396017884e-02 1.00000000000000e+05 
2.56655422316856e-02 1.00000000000000e+05 
2.58813577438983e-02 1.00000000000000e+05 
2.60971473377172e-02 1.00000000000000e+05 
2.63128629229171e-02 1.00000000000000e+05 
2.65284234169334e-02 1.00000000000000e+05 
2.67435268179480e-02 1.00000000000000e+05 
2.69587153266536e-02 1.00000000000000e+05 
2.71738275553031e-02 1.00000000000000e+05 
2.73889153970983e-02 1.00000000000000e+05 
2.76039453001451e-02 1.00000000000000e+05 
2.78188860267940e-02 1.00000000000000e+05 
2.80338205028862e-02 1.00000000000000e+05 
2.82486829743652e-02 1.00000000000000e+05 
2.84634911129588e-02 1.00000000000000e+05 
2.86783221633248e-02 1.00000000000000e+05 
2.88931319172743e-02 1.00000000000000e+05 
2.91079031147147e-02 1.00000000000000e+05 
2.93226966658388e-02 1.00000000000000e+05 
2.95374220157472e-02 1.00000000000000e+05 
2.97521192586314e-02 1.00000000000000e+05 
2.99668416614785e-02 1.00000000000000e+05 
3.01815449861681e-02 1.00000000000000e+05 
3.03962106461157e-02 1.00000000000000e+05 
3.06108856891550e-02 1.00000000000000e+05 
3.08255071454026e-02 1.00000000000000e+05 
3.10401463159981e-02 1.00000000000000e+05 
3.12548739765737e-02 1.00000000000000e+05 
3.14696434571651e-02 1.00000000000000e+05 
3.16844178965518e-02 1.00000000000000e+05 
3.18992264847864e-02 1.00000000000000e+05 
3.21140060201168e-02 1.00000000000000e+05 
3.23287846222358e-02 1.00000000000000e+05 
3.25436012325586e-02 1.00000000000000e+05 
3.27584169570361e-02 1.00000000000000e+05 
3.29732092538746e-02 1.00000000000000e+05 
3.31880107634475e-02 1.00000000000000e+05 
3.34027557179730e-02 1.00000000000000e+05 
3.36174780718205e-02 1.00000000000000e+05 
3.38322382112521e-02 1.00000000000000e+05 
3.40469714439736e-02 1.00000000000000e+05 
3.42618490885461e-02 1.00000000000000e+05 
3.44768031603924e-02 1.00000000000000e+05 
3.46918430818296e-02 1.00000000000000e+05 
3.49069678599580e-02 1.00000000000000e+05 
3.51222074812940e-02 1.00000000000000e+05 
3.53375327527149e-02 1.00000000000000e+05 
3.55529558182065e-02 1.00000000000000e+05 
3.57685009829421e-02 1.00000000000000e+05 
3.59841224816006e-02 1.00000000000000e+05 
3.61998419645136e-02 1.00000000000000e+05 
3.64157079903258e-02 1.00000000000000e+05 
3.66316967370307e-02 1.00000000000000e+05 
3.68478213096800e-02 1.00000000000000e+05 
3.70641187571431e-02 1.00000000000000e+05 
3.72805389383965e-02 1.00000000000000e+05 
3.74970999597115e-02 1.00000000000000e+05 
3.77138676134639e-02 1.00000000000000e+05 
3.79308036596863e-02 1.00000000000000e+05 
3.81479479494653e-02 1.00000000000000e+05 
3.83653290249970e-02 1.00000000000000e+05 
3.85828859384098e-02 1.00000000000000e+05 
3.88006593966217e-02 1.00000000000000e+05 
3.90187263085889e-02 1.00000000000000e+05 
3.92369816538618e-02 1.00000000000000e+05 
3.94554315302088e-02 1.00000000000000e+05 
3.96742972228451e-02 1.00000000000000e+05 
3.98940419998629e-02 1.00000000000000e+05 
4.01157885498489e-02 1.00000000000000e+05 
4.03378300394764e-02 1.00000000000000e+05 
4.05610927865892e-02 1.00000000000000e+05 
4.07843440965765e-02 1.00000000000000e+05 
4.10081767234036e-02 1.00000000000000e+05 
4.12324752321301e-02 1.00000000000000e+05 
4.14573367319817e-02 1.00000000000000e+05 
4.16805397973206e-02 1.00000000000000e+05 
4.19052867062075e-02 1.00000000000000e+05 
4.21302384033417e-02 1.00000000000000e+05 
4.23550631653745e-02 1.00000000000000e+05 
4.25802294621117e-02 1.00000000000000e+05 
4.28055326428139e-02 1.00000000000000e+05 
4.30308757106510e-02 1.00000000000000e+05 
4.32560552530014e-02 1.00000000000000e+05 
4.34808937253027e-02 1.00000000000000e+05 
4.37057931600176e-02 1.00000000000000e+05 
4.39307893624553e-02 1.00000000000000e+05 
4.41559666781490e-02 1.00000000000000e+05 
4.43811738999535e-02 1.00000000000000e+05 
4.46064902835993e-02 1.00000000000000e+05 
4.48318117422789e-02 1.00000000000000e+05 
4.50569676595006e-02 1.00000000000000e+05 
4.52820929371883e-02 1.00000000000000e+05 
4.55074206245629e-02 1.00000000000000e+05 
4.57328454622826e-02 1.00000000000000e+05 
4.59584994358977e-02 1.00000000000000e+05 
4.61844106487603e-02 1.00000000000000e+05 
4.64104575728306e-02 1.00000000000000e+05 
4.66367206690545e-02 1.00000000000000e+05 
4.68631221038881e-02 1.00000000000000e+05 
4.70895406284704e-02 1.00000000000000e+05 
4.73159660084273e-02 1.00000000000000e+05 
4.75424183422766e-02 1.00000000000000e+05 
4.77688898753633e-02 1.00000000000000e+05 
4.79954052828249e-02 1.00000000000000e+05 
4.82219512375485e-02 1.00000000000000e+05 
4.84485454409012e-02 1.00000000000000e+05 
4.86751577045992e-02 1.00000000000000e+05 
4.89018003906072e-02 1.00000000000000e+05 
4.91284288513887e-02 1.00000000000000e+05 
4.93550834265161e-02 1.00000000000000e+05 
4.95817716127019e-02 1.00000000000000e+05 
4.98085179397548e-02 1.00000000000000e+05 
5.00353118671580e-02 1.00000000000000e+05 
5.02621821737820e-02 1.00000000000000e+05 
5.04890867253288e-02 1.00000000000000e+05 
5.07160765333633e-02 1.00000000000000e+05 
5.09431312033156e-02 1.00000000000000e+05 
5.11702551369137e-02 1.00000000000000e+05 
5.13974406359970e-02 1.00000000000000e+05 
5.16247156509564e-02 1.00000000000000e+05 
5.18520255523564e-02 1.00000000000000e+05 
5.20794035334374e-02 1.00000000000000e+05 
5.23068217626546e-02 1.00000000000000e+05 
5.25342844661396e-02 1.00000000000000e+05 
5.27617905324002e-02 1.00000000000000e+05 
5.29893639885545e-02 1.00000000000000e+05 
5.32169657053290e-02 1.00000000000000e+05 
5.34446304652430e-02 1.00000000000000e+05 
5.36723342964562e-02 1.00000000000000e+05 
5.39000766654234e-02 1.00000000000000e+05 
5.41278577822260e-02 1.00000000000000e+05 
5.43556969056970e-02 1.00000000000000e+05 
5.45835530737572e-02 1.00000000000000e+05 
5.48114554817562e-02 1.00000000000000e+05 
5.50393827915737e-02 1.00000000000000e+05 
5.52673319511960e-02 1.00000000000000e+05 
5.54953023100528e-02 1.00000000000000e+05 
5.57233087304552e-02 1.00000000000000e+05 
5.59513115394485e-02 1.00000000000000e+05 
5.61793476752265e-02 1.00000000000000e+05 
5.64074015256847e-02 1.00000000000000e+05 
5.66354695703356e-02 1.00000000000000e+05 
5.68635586964539e-02 1.00000000000000e+05 
5.70915391401407e-02 1.00000000000000e+05 
5.73195785545882e-02 1.00000000000000e+05 
5.75474476830616e-02 1.00000000000000e+05 
5.77752805458300e-02 1.00000000000000e+05 
5.80031378985721e-02 1.00000000000000e+05 
5.82310663964820e-02 1.00000000000000e+05 
5.84591186080281e-02 1.00000000000000e+05 
5.86872857215550e-02 1.00000000000000e+05 
5.89156366477763e-02 1.00000000000000e+05 
5.91440544885068e-02 1.00000000000000e+05 
5.93724926773087e-02 1.00000000000000e+05 
5.96009607923818e-02 1.00000000000000e+05 
5.98294310329458e-02 1.00000000000000e+05 
6.00578725629645e-02 1.00000000000000e+05 
6.02863112827662e-02 1.00000000000000e+05 
6.05147387977454e-02 1.00000000000000e+05 
6.07431580590130e-02 1.00000000000000e+05 
6.09715886464973e-02 1.00000000000000e+05 
6.12000288407263e-02 1.00000000000000e+05 
6.14284688067334e-02 1.00000000000000e+05 
6.16569314894596e-02 1.00000000000000e+05 
6.18854127522255e-02 1.00000000000000e+05 
6.21139163004280e-02 1.00000000000000e+05 
6.23424546929404e-02 1.00000000000000e+05 
6.25710272225590e-02 1.00000000000000e+05 
6.27995927673890e-02 1.00000000000000e+05 
6.30281477413639e-02 1.00000000000000e+05 
6.32567174801448e-02 1.00000000000000e+05 
6.34852952909562e-02 1.00000000000000e+05 
6.37138780568932e-02 1.00000000000000e+05 
6.39424248073291e-02 1.00000000000000e+05 
6.41709412609236e-02 1.00000000000000e+05 
6.43994226453079e-02 1.00000000000000e+05 
6.46279060504712e-02 1.00000000000000e+05 
6.48563817567834e-02 1.00000000000000e+05 
6.50848533393032e-02 1.00000000000000e+05 
6.53132748824442e-02 1.00000000000000e+05 
6.55416776079825e-02 1.00000000000000e+05 
6.57700633367571e-02 1.00000000000000e+05 
6.59984711780992e-02 1.00000000000000e+05 
6.62268919676320e-02 1.00000000000000e+05 
6.64553257950149e-02 1.00000000000000e+05 
6.66837197459267e-02 1.00000000000000e+05 
6.69120970269478e-02 1.00000000000000e+05 
6.71404438160458e-02 1.00000000000000e+05 
6.73687936072358e-02 1.00000000000000e+05 
6.75971439165318e-02 1.00000000000000e+05 
6.78254901030225e-02 1.00000000000000e+05 
6.80537758928477e-02 1.00000000000000e+05 
6.82820363085873e-02 1.00000000000000e+05 
6.85102481003289e-02 1.00000000000000e+05 
6.87384557947113e-02 1.00000000000000e+05 
6.89666711077169e-02 1.00000000000000e+05 
6.91948904104575e-02 1.00000000000000e+05 
6.94230696210820e-02 1.00000000000000e+05 
6.96512583905400e-02 1.00000000000000e+05 
6.98794505899497e-02 1.00000000000000e+05 
7.01076944819132e-02 1.00000000000000e+05 
7.03359877969043e-02 1.00000000000000e+05 
7.05643283159648e-02 1.00000000000000e+05 
7.07926733535768e-02 1.00000000000000e+05 
7.10210522943443e-02 1.00000000000000e+05 
7.12494651823001e-02 1.00000000000000e+05 
7.14779481590015e-02 1.00000000000000e+05 
7.17064433423154e-02 1.00000000000000e+05 
7.19349452323148e-02 1.00000000000000e+05 
7.21634552535687e-02 1.00000000000000e+05 
7.23919487973695e-02 1.00000000000000e+05 
7.26204278730763e-02 1.00000000000000e+05 
7.28489195274859e-02 1.00000000000000e+05 
7.30774175137554e-02 1.00000000000000e+05 
7.33059128227206e-02 1.00000000000000e+05 
7.35343864604618e-02 1.00000000000000e+05 
7.37628498722734e-02 1.00000000000000e+05 
7.39913070954229e-02 1.00000000000000e+05 
7.42197871288034e-02 1.00000000000000e+05 
7.44482830228223e-02 1.00000000000000e+05 
7.46767863378129e-02 1.00000000000000e+05 
7.49052735992678e-02 1.00000000000000e+05 
7.51337591807915e-02 1.00000000000000e+05 
7.53622428118287e-02 1.00000000000000e+05 
7.55907529570351e-02 1.00000000000000e+05 
7.58192877940437e-02 1.00000000000000e+05 
7.60478365375305e-02 1.00000000000000e+05 
7.62763745714533e-02 1.00000000000000e+05 
7.65049232749442e-02 1.00000000000000e+05 
7.67334771439337e-02 1.00000000000000e+05 
7.69620665687167e-02 1.00000000000000e+05 
7.71906929416035e-02 1.00000000000000e+05 
7.74193436425191e-02 1.00000000000000e+05 
7.76479879322724e-02 1.00000000000000e+05 
7.78766493844613e-02 1.00000000000000e+05 
7.81053156725728e-02 1.00000000000000e+05 
7.83340159761689e-02 1.00000000000000e+05 
7.85627537077972e-02 1.00000000000000e+05 
7.87915123826904e-02 1.00000000000000e+05 
7.90202541643324e-02 1.00000000000000e+05 
7.92490042211554e-02 1.00000000000001e+05 
7.94777464420197e-02 1.00000000000001e+05 
7.97065108667238e-02 1.00000000000001e+05 
7.99353083422301e-02 1.00000000000001e+05 
8.01641202106931e-02 1.00000000000002e+05 
8.03929066621283e-02 1.00000000000003e+05 
8.06217054287522e-02 1.00000000000004e+05 
8.08504914666353e-02 1.00000000000006e+05 
8.10793024415274e-02 1.00000000000008e+05 
8.13081626110457e-02 1.00000000000011e+05 
8.15370502518226e-02 1.00000000000016e+05 
8.17659161910352e-02 1.00000000000022e+05 
8.19948145034990e-02 1.00000000000031e+05 
8.22237050501899e-02 1.00000000000042e+05 
8.24526285916229e-02 1.00000000000056e+05 
8.26816164495512e-02 1.00000000000078e+05 
8.29105990992182e-02 1.00000000000111e+05 
8.31395816633759e-02 1.00000000000147e+05 
8.33685462087745e-02 1.00000000000202e+05 
8.35975059608357e-02 1.00000000000267e+05 
8.38264504598250e-02 1.00000000000349e+05 
8.40553914940159e-02 1.00000000000477e+05 
8.42843335490833e-02 1.00000000000667e+05 
8.45132908859572e-02 1.00000000000789e+05 
8.47422442063134e-02 1.00000000000939e+05 
8.49712028460761e-02 1.00000000001151e+05 
8.52001535685652e-02 1.00000000001741e+05 
8.54291092758670e-02 1.00000000002965e+05 
8.56580693391295e-02 1.00000000005424e+05 
8.58870496240117e-02 1.00000000013516e+05 
8.61160257212297e-02 1.00000000029184e+05 
8.63450033895325e-02 1.00000000056892e+05 
8.65739699913636e-02 1.00000000097722e+05 
8.68029402982869e-02 1.00000000253803e+05 
8.70319133302713e-02 1.00000000434209e+05 
8.72609084822238e-02 1.00000000654968e+05 
8.74899042844825e-02 1.00000000890238e+05 
8.77189067039150e-02 1.00000001146970e+05 
8.79479044399641e-02 1.00000001423326e+05 
8.81769154943291e-02 1.00000001687789e+05 
8.84059375417730e-02 1.00000001972742e+05 
8.86349962712209e-02 1.00000002155094e+05 
8.88640682930365e-02 1.00000002379710e+05 
8.90931599062377e-02 1.00000002642889e+05 
8.93222587037505e-02 1.00000002955622e+05 
8.95513801442467e-02 1.00000003309763e+05 
8.97805229834008e-02 1.00000003708848e+05 
9.00097031249584e-02 1.00000004145268e+05 
9.02388860299618e-02 1.00000004660617e+05 
9.04680628956069e-02 1.00000005236332e+05 
9.06972625395543e-02 1.00000005870349e+05 
9.09264925231940e-02 1.00000006601628e+05 
9.11557362223065e-02 1.00000007434653e+05 
9.13849604887902e-02 1.00000008330695e+05 
9.16141926480973e-02 1.00000009342783e+05 
9.18434116521538e-02 1.00000010467179e+05 
9.20726446496507e-02 1.00000011711627e+05 
9.23019101275122e-02 1.00000013164352e+05 
9.25311934749207e-02 1.00000014862156e+05 
9.27604597070997e-02 1.00000016822551e+05 
9.29897400951526e-02 1.00000019237054e+05 
9.32190136418002e-02 1.00000022151961e+05 
9.34483083762380e-02 1.00000025597895e+05 
9.36776472394097e-02 1.00000029964088e+05 
9.39070117436186e-02 1.00000035522368e+05 
9.41363614548449e-02 1.00000042331199e+05 
9.43657395298847e-02 1.00000051163251e+05 
9.45951140720517e-02 1.00000062062255e+05 
9.48245197779661e-02 1.00000075430260e+05 
9.50539899063302e-02 1.00000092240546e+05 
9.52834755667193e-02 1.00000113297600e+05 
9.55129436943863e-02 1.00000138839756e+05 
9.57424175703992e-02 1.00000170432648e+05 
9.59718601897027e-02 1.00000208628564e+05 
9.62013114398255e-02 1.00000254487250e+05 
9.64307764449629e-02 1.00000309703860e+05 
9.66602473316370e-02 1.00000375502654e+05 
9.68897255188623e-02 1.00000452212952e+05 
9.71192029514365e-02 1.00000542004407e+05 
9.73486876650440e-02 1.00000645035646e+05 
9.75781675700010e-02 1.00000762335326e+05 
9.78076477511914e-02 1.00000895770689e+05 
9.80371411727019e-02 1.00001046144189e+05 
9.82666490263310e-02 1.00001212028259e+05 
9.84961671989657e-02 1.00001396081324e+05 
9.87256996558437e-02 1.00001596496435e+05 
9.89552361232271e-02 1.00001813323161e+05 
9.91847816512582e-02 1.00002049035697e+05 
9.94143362759493e-02 1.00002304595518e+05 
9.96439078459053e-02 1.00002575195324e+05 
9.98734806260207e-02 1.00002868267312e+05 
1.00103059079843e-01 1.00003180841813e+05 
1.00332633619509e-01 1.00003512832595e+05 
1.00562219514017e-01 1.00003875274428e+05 
1.00791818036932e-01 1.00004278780098e+05 
1.01021441897658e-01 1.00004716545746e+05 
1.01251076577602e-01 1.00005217827486e+05 
1.01480728535087e-01 1.00005783180066e+05 
1.01710389536452e-01 1.00006429555607e+05 
1.01940072562005e-01 1.00007200468988e+05 
1.02169779528474e-01 1.00008112399882e+05 
1.02399520482164e-01 1.00009217413057e+05 
1.02629276924487e-01 1.00010554552354e+05 
1.02859055784877e-01 1.00012167461268e+05 
1.03088844975011e-01 1.00014115841041e+05 
1.03318651593796e-01 1.00016497106678e+05 
1.03548478016565e-01 1.00019418270802e+05 
1.03778325246686e-01 1.00022851723872e+05 
1.04008177442255e-01 1.00026984495646e+05 
1.04238040122982e-01 1.00031900674432e+05 
1.04467906376042e-01 1.00037737504919e+05 
1.04697781706804e-01 1.00044705213048e+05 
1.04927672136602e-01 1.00052945392991e+05 
1.05157573610263e-01 1.00062598182793e+05 
1.05387474028814e-01 1.00073940784306e+05 
1.05617382570436e-01 1.00087085017521e+05 
1.05847292964364e-01 1.00102233343409e+05 
1.06077210525893e-01 1.00119617757673e+05 
1.06307140583117e-01 1.00139442009997e+05 
1.06537078369673e-01 1.00161856638912e+05 
1.06767015751368e-01 1.00187104693045e+05 
1.06996956832131e-01 1.00215326697107e+05 
1.07226897809495e-01 1.00246806131261e+05 
1.07456847812043e-01 1.00281722157557e+05 
1.07686808369287e-01 1.00320223610900e+05 
1.07916774674498e-01 1.00362393513962e+05 
1.08146738081123e-01 1.00408361107547e+05 
1.08376700222055e-01 1.00458034091502e+05 
1.08606656225872e-01 1.00511718677254e+05 
1.08836593465914e-01 1.00569260746148e+05 
1.09066509621999e-01 1.00630667194941e+05 
1.09296396631949e-01 1.00695740429490e+05 
1.09526250059358e-01 1.00764262826767e+05 
1.09756066849964e-01 1.00835949632420e+05 
1.09985843188719e-01 1.00910754902667e+05 
1.10215589537095e-01 1.00988132026427e+05 
1.10445315900674e-01 1.01067845144922e+05 
1.10675017180000e-01 1.01149074839758e+05 
1.10904700935240e-01 1.01231457596337e+05 
1.11134366052561e-01 1.01314423113985e+05 
1.11364011758226e-01 1.01397661512099e+05 
1.11593653178948e-01 1.01480060696431e+05 
1.11823298444448e-01 1.01561527253687e+05 
1.12043365100605e-01 1.01637730480496e+05 
1.12273015932165e-01 1.01714365946548e+05 
1.12502667197951e-01 1.01787285642641e+05 
1.12732313628931e-01 1.01856715164600e+05 
1.12961969031644e-01 1.01920010953391e+05 
1.13191640155254e-01 1.01976719880963e+05 
1.13421328378205e-01 1.02026185898002e+05 
1.13651029216570e-01 1.02073614317087e+05 
1.13880734576270e-01 1.02110787125704e+05 
1.14110434587916e-01 1.02136517817877e+05 
1.14340145712941e-01 1.02152907279495e+05 
1.14569870016992e-01 1.02162258885253e+05 
1.14799601915508e-01 1.02158440599067e+05 
1.15029344528688e-01 1.02153359806637e+05 
1.15259102462769e-01 1.02147775686361e+05 
1.15488868506155e-01 1.02141853953615e+05 
1.15718658275187e-01 1.02131486538791e+05 
1.15948477631069e-01 1.02116507985393e+05 
1.16178346183167e-01 1.02095316681988e+05 
1.16408249391191e-01 1.02065457999347e+05 
1.16638187029548e-01 1.02028154187226e+05 
1.16868141201514e-01 1.01984831333568e+05 
1.17098117258310e-01 1.01935171812219e+05 
1.17328118661470e-01 1.01879109041737e+05 
1.17558143229694e-01 1.01817306712667e+05 
1.17788171243526e-01 1.01750002587772e+05 
1.18018202565473e-01 1.01678216220395e+05 
1.18248231818979e-01 1.01602167864615e+05 
1.18478265941798e-01 1.01521783375265e+05 
1.18708307897522e-01 1.01437305198989e+05 
1.18938350125118e-01 1.01349772800992e+05 
1.19168378958235e-01 1.01259014173241e+05 
1.19398393535125e-01 1.01166220542384e+05 
1.19628379654127e-01 1.01071522709758e+05 
1.19858343951267e-01 1.00974663255184e+05 
1.20088284580152e-01 1.00875441888255e+05 
1.20318201277369e-01 1.00775730327862e+05 
1.20548092823820e-01 1.00674801400032e+05 
1.20777955785440e-01 1.00573832574770e+05 
1.21007800987120e-01 1.00473097278026e+05 
1.21237666041165e-01 1.00372774390840e+05 
1.21467561452542e-01 1.00272399051082e+05 
1.21697494252733e-01 1.00173114517398e+05 
1.21927442016853e-01 1.00075495459895e+05 
1.22157398304922e-01 9.99804627661525e+04 
1.22387350966023e-01 9.98877469038239e+04 
1.22617305671066e-01 9.97970403831634e+04 
1.22847261963561e-01 9.97063091796141e+04 
1.23077216369323e-01 9.96178107258162e+04 
1.23307153199229e-01 9.95307951108172e+04 
1.23537073118854e-01 9.94467501752873e+04 
1.23766971336387e-01 9.93663210223638e+04 
1.23996860030499e-01 9.92895617748876e+04 
1.24226739935999e-01 9.92155585118935e+04 
1.24456606299636e-01 9.91452933048636e+04 
1.24686449462159e-01 9.90784301016021e+04 
1.24916265500859e-01 9.90151247582370e+04 
1.25146051371938e-01 9.89553397346315e+04 
1.25375826572069e-01 9.88990733634597e+04 
1.25605587046520e-01 9.88459435785607e+04 
1.25835335787118e-01 9.87966770394375e+04 
1.26065069381492e-01 9.87510279045576e+04 
1.26294781944670e-01 9.87087434932250e+04 
1.26524474459075e-01 9.86708921652130e+04 
1.26754171755158e-01 9.86366772500899e+04 
1.26983869365520e-01 9.86032587793196e+04 
1.27213578774712e-01 9.85776747975769e+04 
1.27443292626903e-01 9.85583339409974e+04 
1.27673006735753e-01 9.85444388069018e+04 
1.27902717199395e-01 9.85353314641054e+04 
1.28132444733728e-01 9.85349601107430e+04 
1.28362186049478e-01 9.85354715749244e+04 
1.28591952604635e-01 9.85365784187064e+04 
1.28821730995066e-01 9.85416291086700e+04 
1.29051518456976e-01 9.85505848068169e+04 
1.29281306509184e-01 9.85646041158038e+04 
1.29511112027176e-01 9.85834242044225e+04 
1.29740932075651e-01 9.86100937315434e+04 
1.29970772430714e-01 9.86440129725087e+04 
1.30200621735440e-01 9.86842883380244e+04 
1.30430475487544e-01 9.87300275620860e+04 
1.30660327980387e-01 9.87808111013899e+04 
1.30890192954470e-01 9.88367073868946e+04 
1.31120067283141e-01 9.88975110625041e+04 
1.31349951838945e-01 9.89617068850009e+04 
1.31579837635630e-01 9.90291217476678e+04 
1.31809719415338e-01 9.90982824770471e+04 
1.32039592119406e-01 9.91692759884485e+04 
1.32269470524489e-01 9.92410107164922e+04 
1.32499352026181e-01 9.93135402974297e+04 
1.32725692860911e-01 9.93838901726099e+04 
1.32955575939805e-01 9.94545924208983e+04 
1.33185451149824e-01 9.95233426056614e+04 
1.33415314356742e-01 9.95902766703297e+04 
1.33645181149703e-01 9.96545332843897e+04 
1.33875050116555e-01 9.97175904790585e+04 
1.34104921575214e-01 9.97770149949682e+04 
1.34334786660163e-01 9.98334092738525e+04 
1.34564632105986e-01 9.98870341246954e+04 
1.34794445119798e-01 9.99374395393480e+04 
1.35024245653004e-01 9.99844093840439e+04 
1.35254034696335e-01 1.00028221863818e+05 
1.35483815970668e-01 1.00066665336231e+05 
1.35713595759911e-01 1.00103929447877e+05 
1.35943380440674e-01 1.00134305236578e+05 
1.36173172672466e-01 1.00158294031095e+05 
1.36402985363261e-01 1.00177600945961e+05 
1.36632815984963e-01 1.00193293807333e+05 
1.36862662341164e-01 1.00201970676052e+05 
1.37092510710083e-01 1.00210809113516e+05 
1.37322357552776e-01 1.00219082649359e+05 
1.37552193750005e-01 1.00226708108142e+05 
1.37782027409241e-01 1.00232204336674e+05 
1.38011862667948e-01 1.00235740770485e+05 
1.38241691406253e-01 1.00236243089422e+05 
1.38471510629065e-01 1.00232927212158e+05 
1.38701319846661e-01 1.00225788004315e+05 
1.38931120121971e-01 1.00215214008568e+05 
1.39160924689492e-01 1.00201457916526e+05 
1.39390736918017e-01 1.00183904005513e+05 
1.39620546690447e-01 1.00162977905012e+05 
1.39850358492853e-01 1.00138516760709e+05 
1.40080167747367e-01 1.00112871148633e+05 
1.40309979785177e-01 1.00085384718007e+05 
1.40539806688885e-01 1.00055477732981e+05 
1.40769650259767e-01 1.00023049678467e+05 
1.40999501765637e-01 9.99888654549668e+04 
1.41229362192734e-01 9.99532279738914e+04 
1.41459226268331e-01 9.99165560523696e+04 
1.41689095958525e-01 9.98787589321770e+04 
1.41918982381403e-01 9.98401413257046e+04 
1.42148885906620e-01 9.98008339697189e+04 
1.42378798869708e-01 9.97613306962378e+04 
1.42608719342475e-01 9.97221229839280e+04 
1.42838642286522e-01 9.96831329459054e+04 
1.43068566617793e-01 9.96444388520123e+04 
1.43298500822227e-01 9.96062587205821e+04 
1.43528444807803e-01 9.95685092758783e+04 
1.43758392392499e-01 9.95319420821463e+04 
1.43988341686369e-01 9.94964108508670e+04 
1.44218287606955e-01 9.94625443270447e+04 
1.44448230997623e-01 9.94304514920089e+04 
1.44678181544714e-01 9.94000109745579e+04 
1.44908139535789e-01 9.93713379512438e+04 
1.45138100680520e-01 9.93445023820091e+04 
1.45368064429029e-01 9.93205536363345e+04 
1.45598025615617e-01 9.92992792798889e+04 
1.45827985307071e-01 9.92791881816906e+04 
1.46057954144237e-01 9.92643364749708e+04 
1.46287933397742e-01 9.92534108742450e+04 
1.46517918741941e-01 9.92458215075659e+04 
1.46747907833443e-01 9.92421562452951e+04 
1.46977896583970e-01 9.92406499062529e+04 
1.47207883150752e-01 9.92401605851124e+04 
1.47437876166412e-01 9.92413615905175e+04 
1.47667877064481e-01 9.92442956473753e+04 
1.47897881001883e-01 9.92494832928856e+04 
1.48127882804585e-01 9.92565935179758e+04 
1.48357879331421e-01 9.92662695377571e+04 
1.48587867037689e-01 9.92782387639070e+04 
1.48817854368560e-01 9.92924055622603e+04 
1.49047843339730e-01 9.93079473041137e+04 
1.49277830298871e-01 9.93249129181358e+04 
1.49507810945016e-01 9.93432688929598e+04 
1.49737784526233e-01 9.93632048415523e+04 
1.49967750067238e-01 9.93849056366047e+04 
1.50197716308440e-01 9.94080857841254e+04 
1.50427688444949e-01 9.94327440329085e+04 
1.50657663075632e-01 9.94584037223688e+04 
1.50887637778554e-01 9.94851696145235e+04 
1.51117613603620e-01 9.95129477827650e+04 
1.51347590757782e-01 9.95417301283526e+04 
1.51577576956481e-01 9.95715078740090e+04 
1.51807579342969e-01 9.96018888746460e+04 
1.52037591916084e-01 9.96326604743708e+04 
1.52267612757215e-01 9.96638067680109e+04 
1.52497643595630e-01 9.96950502695474e+04 
1.52727684784504e-01 9.97262569046957e+04 
1.52957740563508e-01 9.97575799122970e+04 
1.53187817632034e-01 9.97883276880568e+04 
1.53417905514499e-01 9.98184041114743e+04 
1.53648001616597e-01 9.98479508636782e+04 
1.53878106236027e-01 9.98773299941137e+04 
1.54108219455928e-01 9.99062434412105e+04 
1.54338341715435e-01 9.99346218967487e+04 
1.54568478738525e-01 9.99624326428423e+04 
1.54798616274187e-01 9.99896485121836e+04 
1.55028750837020e-01 1.00016277629860e+05 
1.55258880308636e-01 1.00042433726752e+05 
1.55489002835015e-01 1.00067992263075e+05 
1.55719122218666e-01 1.00093261334151e+05 
1.55949241883595e-01 1.00118284282165e+05 
1.56179349616433e-01 1.00142153091924e+05 
1.56409444133131e-01 1.00164983588489e+05 
1.56639521418237e-01 1.00187229576143e+05 
1.56869576360969e-01 1.00209160905767e+05 
1.57099618337389e-01 1.00230769933440e+05 
1.57329649546861e-01 1.00250743994058e+05 
1.57559665323608e-01 1.00271946707655e+05 
1.57789662822656e-01 1.00292280776768e+05 
1.58019638041243e-01 1.00312897704412e+05 
1.58249584732750e-01 1.00333370072330e+05 
1.58479516381508e-01 1.00353625636849e+05 
1.58709435715986e-01 1.00373802702477e+05 
1.58939344625925e-01 1.00393166251790e+05 
1.59169238325077e-01 1.00411365711566e+05 
1.59399115783472e-01 1.00428368932305e+05 
1.59628969135218e-01 1.00444574434616e+05 
1.59858812421007e-01 1.00459227257379e+05 
1.60088649316714e-01 1.00471272330103e+05 
1.60318485257255e-01 1.00480969243920e+05 
1.60548314629947e-01 1.00487755627624e+05 
1.60778137748575e-01 1.00493011532966e+05 
1.61007945793426e-01 1.00498041363648e+05 
1.61237752735255e-01 1.00499135577455e+05 
1.61467564188227e-01 1.00497046308567e+05 
1.61697386195839e-01 1.00493268096103e+05 
1.61927211895817e-01 1.00487766294767e+05 
1.62157042452989e-01 1.00480059107911e+05 
1.62386868855592e-01 1.00473617236236e+05 
1.62616703409557e-01 1.00467680378937e+05 
1.62846551780434e-01 1.00461042075912e+05 
1.63076417562769e-01 1.00452919297235e+05 
1.63306291075388e-01 1.00443191842182e+05 
1.63536174212453e-01 1.00432374214656e+05 
1.63766056128352e-01 1.00420560160232e+05 
1.63995945693940e-01 1.00407263732563e+05 
1.64225847469273e-01 1.00392096609730e+05 
1.64455760129858e-01 1.00375677814346e+05 
1.64685674009212e-01 1.00357423839117e+05 
1.64915590376497e-01 1.00337876905840e+05 
1.65145499838099e-01 1.00317258334950e+05 
1.65375406882551e-01 1.00295469673347e+05 
1.65605316738089e-01 1.00272019348018e+05 
1.65835223953858e-01 1.00247660010819e+05 
1.66065120674355e-01 1.00222247146862e+05 
1.66295006888563e-01 1.00196119309780e+05 
1.66524875452610e-01 1.00169433434413e+05 
1.66754733670435e-01 1.00142234519535e+05 
1.66984585444629e-01 1.00114213334651e+05 
1.67214425977564e-01 1.00085873898107e+05 
1.67444253036055e-01 1.00057117028137e+05 
1.67674063301554e-01 1.00028226256913e+05 
1.67903853501208e-01 9.99997073657857e+04 
1.68133636667447e-01 9.99714685539430e+04 
1.68363415488497e-01 9.99435619201534e+04 
1.68593187294542e-01 9.99160255292670e+04 
1.68822951751482e-01 9.98888038408854e+04 
1.69052705439665e-01 9.98622064918028e+04 
1.69282446493775e-01 9.98366551110217e+04 
1.69512187955370e-01 9.98120790890296e+04 
1.69741932589021e-01 9.97884145339661e+04 
1.69971675923790e-01 9.97656401774500e+04 
1.70201417547044e-01 9.97440533164004e+04 
1.70431154052408e-01 9.97238259865898e+04 
1.70660883130736e-01 9.97048170640378e+04 
1.70890615327466e-01 9.96872005636624e+04 
1.71120353278122e-01 9.96707096187065e+04 
1.71350088010804e-01 9.96554028948032e+04 
1.71579822080984e-01 9.96415733601293e+04 
1.71809549136740e-01 9.96294115547709e+04 
1.72039269351555e-01 9.96194774805450e+04 
1.72268995253770e-01 9.96118406819412e+04 
1.72498726978897e-01 9.96065711644416e+04 
1.72728455813809e-01 9.96032710541813e+04 
1.72958187130453e-01 9.96021594462627e+04 
1.73187911455885e-01 9.96019446235350e+04 
1.73417631465352e-01 9.96058926342683e+04 
1.73647362673469e-01 9.96128868795618e+04 
1.73877104194808e-01 9.96223811235650e+04 
1.74106849797769e-01 9.96366778929016e+04 
1.74336604933736e-01 9.96508917977412e+04 
1.74566360510414e-01 9.96652003635139e+04 
1.74796118220475e-01 9.96802192517828e+04 
1.75025892191997e-01 9.96961669322643e+04 
1.75255681491827e-01 9.97130014180353e+04 
1.75485485134271e-01 9.97308487333469e+04 
1.75715304240927e-01 9.97500046906471e+04 
1.75945134386462e-01 9.97706418213016e+04 
1.76174973780993e-01 9.97933286774921e+04 
1.76404830932137e-01 9.98172564724513e+04 
1.76634710023050e-01 9.98422821274587e+04 
1.76864607768839e-01 9.98682142885878e+04 
1.77094521567451e-01 9.98947561303826e+04 
1.77324450800252e-01 9.99218852582229e+04 
1.77554393360490e-01 9.99499106578921e+04 
1.77784354096718e-01 9.99783346674252e+04 
1.78014336897949e-01 1.00007240746631e+05 
1.78244336396727e-01 1.00037347645814e+05 
1.78474350324814e-01 1.00066101592917e+05 
1.78704377117518e-01 1.00094872132863e+05 
1.78934415630827e-01 1.00123623837965e+05 
1.79164468202565e-01 1.00151967940595e+05 
1.79394539081197e-01 1.00179803008569e+05 
1.79624620150069e-01 1.00207392160675e+05 
1.79854709092431e-01 1.00233813122582e+05 
1.80084804355705e-01 1.00260105567853e+05 
1.80314902790657e-01 1.00286243945960e+05 
1.80545007295054e-01 1.00311617707696e+05 
1.80775122956966e-01 1.00336252584505e+05 
1.81005240668976e-01 1.00359993794190e+05 
1.81235358979961e-01 1.00382857693945e+05 
1.81465476303156e-01 1.00404483568296e+05 
1.81695589015357e-01 1.00424680730722e+05 
1.81925700683663e-01 1.00442854116866e+05 
1.82155815377914e-01 1.00458928630640e+05 
1.82385926475029e-01 1.00473236279584e+05 
1.82616032536465e-01 1.00485409498652e+05 
1.82846132764186e-01 1.00495652266336e+05 
1.83076224243418e-01 1.00503370013894e+05 
1.83306312378409e-01 1.00508172785210e+05 
1.83536402505663e-01 1.00510708131096e+05 
1.83766488956465e-01 1.00510546819326e+05 
1.83996572279602e-01 1.00506229293361e+05 
1.84226652622852e-01 1.00498876985435e+05 
1.84456729734982e-01 1.00488897210331e+05 
1.84686810091244e-01 1.00476306950219e+05 
1.84916899210600e-01 1.00460090545137e+05 
1.85146991424960e-01 1.00442172690092e+05 
1.85377088774123e-01 1.00423272611543e+05 
1.85607191540223e-01 1.00403732839531e+05 
1.85837300740829e-01 1.00383503387872e+05 
1.86067420248246e-01 1.00361565684609e+05 
1.86297555893950e-01 1.00337492312172e+05 
1.86527700985999e-01 1.00311914009157e+05 
1.86757856533445e-01 1.00284723530415e+05 
1.86988022334881e-01 1.00256620175076e+05 
1.87218198011663e-01 1.00227648195528e+05 
1.87448385604587e-01 1.00197640842039e+05 
1.87678589828133e-01 1.00166410229752e+05 
1.87908803576650e-01 1.00134870984059e+05 
1.88139026718555e-01 1.00102692174753e+05 
1.88369258756517e-01 1.00070377897840e+05 
1.88599499342446e-01 1.00038163345859e+05 
1.88829748794212e-01 1.00006056129324e+05 
1.89060011708129e-01 9.99738919307939e+04 
1.89290281119375e-01 9.99423261092654e+04 
1.89520556751860e-01 9.99110391953600e+04 
1.89750838367776e-01 9.98807675106042e+04 
1.89981124971414e-01 9.98514031381182e+04 
1.90211416513820e-01 9.98226979899519e+04 
1.90441718515757e-01 9.97947078693693e+04 
1.90672024299769e-01 9.97679044780817e+04 
1.90902334128426e-01 9.97422955270090e+04 
1.91132648272109e-01 9.97178405930194e+04 
1.91362966412044e-01 9.96950997251196e+04 
1.91593288940440e-01 9.96743324042231e+04 
1.91823621246944e-01 9.96554841494278e+04 
1.92053957509233e-01 9.96387950832452e+04 
1.92284297867705e-01 9.96236517133742e+04 
1.92514641962408e-01 9.96104595407846e+04 
1.92744990093892e-01 9.96001271475596e+04 
1.92975343842775e-01 9.95924627745851e+04 
1.93205707580551e-01 9.95869933899703e+04 
1.93436075792307e-01 9.95836011554715e+04 
1.93666448888414e-01 9.95812546004821e+04 
1.93896825224926e-01 9.95800362588386e+04 
1.94127204628491e-01 9.95798225374229e+04 
1.94357588816725e-01 9.95805522026291e+04 
1.94587981723408e-01 9.95824863404686e+04 
1.94818377316384e-01 9.95855883699953e+04 
1.95048775594219e-01 9.95898329070360e+04 
1.95279175952756e-01 9.95947744422797e+04 
1.95509576164638e-01 9.96004856033932e+04 
1.95739977027346e-01 9.96068137153636e+04 
1.95970384531306e-01 9.96140243404360e+04 
1.96200792921681e-01 9.96219206208621e+04 
1.96431201207742e-01 9.96304669046166e+04 
1.96661609620099e-01 9.96393863072345e+04 
1.96892014577491e-01 9.96488848005399e+04 
1.97122417085827e-01 9.96588328958287e+04 
1.97352823990783e-01 9.96693575273038e+04 
1.97583229630497e-01 9.96802636505999e+04 
1.97813633189967e-01 9.96914745982739e+04 
1.98044035306987e-01 9.97028016179624e+04 
1.98274432458757e-01 9.97142823352740e+04 
1.98504827752474e-01 9.97259044432686e+04 
1.98735226534132e-01 9.97375631414988e+04 
1.98965624294199e-01 9.97491664522719e+04 
1.99196020819700e-01 9.97606280697515e+04 
1.99426415550092e-01 9.97718123682775e+04 
1.99656804386260e-01 9.97827601662054e+04 
1.99887191283361e-01 9.97935151660098e+04 
2.00117580985895e-01 9.98040681158037e+04 
