# Liste des scalaires : TEMPS pmat 
0.00000000000000e+00 1.00000000000000e+05 
7.22956891292051e-05 1.00000000000000e+05 
1.51820947171331e-04 1.00000000000000e+05 
2.39298731017669e-04 1.00000000000000e+05 
3.35524293248641e-04 1.00000000000000e+05 
4.41372411702710e-04 1.00000000000000e+05 
5.57805342002186e-04 1.00000000000000e+05 
6.85881565331610e-04 1.00000000000000e+05 
8.26765410993976e-04 1.00000000000000e+05 
9.81737641222579e-04 1.00000000000000e+05 
1.15220709447404e-03 1.00000000000000e+05 
1.33972349305065e-03 1.00000000000000e+05 
1.54599153148492e-03 1.00000000000000e+05 
1.77288637376262e-03 1.00000000000000e+05 
2.02247070026809e-03 1.00000000000000e+05 
2.27715038873077e-03 1.00000000000000e+05 
2.53303188825931e-03 1.00000000000000e+05 
2.78781520651550e-03 1.00000000000000e+05 
3.03986059796965e-03 1.00000000000000e+05 
3.29258259027277e-03 1.00000000000000e+05 
3.54974657976944e-03 1.00000000000000e+05 
3.80550305217252e-03 1.00000000000000e+05 
4.06217648205959e-03 1.00000000000000e+05 
4.31760595061796e-03 1.00000000000000e+05 
4.56999981732569e-03 1.00000000000000e+05 
4.82293794425928e-03 1.00000000000000e+05 
5.08028954034315e-03 1.00000000000000e+05 
5.33609446005680e-03 1.00000000000000e+05 
5.59265444833944e-03 1.00000000000000e+05 
5.84785662408402e-03 1.00000000000000e+05 
6.09988607330333e-03 1.00000000000000e+05 
6.35238423732965e-03 1.00000000000000e+05 
6.60925311058369e-03 1.00000000000000e+05 
6.86451950361451e-03 1.00000000000000e+05 
7.12046903165256e-03 1.00000000000000e+05 
7.37501729977598e-03 1.00000000000000e+05 
7.62636488089418e-03 1.00000000000000e+05 
7.87815108400266e-03 1.00000000000000e+05 
8.13426936346443e-03 1.00000000000000e+05 
8.38877820577868e-03 1.00000000000000e+05 
8.64394604731102e-03 1.00000000000000e+05 
8.89770619689012e-03 1.00000000000000e+05 
9.14828915874838e-03 1.00000000000000e+05 
9.39930410643980e-03 1.00000000000000e+05 
9.65461719843960e-03 1.00000000000000e+05 
9.90833595051867e-03 1.00000000000000e+05 
1.01627113353995e-02 1.00000000000000e+05 
1.04156891710181e-02 1.00000000000000e+05 
1.06655329209097e-02 1.00000000000000e+05 
1.09158120501475e-02 1.00000000000000e+05 
1.11703600537794e-02 1.00000000000000e+05 
1.14233367417586e-02 1.00000000000000e+05 
1.16769761825912e-02 1.00000000000000e+05 
1.19292344488958e-02 1.00000000000000e+05 
1.21784062141871e-02 1.00000000000000e+05 
1.24280206364349e-02 1.00000000000000e+05 
1.26818788156139e-02 1.00000000000000e+05 
1.29341902753900e-02 1.00000000000000e+05 
1.31871735881695e-02 1.00000000000000e+05 
1.34387936941932e-02 1.00000000000000e+05 
1.36873726408936e-02 1.00000000000000e+05 
1.39364026251621e-02 1.00000000000000e+05 
1.41896550625105e-02 1.00000000000000e+05 
1.44413840927447e-02 1.00000000000000e+05 
1.46937946150776e-02 1.00000000000000e+05 
1.49448590583297e-02 1.00000000000000e+05 
1.51929231333739e-02 1.00000000000000e+05 
1.54414462253754e-02 1.00000000000000e+05 
1.56941734497159e-02 1.00000000000000e+05 
1.59453978080194e-02 1.00000000000000e+05 
1.61973123668616e-02 1.00000000000000e+05 
1.64478961190166e-02 1.00000000000000e+05 
1.66955148792455e-02 1.00000000000000e+05 
1.69435997536413e-02 1.00000000000000e+05 
1.71958729370096e-02 1.00000000000000e+05 
1.74466610503122e-02 1.00000000000000e+05 
1.76981469268862e-02 1.00000000000000e+05 
1.79483152420689e-02 1.00000000000000e+05 
1.81955488395853e-02 1.00000000000000e+05 
1.84432546652582e-02 1.00000000000000e+05 
1.86951351238316e-02 1.00000000000000e+05 
1.89455457461503e-02 1.00000000000000e+05 
1.91966607201055e-02 1.00000000000000e+05 
1.94464696947615e-02 1.00000000000000e+05 
1.96933698301478e-02 1.00000000000000e+05 
1.99407474198336e-02 1.00000000000000e+05 
2.01922876780876e-02 1.00000000000000e+05 
2.04423709685668e-02 1.00000000000000e+05 
2.06931642411913e-02 1.00000000000000e+05 
2.09426615519373e-02 1.00000000000000e+05 
2.11892719895214e-02 9.99999999999999e+04 
2.14363643823917e-02 9.99999999999998e+04 
2.16876091120915e-02 9.99999999999997e+04 
2.19374078390656e-02 9.99999999999997e+04 
2.21879213851871e-02 9.99999999999996e+04 
2.24371476200514e-02 9.99999999999986e+04 
2.26835057090794e-02 9.99999999999946e+04 
2.29303496513073e-02 9.99999999999899e+04 
2.31813370686579e-02 9.99999999999866e+04 
2.34308879973295e-02 9.99999999999846e+04 
2.36811580031475e-02 9.99999999999823e+04 
2.39301483391264e-02 9.99999999999072e+04 
2.41762865022498e-02 9.99999999998122e+04 
2.44229139371614e-02 9.99999999997309e+04 
2.46736772540293e-02 9.99999999995194e+04 
2.49230122486115e-02 9.99999999961151e+04 
2.51730699939540e-02 9.99999998376843e+04 
2.54218547185429e-02 9.99999994859536e+04 
2.56678008746013e-02 9.99999988786154e+04 
2.59142392114539e-02 9.99999977155305e+04 
2.61648068148626e-02 9.99999963348441e+04 
2.64139529902782e-02 9.99999949391163e+04 
2.66638250237921e-02 9.99999934790117e+04 
2.69124297814480e-02 9.99999919328539e+04 
2.71582075017106e-02 9.99999903727624e+04 
2.74044799003086e-02 9.99999888406611e+04 
2.76548757331421e-02 9.99999872992249e+04 
2.79038559703501e-02 9.99999858368882e+04 
2.81535647762474e-02 9.99999844345816e+04 
2.84020113210843e-02 9.99999830308157e+04 
2.86476405622533e-02 9.99999816715691e+04 
2.88937667125108e-02 9.99999804649095e+04 
2.91440111929978e-02 9.99999791342066e+04 
2.93928451434149e-02 9.99999776422907e+04 
2.96424100925810e-02 9.99999756760004e+04 
2.98907173128583e-02 9.99999728166036e+04 
3.01362155915444e-02 9.99999693682828e+04 
3.03822128271765e-02 9.99999651955100e+04 
3.06323240049427e-02 9.99999583461285e+04 
3.08810289560933e-02 9.99999395063724e+04 
3.11304670207069e-02 9.99998562602350e+04 
3.13786512386450e-02 9.99996889112173e+04 
3.16240337246042e-02 9.99994150657446e+04 
3.18699170151395e-02 9.99990196366886e+04 
3.21199104414601e-02 9.99984967493935e+04 
3.23685012026636e-02 9.99978591285444e+04 
3.26178268259694e-02 9.99970949071624e+04 
3.28659019828801e-02 9.99962096915452e+04 
3.31111814290486e-02 9.99952157014828e+04 
3.33569632714868e-02 9.99941085749115e+04 
3.36068517997412e-02 9.99928596380111e+04 
3.38553406965881e-02 9.99915080839066e+04 
3.41045660757661e-02 9.99900432557147e+04 
3.43525439897946e-02 9.99884973925104e+04 
3.45977313541160e-02 9.99868988878883e+04 
3.48434224534128e-02 9.99852533359992e+04 
3.50932170504221e-02 9.99835349586038e+04 
3.53416145257695e-02 9.99818277690780e+04 
3.55907497594705e-02 9.99801099961284e+04 
3.58386400276697e-02 9.99784525155663e+04 
3.60837441849959e-02 9.99768953232449e+04 
3.63293531977593e-02 9.99754415657951e+04 
3.65790627210525e-02 9.99740521616836e+04 
3.68273771752738e-02 9.99728496404016e+04 
3.70764304360315e-02 9.99718395901795e+04 
3.73242409124861e-02 9.99708472555650e+04 
3.75692691030373e-02 9.99702433150217e+04 
3.78148031155709e-02 9.99699527207950e+04 
3.80644348288020e-02 9.99698307178064e+04 
3.83126732742978e-02 9.99698837421014e+04 
3.85616514506308e-02 9.99702031996788e+04 
3.88093888318018e-02 9.99705191368698e+04 
3.90543473666299e-02 9.99708185609268e+04 
3.92998126142875e-02 9.99712402782366e+04 
3.95493729845650e-02 9.99717730077265e+04 
3.97975417319873e-02 9.99724897049065e+04 
4.00464510886343e-02 9.99734198658430e+04 
4.02941215332331e-02 9.99745380222391e+04 
4.05390162596090e-02 9.99757844035816e+04 
4.07844185763882e-02 9.99771754975072e+04 
4.10339136984599e-02 9.99786883566792e+04 
4.12820187357905e-02 9.99802728967231e+04 
4.15308652134020e-02 9.99819074457262e+04 
4.17784745321117e-02 9.99835588803053e+04 
4.20233110024000e-02 9.99851827377448e+04 
4.22686558961174e-02 9.99867863373710e+04 
4.25180915002559e-02 9.99883719213881e+04 
4.27661384453124e-02 9.99898884720252e+04 
4.30149276150445e-02 9.99912897303912e+04 
4.32624812615879e-02 9.99925743411299e+04 
4.35072646401475e-02 9.99937184599161e+04 
4.37525572356723e-02 9.99947711548073e+04 
4.40019386507954e-02 9.99957450864835e+04 
4.42499326764573e-02 9.99966041209083e+04 
4.44986696574192e-02 9.99973393057451e+04 
4.47461726309078e-02 9.99979520558270e+04 
4.49909076271439e-02 9.99984435645078e+04 
4.52361525631979e-02 9.99988784812404e+04 
4.54854845897042e-02 9.99992071000976e+04 
4.57334303147640e-02 9.99994006178451e+04 
4.59821195985111e-02 9.99995430454979e+04 
4.62295761918511e-02 9.99996514890255e+04 
4.64742668425273e-02 9.99997247467795e+04 
4.67194680638553e-02 9.99997562575605e+04 
4.69687547705533e-02 9.99997951983708e+04 
4.72166561346156e-02 9.99998264371097e+04 
4.74653015958783e-02 9.99998671290912e+04 
4.77127155457355e-02 9.99999008475594e+04 
4.79573653816151e-02 9.99999344002361e+04 
4.82025263624071e-02 9.99999526145181e+04 
4.84517713376536e-02 9.99999734330925e+04 
4.86996318292501e-02 9.99999845561734e+04 
4.89482369045494e-02 9.99999941806453e+04 
4.91956115392093e-02 9.99999975898357e+04 
4.94402237477413e-02 9.99999941451569e+04 
4.96853476332716e-02 9.99999622047701e+04 
4.99345541209568e-02 9.99999288695634e+04 
5.01823769066313e-02 9.99998804137226e+04 
5.04309447443625e-02 9.99998265459505e+04 
5.06782831652362e-02 9.99997554343011e+04 
5.09228606863410e-02 9.99996843531554e+04 
5.11679503933409e-02 9.99995925013962e+04 
5.14171214321784e-02 9.99994904498048e+04 
5.16649094614700e-02 9.99993772969739e+04 
5.19134429760720e-02 9.99992519924294e+04 
5.21607480070281e-02 9.99991089520091e+04 
5.24052935117909e-02 9.99989536511666e+04 
5.26503516765160e-02 9.99987678729312e+04 
5.28994899929375e-02 9.99985623763089e+04 
5.31472459200413e-02 9.99983447837040e+04 
5.33957477225846e-02 9.99981164512140e+04 
5.36430219210635e-02 9.99978683997062e+04 
5.38875378992438e-02 9.99976153947587e+04 
5.41325669921941e-02 9.99973386312577e+04 
5.43816751480212e-02 9.99970473291596e+04 
5.46294014974089e-02 9.99967588747627e+04 
5.48778740591543e-02 9.99964755253859e+04 
5.51251198971808e-02 9.99961943957317e+04 
5.53696087573037e-02 9.99959293179871e+04 
5.56146111784187e-02 9.99956605865171e+04 
5.58636916264208e-02 9.99953979129690e+04 
5.61113908539936e-02 9.99951600649932e+04 
5.63598366087658e-02 9.99949504357156e+04 
5.66070564061332e-02 9.99947661857266e+04 
5.68515203336242e-02 9.99946079898347e+04 
5.70964982067563e-02 9.99944643081956e+04 
5.73455530969569e-02 9.99943482857786e+04 
5.75932272236728e-02 9.99942580869528e+04 
5.78416480731545e-02 9.99942059825699e+04 
5.80888436286999e-02 9.99941434522269e+04 
5.83332842647370e-02 9.99940870551365e+04 
5.85782391696874e-02 9.99940335600775e+04 
5.88272700641281e-02 9.99939935357159e+04 
5.90749205458761e-02 9.99939695970963e+04 
5.93233179532221e-02 9.99939617047701e+04 
5.95704906519492e-02 9.99939642560100e+04 
5.98149092433573e-02 9.99939821241238e+04 
6.00598423649170e-02 9.99940053215755e+04 
6.03088504811672e-02 9.99940364100060e+04 
6.05564784509063e-02 9.99940801571663e+04 
6.08048535043413e-02 9.99941340698264e+04 
6.10520043515571e-02 9.99941913374534e+04 
6.12964017695649e-02 9.99942558903762e+04 
6.15413139285332e-02 9.99943207089410e+04 
6.17903001253913e-02 9.99943905460884e+04 
6.20379064013183e-02 9.99944686107772e+04 
6.22862599224041e-02 9.99945565459001e+04 
6.25333897194678e-02 9.99946497754116e+04 
6.27777667361818e-02 9.99947495494828e+04 
6.30226586871740e-02 9.99948447210845e+04 
6.32716237935937e-02 9.99949512891254e+04 
6.35192091612072e-02 9.99950656304958e+04 
6.37675419345745e-02 9.99951902406171e+04 
6.40146514396652e-02 9.99953153641228e+04 
6.42590087921165e-02 9.99954392877336e+04 
6.45038812748681e-02 9.99955536212773e+04 
6.47528260995794e-02 9.99956793820841e+04 
6.50003913605389e-02 9.99958227097810e+04 
6.52487042141408e-02 9.99959668170948e+04 
6.54957943280021e-02 9.99961057461894e+04 
6.57401329072200e-02 9.99962473102011e+04 
6.59849868682122e-02 9.99963865490016e+04 
6.62339124733432e-02 9.99965327849522e+04 
6.64814586987495e-02 9.99966857118076e+04 
6.67297527394585e-02 9.99968489802962e+04 
6.69768245642163e-02 9.99970167281216e+04 
6.72211454143283e-02 9.99971928664896e+04 
6.74659819186044e-02 9.99973831293532e+04 
6.77148894472852e-02 9.99975833906328e+04 
6.79624177728745e-02 9.99977906595367e+04 
6.82106941447397e-02 9.99980048807871e+04 
6.84577488020603e-02 9.99982193011570e+04 
6.87020529904698e-02 9.99984350810275e+04 
6.89468731203054e-02 9.99986513603451e+04 
6.91957637064198e-02 9.99988691863471e+04 
6.94432752710299e-02 9.99990889457934e+04 
6.96915351233633e-02 9.99993102680202e+04 
6.99385737723909e-02 9.99995263732504e+04 
7.01828624178187e-02 9.99997393974841e+04 
7.04276673151912e-02 9.99999450451169e+04 
7.06765421332795e-02 1.00000143780778e+05 
7.09240381011645e-02 1.00000347098358e+05 
7.11722825881792e-02 1.00000532059223e+05 
7.14193063627758e-02 1.00000697609369e+05 
7.16635805710654e-02 1.00000849114524e+05 
7.19083713337542e-02 1.00000986432265e+05 
7.21572314867894e-02 1.00001115281767e+05 
7.24047129129149e-02 1.00001236803509e+05 
7.26529430641525e-02 1.00001354455362e+05 
7.28999529437021e-02 1.00001466056833e+05 
7.31442136269502e-02 1.00001569923473e+05 
7.33889911233396e-02 1.00001667490948e+05 
7.36378374623761e-02 1.00001755238804e+05 
7.38853051389050e-02 1.00001829044895e+05 
7.41335217036700e-02 1.00001896847811e+05 
7.43805183825505e-02 1.00001950725062e+05 
7.46247661743901e-02 1.00001998985586e+05 
7.48695310011905e-02 1.00002021519377e+05 
7.51183641216836e-02 1.00002029432971e+05 
7.53658186271209e-02 1.00002026449709e+05 
7.56140221712714e-02 1.00002009639888e+05 
7.58610062100186e-02 1.00001986299000e+05 
7.61052416436741e-02 1.00001958624625e+05 
7.63499943324356e-02 1.00001921587380e+05 
7.65988148022538e-02 1.00001877946806e+05 
7.68462567121281e-02 1.00001833191856e+05 
7.70944478159373e-02 1.00001787301946e+05 
7.73414197835819e-02 1.00001732756053e+05 
7.75856434202712e-02 1.00001677784404e+05 
7.78303845241597e-02 1.00001617525914e+05 
7.80791929313118e-02 1.00001550243242e+05 
7.83266228478618e-02 1.00001482032943e+05 
7.85748021182870e-02 1.00001411612011e+05 
7.88217626052161e-02 1.00001337765237e+05 
7.90659750215224e-02 1.00001267136704e+05 
7.93107050926080e-02 1.00001193917375e+05 
7.95595020193807e-02 1.00001117788899e+05 
7.98069205166501e-02 1.00001042342557e+05 
8.00550885166253e-02 1.00000970783692e+05 
8.03020380486011e-02 1.00000900970556e+05 
8.05462397482305e-02 1.00000836108643e+05 
8.07909592539416e-02 1.00000768904901e+05 
8.10397451892818e-02 1.00000701628348e+05 
8.12871527409291e-02 1.00000639873229e+05 
8.15353099074049e-02 1.00000583984747e+05 
8.17822488983531e-02 1.00000529917529e+05 
8.20264403052665e-02 1.00000483110932e+05 
8.22711496628005e-02 1.00000439292751e+05 
8.25199250533158e-02 1.00000394726584e+05 
8.27673221320918e-02 1.00000358242108e+05 
8.30154689400650e-02 1.00000328257810e+05 
8.32623978646249e-02 1.00000303219604e+05 
8.35065794749375e-02 1.00000289642130e+05 
8.37512791814505e-02 1.00000276043898e+05 
8.40000445485933e-02 1.00000262076092e+05 
8.42474316698176e-02 1.00000254016950e+05 
8.44955686159862e-02 1.00000253025952e+05 
8.47424879112095e-02 1.00000249554243e+05 
8.49866601339254e-02 1.00000250643525e+05 
8.52313505549037e-02 1.00000252092358e+05 
8.54801062377452e-02 1.00000249577190e+05 
8.57274836860111e-02 1.00000250053967e+05 
8.59756110128291e-02 1.00000251594103e+05 
8.62225208340449e-02 1.00000251394256e+05 
8.64666837749455e-02 1.00000251003712e+05 
8.67113649657804e-02 1.00000246244597e+05 
8.69601109737259e-02 1.00000239106695e+05 
8.72074786957524e-02 1.00000233500139e+05 
8.74555963117350e-02 1.00000229259573e+05 
8.77024965117270e-02 1.00000222036606e+05 
8.79466499959558e-02 1.00000217014542e+05 
8.81913217658201e-02 1.00000208539156e+05 
8.84400578816310e-02 1.00000198125425e+05 
8.86874156449462e-02 1.00000189214874e+05 
8.89355233160377e-02 1.00000181323375e+05 
8.91824136541731e-02 1.00000170923064e+05 
8.94265574325701e-02 1.00000162450101e+05 
8.96712195457199e-02 1.00000150198962e+05 
8.99199455359372e-02 1.00000134296419e+05 
9.01672931210102e-02 1.00000121091884e+05 
9.04153906441891e-02 1.00000109154468e+05 
9.06622709523195e-02 1.00000094339684e+05 
9.09064048707605e-02 1.00000080744058e+05 
9.11510572037790e-02 1.00000067196924e+05 
9.13997729773048e-02 1.00000047937178e+05 
9.16471103390497e-02 1.00000031341983e+05 
9.18951977056444e-02 1.00000016255094e+05 
9.21420680340805e-02 9.99999991573062e+04 
9.23861921663614e-02 9.99999829470582e+04 
9.26308348228056e-02 9.99999651463304e+04 
9.28795405324477e-02 9.99999435967228e+04 
9.31268678882252e-02 9.99999240000374e+04 
9.33749453628751e-02 9.99999051648539e+04 
9.36218060491554e-02 9.99998850392623e+04 
9.38659207747552e-02 9.99998637325024e+04 
9.41105541655158e-02 9.99998387151097e+04 
9.43592502812810e-02 9.99998106878012e+04 
9.46065681649795e-02 9.99997818795426e+04 
9.48546362929944e-02 9.99997519804105e+04 
9.51014879070867e-02 9.99997180533476e+04 
9.53455938275842e-02 9.99996816121053e+04 
9.55902185576808e-02 9.99996371071127e+04 
9.58389057148660e-02 9.99995846752561e+04 
9.60862147952890e-02 9.99995270404685e+04 
9.63342742285108e-02 9.99994635547937e+04 
9.65811174166787e-02 9.99993907670934e+04 
9.68252151985089e-02 9.99993100661394e+04 
9.70698319138163e-02 9.99992171961415e+04 
9.73185107602961e-02 9.99991099180075e+04 
9.75658116752524e-02 9.99989927569927e+04 
9.78138630144639e-02 9.99988605743047e+04 
9.80606983225037e-02 9.99987175567691e+04 
9.83047884901579e-02 9.99985621368109e+04 
9.85493976706880e-02 9.99983930055488e+04 
9.87980686592367e-02 9.99982049789796e+04 
9.90453618193118e-02 9.99980068445086e+04 
9.92934054331401e-02 9.99977944242200e+04 
9.95402331580127e-02 9.99975654037278e+04 
9.97843159779756e-02 9.99973274872105e+04 
1.00028917854883e-01 9.99970720297959e+04 
1.00277581187686e-01 9.99967965111169e+04 
1.00524866734748e-01 9.99965124897461e+04 
1.00772902734658e-01 9.99962161488914e+04 
1.01019722903307e-01 9.99959067911751e+04 
1.01263798339575e-01 9.99955886243012e+04 
1.01508392834215e-01 9.99952636477696e+04 
1.01757048392115e-01 9.99949223845772e+04 
1.02004326150179e-01 9.99945793557673e+04 
1.02252354339602e-01 9.99942326786683e+04 
1.02499166714654e-01 9.99938845742143e+04 
1.02743234493713e-01 9.99935443488494e+04 
1.02987821332500e-01 9.99932099803937e+04 
1.03236468836624e-01 9.99928684215877e+04 
1.03483738523517e-01 9.99925415340376e+04 
1.03731758631708e-01 9.99922269346666e+04 
1.03978562963933e-01 9.99919302408221e+04 
1.04222622843911e-01 9.99916566879117e+04 
1.04467201812018e-01 9.99914034590822e+04 
1.04715841079908e-01 9.99911624757852e+04 
1.04963102548173e-01 9.99909548599254e+04 
1.05211114459042e-01 9.99907778625321e+04 
1.05457910675188e-01 9.99906387109907e+04 
1.05701962606470e-01 9.99905241280050e+04 
1.05946533677291e-01 9.99904514523848e+04 
1.06195164722722e-01 9.99904072587992e+04 
1.06442418025181e-01 9.99903984218009e+04 
1.06690421815397e-01 9.99904172657188e+04 
1.06937210038533e-01 9.99904346204793e+04 
1.07181254179460e-01 9.99904609704208e+04 
1.07425817538029e-01 9.99905084955211e+04 
1.07674440589688e-01 9.99905759060998e+04 
1.07921686006214e-01 9.99906763409965e+04 
1.08169681980514e-01 9.99908092639806e+04 
1.08416462564746e-01 9.99909659421041e+04 
1.08660499310769e-01 9.99911611681926e+04 
1.08905055370741e-01 9.99913810444394e+04 
1.09153670876857e-01 9.99916233238259e+04 
1.09400908881384e-01 9.99918871469938e+04 
1.09648897509750e-01 9.99921780976690e+04 
1.09895670923929e-01 9.99924887977919e+04 
1.10139700745538e-01 9.99928135801961e+04 
1.10384249956764e-01 9.99931520622536e+04 
1.10632858371212e-01 9.99935084486022e+04 
1.10880089404781e-01 9.99938763009552e+04 
1.11128071108031e-01 9.99942554938008e+04 
1.11374837754437e-01 9.99946363082020e+04 
1.11618861044400e-01 9.99950160665329e+04 
1.11863403784975e-01 9.99953941220796e+04 
1.12112005484640e-01 9.99957768322470e+04 
1.12359229918916e-01 9.99961560297427e+04 
1.12607205059963e-01 9.99965336876848e+04 
1.12853965291433e-01 9.99968999127581e+04 
1.13097982401236e-01 9.99972540592042e+04 
1.13342519017540e-01 9.99975946940630e+04 
1.13591114347662e-01 9.99979305782983e+04 
1.13838332514749e-01 9.99982542920773e+04 
1.14086301415671e-01 9.99985686599991e+04 
1.14333055525282e-01 9.99988646047139e+04 
1.14577066727847e-01 9.99991434862185e+04 
1.14821597472723e-01 9.99994023368085e+04 
1.15070186675221e-01 9.99996512240277e+04 
1.15317398788500e-01 9.99998852087395e+04 
1.15565361646058e-01 1.00000107391297e+05 
1.15812109794089e-01 1.00000309961387e+05 
1.16056115219481e-01 1.00000496147469e+05 
1.16300640202120e-01 1.00000662410430e+05 
1.16549223372266e-01 1.00000818609098e+05 
1.16796429511806e-01 1.00000962953193e+05 
1.17044386397268e-01 1.00001099702693e+05 
1.17291128644402e-01 1.00001222235673e+05 
1.17535128354889e-01 1.00001334492282e+05 
1.17779647639961e-01 1.00001433237755e+05 
1.18028224844647e-01 1.00001525213468e+05 
1.18275425086673e-01 1.00001611521696e+05 
1.18523376079103e-01 1.00001693763137e+05 
1.18770112501984e-01 1.00001772690505e+05 
1.19014106582685e-01 1.00001838599620e+05 
1.19258620253055e-01 1.00001902416399e+05 
1.19507191577947e-01 1.00001960845724e+05 
1.19754386007739e-01 1.00002016447050e+05 
1.20002331187680e-01 1.00002072689148e+05 
1.20249061860604e-01 1.00002118008494e+05 
1.20493050385187e-01 1.00002168471090e+05 
1.20737558512771e-01 1.00002211955955e+05 
1.20986124041187e-01 1.00002254487657e+05 
1.21233312741882e-01 1.00002300861955e+05 
1.21481252195921e-01 1.00002349866994e+05 
1.21727977206520e-01 1.00002390389300e+05 
1.21971960257286e-01 1.00002432156460e+05 
1.22216462925424e-01 1.00002471220714e+05 
1.22465022748024e-01 1.00002506829382e+05 
1.22712205806535e-01 1.00002544965941e+05 
1.22960139620480e-01 1.00002582236020e+05 
1.23206859054492e-01 1.00002611654475e+05 
1.23450836709592e-01 1.00002639588951e+05 
1.23695333998523e-01 1.00002661273086e+05 
1.23943888203377e-01 1.00002678611835e+05 
1.24191065710388e-01 1.00002695744394e+05 
1.24438993977434e-01 1.00002710625210e+05 
1.24685707933283e-01 1.00002717602741e+05 
1.24929680292471e-01 1.00002721405855e+05 
1.25174172306669e-01 1.00002721023480e+05 
1.25422721010313e-01 1.00002714056025e+05 
1.25669893090330e-01 1.00002706747137e+05 
1.25917815938068e-01 1.00002696519352e+05 
1.26164524551051e-01 1.00002681451455e+05 
1.26408491754936e-01 1.00002665241286e+05 
1.26652978639031e-01 1.00002646229926e+05 
1.26901521993956e-01 1.00002623655238e+05 
1.27148688810172e-01 1.00002602490275e+05 
1.27396606401976e-01 1.00002582079449e+05 
1.27643309841256e-01 1.00002557759418e+05 
1.27887272063288e-01 1.00002534165556e+05 
1.28131753990912e-01 1.00002509840698e+05 
1.28380292177930e-01 1.00002482865988e+05 
1.28627453913662e-01 1.00002459538950e+05 
1.28875366431374e-01 1.00002436683245e+05 
1.29122064873883e-01 1.00002412247918e+05 
1.29366022285518e-01 1.00002390197119e+05 
1.29610499420700e-01 1.00002369519449e+05 
1.29859032605869e-01 1.00002346965331e+05 
1.30106189417437e-01 1.00002329587834e+05 
1.30354097008565e-01 1.00002313451509e+05 
1.30600790586940e-01 1.00002296487986e+05 
1.30844743308293e-01 1.00002282463846e+05 
1.31089215758877e-01 1.00002271232620e+05 
1.31337744046373e-01 1.00002256982864e+05 
1.31584896033390e-01 1.00002247643944e+05 
1.31832798792209e-01 1.00002239732288e+05 
1.32079487600121e-01 1.00002230446165e+05 
1.32323435730369e-01 1.00002223820242e+05 
1.32567903598920e-01 1.00002221360426e+05 
1.32816427098790e-01 1.00002214210767e+05 
1.33063574379951e-01 1.00002212318410e+05 
1.33311472429549e-01 1.00002211415227e+05 
1.33558156598727e-01 1.00002208446273e+05 
1.33802100280115e-01 1.00002207709755e+05 
1.34046563717319e-01 1.00002210811414e+05 
1.34295082591489e-01 1.00002209451442e+05 
1.34542225337664e-01 1.00002213722434e+05 
1.34790118854064e-01 1.00002218340550e+05 
1.35036798562368e-01 1.00002219659437e+05 
1.35280737970595e-01 1.00002221723473e+05 
1.35525197152392e-01 1.00002225525178e+05 
1.35773711581747e-01 1.00002225036993e+05 
1.36020849967888e-01 1.00002227325715e+05 
1.36268739123480e-01 1.00002228427666e+05 
1.36515414536274e-01 1.00002224852790e+05 
1.36759349828841e-01 1.00002221006175e+05 
1.37003804909063e-01 1.00002216949669e+05 
1.37252315049357e-01 1.00002206654375e+05 
1.37499449230346e-01 1.00002197578517e+05 
1.37747334181010e-01 1.00002186365134e+05 
1.37994005453080e-01 1.00002169797451e+05 
1.38237936779393e-01 1.00002151715150e+05 
1.38482387909070e-01 1.00002132228865e+05 
1.38730893915384e-01 1.00002106401010e+05 
1.38978024047843e-01 1.00002081063585e+05 
1.39225904951541e-01 1.00002053056022e+05 
1.39472572249927e-01 1.00002020554034e+05 
1.39716499785304e-01 1.00001986702139e+05 
1.39960947156044e-01 1.00001951540357e+05 
1.40209449234719e-01 1.00001910339319e+05 
1.40456575552415e-01 1.00001869402667e+05 
1.40704452661055e-01 1.00001826041479e+05 
1.40951116277054e-01 1.00001779022739e+05 
1.41195040333686e-01 1.00001731577722e+05 
1.41439484285666e-01 1.00001683813451e+05 
1.41687982797971e-01 1.00001631051798e+05 
1.41935105680627e-01 1.00001579336578e+05 
1.42182979385301e-01 1.00001526524276e+05 
1.42429639723161e-01 1.00001472075362e+05 
1.42673560685160e-01 1.00001418485951e+05 
1.42918001584181e-01 1.00001365393996e+05 
1.43166496890782e-01 1.00001309280129e+05 
1.43413616646615e-01 1.00001254946533e+05 
1.43661487225153e-01 1.00001200687537e+05 
1.43908144486914e-01 1.00001146166152e+05 
1.44152062486684e-01 1.00001093104938e+05 
1.44396500390759e-01 1.00001041347291e+05 
1.44644992507652e-01 1.00000987722890e+05 
1.44892109062225e-01 1.00000936739979e+05 
1.45139976381507e-01 1.00000886576475e+05 
1.45386630350449e-01 1.00000836998453e+05 
1.45630545116968e-01 1.00000789750809e+05 
1.45874979699093e-01 1.00000745287786e+05 
1.46123468262245e-01 1.00000700009686e+05 
1.46370581227325e-01 1.00000657967282e+05 
1.46618444878234e-01 1.00000617999641e+05 
1.46865095155805e-01 1.00000579418770e+05 
1.47109006314621e-01 1.00000543927265e+05 
1.47353437223643e-01 1.00000512620762e+05 
1.47601921893452e-01 1.00000481330479e+05 
1.47849030981374e-01 1.00000454711539e+05 
1.48096890705532e-01 1.00000430158162e+05 
1.48343537100154e-01 1.00000406907600e+05 
1.48587444513678e-01 1.00000386960381e+05 
1.48831871663468e-01 1.00000371061538e+05 
1.49080352391629e-01 1.00000356124011e+05 
1.49327457600467e-01 1.00000347097463e+05 
1.49575313429696e-01 1.00000339725569e+05 
1.49821956007078e-01 1.00000334095780e+05 
1.50065859757249e-01 1.00000330925203e+05 
1.50310283246157e-01 1.00000331403174e+05 
1.50558760149699e-01 1.00000332087184e+05 
1.50805861595458e-01 1.00000336704267e+05 
1.51053713650342e-01 1.00000343359472e+05 
1.51300352525077e-01 1.00000352484579e+05 
1.51544252712916e-01 1.00000365712907e+05 
1.51788672635847e-01 1.00000384911282e+05 
1.52037145810140e-01 1.00000406184425e+05 
1.52284243577481e-01 1.00000431507004e+05 
1.52532091941981e-01 1.00000458532941e+05 
1.52778727193195e-01 1.00000486899575e+05 
1.53022623893522e-01 1.00000517598592e+05 
1.53267040324214e-01 1.00000552385799e+05 
1.53515509847924e-01 1.00000586544248e+05 
1.53762604019555e-01 1.00000623780985e+05 
1.54010448781903e-01 1.00000660570005e+05 
1.54257080498064e-01 1.00000696070945e+05 
1.54500973798733e-01 1.00000732068416e+05 
1.54745386826080e-01 1.00000770868698e+05 
1.54993852795946e-01 1.00000807032423e+05 
1.55240943478388e-01 1.00000844778886e+05 
1.55488784751628e-01 1.00000880176246e+05 
1.55735413047337e-01 1.00000912634150e+05 
1.55979303061344e-01 1.00000943793845e+05 
1.56223712805980e-01 1.00000976497292e+05 
1.56472175351300e-01 1.00001005172628e+05 
1.56719262677287e-01 1.00001034032792e+05 
1.56967100601018e-01 1.00001058961448e+05 
1.57213725622566e-01 1.00001079675221e+05 
1.57457612480879e-01 1.00001098081396e+05 
1.57702019083563e-01 1.00001117492892e+05 
1.57950478358808e-01 1.00001131466480e+05 
1.58197562483609e-01 1.00001144998589e+05 
1.58445397223523e-01 1.00001154212485e+05 
1.58692019144131e-01 1.00001159292989e+05 
1.58935903010542e-01 1.00001162081266e+05 
1.59180306644326e-01 1.00001165276363e+05 
1.59428762836587e-01 1.00001163038445e+05 
1.59675843951466e-01 1.00001159965262e+05 
1.59923675702139e-01 1.00001153141742e+05 
1.60170294723814e-01 1.00001143088359e+05 
1.60414175803650e-01 1.00001131825153e+05 
1.60658576681104e-01 1.00001121653696e+05 
1.60907030020028e-01 1.00001106496105e+05 
1.61154108360971e-01 1.00001091833087e+05 
1.61401937359744e-01 1.00001073965605e+05 
1.61648553722459e-01 1.00001054106587e+05 
1.61892432239559e-01 1.00001034724575e+05 
1.62136830583562e-01 1.00001017746602e+05 
1.62385281304962e-01 1.00000997144084e+05 
1.62632357096378e-01 1.00000978354675e+05 
1.62880183561998e-01 1.00000958462362e+05 
1.63126797457897e-01 1.00000938602853e+05 
1.63370673581191e-01 1.00000920672600e+05 
1.63615069537881e-01 1.00000906568212e+05 
1.63863517776128e-01 1.00000891462094e+05 
1.64110591125903e-01 1.00000879808710e+05 
1.64358415149836e-01 1.00000868975082e+05 
1.64605026658834e-01 1.00000859470693e+05 
1.64848900465105e-01 1.00000853704801e+05 
1.65093294110074e-01 1.00000853083381e+05 
1.65341739938248e-01 1.00000850123048e+05 
1.65588810931779e-01 1.00000852557062e+05 
1.65836632604350e-01 1.00000857593958e+05 
1.66083241831622e-01 1.00000865700405e+05 
1.66327113442118e-01 1.00000878907673e+05 
1.66571504908790e-01 1.00000898671178e+05 
1.66819948473364e-01 1.00000919450026e+05 
1.67067017269467e-01 1.00000945724732e+05 
1.67314836756129e-01 1.00000973662661e+05 
1.67561443868935e-01 1.00001003110213e+05 
1.67805313448318e-01 1.00001035297579e+05 
1.68049702896293e-01 1.00001072076607e+05 
1.68298144354447e-01 1.00001108642638e+05 
1.68545211091368e-01 1.00001148259324e+05 
1.68793028516624e-01 1.00001187956283e+05 
1.69039633612750e-01 1.00001227278732e+05 
1.69283501235205e-01 1.00001267360942e+05 
1.69527888714949e-01 1.00001309741703e+05 
1.69776328098592e-01 1.00001350640320e+05 
1.70023392786971e-01 1.00001392623173e+05 
1.70271208143020e-01 1.00001433160777e+05 
1.70517811203700e-01 1.00001471538767e+05 
1.70761676854540e-01 1.00001508805843e+05 
1.71006062352403e-01 1.00001546167067e+05 
1.71254499641299e-01 1.00001580603045e+05 
1.71501562285924e-01 1.00001614309493e+05 
1.71749375591900e-01 1.00001645275450e+05 
1.71995976684028e-01 1.00001672877223e+05 
1.72239840474988e-01 1.00001698552455e+05 
1.72484224161449e-01 1.00001723227442e+05 
1.72732659568619e-01 1.00001743674415e+05 
1.72979720423770e-01 1.00001762533192e+05 
1.73227531956722e-01 1.00001777860166e+05 
1.73474131379329e-01 1.00001788848181e+05 
1.73717993604063e-01 1.00001798941488e+05 
1.73962375791494e-01 1.00001804750199e+05 
1.74210809638191e-01 1.00001805438521e+05 
1.74457868999998e-01 1.00001803666623e+05 
1.74705679061890e-01 1.00001796476389e+05 
1.74952277076897e-01 1.00001786445208e+05 
1.75196137954427e-01 1.00001775392005e+05 
1.75440518800689e-01 1.00001763924138e+05 
1.75688951206394e-01 1.00001746577714e+05 
1.75936009111331e-01 1.00001725553882e+05 
1.76183817694587e-01 1.00001698839571e+05 
1.76430414203312e-01 1.00001667604177e+05 
1.76674273579296e-01 1.00001632360895e+05 
1.76918652850037e-01 1.00001594295138e+05 
1.77167083530167e-01 1.00001550038557e+05 
1.77414139652673e-01 1.00001502849608e+05 
1.77661946393834e-01 1.00001450775457e+05 
1.77908541025729e-01 1.00001394864480e+05 
1.78152398531377e-01 1.00001336880561e+05 
1.78396775878549e-01 1.00001275820816e+05 
1.78645204491347e-01 1.00001209271855e+05 
1.78892258548297e-01 1.00001141058385e+05 
1.79140063204081e-01 1.00001069408217e+05 
1.79386655804814e-01 1.00000995209983e+05 
1.79630511335508e-01 1.00000920080857e+05 
1.79874886732485e-01 1.00000844680492e+05 
1.80123313306698e-01 1.00000764886547e+05 
1.80370365378443e-01 1.00000684621259e+05 
1.80618168071686e-01 1.00000602331404e+05 
1.80864758824217e-01 1.00000519861607e+05 
1.81108612591079e-01 1.00000438726057e+05 
1.81352986289403e-01 1.00000359045893e+05 
1.81601411114644e-01 1.00000277094705e+05 
1.81848461512258e-01 1.00000197032728e+05 
1.82096262564693e-01 1.00000116755848e+05 
1.82342851784023e-01 1.00000038314189e+05 
1.82586704095401e-01 9.99999631102681e+04 
1.82831076388488e-01 9.99998915411743e+04 
1.83079499756122e-01 9.99998191358160e+04 
1.83326548744518e-01 9.99997502137497e+04 
1.83574348403828e-01 9.99996820622888e+04 
1.83820936294838e-01 9.99996167084766e+04 
1.84064787330076e-01 9.99995551212374e+04 
1.84309158360272e-01 9.99994986495704e+04 
1.84557580394982e-01 9.99994418025766e+04 
1.84804628065848e-01 9.99993896162156e+04 
1.85052426399057e-01 9.99993387390135e+04 
1.85299013000078e-01 9.99992912995930e+04 
1.85542862780397e-01 9.99992486954136e+04 
1.85787232554225e-01 9.99992118533287e+04 
1.86035653252144e-01 9.99991759922665e+04 
1.86282699597347e-01 9.99991449826818e+04 
1.86530496593438e-01 9.99991161056225e+04 
1.86777081900145e-01 9.99990917150883e+04 
1.87020930422667e-01 9.99990715500703e+04 
1.87265298941047e-01 9.99990589150778e+04 
1.87513718306837e-01 9.99990468871945e+04 
1.87760763331741e-01 9.99990412825938e+04 
1.88008558993884e-01 9.99990376361165e+04 
1.88255143008417e-01 9.99990380306453e+04 
1.88498990252516e-01 9.99990430459104e+04 
1.88743357479335e-01 9.99990569049848e+04 
1.88991775467837e-01 9.99990710843402e+04 
1.89238819117053e-01 9.99990906961392e+04 
1.89486613385255e-01 9.99991126280200e+04 
1.89733196044882e-01 9.99991372826619e+04 
1.89977041961854e-01 9.99991650905926e+04 
1.90221407857794e-01 9.99991988462060e+04 
1.90469824436500e-01 9.99992328323210e+04 
1.90716866675258e-01 9.99992699650180e+04 
1.90964659515695e-01 9.99993075232651e+04 
1.91211240785583e-01 9.99993450341782e+04 
1.91455085338823e-01 9.99993834819642e+04 
1.91699449879541e-01 9.99994246673216e+04 
1.91947865036424e-01 9.99994636282258e+04 
1.92194905868328e-01 9.99995031894464e+04 
1.92442697293514e-01 9.99995410443985e+04 
1.92689277202625e-01 9.99995767535345e+04 
1.92933120438825e-01 9.99996110820432e+04 
1.93177483686661e-01 9.99996467940139e+04 
1.93425897500021e-01 9.99996792123808e+04 
1.93672937019972e-01 9.99997114566339e+04 
1.93920727124200e-01 9.99997388753433e+04 
1.94167305771340e-01 9.99997613397329e+04 
1.94411147790147e-01 9.99997823111421e+04 
1.94655509847386e-01 9.99998037333247e+04 
1.94903922419912e-01 9.99998220117869e+04 
1.95150960747986e-01 9.99998403975262e+04 
1.95398749654208e-01 9.99998560981059e+04 
1.95645327179278e-01 9.99998692636701e+04 
1.95889168133047e-01 9.99998822689591e+04 
1.96133529162586e-01 9.99998970147101e+04 
1.96381940667248e-01 9.99999095440703e+04 
1.96628977971996e-01 9.99999238521663e+04 
1.96876765854551e-01 9.99999373537659e+04 
1.97123342404910e-01 9.99999506222324e+04 
1.97367182429593e-01 9.99999656408598e+04 
1.97611542532477e-01 9.99999847517420e+04 
1.97859953058814e-01 1.00000002803399e+05 
1.98106989393738e-01 1.00000024201917e+05 
1.98354776283877e-01 1.00000045289345e+05 
1.98601351859097e-01 1.00000066468347e+05 
1.98845190957675e-01 1.00000090208973e+05 
1.99089550110958e-01 1.00000118306169e+05 
1.99337959617847e-01 1.00000144693396e+05 
1.99584994956340e-01 1.00000173893366e+05 
1.99832780812962e-01 1.00000202067007e+05 
2.00079355407157e-01 1.00000229775633e+05 
2.00323193591907e-01 1.00000258680468e+05 
