# Liste des scalaires : TEMPS pmat 
0.00000000000000e+00 1.00000000000000e+05 
5.42217668469038e-05 1.00000000000000e+05 
9.42440131270309e-05 1.00000000000000e+05 
1.35865258866653e-04 1.00000000000000e+05 
1.76958779353067e-04 1.00000000000000e+05 
2.17789175551221e-04 1.00000000000000e+05 
2.59131839064456e-04 1.00000000000000e+05 
3.00503657246314e-04 1.00000000000000e+05 
3.42053762128000e-04 1.00000000000000e+05 
3.84557908207091e-04 1.00000000000000e+05 
4.28248036359780e-04 1.00000000000000e+05 
4.72960715586907e-04 1.00000000000000e+05 
5.19179321305685e-04 1.00000000000000e+05 
5.65611941943420e-04 1.00000000000000e+05 
6.11643497631478e-04 1.00000000000000e+05 
6.58749607643352e-04 1.00000000000000e+05 
7.07112844172491e-04 1.00000000000000e+05 
7.57131852203018e-04 1.00000000000000e+05 
8.08212446225682e-04 1.00000000000000e+05 
8.60943799157437e-04 1.00000000000000e+05 
9.11916017802396e-04 1.00000000000000e+05 
9.63573680235144e-04 1.00000000000000e+05 
1.01636906623119e-03 1.00000000000000e+05 
1.07069922236088e-03 1.00000000000000e+05 
1.12698049103420e-03 1.00000000000000e+05 
1.18549602882636e-03 1.00000000000000e+05 
1.24062860626435e-03 1.00000000000000e+05 
1.29693986340760e-03 1.00000000000000e+05 
1.35365186051781e-03 1.00000000000000e+05 
1.41128403175626e-03 1.00000000000000e+05 
1.46963606687055e-03 1.00000000000000e+05 
1.52902149168034e-03 1.00000000000000e+05 
1.58909915353978e-03 1.00000000000000e+05 
1.64764088148584e-03 1.00000000000000e+05 
1.70741236165927e-03 1.00000000000000e+05 
1.76814648557364e-03 1.00000000000000e+05 
1.82860047151465e-03 1.00000000000000e+05 
1.88991672881144e-03 1.00000000000000e+05 
1.95170667421695e-03 1.00000000000000e+05 
2.01484129144645e-03 1.00000000000000e+05 
2.07780412497954e-03 1.00000000000000e+05 
2.14159775742131e-03 1.00000000000000e+05 
2.20639494066905e-03 1.00000000000000e+05 
2.27240522215520e-03 1.00000000000000e+05 
2.33866569433079e-03 1.00000000000000e+05 
2.40559794330055e-03 1.00000000000000e+05 
2.47339923496988e-03 1.00000000000000e+05 
2.54240705490392e-03 1.00000000000000e+05 
2.61269888384505e-03 1.00000000000000e+05 
2.68354904755736e-03 1.00000000000000e+05 
2.75515623551792e-03 1.00000000000000e+05 
2.82753015030452e-03 1.00000000000000e+05 
2.90122078902259e-03 1.00000000000000e+05 
2.97592735994571e-03 1.00000000000000e+05 
3.05169071968592e-03 1.00000000000000e+05 
3.12873363170342e-03 1.00000000000000e+05 
3.20666162482824e-03 1.00000000000000e+05 
3.28542105571528e-03 1.00000000000000e+05 
3.36530010712642e-03 1.00000000000000e+05 
3.44638836382153e-03 1.00000000000000e+05 
3.52825629835337e-03 1.00000000000000e+05 
3.61107068190031e-03 1.00000000000000e+05 
3.69500244641508e-03 1.00000000000000e+05 
3.77998584440594e-03 1.00000000000000e+05 
3.86569104508307e-03 1.00000000000000e+05 
3.95230587480224e-03 1.00000000000000e+05 
4.03984637485802e-03 1.00000000000000e+05 
4.12847765344262e-03 1.00000000000000e+05 
4.21834760605441e-03 1.00000000000000e+05 
4.30886001890175e-03 1.00000000000000e+05 
4.40026095621783e-03 1.00000000000000e+05 
4.49268537288295e-03 1.00000000000000e+05 
4.58611078028249e-03 1.00000000000000e+05 
4.68056491216272e-03 1.00000000000000e+05 
4.77586090741167e-03 1.00000000000000e+05 
4.87091360429231e-03 1.00000000000000e+05 
4.96695307594974e-03 1.00000000000000e+05 
5.06352570352065e-03 1.00000000000000e+05 
5.16050502187696e-03 1.00000000000000e+05 
5.25781716322557e-03 1.00000000000000e+05 
5.35571653895720e-03 1.00000000000000e+05 
5.45433796794180e-03 1.00000000000000e+05 
5.55441542742382e-03 1.00000000000000e+05 
5.65442587404171e-03 1.00000000000000e+05 
5.75388919503247e-03 1.00000000000000e+05 
5.85291958584365e-03 1.00000000000000e+05 
5.95163900561467e-03 1.00000000000000e+05 
6.05018662666234e-03 1.00000000000000e+05 
6.14860248957036e-03 1.00000000000000e+05 
6.24696049380412e-03 1.00000000000000e+05 
6.35016310353192e-03 1.00000000000000e+05 
6.45336195940135e-03 1.00000000000000e+05 
6.55507239394292e-03 1.00000000000000e+05 
6.65758935585026e-03 1.00000000000000e+05 
6.75944119926867e-03 1.00000000000000e+05 
6.86223899973470e-03 1.00000000000000e+05 
6.96601899748480e-03 1.00000000000000e+05 
7.07011005838108e-03 1.00000000000000e+05 
7.17396011235246e-03 1.00000000000000e+05 
7.27710375546934e-03 1.00000000000000e+05 
7.37988114641616e-03 1.00000000000000e+05 
7.48296139193181e-03 1.00000000000000e+05 
7.58625580619753e-03 1.00000000000000e+05 
7.69034342375527e-03 1.00000000000000e+05 
7.79392532963629e-03 1.00000000000000e+05 
7.89944755005264e-03 1.00000000000000e+05 
8.00498635118877e-03 1.00000000000000e+05 
8.10838898456379e-03 1.00000000000000e+05 
8.21207826242169e-03 1.00000000000000e+05 
8.31615252087315e-03 1.00000000000000e+05 
8.41936907014559e-03 1.00000000000000e+05 
8.52412929752828e-03 1.00000000000000e+05 
8.62779863065656e-03 1.00000000000000e+05 
8.73271358241405e-03 1.00000000000000e+05 
8.83887223199130e-03 1.00000000000000e+05 
8.94588557001575e-03 1.00000000000000e+05 
9.05059517350311e-03 1.00000000000000e+05 
9.15731105271263e-03 1.00000000000000e+05 
9.26267480846618e-03 1.00000000000000e+05 
9.36832662679868e-03 1.00000000000000e+05 
9.47419965808040e-03 1.00000000000000e+05 
9.58029167965845e-03 1.00000000000000e+05 
9.68668280778933e-03 1.00000000000000e+05 
9.79336935473537e-03 1.00000000000000e+05 
9.90001490811285e-03 1.00000000000000e+05 
1.00065945995067e-02 1.00000000000000e+05 
1.01130636596727e-02 1.00000000000000e+05 
1.02181412081353e-02 1.00000000000000e+05 
1.03207894327422e-02 1.00000000000000e+05 
1.04267938577260e-02 1.00000000000000e+05 
1.05300912034501e-02 1.00000000000000e+05 
1.06347544999176e-02 1.00000000000000e+05 
1.07399995397185e-02 1.00000000000000e+05 
1.08451447424864e-02 1.00000000000000e+05 
1.09486476565931e-02 1.00000000000000e+05 
1.10522946212316e-02 1.00000000000000e+05 
1.11561014733073e-02 1.00000000000000e+05 
1.12600017711541e-02 1.00000000000000e+05 
1.13622260221167e-02 1.00000000000000e+05 
1.14665487368042e-02 1.00000000000000e+05 
1.15710792095721e-02 1.00000000000000e+05 
1.16759304536046e-02 1.00000000000000e+05 
1.17811393937070e-02 1.00000000000000e+05 
1.18854602836387e-02 1.00000000000000e+05 
1.19912524255552e-02 1.00000000000000e+05 
1.20973018877840e-02 1.00000000000000e+05 
1.22012887715772e-02 1.00000000000000e+05 
1.23074970573542e-02 1.00000000000000e+05 
1.24124839435018e-02 1.00000000000000e+05 
1.25190031899383e-02 1.00000000000000e+05 
1.26258047144642e-02 1.00000000000000e+05 
1.27329834467909e-02 1.00000000000000e+05 
1.28399051463533e-02 1.00000000000000e+05 
1.29480784117970e-02 1.00000000000000e+05 
1.30554909323809e-02 1.00000000000000e+05 
1.31644798802606e-02 1.00000000000000e+05 
1.32746518492395e-02 1.00000000000000e+05 
1.33848758122066e-02 1.00000000000000e+05 
1.34890311246545e-02 1.00000000000000e+05 
1.35978237659711e-02 1.00000000000000e+05 
1.37049782911627e-02 1.00000000000000e+05 
1.38141547474820e-02 1.00000000000000e+05 
1.39243070715039e-02 1.00000000000000e+05 
1.40344963147864e-02 1.00000000000000e+05 
1.41424596243783e-02 1.00000000000000e+05 
1.42514047604173e-02 1.00000000000000e+05 
1.43594370628136e-02 1.00000000000000e+05 
1.44691591162895e-02 1.00000000000000e+05 
1.45770410935576e-02 1.00000000000000e+05 
1.46860143240578e-02 1.00000000000000e+05 
1.47942230309850e-02 1.00000000000000e+05 
1.49024629897344e-02 1.00000000000000e+05 
1.50105510912947e-02 1.00000000000000e+05 
1.51180274154015e-02 1.00000000000000e+05 
1.52259505303027e-02 1.00000000000000e+05 
1.53349502119266e-02 1.00000000000000e+05 
1.54430404019553e-02 1.00000000000000e+05 
1.55512551515123e-02 1.00000000000000e+05 
1.56594136263971e-02 1.00000000000000e+05 
1.57689801888026e-02 1.00000000000000e+05 
1.58785414223650e-02 1.00000000000000e+05 
1.59880993358920e-02 1.00000000000000e+05 
1.60963800351923e-02 1.00000000000000e+05 
1.62052382704113e-02 1.00000000000000e+05 
1.63136180447802e-02 1.00000000000000e+05 
1.64230783025719e-02 1.00000000000000e+05 
1.65322961830580e-02 1.00000000000000e+05 
1.66417231644820e-02 1.00000000000000e+05 
1.67501960527535e-02 1.00000000000000e+05 
1.68596167637218e-02 1.00000000000000e+05 
1.69680670992205e-02 1.00000000000000e+05 
1.70774530122190e-02 1.00000000000000e+05 
1.71868457382990e-02 1.00000000000000e+05 
1.72962360601066e-02 1.00000000000000e+05 
1.74045339200213e-02 1.00000000000000e+05 
1.75137837854135e-02 1.00000000000000e+05 
1.76221406887234e-02 1.00000000000000e+05 
1.77316220342124e-02 1.00000000000000e+05 
1.78411450316407e-02 1.00000000000000e+05 
1.79506829077972e-02 1.00000000000000e+05 
1.80590055374478e-02 1.00000000000000e+05 
1.81682990581623e-02 1.00000000000000e+05 
1.82767236566918e-02 1.00000000000000e+05 
1.83863626136229e-02 1.00000000000000e+05 
1.84960563602929e-02 1.00000000000000e+05 
1.86057955056031e-02 1.00000000000000e+05 
1.87142528300093e-02 1.00000000000000e+05 
1.88237189849949e-02 1.00000000000000e+05 
1.89323667213718e-02 1.00000000000000e+05 
1.90420402775204e-02 1.00000000000000e+05 
1.91518910511965e-02 1.00000000000000e+05 
1.92617829887576e-02 1.00000000000000e+05 
1.93707326354297e-02 1.00000000000000e+05 
1.94805546858109e-02 1.00000000000000e+05 
1.95896953693600e-02 1.00000000000000e+05 
1.96995312205466e-02 1.00000000000000e+05 
1.98093488659295e-02 1.00000000000000e+05 
1.99191607945187e-02 1.00000000000000e+05 
2.00284517980049e-02 1.00000000000000e+05 
2.01382246760646e-02 1.00000000000000e+05 
2.02476782647458e-02 1.00000000000000e+05 
2.03574751205783e-02 1.00000000000000e+05 
2.04673535803126e-02 1.00000000000000e+05 
2.05772566831664e-02 1.00000000000000e+05 
2.06870108741486e-02 1.00000000000000e+05 
2.07969085395805e-02 1.00000000000000e+05 
2.09067219868118e-02 1.00000000000000e+05 
2.10168158933069e-02 1.00000000000000e+05 
2.11271083723461e-02 1.00000000000000e+05 
2.12374584301348e-02 1.00000000000000e+05 
2.13472018150203e-02 1.00000000000000e+05 
2.14576849137403e-02 1.00000000000000e+05 
2.15674100769377e-02 1.00000000000000e+05 
2.16782093692042e-02 1.00000000000000e+05 
2.17890388930960e-02 1.00000000000000e+05 
2.18999161557267e-02 1.00000000000000e+05 
2.20097594488998e-02 1.00000000000000e+05 
2.21206535852543e-02 1.00000000000000e+05 
2.22306857240825e-02 1.00000000000000e+05 
2.23417069469176e-02 1.00000000000000e+05 
2.24527881960519e-02 1.00000000000000e+05 
2.25640043899252e-02 1.00000000000000e+05 
2.26747892596483e-02 1.00000000000000e+05 
2.27861798774771e-02 1.00000000000000e+05 
2.28973462097742e-02 1.00000000000000e+05 
2.30089757346573e-02 1.00000000000000e+05 
2.31205211453997e-02 1.00000000000000e+05 
2.32320721059185e-02 1.00000000000000e+05 
2.33428020465307e-02 1.00000000000000e+05 
2.34520730589955e-02 1.00000000000000e+05 
2.35603210216290e-02 1.00000000000000e+05 
2.36709232434291e-02 1.00000000000000e+05 
2.37815120121111e-02 1.00000000000000e+05 
2.38921352909474e-02 1.00000000000000e+05 
2.40001448839124e-02 1.00000000000000e+05 
2.41090590486877e-02 1.00000000000000e+05 
2.42169782695866e-02 1.00000000000000e+05 
2.43264685753159e-02 1.00000000000000e+05 
2.44343422193596e-02 1.00000000000000e+05 
2.45438581743296e-02 1.00000000000000e+05 
2.46517265130034e-02 1.00000000000000e+05 
2.47596175063897e-02 1.00000000000000e+05 
2.48675219270674e-02 1.00000000000000e+05 
2.49772162556396e-02 1.00000000000000e+05 
2.50851861889160e-02 1.00000000000000e+05 
2.51946353554067e-02 1.00000000000000e+05 
2.53026934118976e-02 1.00000000000000e+05 
2.54108080832653e-02 1.00000000000000e+05 
2.55189637864817e-02 1.00000000000000e+05 
2.56282209440404e-02 1.00000000000000e+05 
2.57364743162940e-02 1.00000000000000e+05 
2.58458307467855e-02 1.00000000000000e+05 
2.59542152729121e-02 1.00000000000000e+05 
2.60626982269465e-02 1.00000000000000e+05 
2.61712864338781e-02 1.00000000000000e+05 
2.62800203924864e-02 1.00000000000000e+05 
2.63889116372084e-02 1.00000000000000e+05 
2.64986964812210e-02 1.00000000000000e+05 
2.66084854136953e-02 1.00000000000000e+05 
2.67179896694261e-02 1.00000000000000e+05 
2.68277348669540e-02 1.00000000000000e+05 
2.69374640312914e-02 1.00000000000000e+05 
2.70471567809629e-02 1.00000000000000e+05 
2.71567987396469e-02 1.00000000000000e+05 
2.72663571904268e-02 1.00000000000000e+05 
2.73759799883217e-02 1.00000000000000e+05 
2.74855570529594e-02 1.00000000000000e+05 
2.75951888042714e-02 1.00000000000000e+05 
2.77048734965089e-02 1.00000000000000e+05 
2.78145960649205e-02 1.00000000000000e+05 
2.79241782095103e-02 1.00000000000000e+05 
2.80340760000846e-02 1.00000000000000e+05 
2.81441156652068e-02 1.00000000000000e+05 
2.82542638839043e-02 1.00000000000000e+05 
2.83646153246430e-02 1.00000000000000e+05 
2.84750903757185e-02 1.00000000000000e+05 
2.85855565709273e-02 1.00000000000000e+05 
2.86960888278667e-02 1.00000000000000e+05 
2.88066939468376e-02 1.00000000000000e+05 
2.89173779976557e-02 1.00000000000000e+05 
2.90280562222638e-02 1.00000000000000e+05 
2.91386498645672e-02 1.00000000000000e+05 
2.92491963159065e-02 1.00000000000000e+05 
2.93596795954650e-02 1.00000000000000e+05 
2.94676654912002e-02 1.00000000000000e+05 
2.95765560290765e-02 1.00000000000000e+05 
2.96869062765684e-02 1.00000000000000e+05 
2.97972082218951e-02 1.00000000000000e+05 
2.99050114021275e-02 1.00000000000000e+05 
3.00152917527984e-02 1.00000000000000e+05 
3.01230366976214e-02 1.00000000000000e+05 
3.02316780105342e-02 1.00000000000000e+05 
3.03418162351969e-02 1.00000000000000e+05 
3.04519159396612e-02 1.00000000000000e+05 
3.05595654538994e-02 1.00000000000000e+05 
3.06696455880082e-02 1.00000000000000e+05 
3.07772778323516e-02 1.00000000000000e+05 
3.08857852686078e-02 1.00000000000000e+05 
3.09957036414457e-02 1.00000000000000e+05 
3.11056929109583e-02 1.00000000000000e+05 
3.12131196618496e-02 1.00000000000000e+05 
3.13231122864851e-02 1.00000000000000e+05 
3.14306112379582e-02 1.00000000000000e+05 
3.15391072157400e-02 1.00000000000000e+05 
3.16490515738150e-02 1.00000000000000e+05 
3.17589714067516e-02 1.00000000000000e+05 
3.18665622405222e-02 1.00000000000000e+05 
3.19764925649001e-02 1.00000000000000e+05 
3.20842053258815e-02 1.00000000000000e+05 
3.21929476786353e-02 1.00000000000000e+05 
3.23028498815246e-02 1.00000000000000e+05 
3.24127163960447e-02 1.00000000000000e+05 
3.25206392942501e-02 1.00000000000000e+05 
3.26305288011681e-02 1.00000000000000e+05 
3.27385973064550e-02 1.00000000000000e+05 
3.28477414693453e-02 1.00000000000000e+05 
3.29576065163731e-02 1.00000000000000e+05 
3.30674674885466e-02 1.00000000000000e+05 
3.31757493741362e-02 1.00000000000000e+05 
3.32856897635545e-02 1.00000000000000e+05 
3.33940997417305e-02 1.00000000000000e+05 
3.35036434194447e-02 1.00000000000000e+05 
3.36135566870811e-02 1.00000000000000e+05 
3.37235057442360e-02 1.00000000000000e+05 
3.38320947439488e-02 1.00000000000000e+05 
3.39421080293201e-02 1.00000000000000e+05 
3.40508909298775e-02 1.00000000000000e+05 
3.41609630161324e-02 1.00000000000000e+05 
3.42711157956409e-02 1.00000000000000e+05 
3.43813263887616e-02 1.00000000000000e+05 
3.44905951891403e-02 1.00000000000000e+05 
3.46009035684652e-02 1.00000000000000e+05 
3.47105792908212e-02 1.00000000000000e+05 
3.48209338274024e-02 1.00000000000000e+05 
3.49313471174020e-02 1.00000000000000e+05 
3.50417711303296e-02 1.00000000000000e+05 
3.51523373030085e-02 1.00000000000000e+05 
3.52627832080251e-02 1.00000000000000e+05 
3.53734104973346e-02 1.00000000000000e+05 
3.54839099670117e-02 1.00000000000000e+05 
3.55945511674755e-02 1.00000000000000e+05 
3.57052254899530e-02 1.00000000000000e+05 
3.58161843680332e-02 1.00000000000000e+05 
3.59270362644349e-02 1.00000000000000e+05 
3.60382880153712e-02 1.00000000000000e+05 
3.61494051672980e-02 1.00000000000000e+05 
3.62608479327655e-02 1.00000000000000e+05 
3.63722610094048e-02 1.00000000000000e+05 
3.64826923034331e-02 1.00000000000000e+05 
3.65942705893600e-02 1.00000000000000e+05 
3.67048256349807e-02 1.00000000000000e+05 
3.68161232257070e-02 1.00000000000000e+05 
3.69278328250897e-02 1.00000000000000e+05 
3.70395532399191e-02 1.00000000000000e+05 
3.71502101077800e-02 1.00000000000000e+05 
3.72619143955128e-02 1.00000000000000e+05 
3.73726886692978e-02 1.00000000000000e+05 
3.74843774589959e-02 1.00000000000000e+05 
3.75960020680665e-02 1.00000000000000e+05 
3.77075969986003e-02 1.00000000000000e+05 
3.78185087238376e-02 1.00000000000000e+05 
3.79300765037566e-02 1.00000000000000e+05 
3.80410544698593e-02 1.00000000000000e+05 
3.81526798764555e-02 1.00000000000000e+05 
3.82645139232928e-02 1.00000000000000e+05 
3.83765417461404e-02 1.00000000000000e+05 
3.84876978702219e-02 1.00000000000000e+05 
3.85999284872277e-02 1.00000000000000e+05 
3.87111944896946e-02 1.00000000000000e+05 
3.88234505145482e-02 1.00000000000000e+05 
3.89357212501281e-02 1.00000000000000e+05 
3.90480031284692e-02 1.00000000000000e+05 
3.91595782562387e-02 1.00000000000000e+05 
3.92718765559074e-02 1.00000000000000e+05 
3.93836117999379e-02 1.00000000000000e+05 
3.94959289678196e-02 1.00000000000000e+05 
3.96082568388852e-02 1.00000000000000e+05 
3.97205939408723e-02 1.00000000000000e+05 
3.98329321173411e-02 1.00000000000000e+05 
3.99452770748412e-02 1.00000000000000e+05 
4.00576304759479e-02 1.00000000000000e+05 
4.01699808525781e-02 1.00000000000000e+05 
4.02822850517132e-02 1.00000000000000e+05 
4.03945651031633e-02 1.00000000000000e+05 
4.05068137946328e-02 1.00000000000000e+05 
4.06190831733646e-02 1.00000000000000e+05 
4.07313620054810e-02 1.00000000000000e+05 
4.08436626081677e-02 1.00000000000000e+05 
4.09560218522592e-02 1.00000000000000e+05 
4.10684060471368e-02 1.00000000000000e+05 
4.11807931664120e-02 1.00000000000000e+05 
4.12931732021926e-02 1.00000000000000e+05 
4.14055238994023e-02 1.00000000000000e+05 
4.15178733544645e-02 1.00000000000000e+05 
4.16302952603439e-02 1.00000000000000e+05 
4.17427624862985e-02 1.00000000000000e+05 
4.18552772781802e-02 1.00000000000000e+05 
4.19678489222170e-02 1.00000000000000e+05 
4.20804315618730e-02 1.00000000000000e+05 
4.21930368359187e-02 1.00000000000000e+05 
4.23057147311119e-02 1.00000000000000e+05 
4.24184574380841e-02 1.00000000000000e+05 
4.25307901117920e-02 1.00000000000000e+05 
4.26437014213489e-02 1.00000000000000e+05 
4.27566283008213e-02 1.00000000000000e+05 
4.28695931287767e-02 1.00000000000000e+05 
4.29827413005944e-02 1.00000000000000e+05 
4.30960319843412e-02 1.00000000000000e+05 
4.32095258090348e-02 1.00000000000000e+05 
4.33231758842721e-02 1.00000000000000e+05 
4.34370942346135e-02 1.00000000000000e+05 
4.35512372911559e-02 1.00000000000000e+05 
4.36657357235750e-02 1.00000000000000e+05 
4.37797050659334e-02 1.00000000000000e+05 
4.38936063159251e-02 1.00000000000000e+05 
4.40074487595702e-02 1.00000000000000e+05 
4.41212435113976e-02 1.00000000000000e+05 
4.42349265249327e-02 1.00000000000000e+05 
4.43484623395293e-02 1.00000000000000e+05 
4.44619695223566e-02 1.00000000000000e+05 
4.45755303910811e-02 1.00000000000000e+05 
4.46892597641262e-02 1.00000000000000e+05 
4.48031456879942e-02 1.00000000000000e+05 
4.49171206490724e-02 1.00000000000000e+05 
4.50311456292829e-02 1.00000000000000e+05 
4.51452549960854e-02 1.00000000000000e+05 
4.52594468934822e-02 1.00000000000000e+05 
4.53737527280713e-02 1.00000000000000e+05 
4.54882181368404e-02 1.00000000000000e+05 
4.56028450089692e-02 1.00000000000000e+05 
4.57175111390484e-02 1.00000000000000e+05 
4.58321780997277e-02 1.00000000000000e+05 
4.59468754768565e-02 1.00000000000000e+05 
4.60615509789590e-02 1.00000000000000e+05 
4.61740807778069e-02 1.00000000000000e+05 
4.62886586012518e-02 1.00000000000000e+05 
4.64031952326624e-02 1.00000000000000e+05 
4.65176854775744e-02 1.00000000000000e+05 
4.66321603635411e-02 1.00000000000000e+05 
4.67466232808755e-02 1.00000000000000e+05 
4.68610505272783e-02 1.00000000000000e+05 
4.69754619143295e-02 1.00000000000000e+05 
4.70898975199289e-02 1.00000000000000e+05 
4.72043454763155e-02 1.00000000000000e+05 
4.73188241450012e-02 1.00000000000000e+05 
4.74333479908193e-02 1.00000000000000e+05 
4.75478714580065e-02 1.00000000000000e+05 
4.76624166970260e-02 1.00000000000000e+05 
4.77770148511316e-02 1.00000000000000e+05 
4.78916577425852e-02 1.00000000000000e+05 
4.80063401022503e-02 1.00000000000000e+05 
4.81210561008197e-02 1.00000000000000e+05 
4.82357605883568e-02 1.00000000000000e+05 
4.83504615899263e-02 1.00000000000000e+05 
4.84651994445421e-02 1.00000000000000e+05 
4.85799426998077e-02 1.00000000000000e+05 
4.86947074412027e-02 1.00000000000000e+05 
4.88095008936942e-02 1.00000000000000e+05 
4.89242812663012e-02 1.00000000000000e+05 
4.90390770018055e-02 1.00000000000000e+05 
4.91539606600124e-02 1.00000000000000e+05 
4.92688904288989e-02 1.00000000000000e+05 
4.93838955009278e-02 1.00000000000000e+05 
4.94990051342547e-02 1.00000000000000e+05 
4.96142054774705e-02 1.00000000000000e+05 
4.97295152246441e-02 1.00000000000000e+05 
4.98449736186876e-02 1.00000000000000e+05 
4.99605927468038e-02 1.00000000000000e+05 
5.00764125054698e-02 1.00000000000000e+05 
5.01922481242581e-02 1.00000000000000e+05 
5.03079489351332e-02 1.00000000000000e+05 
5.04242435861423e-02 1.00000000000000e+05 
5.05413071133275e-02 1.00000000000000e+05 
5.06588182126289e-02 1.00000000000000e+05 
5.07738571132578e-02 1.00000000000000e+05 
5.08918043486661e-02 1.00000000000000e+05 
5.10089455531403e-02 1.00000000000000e+05 
5.11282983254990e-02 1.00000000000000e+05 
5.12491436747307e-02 1.00000000000000e+05 
5.13699090403568e-02 1.00000000000000e+05 
5.14903169497358e-02 1.00000000000000e+05 
5.16109193845322e-02 1.00000000000000e+05 
5.17314283374657e-02 1.00000000000000e+05 
5.18518032013081e-02 1.00000000000000e+05 
5.19721989008956e-02 1.00000000000000e+05 
5.20925824035941e-02 1.00000000000000e+05 
5.22089883041359e-02 1.00000000000000e+05 
5.23273862305737e-02 1.00000000000000e+05 
5.24444886545677e-02 1.00000000000000e+05 
5.25628834688302e-02 1.00000000000000e+05 
5.26812392569052e-02 1.00000000000000e+05 
5.27995362837292e-02 1.00000000000000e+05 
5.29177786048496e-02 1.00000000000000e+05 
5.30359542074551e-02 1.00000000000000e+05 
5.31540610095759e-02 1.00000000000000e+05 
5.32721043506059e-02 1.00000000000000e+05 
5.33901386403715e-02 1.00000000000000e+05 
5.35081570621579e-02 1.00000000000000e+05 
5.36261797887253e-02 1.00000000000000e+05 
5.37442056931197e-02 1.00000000000000e+05 
5.38622240534530e-02 1.00000000000000e+05 
5.39802467158439e-02 1.00000000000000e+05 
5.40983227268199e-02 1.00000000000000e+05 
5.42164415615289e-02 1.00000000000000e+05 
5.43346005738686e-02 1.00000000000000e+05 
5.44528145741636e-02 1.00000000000000e+05 
5.45710652990548e-02 1.00000000000000e+05 
5.46893735367195e-02 1.00000000000000e+05 
5.48076990323916e-02 1.00000000000000e+05 
5.49260895148376e-02 1.00000000000000e+05 
5.50445923321804e-02 1.00000000000000e+05 
5.51631599491998e-02 1.00000000000000e+05 
5.52818452242532e-02 1.00000000000000e+05 
5.54007245129468e-02 1.00000000000000e+05 
5.55198107799887e-02 1.00000000000000e+05 
5.56391668185447e-02 1.00000000000000e+05 
5.57587986311275e-02 1.00000000000000e+05 
5.58787087783021e-02 1.00000000000000e+05 
5.59932370521374e-02 1.00000000000000e+05 
5.61134446672453e-02 1.00000000000000e+05 
5.62342201742943e-02 1.00000000000000e+05 
5.63553314494360e-02 1.00000000000000e+05 
5.64735732658173e-02 1.00000000000000e+05 
5.65945373756392e-02 1.00000000000000e+05 
5.67147139825841e-02 1.00000000000000e+05 
5.68355759565961e-02 1.00000000000000e+05 
5.69563017245556e-02 1.00000000000000e+05 
5.70769162211731e-02 1.00000000000000e+05 
5.71975195923736e-02 1.00000000000000e+05 
5.73179358653648e-02 1.00000000000000e+05 
5.74382697504673e-02 1.00000000000000e+05 
5.75585406443539e-02 1.00000000000000e+05 
5.76789397958463e-02 1.00000000000000e+05 
5.77994984435404e-02 1.00000000000000e+05 
5.79203167511281e-02 1.00000000000000e+05 
5.80411653406278e-02 1.00000000000000e+05 
5.81620766841313e-02 1.00000000000000e+05 
5.82830983456895e-02 1.00000000000000e+05 
5.84040482717564e-02 1.00000000000000e+05 
5.85250069612642e-02 1.00000000000000e+05 
5.86461281419634e-02 1.00000000000000e+05 
5.87672424739724e-02 1.00000000000000e+05 
5.88883884913413e-02 1.00000000000000e+05 
5.90096296963118e-02 1.00000000000000e+05 
5.91310418402255e-02 1.00000000000000e+05 
5.92525628894794e-02 1.00000000000000e+05 
5.93742594383508e-02 1.00000000000000e+05 
5.94957511840737e-02 1.00000000000000e+05 
5.96171764127149e-02 1.00000000000000e+05 
5.97385934123809e-02 1.00000000000000e+05 
5.98601327991150e-02 1.00000000000000e+05 
5.99817592276534e-02 1.00000000000001e+05 
6.01035213833117e-02 1.00000000000538e+05 
6.02251612978193e-02 1.00000000011071e+05 
6.03467834253963e-02 1.00000000040660e+05 
6.04684692996324e-02 1.00000000204958e+05 
6.05902864212312e-02 1.00000000433426e+05 
6.07120782172952e-02 1.00000000731332e+05 
6.08339067006525e-02 1.00000001110361e+05 
6.09557268661074e-02 1.00000001564738e+05 
6.10775573037262e-02 1.00000002222821e+05 
6.11993026885607e-02 1.00000002966715e+05 
6.13211342160939e-02 1.00000003662984e+05 
6.14429534130979e-02 1.00000004317061e+05 
6.15537715956928e-02 1.00000004955265e+05 
6.16730532845664e-02 1.00000005681688e+05 
6.17953705582098e-02 1.00000006479450e+05 
6.19174621201043e-02 1.00000007302698e+05 
6.20396392314260e-02 1.00000008160179e+05 
6.21617225231510e-02 1.00000009024857e+05 
6.22842345576545e-02 1.00000009904218e+05 
6.24067737200638e-02 1.00000010786406e+05 
6.25298151110171e-02 1.00000011752369e+05 
6.26524619026518e-02 1.00000012712593e+05 
6.27754747369498e-02 1.00000013542989e+05 
6.28990211776754e-02 1.00000014378484e+05 
6.30231876695528e-02 1.00000015214557e+05 
6.31473902773132e-02 1.00000016018003e+05 
6.32717926785923e-02 1.00000016790572e+05 
6.33961864373736e-02 1.00000017548349e+05 
6.35207995291087e-02 1.00000018295213e+05 
6.36454784717101e-02 1.00000019041328e+05 
6.37703640446402e-02 1.00000019785818e+05 
6.38952726582854e-02 1.00000020450499e+05 
6.40128921144284e-02 1.00000021123212e+05 
6.41381055715236e-02 1.00000021938747e+05 
6.42640706383923e-02 1.00000022870912e+05 
6.43902606197124e-02 1.00000023987666e+05 
6.45142168023272e-02 1.00000025272489e+05 
6.46411553468448e-02 1.00000026796834e+05 
6.47682322998436e-02 1.00000028424026e+05 
6.48961618201674e-02 1.00000030365531e+05 
6.50252311322704e-02 1.00000032632319e+05 
6.51505791127359e-02 1.00000036041356e+05 
6.52760501287806e-02 1.00000041545912e+05 
6.54015751924971e-02 1.00000056383525e+05 
6.55271800105744e-02 1.00000085021134e+05 
6.56528465311408e-02 1.00000130566738e+05 
6.57784314886783e-02 1.00000196323598e+05 
6.59039917231961e-02 1.00000286046980e+05 
6.60297504690478e-02 1.00000402790370e+05 
6.61556981250816e-02 1.00000547811749e+05 
6.62817520753211e-02 1.00000717772536e+05 
6.64079062545142e-02 1.00000914156864e+05 
6.65341026199995e-02 1.00001137800480e+05 
6.66603184121866e-02 1.00001389692224e+05 
6.67866255729880e-02 1.00001669388084e+05 
6.69129696904247e-02 1.00001976775221e+05 
6.70393205078099e-02 1.00002311340133e+05 
6.71657001613580e-02 1.00002673197935e+05 
6.72920948365910e-02 1.00003061035052e+05 
6.74185004568509e-02 1.00003473779986e+05 
6.75449897183064e-02 1.00003909517495e+05 
6.76715095801170e-02 1.00004365935570e+05 
6.77980544395795e-02 1.00004840507990e+05 
6.79246135540832e-02 1.00005331201709e+05 
6.80511856082877e-02 1.00005834215756e+05 
6.81777720990435e-02 1.00006346426446e+05 
6.83044211606983e-02 1.00006863903940e+05 
6.84310041658714e-02 1.00007382590658e+05 
6.85576627123856e-02 1.00007897633846e+05 
6.86843856117886e-02 1.00008406501042e+05 
6.88112631920452e-02 1.00008905571852e+05 
6.89382704678854e-02 1.00009392193917e+05 
6.90653551746737e-02 1.00009862662289e+05 
6.91924059418931e-02 1.00010310924830e+05 
6.93195830560068e-02 1.00010729298509e+05 
6.94467368122914e-02 1.00011123908135e+05 
6.95740211512461e-02 1.00011499740877e+05 
6.97014126762899e-02 1.00011858474441e+05 
6.98289892555022e-02 1.00012202434905e+05 
6.99565719925843e-02 1.00012496648996e+05 
7.00844861396577e-02 1.00012777614348e+05 
7.02123200759593e-02 1.00013092879430e+05 
7.03402266428439e-02 1.00013446036615e+05 
7.04681769085054e-02 1.00013860356376e+05 
7.05962356932769e-02 1.00014343866467e+05 
7.07243117340476e-02 1.00014884330617e+05 
7.08524111268132e-02 1.00015503889565e+05 
7.09804887411995e-02 1.00016223072026e+05 
7.11085751679173e-02 1.00017039891142e+05 
7.12367188574226e-02 1.00017972989410e+05 
7.13649655146570e-02 1.00019361045059e+05 
7.14933346855166e-02 1.00021623032283e+05 
7.16217845668469e-02 1.00030202369437e+05 
7.17503579756946e-02 1.00049840330529e+05 
7.18790594734077e-02 1.00082798594409e+05 
7.20078952860649e-02 1.00131972943968e+05 
7.21369291834931e-02 1.00200399884825e+05 
7.22661509097704e-02 1.00290850622204e+05 
7.23955849228096e-02 1.00406701889203e+05 
7.25253035163525e-02 1.00542972608369e+05 
7.26551593073791e-02 1.00700709036656e+05 
7.27855444519815e-02 1.00881788849908e+05 
7.29165535966907e-02 1.01086782514905e+05 
7.30479841916880e-02 1.01316083461906e+05 
7.31802889068661e-02 1.01570837851382e+05 
7.33127567222827e-02 1.01849799387237e+05 
7.34459284147764e-02 1.02153919929922e+05 
7.35798458425908e-02 1.02483348426460e+05 
7.37138903236406e-02 1.02835727346831e+05 
7.38479195813192e-02 1.03210448022708e+05 
7.39819048733409e-02 1.03603454178156e+05 
7.41158719205547e-02 1.04013028907925e+05 
7.42498381653154e-02 1.04437180306405e+05 
7.43837780173431e-02 1.04872671712682e+05 
7.45177361307217e-02 1.05316937948343e+05 
7.46480630554197e-02 1.05755186740909e+05 
7.47786683180158e-02 1.06197153962878e+05 
7.49095123658370e-02 1.06637220393905e+05 
7.50403841395576e-02 1.07070638390352e+05 
7.51712374052051e-02 1.07492989305063e+05 
7.53021254676727e-02 1.07904049204639e+05 
7.54330411021681e-02 1.08299830974306e+05 
7.55639511213326e-02 1.08672275891755e+05 
7.56948611185004e-02 1.09016109832547e+05 
7.58257187222569e-02 1.09327194074872e+05 
7.59564379857354e-02 1.09608861953935e+05 
7.60871061732776e-02 1.09893921425409e+05 
7.62176829596986e-02 1.10118446370601e+05 
7.63482021940539e-02 1.10292014853925e+05 
7.64786849155059e-02 1.10422569379873e+05 
7.66090547496848e-02 1.10516676349805e+05 
7.67393413729041e-02 1.10576151017697e+05 
7.68696444935103e-02 1.10585074144133e+05 
7.69999474045075e-02 1.10569745324715e+05 
7.71303615847940e-02 1.10553888922366e+05 
7.72608790858335e-02 1.10537810772862e+05 
7.73914588579369e-02 1.10521006774496e+05 
7.75221537989185e-02 1.10497741627394e+05 
7.76530272288473e-02 1.10467763231965e+05 
7.77839796790351e-02 1.10428307823941e+05 
7.79151638326554e-02 1.10378491925363e+05 
7.80465409628899e-02 1.10319169810815e+05 
7.81779678405044e-02 1.10245054966789e+05 
7.83096251556912e-02 1.10159787653905e+05 
7.84265839754248e-02 1.10074769530221e+05 
7.85540626810670e-02 1.09973271437918e+05 
7.86858946481059e-02 1.09859068375528e+05 
7.88175631120485e-02 1.09737385344619e+05 
7.89491537801206e-02 1.09606792347140e+05 
7.90806905779927e-02 1.09466732994669e+05 
7.92123405362816e-02 1.09318657261773e+05 
7.93442842936425e-02 1.09162393066765e+05 
7.94764434336376e-02 1.08999085683289e+05 
7.96087000321662e-02 1.08829625617843e+05 
7.97410632629332e-02 1.08654654353108e+05 
7.98736374959978e-02 1.08473887142064e+05 
8.00064187240251e-02 1.08288598829091e+05 
8.01392974011815e-02 1.08099344355907e+05 
8.02721938630785e-02 1.07906932402809e+05 
8.04050706464854e-02 1.07711976137107e+05 
8.05378386002890e-02 1.07515511383936e+05 
8.06706929385664e-02 1.07317244821801e+05 
8.08037570985247e-02 1.07117829828785e+05 
8.09370026213501e-02 1.06917488578297e+05 
8.10703287345249e-02 1.06716852754360e+05 
8.12037060268207e-02 1.06516222439717e+05 
8.13370734558861e-02 1.06316086674835e+05 
8.14702753758081e-02 1.06116200287932e+05 
8.16034113939185e-02 1.05917335800954e+05 
8.17365311162270e-02 1.05719248112172e+05 
8.18697804278209e-02 1.05521998724432e+05 
8.20031538075554e-02 1.05325591112045e+05 
8.21365466993553e-02 1.05130611589532e+05 
8.22699140397879e-02 1.04936675155834e+05 
8.24033378500931e-02 1.04744316785820e+05 
8.25368884008373e-02 1.04553110236061e+05 
8.26706806930542e-02 1.04363138384360e+05 
8.28046873545473e-02 1.04174291537835e+05 
8.29389035616551e-02 1.03986893929382e+05 
8.30733278609852e-02 1.03800401682896e+05 
8.32078013820751e-02 1.03615689954589e+05 
8.33423532924205e-02 1.03432553982714e+05 
8.34771026457283e-02 1.03251007266033e+05 
8.36122179582043e-02 1.03070791218553e+05 
8.37476592255077e-02 1.02892194754082e+05 
8.38834055469114e-02 1.02714681315248e+05 
8.40194192447014e-02 1.02538913683494e+05 
8.41557991040993e-02 1.02364629557014e+05 
8.42925659411988e-02 1.02191973372148e+05 
8.44299219826665e-02 1.02020662895331e+05 
8.45678642931005e-02 1.01850949674967e+05 
8.47062928004741e-02 1.01682434060587e+05 
8.48453394467122e-02 1.01515510988306e+05 
8.49841498002486e-02 1.01351109602723e+05 
8.51246428664717e-02 1.01187130027396e+05 
8.52662851232199e-02 1.01024205115119e+05 
8.54104264515593e-02 1.00861111845044e+05 
8.55566409663925e-02 1.00697900615569e+05 
8.57021341727588e-02 1.00538214764336e+05 
8.58509816033356e-02 1.00377586056842e+05 
8.59977275507359e-02 1.00222066410694e+05 
8.61457703828863e-02 1.00067940690416e+05 
8.62955680061679e-02 9.99150547644033e+04 
8.64453640241718e-02 9.97647199801596e+04 
8.65922425446846e-02 9.96201877204150e+04 
8.67406781386267e-02 9.94770053309991e+04 
8.68877987205525e-02 9.93380430236224e+04 
8.70363791815927e-02 9.92005427172127e+04 
8.71864933181700e-02 9.90647591861081e+04 
8.73366500999691e-02 9.89316339419455e+04 
8.74839223596030e-02 9.88040058476313e+04 
8.76325567183931e-02 9.86781520450998e+04 
8.77798001098029e-02 9.85564738790797e+04 
8.79284142510337e-02 9.84365290111858e+04 
8.80777760078318e-02 9.83191535959363e+04 
8.82271546273669e-02 9.82045087155063e+04 
8.83695510403286e-02 9.80980297717898e+04 
8.85133329489365e-02 9.79933455695568e+04 
8.86557810730899e-02 9.78924774615436e+04 
8.88000839248403e-02 9.77930206811746e+04 
8.89459887234878e-02 9.76954742815260e+04 
8.90920100210223e-02 9.76001646292127e+04 
8.92348103630026e-02 9.75099964579076e+04 
8.93791012508646e-02 9.74218962484725e+04 
8.95220733486746e-02 9.73376189020591e+04 
8.96668937311118e-02 9.72550478660842e+04 
8.98134684410483e-02 9.71744251155653e+04 
8.99592939980477e-02 9.70968539584386e+04 
9.01077901028542e-02 9.70206783165641e+04 
9.02515875279323e-02 9.69497310766012e+04 
9.04002007086214e-02 9.68794329032830e+04 
9.05449287183172e-02 9.68135427659590e+04 
9.06954219913289e-02 9.67477818298496e+04 
9.08428904395796e-02 9.66859997448965e+04 
9.09867236013251e-02 9.66278868235912e+04 
9.11374558008690e-02 9.65696685322033e+04 
9.12826027286968e-02 9.65162460562904e+04 
9.14340769248074e-02 9.64631351916701e+04 
9.15859502081144e-02 9.64130144163432e+04 
9.17378607145015e-02 9.63653918147453e+04 
9.18898441975214e-02 9.63202966853224e+04 
9.20410884617883e-02 9.62774744331295e+04 
9.21933794554750e-02 9.62375450719506e+04 
9.23458824167339e-02 9.62004073722591e+04 
9.24986383020353e-02 9.61663342226781e+04 
9.26515130834802e-02 9.61347387777924e+04 
9.28045530503949e-02 9.61056388099056e+04 
9.29579076255805e-02 9.60793174065864e+04 
9.31031257206386e-02 9.60568383930757e+04 
9.32576995319018e-02 9.60355335112982e+04 
9.34126112585349e-02 9.60172177488193e+04 
9.35675394483282e-02 9.60017467655309e+04 
9.37212418339953e-02 9.59889336673814e+04 
9.38745969441966e-02 9.59791357984996e+04 
9.40279285489629e-02 9.59725369147418e+04 
9.41811307994359e-02 9.59693780745975e+04 
9.43341467907804e-02 9.59697923877063e+04 
9.44871417105331e-02 9.59734331231349e+04 
9.46401866841949e-02 9.59800850932412e+04 
9.47934212352589e-02 9.59899597856167e+04 
9.49468240923012e-02 9.60027839842018e+04 
9.51018695248531e-02 9.60190089530448e+04 
9.52569239008708e-02 9.60384032808682e+04 
9.54119915464219e-02 9.60596530122841e+04 
9.55656810833161e-02 9.60849696614015e+04 
9.57193648893062e-02 9.61141636323183e+04 
9.58730624547877e-02 9.61462748340704e+04 
9.60267786166809e-02 9.61820963570860e+04 
9.61804895373509e-02 9.62183784766112e+04 
9.63342329054131e-02 9.62555624064518e+04 
9.64879967108952e-02 9.62932080444860e+04 
9.66418637960215e-02 9.63316863762133e+04 
9.67957729487273e-02 9.63710475222823e+04 
9.69497506802503e-02 9.64104785508246e+04 
9.71038049773279e-02 9.64497526504322e+04 
9.72578639946310e-02 9.64886658252603e+04 
9.74119813698144e-02 9.65267558578981e+04 
9.75662257249171e-02 9.65644067666392e+04 
9.77206049386370e-02 9.66003813907171e+04 
9.78752177029849e-02 9.66346780568297e+04 
9.80301493682543e-02 9.66672058545784e+04 
9.81852660427165e-02 9.66982003381556e+04 
9.83403585536375e-02 9.67271502205674e+04 
9.84955275344396e-02 9.67554408586169e+04 
9.86507338956620e-02 9.67822620877768e+04 
9.88060144605223e-02 9.68074276509584e+04 
9.89613410999797e-02 9.68313525285305e+04 
9.91166796366446e-02 9.68536493340311e+04 
9.92720273443439e-02 9.68745277521809e+04 
9.94273929080396e-02 9.68946813604410e+04 
9.95827694123098e-02 9.69139670474181e+04 
9.97381515203373e-02 9.69316778026191e+04 
9.98935421471703e-02 9.69496797781139e+04 
1.00048943674998e-01 9.69668460134471e+04 
1.00204354017104e-01 9.69832246570594e+04 
1.00359781811015e-01 9.69995876918816e+04 
1.00515220286718e-01 9.70153456278358e+04 
1.00670664351179e-01 9.70324488162951e+04 
1.00826116946887e-01 9.70494291158574e+04 
1.00981579848877e-01 9.70666411706176e+04 
1.01137051700167e-01 9.70843254770835e+04 
1.01292541028547e-01 9.71030073618165e+04 
1.01448040811841e-01 9.71235733931456e+04 
1.01603546323986e-01 9.71462365709418e+04 
1.01759060245004e-01 9.71710868200317e+04 
1.01914584084758e-01 9.71979520732116e+04 
1.02070117203521e-01 9.72266249101641e+04 
1.02225667887965e-01 9.72570590178518e+04 
1.02381229191544e-01 9.72890915253175e+04 
1.02536796854570e-01 9.73226928492256e+04 
1.02692373069999e-01 9.73576668858197e+04 
1.02847958784923e-01 9.73940019684651e+04 
1.03003552633607e-01 9.74317346842962e+04 
1.03159165444226e-01 9.74707121567045e+04 
1.03314788012009e-01 9.75107259150111e+04 
1.03470417367727e-01 9.75519613886722e+04 
1.03626058156829e-01 9.75943816063063e+04 
1.03781709593411e-01 9.76381253800619e+04 
1.03937370086077e-01 9.76831442389259e+04 
1.04093050318107e-01 9.77291830822655e+04 
1.04248735561432e-01 9.77765683228980e+04 
1.04404434445382e-01 9.78252079376055e+04 
1.04560145648500e-01 9.78749443487642e+04 
1.04715867954977e-01 9.79256839027696e+04 
1.04871599899398e-01 9.79775316268669e+04 
1.05027343376247e-01 9.80295611816612e+04 
1.05183059960897e-01 9.80818965964786e+04 
1.05338832362592e-01 9.81350000630905e+04 
1.05494617572636e-01 9.81884256557760e+04 
1.05650413868558e-01 9.82421964319557e+04 
1.05806188265599e-01 9.82960802930449e+04 
1.05961966712287e-01 9.83495127666370e+04 
1.06117724826628e-01 9.84022928247087e+04 
1.06273541576149e-01 9.84543824098984e+04 
1.06429382871456e-01 9.85056285455719e+04 
1.06585245447863e-01 9.85558113242814e+04 
1.06741060698628e-01 9.86041900501930e+04 
1.06896882720065e-01 9.86505880219262e+04 
1.07052683702013e-01 9.86948775219767e+04 
1.07208544961163e-01 9.87373880248636e+04 
1.07364431417170e-01 9.87776921926854e+04 
1.07520339203645e-01 9.88160741089648e+04 
1.07667974995592e-01 9.88503604218195e+04 
1.07823841772865e-01 9.88842933109752e+04 
1.07979687619699e-01 9.89156783122256e+04 
1.08135592154283e-01 9.89446567030946e+04 
1.08291521495441e-01 9.89714647606873e+04 
1.08447472959741e-01 9.89961003092421e+04 
1.08603374976509e-01 9.90186645419216e+04 
1.08759285604625e-01 9.90388638935837e+04 
1.08915178999561e-01 9.90572269027284e+04 
1.09071131351388e-01 9.90743541393111e+04 
1.09227102837510e-01 9.90893758778063e+04 
1.09383090364166e-01 9.91026987839008e+04 
1.09539030240456e-01 9.91146848337290e+04 
1.09694968229685e-01 9.91251008958734e+04 
1.09850890035959e-01 9.91346347431098e+04 
1.10006867213706e-01 9.91443413432067e+04 
1.10162863868161e-01 9.91532577454849e+04 
1.10318877748568e-01 9.91611544230337e+04 
1.10474865009589e-01 9.91683564209131e+04 
1.10630855209462e-01 9.91749954959855e+04 
1.10786838815499e-01 9.91815090149574e+04 
1.10942878294003e-01 9.91878500846747e+04 
1.11098932418855e-01 9.91942326231759e+04 
1.11255000618733e-01 9.92002800176996e+04 
1.11411042454868e-01 9.92062019697014e+04 
1.11567088293990e-01 9.92123064803595e+04 
1.11723133835974e-01 9.92186416036109e+04 
1.11879239331507e-01 9.92251938737515e+04 
1.12035359724136e-01 9.92318939572282e+04 
1.12191495005899e-01 9.92386823067691e+04 
1.12347616959919e-01 9.92454355265689e+04 
1.12503744330662e-01 9.92520291730592e+04 
1.12659878604989e-01 9.92585765528249e+04 
1.12816070254178e-01 9.92646145324141e+04 
1.12972269993323e-01 9.92700811334992e+04 
1.13128480564976e-01 9.92751463651270e+04 
1.13284682805162e-01 9.92796188852750e+04 
1.13440890223263e-01 9.92836614193981e+04 
1.13597104692101e-01 9.92875063109170e+04 
1.13753375219502e-01 9.92907677730631e+04 
1.13909653132065e-01 9.92933726262906e+04 
1.14065940258399e-01 9.92952649311546e+04 
1.14222221206962e-01 9.92964131579771e+04 
1.14378506237815e-01 9.92969237803414e+04 
1.14534804907190e-01 9.92972921380866e+04 
1.14691158315933e-01 9.92972490487877e+04 
1.14847517170979e-01 9.92966220696428e+04 
1.15003882438599e-01 9.92953828521138e+04 
1.15160270109637e-01 9.92937510914834e+04 
1.15316660371217e-01 9.92918742777511e+04 
1.15473075610859e-01 9.92901663426311e+04 
1.15629545450463e-01 9.92883144991185e+04 
1.15786013463113e-01 9.92863175348660e+04 
1.15942486191186e-01 9.92843526183510e+04 
1.16098983509527e-01 9.92822838579982e+04 
1.16255482471697e-01 9.92804551620904e+04 
1.16412007292450e-01 9.92791044000161e+04 
1.16568586279515e-01 9.92778177224308e+04 
1.16725161019477e-01 9.92769573033823e+04 
1.16881738949846e-01 9.92765541985238e+04 
1.17038341815535e-01 9.92763731722680e+04 
1.17194943157276e-01 9.92765357250152e+04 
1.17351569712331e-01 9.92773199962605e+04 
1.17508250997650e-01 9.92783362539193e+04 
1.17664927336162e-01 9.92797309756176e+04 
1.17821607187599e-01 9.92815381900089e+04 
1.17978306172465e-01 9.92837557719983e+04 
1.18135003589364e-01 9.92866668386166e+04 
1.18291721364745e-01 9.92906518265758e+04 
1.18448495014953e-01 9.92952160849660e+04 
1.18605265075996e-01 9.92999939916385e+04 
1.18762038894988e-01 9.93054032544488e+04 
1.18918823184329e-01 9.93110381357803e+04 
1.19075605018243e-01 9.93175042255493e+04 
1.19232406250530e-01 9.93250563596212e+04 
1.19389266764584e-01 9.93328445782270e+04 
1.19546125312819e-01 9.93406716090355e+04 
1.19702988437394e-01 9.93484555978107e+04 
1.19859863665023e-01 9.93564587857618e+04 
1.20016733674759e-01 9.93651301668051e+04 
1.20173617868583e-01 9.93743120801003e+04 
1.20330544922382e-01 9.93839660759437e+04 
1.20487480840376e-01 9.93937117813622e+04 
1.20644422815665e-01 9.94036156939902e+04 
1.20801359098939e-01 9.94136309507380e+04 
1.20958286983162e-01 9.94242158721211e+04 
1.21115219381994e-01 9.94356938335961e+04 
1.21272171176526e-01 9.94469532405679e+04 
1.21429129198157e-01 9.94579091921936e+04 
1.21586090955567e-01 9.94685213964229e+04 
1.21743051762605e-01 9.94784994106200e+04 
1.21900016976425e-01 9.94884534579504e+04 
1.22056982752353e-01 9.94987839160232e+04 
1.22213956211923e-01 9.95084040482115e+04 
1.22370936406878e-01 9.95176136422003e+04 
1.22527921555426e-01 9.95263341407067e+04 
1.22684907513197e-01 9.95346428194083e+04 
1.22841899200081e-01 9.95433709618890e+04 
1.22998893100963e-01 9.95532525625878e+04 
1.23155894730247e-01 9.95637375242717e+04 
1.23312901958547e-01 9.95752670645411e+04 
1.23469912403354e-01 9.95856981329656e+04 
1.23626922051035e-01 9.95989287269703e+04 
1.23783934680352e-01 9.96160732972202e+04 
1.23940946765180e-01 9.96361792049668e+04 
1.24097964090382e-01 9.96578499259399e+04 
1.24254984726173e-01 9.96806056344638e+04 
1.24412006886544e-01 9.97048930364219e+04 
1.24569030204159e-01 9.97282565849384e+04 
1.24726058724737e-01 9.97551376918512e+04 
1.24883091512759e-01 9.97870214242610e+04 
1.25040132049074e-01 9.98255255817535e+04 
1.25197177661021e-01 9.98725084659647e+04 
1.25354225734040e-01 9.99241141019480e+04 
1.25511273746744e-01 9.99813327303779e+04 
1.25668324607854e-01 1.00044415003837e+05 
1.25825376899054e-01 1.00116031096755e+05 
1.25982434518197e-01 1.00195293859205e+05 
1.26139494485306e-01 1.00282718179068e+05 
1.26296554198721e-01 1.00377321562801e+05 
1.26453613001757e-01 1.00478473658514e+05 
1.26610673574408e-01 1.00586179066363e+05 
1.26767735310127e-01 1.00700315366836e+05 
1.26924801313550e-01 1.00818703762028e+05 
1.27081869406253e-01 1.00940012646876e+05 
1.27238936854792e-01 1.01062993122564e+05 
1.27396001991525e-01 1.01185841262765e+05 
1.27553068205344e-01 1.01306826165093e+05 
1.27710134551837e-01 1.01424350046148e+05 
1.27867203675118e-01 1.01536213017788e+05 
1.28024273300649e-01 1.01640005920011e+05 
1.28181340630726e-01 1.01731074567993e+05 
1.28338403655429e-01 1.01815204424401e+05 
1.28495465775751e-01 1.01877951322805e+05 
1.28652526901398e-01 1.01927856023030e+05 
1.28809590357617e-01 1.01956198963244e+05 
1.28966653840080e-01 1.01960000487480e+05 
1.29123716539146e-01 1.01959200999749e+05 
1.29280778478925e-01 1.01953049029970e+05 
1.29437840385229e-01 1.01937595364049e+05 
1.29594903126886e-01 1.01919897249911e+05 
1.29751968461167e-01 1.01895107150507e+05 
1.29909032266682e-01 1.01862318086844e+05 
1.30066093708930e-01 1.01820177759019e+05 
1.30223152212973e-01 1.01769154682371e+05 
1.30380208486639e-01 1.01711523777807e+05 
1.30537263711443e-01 1.01649724120426e+05 
1.30694319688273e-01 1.01583035446637e+05 
1.30851372817792e-01 1.01513056988272e+05 
1.31008422713363e-01 1.01440103087189e+05 
1.31165447781779e-01 1.01364658732510e+05 
1.31322481160097e-01 1.01288739220739e+05 
1.31479513783823e-01 1.01212867437939e+05 
1.31636556436066e-01 1.01135873023976e+05 
1.31793600209877e-01 1.01058932237376e+05 
1.31950644457521e-01 1.00982194591387e+05 
1.32107686301695e-01 1.00905705644819e+05 
1.32264727292753e-01 1.00830029297909e+05 
1.32421761873505e-01 1.00756321655328e+05 
1.32578800526266e-01 1.00683636120359e+05 
1.32735837440518e-01 1.00612083820867e+05 
1.32892870173868e-01 1.00541080392543e+05 
1.33049895925024e-01 1.00470723937281e+05 
1.33206919107121e-01 1.00402829843054e+05 
1.33363935490336e-01 1.00337797454198e+05 
1.33520956059784e-01 1.00274111241549e+05 
1.33677976402367e-01 1.00212664023557e+05 
1.33834993686213e-01 1.00152238249920e+05 
1.33992004463159e-01 1.00094247435809e+05 
1.34149012845316e-01 1.00038955183645e+05 
1.34306012950715e-01 9.99868211827448e+04 
1.34463016117657e-01 9.99365176606931e+04 
1.34620018878497e-01 9.98890374142466e+04 
1.34777017746345e-01 9.98431742988558e+04 
1.34934009022622e-01 9.97996759961948e+04 
1.35090997916256e-01 9.97592360414074e+04 
1.35247977403550e-01 9.97225249682389e+04 
1.35404959228428e-01 9.96881344559500e+04 
1.35561941249911e-01 9.96564107540230e+04 
1.35718920109360e-01 9.96258854971168e+04 
1.35875891331481e-01 9.95966001671341e+04 
1.36032861044306e-01 9.95698556457731e+04 
1.36189821344929e-01 9.95472797371855e+04 
1.36346784279097e-01 9.95268654612781e+04 
1.36503748614847e-01 9.95086587744956e+04 
1.36660710481758e-01 9.94909209628867e+04 
1.36817665628954e-01 9.94741002507305e+04 
1.36974620143420e-01 9.94586646935178e+04 
1.37131566071422e-01 9.94447980306371e+04 
1.37288514953700e-01 9.94308761997409e+04 
1.37445465599362e-01 9.94176712687308e+04 
1.37602413890078e-01 9.94038030037589e+04 
1.37759355120324e-01 9.93900842239944e+04 
1.37916294988097e-01 9.93772485896428e+04 
1.38073225274117e-01 9.93658836892245e+04 
1.38230157357337e-01 9.93549126916432e+04 
1.38387090843736e-01 9.93451115889086e+04 
1.38544021189635e-01 9.93352635298868e+04 
1.38700943455372e-01 9.93262841565138e+04 
1.38857862803107e-01 9.93185328699667e+04 
1.39014771565489e-01 9.93129818688268e+04 
1.39171681344216e-01 9.93088937788694e+04 
1.39328592601540e-01 9.93068904974082e+04 
1.39485500698692e-01 9.93056715255149e+04 
1.39642400069443e-01 9.93058717449430e+04 
1.39799295844773e-01 9.93073815655170e+04 
1.39956180240750e-01 9.93116798718130e+04 
1.40113065133189e-01 9.93170688381841e+04 
1.40269951746669e-01 9.93237704120164e+04 
1.40426835564652e-01 9.93304953822280e+04 
1.40583710791852e-01 9.93372589487846e+04 
1.40740582320660e-01 9.93447713443231e+04 
1.40897442678614e-01 9.93531050353740e+04 
1.41054303434285e-01 9.93610798565350e+04 
1.41211166461685e-01 9.93689180484203e+04 
1.41368027253326e-01 9.93755038719628e+04 
1.41524879076128e-01 9.93816172360890e+04 
1.41681727171474e-01 9.93870334309816e+04 
1.41838564068502e-01 9.93921219329261e+04 
1.41995401449830e-01 9.93962927408535e+04 
1.42152241835541e-01 9.93997369416224e+04 
1.42309081107698e-01 9.94019100668486e+04 
1.42465912710876e-01 9.94025698177738e+04 
1.42623182137960e-01 9.94032944157859e+04 
1.42780453327083e-01 9.94039294571356e+04 
1.42937749246947e-01 9.94038800310262e+04 
1.43095043296756e-01 9.94036631075461e+04 
1.43252338206494e-01 9.94025910027680e+04 
1.43409647213103e-01 9.94010139939291e+04 
1.43566935909412e-01 9.93996395402793e+04 
1.43724230899219e-01 9.93989728751990e+04 
1.43881552286489e-01 9.93982405600569e+04 
1.44038872309028e-01 9.93980624676283e+04 
1.44196195226098e-01 9.93974585780866e+04 
1.44353538165648e-01 9.93971368485720e+04 
1.44510863702922e-01 9.93973988543645e+04 
1.44668198701415e-01 9.93988369630075e+04 
1.44825561148415e-01 9.94006281175182e+04 
1.44982923277472e-01 9.94031119920159e+04 
1.45140290305184e-01 9.94054696725210e+04 
1.45297677236875e-01 9.94081915450815e+04 
1.45455049462901e-01 9.94114223364100e+04 
1.45612430010225e-01 9.94157391882490e+04 
1.45769837691689e-01 9.94204856505647e+04 
1.45927246664085e-01 9.94259292633220e+04 
1.46084662230875e-01 9.94313113694006e+04 
1.46242095184314e-01 9.94374881829608e+04 
1.46399513188802e-01 9.94444630121917e+04 
1.46556939184750e-01 9.94527779750789e+04 
1.46714392411967e-01 9.94617513830331e+04 
1.46871847743173e-01 9.94726421279114e+04 
1.47029311820975e-01 9.94827326435621e+04 
1.47186793891910e-01 9.94927186662958e+04 
1.47344260938011e-01 9.95024718964056e+04 
1.47501736976463e-01 9.95126033498629e+04 
1.47659242832072e-01 9.95226699760240e+04 
1.47816752967865e-01 9.95334944096351e+04 
1.47974274078958e-01 9.95437268588361e+04 
1.48131808967551e-01 9.95537388242788e+04 
1.48289327584230e-01 9.95637147881596e+04 
1.48446851262475e-01 9.95746209734487e+04 
1.48604406122313e-01 9.95853374372637e+04 
1.48761967321242e-01 9.95956593437649e+04 
1.48919539571828e-01 9.96058971124089e+04 
1.49077121469483e-01 9.96161246366599e+04 
1.49234682968607e-01 9.96267367905256e+04 
1.49392250751507e-01 9.96378177893017e+04 
1.49549853369462e-01 9.96488859002979e+04 
1.49707463790754e-01 9.96598765151381e+04 
1.49865086916699e-01 9.96708708217096e+04 
1.50022720030111e-01 9.96819435908159e+04 
1.50180331909322e-01 9.96931133839445e+04 
1.50337946605722e-01 9.97045802297800e+04 
1.50495596795034e-01 9.97155939435930e+04 
1.50653255963006e-01 9.97265392629618e+04 
1.50810927609302e-01 9.97381358118064e+04 
1.50968605655413e-01 9.97488605013565e+04 
1.51126259117806e-01 9.97600741795958e+04 
1.51283913902095e-01 9.97713304144196e+04 
1.51441606098871e-01 9.97818364290500e+04 
1.51599308449794e-01 9.97924792306147e+04 
1.51757024139794e-01 9.98031671204520e+04 
1.51914745937107e-01 9.98131355266738e+04 
1.52072440547115e-01 9.98236626418909e+04 
1.52230138192952e-01 9.98337879063943e+04 
1.52387871541476e-01 9.98427334769226e+04 
1.52545607333734e-01 9.98515891805725e+04 
1.52703348023574e-01 9.98605078160922e+04 
1.52861089203312e-01 9.98685289114982e+04 
1.53018830278915e-01 9.98769076687453e+04 
1.53176573778375e-01 9.98848768541049e+04 
1.53334320478918e-01 9.98914807813986e+04 
1.53492069759759e-01 9.98983476761709e+04 
1.53649824373323e-01 9.99050516874989e+04 
1.53807579328735e-01 9.99113367448048e+04 
1.53965334901277e-01 9.99177348443536e+04 
1.54123094245361e-01 9.99237903654683e+04 
1.54280859002529e-01 9.99295225967308e+04 
1.54438628392477e-01 9.99350511923222e+04 
1.54596405593025e-01 9.99414527690473e+04 
1.54754187046855e-01 9.99479837408345e+04 
1.54911971810225e-01 9.99555043484834e+04 
1.55069763886119e-01 9.99636138567971e+04 
1.55227564265263e-01 9.99717075787767e+04 
1.55385370980469e-01 9.99809410001179e+04 
1.55543187185671e-01 9.99911452269929e+04 
1.55701008948428e-01 1.00001712073797e+05 
1.55858834830328e-01 1.00014165977555e+05 
1.56016668923037e-01 1.00027538801426e+05 
1.56174512717529e-01 1.00042302018735e+05 
1.56332364021154e-01 1.00057801864422e+05 
1.56490226237855e-01 1.00074288014174e+05 
1.56648095700524e-01 1.00092754396590e+05 
1.56805970856794e-01 1.00112149021044e+05 
1.56963856340694e-01 1.00132780629414e+05 
1.57121754207887e-01 1.00154661450008e+05 
1.57279662371441e-01 1.00177596470692e+05 
1.57437584551595e-01 1.00200236608804e+05 
1.57595517193646e-01 1.00224985875897e+05 
1.57753458303139e-01 1.00250206805836e+05 
1.57911412270820e-01 1.00276613715077e+05 
1.58069382184847e-01 1.00302923393057e+05 
1.58227365955705e-01 1.00329583562963e+05 
1.58385367693124e-01 1.00356359982482e+05 
1.58543383438163e-01 1.00382783702254e+05 
1.58701392197921e-01 1.00409287922919e+05 
1.58859366130106e-01 1.00434993762599e+05 
1.59017379718867e-01 1.00459513583870e+05 
1.59175421024399e-01 1.00483162320418e+05 
1.59333475895576e-01 1.00505607602270e+05 
1.59491554548683e-01 1.00526491638176e+05 
1.59649614675181e-01 1.00545787596668e+05 
1.59807655005551e-01 1.00562683367525e+05 
1.59965734187393e-01 1.00576204272597e+05 
1.60123824157947e-01 1.00586734817951e+05 
1.60281910345865e-01 1.00594693557321e+05 
1.60440027585466e-01 1.00599464127270e+05 
1.60598132673490e-01 1.00600895586949e+05 
1.60756221286841e-01 1.00600558535977e+05 
1.60914349316566e-01 1.00598802633128e+05 
1.61072486378796e-01 1.00596112562435e+05 
1.61230620042659e-01 1.00592792451034e+05 
1.61388797006552e-01 1.00587534748260e+05 
1.61546971082914e-01 1.00581070064903e+05 
1.61705133960445e-01 1.00572642455384e+05 
1.61863338247969e-01 1.00563067354682e+05 
1.62021547190863e-01 1.00551993854757e+05 
1.62179750998630e-01 1.00539160310520e+05 
1.62338006863487e-01 1.00523931119874e+05 
1.62496266991832e-01 1.00507375842866e+05 
1.62644604559634e-01 1.00490275141771e+05 
1.62798706541958e-01 1.00470636204536e+05 
1.62944965988457e-01 1.00451390328401e+05 
1.63097698011833e-01 1.00430107906905e+05 
1.63246792508030e-01 1.00407990850566e+05 
1.63403392375354e-01 1.00384279169976e+05 
1.63561728777883e-01 1.00359449416773e+05 
1.63720043557789e-01 1.00333299738140e+05 
1.63866897024466e-01 1.00308848581314e+05 
1.64021836408289e-01 1.00282705725339e+05 
1.64166615403691e-01 1.00258220118525e+05 
1.64319277326710e-01 1.00232724081504e+05 
1.64477595021206e-01 1.00206318775134e+05 
1.64627697555543e-01 1.00180795571045e+05 
1.64785958192334e-01 1.00154215901490e+05 
1.64944241288872e-01 1.00127817438786e+05 
1.65093732872564e-01 1.00103310138138e+05 
1.65252074722073e-01 1.00078088090890e+05 
1.65410401270449e-01 1.00053240978922e+05 
1.65564357016103e-01 1.00028922050851e+05 
1.65722624952364e-01 1.00004537323264e+05 
1.65880918851606e-01 9.99805058940235e+04 
1.66037105340999e-01 9.99573255808502e+04 
1.66195466387377e-01 9.99347548989910e+04 
1.66353813584637e-01 9.99126532920326e+04 
1.66512137449846e-01 9.98905900247710e+04 
1.66670425850547e-01 9.98691203418959e+04 
1.66828750824198e-01 9.98479916530976e+04 
1.66987090053332e-01 9.98273897069644e+04 
1.67145490941634e-01 9.98075312499079e+04 
1.67303884125869e-01 9.97880787968720e+04 
1.67462253719278e-01 9.97685716506074e+04 
1.67620597923932e-01 9.97492279454795e+04 
1.67778992091950e-01 9.97302497640316e+04 
1.67937403189854e-01 9.97114638854592e+04 
1.68095878245838e-01 9.96931412761481e+04 
1.68254354019150e-01 9.96750221105782e+04 
1.68412809558853e-01 9.96565857237049e+04 
1.68571253562167e-01 9.96383143477815e+04 
1.68729765942376e-01 9.96201941419347e+04 
1.68888298268266e-01 9.96021145998688e+04 
1.69046896362064e-01 9.95844984424032e+04 
1.69205506787289e-01 9.95669211194038e+04 
1.69364107294209e-01 9.95490125774358e+04 
1.69522715602175e-01 9.95311205169928e+04 
1.69681416398883e-01 9.95130320012802e+04 
1.69840140402605e-01 9.94948658261720e+04 
1.69998933053437e-01 9.94769999490085e+04 
1.70157749449234e-01 9.94589209313967e+04 
1.70316572989502e-01 9.94403602105723e+04 
1.70475429568418e-01 9.94217633804600e+04 
1.70634307646528e-01 9.94032697925451e+04 
1.70793193593545e-01 9.93846132414720e+04 
1.70952164573176e-01 9.93664012949370e+04 
1.71111073000620e-01 9.93481796852821e+04 
1.71270042639811e-01 9.93295053026140e+04 
1.71428935887871e-01 9.93111313474535e+04 
1.71587863135016e-01 9.92929637369947e+04 
1.71746807761882e-01 9.92746958550612e+04 
1.71905823435297e-01 9.92569992128683e+04 
1.72064762349102e-01 9.92394544273442e+04 
1.72223776234961e-01 9.92216025815506e+04 
1.72382721473380e-01 9.92041918600329e+04 
1.72541719670690e-01 9.91871647841177e+04 
1.72700741699027e-01 9.91702136590656e+04 
1.72859809447438e-01 9.91540056858342e+04 
1.73018795742990e-01 9.91381182424684e+04 
1.73177873023998e-01 9.91220376951110e+04 
1.73336890475990e-01 9.91064672785456e+04 
1.73495976078595e-01 9.90913380740286e+04 
1.73655089872638e-01 9.90763935054378e+04 
1.73814227602244e-01 9.90623437931162e+04 
1.73973280012510e-01 9.90486591287089e+04 
1.74132437539427e-01 9.90348209652344e+04 
1.74291545422341e-01 9.90215764725673e+04 
1.74450733811507e-01 9.90089744550189e+04 
1.74609946035011e-01 9.89966771682512e+04 
1.74769162691145e-01 9.89852151187371e+04 
1.74928377203975e-01 9.89742522194618e+04 
1.75087597568433e-01 9.89634585707299e+04 
1.75246800041842e-01 9.89530867771886e+04 
1.75406136918010e-01 9.89436073881175e+04 
1.75565432081708e-01 9.89345014305519e+04 
1.75724733651744e-01 9.89263722615536e+04 
1.75884123579348e-01 9.89187780778295e+04 
1.76043501066640e-01 9.89112875077334e+04 
1.76202873665189e-01 9.89046140259300e+04 
1.76362312296386e-01 9.88988471750703e+04 
1.76521723651783e-01 9.88935200167086e+04 
1.76681119689193e-01 9.88892550186593e+04 
1.76840634982733e-01 9.88857573446300e+04 
1.77000146885075e-01 9.88824304041477e+04 
1.77159672986095e-01 9.88792861776869e+04 
1.77319258921787e-01 9.88768765523926e+04 
1.77478823901834e-01 9.88757061411892e+04 
1.77638372316391e-01 9.88761094848027e+04 
1.77798052303492e-01 9.88772030795906e+04 
1.77957709666262e-01 9.88781526939351e+04 
1.78117409897786e-01 9.88798600048269e+04 
1.78277198151549e-01 9.88819375325646e+04 
1.78436962898652e-01 9.88841827115017e+04 
1.78596694459122e-01 9.88871576312119e+04 
1.78756572050925e-01 9.88900959504755e+04 
1.78916435321334e-01 9.88919457914254e+04 
1.79076341129819e-01 9.88941426674477e+04 
1.79236337279046e-01 9.88968652905304e+04 
1.79396321852505e-01 9.88992398787364e+04 
1.79556263391220e-01 9.89025399925531e+04 
1.79716299133180e-01 9.89056866144047e+04 
1.79876381406325e-01 9.89079486152811e+04 
1.80036522101123e-01 9.89106181918058e+04 
1.80196677045561e-01 9.89139710019432e+04 
1.80356914836766e-01 9.89169991136177e+04 
1.80517096684018e-01 9.89211306132894e+04 
1.80677279398242e-01 9.89250802208445e+04 
1.80837502063783e-01 9.89281597120521e+04 
1.80997885649331e-01 9.89317798958219e+04 
1.81158201974454e-01 9.89363983716568e+04 
1.81318628514964e-01 9.89405844931506e+04 
1.81479060487892e-01 9.89451836220050e+04 
1.81639416560543e-01 9.89495389827510e+04 
1.81799807937788e-01 9.89534037096090e+04 
1.81959992823685e-01 9.89574017698773e+04 
1.82120424298789e-01 9.89628615247813e+04 
1.82280874460110e-01 9.89677670986607e+04 
1.82441149923134e-01 9.89730292894357e+04 
1.82601451730770e-01 9.89778854888638e+04 
1.82761812418879e-01 9.89819662319511e+04 
1.82921832509374e-01 9.89857217311232e+04 
1.83082127713472e-01 9.89903479500816e+04 
1.83242518907009e-01 9.89942557515992e+04 
1.83402653901475e-01 9.89983036635026e+04 
1.83562854440784e-01 9.90016557889359e+04 
1.83723110651447e-01 9.90043274584177e+04 
1.83883025913930e-01 9.90067223963742e+04 
1.84043247492777e-01 9.90103154701601e+04 
1.84203581111406e-01 9.90132756620067e+04 
1.84363642869146e-01 9.90164884723119e+04 
1.84523805122047e-01 9.90178642471166e+04 
1.84684029120362e-01 9.90195152636660e+04 
1.84843912327000e-01 9.90214899440346e+04 
1.85004129801610e-01 9.90252940878360e+04 
1.85164470638933e-01 9.90283927140261e+04 
1.85324528430891e-01 9.90323023247510e+04 
1.85484720920999e-01 9.90354920782967e+04 
1.85644980430476e-01 9.90388472472540e+04 
1.85804898226431e-01 9.90418550625884e+04 
1.85965175286282e-01 9.90450042241039e+04 
1.86125575078362e-01 9.90487778914325e+04 
1.86285694111971e-01 9.90524179704518e+04 
1.86445981548987e-01 9.90556827400921e+04 
1.86606341140078e-01 9.90583743830293e+04 
1.86766356671938e-01 9.90610578773730e+04 
1.86926754532791e-01 9.90643347483781e+04 
1.87087165878263e-01 9.90681698598527e+04 
1.87247407571503e-01 9.90723647174165e+04 
1.87407823914931e-01 9.90756615735519e+04 
1.87568240812862e-01 9.90786371113460e+04 
1.87728416382672e-01 9.90816752517468e+04 
1.87888831646695e-01 9.90857761097076e+04 
1.88049251759468e-01 9.90902431416550e+04 
1.88209674159430e-01 9.90952153836985e+04 
1.88370102898792e-01 9.90995592736173e+04 
1.88530533764037e-01 9.91038159592100e+04 
1.88690921822093e-01 9.91084226756204e+04 
1.88851725358334e-01 9.91136831514053e+04 
1.89012651924074e-01 9.91187389080764e+04 
1.89173296265509e-01 9.91249310876603e+04 
1.89334196053642e-01 9.91312502419099e+04 
1.89495181889107e-01 9.91379397343341e+04 
1.89655813744372e-01 9.91449225937261e+04 
1.89816869165635e-01 9.91528122478521e+04 
1.89978044715692e-01 9.91621348723505e+04 
1.90138935993458e-01 9.91722256542613e+04 
1.90300099276437e-01 9.91820734882975e+04 
1.90461348578337e-01 9.91918053563744e+04 
1.90622240239681e-01 9.92014776270633e+04 
1.90783558356876e-01 9.92123284942797e+04 
1.90944992426350e-01 9.92234920068271e+04 
1.91106142049250e-01 9.92350688956961e+04 
1.91267572542326e-01 9.92461108123500e+04 
1.91429089144788e-01 9.92566827901301e+04 
1.91590248343525e-01 9.92668483813485e+04 
1.91751800867110e-01 9.92773854071340e+04 
1.91913369258479e-01 9.92882459584624e+04 
1.92074786871350e-01 9.92993208173938e+04 
1.92236408489606e-01 9.93098876208090e+04 
1.92398041365480e-01 9.93203009382684e+04 
1.92559480403257e-01 9.93294827080110e+04 
1.92721130329647e-01 9.93398693052944e+04 
1.92882788328596e-01 9.93493639585568e+04 
1.93044460480192e-01 9.93587505268859e+04 
1.93206149608108e-01 9.93669364467882e+04 
1.93367848285443e-01 9.93740532019251e+04 
1.93529555311458e-01 9.93803574407130e+04 
1.93691271151928e-01 9.93875816179606e+04 
1.93852992489724e-01 9.93936979423420e+04 
1.94014724546163e-01 9.94000247076197e+04 
1.94176471589171e-01 9.94051874939903e+04 
1.94338228528512e-01 9.94091877700035e+04 
1.94499997672075e-01 9.94129766796020e+04 
1.94661783302132e-01 9.94166344631836e+04 
1.94823584628875e-01 9.94203004601140e+04 
1.94985405384589e-01 9.94240956569726e+04 
1.95147249539168e-01 9.94268672272544e+04 
1.95309108851155e-01 9.94288486210454e+04 
1.95470979783385e-01 9.94300242496216e+04 
1.95632864455049e-01 9.94327140664800e+04 
1.95794759433139e-01 9.94356152366643e+04 
1.95956666011628e-01 9.94391703310134e+04 
1.96118589503837e-01 9.94421757041184e+04 
1.96280522951653e-01 9.94439356336795e+04 
1.96442463754116e-01 9.94456613753634e+04 
1.96604415989799e-01 9.94491259308578e+04 
1.96766383005699e-01 9.94524127746544e+04 
1.96928364199340e-01 9.94567390460554e+04 
1.97090367790062e-01 9.94603459947335e+04 
1.97252385194080e-01 9.94630081073885e+04 
1.97414412880543e-01 9.94654583185331e+04 
1.97576455599730e-01 9.94697114604073e+04 
1.97738516360028e-01 9.94740694321402e+04 
1.97900592324726e-01 9.94795632737978e+04 
1.98062690841662e-01 9.94849578756930e+04 
1.98224804139064e-01 9.94888214171132e+04 
1.98386928500636e-01 9.94931477516840e+04 
1.98549068795547e-01 9.94986280871174e+04 
1.98711226968726e-01 9.95043511511024e+04 
1.98873399278925e-01 9.95121361239848e+04 
1.99035594395023e-01 9.95198691124424e+04 
1.99197802476213e-01 9.95266092857550e+04 
1.99360018446706e-01 9.95342045213043e+04 
1.99522250267286e-01 9.95435222102717e+04 
1.99684498689417e-01 9.95531143145747e+04 
1.99846759861249e-01 9.95643063808102e+04 
2.00009044269591e-01 9.95749915095171e+04 
2.00171341544505e-01 9.95843869708556e+04 
