# Liste des scalaires : TEMPS pmat 
0.00000000000000e+00 1.00000000000000e+05 
7.22956891292051e-05 1.00000000000000e+05 
1.51820947171331e-04 1.00000000000000e+05 
2.39298731017669e-04 1.00000000000000e+05 
3.35524293248641e-04 1.00000000000000e+05 
4.41372411702710e-04 1.00000000000000e+05 
5.57805342002186e-04 1.00000000000000e+05 
6.85881565331610e-04 1.00000000000000e+05 
8.26765410993976e-04 1.00000000000000e+05 
9.72810984599276e-04 1.00000000000000e+05 
1.12465798855545e-03 1.00000000000000e+05 
1.28470611318213e-03 1.00000000000000e+05 
1.45015079139529e-03 1.00000000000000e+05 
1.62210576254647e-03 1.00000000000000e+05 
1.80262174259576e-03 1.00000000000000e+05 
1.99216889370160e-03 1.00000000000000e+05 
2.19071902199948e-03 1.00000000000000e+05 
2.40166120131158e-03 1.00000000000000e+05 
2.62111075229860e-03 1.00000000000000e+05 
2.85267468396375e-03 1.00000000000000e+05 
3.09568773936040e-03 1.00000000000000e+05 
3.34934938754398e-03 1.00000000000000e+05 
3.61837910520738e-03 1.00000000000000e+05 
3.90646268085584e-03 1.00000000000000e+05 
4.21322752119111e-03 1.00000000000000e+05 
4.53964073516071e-03 1.00000000000000e+05 
4.86002785364970e-03 1.00000000000000e+05 
5.16551589358664e-03 1.00000000000000e+05 
5.47245541946266e-03 1.00000000000000e+05 
5.79397132326641e-03 1.00000000000000e+05 
6.12094470460447e-03 1.00000000000000e+05 
6.45869835929811e-03 1.00000000000000e+05 
6.79980605942092e-03 1.00000000000000e+05 
7.13333201955527e-03 1.00000000000000e+05 
7.47475896239764e-03 1.00000000000000e+05 
7.82314311822552e-03 1.00000000000000e+05 
8.18116300463659e-03 1.00000000000000e+05 
8.54683042857372e-03 1.00000000000000e+05 
8.92293460794775e-03 1.00000000000000e+05 
9.30764197090305e-03 1.00000000000000e+05 
9.69990713293910e-03 1.00000000000000e+05 
1.00934014761985e-02 1.00000000004884e+05 
1.04908058371178e-02 1.00000000029623e+05 
1.08936773119656e-02 1.00000000066770e+05 
1.13011779564218e-02 1.00000000112808e+05 
1.17120385137280e-02 1.00000000761184e+05 
1.21236249439938e-02 1.00000010547971e+05 
1.25319842081665e-02 1.00000190613576e+05 
1.29409061486983e-02 1.00000810462269e+05 
1.33501510815302e-02 1.00002245023059e+05 
1.37645184124516e-02 1.00003634889830e+05 
1.41816687487078e-02 1.00007243172404e+05 
1.45971301862201e-02 1.00012259067664e+05 
1.50119992825308e-02 1.00027915647633e+05 
1.54286581712281e-02 1.00052399225658e+05 
1.58462637546678e-02 1.01180863954176e+05 
1.62669860301924e-02 1.05518373942353e+05 
1.66883050982499e-02 1.13600420070470e+05 
1.71065910371318e-02 1.22781451689496e+05 
1.75240630177825e-02 1.30227454377890e+05 
1.79421693558169e-02 1.32120399113140e+05 
1.83597177912573e-02 1.30863716907867e+05 
1.87785842218112e-02 1.29023662406957e+05 
1.91978014737769e-02 1.25933243263238e+05 
1.96149882648385e-02 1.22542198983336e+05 
2.00318496479265e-02 1.19077056233500e+05 
2.04489263961186e-02 1.15657579375228e+05 
2.08660017944525e-02 1.12613346754300e+05 
2.12840593061951e-02 1.09909898035178e+05 
2.17021181297311e-02 1.07476882247184e+05 
2.21195552780630e-02 1.05345360667885e+05 
2.25362468656060e-02 1.03471423596692e+05 
2.29531297718778e-02 1.01772432270876e+05 
2.33699351961157e-02 1.00187940049838e+05 
2.37874681970363e-02 9.87728781049661e+04 
2.42054041408438e-02 9.74526918386106e+04 
2.46230161040978e-02 9.62747319814209e+04 
2.50404025118995e-02 9.52325903608791e+04 
2.54580455493041e-02 9.42640904931856e+04 
2.58757413422511e-02 9.33660709451963e+04 
2.62941211349961e-02 9.25562198090700e+04 
2.67128023075286e-02 9.18455083735248e+04 
2.71304887015474e-02 9.12677796022869e+04 
2.75483094367413e-02 9.08398625019524e+04 
2.79668948300741e-02 9.05263331713492e+04 
2.83855380623883e-02 9.03846110324303e+04 
2.88045441700529e-02 9.03871124089480e+04 
2.92235868693222e-02 9.04461505751559e+04 
2.96414523693233e-02 9.05845252886829e+04 
3.00595987313980e-02 9.08532399209275e+04 
3.04784477682921e-02 9.12306077981640e+04 
3.08975163834541e-02 9.16482762972703e+04 
3.13165977159671e-02 9.20905474336571e+04 
3.17354688784549e-02 9.25263652777391e+04 
3.21537789678680e-02 9.29332933694849e+04 
3.25720360340505e-02 9.32839573586668e+04 
3.29909053170081e-02 9.35440743088584e+04 
3.34099514051449e-02 9.37093830957091e+04 
3.38290372114695e-02 9.38196515419140e+04 
3.42478085736826e-02 9.39177346141455e+04 
3.46659606050399e-02 9.40189139838456e+04 
3.50840243044439e-02 9.41242385437813e+04 
3.55026106510815e-02 9.42272924153855e+04 
3.59213089980140e-02 9.43480835285697e+04 
3.63401671963208e-02 9.44862278587323e+04 
3.67588238842701e-02 9.46497232325287e+04 
3.71770611428906e-02 9.48446415258886e+04 
3.75954144072426e-02 9.50585507392625e+04 
3.80143363536322e-02 9.52846692328276e+04 
3.84333754623404e-02 9.55190606057746e+04 
3.88521805066037e-02 9.57530156486857e+04 
3.92709721678853e-02 9.59809688499169e+04 
3.96895409243676e-02 9.62043370623173e+04 
4.01082056693771e-02 9.64155769085731e+04 
4.05267776738075e-02 9.66049581643570e+04 
4.09455579842199e-02 9.67743755265920e+04 
4.13639537784045e-02 9.69315056960746e+04 
4.17821100363145e-02 9.70761406661163e+04 
4.22003206087441e-02 9.72199091640764e+04 
4.26187139834563e-02 9.73615432154929e+04 
4.30369783213246e-02 9.74913850347495e+04 
4.34555591953655e-02 9.76192795576956e+04 
4.38739191531484e-02 9.77467720680742e+04 
4.42921081667235e-02 9.78732552048493e+04 
4.47104509217967e-02 9.80063125352967e+04 
4.51290315746632e-02 9.81431615631987e+04 
4.55475058656979e-02 9.82694764865969e+04 
4.59662778282561e-02 9.83868864348117e+04 
4.63848898223119e-02 9.85021155434382e+04 
4.68034149546843e-02 9.86096791359918e+04 
4.72222417913706e-02 9.87192287912618e+04 
4.76414006099838e-02 9.88227157033419e+04 
4.80604647060575e-02 9.89162854682150e+04 
4.84798355472361e-02 9.89996624938305e+04 
4.88990406254101e-02 9.90777108842237e+04 
4.93180026248545e-02 9.91476122020652e+04 
4.97369263797736e-02 9.92132065724245e+04 
5.01559923017630e-02 9.92738822226826e+04 
5.05750266281419e-02 9.93288425824813e+04 
5.09940960281796e-02 9.93748748105861e+04 
5.14131873953267e-02 9.94225209758979e+04 
5.18319637987243e-02 9.94683008620341e+04 
5.22505470036605e-02 9.95198985560983e+04 
5.26693681855541e-02 9.95680787172417e+04 
5.30882268980426e-02 9.96118989207458e+04 
5.35069913325906e-02 9.96782347100793e+04 
5.39258362100537e-02 9.97998395454305e+04 
5.43443888997072e-02 9.99862688226146e+04 
5.47629993452523e-02 1.00238507308303e+05 
5.51819069001085e-02 1.00555811985084e+05 
5.56007031608224e-02 1.00912088858824e+05 
5.60194946247810e-02 1.01296484200942e+05 
5.64383861416441e-02 1.01704087763624e+05 
5.68569315571072e-02 1.02119201680785e+05 
5.72754693910943e-02 1.02530103521434e+05 
5.76942912108931e-02 1.02918789931801e+05 
5.81128683001476e-02 1.03260590401780e+05 
5.85313905843677e-02 1.03564459668641e+05 
5.89499440403728e-02 1.03789807153904e+05 
5.93682279677294e-02 1.03957110913327e+05 
5.97866013698519e-02 1.04072926048722e+05 
6.02053324344835e-02 1.04190009558375e+05 
6.06238892451897e-02 1.04260630955366e+05 
6.10424598551980e-02 1.04275134567130e+05 
6.14610983114672e-02 1.04231703491181e+05 
6.18795042751985e-02 1.04121893052474e+05 
6.22979863126185e-02 1.03959800992719e+05 
6.27165801919209e-02 1.03753516206081e+05 
6.31349606375859e-02 1.03504958893423e+05 
6.35534606765533e-02 1.03221158105728e+05 
6.39718679913899e-02 1.02905026431293e+05 
6.43898756772708e-02 1.02569358299148e+05 
6.48079291299701e-02 1.02221881875028e+05 
6.52261298155771e-02 1.01861128365437e+05 
6.56441120429764e-02 1.01492395653046e+05 
6.60622223903124e-02 1.01115397752675e+05 
6.64802145751049e-02 1.00739729289777e+05 
6.68978107580175e-02 1.00367036605061e+05 
6.73156135214290e-02 1.00004467192167e+05 
6.77334680591705e-02 9.96531857315393e+04 
6.81510601566137e-02 9.93121554518955e+04 
6.85688675555633e-02 9.89812527564987e+04 
6.89864593757154e-02 9.86646542120848e+04 
6.94036280467185e-02 9.83661518198812e+04 
6.98209555676419e-02 9.80881098456874e+04 
7.02382396962397e-02 9.78310621722053e+04 
7.06552761466219e-02 9.75926828714329e+04 
7.10723931558697e-02 9.73727159836751e+04 
7.14893271925710e-02 9.71707761190260e+04 
7.19058495953697e-02 9.69928606206993e+04 
7.23225044825161e-02 9.68389663311768e+04 
7.27392313296333e-02 9.67129708095902e+04 
7.31557857991338e-02 9.66143074153426e+04 
7.35724000904194e-02 9.65367331746786e+04 
7.39889640523413e-02 9.64911126172797e+04 
7.44052206947131e-02 9.64680833679103e+04 
7.48216319869534e-02 9.64648156454526e+04 
7.52381976641999e-02 9.64665757667118e+04 
7.56547355977137e-02 9.64814666474785e+04 
7.60713797321218e-02 9.65154349722151e+04 
7.64880595330270e-02 9.65646995664754e+04 
7.69044573286400e-02 9.66292422172457e+04 
7.73211110627406e-02 9.67094834137826e+04 
7.77379762728963e-02 9.68036956720668e+04 
7.81547955391791e-02 9.69034856250953e+04 
7.85718511338946e-02 9.70147184100810e+04 
7.89889152370137e-02 9.71363728245780e+04 
7.94057280483171e-02 9.72651550406602e+04 
7.98228961568268e-02 9.74011518341880e+04 
8.02402992924203e-02 9.75413003162641e+04 
8.06575697005029e-02 9.76760611537050e+04 
8.10751234818360e-02 9.78133187876852e+04 
8.14926921769495e-02 9.79542261097662e+04 
8.19100380244816e-02 9.80936837495245e+04 
8.23278344386564e-02 9.82326404012378e+04 
8.27459062156802e-02 9.83687204710190e+04 
8.31638333912494e-02 9.84934625793917e+04 
8.35821437717333e-02 9.86160290324448e+04 
8.40005078376280e-02 9.87375754377379e+04 
8.44186998893260e-02 9.88544379342604e+04 
8.48371887308469e-02 9.89687393852701e+04 
8.52559887354230e-02 9.90783256073152e+04 
8.56747898345843e-02 9.91780757008135e+04 
8.60937275752812e-02 9.92755791940784e+04 
8.65125790481112e-02 9.93723941117287e+04 
8.69313339701170e-02 9.94639024067203e+04 
8.73502001849111e-02 9.95544209559025e+04 
8.77693658499712e-02 9.96359760769668e+04 
8.81884917925536e-02 9.97096164288425e+04 
8.86077555358005e-02 9.97784282005129e+04 
8.90268906838115e-02 9.98467096108440e+04 
8.94459033259036e-02 9.99094780931877e+04 
8.98650490871203e-02 9.99712384182471e+04 
9.02844880441261e-02 1.00024811185830e+05 
9.07038600505569e-02 1.00072840565013e+05 
9.11233702787356e-02 1.00116109347283e+05 
9.15427842531517e-02 1.00161606539733e+05 
9.19620440187284e-02 1.00201959519965e+05 
9.23815335657822e-02 1.00244362655404e+05 
9.28013191571786e-02 1.00281017760903e+05 
9.32210100506634e-02 1.00311503372198e+05 
9.36405668542750e-02 1.00342502734315e+05 
9.40604014769965e-02 1.00373541303346e+05 
9.44799985730422e-02 1.00404092159176e+05 
9.48999050730187e-02 1.00433301064337e+05 
9.53200098158910e-02 1.00455550072665e+05 
9.57397075473714e-02 1.00472238394531e+05 
9.61593285671789e-02 1.00485573179892e+05 
9.65793209981271e-02 1.00496621974515e+05 
9.69990995184952e-02 1.00505737389917e+05 
9.74193420791943e-02 1.00514600388182e+05 
9.78398664366049e-02 1.00519819960815e+05 
9.82600246615568e-02 1.00522490073162e+05 
9.86801107975186e-02 1.00521454131864e+05 
9.91004729399932e-02 1.00526352728673e+05 
9.95205765239479e-02 1.00530417202408e+05 
9.99409262312193e-02 1.00540714940237e+05 
1.00361584672197e-01 1.00551695457894e+05 
1.00781898518569e-01 1.00561588702136e+05 
1.01202171092949e-01 1.00569913950965e+05 
1.01622822756695e-01 1.00584221106631e+05 
1.02043264190991e-01 1.00596698570598e+05 
1.02463987235717e-01 1.00611291981433e+05 
1.02885060821283e-01 1.00625577063925e+05 
1.03305845096322e-01 1.00636709574732e+05 
1.03726610768089e-01 1.00644911724930e+05 
1.04147752687305e-01 1.00655534690733e+05 
1.04568754666360e-01 1.00665667884268e+05 
1.04990018665548e-01 1.00678339279802e+05 
1.05411655630578e-01 1.00689345282175e+05 
1.05833006890980e-01 1.00697028880367e+05 
1.06254424843662e-01 1.00701937407926e+05 
1.06676201124513e-01 1.00709011979497e+05 
1.07097840692415e-01 1.00710508782431e+05 
1.07519772432296e-01 1.00712186260153e+05 
1.07942092935482e-01 1.00711406759358e+05 
1.08364128788351e-01 1.00705496563762e+05 
1.08786250043824e-01 1.00693129924687e+05 
1.09208755899627e-01 1.00680140480525e+05 
1.09631129584576e-01 1.00662531377081e+05 
1.10053837892001e-01 1.00644171523774e+05 
1.10476801031982e-01 1.00624125327812e+05 
1.10899626306889e-01 1.00599728318645e+05 
1.11322492157374e-01 1.00569895608786e+05 
1.11745414146836e-01 1.00541990422784e+05 
1.12168142565894e-01 1.00510518929859e+05 
1.12591162530996e-01 1.00479395401870e+05 
1.13014418199858e-01 1.00446197047755e+05 
1.13437587385715e-01 1.00406981832708e+05 
1.13860744973864e-01 1.00363319553796e+05 
1.14284000153924e-01 1.00320229279074e+05 
1.14707098155700e-01 1.00272134825989e+05 
1.15130515246106e-01 1.00222989999333e+05 
1.15554234163836e-01 1.00172356048778e+05 
1.15977890494356e-01 1.00118712406496e+05 
1.16401565667720e-01 1.00059520065565e+05 
1.16825401592633e-01 1.00002960489252e+05 
1.17249124335922e-01 9.99445262227610e+04 
1.17673210723816e-01 9.98899318259026e+04 
1.18097613311305e-01 9.98380932294194e+04 
1.18522047755008e-01 9.97857630078360e+04 
1.18946555997298e-01 9.97297634427993e+04 
1.19371297578427e-01 9.96800553484276e+04 
1.19795976242481e-01 9.96310428754774e+04 
1.20221009820859e-01 9.95865344673529e+04 
1.20646433143130e-01 9.95442699993252e+04 
1.21071946513801e-01 9.95017513044555e+04 
1.21497574046652e-01 9.94596165407758e+04 
1.21923272460746e-01 9.94255627499320e+04 
1.22348823082904e-01 9.93928822816000e+04 
1.22774373752137e-01 9.93665698144925e+04 
1.23199991610585e-01 9.93452480978957e+04 
1.23625609386178e-01 9.93280251955121e+04 
1.24051220599243e-01 9.93139266497718e+04 
1.24476819083584e-01 9.93086413797760e+04 
1.24902304819189e-01 9.93102123447508e+04 
1.25327826822704e-01 9.93189666254842e+04 
1.25753468306230e-01 9.93338387624083e+04 
1.26179150081639e-01 9.93519562843349e+04 
1.26604859665270e-01 9.93761288299263e+04 
1.27030581303555e-01 9.94085669294095e+04 
1.27456207692727e-01 9.94457877943126e+04 
1.27881894212821e-01 9.94877477597119e+04 
1.28307725338106e-01 9.95337745714000e+04 
1.28733621505187e-01 9.95825795204340e+04 
1.29159577988264e-01 9.96311486542751e+04 
1.29585578987037e-01 9.96831911855925e+04 
1.30011519259492e-01 9.97357922087541e+04 
1.30437568788443e-01 9.97910972018847e+04 
1.30863812343506e-01 9.98471272495765e+04 
1.31290167049257e-01 9.99017739081249e+04 
1.31716598191943e-01 9.99549833767104e+04 
1.32143110595684e-01 1.00007913538338e+05 
1.32569532463389e-01 1.00057899719019e+05 
1.32995909437530e-01 1.00106200009498e+05 
1.33422336567852e-01 1.00150777304604e+05 
1.33848817801978e-01 1.00188532783152e+05 
1.34275408284127e-01 1.00221553732377e+05 
1.34701979871656e-01 1.00255017284827e+05 
1.35128478328279e-01 1.00286444869521e+05 
1.35554989047109e-01 1.00316992321084e+05 
1.35981595836567e-01 1.00345157965480e+05 
1.36408302581014e-01 1.00370685713301e+05 
1.36835175616897e-01 1.00392943738174e+05 
1.37262082691594e-01 1.00411851470980e+05 
1.37688961102599e-01 1.00424941758892e+05 
1.38115914492288e-01 1.00434020467687e+05 
1.38543019181346e-01 1.00438447639787e+05 
1.38970261378307e-01 1.00439798869960e+05 
1.39397716712090e-01 1.00440052218186e+05 
1.39825264344419e-01 1.00440613546672e+05 
1.40252829422007e-01 1.00439368608858e+05 
1.40680540942672e-01 1.00437332939392e+05 
1.41108469757234e-01 1.00432217038706e+05 
1.41536586566461e-01 1.00424044412771e+05 
1.41964957420049e-01 1.00413156857548e+05 
1.42393465664370e-01 1.00402536718752e+05 
1.42822026773377e-01 1.00388978874313e+05 
1.43250785292481e-01 1.00374749060948e+05 
1.43679806187690e-01 1.00358855014921e+05 
1.44109036138091e-01 1.00338727278882e+05 
1.44538543490601e-01 1.00315153780505e+05 
1.44968197357659e-01 1.00292061710675e+05 
1.45397852423440e-01 1.00265463193327e+05 
1.45827603100538e-01 1.00238940587286e+05 
1.46257574553092e-01 1.00212351061356e+05 
1.46687563804738e-01 1.00183839823943e+05 
1.47117543166518e-01 1.00153699970771e+05 
1.47547479962108e-01 1.00126627248388e+05 
1.47977379918587e-01 1.00099545827503e+05 
1.48407378782864e-01 1.00074280767919e+05 
1.48837465024401e-01 1.00051382993897e+05 
1.49267376386913e-01 1.00029198513792e+05 
1.49697333863945e-01 1.00005196063407e+05 
1.50127274359489e-01 9.99859731876076e+04 
1.50557217642221e-01 9.99665766523136e+04 
1.50987328114271e-01 9.99514344816517e+04 
1.51417583124278e-01 9.99382616278827e+04 
1.51847670079477e-01 9.99244897308615e+04 
1.52277860006490e-01 9.99081917728392e+04 
1.52708056653023e-01 9.98957933850634e+04 
1.53138305069783e-01 9.98818947923769e+04 
1.53568788732502e-01 9.98706443181731e+04 
1.53999461428167e-01 9.98605944900373e+04 
1.54430000207922e-01 9.98499709177022e+04 
1.54860689142390e-01 9.98373583010506e+04 
1.55291421339548e-01 9.98277293157127e+04 
1.55722265703421e-01 9.98174089246160e+04 
1.56153416816078e-01 9.98098416286632e+04 
1.56584822018660e-01 9.98043219951884e+04 
1.57016130565624e-01 9.97968709632869e+04 
1.57447636824232e-01 9.97872674366374e+04 
1.57879253402245e-01 9.97814728397079e+04 
1.58311017083997e-01 9.97744339081957e+04 
1.58742960980888e-01 9.97693071363571e+04 
1.59175055567069e-01 9.97626840091044e+04 
1.59607063137265e-01 9.97517432782216e+04 
1.60038979020947e-01 9.97366005437943e+04 
1.60470858534084e-01 9.97246735664316e+04 
1.60902638553616e-01 9.97102818760298e+04 
1.61334634435691e-01 9.96970751116043e+04 
1.61766795202567e-01 9.96825518029676e+04 
1.62198857206925e-01 9.96670439104511e+04 
1.62630837055908e-01 9.96486771180388e+04 
1.63062778815337e-01 9.96324963346588e+04 
1.63494615241931e-01 9.96143990364746e+04 
1.63926701632305e-01 9.95975168787270e+04 
1.64358974540992e-01 9.95819061571812e+04 
1.64791147170094e-01 9.95649889334131e+04 
1.65223267253886e-01 9.95474811698829e+04 
1.65655345761905e-01 9.95315635819781e+04 
1.66087334023587e-01 9.95165963664857e+04 
1.66519608743133e-01 9.95038815512915e+04 
1.66952116877062e-01 9.94931990157944e+04 
1.67384535780161e-01 9.94826102584699e+04 
1.67816956210082e-01 9.94729226810092e+04 
1.68249367387199e-01 9.94661413563726e+04 
1.68681727585497e-01 9.94606766181714e+04 
1.69114434158806e-01 9.94580854445285e+04 
1.69547436359161e-01 9.94582320545395e+04 
1.69980384620984e-01 9.94602591843026e+04 
1.70413400295059e-01 9.94647209872930e+04 
1.70846461717915e-01 9.94720288599363e+04 
1.71279540108032e-01 9.94831366367115e+04 
1.71713043587512e-01 9.94966240513815e+04 
1.72146918745531e-01 9.95125593819356e+04 
1.72580766421331e-01 9.95306432308206e+04 
1.73014504290613e-01 9.95504247902428e+04 
1.73448275638571e-01 9.95719706258897e+04 
1.73881895632417e-01 9.95948267139799e+04 
1.74315619284585e-01 9.96188873138911e+04 
1.74749573286553e-01 9.96431831273619e+04 
1.75183472586057e-01 9.96683445541202e+04 
1.75617263554114e-01 9.96934425696533e+04 
1.76051099372935e-01 9.97207865578854e+04 
1.76484786326686e-01 9.97474885912039e+04 
1.76918601445425e-01 9.97751499209667e+04 
1.77352668187695e-01 9.98020890057096e+04 
1.77786672816945e-01 9.98277147321557e+04 
1.78220581281095e-01 9.98515840917289e+04 
1.78654540522883e-01 9.98767450871334e+04 
1.79088365498490e-01 9.98998339778963e+04 
1.79522364297995e-01 9.99243019687416e+04 
1.79956659539823e-01 9.99489157901513e+04 
1.80390902082682e-01 9.99720360883422e+04 
1.80825085719253e-01 9.99925008541215e+04 
1.81259351151510e-01 1.00015602774825e+05 
1.81693515016775e-01 1.00037300203577e+05 
1.82127911602492e-01 1.00060576299095e+05 
1.82562654208390e-01 1.00084526031305e+05 
1.82997368415208e-01 1.00106949884830e+05 
1.83432066249045e-01 1.00126419252715e+05 
1.83866888358624e-01 1.00146375823063e+05 
1.84301654866772e-01 1.00164153607015e+05 
1.84736733799403e-01 1.00181499598896e+05 
1.85172215685226e-01 1.00197401945130e+05 
1.85607692516485e-01 1.00209190713586e+05 
1.86043210544864e-01 1.00215638685143e+05 
1.86478902040298e-01 1.00220798194667e+05 
1.86914576598624e-01 1.00219890193693e+05 
1.87350646309849e-01 1.00216782406499e+05 
1.87787115238955e-01 1.00212788814839e+05 
1.88223641004973e-01 1.00206853236332e+05 
1.88660063285764e-01 1.00197388976371e+05 
1.89096513976047e-01 1.00189879926249e+05 
1.89532876479016e-01 1.00181238283084e+05 
1.89969284040323e-01 1.00173628351933e+05 
1.90405852305210e-01 1.00165885045912e+05 
1.90842477873890e-01 1.00155692994425e+05 
1.91278992729846e-01 1.00144288053361e+05 
1.91715552055633e-01 1.00132749221184e+05 
1.92152026475297e-01 1.00119062760573e+05 
1.92588560019668e-01 1.00105494681038e+05 
1.93025286839063e-01 1.00091962933101e+05 
1.93462070209472e-01 1.00076423031895e+05 
1.93898742859386e-01 1.00059582896295e+05 
1.94335491416765e-01 1.00045261933309e+05 
1.94772166766570e-01 1.00030325740971e+05 
1.95208938714067e-01 1.00017785632670e+05 
1.95645943897265e-01 1.00006899686839e+05 
1.96083030252645e-01 9.99951297413011e+04 
1.96520038950151e-01 9.99827026972160e+04 
1.96957181610207e-01 9.99716046241949e+04 
1.97394286187705e-01 9.99590047804694e+04 
1.97831533604302e-01 9.99484328480273e+04 
1.98269060257999e-01 9.99391529459922e+04 
1.98706693157029e-01 9.99296045109246e+04 
1.99144291863955e-01 9.99200067896558e+04 
1.99582065772091e-01 9.99097848528003e+04 
2.00019838449305e-01 9.99025680645519e+04 
2.00457801896771e-01 9.98944604636823e+04 
