# Liste des scalaires : TEMPS pmat 
0.00000000000000e+00 1.00000000000000e+05 
7.22956891292051e-05 1.00000000000000e+05 
1.51820947171331e-04 1.00000000000000e+05 
2.39298731017669e-04 1.00000000000000e+05 
3.35524293248641e-04 1.00000000000000e+05 
4.41372411702710e-04 1.00000000000000e+05 
5.57805342002186e-04 1.00000000000000e+05 
6.85881565331610e-04 1.00000000000000e+05 
8.26765410993976e-04 1.00000000000000e+05 
9.75174506863197e-04 1.00000000000000e+05 
1.12755396696591e-03 1.00000000000000e+05 
1.28918343273218e-03 1.00000000000000e+05 
1.45668058194886e-03 1.00000000000000e+05 
1.63261382413673e-03 1.00000000000000e+05 
1.81833821877170e-03 1.00000000000000e+05 
2.01637243721944e-03 1.00000000000000e+05 
2.22246932520153e-03 1.00000000000000e+05 
2.43982000574261e-03 1.00000000000000e+05 
2.66949552262287e-03 1.00000000000000e+05 
2.90922671077856e-03 1.00000000000000e+05 
3.16193531251756e-03 1.00000000000000e+05 
3.42728298572279e-03 1.00000000000000e+05 
3.70577701899067e-03 1.00000000000000e+05 
4.00169156811409e-03 1.00000000000000e+05 
4.31226826444647e-03 1.00000000000000e+05 
4.63339632549601e-03 1.00000000000000e+05 
4.95352666541782e-03 1.00000000000000e+05 
5.28014070716194e-03 1.00000000000000e+05 
5.61856774580565e-03 1.00000000000000e+05 
5.97622971248826e-03 1.00000000000000e+05 
6.32889982526230e-03 1.00000000000000e+05 
6.67778327429012e-03 1.00000000000000e+05 
7.02891645548519e-03 1.00000000000000e+05 
7.38158806862267e-03 1.00000000000000e+05 
7.74487063309026e-03 1.00000000000000e+05 
8.11939760335187e-03 1.00000000000000e+05 
8.50598026028814e-03 1.00000000000000e+05 
8.89636289942317e-03 1.00000000000000e+05 
9.28661315391341e-03 1.00000000000000e+05 
9.67701954274188e-03 1.00000000000000e+05 
1.00695942203939e-02 1.00000000000000e+05 
1.04654367351106e-02 1.00000000000000e+05 
1.08649384248731e-02 1.00000000000000e+05 
1.12676333292419e-02 1.00000000000000e+05 
1.16735324833410e-02 1.00000000000000e+05 
1.20810850660440e-02 1.00000000000000e+05 
1.24898466503632e-02 1.00000000000000e+05 
1.29004141546354e-02 1.00000000000000e+05 
1.33127420351507e-02 1.00000000000000e+05 
1.37253248358634e-02 1.00000000000000e+05 
1.41380024907100e-02 1.00000000000000e+05 
1.45497867848899e-02 1.00000000000000e+05 
1.49607015319878e-02 1.00000000000000e+05 
1.53716042028609e-02 1.00000000000000e+05 
1.57830912978886e-02 1.00000000000000e+05 
1.61946056809224e-02 1.00000000000000e+05 
1.66061105258334e-02 1.00000000000000e+05 
1.70172875553134e-02 1.00000000000000e+05 
1.74286274120946e-02 1.00000000000000e+05 
1.78409072167796e-02 1.00000000000000e+05 
1.82537903700170e-02 1.00000000000000e+05 
1.86669614951554e-02 1.00000000000000e+05 
1.90799644130256e-02 1.00000000000000e+05 
1.94923599796090e-02 1.00000000000000e+05 
1.99047462470470e-02 1.00000000000000e+05 
2.03176641841470e-02 1.00000000000000e+05 
2.07307987714526e-02 1.00000000000000e+05 
2.11438378177903e-02 1.00000000000000e+05 
2.15566729241909e-02 1.00000000000000e+05 
2.19688529205387e-02 1.00000000000000e+05 
2.23808975902975e-02 1.00000000000000e+05 
2.27928420115050e-02 1.00000000000000e+05 
2.32048813688608e-02 1.00000000000000e+05 
2.36166888287653e-02 1.00000000000000e+05 
2.40276487801841e-02 1.00000000000000e+05 
2.44383193028197e-02 1.00000000000000e+05 
2.48484583978753e-02 1.00000000000000e+05 
2.52584321303324e-02 1.00000000000000e+05 
2.56684428889820e-02 1.00000000000000e+05 
2.60785989329242e-02 1.00000000000000e+05 
2.64879488715130e-02 1.00000000000000e+05 
2.68972606965845e-02 1.00000000000000e+05 
2.73064507182244e-02 1.00000000000000e+05 
2.77156940974807e-02 1.00000000000000e+05 
2.81246665486542e-02 1.00000000000000e+05 
2.85335040200707e-02 1.00000000000000e+05 
2.89417513115190e-02 1.00000000000000e+05 
2.93498156672029e-02 1.00000000000000e+05 
2.97577607976900e-02 1.00000000000000e+05 
3.01656295792397e-02 1.00000000000000e+05 
3.05732550347480e-02 1.00000000000000e+05 
3.09808467186675e-02 1.00000000000000e+05 
3.13879939254285e-02 1.00000000000000e+05 
3.17949620308935e-02 1.00000000000000e+05 
3.22018684505393e-02 1.00000000000000e+05 
3.26087811479343e-02 1.00000000000000e+05 
3.30154216975021e-02 1.00000000000000e+05 
3.34220279896915e-02 1.00000000000000e+05 
3.38282334561572e-02 1.00000000000000e+05 
3.42342411307530e-02 1.00000000000000e+05 
3.46401536125495e-02 1.00000000000000e+05 
3.50461043517178e-02 1.00000000000000e+05 
3.54518102595553e-02 1.00000000000000e+05 
3.58575673517279e-02 1.00000000000000e+05 
3.62630451865503e-02 1.00000000000000e+05 
3.66684016256803e-02 1.00000000000000e+05 
3.70738777599746e-02 1.00000000000000e+05 
3.74795384091933e-02 1.00000000000000e+05 
3.78850656551481e-02 1.00000000000000e+05 
3.82907649623476e-02 1.00000000000000e+05 
3.86963027825266e-02 1.00000000000000e+05 
3.91018197722007e-02 1.00000000000000e+05 
3.95075564682887e-02 1.00000000000000e+05 
3.99132962830738e-02 1.00000000000000e+05 
4.03188159066614e-02 1.00000000000000e+05 
4.07243098572662e-02 1.00000000000000e+05 
4.11298621284143e-02 1.00000000000000e+05 
4.15353527817113e-02 1.00000000000000e+05 
4.19409671933713e-02 1.00000000000000e+05 
4.23468156480924e-02 1.00000000000000e+05 
4.27526887269271e-02 1.00000000000000e+05 
4.31587135394946e-02 1.00000000000000e+05 
4.35648121745861e-02 1.00000000000000e+05 
4.39708309031490e-02 1.00000000000000e+05 
4.43769848662490e-02 1.00000000000000e+05 
4.47833784753313e-02 1.00000000000000e+05 
4.51897033887816e-02 1.00000000000000e+05 
4.55961753337668e-02 1.00000000000000e+05 
4.60026306745089e-02 1.00000000000000e+05 
4.64089906247158e-02 1.00000000000000e+05 
4.68154706276511e-02 1.00000000000000e+05 
4.72221724636447e-02 1.00000000000000e+05 
4.76287452671573e-02 1.00000000000000e+05 
4.80354265543611e-02 1.00000000000000e+05 
4.84420756019514e-02 1.00000000000000e+05 
4.88485815118171e-02 1.00000000000000e+05 
4.92551806457672e-02 1.00000000000000e+05 
4.96619236562013e-02 1.00000000000000e+05 
5.00684325897320e-02 1.00000000000000e+05 
5.04749528280972e-02 1.00000000000000e+05 
5.08813543243612e-02 1.00000000000000e+05 
5.12874799307306e-02 1.00000000000000e+05 
5.16936274529813e-02 1.00000000000000e+05 
5.20998088215585e-02 1.00000000000000e+05 
5.25056057690927e-02 1.00000000000000e+05 
5.29113292399472e-02 1.00000000000000e+05 
5.33168103161367e-02 1.00000000000000e+05 
5.37219475654866e-02 1.00000000000000e+05 
5.41271003938135e-02 1.00000000000000e+05 
5.45323319240422e-02 1.00000000000000e+05 
5.49371870307626e-02 1.00000000000000e+05 
5.53420267028699e-02 1.00000000000000e+05 
5.57467447534963e-02 1.00000000000000e+05 
5.61512418771893e-02 1.00000000000000e+05 
5.65558564345676e-02 1.00000000000000e+05 
5.69607133384406e-02 1.00000000000000e+05 
5.73653600275750e-02 1.00000000000000e+05 
5.77701008751160e-02 1.00000000000000e+05 
5.81749031729513e-02 1.00000000000000e+05 
5.85795724932608e-02 1.00000000000000e+05 
5.89844928926687e-02 1.00000000000000e+05 
5.93896187451745e-02 1.00000000000000e+05 
5.97945196276406e-02 1.00000000000000e+05 
6.01995357361932e-02 1.00000000000000e+05 
6.06045936075968e-02 1.00000000000000e+05 
6.10096601830256e-02 1.00000000000000e+05 
6.14149760540511e-02 1.00000000000000e+05 
6.18206145913502e-02 1.00000000000000e+05 
6.22261575040123e-02 1.00000000000000e+05 
6.26318344110892e-02 1.00000000000000e+05 
6.30376790719534e-02 1.00000000000000e+05 
6.34436132645670e-02 1.00000000000000e+05 
6.38498509706659e-02 1.00000000000000e+05 
6.42564597956757e-02 1.00000000000000e+05 
6.46630051983579e-02 1.00000000000000e+05 
6.50696720402310e-02 1.00000000000000e+05 
6.54765422516838e-02 1.00000000000000e+05 
6.58834998854513e-02 1.00000000000000e+05 
6.62907754286950e-02 1.00000000000000e+05 
6.66984250471016e-02 1.00000000000000e+05 
6.71059434050576e-02 1.00000000000000e+05 
6.75136388839376e-02 1.00000000000000e+05 
6.79215203468002e-02 1.00000000000000e+05 
6.83294016426965e-02 1.00000000000000e+05 
6.87375824148116e-02 1.00000000000000e+05 
6.91460755286770e-02 1.00000000000000e+05 
6.95543910373274e-02 1.00000000000000e+05 
6.99628541178103e-02 1.00000000000000e+05 
7.03714075275622e-02 1.00000000000000e+05 
7.07798928609548e-02 1.00000000000001e+05 
7.11886209848211e-02 1.00000000000001e+05 
7.15976077729369e-02 1.00000000000001e+05 
7.20063053950937e-02 1.00000000000007e+05 
7.24150573102124e-02 1.00000000000020e+05 
7.28238229697004e-02 1.00000000000027e+05 
7.32324594340215e-02 1.00000000000069e+05 
7.36413480221022e-02 1.00000000000094e+05 
7.40505185052865e-02 1.00000000000111e+05 
7.44593662110606e-02 1.00000000000817e+05 
7.48683081771676e-02 1.00000000003396e+05 
7.52773736648871e-02 1.00000000027068e+05 
7.56864600565659e-02 1.00000000236858e+05 
7.60960267900745e-02 1.00000000618834e+05 
7.65059548340013e-02 1.00000001258160e+05 
7.69155522543850e-02 1.00000001889740e+05 
7.73251295430616e-02 1.00000002502057e+05 
7.77345338541139e-02 1.00000003199180e+05 
7.81436969415328e-02 1.00000003994055e+05 
7.85529676267943e-02 1.00000004721194e+05 
7.89624231619556e-02 1.00000005546877e+05 
7.93716725889908e-02 1.00000007006947e+05 
7.97810492919930e-02 1.00000010052719e+05 
8.01904730101484e-02 1.00000014080772e+05 
8.05998938508372e-02 1.00000023630540e+05 
8.10095982879829e-02 1.00000041038580e+05 
8.14196503066655e-02 1.00000075000628e+05 
8.18296404967854e-02 1.00000134330445e+05 
8.22398573836631e-02 1.00000228319251e+05 
8.26502729609323e-02 1.00000362416329e+05 
8.30607887717086e-02 1.00000556203284e+05 
8.34717083783140e-02 1.00000810085949e+05 
8.38830432108076e-02 1.00001136062754e+05 
8.42943659388525e-02 1.00001548158308e+05 
8.47059167598348e-02 1.00002036204459e+05 
8.51176921831105e-02 1.00002552593797e+05 
8.55295290828566e-02 1.00003159547308e+05 
8.59417482356589e-02 1.00003786762003e+05 
8.63543409484948e-02 1.00004482088028e+05 
8.67669042777750e-02 1.00005434390914e+05 
8.71796879426419e-02 1.00006826962146e+05 
8.75926889685346e-02 1.00008724219991e+05 
8.80057304121381e-02 1.00012187427573e+05 
8.84191482065811e-02 1.00017847346084e+05 
8.88329487097279e-02 1.00027690005229e+05 
8.92467532316101e-02 1.00044012926330e+05 
8.96607937744393e-02 1.00069544250437e+05 
9.00750154283849e-02 1.00106442450144e+05 
9.04892427388428e-02 1.00160002713708e+05 
9.09038814545743e-02 1.00233725853915e+05 
9.13187957052493e-02 1.00332301620142e+05 
9.17336982863161e-02 1.00459258067094e+05 
9.21488354491289e-02 1.00615468325828e+05 
9.25640948052049e-02 1.00800405401608e+05 
9.29792459389144e-02 1.01013629222082e+05 
9.33943971410818e-02 1.01250265692063e+05 
9.38095250221362e-02 1.01505230658093e+05 
9.42243333749069e-02 1.01768842255965e+05 
9.46390411135824e-02 1.02030033260023e+05 
9.50535677722207e-02 1.02280620987155e+05 
9.54678244492432e-02 1.02506260682110e+05 
9.58820684933765e-02 1.02700826509448e+05 
9.62962772551934e-02 1.02854090905790e+05 
9.67101277024059e-02 1.02959039552126e+05 
9.71238108431019e-02 1.03004152609077e+05 
9.75373132397639e-02 1.03001761440622e+05 
9.79505170891782e-02 1.02983910162840e+05 
9.83637524389172e-02 1.02960230264085e+05 
9.87769577380715e-02 1.02912855789260e+05 
9.91898040324963e-02 1.02826264122556e+05 
9.96025088369562e-02 1.02709361334028e+05 
1.00015085338649e-01 1.02568873024441e+05 
1.00427392282722e-01 1.02404647574126e+05 
1.00839854745350e-01 1.02224643305735e+05 
1.01252311729219e-01 1.02031843625375e+05 
1.01664442921273e-01 1.01827714894476e+05 
1.02076488810131e-01 1.01619171490560e+05 
1.02488468282618e-01 1.01408688679510e+05 
1.02900230377979e-01 1.01197581913182e+05 
1.03312224468521e-01 1.00988606439351e+05 
1.03724299878286e-01 1.00782423521898e+05 
1.04136097004784e-01 1.00579976302872e+05 
1.04547875588467e-01 1.00384282863198e+05 
1.04959675181891e-01 1.00196669643805e+05 
1.05371340777758e-01 1.00021127587046e+05 
1.05783283675364e-01 9.98626913389408e+04 
1.06195442540316e-01 9.97251627380038e+04 
1.06607412831892e-01 9.96210581117587e+04 
1.07019427925015e-01 9.95460141541485e+04 
1.07431534068019e-01 9.95172405024068e+04 
1.07843568950808e-01 9.95274797413085e+04 
1.08255905378540e-01 9.95531198993534e+04 
1.08668534587722e-01 9.95882536828147e+04 
1.09081045893021e-01 9.96419096486894e+04 
1.09493644735405e-01 9.97209899896233e+04 
1.09906403837036e-01 9.98117049206148e+04 
1.10319146828004e-01 9.99067545548257e+04 
1.10732199206328e-01 1.00001568849347e+05 
1.11145466760804e-01 1.00085884717230e+05 
1.11558611796026e-01 1.00147976333741e+05 
1.11971879426012e-01 1.00196655909048e+05 
1.12385143295779e-01 1.00235971491201e+05 
1.12798316413879e-01 1.00238594224943e+05 
1.13211829011459e-01 1.00213810126575e+05 
1.13625545467361e-01 1.00167345222971e+05 
1.14039139746209e-01 1.00109093523498e+05 
1.14452833167088e-01 1.00037382975369e+05 
1.14866505988941e-01 9.99535317305944e+04 
1.15280064890575e-01 9.98625205869254e+04 
1.15693952784541e-01 9.97710071587641e+04 
1.16108025651049e-01 9.96797280608054e+04 
1.16521974876664e-01 9.95944553714555e+04 
1.16935999267871e-01 9.95163002252355e+04 
1.17349981678186e-01 9.94476181771801e+04 
1.17763845792547e-01 9.93900973060249e+04 
1.18178020038178e-01 9.93441048428583e+04 
1.18592364139135e-01 9.93080837577457e+04 
1.19006572548461e-01 9.92797593820513e+04 
1.19420836991006e-01 9.92558919871712e+04 
1.19835042377236e-01 9.92343649727841e+04 
1.20249149095459e-01 9.92149705516154e+04 
1.20663563440112e-01 9.91954359669572e+04 
1.21078160061795e-01 9.91734029880910e+04 
1.21492628319863e-01 9.91475863503587e+04 
1.21907160702132e-01 9.91171965934750e+04 
1.22321653245061e-01 9.90804696820429e+04 
1.22736063129089e-01 9.90397026728188e+04 
1.23150790164138e-01 9.89928861250458e+04 
1.23565707085540e-01 9.89430261109257e+04 
1.23980499357533e-01 9.88901747474083e+04 
1.24395359122980e-01 9.88364741040174e+04 
1.24810193363014e-01 9.87812686420572e+04 
1.25224950924692e-01 9.87273723308768e+04 
1.25640030442212e-01 9.86753246090656e+04 
1.26055309637476e-01 9.86267195276436e+04 
1.26470458905545e-01 9.85832540331762e+04 
1.26885640432038e-01 9.85459058625301e+04 
1.27300720862815e-01 9.85141184779941e+04 
1.27715599670528e-01 9.84890998730503e+04 
1.28130606493013e-01 9.84695352841791e+04 
1.28545769319050e-01 9.84572407629053e+04 
1.28960810005219e-01 9.84514535717731e+04 
1.29375877915118e-01 9.84575692108027e+04 
1.29790848031478e-01 9.84737636850445e+04 
1.30205632185858e-01 9.84921675189826e+04 
1.30620562536223e-01 9.85118601116698e+04 
1.31035634710228e-01 9.85363078148128e+04 
1.31450580841596e-01 9.85659017816024e+04 
1.31865578219775e-01 9.85990636695213e+04 
1.32280475553966e-01 9.86356866535932e+04 
1.32695191241786e-01 9.86745531758206e+04 
1.33110052208283e-01 9.87153118963780e+04 
1.33525049864970e-01 9.87576364893365e+04 
1.33939915476472e-01 9.88015259805833e+04 
1.34354815549035e-01 9.88461156990029e+04 
1.34769608769609e-01 9.88912800407674e+04 
1.35184216036272e-01 9.89364162503291e+04 
1.35598966629961e-01 9.89809162732148e+04 
1.36013854025874e-01 9.90252904585767e+04 
1.36428606888710e-01 9.90701966300454e+04 
1.36843395865551e-01 9.91151853594192e+04 
1.37258095527649e-01 9.91589629926706e+04 
1.37672636119635e-01 9.92013887012405e+04 
1.38087357340777e-01 9.92450358402549e+04 
1.38502246924056e-01 9.92918520252774e+04 
1.38917032314045e-01 9.93437303318788e+04 
1.39331892313444e-01 9.93993482429390e+04 
1.39746706196345e-01 9.94594689400992e+04 
1.40161402037650e-01 9.95236503742287e+04 
1.40576328620205e-01 9.95924034561630e+04 
1.40991460981361e-01 9.96660107271585e+04 
1.41406519725013e-01 9.97447295497098e+04 
1.41821694593628e-01 9.98277832621121e+04 
1.42236863963204e-01 9.99154013464330e+04 
1.42651955260351e-01 1.00005556051214e+05 
1.43067316133031e-01 1.00098176244839e+05 
1.43482906091878e-01 1.00191990037439e+05 
1.43898445159553e-01 1.00283984690896e+05 
1.44314139942183e-01 1.00372654287253e+05 
1.44729861773361e-01 1.00455282764613e+05 
1.45145543333710e-01 1.00528331743446e+05 
1.45561469860393e-01 1.00588131803568e+05 
1.45977506532636e-01 1.00635168920177e+05 
1.46393419454940e-01 1.00660652351952e+05 
1.46809383476460e-01 1.00669736572442e+05 
1.47225356729037e-01 1.00663717327777e+05 
1.47641135800084e-01 1.00655371507428e+05 
1.48057094086566e-01 1.00643036703447e+05 
1.48473165598521e-01 1.00617875730672e+05 
1.48889103945659e-01 1.00575322081861e+05 
1.49305090201858e-01 1.00517144476577e+05 
1.49721077069523e-01 1.00448751137276e+05 
1.50136867830552e-01 1.00370214017829e+05 
1.50552828534317e-01 1.00286767836564e+05 
1.50968930312376e-01 1.00199969246671e+05 
1.51384889482144e-01 1.00111885213321e+05 
1.51800889090610e-01 1.00022378777623e+05 
1.52216892951190e-01 9.99372880803891e+04 
1.52632706118012e-01 9.98560894465802e+04 
1.53048685718141e-01 9.97844988019916e+04 
1.53464820091033e-01 9.97209904640941e+04 
1.53880813984254e-01 9.96633310120667e+04 
1.54296852073584e-01 9.96108466484498e+04 
1.54712905349482e-01 9.95665164959452e+04 
1.55128792079941e-01 9.95303281882524e+04 
1.55544866706164e-01 9.95032979276869e+04 
1.55961116325384e-01 9.94856893368652e+04 
1.56377258838024e-01 9.94757078331241e+04 
1.56793473755178e-01 9.94710890620738e+04 
1.57209738735305e-01 9.94719462038831e+04 
1.57625880219366e-01 9.94785305414369e+04 
1.58042256369985e-01 9.94893616132759e+04 
1.58458820600883e-01 9.95063494301339e+04 
1.58875321846364e-01 9.95285228770490e+04 
1.59291942167369e-01 9.95547518993941e+04 
1.59708637227129e-01 9.95819399240894e+04 
1.60125242174156e-01 9.96106709235629e+04 
1.60542115497630e-01 9.96377071799170e+04 
1.60959204101205e-01 9.96595760368196e+04 
1.61376243886747e-01 9.96843744057538e+04 
1.61793448002590e-01 9.97114869795250e+04 
1.62210762785585e-01 9.97338215175578e+04 
1.62628025329883e-01 9.97501128723250e+04 
1.63045595837886e-01 9.97602896044009e+04 
1.63463395846390e-01 9.97666929008591e+04 
1.63881052836946e-01 9.97682072229561e+04 
1.64298767944728e-01 9.97674731476028e+04 
1.64716548820436e-01 9.97619635743063e+04 
1.65134185193869e-01 9.97527521053670e+04 
1.65551984657882e-01 9.97384033644096e+04 
1.65969903545091e-01 9.97205746708157e+04 
1.66387662402441e-01 9.96997596574178e+04 
1.66805466944527e-01 9.96771528482708e+04 
1.67223325578042e-01 9.96517451909148e+04 
1.67641022152376e-01 9.96242993810469e+04 
1.68058891115947e-01 9.95949778342973e+04 
1.68476872655420e-01 9.95641603823056e+04 
1.68894678280310e-01 9.95325453334988e+04 
1.69312515878944e-01 9.95016127671508e+04 
1.69730398353561e-01 9.94709207397454e+04 
1.70148109725823e-01 9.94411233656740e+04 
1.70566005467436e-01 9.94127260404504e+04 
1.70984015326598e-01 9.93873090451603e+04 
1.71401835924809e-01 9.93643367430059e+04 
1.71819680930682e-01 9.93444124061158e+04 
1.72237560824320e-01 9.93271336679907e+04 
1.72655266981608e-01 9.93132894411246e+04 
1.73073167183938e-01 9.93025899379744e+04 
1.73491192995978e-01 9.92953295583958e+04 
1.73909029374581e-01 9.92936008170432e+04 
1.74326904653850e-01 9.92964661613631e+04 
1.74744839617719e-01 9.93014197966486e+04 
1.75162625539358e-01 9.93079060899816e+04 
1.75580619713547e-01 9.93169818810855e+04 
1.75998792925435e-01 9.93310606881931e+04 
1.76416807448296e-01 9.93510416440973e+04 
1.76834897392916e-01 9.93750991004382e+04 
1.77253095011363e-01 9.94038796779963e+04 
1.77671197261309e-01 9.94375670864076e+04 
1.78089568921162e-01 9.94759541192003e+04 
1.78508165253068e-01 9.95182833702989e+04 
1.78926650020387e-01 9.95645503180382e+04 
1.79345261663584e-01 9.96138203848105e+04 
1.79764041583435e-01 9.96655452174493e+04 
1.80182781267687e-01 9.97197031972841e+04 
1.80601846705259e-01 9.97763043800262e+04 
1.81021199514234e-01 9.98348180715907e+04 
1.81440466484906e-01 9.98945865601922e+04 
1.81859769386895e-01 9.99549758981163e+04 
1.82279087705626e-01 1.00015776841639e+05 
1.82698340570030e-01 1.00076224860892e+05 
1.83117773685919e-01 1.00135901740226e+05 
1.83537345045811e-01 1.00194013385107e+05 
1.83956844412740e-01 1.00249814358656e+05 
1.84376405127258e-01 1.00303077830126e+05 
1.84795997147693e-01 1.00353896075473e+05 
1.85215555413482e-01 1.00400805053601e+05 
1.85635328687828e-01 1.00443970371582e+05 
1.86055262387262e-01 1.00482527256474e+05 
1.86475149978819e-01 1.00515588523642e+05 
1.86895132935930e-01 1.00543156160730e+05 
1.87315136421565e-01 1.00566301946885e+05 
1.87735100735157e-01 1.00586128944536e+05 
1.88155214459880e-01 1.00601683804703e+05 
1.88575463932650e-01 1.00612510282619e+05 
1.88995650926306e-01 1.00617074115342e+05 
1.89415886046268e-01 1.00616794397491e+05 
1.89836141109079e-01 1.00611652618444e+05 
1.90256345779476e-01 1.00601476958097e+05 
1.90676694722155e-01 1.00589475253831e+05 
1.91097167979016e-01 1.00575921914009e+05 
1.91517568326069e-01 1.00559371256221e+05 
1.91938013133040e-01 1.00540214789498e+05 
1.92358482644482e-01 1.00519721033288e+05 
1.92778900120175e-01 1.00497968885710e+05 
1.93199474421717e-01 1.00475376824156e+05 
1.93620184878123e-01 1.00452810346926e+05 
1.94040824421771e-01 1.00430128251796e+05 
1.94461518727687e-01 1.00408336849448e+05 
1.94882255816103e-01 1.00387582483306e+05 
1.95302955188314e-01 1.00367276401118e+05 
1.95723814483426e-01 1.00347795486749e+05 
1.96144807293176e-01 1.00329703458725e+05 
1.96565704574517e-01 1.00312596638336e+05 
1.96986615244970e-01 1.00295845696248e+05 
1.97407550410995e-01 1.00280031179337e+05 
1.97828385812623e-01 1.00264504238771e+05 
1.98249366179157e-01 1.00249828805461e+05 
1.98670469553527e-01 1.00235984806686e+05 
1.99091463017331e-01 1.00222677932361e+05 
1.99512461102098e-01 1.00211195029911e+05 
1.99933479225691e-01 1.00201552286207e+05 
2.00354392823947e-01 1.00193601465636e+05 
