# Liste des scalaires : TEMPS pmat 
0.00000000000000e+00 1.00000000000000e+05 
7.22956891292051e-05 1.00000000000000e+05 
1.31969801933590e-04 1.00000000000000e+05 
1.92538282600819e-04 1.00000000000000e+05 
2.54686345359375e-04 1.00000000000000e+05 
3.12704640433775e-04 1.00000000000000e+05 
3.72424910133546e-04 1.00000000000000e+05 
4.30330444585000e-04 1.00000000000000e+05 
4.89383999990471e-04 1.00000000000000e+05 
5.50087299282279e-04 1.00000000000000e+05 
6.13672397104078e-04 1.00000000000000e+05 
6.78339210321427e-04 1.00000000000000e+05 
7.41756497076836e-04 1.00000000000000e+05 
8.07468924754724e-04 1.00000000000000e+05 
8.74592024842149e-04 1.00000000000000e+05 
9.40240780353824e-04 1.00000000000000e+05 
1.00777726794214e-03 1.00000000000000e+05 
1.07763280564881e-03 1.00000000000000e+05 
1.14911218648732e-03 1.00000000000000e+05 
1.22251205217072e-03 1.00000000000000e+05 
1.29477933223123e-03 1.00000000000000e+05 
1.36892149826894e-03 1.00000000000000e+05 
1.44451942737861e-03 1.00000000000000e+05 
1.52252884185556e-03 1.00000000000000e+05 
1.60077745291829e-03 1.00000000000000e+05 
1.68078749832088e-03 1.00000000000000e+05 
1.76054095723867e-03 1.00000000000000e+05 
1.84140039788334e-03 1.00000000000000e+05 
1.92425742751270e-03 1.00000000000000e+05 
2.01040531704840e-03 1.00000000000000e+05 
2.09701446308658e-03 1.00000000000000e+05 
2.18614429714021e-03 1.00000000000000e+05 
2.27645271192542e-03 1.00000000000000e+05 
2.36730471730326e-03 1.00000000000000e+05 
2.45961583703694e-03 1.00000000000000e+05 
2.55381992832918e-03 1.00000000000000e+05 
2.65057307315911e-03 1.00000000000000e+05 
2.74806303020591e-03 1.00000000000000e+05 
2.84795428391619e-03 1.00000000000000e+05 
2.95019225549742e-03 1.00000000000000e+05 
3.05624715566912e-03 1.00000000000000e+05 
3.16365088606476e-03 1.00000000000000e+05 
3.27318281724201e-03 1.00000000000000e+05 
3.38584791791339e-03 1.00000000000000e+05 
3.50100168625586e-03 1.00000000000000e+05 
3.61806672433888e-03 1.00000000000000e+05 
3.73749802173262e-03 1.00000000000000e+05 
3.85466788801150e-03 1.00000000000000e+05 
3.97432356348575e-03 1.00000000000000e+05 
4.09643144697281e-03 1.00000000000000e+05 
4.22102483910879e-03 1.00000000000000e+05 
4.34831392325000e-03 1.00000000000000e+05 
4.47662720228464e-03 1.00000000000000e+05 
4.60733472147491e-03 1.00000000000000e+05 
4.74039449515308e-03 1.00000000000000e+05 
4.87573454166035e-03 1.00000000000000e+05 
5.01336382334504e-03 1.00000000000000e+05 
5.15340174065451e-03 1.00000000000000e+05 
5.29056590036436e-03 1.00000000000000e+05 
5.42914318037027e-03 1.00000000000000e+05 
5.56988979453684e-03 1.00000000000000e+05 
5.71242962079433e-03 1.00000000000000e+05 
5.85668192575565e-03 1.00000000000000e+05 
6.00203680434879e-03 1.00000000000000e+05 
6.14776547674849e-03 1.00000000000000e+05 
6.29390368103419e-03 1.00000000000000e+05 
6.44046305484666e-03 1.00000000000000e+05 
6.58734791831496e-03 1.00000000000000e+05 
6.73453063402732e-03 1.00000000000000e+05 
6.88213704985644e-03 1.00000000000000e+05 
7.02463937470597e-03 1.00000000000000e+05 
7.16851711319907e-03 1.00000000000000e+05 
7.31382791735747e-03 1.00000000000000e+05 
7.45934139145453e-03 1.00000000000000e+05 
7.60259889885304e-03 1.00000000000000e+05 
7.74696089918279e-03 1.00000000000000e+05 
7.88988708375395e-03 1.00000000000000e+05 
8.03525977179788e-03 1.00000000000000e+05 
8.18129977087058e-03 1.00000000000000e+05 
8.32682676823035e-03 1.00000000000000e+05 
8.47074992045632e-03 1.00000000000000e+05 
8.61551940883684e-03 1.00000000000000e+05 
8.76012422252561e-03 1.00000000000000e+05 
8.90474970992560e-03 1.00000000000000e+05 
9.04946362190117e-03 1.00000000000000e+05 
9.19446144801974e-03 1.00000000000000e+05 
9.33968274947452e-03 1.00000000000000e+05 
9.48504191087415e-03 1.00000000000000e+05 
9.62445107476127e-03 1.00000000000000e+05 
9.76988403541334e-03 1.00000000000000e+05 
9.91551303355903e-03 1.00000000000000e+05 
1.00613921854463e-02 1.00000000000000e+05 
1.02007302394593e-02 1.00000000000000e+05 
1.03413589870047e-02 1.00000000000000e+05 
1.04807454684775e-02 1.00000000000000e+05 
1.06270871408522e-02 1.00000000000000e+05 
1.07736955563637e-02 1.00000000000000e+05 
1.09206932996739e-02 1.00000000000000e+05 
1.10603046672438e-02 1.00000000000000e+05 
1.12058293006928e-02 1.00000000000000e+05 
1.13533435541446e-02 1.00000000000000e+05 
1.15013860681105e-02 1.00000000000000e+05 
1.16497121587501e-02 1.00000000000000e+05 
1.17971908620552e-02 1.00000000000000e+05 
1.19372045805647e-02 1.00000000000000e+05 
1.20832855167363e-02 1.00000000000000e+05 
1.22312452650832e-02 1.00000000000000e+05 
1.23795043616505e-02 1.00000000000000e+05 
1.25280533203469e-02 1.00000000000000e+05 
1.26768953236470e-02 1.00000000000000e+05 
1.28172471110554e-02 1.00000000000000e+05 
1.29633571296000e-02 1.00000000000000e+05 
1.31106806059905e-02 1.00000000000000e+05 
1.32599970744253e-02 1.00000000000000e+05 
1.34094407241883e-02 1.00000000000000e+05 
1.35590259441518e-02 1.00000000000000e+05 
1.36996294539468e-02 1.00000000000000e+05 
1.38454938560863e-02 1.00000000000000e+05 
1.39862515947881e-02 1.00000000000000e+05 
1.41320782635643e-02 1.00000000000000e+05 
1.42804200020681e-02 1.00000000000000e+05 
1.44247799980674e-02 1.00000000000000e+05 
1.45657012862719e-02 1.00000000000000e+05 
1.47111756240932e-02 1.00000000000000e+05 
1.48522171833870e-02 1.00000000000000e+05 
1.49976999015571e-02 1.00000000000000e+05 
1.51458213919919e-02 1.00000000000000e+05 
1.52904581424662e-02 1.00000000000000e+05 
1.54317556107092e-02 1.00000000000000e+05 
1.55785264312294e-02 1.00000000000000e+05 
1.57184528527203e-02 1.00000000000000e+05 
1.58655400617749e-02 1.00000000000000e+05 
1.60125279490829e-02 1.00000000000000e+05 
1.61589112972513e-02 1.00000000000000e+05 
1.63003315755394e-02 1.00000000000000e+05 
1.64452508344482e-02 1.00000000000000e+05 
1.65832857126136e-02 1.00000000000000e+05 
1.67290209509525e-02 1.00000000000000e+05 
1.68745647565582e-02 1.00000000000000e+05 
1.70198030317321e-02 1.00000000000000e+05 
1.71607833854174e-02 1.00000000000000e+05 
1.73019977410661e-02 1.00000000000000e+05 
1.74437889269319e-02 1.00000000000000e+05 
1.75878535724098e-02 1.00000000000000e+05 
1.77336008377484e-02 1.00000000000000e+05 
1.78811563630145e-02 1.00000000000000e+05 
1.80186805664740e-02 1.00000000000000e+05 
1.81611806529086e-02 1.00000000000000e+05 
1.83043220136510e-02 1.00000000000000e+05 
1.84513494051804e-02 1.00000000000000e+05 
1.85941430590466e-02 1.00000000000000e+05 
1.87411108657437e-02 1.00000000000000e+05 
1.88813038068666e-02 1.00000000000000e+05 
1.90260820023995e-02 1.00000000000000e+05 
1.91693816565517e-02 1.00000000000000e+05 
1.93162522172742e-02 1.00000000000000e+05 
1.94631499382827e-02 1.00000000000000e+05 
1.96071666184385e-02 1.00000000000000e+05 
1.97539511771078e-02 1.00000000000000e+05 
1.98965943652839e-02 1.00000000000000e+05 
2.00432302491018e-02 1.00000000000000e+05 
2.01866409098700e-02 1.00000000000000e+05 
2.03290349403067e-02 1.00000000000000e+05 
2.04753177097465e-02 1.00000000000000e+05 
2.06175784143722e-02 1.00000000000000e+05 
2.07631951120047e-02 1.00000000000000e+05 
2.09026609459191e-02 1.00000000000000e+05 
2.10471962148761e-02 1.00000000000000e+05 
2.11928480509152e-02 1.00000000000000e+05 
2.13393651774441e-02 1.00000000000000e+05 
2.14788767374863e-02 1.00000000000000e+05 
2.16247891936351e-02 1.00000000000000e+05 
2.17678477868326e-02 1.00000000000000e+05 
2.19123611692735e-02 1.00000000000000e+05 
2.20581223335119e-02 1.00000000000000e+05 
2.22050335413133e-02 1.00000000000000e+05 
2.23470880966271e-02 1.00000000000000e+05 
2.24936249075941e-02 1.00000000000000e+05 
2.26371531641952e-02 1.00000000000000e+05 
2.27820441888017e-02 1.00000000000000e+05 
2.29284597747545e-02 1.00000000000000e+05 
2.30749077281952e-02 1.00000000000000e+05 
2.32130364610400e-02 1.00000000000000e+05 
2.33593561086731e-02 1.00000000000000e+05 
2.35027633960882e-02 1.00000000000000e+05 
2.36493176880934e-02 1.00000000000000e+05 
2.37959313101179e-02 1.00000000000000e+05 
2.39430393342889e-02 1.00000000000000e+05 
2.40866949507263e-02 1.00000000000000e+05 
2.42343257753966e-02 1.00000000000000e+05 
2.43781766952386e-02 1.00000000000000e+05 
2.45264608697228e-02 1.00000000000000e+05 
2.46745311915784e-02 1.00000000000000e+05 
2.48215096009718e-02 1.00000000000000e+05 
2.49659279244055e-02 1.00000000000000e+05 
2.51137131891416e-02 1.00000000000000e+05 
2.52579246087818e-02 1.00000000000000e+05 
2.54014038361938e-02 1.00000000000000e+05 
2.55482653711894e-02 1.00000000000000e+05 
2.56944562288537e-02 1.00000000000000e+05 
2.58372066046742e-02 1.00000000000000e+05 
2.59816373470345e-02 1.00000000000000e+05 
2.61249949032117e-02 1.00000000000000e+05 
2.62699554327204e-02 1.00000000000000e+05 
2.64171625799633e-02 1.00000000000000e+05 
2.65642341103450e-02 1.00000000000000e+05 
2.67081567906019e-02 1.00000000000000e+05 
2.68566136379643e-02 1.00000000000000e+05 
2.70008167160046e-02 1.00000000000000e+05 
2.71498945611330e-02 1.00000000000000e+05 
2.72982424458319e-02 1.00000000000000e+05 
2.74478810723060e-02 1.00000000000000e+05 
2.75931464360115e-02 1.00000000000000e+05 
2.77435771177025e-02 1.00000000000000e+05 
2.78895114872988e-02 1.00000000000000e+05 
2.80394625969015e-02 1.00000000000000e+05 
2.81900199696983e-02 1.00000000000000e+05 
2.83371023369900e-02 1.00000000000000e+05 
2.84843200073872e-02 1.00000000000000e+05 
2.86331324353864e-02 1.00000000000000e+05 
2.87770593012116e-02 1.00000000000000e+05 
2.89248843198334e-02 1.00000000000000e+05 
2.90746541648272e-02 1.00000000000000e+05 
2.92244262793734e-02 1.00000000000000e+05 
2.93716639999416e-02 1.00000000000000e+05 
2.95209811152640e-02 1.00000000000000e+05 
2.96679521640806e-02 1.00000000000000e+05 
2.98165281955427e-02 1.00000000000000e+05 
2.99675693289091e-02 1.00000000000000e+05 
3.01188339201954e-02 1.00000000000000e+05 
3.02669299401989e-02 1.00000000000000e+05 
3.04179260444126e-02 1.00000000000000e+05 
3.05668210792584e-02 1.00000000000000e+05 
3.07181148782203e-02 1.00000000000000e+05 
3.08693687516565e-02 1.00000000000000e+05 
3.10207341635748e-02 1.00000000000000e+05 
3.11714056136493e-02 1.00000000000000e+05 
3.13231199007216e-02 1.00000000000000e+05 
3.14748252539518e-02 1.00000000000000e+05 
3.16272788372945e-02 1.00000000000000e+05 
3.17799728953157e-02 1.00000000000000e+05 
3.19330644487731e-02 1.00000000000000e+05 
3.20865936697548e-02 1.00000000000000e+05 
3.22403348646638e-02 1.00000000000000e+05 
3.23942602279488e-02 1.00000000000000e+05 
3.25483465090472e-02 1.00000000000000e+05 
3.27024909980909e-02 1.00000000000000e+05 
3.28566211264582e-02 1.00000000000000e+05 
3.30106791257766e-02 1.00000000000000e+05 
3.31645991887785e-02 1.00000000000000e+05 
3.33183896825601e-02 1.00000000000000e+05 
3.34720706755018e-02 1.00000000000000e+05 
3.36256169652733e-02 1.00000000000000e+05 
3.37792668224604e-02 1.00000000000000e+05 
3.39332664957813e-02 1.00000000000000e+05 
3.40877677441355e-02 1.00000000000000e+05 
3.42424343247424e-02 1.00000000000000e+05 
3.43972938445408e-02 1.00000000000000e+05 
3.45522782416706e-02 1.00000000000000e+05 
3.47073745767813e-02 1.00000000000000e+05 
3.48624879290052e-02 1.00000000000000e+05 
3.50174841952399e-02 1.00000000000000e+05 
3.51725144459520e-02 1.00000000000000e+05 
3.53275716806367e-02 1.00000000000000e+05 
3.54824104166082e-02 1.00000000000000e+05 
3.56373186350275e-02 1.00000000000000e+05 
3.57923493852066e-02 1.00000000000000e+05 
3.59476460663615e-02 1.00000000000000e+05 
3.61034109950105e-02 1.00000000000000e+05 
3.62596852888360e-02 1.00000000000000e+05 
3.64163922471433e-02 1.00000000000000e+05 
3.65736521653639e-02 1.00000000000000e+05 
3.67314111342713e-02 1.00000000000000e+05 
3.68897864222868e-02 1.00000000000000e+05 
3.70416181551847e-02 1.00000000000000e+05 
3.71994192518823e-02 1.00000000000000e+05 
3.73598094803896e-02 1.00000000000000e+05 
3.75185042373720e-02 1.00000000000000e+05 
3.76768397548514e-02 1.00000000000000e+05 
3.78337064816202e-02 1.00000000000000e+05 
3.79940856969724e-02 1.00000000000000e+05 
3.81542627268312e-02 1.00000000000000e+05 
3.83141644023356e-02 1.00000000000000e+05 
3.84741596102229e-02 1.00000000000000e+05 
3.86212915673433e-02 1.00000000000000e+05 
3.87752337233395e-02 1.00000000000000e+05 
3.89346785689707e-02 1.00000000000000e+05 
3.90953601824302e-02 1.00000000000000e+05 
3.92494213438434e-02 1.00000000000000e+05 
3.94106443978808e-02 1.00000000000000e+05 
3.95606391395024e-02 1.00000000000000e+05 
3.97191221177520e-02 1.00000000000000e+05 
3.98616375071945e-02 1.00000000000000e+05 
4.00153916022994e-02 1.00000000000000e+05 
4.01785404933718e-02 1.00000000000000e+05 
4.03312998758282e-02 1.00000000000000e+05 
4.04936218684123e-02 1.00000000000000e+05 
4.06469138037818e-02 1.00000000000000e+05 
4.07960598834535e-02 1.00000000000000e+05 
4.09549946141252e-02 1.00000000000000e+05 
4.11206969911684e-02 1.00000000000000e+05 
4.12822930437632e-02 1.00000000000000e+05 
4.14378478003619e-02 1.00000000000000e+05 
4.16035094971970e-02 1.00000000000000e+05 
4.17636096084380e-02 1.00000000000000e+05 
4.19293838161410e-02 1.00000000000000e+05 
4.20946149333581e-02 1.00000000000000e+05 
4.22596261389076e-02 1.00000000000000e+05 
4.24251118737044e-02 1.00000000000000e+05 
4.25910778848855e-02 1.00000000000000e+05 
4.27535746160751e-02 1.00000000000000e+05 
4.29200103877943e-02 1.00000000000000e+05 
4.30865834046174e-02 1.00000000000000e+05 
4.32532262294603e-02 1.00000000000000e+05 
4.34196154773350e-02 1.00000000000000e+05 
4.35859671560728e-02 1.00000000000000e+05 
4.37527132170101e-02 1.00000000000000e+05 
4.39197074723945e-02 1.00000000000000e+05 
4.40866791059980e-02 1.00000000000000e+05 
4.42538239634390e-02 1.00000000000000e+05 
4.44207334503727e-02 1.00000000000000e+05 
4.45890297622814e-02 1.00000000000000e+05 
4.47523241777120e-02 1.00000000000000e+05 
4.49218805771296e-02 1.00000000000000e+05 
4.50904781282287e-02 1.00000000000000e+05 
4.52594578717696e-02 1.00000000000000e+05 
4.54287594799096e-02 1.00000000000000e+05 
4.55987139849753e-02 1.00000000000000e+05 
4.57688380098937e-02 1.00000000000000e+05 
4.59391213260031e-02 1.00000000000000e+05 
4.61079644185206e-02 1.00000000000000e+05 
4.62771816133908e-02 1.00000000000000e+05 
4.64469895223406e-02 1.00000000000000e+05 
4.66168854005538e-02 1.00000000000000e+05 
4.67869594896654e-02 1.00000000000000e+05 
4.69576317260008e-02 1.00000000000000e+05 
4.71275868946932e-02 1.00000000000000e+05 
4.72985690917713e-02 1.00000000000000e+05 
4.74707784765033e-02 1.00000000000000e+05 
4.76439793002683e-02 1.00000000000000e+05 
4.78179601500052e-02 1.00000000000000e+05 
4.79922024482624e-02 1.00000000000000e+05 
4.81653083243123e-02 1.00000000000000e+05 
4.83386991234902e-02 1.00000000000000e+05 
4.85124676750847e-02 1.00000000000000e+05 
4.86865405187536e-02 1.00000000000000e+05 
4.88604713298166e-02 1.00000000000000e+05 
4.90345317619485e-02 1.00000000000000e+05 
4.92086126028168e-02 1.00000000000000e+05 
4.93826018372131e-02 1.00000000000000e+05 
4.95569347821225e-02 1.00000000000000e+05 
4.97320251664016e-02 1.00000000000000e+05 
4.99072176014366e-02 1.00000000000000e+05 
5.00830399479334e-02 1.00000000000000e+05 
5.02593526486417e-02 1.00000000000000e+05 
5.04359191188731e-02 1.00000000000000e+05 
5.06127736043290e-02 1.00000000000000e+05 
5.07879211596185e-02 1.00000000000000e+05 
5.09634933913320e-02 1.00000000000000e+05 
5.11389969753318e-02 1.00000000000000e+05 
5.13146492594103e-02 1.00000000000000e+05 
5.14901223826989e-02 1.00000000000000e+05 
5.16664684543068e-02 1.00000000000000e+05 
5.18430565895893e-02 1.00000000000000e+05 
5.20202807554061e-02 1.00000000000000e+05 
5.21988651890928e-02 1.00000000000000e+05 
5.23795278416992e-02 1.00000000000000e+05 
5.25602122071900e-02 1.00000000000000e+05 
5.27408744684753e-02 1.00000000000000e+05 
5.29216992033520e-02 1.00000000000000e+05 
5.31026782629584e-02 1.00000000000000e+05 
5.32837898338834e-02 1.00000000000000e+05 
5.34650956285516e-02 1.00000000000000e+05 
5.36463580642961e-02 1.00000000000000e+05 
5.38275972255446e-02 1.00000000000000e+05 
5.40090991666325e-02 1.00000000000000e+05 
5.41910638606811e-02 1.00000000000000e+05 
5.43734863741432e-02 1.00000000000000e+05 
5.45561705369421e-02 1.00000000000000e+05 
5.47389338144142e-02 1.00000000000000e+05 
5.49218061318770e-02 1.00000000000000e+05 
5.51051370197967e-02 1.00000000000000e+05 
5.52890409590351e-02 1.00000000000000e+05 
5.54733743377538e-02 1.00000000000000e+05 
5.56580338445246e-02 1.00000000000000e+05 
5.58431782669998e-02 1.00000000000000e+05 
5.60264647028971e-02 1.00000000000000e+05 
5.62122423122501e-02 1.00000000000000e+05 
5.63995088731114e-02 1.00000000000000e+05 
5.65885318335747e-02 1.00000000000000e+05 
5.67805128334444e-02 1.00000000000000e+05 
5.69741273276013e-02 1.00000000000000e+05 
5.71689584265215e-02 1.00000000000000e+05 
5.73664914935959e-02 1.00000000000000e+05 
5.75631066804286e-02 1.00000000000000e+05 
5.77595358547301e-02 1.00000000000000e+05 
5.79562363405040e-02 1.00000000000000e+05 
5.81437934256204e-02 1.00000000000000e+05 
5.83316053581222e-02 1.00000000000000e+05 
5.85197241625799e-02 1.00000000000000e+05 
5.87065271715107e-02 1.00000000000000e+05 
5.88935120927340e-02 1.00000000000000e+05 
5.90806539322328e-02 1.00000000000000e+05 
5.92678444261780e-02 1.00000000000000e+05 
5.94550378462557e-02 1.00000000000000e+05 
5.96421772713951e-02 1.00000000000000e+05 
5.98292336183870e-02 1.00000000000000e+05 
6.00163003042971e-02 1.00000000000000e+05 
6.02034650419103e-02 1.00000000000000e+05 
6.03907476144007e-02 1.00000000000000e+05 
6.05781192713827e-02 1.00000000000000e+05 
6.07657098344224e-02 1.00000000000000e+05 
6.09535196324296e-02 1.00000000000000e+05 
6.11415634531405e-02 1.00000000000000e+05 
6.13298456684261e-02 1.00000000000000e+05 
6.15183626869526e-02 1.00000000000000e+05 
6.17070261678467e-02 1.00000000000000e+05 
6.18959508130245e-02 1.00000000000000e+05 
6.20851230492758e-02 1.00000000000000e+05 
6.22746169611198e-02 1.00000000000000e+05 
6.24644824849368e-02 1.00000000000000e+05 
6.26548453961211e-02 1.00000000000000e+05 
6.28455542325919e-02 1.00000000000000e+05 
6.30367928336810e-02 1.00000000000000e+05 
6.32288270374229e-02 1.00000000000000e+05 
6.34220205980575e-02 1.00000000000000e+05 
6.36161157413519e-02 1.00000000000000e+05 
6.38107128501610e-02 1.00000000000000e+05 
6.40055456529031e-02 1.00000000000000e+05 
6.42002838349224e-02 1.00000000000000e+05 
6.43959953056758e-02 1.00000000000000e+05 
6.45927394808252e-02 1.00000000000000e+05 
6.47905933960002e-02 1.00000000000000e+05 
6.49905410089068e-02 1.00000000000000e+05 
6.51873270074519e-02 1.00000000000000e+05 
6.53842813474256e-02 1.00000000000000e+05 
6.55812386212286e-02 1.00000000000000e+05 
6.57782203779615e-02 1.00000000000000e+05 
6.59753003264830e-02 1.00000000000000e+05 
6.61723182867681e-02 1.00000000000000e+05 
6.63663267296647e-02 1.00000000000000e+05 
6.65603840613808e-02 1.00000000000000e+05 
6.67544236962344e-02 1.00000000000000e+05 
6.69483822164716e-02 1.00000000000000e+05 
6.71422783995674e-02 1.00000000000000e+05 
6.73361696158418e-02 1.00000000000000e+05 
6.75300243288516e-02 1.00000000000000e+05 
6.77239030585984e-02 1.00000000000000e+05 
6.79178629014055e-02 1.00000000000000e+05 
6.81119915650226e-02 1.00000000000000e+05 
6.83061595667231e-02 1.00000000000000e+05 
6.85004806234555e-02 1.00000000000000e+05 
6.86947743843558e-02 1.00000000000000e+05 
6.88890728123244e-02 1.00000000000000e+05 
6.90834687483993e-02 1.00000000000000e+05 
6.92780589318027e-02 1.00000000000000e+05 
6.94726529747660e-02 1.00000000000000e+05 
6.96676034795457e-02 1.00000000000000e+05 
6.98626371445351e-02 1.00000000000000e+05 
7.00577254373666e-02 1.00000000000000e+05 
7.02532733521787e-02 1.00000000000000e+05 
7.04492586686386e-02 1.00000000000000e+05 
7.06452630092435e-02 1.00000000000000e+05 
7.08419442132679e-02 1.00000000000000e+05 
7.10389603783409e-02 1.00000000000000e+05 
7.12359514485260e-02 1.00000000000000e+05 
7.14339413419015e-02 1.00000000000000e+05 
7.16332239881219e-02 1.00000000000000e+05 
7.18336846411520e-02 1.00000000000000e+05 
7.20366010838416e-02 1.00000000000000e+05 
7.22418038253498e-02 1.00000000000000e+05 
7.24417577540960e-02 1.00000000000000e+05 
7.26414768688578e-02 1.00000000000000e+05 
7.28405652819740e-02 1.00000000000000e+05 
7.30397638666212e-02 1.00000000000000e+05 
7.32393713096153e-02 1.00000000000000e+05 
7.34393497331806e-02 1.00000000000000e+05 
7.36397199162560e-02 1.00000000000000e+05 
7.38405533197131e-02 1.00000000000000e+05 
7.40419355793272e-02 1.00000000000000e+05 
7.42434192786784e-02 1.00000000000000e+05 
7.44452385055117e-02 1.00000000000000e+05 
7.46470510925677e-02 1.00000000000000e+05 
7.48487320276886e-02 1.00000000000000e+05 
7.50505850657853e-02 1.00000000000000e+05 
7.52524259193824e-02 1.00000000000000e+05 
7.54539070822443e-02 1.00000000000000e+05 
7.56557773323850e-02 1.00000000000000e+05 
7.58576818336283e-02 1.00000000000000e+05 
7.60593517530266e-02 1.00000000000000e+05 
7.62613834498464e-02 1.00000000000000e+05 
7.64635004911921e-02 1.00000000000000e+05 
7.66653732588515e-02 1.00000000000000e+05 
7.68675978631745e-02 1.00000000000000e+05 
7.70697333108684e-02 1.00000000000000e+05 
7.72718010020257e-02 1.00000000000000e+05 
7.74739935619394e-02 1.00000000000000e+05 
7.76763003592007e-02 1.00000000000000e+05 
7.78785650725207e-02 1.00000000000000e+05 
7.80809173144046e-02 1.00000000000000e+05 
7.82830906258195e-02 1.00000000000000e+05 
7.84851961162536e-02 1.00000000000000e+05 
7.86875288689358e-02 1.00000000000000e+05 
7.88901945029330e-02 1.00000000000000e+05 
7.90927436842158e-02 1.00000000000000e+05 
7.92962096055388e-02 1.00000000000000e+05 
7.95000537084138e-02 1.00000000000000e+05 
7.97044462931711e-02 1.00000000000000e+05 
7.99098391992792e-02 1.00000000000000e+05 
8.01160629361869e-02 1.00000000000000e+05 
8.03235064367836e-02 1.00000000000000e+05 
8.05312764554419e-02 1.00000000000000e+05 
8.07389125582579e-02 1.00000000000000e+05 
8.09465503920143e-02 1.00000000000000e+05 
8.11541213076586e-02 1.00000000000000e+05 
8.13617306129520e-02 1.00000000000000e+05 
8.15632864667175e-02 1.00000000000000e+05 
8.17652186368132e-02 1.00000000000000e+05 
8.19681960790587e-02 1.00000000000000e+05 
8.21728199528037e-02 1.00000000000000e+05 
8.23790048680665e-02 1.00000000000000e+05 
8.25861774328155e-02 1.00000000000000e+05 
8.27939128441651e-02 1.00000000000000e+05 
8.30016934594646e-02 1.00000000000000e+05 
8.32093487318589e-02 1.00000000000000e+05 
8.34170218642707e-02 1.00000000000000e+05 
8.36246320930173e-02 1.00000000000001e+05 
8.38322808339205e-02 1.00000000000001e+05 
8.40400432801770e-02 1.00000000000001e+05 
8.42478474826002e-02 1.00000000000002e+05 
8.44553159075942e-02 1.00000000000003e+05 
8.46630274364239e-02 1.00000000000004e+05 
8.48706732674079e-02 1.00000000000006e+05 
8.50783645907387e-02 1.00000000000009e+05 
8.52861672459090e-02 1.00000000000014e+05 
8.54939413662431e-02 1.00000000000022e+05 
8.57016652884894e-02 1.00000000000031e+05 
8.59094203473805e-02 1.00000000000043e+05 
8.61171193484752e-02 1.00000000000058e+05 
8.63248560221814e-02 1.00000000000083e+05 
8.65327032076668e-02 1.00000000000121e+05 
8.67405988413881e-02 1.00000000000173e+05 
8.69483764457038e-02 1.00000000000223e+05 
8.71561880671218e-02 1.00000000000302e+05 
8.73639467408087e-02 1.00000000000376e+05 
8.75717485864931e-02 1.00000000000528e+05 
8.77796624366249e-02 1.00000000000860e+05 
8.79876258128762e-02 1.00000000001292e+05 
8.81954641089323e-02 1.00000000001973e+05 
8.84033335647056e-02 1.00000000003262e+05 
8.86111484593552e-02 1.00000000010949e+05 
8.88190100179888e-02 1.00000000035779e+05 
8.90269860690270e-02 1.00000000087668e+05 
8.92350158400895e-02 1.00000000292816e+05 
8.94429197163655e-02 1.00000000557436e+05 
8.96508582221131e-02 1.00000000886994e+05 
8.98587487677642e-02 1.00000001259198e+05 
9.00666952386938e-02 1.00000001886244e+05 
9.02747635625271e-02 1.00000002390255e+05 
9.04828943630906e-02 1.00000002817184e+05 
9.06909118394938e-02 1.00000003113859e+05 
9.08989668526114e-02 1.00000003443954e+05 
9.11069876708609e-02 1.00000003800546e+05 
9.13150741658346e-02 1.00000004162572e+05 
9.15232911474627e-02 1.00000004522941e+05 
9.17315760439589e-02 1.00000004879387e+05 
9.19397517116768e-02 1.00000005224687e+05 
9.21479612561552e-02 1.00000005563320e+05 
9.23561454583653e-02 1.00000005893472e+05 
9.25643994274407e-02 1.00000006250287e+05 
9.27727794615853e-02 1.00000006615420e+05 
9.29812281895050e-02 1.00000007005381e+05 
9.31895798495632e-02 1.00000007461904e+05 
9.33979673917456e-02 1.00000008006650e+05 
9.36063380973442e-02 1.00000008643814e+05 
9.38147867414478e-02 1.00000009474142e+05 
9.40233666940395e-02 1.00000010520246e+05 
9.42320179432082e-02 1.00000011962902e+05 
9.44405706140599e-02 1.00000013853782e+05 
9.46491584732953e-02 1.00000016616205e+05 
9.48577321988053e-02 1.00000020586189e+05 
9.50663909398559e-02 1.00000026190818e+05 
9.52751884009878e-02 1.00000033897088e+05 
9.54840591727458e-02 1.00000043924997e+05 
9.56928282449028e-02 1.00000057043887e+05 
9.59016332458436e-02 1.00000073900427e+05 
9.61104276466064e-02 1.00000095364901e+05 
9.63193117609273e-02 1.00000122141077e+05 
9.65283381484032e-02 1.00000154945168e+05 
9.67374411361933e-02 1.00000195271161e+05 
9.69464464395447e-02 1.00000242895579e+05 
9.71554901076563e-02 1.00000299034329e+05 
9.73645255807611e-02 1.00000364837205e+05 
9.75736492391104e-02 1.00000441584678e+05 
9.77829106754316e-02 1.00000530300341e+05 
9.79922433476623e-02 1.00000632194140e+05 
9.82014762549169e-02 1.00000747891449e+05 
9.84107432492034e-02 1.00000878496430e+05 
9.86200084405436e-02 1.00001025370466e+05 
9.88293427813116e-02 1.00001190274712e+05 
9.90387934707680e-02 1.00001373666501e+05 
9.92483175262296e-02 1.00001576469480e+05 
9.94577676182855e-02 1.00001798271236e+05 
9.96672664306364e-02 1.00002038625419e+05 
9.98767756226798e-02 1.00002298449282e+05 
1.00086383858543e-01 1.00002577434013e+05 
1.00296081541874e-01 1.00002872976438e+05 
1.00505842055738e-01 1.00003185050323e+05 
1.00715644436300e-01 1.00003506489756e+05 
1.00925492892621e-01 1.00003832365680e+05 
1.01135353050467e-01 1.00004155125597e+05 
1.01345287179792e-01 1.00004479341001e+05 
1.01555296334340e-01 1.00004798550972e+05 
1.01765378912355e-01 1.00005111848849e+05 
1.01975502805651e-01 1.00005426214367e+05 
1.02185676576656e-01 1.00005755600549e+05 
1.02395859842559e-01 1.00006113604432e+05 
1.02606111932155e-01 1.00006520469860e+05 
1.02816434081106e-01 1.00007009435379e+05 
1.03026827178869e-01 1.00007634934768e+05 
1.03237248626481e-01 1.00008442192462e+05 
1.03447713527653e-01 1.00009494192088e+05 
1.03658172303375e-01 1.00010888396098e+05 
1.03868698562261e-01 1.00012737511690e+05 
1.04079292631304e-01 1.00015143358507e+05 
1.04289954735912e-01 1.00018236218788e+05 
1.04500508492827e-01 1.00022155438093e+05 
1.04711141567269e-01 1.00027057539928e+05 
1.04921717818503e-01 1.00033114550828e+05 
1.05132352754133e-01 1.00040549555052e+05 
1.05343100821803e-01 1.00049547023047e+05 
1.05553922850070e-01 1.00060315885194e+05 
1.05764589799673e-01 1.00073045685664e+05 
1.05975335094846e-01 1.00087967805872e+05 
1.06186014783435e-01 1.00105304750324e+05 
1.06396754864006e-01 1.00125305949982e+05 
1.06607605467381e-01 1.00148144128351e+05 
1.06818523358578e-01 1.00174032024866e+05 
1.07029271843089e-01 1.00203058179014e+05 
1.07240094419592e-01 1.00235400263728e+05 
1.07450844159849e-01 1.00271139702350e+05 
1.07661652735467e-01 1.00310486400273e+05 
1.07872568803114e-01 1.00353439162995e+05 
1.08083550710237e-01 1.00400070692956e+05 
1.08294365225814e-01 1.00450214644511e+05 
1.08505251982755e-01 1.00503871573942e+05 
1.08716069680369e-01 1.00560887070694e+05 
1.08926939751719e-01 1.00621269012622e+05 
1.09137912863518e-01 1.00684738804500e+05 
1.09348953346989e-01 1.00751179789399e+05 
1.09559849058304e-01 1.00820171170039e+05 
1.09770815946325e-01 1.00891549091191e+05 
1.09981728767444e-01 1.00964849457837e+05 
1.10192679242825e-01 1.01039755313672e+05 
1.10403719041024e-01 1.01115729877578e+05 
1.10614827768977e-01 1.01192465471666e+05 
1.10825819389012e-01 1.01269675375950e+05 
1.11036880324626e-01 1.01346848474536e+05 
1.11247897104011e-01 1.01423520986442e+05 
1.11458940872790e-01 1.01499009255906e+05 
1.11670066774544e-01 1.01572972347144e+05 
1.11881260079120e-01 1.01644515004278e+05 
1.12092344008344e-01 1.01713316531378e+05 
1.12303486864402e-01 1.01778518238189e+05 
1.12514590162340e-01 1.01840288728461e+05 
1.12725714821224e-01 1.01897884293131e+05 
1.12936912689859e-01 1.01949036025439e+05 
1.13148176822197e-01 1.01992722918506e+05 
1.13359335115014e-01 1.02030644886020e+05 
1.13570538429064e-01 1.02067352058397e+05 
1.13781712022466e-01 1.02092492352517e+05 
1.13992908830641e-01 1.02108312881337e+05 
1.14204179600393e-01 1.02115888390397e+05 
1.14415515306233e-01 1.02116303671290e+05 
1.14626737970782e-01 1.02105501471688e+05 
1.14838005569336e-01 1.02094397367133e+05 
1.15049239119048e-01 1.02082944506196e+05 
1.15260498720576e-01 1.02069901977490e+05 
1.15471834391464e-01 1.02054095651311e+05 
1.15683236928252e-01 1.02034828416913e+05 
1.15894534140687e-01 1.02011631636192e+05 
1.16105870805418e-01 1.01983438878451e+05 
1.16317184642075e-01 1.01951100025935e+05 
1.16528522833920e-01 1.01915198907657e+05 
1.16739938672987e-01 1.01875958905747e+05 
1.16951423376016e-01 1.01832922447232e+05 
1.17162808636839e-01 1.01787426112363e+05 
1.17374234307994e-01 1.01739366141292e+05 
1.17585639310651e-01 1.01689393837811e+05 
1.17797069751963e-01 1.01637707765731e+05 
1.18008582681526e-01 1.01584183897837e+05 
1.18220168819221e-01 1.01528556436296e+05 
1.18431662457579e-01 1.01472246418507e+05 
1.18643201436470e-01 1.01414915471759e+05 
1.18854724124820e-01 1.01357490297782e+05 
1.19066275666496e-01 1.01299687864259e+05 
1.19277915270671e-01 1.01241599297839e+05 
1.19489632855322e-01 1.01183495231051e+05 
1.19701264766335e-01 1.01125289445426e+05 
1.19912949038287e-01 1.01066520019872e+05 
1.20124623625339e-01 1.01007686872023e+05 
1.20336329201611e-01 1.00948956430060e+05 
1.20548125867842e-01 1.00890583925800e+05 
1.20760006770736e-01 1.00832502194639e+05 
1.20971814565867e-01 1.00774756585791e+05 
1.21183686235743e-01 1.00717477358019e+05 
1.21395556835501e-01 1.00660627681094e+05 
1.21607462281193e-01 1.00604392319026e+05 
1.21819464708307e-01 1.00548847031741e+05 
1.22031558171345e-01 1.00494160800016e+05 
1.22243586935002e-01 1.00439929346711e+05 
1.22455691388561e-01 1.00386441565299e+05 
1.22667800518029e-01 1.00333415511746e+05 
1.22879949721026e-01 1.00281060918201e+05 
1.23092202731147e-01 1.00229487941569e+05 
1.23304539720383e-01 1.00179128819866e+05 
1.23516801553707e-01 1.00129305259098e+05 
1.23729102172605e-01 1.00080496411943e+05 
1.23941391306088e-01 1.00032313008856e+05 
1.24153680756792e-01 9.99850422773649e+04 
1.24366033936040e-01 9.99388535725269e+04 
1.24578454314339e-01 9.98943324448928e+04 
1.24790812539109e-01 9.98506657971813e+04 
1.25003227787056e-01 9.98083822148927e+04 
1.25215643327865e-01 9.97673103785245e+04 
1.25428055715079e-01 9.97273855635662e+04 
1.25640533698903e-01 9.96888427066518e+04 
1.25853085664282e-01 9.96519369777948e+04 
1.26065605184021e-01 9.96162700511142e+04 
1.26278203104715e-01 9.95821429682891e+04 
1.26490822864508e-01 9.95488873000738e+04 
1.26703428929401e-01 9.95170918633418e+04 
1.26916097324701e-01 9.94866141658285e+04 
1.27128838152947e-01 9.94582251443899e+04 
1.27341540768858e-01 9.94308197111082e+04 
1.27554263906856e-01 9.94049343380270e+04 
1.27766998577004e-01 9.93799531741686e+04 
1.27979725133425e-01 9.93564067195363e+04 
1.28192466667003e-01 9.93344254433451e+04 
1.28405254191170e-01 9.93147253957598e+04 
1.28618014471117e-01 9.92961091028880e+04 
1.28830806276734e-01 9.92789671831547e+04 
1.29043619539257e-01 9.92628664198855e+04 
1.29256399753865e-01 9.92481315905456e+04 
1.29469179603967e-01 9.92344898861925e+04 
1.29682008911439e-01 9.92226008924506e+04 
1.29894839245771e-01 9.92116561498270e+04 
1.30107712024588e-01 9.92021446375937e+04 
1.30320616422798e-01 9.91938356001740e+04 
1.30533474063724e-01 9.91866202993904e+04 
1.30746324269543e-01 9.91805063037406e+04 
1.30959236803708e-01 9.91762756270316e+04 
1.31172166700327e-01 9.91723559513809e+04 
1.31385157045368e-01 9.91695028245396e+04 
1.31598195782057e-01 9.91664737557206e+04 
1.31811059503649e-01 9.91634458821619e+04 
1.32023708936640e-01 9.91619812138210e+04 
1.32236192038303e-01 9.91630519533225e+04 
1.32448630267909e-01 9.91645905902697e+04 
1.32661156531365e-01 9.91667572923218e+04 
1.32873638888833e-01 9.91689966878710e+04 
1.33085964632726e-01 9.91719636487382e+04 
1.33298125522513e-01 9.91752409818193e+04 
1.33510166714311e-01 9.91807604745505e+04 
1.33701368545201e-01 9.91857364271099e+04 
1.33911690559180e-01 9.91921455217271e+04 
1.34123882856012e-01 9.91990875280334e+04 
1.34335974753033e-01 9.92067680597101e+04 
1.34547976627524e-01 9.92150847902496e+04 
1.34759929985301e-01 9.92250295163545e+04 
1.34971995857649e-01 9.92360541889490e+04 
1.35184259221318e-01 9.92485543091758e+04 
1.35396569564611e-01 9.92621553634039e+04 
1.35608836340932e-01 9.92772541248629e+04 
1.35821086258152e-01 9.92935488722425e+04 
1.36033354171214e-01 9.93116863779954e+04 
1.36245801940765e-01 9.93309513803310e+04 
1.36458472869309e-01 9.93513268782988e+04 
1.36671229501486e-01 9.93722705321763e+04 
1.36884013236227e-01 9.93938658392479e+04 
1.37096874618907e-01 9.94157912282568e+04 
1.37309810149466e-01 9.94386950582962e+04 
1.37522853288961e-01 9.94617148535514e+04 
1.37735911548858e-01 9.94847831161894e+04 
1.37949042900984e-01 9.95075435969135e+04 
1.38162076652407e-01 9.95299936185047e+04 
1.38375101997326e-01 9.95517954968810e+04 
1.38588187087308e-01 9.95736097668804e+04 
1.38801401864197e-01 9.95948866863936e+04 
1.39014657053220e-01 9.96151604355843e+04 
1.39227975483906e-01 9.96345359237956e+04 
1.39441261915490e-01 9.96527947220486e+04 
1.39654554157834e-01 9.96697604646878e+04 
1.39867895800183e-01 9.96862804128051e+04 
1.40081218229421e-01 9.97024619140082e+04 
1.40294499742508e-01 9.97176920249915e+04 
1.40507691911185e-01 9.97319851036012e+04 
1.40720889309652e-01 9.97457387527982e+04 
1.40934066071725e-01 9.97583942468568e+04 
1.41147229303768e-01 9.97708690888924e+04 
1.41360289172974e-01 9.97825749553452e+04 
1.41573353862825e-01 9.97936652966292e+04 
1.41786317585595e-01 9.98040816358418e+04 
1.41999404771354e-01 9.98141572194512e+04 
1.42212533853101e-01 9.98237298031019e+04 
1.42425692303267e-01 9.98330835063109e+04 
1.42638671805420e-01 9.98420232636802e+04 
1.42851568078880e-01 9.98504992168816e+04 
1.43064456662093e-01 9.98587987664251e+04 
1.43277486764355e-01 9.98669413444054e+04 
1.43490669704910e-01 9.98748354291525e+04 
1.43703822604069e-01 9.98832815708070e+04 
1.43916733939036e-01 9.98909196607418e+04 
1.44129571149815e-01 9.98979043704055e+04 
1.44342429892602e-01 9.99043105005844e+04 
1.44555526404791e-01 9.99105416283227e+04 
1.44768878191253e-01 9.99161020704270e+04 
1.44982204821466e-01 9.99217834709130e+04 
1.45195243915232e-01 9.99274981700080e+04 
1.45408243911090e-01 9.99329837838932e+04 
1.45621287845612e-01 9.99377797046162e+04 
1.45834470819877e-01 9.99417311467337e+04 
1.46047593791245e-01 9.99445862001544e+04 
1.46260643638959e-01 9.99469552297593e+04 
1.46473592161666e-01 9.99481362759057e+04 
1.46686487600336e-01 9.99483445131915e+04 
1.46899358067872e-01 9.99474445352457e+04 
1.47112327528536e-01 9.99457124218407e+04 
1.47325260385313e-01 9.99431984516877e+04 
1.47538134340047e-01 9.99405878736738e+04 
1.47750923724658e-01 9.99374698901994e+04 
1.47963685002787e-01 9.99337528757872e+04 
1.48176434297844e-01 9.99300748119256e+04 
1.48389304889014e-01 9.99267637684167e+04 
1.48602161653410e-01 9.99236870709307e+04 
1.48814976823408e-01 9.99214801782667e+04 
1.49027726830099e-01 9.99191994175903e+04 
1.49240476110268e-01 9.99167636320013e+04 
1.49453229919077e-01 9.99146676045440e+04 
1.49666126657655e-01 9.99132220785921e+04 
1.49879029093114e-01 9.99122225237862e+04 
1.50091907525700e-01 9.99123656171091e+04 
1.50304747683640e-01 9.99127852408420e+04 
1.50517619355122e-01 9.99133856643607e+04 
1.50730508931264e-01 9.99140628882289e+04 
1.50943510992234e-01 9.99150910160092e+04 
1.51156555154507e-01 9.99160082796380e+04 
1.51369593476156e-01 9.99174141732105e+04 
1.51582537490465e-01 9.99185416542587e+04 
1.51795540421799e-01 9.99195974755021e+04 
1.52008475433394e-01 9.99202596909315e+04 
1.52221534198883e-01 9.99207896318336e+04 
1.52434671033078e-01 9.99209573019953e+04 
1.52647797821369e-01 9.99213889018218e+04 
1.52860857122608e-01 9.99213014194053e+04 
1.53073997016238e-01 9.99209430730679e+04 
1.53287094479901e-01 9.99200939667971e+04 
1.53500320274451e-01 9.99190975041197e+04 
1.53713633693354e-01 9.99178666359935e+04 
1.53926953725920e-01 9.99172275438048e+04 
1.54140235602472e-01 9.99162485330678e+04 
1.54353612741746e-01 9.99153097820465e+04 
1.54566967910769e-01 9.99141711634918e+04 
1.54780455723839e-01 9.99132617278402e+04 
1.54994040233207e-01 9.99125861080370e+04 
1.55207647460969e-01 9.99126525002148e+04 
1.55421235660330e-01 9.99125449346257e+04 
1.55634925156840e-01 9.99126165620615e+04 
1.55848609416723e-01 9.99126799105078e+04 
1.56062424784521e-01 9.99130998349823e+04 
1.56276343050186e-01 9.99136729693734e+04 
1.56490299052233e-01 9.99152041570914e+04 
1.56704266336034e-01 9.99166787123556e+04 
1.56918349350094e-01 9.99183552128315e+04 
1.57132449895667e-01 9.99199083056984e+04 
1.57346675579441e-01 9.99216423258710e+04 
1.57561006507873e-01 9.99233937742825e+04 
1.57775386746678e-01 9.99259788415015e+04 
1.57989803199875e-01 9.99283601826682e+04 
1.58204341288262e-01 9.99308169796296e+04 
1.58418916295216e-01 9.99330460746619e+04 
1.58633609104673e-01 9.99353886563031e+04 
1.58848405716730e-01 9.99376235269466e+04 
1.59063258989771e-01 9.99406131371446e+04 
1.59278171061192e-01 9.99434214844867e+04 
1.59493203760381e-01 9.99462978318329e+04 
1.59708288641904e-01 9.99490214669933e+04 
1.59923470564916e-01 9.99519261080810e+04 
1.60138747706375e-01 9.99547929323733e+04 
1.60354088328339e-01 9.99584489929985e+04 
1.60569518952401e-01 9.99620311023238e+04 
1.60785069144471e-01 9.99657746430983e+04 
1.61000692475985e-01 9.99694706077952e+04 
1.61171072477793e-01 9.99725811795347e+04 
1.61355122635569e-01 9.99759511152828e+04 
1.61533035806419e-01 9.99798037089136e+04 
1.61723085765796e-01 9.99839709878047e+04 
1.61911182548596e-01 9.99883140516517e+04 
1.62074049241652e-01 9.99921587733877e+04 
1.62253202604012e-01 9.99966123614971e+04 
1.62447602794782e-01 1.00001477982790e+05 
1.62615973160060e-01 1.00006245742269e+05 
1.62798981381778e-01 1.00011565324372e+05 
1.62973301838407e-01 1.00016901168726e+05 
1.63149369377894e-01 1.00022252265934e+05 
1.63332144770023e-01 1.00027967208615e+05 
1.63505059871399e-01 1.00033977940385e+05 
1.63686174938245e-01 1.00041205937451e+05 
1.63850663685737e-01 1.00047982420015e+05 
1.64030555343725e-01 1.00055708194808e+05 
1.64217836627822e-01 1.00064163110876e+05 
1.64385175344953e-01 1.00071783115363e+05 
1.64569247933798e-01 1.00079975189765e+05 
1.64750702522647e-01 1.00088354236438e+05 
1.64914396627988e-01 1.00095592260897e+05 
1.65090170962790e-01 1.00103300741717e+05 
1.65265439194615e-01 1.00110877583808e+05 
1.65446975389625e-01 1.00118654695765e+05 
1.65614005088250e-01 1.00125448645637e+05 
1.65796511516965e-01 1.00133234193230e+05 
1.65960098413489e-01 1.00140179125242e+05 
1.66139501696254e-01 1.00147761102827e+05 
1.66307502525183e-01 1.00154756004708e+05 
1.66485901542687e-01 1.00162147125353e+05 
1.66670041703272e-01 1.00169484402823e+05 
1.66851275826490e-01 1.00177004899277e+05 
1.67029581351041e-01 1.00184091980645e+05 
1.67194677256737e-01 1.00190504315798e+05 
1.67370305301245e-01 1.00197104275273e+05 
1.67540625850052e-01 1.00203412112631e+05 
1.67711061002668e-01 1.00209437598485e+05 
1.67884837746210e-01 1.00215830460197e+05 
1.68050264365399e-01 1.00221694457955e+05 
1.68223365777235e-01 1.00227710852585e+05 
1.68383364324825e-01 1.00233097283127e+05 
1.68558808322596e-01 1.00238890700454e+05 
1.68735203236726e-01 1.00244456665673e+05 
1.68918017297280e-01 1.00250558625390e+05 
1.69089763498789e-01 1.00256115827801e+05 
1.69270799292530e-01 1.00261929928452e+05 
1.69440418207398e-01 1.00267260738949e+05 
1.69626101590705e-01 1.00273074331695e+05 
1.69819681757791e-01 1.00278954251311e+05 
1.70009166927878e-01 1.00285260488184e+05 
1.70187123848823e-01 1.00291185343345e+05 
1.70378778440218e-01 1.00297746840161e+05 
1.70578592586838e-01 1.00304717346922e+05 
1.70783628669759e-01 1.00312240438190e+05 
1.70981585404183e-01 1.00319735890911e+05 
1.71185535421534e-01 1.00328558492911e+05 
1.71380063741066e-01 1.00337495361728e+05 
1.71582943024986e-01 1.00347564371395e+05 
1.71780946804663e-01 1.00358135253755e+05 
1.71986930907923e-01 1.00370200504328e+05 
1.72197768866170e-01 1.00383689417504e+05 
1.72404203915669e-01 1.00398663761491e+05 
1.72606735946544e-01 1.00414753342884e+05 
1.72817526950280e-01 1.00433224683568e+05 
1.73021948363538e-01 1.00452586093348e+05 
1.73235429516157e-01 1.00474833652628e+05 
1.73453860692490e-01 1.00499306858716e+05 
1.73668181906860e-01 1.00526526765966e+05 
1.73887495547215e-01 1.00556654212295e+05 
1.74106898410568e-01 1.00589070388426e+05 
1.74326402474934e-01 1.00624609774973e+05 
1.74545927474505e-01 1.00661994491944e+05 
1.74765442176925e-01 1.00702288688254e+05 
1.74984994207238e-01 1.00745554439091e+05 
1.75204637497434e-01 1.00790743122563e+05 
1.75424364042819e-01 1.00837838517096e+05 
1.75644178501555e-01 1.00886554876732e+05 
1.75864009969060e-01 1.00936502718686e+05 
1.76083831365749e-01 1.00987162789863e+05 
1.76303688209408e-01 1.01039219057460e+05 
1.76523629038060e-01 1.01091644581625e+05 
1.76743644295853e-01 1.01143864632622e+05 
1.76963741458313e-01 1.01195489760015e+05 
1.77183859734043e-01 1.01245854689954e+05 
1.77403971257164e-01 1.01294403186996e+05 
1.77624116545318e-01 1.01341327506970e+05 
1.77844338048783e-01 1.01386141759911e+05 
1.78064626235437e-01 1.01427577590680e+05 
1.78284987612566e-01 1.01465565246047e+05 
1.78505365889005e-01 1.01499238525614e+05 
1.78725730066700e-01 1.01527366629789e+05 
1.78946114998813e-01 1.01549805150627e+05 
1.79166562679694e-01 1.01568179292292e+05 
1.79387067032542e-01 1.01579436964907e+05 
1.79607633652147e-01 1.01584637408924e+05 
1.79828215001603e-01 1.01586689510314e+05 
1.80048780427286e-01 1.01582726920834e+05 
1.80269359373188e-01 1.01574998062776e+05 
1.80489992057823e-01 1.01560927159503e+05 
1.80710674446525e-01 1.01544471575082e+05 
1.80931410557461e-01 1.01526660853377e+05 
1.81152155793753e-01 1.01506698098886e+05 
1.81372880822133e-01 1.01483360101435e+05 
1.81593610283915e-01 1.01457434007121e+05 
1.81814387711744e-01 1.01428249293798e+05 
1.82035213108840e-01 1.01396542294606e+05 
1.82256086491719e-01 1.01361806670851e+05 
1.82476961211482e-01 1.01324129869359e+05 
1.82697809881428e-01 1.01283874081545e+05 
1.82918653050535e-01 1.01242291410839e+05 
1.83139540523875e-01 1.01198686967466e+05 
1.83360476862988e-01 1.01153517804731e+05 
1.83581455751105e-01 1.01106678977468e+05 
1.83802426535545e-01 1.01058691742831e+05 
1.84023364057554e-01 1.01009876378853e+05 
1.84244285695817e-01 1.00961126162786e+05 
1.84465248198280e-01 1.00911456394589e+05 
1.84686259684127e-01 1.00861675475249e+05 
1.84907302647440e-01 1.00811475588577e+05 
1.85128326915327e-01 1.00761303834928e+05 
1.85349304821211e-01 1.00711328781244e+05 
1.85570268432062e-01 1.00662873129543e+05 
1.85791267440468e-01 1.00614400899473e+05 
1.86012297471213e-01 1.00566683057529e+05 
1.86233319870888e-01 1.00519068329363e+05 
1.86454262772083e-01 1.00472152472109e+05 
1.86675170290062e-01 1.00426085129803e+05 
1.86896030618209e-01 1.00382292044991e+05 
1.87116927859147e-01 1.00338892573949e+05 
1.87337842301890e-01 1.00296704362508e+05 
1.87558744340345e-01 1.00254882821354e+05 
1.87779558928355e-01 1.00214067071983e+05 
1.88000338653621e-01 1.00174139950649e+05 
1.88221066730560e-01 1.00136522399183e+05 
1.88441837182770e-01 1.00099159652524e+05 
1.88662624948796e-01 1.00062848294844e+05 
1.88883400399881e-01 1.00026707042916e+05 
1.89104087011303e-01 9.99914214722224e+04 
1.89324740150889e-01 9.99567840921858e+04 
1.89545338401402e-01 9.99244009771291e+04 
1.89765979156211e-01 9.98921393535821e+04 
1.89986639490455e-01 9.98606978887264e+04 
1.90207288751711e-01 9.98294089276640e+04 
1.90427851285205e-01 9.97987282992745e+04 
1.90648383318515e-01 9.97686053449759e+04 
1.90868860696637e-01 9.97403167552039e+04 
1.91089364807994e-01 9.97120334049763e+04 
1.91309903725891e-01 9.96843080378186e+04 
1.91530417845539e-01 9.96568051832937e+04 
1.91750859324731e-01 9.96297132038077e+04 
1.91971271423389e-01 9.96028165736093e+04 
1.92191627321924e-01 9.95773703271582e+04 
1.92412000702980e-01 9.95518253623174e+04 
1.92632403976954e-01 9.95268020169509e+04 
1.92852780356524e-01 9.95011344242037e+04 
1.93073102823549e-01 9.94761990688022e+04 
1.93293352062615e-01 9.94514649430137e+04 
1.93513568643876e-01 9.94289452780239e+04 
1.93733768361825e-01 9.94064457551281e+04 
1.93953951658712e-01 9.93841943005160e+04 
1.94174102435912e-01 9.93620320662298e+04 
1.94394201936015e-01 9.93411937788567e+04 
1.94614223078991e-01 9.93207942064177e+04 
1.94834210595357e-01 9.93025938047463e+04 
1.95054179419769e-01 9.92848914898540e+04 
1.95274127296337e-01 9.92678470243966e+04 
1.95494045262906e-01 9.92511436769828e+04 
1.95713913852226e-01 9.92357405286694e+04 
1.95933705533569e-01 9.92209040196780e+04 
1.96153466307174e-01 9.92081131883900e+04 
1.96373209633256e-01 9.91957119967652e+04 
1.96592931259031e-01 9.91837058407378e+04 
1.96812627290365e-01 9.91717636057855e+04 
1.97032277917637e-01 9.91607867367579e+04 
1.97251856170824e-01 9.91499249559080e+04 
1.97471408901782e-01 9.91404493502850e+04 
1.97690945493137e-01 9.91311504804058e+04 
1.97910460244380e-01 9.91220276820753e+04 
1.98129954962320e-01 9.91118990127874e+04 
1.98349409167353e-01 9.91030843094940e+04 
1.98568796455912e-01 9.90947112560044e+04 
1.98788163990623e-01 9.90878689871226e+04 
1.99007516961031e-01 9.90811522125007e+04 
1.99226847679965e-01 9.90748479720882e+04 
1.99446164158674e-01 9.90682212179175e+04 
1.99665445353993e-01 9.90624824710471e+04 
1.99884665422383e-01 9.90570015702476e+04 
2.00103871975091e-01 9.90530404062608e+04 
