# Liste des scalaires : TEMPS pmat 
0.00000000000000e+00 1.00000000000000e+05 
7.22956891292051e-05 1.00000000000000e+05 
1.32739328744678e-04 1.00000000000000e+05 
1.87896869698220e-04 1.00000000000000e+05 
2.45287120676419e-04 1.00000000000000e+05 
3.04149001642174e-04 1.00000000000000e+05 
3.60690552544257e-04 1.00000000000000e+05 
4.18991688162987e-04 1.00000000000000e+05 
4.78397507894988e-04 1.00000000000000e+05 
5.39601115877492e-04 1.00000000000000e+05 
6.00746394131119e-04 1.00000000000000e+05 
6.62837148504237e-04 1.00000000000000e+05 
7.24980997981611e-04 1.00000000000000e+05 
7.90417904593271e-04 1.00000000000000e+05 
8.55610164341814e-04 1.00000000000000e+05 
9.21774469113659e-04 1.00000000000000e+05 
9.89690197770576e-04 1.00000000000000e+05 
1.05994084328365e-03 1.00000000000000e+05 
1.13211035792902e-03 1.00000000000000e+05 
1.20599030402866e-03 1.00000000000000e+05 
1.28112281566391e-03 1.00000000000000e+05 
1.35813941911797e-03 1.00000000000000e+05 
1.43622139423728e-03 1.00000000000000e+05 
1.51612161424525e-03 1.00000000000000e+05 
1.59859038850795e-03 1.00000000000000e+05 
1.68318640825305e-03 1.00000000000000e+05 
1.76929107571032e-03 1.00000000000000e+05 
1.85766516238183e-03 1.00000000000000e+05 
1.94821584575785e-03 1.00000000000000e+05 
2.04088647074404e-03 1.00000000000000e+05 
2.13475140985833e-03 1.00000000000000e+05 
2.23030903706816e-03 1.00000000000000e+05 
2.32745737493474e-03 1.00000000000000e+05 
2.42632601715368e-03 1.00000000000000e+05 
2.52719619032321e-03 1.00000000000000e+05 
2.63039265153437e-03 1.00000000000000e+05 
2.73583297783578e-03 1.00000000000000e+05 
2.84305413819849e-03 1.00000000000000e+05 
2.95227442993644e-03 1.00000000000000e+05 
3.06371419023029e-03 1.00000000000000e+05 
3.17617418481827e-03 1.00000000000000e+05 
3.29063117716771e-03 1.00000000000000e+05 
3.40717959459568e-03 1.00000000000000e+05 
3.52570319126853e-03 1.00000000000000e+05 
3.64554199565642e-03 1.00000000000000e+05 
3.76536799184230e-03 1.00000000000000e+05 
3.88721823246092e-03 1.00000000000000e+05 
4.01135943084341e-03 1.00000000000000e+05 
4.13775718182272e-03 1.00000000000000e+05 
4.26630991144235e-03 1.00000000000000e+05 
4.39546786562764e-03 1.00000000000000e+05 
4.52648499946771e-03 1.00000000000000e+05 
4.65949019342815e-03 1.00000000000000e+05 
4.79465538013175e-03 1.00000000000000e+05 
4.92996248143888e-03 1.00000000000000e+05 
5.06684108083707e-03 1.00000000000000e+05 
5.20520375419948e-03 1.00000000000000e+05 
5.34420363761699e-03 1.00000000000000e+05 
5.48373639668212e-03 1.00000000000000e+05 
5.62362905356332e-03 1.00000000000000e+05 
5.76430176907682e-03 1.00000000000000e+05 
5.90593745849753e-03 1.00000000000000e+05 
6.04856467446434e-03 1.00000000000000e+05 
6.19248041540577e-03 1.00000000000000e+05 
6.33743524716515e-03 1.00000000000000e+05 
6.48357578288572e-03 1.00000000000000e+05 
6.63091514011325e-03 1.00000000000000e+05 
6.77910280986865e-03 1.00000000000000e+05 
6.92471399349112e-03 1.00000000000000e+05 
7.07162281351707e-03 1.00000000000000e+05 
7.21744583093827e-03 1.00000000000000e+05 
7.36465094568560e-03 1.00000000000000e+05 
7.51321008734705e-03 1.00000000000000e+05 
7.66190035683162e-03 1.00000000000000e+05 
7.81044411379860e-03 1.00000000000000e+05 
7.95797878285542e-03 1.00000000000000e+05 
8.10444602559926e-03 1.00000000000000e+05 
8.25214606290718e-03 1.00000000000000e+05 
8.40610701591033e-03 1.00000000000000e+05 
8.55919866637160e-03 1.00000000000000e+05 
8.70547942420711e-03 1.00000000000000e+05 
8.85319753297364e-03 1.00000000000000e+05 
8.99988519682918e-03 1.00000000000000e+05 
9.14856834874780e-03 1.00000000000000e+05 
9.29976491210763e-03 1.00000000000000e+05 
9.45084403541660e-03 1.00000000000000e+05 
9.59872625411796e-03 1.00000000000000e+05 
9.74847478715847e-03 1.00000000000000e+05 
9.89712935537863e-03 1.00000000000000e+05 
1.00503856844219e-02 1.00000000000000e+05 
1.02037660735648e-02 1.00000000000000e+05 
1.03573306548408e-02 1.00000000000000e+05 
1.05073399834001e-02 1.00000000000000e+05 
1.06613220161684e-02 1.00000000000000e+05 
1.08118863380563e-02 1.00000000000000e+05 
1.09680856749633e-02 1.00000000000000e+05 
1.11240530769066e-02 1.00000000000000e+05 
1.12802746893794e-02 1.00000000000000e+05 
1.14324373784238e-02 1.00000000000000e+05 
1.15886461668200e-02 1.00000000000000e+05 
1.17420523915889e-02 1.00000000000000e+05 
1.18966966717627e-02 1.00000000000000e+05 
1.20510403424151e-02 1.00000000000000e+05 
1.22053332470393e-02 1.00000000000000e+05 
1.23595785291187e-02 1.00000000000000e+05 
1.25138851607403e-02 1.00000000000000e+05 
1.26682919000054e-02 1.00000000000000e+05 
1.28228481229686e-02 1.00000000000000e+05 
1.29774999578659e-02 1.00000000000000e+05 
1.31322192087608e-02 1.00000000000000e+05 
1.32869400533844e-02 1.00000000000000e+05 
1.34417983761793e-02 1.00000000000000e+05 
1.35966606407276e-02 1.00000000000000e+05 
1.37516257015901e-02 1.00000000000000e+05 
1.39067420540496e-02 1.00000000000000e+05 
1.40621337503256e-02 1.00000000000000e+05 
1.42177555918753e-02 1.00000000000000e+05 
1.43737368878695e-02 1.00000000000000e+05 
1.45299622569057e-02 1.00000000000000e+05 
1.46866840884340e-02 1.00000000000000e+05 
1.48439662301547e-02 1.00000000000000e+05 
1.50018119510415e-02 1.00000000000000e+05 
1.51596516806559e-02 1.00000000000000e+05 
1.53176533532855e-02 1.00000000000000e+05 
1.54757612001720e-02 1.00000000000000e+05 
1.56340642253307e-02 1.00000000000000e+05 
1.57925623530314e-02 1.00000000000000e+05 
1.59509361299022e-02 1.00000000000000e+05 
1.61063232182826e-02 1.00000000000000e+05 
1.62643225510499e-02 1.00000000000000e+05 
1.64216857007232e-02 1.00000000000000e+05 
1.65796589959665e-02 1.00000000000000e+05 
1.67377116488530e-02 1.00000000000000e+05 
1.68958351132023e-02 1.00000000000000e+05 
1.70540091681636e-02 1.00000000000000e+05 
1.72123525168103e-02 1.00000000000000e+05 
1.73706884644250e-02 1.00000000000000e+05 
1.75290879832693e-02 1.00000000000000e+05 
1.76876127399205e-02 1.00000000000000e+05 
1.78462201380829e-02 1.00000000000000e+05 
1.80048696263742e-02 1.00000000000000e+05 
1.81636615294814e-02 1.00000000000000e+05 
1.83189670388279e-02 1.00000000000000e+05 
1.84779912102556e-02 1.00000000000000e+05 
1.86372019944924e-02 1.00000000000000e+05 
1.87965884704579e-02 1.00000000000000e+05 
1.89554540418207e-02 1.00000000000000e+05 
1.91152083499382e-02 1.00000000000000e+05 
1.92751255395816e-02 1.00000000000000e+05 
1.94352004247315e-02 1.00000000000000e+05 
1.95953593185727e-02 1.00000000000000e+05 
1.97554691274189e-02 1.00000000000000e+05 
1.99155487950752e-02 1.00000000000000e+05 
2.00756888873731e-02 1.00000000000000e+05 
2.02358847905474e-02 1.00000000000000e+05 
2.03960870287936e-02 1.00000000000000e+05 
2.05563334461057e-02 1.00000000000000e+05 
2.07166168696215e-02 1.00000000000000e+05 
2.08769019634892e-02 1.00000000000000e+05 
2.10373453594864e-02 1.00000000000000e+05 
2.11978824503262e-02 1.00000000000000e+05 
2.13585592876624e-02 1.00000000000000e+05 
2.15194282722260e-02 1.00000000000000e+05 
2.16805843187616e-02 1.00000000000000e+05 
2.18420587907270e-02 1.00000000000000e+05 
2.20014158151476e-02 1.00000000000000e+05 
2.21638173617555e-02 1.00000000000000e+05 
2.23253037118669e-02 1.00000000000000e+05 
2.24888045958042e-02 1.00000000000000e+05 
2.26525921427323e-02 1.00000000000000e+05 
2.28133810662939e-02 1.00000000000000e+05 
2.29777864663042e-02 1.00000000000000e+05 
2.31397126576837e-02 1.00000000000000e+05 
2.33053641204783e-02 1.00000000000000e+05 
2.34711723949666e-02 1.00000000000000e+05 
2.36367086658579e-02 1.00000000000000e+05 
2.37947588227196e-02 1.00000000000000e+05 
2.39562169785375e-02 1.00000000000000e+05 
2.41170758294403e-02 1.00000000000000e+05 
2.42782245059893e-02 1.00000000000000e+05 
2.44393870083765e-02 1.00000000000000e+05 
2.46005127270733e-02 1.00000000000000e+05 
2.47616309862052e-02 1.00000000000000e+05 
2.49228781244497e-02 1.00000000000000e+05 
2.50840632690301e-02 1.00000000000000e+05 
2.52452507099872e-02 1.00000000000000e+05 
2.54065952280012e-02 1.00000000000000e+05 
2.55680375728290e-02 1.00000000000000e+05 
2.57295642405446e-02 1.00000000000000e+05 
2.58912458334524e-02 1.00000000000000e+05 
2.60529657130971e-02 1.00000000000000e+05 
2.62146899803668e-02 1.00000000000000e+05 
2.63765411267599e-02 1.00000000000000e+05 
2.65384369498135e-02 1.00000000000000e+05 
2.67003615544023e-02 1.00000000000000e+05 
2.68624152596071e-02 1.00000000000000e+05 
2.70243403111595e-02 1.00000000000000e+05 
2.71861963806823e-02 1.00000000000000e+05 
2.73480477340068e-02 1.00000000000000e+05 
2.75099600801737e-02 1.00000000000000e+05 
2.76718696010462e-02 1.00000000000000e+05 
2.78338324447781e-02 1.00000000000000e+05 
2.79958158967989e-02 1.00000000000000e+05 
2.81577681435344e-02 1.00000000000000e+05 
2.83196898590158e-02 1.00000000000000e+05 
2.84816056457141e-02 1.00000000000000e+05 
2.86434364488991e-02 1.00000000000000e+05 
2.88052684964330e-02 1.00000000000000e+05 
2.89646338033478e-02 1.00000000000000e+05 
2.91244953773956e-02 1.00000000000000e+05 
2.92847481369219e-02 1.00000000000000e+05 
2.94453913507224e-02 1.00000000000000e+05 
2.96063712348502e-02 1.00000000000000e+05 
2.97676855940367e-02 1.00000000000000e+05 
2.99293919205550e-02 1.00000000000000e+05 
3.00915729582952e-02 1.00000000000000e+05 
3.02543271469482e-02 1.00000000000000e+05 
3.04178926278909e-02 1.00000000000000e+05 
3.05824182757577e-02 1.00000000000000e+05 
3.07478623165474e-02 1.00000000000000e+05 
3.09133632539950e-02 1.00000000000000e+05 
3.10788766534605e-02 1.00000000000000e+05 
3.12443299519695e-02 1.00000000000000e+05 
3.14095869308545e-02 1.00000000000000e+05 
3.15747539347418e-02 1.00000000000000e+05 
3.17398346659358e-02 1.00000000000000e+05 
3.19047621721727e-02 1.00000000000000e+05 
3.20696387557615e-02 1.00000000000000e+05 
3.22345927148899e-02 1.00000000000000e+05 
3.23997085890239e-02 1.00000000000000e+05 
3.25649945629000e-02 1.00000000000000e+05 
3.27305495763404e-02 1.00000000000000e+05 
3.28962916023105e-02 1.00000000000000e+05 
3.30620820528537e-02 1.00000000000000e+05 
3.32279825633368e-02 1.00000000000000e+05 
3.33940144530375e-02 1.00000000000000e+05 
3.35600927439657e-02 1.00000000000000e+05 
3.37262800196253e-02 1.00000000000000e+05 
3.38911896192512e-02 1.00000000000000e+05 
3.40567109734594e-02 1.00000000000000e+05 
3.42226672410665e-02 1.00000000000000e+05 
3.43870765113015e-02 1.00000000000000e+05 
3.45521337002319e-02 1.00000000000000e+05 
3.47178451346553e-02 1.00000000000000e+05 
3.48816738986102e-02 1.00000000000000e+05 
3.50465448837578e-02 1.00000000000000e+05 
3.52124614263834e-02 1.00000000000000e+05 
3.53787781180096e-02 1.00000000000000e+05 
3.55449908877430e-02 1.00000000000000e+05 
3.57111491895157e-02 1.00000000000000e+05 
3.58752113357165e-02 1.00000000000000e+05 
3.60397506927905e-02 1.00000000000000e+05 
3.62046696989100e-02 1.00000000000000e+05 
3.63699551633010e-02 1.00000000000000e+05 
3.65355953423084e-02 1.00000000000000e+05 
3.67016370680020e-02 1.00000000000000e+05 
3.68683038281512e-02 1.00000000000000e+05 
3.70355966441159e-02 1.00000000000000e+05 
3.72035339656383e-02 1.00000000000000e+05 
3.73723069096883e-02 1.00000000000000e+05 
3.75419171821590e-02 1.00000000000000e+05 
3.77124901363801e-02 1.00000000000000e+05 
3.78841222276094e-02 1.00000000000000e+05 
3.80567385143614e-02 1.00000000000000e+05 
3.82306397293537e-02 1.00000000000000e+05 
3.84046934744346e-02 1.00000000000000e+05 
3.85783890739190e-02 1.00000000000000e+05 
3.87518485674916e-02 1.00000000000000e+05 
3.89248606251528e-02 1.00000000000000e+05 
3.90982706154407e-02 1.00000000000000e+05 
3.92721706263476e-02 1.00000000000000e+05 
3.94460729439259e-02 1.00000000000000e+05 
3.96198627612410e-02 1.00000000000000e+05 
3.97937068571412e-02 1.00000000000000e+05 
3.99676937535076e-02 1.00000000000000e+05 
4.01416876326985e-02 1.00000000000000e+05 
4.03157748528106e-02 1.00000000000000e+05 
4.04900183926171e-02 1.00000000000000e+05 
4.06644046515134e-02 1.00000000000000e+05 
4.08389847102122e-02 1.00000000000000e+05 
4.10137290097389e-02 1.00000000000000e+05 
4.11885134007784e-02 1.00000000000000e+05 
4.13632866357103e-02 1.00000000000000e+05 
4.15382036640197e-02 1.00000000000000e+05 
4.17131800878882e-02 1.00000000000000e+05 
4.18882900399416e-02 1.00000000000000e+05 
4.20634502676129e-02 1.00000000000000e+05 
4.22386016359864e-02 1.00000000000000e+05 
4.24137058639049e-02 1.00000000000000e+05 
4.25887792278936e-02 1.00000000000000e+05 
4.27637484501553e-02 1.00000000000000e+05 
4.29385985478359e-02 1.00000000000000e+05 
4.31134089082192e-02 1.00000000000000e+05 
4.32882114794180e-02 1.00000000000000e+05 
4.34629234647655e-02 1.00000000000000e+05 
4.36376441024189e-02 1.00000000000000e+05 
4.38122840388014e-02 1.00000000000000e+05 
4.39868752847256e-02 1.00000000000000e+05 
4.41615868424049e-02 1.00000000000000e+05 
4.43364677166687e-02 1.00000000000000e+05 
4.45114563323918e-02 1.00000000000000e+05 
4.46867146392103e-02 1.00000000000000e+05 
4.48622015735432e-02 1.00000000000000e+05 
4.50383112043254e-02 1.00000000000000e+05 
4.52152018631079e-02 1.00000000000000e+05 
4.53929851194307e-02 1.00000000000000e+05 
4.55717192212686e-02 1.00000000000000e+05 
4.57515001981429e-02 1.00000000000000e+05 
4.59315415322446e-02 1.00000000000000e+05 
4.61117384831412e-02 1.00000000000000e+05 
4.62921055157479e-02 1.00000000000000e+05 
4.64724650349811e-02 1.00000000000000e+05 
4.66528240596648e-02 1.00000000000000e+05 
4.68331460380476e-02 1.00000000000000e+05 
4.70134513680637e-02 1.00000000000000e+05 
4.71937054884016e-02 1.00000000000000e+05 
4.73740250654116e-02 1.00000000000000e+05 
4.75545642002719e-02 1.00000000000000e+05 
4.77351983236223e-02 1.00000000000000e+05 
4.79158696612127e-02 1.00000000000000e+05 
4.80965550868959e-02 1.00000000000000e+05 
4.82772207762466e-02 1.00000000000000e+05 
4.84557710473349e-02 1.00000000000000e+05 
4.86347069641463e-02 1.00000000000000e+05 
4.88140261488493e-02 1.00000000000000e+05 
4.89937004898074e-02 1.00000000000000e+05 
4.91738553736127e-02 1.00000000000000e+05 
4.93543256745549e-02 1.00000000000000e+05 
4.95348468138360e-02 1.00000000000000e+05 
4.97154244861677e-02 1.00000000000000e+05 
4.98960810196807e-02 1.00000000000000e+05 
5.00768772353186e-02 1.00000000000000e+05 
5.02576963769416e-02 1.00000000000000e+05 
5.04385862245086e-02 1.00000000000000e+05 
5.06196684746112e-02 1.00000000000000e+05 
5.08009038638874e-02 1.00000000000000e+05 
5.09824920145913e-02 1.00000000000000e+05 
5.11646665830212e-02 1.00000000000000e+05 
5.13474878913788e-02 1.00000000000000e+05 
5.15310597275362e-02 1.00000000000000e+05 
5.17154900005851e-02 1.00000000000000e+05 
5.19007811011907e-02 1.00000000000000e+05 
5.20869540483598e-02 1.00000000000000e+05 
5.22737441270824e-02 1.00000000000000e+05 
5.24605074510226e-02 1.00000000000000e+05 
5.26473157632713e-02 1.00000000000000e+05 
5.28342111322165e-02 1.00000000000000e+05 
5.30210461850147e-02 1.00000000000000e+05 
5.32078384967749e-02 1.00000000000000e+05 
5.33947332152662e-02 1.00000000000000e+05 
5.35817337375357e-02 1.00000000000000e+05 
5.37688887336811e-02 1.00000000000000e+05 
5.39563735973187e-02 1.00000000000000e+05 
5.41444022573735e-02 1.00000000000000e+05 
5.43331262216591e-02 1.00000000000000e+05 
5.45225532239751e-02 1.00000000000000e+05 
5.47127441430774e-02 1.00000000000000e+05 
5.49037229227209e-02 1.00000000000000e+05 
5.50954396407218e-02 1.00000000000000e+05 
5.52877231549687e-02 1.00000000000000e+05 
5.54806077143419e-02 1.00000000000000e+05 
5.56743573942143e-02 1.00000000000000e+05 
5.58691689492526e-02 1.00000000000000e+05 
5.60652935688645e-02 1.00000000000000e+05 
5.62620424634027e-02 1.00000000000000e+05 
5.64586402394877e-02 1.00000000000000e+05 
5.66550927537393e-02 1.00000000000000e+05 
5.68511557444640e-02 1.00000000000000e+05 
5.70432723633240e-02 1.00000000000000e+05 
5.72357234655768e-02 1.00000000000000e+05 
5.74285704041007e-02 1.00000000000000e+05 
5.76218814889231e-02 1.00000000000000e+05 
5.78156231950760e-02 1.00000000000000e+05 
5.80097636417920e-02 1.00000000000000e+05 
5.82041125889790e-02 1.00000000000000e+05 
5.83986761441824e-02 1.00000000000000e+05 
5.85932739339741e-02 1.00000000000000e+05 
5.87878655609621e-02 1.00000000000000e+05 
5.89826125950440e-02 1.00000000000000e+05 
5.91775125358802e-02 1.00000000000000e+05 
5.93725390965166e-02 1.00000000000000e+05 
5.95678638903517e-02 1.00000000000000e+05 
5.97635002910212e-02 1.00000000000000e+05 
5.99596017738261e-02 1.00000000000000e+05 
6.01562198294701e-02 1.00000000000000e+05 
6.03532796465475e-02 1.00000000000000e+05 
6.05507623354137e-02 1.00000000000000e+05 
6.07486818800359e-02 1.00000000000000e+05 
6.09469742350847e-02 1.00000000000000e+05 
6.11455387940890e-02 1.00000000000000e+05 
6.13442855821104e-02 1.00000000000000e+05 
6.15433263128104e-02 1.00000000000000e+05 
6.17425850649242e-02 1.00000000000000e+05 
6.19420628534055e-02 1.00000000000000e+05 
6.21418925279447e-02 1.00000000000000e+05 
6.23420334021877e-02 1.00000000000000e+05 
6.25424950622861e-02 1.00000000000000e+05 
6.27434102837998e-02 1.00000000000000e+05 
6.29448336424255e-02 1.00000000000000e+05 
6.31468542516359e-02 1.00000000000000e+05 
6.33497324155963e-02 1.00000000000000e+05 
6.35535343295579e-02 1.00000000000000e+05 
6.37581879572042e-02 1.00000000000000e+05 
6.39627661730284e-02 1.00000000000000e+05 
6.41672235533741e-02 1.00000000000000e+05 
6.43716627611946e-02 1.00000000000000e+05 
6.45760739869116e-02 1.00000000000000e+05 
6.47801448186575e-02 1.00000000000000e+05 
6.49838297313425e-02 1.00000000000000e+05 
6.51810110897825e-02 1.00000000000000e+05 
6.53783372705607e-02 1.00000000000000e+05 
6.55760626537308e-02 1.00000000000000e+05 
6.57741800205650e-02 1.00000000000000e+05 
6.59726994301207e-02 1.00000000000000e+05 
6.61715511532390e-02 1.00000000000000e+05 
6.63706795847009e-02 1.00000000000000e+05 
6.65698962552360e-02 1.00000000000000e+05 
6.67692151143683e-02 1.00000000000000e+05 
6.69684701312204e-02 1.00000000000000e+05 
6.71676418274517e-02 1.00000000000000e+05 
6.73669067911943e-02 1.00000000000000e+05 
6.75662982299427e-02 1.00000000000000e+05 
6.77657719450325e-02 1.00000000000000e+05 
6.79655278401516e-02 1.00000000000000e+05 
6.81655005445885e-02 1.00000000000000e+05 
6.83658122610692e-02 1.00000000000000e+05 
6.85665934039318e-02 1.00000000000000e+05 
6.87677888233046e-02 1.00000000000000e+05 
6.89694448583393e-02 1.00000000000000e+05 
6.91717270885371e-02 1.00000000000000e+05 
6.93748152747087e-02 1.00000000000000e+05 
6.95789016355799e-02 1.00000000000000e+05 
6.97841581793782e-02 1.00000000000000e+05 
6.99906483236253e-02 1.00000000000000e+05 
7.01987215467769e-02 1.00000000000000e+05 
7.04077283140420e-02 1.00000000000000e+05 
7.06173833260649e-02 1.00000000000000e+05 
7.08272529258582e-02 1.00000000000000e+05 
7.10371767831266e-02 1.00000000000000e+05 
7.12471676980948e-02 1.00000000000000e+05 
7.14542753403508e-02 1.00000000000000e+05 
7.16642955946597e-02 1.00000000000000e+05 
7.18743377744455e-02 1.00000000000000e+05 
7.20844381841808e-02 1.00000000000000e+05 
7.22945903626111e-02 1.00000000000000e+05 
7.25047701295160e-02 1.00000000000000e+05 
7.27149464811520e-02 1.00000000000000e+05 
7.29251428619646e-02 1.00000000000000e+05 
7.31353401993572e-02 1.00000000000000e+05 
7.33455419379066e-02 1.00000000000000e+05 
7.35473950298370e-02 1.00000000000000e+05 
7.37495801744752e-02 1.00000000000000e+05 
7.39520057089151e-02 1.00000000000000e+05 
7.41548317760252e-02 1.00000000000000e+05 
7.43579361129382e-02 1.00000000000000e+05 
7.45612935945928e-02 1.00000000000000e+05 
7.47648135582734e-02 1.00000000000000e+05 
7.49685048855962e-02 1.00000000000000e+05 
7.51722406098314e-02 1.00000000000000e+05 
7.53761338412479e-02 1.00000000000000e+05 
7.55799813246740e-02 1.00000000000000e+05 
7.57838211422664e-02 1.00000000000000e+05 
7.59877975188575e-02 1.00000000000000e+05 
7.61918346342065e-02 1.00000000000000e+05 
7.63959601740291e-02 1.00000000000000e+05 
7.66003539685816e-02 1.00000000000000e+05 
7.68049799308606e-02 1.00000000000000e+05 
7.70099559029269e-02 1.00000000000000e+05 
7.72154240583302e-02 1.00000000000000e+05 
7.74213588402954e-02 1.00000000000000e+05 
7.76277832751295e-02 1.00000000000000e+05 
7.78348612071329e-02 1.00000000000000e+05 
7.80427275202590e-02 1.00000000000000e+05 
7.82515890181898e-02 1.00000000000000e+05 
7.84615983419686e-02 1.00000000000000e+05 
7.86719184864247e-02 1.00000000000000e+05 
7.88822310131579e-02 1.00000000000000e+05 
7.90925554378989e-02 1.00000000000000e+05 
7.93028722856463e-02 1.00000000000000e+05 
7.95131906889918e-02 1.00000000000000e+05 
7.97235218671049e-02 1.00000000000000e+05 
7.99338629028823e-02 1.00000000000000e+05 
8.01441942444477e-02 1.00000000000000e+05 
8.03545348326187e-02 1.00000000000001e+05 
8.05648645994888e-02 1.00000000000001e+05 
8.07751931533421e-02 1.00000000000001e+05 
8.09855338779846e-02 1.00000000000002e+05 
8.11958833932839e-02 1.00000000000003e+05 
8.14062234683406e-02 1.00000000000004e+05 
8.16165730264397e-02 1.00000000000006e+05 
8.18269120511043e-02 1.00000000000008e+05 
8.20372496699107e-02 1.00000000000012e+05 
8.22475988617714e-02 1.00000000000018e+05 
8.24579557472354e-02 1.00000000000028e+05 
8.26683023204024e-02 1.00000000000040e+05 
8.28759662821336e-02 1.00000000000055e+05 
8.30838556622960e-02 1.00000000000074e+05 
8.32919160028961e-02 1.00000000000100e+05 
8.35000840682885e-02 1.00000000000143e+05 
8.37083049355025e-02 1.00000000000210e+05 
8.39165079717965e-02 1.00000000000286e+05 
8.41246938767705e-02 1.00000000000364e+05 
8.43327553138896e-02 1.00000000000458e+05 
8.45407831777008e-02 1.00000000000697e+05 
8.47488935889953e-02 1.00000000001209e+05 
8.49571058435897e-02 1.00000000002000e+05 
8.51654476742821e-02 1.00000000003276e+05 
8.53739679644024e-02 1.00000000005288e+05 
8.55826975751332e-02 1.00000000020253e+05 
8.57917545103356e-02 1.00000000058593e+05 
8.60012163002083e-02 1.00000000261402e+05 
8.62111536373835e-02 1.00000000524608e+05 
8.64214799147277e-02 1.00000000875934e+05 
8.66318127671481e-02 1.00000001291055e+05 
8.68421342807353e-02 1.00000001989261e+05 
8.69976151711592e-02 1.00000002369699e+05 
8.71600225461120e-02 1.00000002794482e+05 
8.73307606605739e-02 1.00000003290997e+05 
8.74846521342790e-02 1.00000003735368e+05 
8.76451484936280e-02 1.00000004208425e+05 
8.78135739243816e-02 1.00000004608059e+05 
8.79711054998569e-02 1.00000005002066e+05 
8.81363810322042e-02 1.00000005457434e+05 
8.83107184128873e-02 1.00000005945409e+05 
8.84635914983886e-02 1.00000006392210e+05 
8.86226846511948e-02 1.00000006863652e+05 
8.87891009433496e-02 1.00000007364651e+05 
8.89448478518388e-02 1.00000007842131e+05 
8.91076970113094e-02 1.00000008338195e+05 
8.92790389238170e-02 1.00000008856239e+05 
8.94300752168191e-02 1.00000009318710e+05 
8.95876110688677e-02 1.00000009805454e+05 
8.97531257406326e-02 1.00000010328528e+05 
8.99110451451740e-02 1.00000010838815e+05 
9.00786090518040e-02 1.00000011398118e+05 
9.02508400631661e-02 1.00000012066086e+05 
9.04088812620049e-02 1.00000012756650e+05 
9.05771263594232e-02 1.00000013616346e+05 
9.07463807657866e-02 1.00000014607172e+05 
9.09006422852452e-02 1.00000015702261e+05 
9.10626233308001e-02 1.00000017071386e+05 
9.12331299810760e-02 1.00000018962999e+05 
9.13855325762537e-02 1.00000020963503e+05 
9.15452821075990e-02 1.00000023714581e+05 
9.17139406132193e-02 1.00000027525022e+05 
9.18710609866951e-02 1.00000032122169e+05 
9.20370434126281e-02 1.00000038382630e+05 
9.21994113739817e-02 1.00000045836025e+05 
9.23651745583791e-02 1.00000055495595e+05 
9.25276310884001e-02 1.00000067150585e+05 
9.27023708586254e-02 1.00000082678549e+05 
9.28696788101744e-02 1.00000100931290e+05 
9.30515374508425e-02 1.00000124741337e+05 
9.32234775770942e-02 1.00000151603801e+05 
9.33949951901296e-02 1.00000182996165e+05 
9.35731704071339e-02 1.00000221084080e+05 
9.37250430405058e-02 1.00000258571498e+05 
9.38837230667754e-02 1.00000303153479e+05 
9.40503486539936e-02 1.00000356390423e+05 
9.42083591167987e-02 1.00000413385646e+05 
9.43743683900945e-02 1.00000480580189e+05 
9.45310861980361e-02 1.00000551231215e+05 
9.46964563314955e-02 1.00000633906354e+05 
9.48713966295708e-02 1.00000730914601e+05 
9.50347940081336e-02 1.00000830728043e+05 
9.52092232023688e-02 1.00000947566040e+05 
9.53667136641464e-02 1.00001062577746e+05 
9.55378180679813e-02 1.00001197785494e+05 
9.57000471744844e-02 1.00001336050486e+05 
9.58688836306662e-02 1.00001490674379e+05 
9.60495795128034e-02 1.00001667677915e+05 
9.62238634131597e-02 1.00001849784581e+05 
9.63944973400510e-02 1.00002038255804e+05 
9.65767815879695e-02 1.00002249267334e+05 
9.67560720749570e-02 1.00002465727762e+05 
9.69421804673956e-02 1.00002698189970e+05 
9.71292877232958e-02 1.00002939059418e+05 
9.73181535113553e-02 1.00003186730997e+05 
9.75037222387810e-02 1.00003432644837e+05 
9.76958577060538e-02 1.00003685919375e+05 
9.78824650293536e-02 1.00003930484202e+05 
9.80761366276264e-02 1.00004185157292e+05 
9.82747208525224e-02 1.00004438101925e+05 
9.84686941773401e-02 1.00004676858561e+05 
9.86596744164667e-02 1.00004907259573e+05 
9.88587666269367e-02 1.00005144613763e+05 
9.90622627700960e-02 1.00005381270395e+05 
9.92690589259348e-02 1.00005614531208e+05 
9.94788347819680e-02 1.00005880997415e+05 
9.96909628594907e-02 1.00006224658853e+05 
9.99035457814468e-02 1.00006638008085e+05 
1.00116143035391e-01 1.00007129614967e+05 
1.00328740847787e-01 1.00007740995548e+05 
1.00541355403307e-01 1.00008576044466e+05 
1.00754006206561e-01 1.00009594761461e+05 
1.00966686617331e-01 1.00011236785349e+05 
1.01179392732729e-01 1.00013658867266e+05 
1.01392138466681e-01 1.00017023121665e+05 
1.01604899161977e-01 1.00021795864548e+05 
1.01817691740394e-01 1.00028205279524e+05 
1.02030534440546e-01 1.00036473333674e+05 
1.02243412943776e-01 1.00046839845126e+05 
1.02456315438686e-01 1.00059637337268e+05 
1.02669262386891e-01 1.00075243338916e+05 
1.02882226902356e-01 1.00094079718795e+05 
1.03095229438317e-01 1.00116560802511e+05 
1.03308292404050e-01 1.00143135433699e+05 
1.03521398181580e-01 1.00174246962965e+05 
1.03734537455786e-01 1.00209984516761e+05 
1.03947730170450e-01 1.00250491375057e+05 
1.04160940549066e-01 1.00296405902855e+05 
1.04374191094830e-01 1.00347909322914e+05 
1.04587509931292e-01 1.00405336053811e+05 
1.04800876270980e-01 1.00468544257255e+05 
1.05014275528241e-01 1.00537513121894e+05 
1.05227731101528e-01 1.00612213128448e+05 
1.05441199847614e-01 1.00692404615450e+05 
1.05654709184583e-01 1.00777848290808e+05 
1.05868293395779e-01 1.00868084248927e+05 
1.06081931357632e-01 1.00962635461565e+05 
1.06295606436487e-01 1.01061011870170e+05 
1.06509342909194e-01 1.01162679142278e+05 
1.06723092280030e-01 1.01266307604729e+05 
1.06936880136068e-01 1.01372000608332e+05 
1.07150744209941e-01 1.01477855294011e+05 
1.07364664192957e-01 1.01583448227872e+05 
1.07578626419334e-01 1.01686921102785e+05 
1.07792650151518e-01 1.01789189042380e+05 
1.08006686363847e-01 1.01889365156784e+05 
1.08220758623490e-01 1.01985666064100e+05 
1.08434906244110e-01 1.02076913385900e+05 
1.08649077166265e-01 1.02161585095644e+05 
1.08863235824073e-01 1.02241039729232e+05 
1.09077397105289e-01 1.02312354301766e+05 
1.09291550509869e-01 1.02374608445638e+05 
1.09505686591839e-01 1.02426923236295e+05 
1.09719817036078e-01 1.02469881953730e+05 
1.09933949717606e-01 1.02510819631130e+05 
1.10148075524752e-01 1.02538599505569e+05 
1.10362208538377e-01 1.02555181987888e+05 
1.10576338862206e-01 1.02563473994606e+05 
1.10790455670647e-01 1.02563743125691e+05 
1.11004569424495e-01 1.02553731744285e+05 
1.11218686692806e-01 1.02540086499871e+05 
1.11432799981674e-01 1.02527368557022e+05 
1.11646922731782e-01 1.02515297754559e+05 
1.11861046185869e-01 1.02502679349371e+05 
1.12075158380315e-01 1.02487366632137e+05 
1.12289268583070e-01 1.02467847496585e+05 
1.12503381121882e-01 1.02442792871448e+05 
1.12717487383404e-01 1.02412180248751e+05 
1.12931599192428e-01 1.02374903556650e+05 
1.13145706739872e-01 1.02332939041600e+05 
1.13359800122602e-01 1.02285183785371e+05 
1.13573890769724e-01 1.02231818220056e+05 
1.13787983995944e-01 1.02172399004414e+05 
1.14002074620686e-01 1.02108513579230e+05 
1.14216175464824e-01 1.02039775694823e+05 
1.14430275790251e-01 1.01967098000303e+05 
1.14644365221583e-01 1.01890850226436e+05 
1.14858453470558e-01 1.01811611283730e+05 
1.15072543613568e-01 1.01729707526450e+05 
1.15286628794317e-01 1.01646162995146e+05 
1.15500723559871e-01 1.01561447043707e+05 
1.15714818961302e-01 1.01475704644837e+05 
1.15928908250050e-01 1.01390474154910e+05 
1.16142999829362e-01 1.01306020067949e+05 
1.16357096535221e-01 1.01222262181886e+05 
1.16571192748898e-01 1.01140009086763e+05 
1.16785301003016e-01 1.01060034682390e+05 
1.16999412351629e-01 1.00981804515226e+05 
1.17213519626813e-01 1.00906089452912e+05 
1.17427628944962e-01 1.00831723457775e+05 
1.17641743857957e-01 1.00758711057136e+05 
1.17855856515788e-01 1.00687314075516e+05 
1.18069979404433e-01 1.00618138983496e+05 
1.18284103056963e-01 1.00551181734609e+05 
1.18498221369809e-01 1.00486151825967e+05 
1.18712340194251e-01 1.00422847676443e+05 
1.18926463578416e-01 1.00361557613447e+05 
1.19140583191189e-01 1.00301410641912e+05 
1.19354712148901e-01 1.00242601790596e+05 
1.19568841100354e-01 1.00184590930678e+05 
1.19782965762570e-01 1.00127497509687e+05 
1.19997092339618e-01 1.00071044251595e+05 
1.20211226811168e-01 1.00015651614001e+05 
1.20425359786843e-01 9.99600960252213e+04 
1.20639502957757e-01 9.99049156572834e+04 
1.20853643812754e-01 9.98493136520659e+04 
1.21067776800548e-01 9.97936248140855e+04 
1.21281905387835e-01 9.97382046069882e+04 
1.21496034171578e-01 9.96833063669575e+04 
1.21710152778895e-01 9.96277513400149e+04 
1.21924276977760e-01 9.95717246904087e+04 
1.22138397694840e-01 9.95166317870027e+04 
1.22352512487942e-01 9.94629013395484e+04 
1.22566627749256e-01 9.94102095187190e+04 
1.22780747612107e-01 9.93598580530750e+04 
1.22994859523853e-01 9.93103377387308e+04 
1.23208978315474e-01 9.92624359284056e+04 
1.23423092823413e-01 9.92159672269325e+04 
1.23637202971239e-01 9.91709822297901e+04 
1.23851314434752e-01 9.91281505407252e+04 
1.24065430936212e-01 9.90889777250993e+04 
1.24279539898040e-01 9.90516542422725e+04 
1.24493655553039e-01 9.90159917910766e+04 
1.24707766736149e-01 9.89820011078553e+04 
1.24921874606223e-01 9.89496101193756e+04 
1.25135983991309e-01 9.89189382201037e+04 
1.25350097952497e-01 9.88914409151494e+04 
1.25564204746931e-01 9.88653299973068e+04 
1.25778317597239e-01 9.88408444469618e+04 
1.25992425921193e-01 9.88175462796904e+04 
1.26206532051768e-01 9.87958208260288e+04 
1.26420640796378e-01 9.87751957325837e+04 
1.26634754203215e-01 9.87571082474166e+04 
1.26848861826202e-01 9.87399971953432e+04 
1.27062975872369e-01 9.87242152576858e+04 
1.27277085931573e-01 9.87089772882049e+04 
1.27491195701928e-01 9.86956921475625e+04 
1.27705309774725e-01 9.86844895028361e+04 
1.27919428594405e-01 9.86760579094948e+04 
1.28133542587469e-01 9.86667376117851e+04 
1.28347663263285e-01 9.86611697866934e+04 
1.28561781402627e-01 9.86584399302719e+04 
1.28775901709023e-01 9.86588342266296e+04 
1.28990028584937e-01 9.86615875530886e+04 
1.29204161819677e-01 9.86677915954375e+04 
1.29418293980383e-01 9.86759020953088e+04 
1.29632437774638e-01 9.86868801458982e+04 
1.29846587381491e-01 9.86980480592981e+04 
1.30060751272647e-01 9.87101214769320e+04 
1.30274935096542e-01 9.87230113883571e+04 
1.30489138947066e-01 9.87386479449493e+04 
1.30703358030993e-01 9.87557034655929e+04 
1.30917606141193e-01 9.87744830213408e+04 
1.31131879190986e-01 9.87944194670881e+04 
1.31346185950132e-01 9.88160275125799e+04 
1.31560531832877e-01 9.88387930091348e+04 
1.31774916537497e-01 9.88641105043622e+04 
1.31989337023428e-01 9.88902274860397e+04 
1.32203807854907e-01 9.89175646722615e+04 
1.32418326354909e-01 9.89452461473070e+04 
1.32632900132405e-01 9.89736442971632e+04 
1.32847533615481e-01 9.90026401809089e+04 
1.33062225486941e-01 9.90336265524080e+04 
1.33276973106191e-01 9.90650166732124e+04 
1.33491792414677e-01 9.90972102100757e+04 
1.33706680591813e-01 9.91296952398660e+04 
1.33921642770035e-01 9.91629236985352e+04 
1.34136681490126e-01 9.91965234798001e+04 
1.34351795065388e-01 9.92318614150607e+04 
1.34566980448115e-01 9.92675322642898e+04 
1.34782253549580e-01 9.93037967592053e+04 
1.34997610836946e-01 9.93402411340022e+04 
1.35213053346381e-01 9.93771237570113e+04 
1.35428581051736e-01 9.94139842160125e+04 
1.35644190542572e-01 9.94520346054712e+04 
1.35859877650854e-01 9.94898832047256e+04 
1.36075658042442e-01 9.95275471948543e+04 
1.36291526024161e-01 9.95645715631732e+04 
1.36507478051268e-01 9.96012679875951e+04 
1.36723510532332e-01 9.96364710077546e+04 
1.36939617738949e-01 9.96712776761784e+04 
1.37155793972011e-01 9.97048763434350e+04 
1.37372058003555e-01 9.97366382323079e+04 
1.37588405778560e-01 9.97666711750238e+04 
1.37804834719696e-01 9.97950138684099e+04 
1.38021342095409e-01 9.98210125835887e+04 
1.38237925629020e-01 9.98461210963239e+04 
1.38454580030215e-01 9.98680174947787e+04 
1.38671247264624e-01 9.98885274313473e+04 
1.38887987794929e-01 9.99063654146158e+04 
1.39104766828778e-01 9.99224820412468e+04 
1.39321573931154e-01 9.99359723312843e+04 
1.39538375083322e-01 9.99496502791946e+04 
1.39755229123749e-01 9.99627451007213e+04 
1.39972096442592e-01 9.99746934371743e+04 
1.40189041579674e-01 9.99863484023678e+04 
1.40406034299237e-01 9.99975685767563e+04 
1.40623059342823e-01 1.00007935341722e+05 
1.40840082144151e-01 1.00018141372023e+05 
1.41057162605331e-01 1.00027485011002e+05 
1.41274258046490e-01 1.00035644172566e+05 
1.41491435526648e-01 1.00042882795783e+05 
1.41708669508499e-01 1.00049134709538e+05 
1.41925942024139e-01 1.00054109302899e+05 
1.42143220954423e-01 1.00058590579419e+05 
1.42360568012311e-01 1.00061965348846e+05 
1.42577939122491e-01 1.00064006573561e+05 
1.42795402911038e-01 1.00064657815098e+05 
1.43012937664930e-01 1.00064529905364e+05 
1.43230521526452e-01 1.00063051731377e+05 
1.43448123173446e-01 1.00060911349332e+05 
1.43665801013977e-01 1.00057529323908e+05 
1.43883510412535e-01 1.00052365632057e+05 
1.44101319917647e-01 1.00046004950547e+05 
1.44319214341121e-01 1.00038898431792e+05 
1.44537170194602e-01 1.00030596580550e+05 
1.44755074911672e-01 1.00021992109077e+05 
1.44972930706286e-01 1.00012550430724e+05 
1.45190726073589e-01 1.00002145234268e+05 
1.45408512442948e-01 9.99910854423181e+04 
1.45626275230178e-01 9.99798793192561e+04 
1.45843980615909e-01 9.99680085953181e+04 
1.46061602539433e-01 9.99562521372068e+04 
1.46279198463970e-01 9.99442566654209e+04 
1.46496766595864e-01 9.99317888823286e+04 
1.46714349255296e-01 9.99191281946438e+04 
1.46931935458787e-01 9.99066303807077e+04 
1.47149495524510e-01 9.98939173209337e+04 
1.47367002893093e-01 9.98815594377288e+04 
1.47584514856446e-01 9.98692309354956e+04 
1.47802036666509e-01 9.98566034280238e+04 
1.48019600273372e-01 9.98439650719607e+04 
1.48237200196568e-01 9.98315911202750e+04 
1.48454808321337e-01 9.98190607534106e+04 
1.48672400945267e-01 9.98069095494576e+04 
1.48890028566607e-01 9.97947056783866e+04 
1.49107700860101e-01 9.97823321333221e+04 
1.49325440994634e-01 9.97697961858559e+04 
1.49543250242062e-01 9.97574652336682e+04 
1.49761097460548e-01 9.97449955035634e+04 
1.49978968536564e-01 9.97332058390997e+04 
1.50196900352202e-01 9.97216157385721e+04 
1.50414905678681e-01 9.97099615141414e+04 
1.50632999232597e-01 9.96983369580641e+04 
1.50851187907412e-01 9.96871613757109e+04 
1.51069439754145e-01 9.96764488175264e+04 
1.51287751830935e-01 9.96662892271737e+04 
1.51506141717619e-01 9.96565882448074e+04 
1.51724625217535e-01 9.96470713397864e+04 
1.51943210828814e-01 9.96379160725548e+04 
1.52161910017399e-01 9.96294029645601e+04 
1.52380671250354e-01 9.96212541981505e+04 
1.52599461249866e-01 9.96144249504684e+04 
1.52818349047683e-01 9.96079967478462e+04 
1.53037321622988e-01 9.96022483693901e+04 
1.53256350698050e-01 9.95970474529955e+04 
1.53475439780924e-01 9.95927912552640e+04 
1.53694591590458e-01 9.95891843446473e+04 
1.53913804104754e-01 9.95871111624505e+04 
1.54133132263471e-01 9.95859033225177e+04 
1.54352560000222e-01 9.95855459294170e+04 
1.54572055749130e-01 9.95856255383986e+04 
1.54791629598072e-01 9.95866630152409e+04 
1.55011278742237e-01 9.95885132414525e+04 
1.55231018074027e-01 9.95923350629088e+04 
1.55450884415437e-01 9.95968527817218e+04 
1.55670857986484e-01 9.96019037013326e+04 
1.55890907311469e-01 9.96075385839070e+04 
1.56111051070472e-01 9.96139861422924e+04 
1.56331276059426e-01 9.96208487625708e+04 
1.56551604900601e-01 9.96292132252553e+04 
1.56772037153485e-01 9.96379019649391e+04 
1.56992568945961e-01 9.96471673102010e+04 
1.57213204450301e-01 9.96567919915181e+04 
1.57433936992624e-01 9.96671807715029e+04 
1.57654742592088e-01 9.96780393337310e+04 
1.57875666669660e-01 9.96903452420963e+04 
1.58096695522026e-01 9.97031251918760e+04 
1.58317830457555e-01 9.97162877790156e+04 
1.58539068950280e-01 9.97294477482625e+04 
1.58760413719914e-01 9.97432086458423e+04 
1.58981830562047e-01 9.97565926089066e+04 
1.59203374078116e-01 9.97718714123624e+04 
1.59425017149256e-01 9.97867780241331e+04 
1.59646765924024e-01 9.98020185650411e+04 
1.59868613915017e-01 9.98169739546940e+04 
1.60090573808418e-01 9.98320906419449e+04 
1.60312599823194e-01 9.98468966879713e+04 
1.60534750072036e-01 9.98632857216613e+04 
1.60756986460561e-01 9.98784282728299e+04 
1.60979300118656e-01 9.98935292042081e+04 
1.61201644712735e-01 9.99082620855846e+04 
1.61423976784490e-01 9.99230239156301e+04 
1.61646361051770e-01 9.99372449265399e+04 
1.61868785411336e-01 9.99520400872771e+04 
1.62091256964025e-01 9.99668823632804e+04 
1.62313758449158e-01 9.99817255864085e+04 
1.62536297972791e-01 9.99964152445264e+04 
1.62758861932906e-01 1.00011498754502e+05 
1.62981458931596e-01 1.00026763631375e+05 
1.63204102472599e-01 1.00043420448706e+05 
1.63426733677127e-01 1.00060560637354e+05 
1.63649292417878e-01 1.00078585065366e+05 
1.63871794504649e-01 1.00096892093181e+05 
1.64094327635743e-01 1.00115534987628e+05 
1.64316856965419e-01 1.00134392634083e+05 
1.64539385324313e-01 1.00154638010200e+05 
1.64761851837141e-01 1.00175151292922e+05 
1.64984244586150e-01 1.00196345808813e+05 
1.65206607051716e-01 1.00218109663398e+05 
1.65428991891550e-01 1.00240644134628e+05 
1.65651361470578e-01 1.00264035685198e+05 
1.65873732775831e-01 1.00289697473212e+05 
1.66096063039530e-01 1.00316726571877e+05 
1.66318336487149e-01 1.00345400699333e+05 
1.66540593716036e-01 1.00375673399706e+05 
1.66762876053948e-01 1.00408305985293e+05 
1.66985152703561e-01 1.00442675200116e+05 
1.67207433303984e-01 1.00481137799743e+05 
1.67429690390523e-01 1.00521947976634e+05 
1.67651905694096e-01 1.00565166141775e+05 
1.67874115662195e-01 1.00610793043296e+05 
1.68096349307708e-01 1.00659546957733e+05 
1.68318584271597e-01 1.00710977681478e+05 
1.68540821336605e-01 1.00765817349586e+05 
1.68763047313679e-01 1.00822601108247e+05 
1.68985242795713e-01 1.00881538803372e+05 
1.69207440441477e-01 1.00941663549601e+05 
1.69429658015333e-01 1.01002938866120e+05 
1.69651882864706e-01 1.01065135235842e+05 
1.69874107318569e-01 1.01129101496760e+05 
1.70096327274972e-01 1.01193102467483e+05 
1.70318525207753e-01 1.01256904909231e+05 
1.70540730241422e-01 1.01319774591692e+05 
1.70762952935208e-01 1.01381306860581e+05 
1.70985186596751e-01 1.01441003411939e+05 
1.71207389770158e-01 1.01499609083196e+05 
1.71429583524385e-01 1.01555542064176e+05 
1.71651730226142e-01 1.01608004535570e+05 
1.71873857468856e-01 1.01656905269828e+05 
1.72095977710307e-01 1.01701052665751e+05 
1.72318088272943e-01 1.01738810827289e+05 
1.72540167091084e-01 1.01772054644762e+05 
1.72762241073410e-01 1.01798558013336e+05 
1.72984272876867e-01 1.01814933443701e+05 
1.73206292722214e-01 1.01829101086806e+05 
1.73428310336886e-01 1.01838584047455e+05 
1.73650327970161e-01 1.01842308764404e+05 
1.73872313999347e-01 1.01843360427987e+05 
1.74094302315358e-01 1.01837479205426e+05 
1.74316253762678e-01 1.01824962878807e+05 
1.74538200064922e-01 1.01806234718159e+05 
1.74760146296489e-01 1.01786310814716e+05 
1.74982097470189e-01 1.01764087115899e+05 
1.75204014214297e-01 1.01740093370121e+05 
1.75425938164604e-01 1.01713187263962e+05 
1.75647827506376e-01 1.01682852271945e+05 
1.75869715111141e-01 1.01648507934631e+05 
1.76091602915005e-01 1.01610573286139e+05 
1.76313497976315e-01 1.01569327704322e+05 
1.76535354691499e-01 1.01525857450692e+05 
1.76757221735067e-01 1.01479388866764e+05 
1.76979056245353e-01 1.01430582318727e+05 
1.77200892439833e-01 1.01379439078612e+05 
1.77422729870702e-01 1.01326662726151e+05 
1.77644578366440e-01 1.01272232423226e+05 
1.77866388532614e-01 1.01217973328429e+05 
1.78088214094476e-01 1.01162588264843e+05 
1.78310013423377e-01 1.01106596203746e+05 
1.78531819201415e-01 1.01049811362668e+05 
1.78753630123179e-01 1.00992926406764e+05 
1.78975455864956e-01 1.00935926271403e+05 
1.79139787140419e-01 1.00894636910382e+05 
1.79313410147389e-01 1.00851012047417e+05 
1.79475948665025e-01 1.00810387379096e+05 
1.79648402395246e-01 1.00767278543532e+05 
1.79813742296669e-01 1.00726267922695e+05 
1.79990272832533e-01 1.00682754715696e+05 
1.80178617207708e-01 1.00637622577978e+05 
1.80341509883612e-01 1.00598809151567e+05 
1.80520335107484e-01 1.00556694852067e+05 
1.80713894936560e-01 1.00511345280876e+05 
1.80886029587777e-01 1.00471774999021e+05 
1.81065922776264e-01 1.00430729229807e+05 
1.81258480863779e-01 1.00388492548983e+05 
1.81465909070488e-01 1.00343292281214e+05 
1.81685413932043e-01 1.00296254250850e+05 
1.81907305060120e-01 1.00248958596125e+05 
1.82129191882373e-01 1.00202539994333e+05 
1.82351086853043e-01 1.00156804427646e+05 
1.82572989382779e-01 1.00113320997976e+05 
1.82794864847454e-01 1.00070138158836e+05 
1.83016725029342e-01 1.00027900264093e+05 
1.83238564079565e-01 9.99857931380221e+04 
1.83460371547595e-01 9.99447400698951e+04 
1.83682178035783e-01 9.99041066498200e+04 
1.83903959553264e-01 9.98656827935956e+04 
1.84125675450711e-01 9.98276040599882e+04 
1.84347352156032e-01 9.97903790426426e+04 
1.84568997761269e-01 9.97534068040894e+04 
1.84790617475316e-01 9.97174260162099e+04 
1.85012233041490e-01 9.96819498425234e+04 
1.85233825291213e-01 9.96485853658387e+04 
1.85455344615843e-01 9.96155639025065e+04 
1.85676818908040e-01 9.95832758393184e+04 
1.85898264715572e-01 9.95512408676029e+04 
1.86119693201899e-01 9.95199961243591e+04 
1.86341118631890e-01 9.94892707350193e+04 
1.86562529958782e-01 9.94601696126117e+04 
1.86783879558760e-01 9.94314283393202e+04 
1.87005189401445e-01 9.94032489322049e+04 
1.87226478575284e-01 9.93755980394520e+04 
1.87447755537037e-01 9.93487007730752e+04 
1.87669031619794e-01 9.93223754063665e+04 
1.87890300580507e-01 9.92975928505317e+04 
1.88111521120824e-01 9.92732260025340e+04 
1.88332706806820e-01 9.92499129539346e+04 
1.88553879835842e-01 9.92274336120165e+04 
1.88775045968004e-01 9.92057100597485e+04 
1.88996213562615e-01 9.91847949863622e+04 
1.89217381799491e-01 9.91652933800700e+04 
1.89438514070675e-01 9.91465691731058e+04 
1.89659616869254e-01 9.91289205526630e+04 
1.89880714438103e-01 9.91115901057098e+04 
1.90101813394407e-01 9.90951779161375e+04 
1.90322918985278e-01 9.90794083365335e+04 
1.90544033062916e-01 9.90655582762246e+04 
1.90765120146226e-01 9.90522699684025e+04 
1.90986180898909e-01 9.90397749667446e+04 
1.91207242511427e-01 9.90268498620763e+04 
1.91428314045794e-01 9.90153162160073e+04 
1.91649397112677e-01 9.90051648011860e+04 
1.91870495561248e-01 9.89972553503704e+04 
1.92091575289396e-01 9.89902757384463e+04 
1.92312631836529e-01 9.89840860715987e+04 
1.92533694537703e-01 9.89781069578700e+04 
1.92754774156454e-01 9.89732507155932e+04 
1.92975868264056e-01 9.89687398931605e+04 
1.93196983456335e-01 9.89656659649128e+04 
1.93418088806531e-01 9.89629717819684e+04 
1.93639174608015e-01 9.89603450781626e+04 
1.93860272027895e-01 9.89576137744794e+04 
1.94081393214942e-01 9.89555553119374e+04 
1.94302532984192e-01 9.89535312252393e+04 
1.94523701752051e-01 9.89530966607438e+04 
1.94744869200685e-01 9.89530805144787e+04 
1.94966022122245e-01 9.89530062464521e+04 
1.95187192613137e-01 9.89527972291108e+04 
1.95408395340814e-01 9.89532919697436e+04 
1.95629622410664e-01 9.89539425649452e+04 
1.95850887295349e-01 9.89561211244709e+04 
1.96072157969434e-01 9.89588966600743e+04 
1.96293419781040e-01 9.89619425770343e+04 
1.96509749218649e-01 9.89654092542061e+04 
1.96729747814550e-01 9.89694558928559e+04 
1.96951099673302e-01 9.89736542935161e+04 
1.97172349318584e-01 9.89787184940484e+04 
1.97393746367221e-01 9.89841800345615e+04 
1.97615352995561e-01 9.89897075009366e+04 
1.97837026024221e-01 9.89950020533974e+04 
1.98058721787337e-01 9.90009316166518e+04 
1.98280388950371e-01 9.90071463479821e+04 
1.98502077213655e-01 9.90143222312995e+04 
1.98723704211394e-01 9.90219856159216e+04 
1.98945288971627e-01 9.90294541959234e+04 
1.99166933452333e-01 9.90370954736904e+04 
1.99388613467636e-01 9.90454023590726e+04 
1.99610316569632e-01 9.90538776248452e+04 
1.99832067358645e-01 9.90628452689260e+04 
2.00053795588653e-01 9.90722387556776e+04 
2.00275505832758e-01 9.90814498713676e+04 
