# Liste des scalaires : TEMPS pmat 
0.00000000000000e+00 1.00000000000000e+05 
5.42217668469038e-05 1.00000000000000e+05 
9.89400916214334e-05 1.00000000000000e+05 
1.39742283585196e-04 1.00000000000000e+05 
1.80770279625960e-04 1.00000000000000e+05 
2.11448634384527e-04 1.00000000000000e+05 
2.37142987499696e-04 1.00000000000000e+05 
2.65406775926382e-04 1.00000000000000e+05 
2.96496943195736e-04 1.00000000000000e+05 
3.30696127192025e-04 1.00000000000000e+05 
3.68315229587944e-04 1.00000000000000e+05 
4.09696242223454e-04 1.00000000000000e+05 
4.54501763107233e-04 1.00000000000000e+05 
5.00297316852976e-04 1.00000000000000e+05 
5.47700679798585e-04 1.00000000000000e+05 
5.96964716087588e-04 1.00000000000000e+05 
6.46498187706928e-04 1.00000000000000e+05 
6.96442363377587e-04 1.00000000000000e+05 
7.47667567762040e-04 1.00000000000000e+05 
8.00553044827886e-04 1.00000000000000e+05 
8.53596279064244e-04 1.00000000000000e+05 
9.07040455871883e-04 1.00000000000000e+05 
9.61497693584568e-04 1.00000000000000e+05 
1.01775790836809e-03 1.00000000000000e+05 
1.07544942735743e-03 1.00000000000000e+05 
1.13353878356169e-03 1.00000000000000e+05 
1.19225786526330e-03 1.00000000000000e+05 
1.25185268017849e-03 1.00000000000000e+05 
1.31183822166226e-03 1.00000000000000e+05 
1.37303715461598e-03 1.00000000000000e+05 
1.43599271775723e-03 1.00000000000000e+05 
1.50079379105174e-03 1.00000000000000e+05 
1.56498106551864e-03 1.00000000000000e+05 
1.63075425615571e-03 1.00000000000000e+05 
1.69772046842036e-03 1.00000000000000e+05 
1.76443366884976e-03 1.00000000000000e+05 
1.83203928642127e-03 1.00000000000000e+05 
1.90083587057933e-03 1.00000000000000e+05 
1.97107996239862e-03 1.00000000000000e+05 
2.04216044854042e-03 1.00000000000000e+05 
2.11438846667872e-03 1.00000000000000e+05 
2.18640234406948e-03 1.00000000000000e+05 
2.25973871503472e-03 1.00000000000000e+05 
2.33452464790395e-03 1.00000000000000e+05 
2.41004229594274e-03 1.00000000000000e+05 
2.48701671930755e-03 1.00000000000000e+05 
2.56527150182813e-03 1.00000000000000e+05 
2.64458968331796e-03 1.00000000000000e+05 
2.72313201670446e-03 1.00000000000000e+05 
2.80305160241824e-03 1.00000000000000e+05 
2.88369207468496e-03 1.00000000000000e+05 
2.96566781766868e-03 1.00000000000000e+05 
3.04911681894595e-03 1.00000000000000e+05 
3.13416756096030e-03 1.00000000000000e+05 
3.22079931407527e-03 1.00000000000000e+05 
3.30896057966065e-03 1.00000000000000e+05 
3.39748638403972e-03 1.00000000000000e+05 
3.48354502221376e-03 1.00000000000000e+05 
3.57024088959025e-03 1.00000000000000e+05 
3.65761827599860e-03 1.00000000000000e+05 
3.74266696786357e-03 1.00000000000000e+05 
3.82865171906157e-03 1.00000000000000e+05 
3.91570378216009e-03 1.00000000000000e+05 
4.00369741242000e-03 1.00000000000000e+05 
4.09262961023623e-03 1.00000000000000e+05 
4.18232805299191e-03 1.00000000000000e+05 
4.27061179269545e-03 1.00000000000000e+05 
4.35986670816877e-03 1.00000000000000e+05 
4.45002946987676e-03 1.00000000000000e+05 
4.54097539578356e-03 1.00000000000000e+05 
4.63293385704417e-03 1.00000000000000e+05 
4.72567408347400e-03 1.00000000000000e+05 
4.81929730447791e-03 1.00000000000000e+05 
4.91361237493259e-03 1.00000000000000e+05 
5.00857951731460e-03 1.00000000000000e+05 
5.10442219322777e-03 1.00000000000000e+05 
5.19873540214676e-03 1.00000000000000e+05 
5.29396933134315e-03 1.00000000000000e+05 
5.39003597102112e-03 1.00000000000000e+05 
5.48706603906045e-03 1.00000000000000e+05 
5.58482150898094e-03 1.00000000000000e+05 
5.68344884968464e-03 1.00000000000000e+05 
5.78286328195657e-03 1.00000000000000e+05 
5.88315950247102e-03 1.00000000000000e+05 
5.98421993500887e-03 1.00000000000000e+05 
6.08596708371607e-03 1.00000000000000e+05 
6.18787301418303e-03 1.00000000000000e+05 
6.28782249583654e-03 1.00000000000000e+05 
6.38844451631370e-03 1.00000000000000e+05 
6.48984608881892e-03 1.00000000000000e+05 
6.59191067285086e-03 1.00000000000000e+05 
6.69478156928764e-03 1.00000000000000e+05 
6.79836374769838e-03 1.00000000000000e+05 
6.90281047025834e-03 1.00000000000000e+05 
7.00825949283892e-03 1.00000000000000e+05 
7.11488071150926e-03 1.00000000000000e+05 
7.22208828682148e-03 1.00000000000000e+05 
7.32997707905927e-03 1.00000000000000e+05 
7.43590646378121e-03 1.00000000000000e+05 
7.54133422130120e-03 1.00000000000000e+05 
7.64773544857246e-03 1.00000000000000e+05 
7.75522735245173e-03 1.00000000000000e+05 
7.86387701315116e-03 1.00000000000000e+05 
7.97273127358408e-03 1.00000000000000e+05 
8.07980983599412e-03 1.00000000000000e+05 
8.18870162907904e-03 1.00000000000000e+05 
8.29607262953745e-03 1.00000000000000e+05 
8.40448579850470e-03 1.00000000000000e+05 
8.51401615180973e-03 1.00000000000000e+05 
8.62369806366787e-03 1.00000000000000e+05 
8.73148303219212e-03 1.00000000000000e+05 
8.84035527043204e-03 1.00000000000000e+05 
8.94830480173186e-03 1.00000000000000e+05 
9.05758287829053e-03 1.00000000000000e+05 
9.16905958428438e-03 1.00000000000000e+05 
9.28040380493224e-03 1.00000000000000e+05 
9.38901005461705e-03 1.00000000000000e+05 
9.49911371611182e-03 1.00000000000000e+05 
9.60831666755496e-03 1.00000000000000e+05 
9.71828350521671e-03 1.00000000000000e+05 
9.82831353283761e-03 1.00000000000000e+05 
9.93828809925474e-03 1.00000000000000e+05 
1.00480650496663e-02 1.00000000000000e+05 
1.01565016898919e-02 1.00000000000000e+05 
1.02647142339111e-02 1.00000000000000e+05 
1.03732233726517e-02 1.00000000000000e+05 
1.04812365426824e-02 1.00000000000000e+05 
1.05892550777606e-02 1.00000000000000e+05 
1.06973956357311e-02 1.00000000000000e+05 
1.08058514098992e-02 1.00000000000000e+05 
1.09144051472596e-02 1.00000000000000e+05 
1.10228454972528e-02 1.00000000000000e+05 
1.11313282652663e-02 1.00000000000000e+05 
1.12403037820987e-02 1.00000000000000e+05 
1.13493912985823e-02 1.00000000000000e+05 
1.14585923548284e-02 1.00000000000000e+05 
1.15679851026179e-02 1.00000000000000e+05 
1.16770685642741e-02 1.00000000000000e+05 
1.17860935921327e-02 1.00000000000000e+05 
1.18952394920984e-02 1.00000000000000e+05 
1.20046104807027e-02 1.00000000000000e+05 
1.21140205159339e-02 1.00000000000000e+05 
1.22235037773477e-02 1.00000000000000e+05 
1.23332399201790e-02 1.00000000000000e+05 
1.24431524755500e-02 1.00000000000000e+05 
1.25531750521638e-02 1.00000000000000e+05 
1.26620456481742e-02 1.00000000000000e+05 
1.27711127518352e-02 1.00000000000000e+05 
1.28802841336172e-02 1.00000000000000e+05 
1.29892832061355e-02 1.00000000000000e+05 
1.30983745284162e-02 1.00000000000000e+05 
1.32075470513171e-02 1.00000000000000e+05 
1.33157441618193e-02 1.00000000000000e+05 
1.34249627553470e-02 1.00000000000000e+05 
1.35336243847775e-02 1.00000000000000e+05 
1.36427591668825e-02 1.00000000000000e+05 
1.37519090831835e-02 1.00000000000000e+05 
1.38613419823963e-02 1.00000000000000e+05 
1.39710332647883e-02 1.00000000000000e+05 
1.40808249773500e-02 1.00000000000000e+05 
1.41906808511438e-02 1.00000000000000e+05 
1.43005147628391e-02 1.00000000000000e+05 
1.44104783562928e-02 1.00000000000000e+05 
1.45205615757297e-02 1.00000000000000e+05 
1.46307914319386e-02 1.00000000000000e+05 
1.47412442334655e-02 1.00000000000000e+05 
1.48518531434814e-02 1.00000000000000e+05 
1.49624080051559e-02 1.00000000000000e+05 
1.50731632142009e-02 1.00000000000000e+05 
1.51839507078411e-02 1.00000000000000e+05 
1.52941952923240e-02 1.00000000000000e+05 
1.54048434635934e-02 1.00000000000000e+05 
1.55154721911334e-02 1.00000000000000e+05 
1.56261338801088e-02 1.00000000000000e+05 
1.57367816880484e-02 1.00000000000000e+05 
1.58477000554755e-02 1.00000000000000e+05 
1.59588691762136e-02 1.00000000000000e+05 
1.60699467781102e-02 1.00000000000000e+05 
1.61810819534151e-02 1.00000000000000e+05 
1.62919873031921e-02 1.00000000000000e+05 
1.64030376334623e-02 1.00000000000000e+05 
1.65144612669158e-02 1.00000000000000e+05 
1.66261658965248e-02 1.00000000000000e+05 
1.67378769785536e-02 1.00000000000000e+05 
1.68496011260836e-02 1.00000000000000e+05 
1.69615061225191e-02 1.00000000000000e+05 
1.70735346598875e-02 1.00000000000000e+05 
1.71857700376018e-02 1.00000000000000e+05 
1.72955360547692e-02 1.00000000000000e+05 
1.74033075011461e-02 1.00000000000000e+05 
1.75101888341804e-02 1.00000000000000e+05 
1.76182109950491e-02 1.00000000000000e+05 
1.77270947404004e-02 1.00000000000000e+05 
1.78362252014138e-02 1.00000000000000e+05 
1.79431828585849e-02 1.00000000000000e+05 
1.80512575444930e-02 1.00000000000000e+05 
1.81584038097943e-02 1.00000000000000e+05 
1.82666894360613e-02 1.00000000000000e+05 
1.83761030964575e-02 1.00000000000000e+05 
1.84855387631489e-02 1.00000000000000e+05 
1.85929917828397e-02 1.00000000000000e+05 
1.87014701193644e-02 1.00000000000000e+05 
1.88090857144743e-02 1.00000000000000e+05 
1.89178384610578e-02 1.00000000000000e+05 
1.90276607383111e-02 1.00000000000000e+05 
1.91375423794909e-02 1.00000000000000e+05 
1.92452737614340e-02 1.00000000000000e+05 
1.93540800181696e-02 1.00000000000000e+05 
1.94619147267082e-02 1.00000000000000e+05 
1.95709735913628e-02 1.00000000000000e+05 
1.96812376425152e-02 1.00000000000000e+05 
1.97916823205896e-02 1.00000000000000e+05 
1.98999202918477e-02 1.00000000000000e+05 
2.00116271852739e-02 1.00000000000000e+05 
2.01199715236916e-02 1.00000000000000e+05 
2.02296095032990e-02 1.00000000000000e+05 
2.03404677023988e-02 1.00000000000000e+05 
2.04515271257423e-02 1.00000000000000e+05 
2.05602300437987e-02 1.00000000000000e+05 
2.06726845966966e-02 1.00000000000000e+05 
2.07815773902460e-02 1.00000000000000e+05 
2.08941768944243e-02 1.00000000000000e+05 
2.10060353152883e-02 1.00000000000000e+05 
2.11181893047522e-02 1.00000000000000e+05 
2.12277470004028e-02 1.00000000000000e+05 
2.13404256489286e-02 1.00000000000000e+05 
2.14502258688989e-02 1.00000000000000e+05 
2.15628915349878e-02 1.00000000000000e+05 
2.16755692732032e-02 1.00000000000000e+05 
2.17882762865348e-02 1.00000000000000e+05 
2.18992551617516e-02 1.00000000000000e+05 
2.20121206912289e-02 1.00000000000000e+05 
2.21236488636151e-02 1.00000000000000e+05 
2.22365112779608e-02 1.00000000000000e+05 
2.23494273750404e-02 1.00000000000000e+05 
2.24623788851402e-02 1.00000000000000e+05 
2.25754070026653e-02 1.00000000000000e+05 
2.26885526988352e-02 1.00000000000000e+05 
2.28017753483582e-02 1.00000000000000e+05 
2.29148676867451e-02 1.00000000000000e+05 
2.30281128962455e-02 1.00000000000000e+05 
2.31414129845848e-02 1.00000000000000e+05 
2.32538214326687e-02 1.00000000000000e+05 
2.33672179856644e-02 1.00000000000000e+05 
2.34799551374810e-02 1.00000000000000e+05 
2.35933603352309e-02 1.00000000000000e+05 
2.37067437170902e-02 1.00000000000000e+05 
2.38201026658405e-02 1.00000000000000e+05 
2.39334889125146e-02 1.00000000000000e+05 
2.40468851892104e-02 1.00000000000000e+05 
2.41602107378765e-02 1.00000000000000e+05 
2.42734045977292e-02 1.00000000000000e+05 
2.43865397127437e-02 1.00000000000000e+05 
2.44996200012277e-02 1.00000000000000e+05 
2.46127112086734e-02 1.00000000000000e+05 
2.47258431964153e-02 1.00000000000000e+05 
2.48389894893079e-02 1.00000000000000e+05 
2.49520938922708e-02 1.00000000000000e+05 
2.50651951988630e-02 1.00000000000000e+05 
2.51783150479609e-02 1.00000000000000e+05 
2.52914511512798e-02 1.00000000000000e+05 
2.54046674301335e-02 1.00000000000000e+05 
2.55180121643845e-02 1.00000000000000e+05 
2.56314107773578e-02 1.00000000000000e+05 
2.57449004563959e-02 1.00000000000000e+05 
2.58584983207348e-02 1.00000000000000e+05 
2.59721894660919e-02 1.00000000000000e+05 
2.60859723212582e-02 1.00000000000000e+05 
2.61998439550921e-02 1.00000000000000e+05 
2.63136925721962e-02 1.00000000000000e+05 
2.64275468091318e-02 1.00000000000000e+05 
2.65414250402265e-02 1.00000000000000e+05 
2.66553406677194e-02 1.00000000000000e+05 
2.67692934652604e-02 1.00000000000000e+05 
2.68832967811925e-02 1.00000000000000e+05 
2.69972552282705e-02 1.00000000000000e+05 
2.71112058734382e-02 1.00000000000000e+05 
2.72251674947897e-02 1.00000000000000e+05 
2.73391539320144e-02 1.00000000000000e+05 
2.74531672665768e-02 1.00000000000000e+05 
2.75672114041812e-02 1.00000000000000e+05 
2.76811469632518e-02 1.00000000000000e+05 
2.77948611772255e-02 1.00000000000000e+05 
2.79084439647481e-02 1.00000000000000e+05 
2.80220752175880e-02 1.00000000000000e+05 
2.81357406906194e-02 1.00000000000000e+05 
2.82494961181755e-02 1.00000000000000e+05 
2.83633001040231e-02 1.00000000000000e+05 
2.84771764117419e-02 1.00000000000000e+05 
2.85910839713864e-02 1.00000000000000e+05 
2.87051191989501e-02 1.00000000000000e+05 
2.88191947532412e-02 1.00000000000000e+05 
2.89333701121783e-02 1.00000000000000e+05 
2.90477062414619e-02 1.00000000000000e+05 
2.91623326826155e-02 1.00000000000000e+05 
2.92771877405809e-02 1.00000000000000e+05 
2.93922847158779e-02 1.00000000000000e+05 
2.95074737451728e-02 1.00000000000000e+05 
2.96228724023238e-02 1.00000000000000e+05 
2.97383518812408e-02 1.00000000000000e+05 
2.98539995853046e-02 1.00000000000000e+05 
2.99697500586926e-02 1.00000000000000e+05 
3.00857227098916e-02 1.00000000000000e+05 
3.02017374026460e-02 1.00000000000000e+05 
3.03180107920840e-02 1.00000000000000e+05 
3.04343859956085e-02 1.00000000000000e+05 
3.05510810171466e-02 1.00000000000000e+05 
3.06678795158914e-02 1.00000000000000e+05 
3.07847049905874e-02 1.00000000000000e+05 
3.09015821186471e-02 1.00000000000000e+05 
3.10178331675879e-02 1.00000000000000e+05 
3.11346709489280e-02 1.00000000000000e+05 
3.12515269360009e-02 1.00000000000000e+05 
3.13683974719160e-02 1.00000000000000e+05 
3.14847203696267e-02 1.00000000000000e+05 
3.16017736958101e-02 1.00000000000000e+05 
3.17182591071152e-02 1.00000000000000e+05 
3.18356949492565e-02 1.00000000000000e+05 
3.19530586867455e-02 1.00000000000000e+05 
3.20705268642111e-02 1.00000000000000e+05 
3.21879744273326e-02 1.00000000000000e+05 
3.23058747218511e-02 1.00000000000000e+05 
3.24235537726658e-02 1.00000000000000e+05 
3.25417425233676e-02 1.00000000000000e+05 
3.26601131507247e-02 1.00000000000000e+05 
3.27786819356101e-02 1.00000000000000e+05 
3.28974014817916e-02 1.00000000000000e+05 
3.30163032333823e-02 1.00000000000000e+05 
3.31353838134237e-02 1.00000000000000e+05 
3.32545200713049e-02 1.00000000000000e+05 
3.33735985909141e-02 1.00000000000000e+05 
3.34927086232636e-02 1.00000000000000e+05 
3.36119776337774e-02 1.00000000000000e+05 
3.37314108226324e-02 1.00000000000000e+05 
3.38511033048647e-02 1.00000000000000e+05 
3.39709907252352e-02 1.00000000000000e+05 
3.40911845065826e-02 1.00000000000000e+05 
3.42072258120497e-02 1.00000000000000e+05 
3.43205115875274e-02 1.00000000000000e+05 
3.44364673587073e-02 1.00000000000000e+05 
3.45497352446995e-02 1.00000000000000e+05 
3.46642699672608e-02 1.00000000000000e+05 
3.47805832516718e-02 1.00000000000000e+05 
3.48970992895726e-02 1.00000000000000e+05 
3.50110400117667e-02 1.00000000000000e+05 
3.51264510429440e-02 1.00000000000000e+05 
3.52408513400283e-02 1.00000000000000e+05 
3.53569306831264e-02 1.00000000000000e+05 
3.54748342898097e-02 1.00000000000000e+05 
3.55930905608613e-02 1.00000000000000e+05 
3.57086527455778e-02 1.00000000000000e+05 
3.58296232970323e-02 1.00000000000000e+05 
3.59459059292230e-02 1.00000000000000e+05 
3.60678315623904e-02 1.00000000000000e+05 
3.61889636130259e-02 1.00000000000000e+05 
3.63114105911506e-02 1.00000000000000e+05 
3.64302413221964e-02 1.00000000000000e+05 
3.65552598608595e-02 1.00000000000000e+05 
3.66754736712658e-02 1.00000000000000e+05 
3.67991437034650e-02 1.00000000000000e+05 
3.69251690600410e-02 1.00000000000000e+05 
3.70511916614244e-02 1.00000000000000e+05 
3.71752802095628e-02 1.00000000000000e+05 
3.73013602992036e-02 1.00000000000000e+05 
3.74262078411130e-02 1.00000000000000e+05 
3.75524413040162e-02 1.00000000000000e+05 
3.76787386676976e-02 1.00000000000000e+05 
3.78050852856772e-02 1.00000000000000e+05 
3.79314519392082e-02 1.00000000000000e+05 
3.80578746492367e-02 1.00000000000000e+05 
3.81843376441799e-02 1.00000000000000e+05 
3.83108403252792e-02 1.00000000000000e+05 
3.84373779800075e-02 1.00000000000000e+05 
3.85639694786342e-02 1.00000000000000e+05 
3.86905883316505e-02 1.00000000000000e+05 
3.88170794105094e-02 1.00000000000000e+05 
3.89345994273662e-02 1.00000000000000e+05 
3.90533403236439e-02 1.00000000000000e+05 
3.91750617091156e-02 1.00000000000000e+05 
3.92970855511493e-02 1.00000000000000e+05 
3.94160364265161e-02 1.00000000000000e+05 
3.95373485582881e-02 1.00000000000000e+05 
3.96574421874917e-02 1.00000000000000e+05 
3.97799207926584e-02 1.00000000000000e+05 
3.99051950141254e-02 1.00000000000000e+05 
4.00315691844603e-02 1.00000000000000e+05 
4.01546499429447e-02 1.00000000000000e+05 
4.02818459873829e-02 1.00000000000000e+05 
4.04009252721220e-02 1.00000000000000e+05 
4.05256086774864e-02 1.00000000000000e+05 
4.06492693336459e-02 1.00000000000000e+05 
4.07733731065417e-02 1.00000000000000e+05 
4.08941623869062e-02 1.00000000000000e+05 
4.10209231690902e-02 1.00000000000000e+05 
4.11427473950513e-02 1.00000000000000e+05 
4.12715949329233e-02 1.00000000000000e+05 
4.13999739512241e-02 1.00000000000000e+05 
4.15299950863513e-02 1.00000000000000e+05 
4.16557724287829e-02 1.00000000000000e+05 
4.17869420528912e-02 1.00000000000000e+05 
4.19145830400216e-02 1.00000000000000e+05 
4.20467166471833e-02 1.00000000000000e+05 
4.21793791092026e-02 1.00000000000000e+05 
4.23123750828534e-02 1.00000000000000e+05 
4.24412150607028e-02 1.00000000000000e+05 
4.25726419454412e-02 1.00000000000000e+05 
4.27020180266117e-02 1.00000000000000e+05 
4.28325831085361e-02 1.00000000000000e+05 
4.29661693319640e-02 1.00000000000000e+05 
4.30998717476124e-02 1.00000000000000e+05 
4.32303666184011e-02 1.00000000000000e+05 
4.33635284767267e-02 1.00000000000000e+05 
4.34953300365732e-02 1.00000000000000e+05 
4.36296661752770e-02 1.00000000000000e+05 
4.37641222870640e-02 1.00000000000000e+05 
4.38986401619344e-02 1.00000000000000e+05 
4.40332483681042e-02 1.00000000000000e+05 
4.41679224946457e-02 1.00000000000000e+05 
4.43020101699142e-02 1.00000000000000e+05 
4.44318780505305e-02 1.00000000000000e+05 
4.45647548252803e-02 1.00000000000000e+05 
4.46974943129005e-02 1.00000000000000e+05 
4.48269303805661e-02 1.00000000000000e+05 
4.49585593041463e-02 1.00000000000000e+05 
4.50882802523035e-02 1.00000000000000e+05 
4.52201463382994e-02 1.00000000000000e+05 
4.53550332566799e-02 1.00000000000000e+05 
4.54906994380532e-02 1.00000000000000e+05 
4.56233720185129e-02 1.00000000000000e+05 
4.57593627174179e-02 1.00000000000000e+05 
4.58934318656693e-02 1.00000000000000e+05 
4.60298268377197e-02 1.00000000000000e+05 
4.61663456602027e-02 1.00000000000000e+05 
4.63030739183595e-02 1.00000000000000e+05 
4.64401025251211e-02 1.00000000000000e+05 
4.65773612816943e-02 1.00000000000000e+05 
4.67150155468126e-02 1.00000000000000e+05 
4.68527483670167e-02 1.00000000000000e+05 
4.69904277975724e-02 1.00000000000000e+05 
4.71280792905854e-02 1.00000000000000e+05 
4.72657211844753e-02 1.00000000000000e+05 
4.74034278484500e-02 1.00000000000000e+05 
4.75412008020687e-02 1.00000000000000e+05 
4.76790331104531e-02 1.00000000000000e+05 
4.78169152750003e-02 1.00000000000000e+05 
4.79548028447593e-02 1.00000000000000e+05 
4.80926699868272e-02 1.00000000000000e+05 
4.82305190854124e-02 1.00000000000000e+05 
4.83683231585008e-02 1.00000000000000e+05 
4.85062090800909e-02 1.00000000000000e+05 
4.86443051317674e-02 1.00000000000000e+05 
4.87824484468956e-02 1.00000000000000e+05 
4.89206912764487e-02 1.00000000000000e+05 
4.90590659041161e-02 1.00000000000000e+05 
4.91975672293692e-02 1.00000000000000e+05 
4.93360422046160e-02 1.00000000000000e+05 
4.94745550082407e-02 1.00000000000000e+05 
4.96130506560742e-02 1.00000000000000e+05 
4.97516151449657e-02 1.00000000000000e+05 
4.98903439747962e-02 1.00000000000000e+05 
5.00294047492593e-02 1.00000000000000e+05 
5.01688331423497e-02 1.00000000000000e+05 
5.03085587263580e-02 1.00000000000000e+05 
5.04485099847976e-02 1.00000000000000e+05 
5.05887133458134e-02 1.00000000000000e+05 
5.07290272241762e-02 1.00000000000000e+05 
5.08695722253669e-02 1.00000000000000e+05 
5.10103410695523e-02 1.00000000000000e+05 
5.11512817160944e-02 1.00000000000000e+05 
5.12924088587378e-02 1.00000000000000e+05 
5.14338311607103e-02 1.00000000000000e+05 
5.15755149901376e-02 1.00000000000000e+05 
5.17176150139858e-02 1.00000000000000e+05 
5.18598630805205e-02 1.00000000000000e+05 
5.20021369882140e-02 1.00000000000000e+05 
5.21444598678542e-02 1.00000000000000e+05 
5.22868244644209e-02 1.00000000000000e+05 
5.24292649584914e-02 1.00000000000000e+05 
5.25717422265105e-02 1.00000000000000e+05 
5.27142984989482e-02 1.00000000000000e+05 
5.28569525533228e-02 1.00000000000000e+05 
5.29996371938569e-02 1.00000000000000e+05 
5.31423688600074e-02 1.00000000000000e+05 
5.32851259851410e-02 1.00000000000000e+05 
5.34279223003992e-02 1.00000000000000e+05 
5.35707825284008e-02 1.00000000000000e+05 
5.37137008075602e-02 1.00000000000000e+05 
5.38566671442170e-02 1.00000000000000e+05 
5.39997763158618e-02 1.00000000000000e+05 
5.41429831056388e-02 1.00000000000000e+05 
5.42862841232832e-02 1.00000000000000e+05 
5.44297707673175e-02 1.00000000000000e+05 
5.45735288063512e-02 1.00000000000000e+05 
5.47177545240942e-02 1.00000000000000e+05 
5.48624845324296e-02 1.00000000000000e+05 
5.50076488230030e-02 1.00000000000000e+05 
5.51531709688264e-02 1.00000000000000e+05 
5.52990597632246e-02 1.00000000000000e+05 
5.54452487499660e-02 1.00000000000000e+05 
5.55917570272045e-02 1.00000000000000e+05 
5.57386825480388e-02 1.00000000000000e+05 
5.58860527863357e-02 1.00000000000000e+05 
5.60337404213963e-02 1.00000000000000e+05 
5.61813052513586e-02 1.00000000000000e+05 
5.63287959506298e-02 1.00000000000000e+05 
5.64762448432477e-02 1.00000000000000e+05 
5.66237552769415e-02 1.00000000000000e+05 
5.67712819899137e-02 1.00000000000000e+05 
5.69187803678111e-02 1.00000000000000e+05 
5.70662040783279e-02 1.00000000000000e+05 
5.72136014114380e-02 1.00000000000000e+05 
5.73609925478292e-02 1.00000000000000e+05 
5.75085051617934e-02 1.00000000000000e+05 
5.76560606123975e-02 1.00000000000000e+05 
5.78036260293980e-02 1.00000000000000e+05 
5.79511608488367e-02 1.00000000000000e+05 
5.80987135458613e-02 1.00000000000000e+05 
5.82463040695225e-02 1.00000000000000e+05 
5.83940710851258e-02 1.00000000000000e+05 
5.85419130107565e-02 1.00000000000000e+05 
5.86898021043127e-02 1.00000000000000e+05 
5.88376947217543e-02 1.00000000000000e+05 
5.89856383708669e-02 1.00000000000000e+05 
5.91336216243854e-02 1.00000000000000e+05 
5.92817393773665e-02 1.00000000000000e+05 
5.94299346090945e-02 1.00000000000000e+05 
5.95781913965136e-02 1.00000000000000e+05 
5.97264279991065e-02 1.00000000000000e+05 
5.98746533832255e-02 1.00000000000000e+05 
6.00228933735816e-02 1.00000000000000e+05 
6.01713026887697e-02 1.00000000000000e+05 
6.03177784229593e-02 1.00000000000000e+05 
6.04663837279728e-02 1.00000000000000e+05 
6.06149982450793e-02 1.00000000000000e+05 
6.07636342423014e-02 1.00000000000000e+05 
6.09123148621730e-02 1.00000000000000e+05 
6.10611887004645e-02 1.00000000000000e+05 
6.12101967832572e-02 1.00000000000000e+05 
6.13589966782469e-02 1.00000000000000e+05 
6.15081381887594e-02 1.00000000000000e+05 
6.16573210980265e-02 1.00000000000000e+05 
6.18065682800356e-02 1.00000000000000e+05 
6.19560278030516e-02 1.00000000000000e+05 
6.21056352135245e-02 1.00000000000000e+05 
6.22553588392268e-02 1.00000000000000e+05 
6.24051206259476e-02 1.00000000000000e+05 
6.25549384782701e-02 1.00000000000000e+05 
6.27048298867552e-02 1.00000000000000e+05 
6.28549414306040e-02 1.00000000000000e+05 
6.30052099417537e-02 1.00000000000000e+05 
6.31556003048036e-02 1.00000000000000e+05 
6.33060395734714e-02 1.00000000000000e+05 
6.34565512377919e-02 1.00000000000000e+05 
6.36071500202598e-02 1.00000000000000e+05 
6.37579432979998e-02 1.00000000000000e+05 
6.39089021569944e-02 1.00000000000000e+05 
6.40599865378745e-02 1.00000000000000e+05 
6.42111164846427e-02 1.00000000000000e+05 
6.43623003669168e-02 1.00000000000000e+05 
6.45135484548734e-02 1.00000000000000e+05 
6.46551123063266e-02 1.00000000000000e+05 
6.48067029794644e-02 1.00000000000000e+05 
6.49584235208285e-02 1.00000000000000e+05 
6.51101882479352e-02 1.00000000000000e+05 
6.52620209053878e-02 1.00000000000000e+05 
6.54139304512283e-02 1.00000000000000e+05 
6.55660259863171e-02 1.00000000000000e+05 
6.57182967527237e-02 1.00000000000000e+05 
6.58706855920942e-02 1.00000000000000e+05 
6.60231052208553e-02 1.00000000000000e+05 
6.61755670422269e-02 1.00000000000000e+05 
6.63280560868007e-02 1.00000000000000e+05 
6.64805984485960e-02 1.00000000000000e+05 
6.66331644428092e-02 1.00000000000000e+05 
6.67857836136559e-02 1.00000000000000e+05 
6.69384383861490e-02 1.00000000000000e+05 
6.70910853530950e-02 1.00000000000000e+05 
6.72437607487767e-02 1.00000000000000e+05 
6.73964924153553e-02 1.00000000000000e+05 
6.75492487315736e-02 1.00000000000000e+05 
6.77020611751693e-02 1.00000000000000e+05 
6.78549110962264e-02 1.00000000000000e+05 
6.80077534363608e-02 1.00000000000000e+05 
6.81606237669225e-02 1.00000000000000e+05 
6.83135521761320e-02 1.00000000000000e+05 
6.84665049478006e-02 1.00000000000000e+05 
6.86195168528009e-02 1.00000000000000e+05 
6.87725695057767e-02 1.00000000000000e+05 
6.89256109180396e-02 1.00000000000000e+05 
6.90786535288485e-02 1.00000000000000e+05 
6.92225665788675e-02 1.00000000000000e+05 
6.93756744740902e-02 1.00000000000000e+05 
6.95288383437921e-02 1.00000000000000e+05 
6.96820925323654e-02 1.00000000000000e+05 
6.98353664733788e-02 1.00000000000000e+05 
6.99886545618468e-02 1.00000000000000e+05 
7.01410151190184e-02 1.00000000000000e+05 
7.02942982606470e-02 1.00000000000000e+05 
7.04475943468216e-02 1.00000000000000e+05 
7.06009231342458e-02 1.00000000000000e+05 
7.07542294108000e-02 1.00000000000000e+05 
7.09075499625764e-02 1.00000000000000e+05 
7.10609413273523e-02 1.00000000000000e+05 
7.12143726783639e-02 1.00000000000000e+05 
7.13678843404021e-02 1.00000000000000e+05 
7.15214657456567e-02 1.00000000000000e+05 
7.16750338576714e-02 1.00000000000000e+05 
7.18286115877237e-02 1.00000000000000e+05 
7.19822467019853e-02 1.00000000000000e+05 
7.21359019378929e-02 1.00000000000000e+05 
7.22896242774800e-02 1.00000000000000e+05 
7.24434103236920e-02 1.00000000000000e+05 
7.25971853994877e-02 1.00000000000000e+05 
7.27509741968761e-02 1.00000000000000e+05 
7.29048235040342e-02 1.00000000000000e+05 
7.30586957408802e-02 1.00000000000000e+05 
7.32126349958677e-02 1.00000000000000e+05 
7.33666375378968e-02 1.00000000000000e+05 
7.35206329678343e-02 1.00000000000000e+05 
7.36746208104008e-02 1.00000000000000e+05 
7.38286293500404e-02 1.00000000000000e+05 
7.39826247109871e-02 1.00000000000000e+05 
7.41366278447158e-02 1.00000000000000e+05 
7.42906436648113e-02 1.00000000000000e+05 
7.44446344640278e-02 1.00000000000000e+05 
7.45986122288895e-02 1.00000000000000e+05 
7.47526098248950e-02 1.00000000000000e+05 
7.49065955137272e-02 1.00000000000000e+05 
7.50605896230413e-02 1.00000000000000e+05 
7.52145973524708e-02 1.00000000000000e+05 
7.53685841238310e-02 1.00000000000000e+05 
7.55225631843462e-02 1.00000000000000e+05 
7.56765663330220e-02 1.00000000000000e+05 
7.58305643652825e-02 1.00000000000000e+05 
7.59845779138106e-02 1.00000000000000e+05 
7.61386114273821e-02 1.00000000000000e+05 
7.62926322175474e-02 1.00000000000000e+05 
7.64466529924266e-02 1.00000000000000e+05 
7.66007024959273e-02 1.00000000000000e+05 
7.67547516478808e-02 1.00000000000000e+05 
7.69088184246922e-02 1.00000000000000e+05 
7.70629060634857e-02 1.00000000000000e+05 
7.72169834893718e-02 1.00000000000000e+05 
7.73710630887773e-02 1.00000000000000e+05 
7.75251704522697e-02 1.00000000000000e+05 
7.76792783524641e-02 1.00000000000000e+05 
7.78334038931797e-02 1.00000000000000e+05 
7.79875503316539e-02 1.00000000000000e+05 
7.81416903047027e-02 1.00000000000000e+05 
7.82958365482058e-02 1.00000000000000e+05 
7.84500112244458e-02 1.00000000000000e+05 
7.86041893258435e-02 1.00000000000000e+05 
7.87583862919320e-02 1.00000000000000e+05 
7.89126038911688e-02 1.00000000000000e+05 
7.90668173337108e-02 1.00000000000000e+05 
7.92210381106578e-02 1.00000000000000e+05 
7.93752826623159e-02 1.00000000000000e+05 
7.95295285717281e-02 1.00000000000000e+05 
7.96837894988424e-02 1.00000000000000e+05 
7.98380671145393e-02 1.00000000000000e+05 
7.99923412926434e-02 1.00000000000000e+05 
8.01466242553697e-02 1.00000000000000e+05 
8.03009284547422e-02 1.00000000000000e+05 
8.04552355007136e-02 1.00000000000000e+05 
8.06095576381166e-02 1.00000000000000e+05 
8.07638969894196e-02 1.00000000000000e+05 
8.09182375334859e-02 1.00000000000000e+05 
8.10725908696535e-02 1.00000000000000e+05 
8.12269615899629e-02 1.00000000000000e+05 
8.13813271780342e-02 1.00000000000000e+05 
8.15091434328311e-02 1.00000000000000e+05 
8.16497413131077e-02 1.00000000000000e+05 
8.17979565393992e-02 1.00000000000000e+05 
8.19502981840105e-02 1.00000000000000e+05 
8.20912587961197e-02 1.00000000000000e+05 
8.22403230824486e-02 1.00000000000000e+05 
8.23937029806510e-02 1.00000000000000e+05 
8.25420944409035e-02 1.00000000000000e+05 
8.26956861983129e-02 1.00000000000000e+05 
8.28501671712419e-02 1.00000000000000e+05 
8.30046723140787e-02 1.00000000000000e+05 
8.31591904137657e-02 1.00000000000000e+05 
8.33137298213035e-02 1.00000000000000e+05 
8.34682935367831e-02 1.00000000000000e+05 
8.36228756208418e-02 1.00000000000000e+05 
8.37774831355688e-02 1.00000000000000e+05 
8.39321143799538e-02 1.00000000000000e+05 
8.40867601170971e-02 1.00000000000000e+05 
8.42414269715527e-02 1.00000000000000e+05 
8.43961160644546e-02 1.00000000000000e+05 
8.45508246434278e-02 1.00000000000000e+05 
8.47055593841140e-02 1.00000000000000e+05 
8.48603137828281e-02 1.00000000000000e+05 
8.50150814024933e-02 1.00000000000000e+05 
8.51698669011140e-02 1.00000000000000e+05 
8.53246710600816e-02 1.00000000000000e+05 
8.54794954166465e-02 1.00000000000000e+05 
8.56343466810028e-02 1.00000000000000e+05 
8.57892150431299e-02 1.00000000000000e+05 
8.59440967809825e-02 1.00000000000000e+05 
8.60989948316004e-02 1.00000000000000e+05 
8.62539097954765e-02 1.00000000000000e+05 
8.64088464225193e-02 1.00000000000000e+05 
8.65638109611887e-02 1.00000000000000e+05 
8.66984336293298e-02 1.00000000000000e+05 
8.68465185642850e-02 1.00000000000000e+05 
8.70015298623483e-02 1.00000000000000e+05 
8.71565593791481e-02 1.00000000000000e+05 
8.73116135830765e-02 1.00000000000000e+05 
8.74666984308084e-02 1.00000000000000e+05 
8.76218001023655e-02 1.00000000000000e+05 
8.77769196936308e-02 1.00000000000000e+05 
8.79320567842438e-02 1.00000000000000e+05 
8.80871962040261e-02 1.00000000000000e+05 
8.82423473082230e-02 1.00000000000000e+05 
8.83975218465697e-02 1.00000000000000e+05 
8.85527168522257e-02 1.00000000000000e+05 
8.87079305965174e-02 1.00000000000000e+05 
8.88631552307256e-02 1.00000000000000e+05 
8.90183819167135e-02 1.00000000000000e+05 
8.91736206199661e-02 1.00000000000000e+05 
8.93288821632250e-02 1.00000000000000e+05 
8.94841621679931e-02 1.00000000000000e+05 
8.96394590187670e-02 1.00000000011407e+05 
8.97947637057103e-02 1.00000000044160e+05 
8.99500678244643e-02 1.00000000236771e+05 
9.01053821498400e-02 1.00000000507985e+05 
9.02607165764828e-02 1.00000000866505e+05 
9.04160664868094e-02 1.00000001327487e+05 
9.05714313605470e-02 1.00000001979360e+05 
9.07267902189779e-02 1.00000002612117e+05 
9.08821376812794e-02 1.00000003303977e+05 
9.10374761924720e-02 1.00000004023539e+05 
9.11928035956476e-02 1.00000004686884e+05 
9.13481136842292e-02 1.00000005408861e+05 
9.15034201931320e-02 1.00000006184223e+05 
9.16587184890825e-02 1.00000006990885e+05 
9.18139992267287e-02 1.00000007820938e+05 
9.19692645834715e-02 1.00000008673687e+05 
9.21245211394803e-02 1.00000009537430e+05 
9.22797697306797e-02 1.00000010403013e+05 
9.24350201796188e-02 1.00000011264026e+05 
9.25721846957201e-02 1.00000012016831e+05 
9.27230656634315e-02 1.00000012826974e+05 
9.28782778332906e-02 1.00000013642241e+05 
9.30334836374368e-02 1.00000014452542e+05 
9.31883695243815e-02 1.00000015257760e+05 
9.33435726056773e-02 1.00000016020475e+05 
9.34642916906547e-02 1.00000016556261e+05 
9.35956403032986e-02 1.00000017111514e+05 
9.37367620004344e-02 1.00000017779468e+05 
9.38876077191553e-02 1.00000018633898e+05 
9.40119703672040e-02 1.00000019443675e+05 
9.41487692800575e-02 1.00000020462230e+05 
9.42974209429197e-02 1.00000021708054e+05 
9.44525482472941e-02 1.00000023435931e+05 
9.46076671243243e-02 1.00000025494559e+05 
9.47627804344235e-02 1.00000028338571e+05 
9.49178889948598e-02 1.00000032823075e+05 
9.50730024347432e-02 1.00000040673874e+05 
9.52281068127500e-02 1.00000059225334e+05 
9.53831927291063e-02 1.00000091044184e+05 
9.55382705333268e-02 1.00000139830490e+05 
9.56933438987341e-02 1.00000210268358e+05 
9.58484156394253e-02 1.00000304689318e+05 
9.60034941395181e-02 1.00000421446950e+05 
9.61585647161984e-02 1.00000562313829e+05 
9.62736497227867e-02 1.00000684094454e+05 
9.63997903227013e-02 1.00000834891773e+05 
9.65375354024209e-02 1.00001021016837e+05 
9.66843660637168e-02 1.00001244748981e+05 
9.68373951806878e-02 1.00001506045168e+05 
9.69923035445470e-02 1.00001800100585e+05 
9.71472410640343e-02 1.00002124210470e+05 
9.73022217358473e-02 1.00002476846456e+05 
9.74572889324039e-02 1.00002856239390e+05 
9.76124007982093e-02 1.00003259443842e+05 
9.77675504685903e-02 1.00003682239656e+05 
9.79226963245310e-02 1.00004120493946e+05 
9.80778079639144e-02 1.00004570275590e+05 
9.82328889162292e-02 1.00005025020988e+05 
9.83879503016022e-02 1.00005479797188e+05 
9.85429948373882e-02 1.00005926843492e+05 
9.86980363997559e-02 1.00006358639032e+05 
9.88530678252303e-02 1.00006770217808e+05 
9.90080811612967e-02 1.00007158857241e+05 
9.91630854637316e-02 1.00007518577558e+05 
9.93180871239352e-02 1.00007850400305e+05 
9.94730886533059e-02 1.00008157713266e+05 
9.96281019516782e-02 1.00008436039029e+05 
9.97831137536207e-02 1.00008673592317e+05 
9.99381164437208e-02 1.00008876997905e+05 
1.00093119210863e-01 1.00009104856876e+05 
1.00248124149483e-01 1.00009376170862e+05 
1.00403135350123e-01 1.00009690091844e+05 
1.00558161099608e-01 1.00010047231091e+05 
1.00713186892831e-01 1.00010448613437e+05 
1.00868204647550e-01 1.00010992542583e+05 
1.01023222017762e-01 1.00011625444521e+05 
1.01178240179486e-01 1.00012467655887e+05 
1.01333264683083e-01 1.00013961327293e+05 
1.01488303175435e-01 1.00017340070815e+05 
1.01643342102908e-01 1.00027983098582e+05 
1.01798375193144e-01 1.00047562095693e+05 
1.01953409580323e-01 1.00078923643679e+05 
1.02108446134900e-01 1.00124228536304e+05 
1.02263489959076e-01 1.00185422185715e+05 
1.02418548115569e-01 1.00261801144083e+05 
1.02573607130473e-01 1.00352843216659e+05 
1.02728661271976e-01 1.00459781311804e+05 
1.02883716963876e-01 1.00582928571859e+05 
1.03038774730437e-01 1.00722757176206e+05 
1.03193838907928e-01 1.00879461697775e+05 
1.03348916432961e-01 1.01052981402941e+05 
1.03503994916896e-01 1.01243215077496e+05 
1.03651487891489e-01 1.01439303520127e+05 
1.03806563656907e-01 1.01660973592128e+05 
1.03961641455529e-01 1.01896084493193e+05 
1.04116724886633e-01 1.02144866711834e+05 
1.04271820812278e-01 1.02405254262446e+05 
1.04426918537782e-01 1.02674837742233e+05 
1.04582013286158e-01 1.02951119264651e+05 
1.04737109770715e-01 1.03230912656048e+05 
1.04892208355892e-01 1.03512028563398e+05 
1.05047312003837e-01 1.03791622249178e+05 
1.05202427437446e-01 1.04066243277668e+05 
1.05357544904411e-01 1.04332316175777e+05 
1.05512659818886e-01 1.04586378022963e+05 
1.05667776257459e-01 1.04829239380317e+05 
1.05822894466241e-01 1.05053819192407e+05 
1.05978016235121e-01 1.05255659706551e+05 
1.06133148562624e-01 1.05433269800763e+05 
1.06288282619999e-01 1.05600014596788e+05 
1.06443414054974e-01 1.05739908572551e+05 
1.06598546626076e-01 1.05841269650706e+05 
1.06753680268558e-01 1.05911256791305e+05 
1.06908815489651e-01 1.05955845314513e+05 
1.07063959866364e-01 1.05978639062758e+05 
1.07219106041888e-01 1.05960002936064e+05 
1.07337478723224e-01 1.05947169817411e+05 
1.07464034979387e-01 1.05934075134786e+05 
1.07595714674573e-01 1.05920453287194e+05 
1.07733149698617e-01 1.05905440396650e+05 
1.07880031451798e-01 1.05884833588442e+05 
1.08002144870157e-01 1.05863909501655e+05 
1.08136469630352e-01 1.05835636103177e+05 
1.08284226866567e-01 1.05796992336740e+05 
1.08439361794707e-01 1.05746682879943e+05 
1.08566984786283e-01 1.05697220533879e+05 
1.08704648631949e-01 1.05637666943202e+05 
1.08848276770646e-01 1.05568742172318e+05 
1.08995332584959e-01 1.05491458891749e+05 
1.09137813539836e-01 1.05410358138158e+05 
1.09284686983388e-01 1.05320460175149e+05 
1.09434352515457e-01 1.05222803108448e+05 
1.09586520907161e-01 1.05117715972803e+05 
1.09724202520707e-01 1.05017765548784e+05 
1.09872222176065e-01 1.04905730018359e+05 
1.10025565044130e-01 1.04785318840826e+05 
1.10180728436184e-01 1.04659209236821e+05 
1.10323916438129e-01 1.04539567296035e+05 
1.10476536470961e-01 1.04409099008722e+05 
1.10631695248979e-01 1.04273921910083e+05 
1.10786857591087e-01 1.04136696292011e+05 
1.10942031279177e-01 1.03998130042055e+05 
1.11097211488926e-01 1.03858281437079e+05 
1.11252389645680e-01 1.03718040163065e+05 
1.11407579570136e-01 1.03577689184154e+05 
1.11562775149464e-01 1.03437625741597e+05 
1.11717975775295e-01 1.03298094006144e+05 
1.11873188662124e-01 1.03159734818874e+05 
1.12028405361806e-01 1.03022140684134e+05 
1.12183617326825e-01 1.02886159067697e+05 
1.12338838737251e-01 1.02751697787558e+05 
1.12494064325824e-01 1.02619033517684e+05 
1.12649296493854e-01 1.02488123586457e+05 
1.12804543415997e-01 1.02359211325762e+05 
1.12959795397206e-01 1.02231897145966e+05 
1.13115042635898e-01 1.02106782611512e+05 
1.13270301761109e-01 1.01983735975389e+05 
1.13425568129977e-01 1.01862890398217e+05 
1.13580845060026e-01 1.01744103082575e+05 
1.13736141923693e-01 1.01627649020416e+05 
1.13891447057933e-01 1.01512997498442e+05 
1.14046750343226e-01 1.01400848921119e+05 
1.14202068972914e-01 1.01290925804374e+05 
1.14357397914957e-01 1.01183232216330e+05 
1.14512740731071e-01 1.01077715526867e+05 
1.14668108078420e-01 1.00974520373634e+05 
1.14823470759959e-01 1.00873242831078e+05 
1.14978758600770e-01 1.00774180505943e+05 
1.15134011776163e-01 1.00677175272725e+05 
1.15289213156723e-01 1.00582199274475e+05 
1.15444351972003e-01 1.00489120257238e+05 
1.15599430863493e-01 1.00398025310465e+05 
1.15754445701706e-01 1.00308468182717e+05 
1.15909409447721e-01 1.00220600869787e+05 
1.16064359930103e-01 1.00134280723641e+05 
1.16219276099159e-01 1.00049455287039e+05 
1.16374149055205e-01 9.99659723286239e+04 
1.16528989990553e-01 9.98839069613728e+04 
1.16683793734969e-01 9.98028698626353e+04 
1.16838575852658e-01 9.97230387738500e+04 
1.16993368568025e-01 9.96443605273762e+04 
1.17148147794843e-01 9.95668475823770e+04 
1.17302909887470e-01 9.94904238292007e+04 
1.17457673628445e-01 9.94152351580321e+04 
1.17612432213179e-01 9.93410019929110e+04 
1.17767197135363e-01 9.92679346030105e+04 
1.17921993638912e-01 9.91960603897459e+04 
1.18076795184451e-01 9.91254713229086e+04 
1.18231607526106e-01 9.90561443052241e+04 
1.18386455785058e-01 9.89882514418457e+04 
1.18541327808446e-01 9.89214415350467e+04 
1.18696226641777e-01 9.88560827765266e+04 
1.18851134248656e-01 9.87922188295952e+04 
1.19006011970493e-01 9.87299013541836e+04 
1.19160854655615e-01 9.86691525161888e+04 
1.19315706806699e-01 9.86100268644526e+04 
1.19470570852843e-01 9.85523865884193e+04 
1.19625421281737e-01 9.84963470021283e+04 
1.19780281033735e-01 9.84420014612154e+04 
1.19935121074251e-01 9.83893795223189e+04 
1.20089947220390e-01 9.83379013915377e+04 
1.20244808973361e-01 9.82889291095759e+04 
1.20399706467819e-01 9.82423027510648e+04 
1.20554609471893e-01 9.81975922135944e+04 
1.20709539049233e-01 9.81547915354066e+04 
1.20864454231639e-01 9.81141468263763e+04 
1.21019388202083e-01 9.80750525684794e+04 
1.21174386310870e-01 9.80384212957810e+04 
1.21329441145708e-01 9.80042410568988e+04 
1.21484485945413e-01 9.79727027017310e+04 
1.21639593668907e-01 9.79440405853437e+04 
1.21794672686202e-01 9.79181420742685e+04 
1.21949804507232e-01 9.78948809664719e+04 
1.22104951522848e-01 9.78747034513692e+04 
1.22260119952201e-01 9.78568872676216e+04 
1.22415301024086e-01 9.78416141063976e+04 
1.22570515647814e-01 9.78288357058238e+04 
1.22725741824843e-01 9.78185718468351e+04 
1.22880972940788e-01 9.78103627097672e+04 
1.23036220116716e-01 9.78043756906857e+04 
1.23191493519307e-01 9.78001297792336e+04 
1.23346786281082e-01 9.77976399462366e+04 
1.23502117395941e-01 9.77970390967321e+04 
1.23657465039258e-01 9.77981040989282e+04 
1.23812819683345e-01 9.78005949647276e+04 
1.23968190050293e-01 9.78046272383663e+04 
1.24123589555889e-01 9.78097489544262e+04 
1.24279013881754e-01 9.78160388831540e+04 
1.24434480069406e-01 9.78237140171406e+04 
1.24589966535904e-01 9.78316578141684e+04 
1.24745461311465e-01 9.78402377897623e+04 
1.24900970388607e-01 9.78496035859017e+04 
1.25056509713402e-01 9.78600940720961e+04 
1.25212078035534e-01 9.78720206353342e+04 
1.25367690790657e-01 9.78853958612885e+04 
1.25523327296059e-01 9.79000357507558e+04 
1.25678973614115e-01 9.79159277283222e+04 
1.25834633162532e-01 9.79331475107036e+04 
1.25990323920169e-01 9.79517247709328e+04 
1.26146025462599e-01 9.79714425518054e+04 
1.26301725077346e-01 9.79926066366006e+04 
1.26457406946835e-01 9.80151012981529e+04 
1.26613052416925e-01 9.80387447763132e+04 
1.26768663438107e-01 9.80635054041436e+04 
1.26924260988903e-01 9.80894207177675e+04 
1.27079851017330e-01 9.81163936001339e+04 
1.27235438260773e-01 9.81444866187420e+04 
1.27391007893890e-01 9.81735326952959e+04 
1.27546539517242e-01 9.82034486037024e+04 
1.27702033633220e-01 9.82341883604815e+04 
1.27857512251643e-01 9.82657789870994e+04 
1.28012983669970e-01 9.82980024955861e+04 
1.28168451768284e-01 9.83308546801715e+04 
1.28323903206644e-01 9.83641272960709e+04 
1.28479316525142e-01 9.83976872436293e+04 
1.28634691326677e-01 9.84314478932454e+04 
1.28790050552054e-01 9.84654529322934e+04 
1.28945404420123e-01 9.84994139336000e+04 
1.29100666267823e-01 9.85332948379684e+04 
1.29256003066881e-01 9.85668292401712e+04 
1.29410989206546e-01 9.85998900311170e+04 
1.29566126636722e-01 9.86325159182042e+04 
1.29721161193047e-01 9.86648005022420e+04 
1.29876405515617e-01 9.86964451558633e+04 
1.30031068575180e-01 9.87273642429117e+04 
1.30185947357378e-01 9.87574255906144e+04 
1.30340403788044e-01 9.87865458884114e+04 
1.30495067416694e-01 9.88148534678901e+04 
1.30649667863868e-01 9.88425544712447e+04 
1.30804615373143e-01 9.88694209639070e+04 
1.30958994276424e-01 9.88953713047370e+04 
1.31113611910400e-01 9.89203277724320e+04 
1.31267882417116e-01 9.89443230728304e+04 
1.31422407060902e-01 9.89674994462675e+04 
1.31576907594587e-01 9.89902183550051e+04 
1.31731788397312e-01 9.90120654247160e+04 
1.31886198785671e-01 9.90331388100973e+04 
1.32040856588085e-01 9.90530772128691e+04 
1.32195238632824e-01 9.90720251120287e+04 
1.32349899443447e-01 9.90901430362379e+04 
1.32504568032715e-01 9.91078676276495e+04 
1.32659572499110e-01 9.91248383128652e+04 
1.32813942195257e-01 9.91413019514556e+04 
1.32968942796347e-01 9.91571422557516e+04 
1.33123914826279e-01 9.91720524296687e+04 
1.33247030009460e-01 9.91834248788842e+04 
1.33381120082135e-01 9.91958247388667e+04 
1.33497945694298e-01 9.92061802924482e+04 
1.33623623644636e-01 9.92169404009827e+04 
1.33760493135075e-01 9.92280729107143e+04 
1.33885353229083e-01 9.92379263877787e+04 
1.34016034165424e-01 9.92480022599315e+04 
1.34150378143040e-01 9.92578984149394e+04 
1.34276446055546e-01 9.92674260223619e+04 
1.34408797307937e-01 9.92779125442739e+04 
1.34538531054861e-01 9.92886664974910e+04 
1.34673433568952e-01 9.93004193908702e+04 
1.34808504060413e-01 9.93122957218452e+04 
1.34926324434988e-01 9.93229374191778e+04 
1.35054014403513e-01 9.93346456512835e+04 
1.35172378189250e-01 9.93456837833353e+04 
1.35301512938525e-01 9.93576377569020e+04 
1.35421347550497e-01 9.93688981717435e+04 
1.35546422803079e-01 9.93807142712137e+04 
1.35677371628321e-01 9.93934321131521e+04 
1.35797895174373e-01 9.94053842746039e+04 
1.35925617047510e-01 9.94180683191294e+04 
1.36057405021059e-01 9.94314134313371e+04 
1.36185424561413e-01 9.94444235248914e+04 
1.36317615861230e-01 9.94579592961512e+04 
1.36449231659195e-01 9.94717874224808e+04 
1.36577936285708e-01 9.94855704516714e+04 
1.36711514679395e-01 9.94999962618745e+04 
1.36841183916980e-01 9.95140992430510e+04 
1.36976380307936e-01 9.95291110231617e+04 
1.37114621997356e-01 9.95446435680883e+04 
1.37255080388687e-01 9.95607105293042e+04 
1.37397252361240e-01 9.95773091453858e+04 
1.37546321097710e-01 9.95947039638277e+04 
1.37700417652631e-01 9.96126455636015e+04 
1.37855582954585e-01 9.96306485766512e+04 
1.38010765052626e-01 9.96485373854860e+04 
1.38165958880153e-01 9.96664687428941e+04 
1.38274596759242e-01 9.96788931590765e+04 
1.38393215897223e-01 9.96922485920673e+04 
1.38521241495551e-01 9.97065249503901e+04 
1.38638619965671e-01 9.97195834693059e+04 
1.38766408277293e-01 9.97334974890373e+04 
1.38904011332792e-01 9.97481601837617e+04 
1.39050006525701e-01 9.97635593351864e+04 
1.39202034238789e-01 9.97790549017917e+04 
1.39357194700244e-01 9.97943361063529e+04 
1.39512424281011e-01 9.98092022036879e+04 
1.39667696796437e-01 9.98228841363132e+04 
1.39823029173869e-01 9.98363114645605e+04 
1.39978421358099e-01 9.98494209887631e+04 
1.40133859323568e-01 9.98618721276928e+04 
1.40289315885945e-01 9.98736700842335e+04 
1.40444773632025e-01 9.98850128070883e+04 
1.40600231779488e-01 9.98956460289030e+04 
1.40755684696962e-01 9.99057054769521e+04 
1.40911132243165e-01 9.99151115495843e+04 
1.41066578909216e-01 9.99236226505491e+04 
1.41222021962987e-01 9.99312151617215e+04 
1.41377457939427e-01 9.99380244401928e+04 
1.41532891437875e-01 9.99438613836104e+04 
1.41688322844282e-01 9.99488198473490e+04 
1.41843752221479e-01 9.99529059823011e+04 
1.41999189566849e-01 9.99558413651777e+04 
1.42154631540445e-01 9.99576487602376e+04 
1.42310074946443e-01 9.99584147304829e+04 
1.42465525208994e-01 9.99579259828436e+04 
1.42620981834913e-01 9.99562142891841e+04 
1.42776446487998e-01 9.99534717478161e+04 
1.42931927487054e-01 9.99494466736244e+04 
1.43087420296810e-01 9.99443159602165e+04 
1.43242920189456e-01 9.99382378136282e+04 
1.43398432180645e-01 9.99309901780610e+04 
1.43527541272246e-01 9.99241929700540e+04 
1.43669561273008e-01 9.99160544416207e+04 
1.43802928402439e-01 9.99076704651744e+04 
1.43941911067145e-01 9.98983804217079e+04 
1.44079713245319e-01 9.98887001887164e+04 
1.44206646747477e-01 9.98792754426023e+04 
1.44346273599850e-01 9.98684725682802e+04 
1.44465660616329e-01 9.98589776678011e+04 
1.44590839378669e-01 9.98487372999597e+04 
1.44722756195442e-01 9.98378088958181e+04 
1.44850010663730e-01 9.98271546953693e+04 
1.44975657351704e-01 9.98164598877889e+04 
1.45108472182037e-01 9.98050453416013e+04 
1.45246668378774e-01 9.97931912375067e+04 
1.45370594376618e-01 9.97825500103658e+04 
1.45502706755991e-01 9.97713818221867e+04 
1.45644336146976e-01 9.97595834525726e+04 
1.45776868913590e-01 9.97486138611206e+04 
1.45919828687477e-01 9.97370189878231e+04 
1.46047053078406e-01 9.97269756870153e+04 
1.46186999908426e-01 9.97162162870381e+04 
1.46311088553314e-01 9.97071265469217e+04 
1.46447586062690e-01 9.96975569687367e+04 
1.46589814373882e-01 9.96879498210206e+04 
1.46730118152100e-01 9.96788884981792e+04 
1.46868703523151e-01 9.96704161714759e+04 
1.47011960190288e-01 9.96621263445649e+04 
1.47151884250479e-01 9.96546891487388e+04 
1.47296977714149e-01 9.96474279994495e+04 
1.47442548380184e-01 9.96404389439975e+04 
1.47589411394886e-01 9.96337063418190e+04 
1.47733248256966e-01 9.96273810912238e+04 
1.47882436819570e-01 9.96210563895532e+04 
1.48027392620430e-01 9.96152518436563e+04 
1.48178360167447e-01 9.96092206076636e+04 
1.48329919941366e-01 9.96029953913200e+04 
1.48482809024525e-01 9.95966072009387e+04 
1.48631947033680e-01 9.95901102239186e+04 
1.48787206838454e-01 9.95831246906056e+04 
1.48937671736301e-01 9.95762691371538e+04 
1.49093698117432e-01 9.95687699274102e+04 
1.49249738220780e-01 9.95607423873806e+04 
1.49405789860964e-01 9.95522882532119e+04 
1.49560800967316e-01 9.95429529957830e+04 
1.49716887951109e-01 9.95336757510318e+04 
1.49872986698739e-01 9.95245818612450e+04 
1.50029092114488e-01 9.95153611040667e+04 
1.50185210893436e-01 9.95059569028817e+04 
1.50341340945177e-01 9.94965587409555e+04 
1.50497484710253e-01 9.94878654012963e+04 
1.50653650924559e-01 9.94783368979000e+04 
1.50809829551890e-01 9.94682841309976e+04 
1.50966015604816e-01 9.94578561101382e+04 
1.51122215619097e-01 9.94468176068050e+04 
1.51278427613309e-01 9.94355105810822e+04 
1.51434654514647e-01 9.94236722798630e+04 
1.51590904852207e-01 9.94116419902087e+04 
1.51747168509422e-01 9.94002697033116e+04 
1.51903440167028e-01 9.93885176401392e+04 
1.52059725831896e-01 9.93781775575917e+04 
1.52216023540834e-01 9.93692078676767e+04 
1.52372336691713e-01 9.93600499260808e+04 
1.52528673170174e-01 9.93510517894908e+04 
1.52685022817982e-01 9.93421086390127e+04 
1.52841380183776e-01 9.93322388011773e+04 
1.52997750809185e-01 9.93213134646135e+04 
1.53154132814492e-01 9.93101907947692e+04 
1.53310529665595e-01 9.92981310022023e+04 
1.53466948933022e-01 9.92855809008126e+04 
1.53623380573806e-01 9.92729473247037e+04 
1.53779819119264e-01 9.92597739341645e+04 
1.53936269738850e-01 9.92461713775286e+04 
1.54092730715397e-01 9.92321845344626e+04 
1.54249205337172e-01 9.92179526856629e+04 
1.54405700976688e-01 9.92047388249736e+04 
1.54562207979928e-01 9.91927246476527e+04 
1.54718720927043e-01 9.91807774465657e+04 
1.54875244669421e-01 9.91693727720439e+04 
1.55031777635207e-01 9.91592899537536e+04 
1.55188323018593e-01 9.91496771874927e+04 
1.55344887819885e-01 9.91416352249568e+04 
1.55501462947323e-01 9.91357512547097e+04 
1.55658042922966e-01 9.91304814365315e+04 
1.55814632343496e-01 9.91268773578686e+04 
1.55971229918459e-01 9.91257339810102e+04 
1.56127838743183e-01 9.91264984339154e+04 
1.56284465350939e-01 9.91310424463293e+04 
1.56441101301001e-01 9.91394713690110e+04 
1.56597741319624e-01 9.91499277828831e+04 
1.56754389521491e-01 9.91643061609339e+04 
1.56911044840709e-01 9.91811267852977e+04 
1.57067710239845e-01 9.91992462646814e+04 
1.57224391769427e-01 9.92209520333179e+04 
1.57381081819289e-01 9.92464120054182e+04 
1.57537775118427e-01 9.92735985515492e+04 
1.57694475398324e-01 9.93021919771794e+04 
1.57851181783326e-01 9.93341758198473e+04 
1.58007897073623e-01 9.93680979573032e+04 
1.58164626888547e-01 9.94052648815069e+04 
1.58321364391125e-01 9.94454376502445e+04 
1.58478104442519e-01 9.94867966117170e+04 
1.58634850456255e-01 9.95296740046927e+04 
1.58791601791702e-01 9.95741496126359e+04 
1.58948361148002e-01 9.96185023070087e+04 
1.59105133713481e-01 9.96641338666564e+04 
1.59261913347394e-01 9.97105061250218e+04 
1.59418695083189e-01 9.97557786178239e+04 
1.59575482212220e-01 9.98000949805946e+04 
1.59732274400262e-01 9.98438653301070e+04 
1.59889074318635e-01 9.98854727172621e+04 
1.60045886838197e-01 9.99261526044619e+04 
1.60202706425270e-01 9.99657666520246e+04 
1.60359528164654e-01 1.00002832134030e+05 
1.60516355329201e-01 1.00037502595020e+05 
1.60673187990332e-01 1.00071055706558e+05 
1.60830028953638e-01 1.00100671794240e+05 
1.60986882698948e-01 1.00126772591440e+05 
1.61143744167812e-01 1.00148787792642e+05 
1.61300608308208e-01 1.00165766872005e+05 
1.61457478375060e-01 1.00178606691082e+05 
1.61614354913835e-01 1.00188541577204e+05 
1.61771240848925e-01 1.00195830354688e+05 
1.61928140053364e-01 1.00201198014681e+05 
1.62085047522843e-01 1.00204153128672e+05 
1.62241957946867e-01 1.00205430619566e+05 
1.62398874436837e-01 1.00206173295260e+05 
1.62555797874304e-01 1.00206258549833e+05 
1.62712731067272e-01 1.00204299534885e+05 
1.62869677321308e-01 1.00201279164871e+05 
1.63026631831602e-01 1.00198283257911e+05 
1.63183589147527e-01 1.00193680816542e+05 
1.63340552159872e-01 1.00188160724392e+05 
1.63497521836338e-01 1.00182996154908e+05 
1.63654500691651e-01 1.00176330645903e+05 
1.63811491565142e-01 1.00169152357971e+05 
1.63968489948904e-01 1.00162109482278e+05 
1.64125490592106e-01 1.00153963212393e+05 
1.64282496428318e-01 1.00144948875276e+05 
1.64439508745111e-01 1.00135832720983e+05 
1.64596530151274e-01 1.00126057728853e+05 
1.64753563987909e-01 1.00116611697464e+05 
1.64910606528332e-01 1.00107424838651e+05 
1.65067652832759e-01 1.00097955652689e+05 
1.65224705905230e-01 1.00088538151771e+05 
1.65381767398077e-01 1.00080129739009e+05 
1.65538839824314e-01 1.00071440167915e+05 
1.65695926248397e-01 1.00063642532775e+05 
1.65853022771285e-01 1.00056768542501e+05 
1.66010124182005e-01 1.00050094785403e+05 
1.66167233336889e-01 1.00043943234417e+05 
1.66324351825126e-01 1.00038411387308e+05 
1.66481481791893e-01 1.00032833657550e+05 
1.66638625612865e-01 1.00028239522474e+05 
1.66769220917076e-01 1.00025658134635e+05 
1.66912875751709e-01 1.00023286093635e+05 
1.67069086925659e-01 1.00021281410394e+05 
1.67226259074318e-01 1.00019606806158e+05 
1.67359954105179e-01 1.00018494288912e+05 
1.67507018639126e-01 1.00018265731328e+05 
1.67664218849961e-01 1.00019710912724e+05 
1.67821422981389e-01 1.00021515464803e+05 
1.67966698534294e-01 1.00023659251227e+05 
1.68122892571217e-01 1.00026294865517e+05 
1.68276404558212e-01 1.00028727276101e+05 
1.68433645789383e-01 1.00031906520836e+05 
1.68545409400633e-01 1.00034502170848e+05 
1.68668349373008e-01 1.00037553592315e+05 
1.68802582316265e-01 1.00041265947485e+05 
1.68924295360990e-01 1.00044673867705e+05 
1.69045684087535e-01 1.00047785648867e+05 
1.69172489969197e-01 1.00051308247471e+05 
1.69297384842517e-01 1.00055487077727e+05 
1.69426347115658e-01 1.00059694943288e+05 
1.69558228120074e-01 1.00063747165864e+05 
1.69695436652164e-01 1.00068638328251e+05 
1.69842046282924e-01 1.00072759082760e+05 
1.69995729039318e-01 1.00077424064223e+05 
1.70153210384426e-01 1.00082987481499e+05 
1.70310682893698e-01 1.00088248671670e+05 
1.70468143674127e-01 1.00093169108797e+05 
1.70625589159240e-01 1.00099141942791e+05 
1.70782999512750e-01 1.00103351837440e+05 
1.70940399286243e-01 1.00107816022314e+05 
1.71097792844189e-01 1.00112417678572e+05 
1.71255187761974e-01 1.00116606022376e+05 
1.71412593710208e-01 1.00120454229395e+05 
1.71569998845466e-01 1.00125139158322e+05 
1.71727392557337e-01 1.00128561916549e+05 
1.71884791478117e-01 1.00131960640841e+05 
1.72042185753326e-01 1.00135229522292e+05 
1.72199572984168e-01 1.00137946324372e+05 
1.72356965044923e-01 1.00140357018119e+05 
1.72514358878782e-01 1.00142877990931e+05 
1.72671753148404e-01 1.00144838851079e+05 
1.72829152597773e-01 1.00146719654204e+05 
1.72986548042561e-01 1.00148284356304e+05 
1.73143934816922e-01 1.00149476627011e+05 
1.73301321141932e-01 1.00150373151115e+05 
1.73458706405526e-01 1.00151441981982e+05 
1.73616089788384e-01 1.00151955998384e+05 
1.73773477690441e-01 1.00152517751698e+05 
1.73930863206833e-01 1.00152887727055e+05 
1.74088242053182e-01 1.00152969173928e+05 
1.74245621504964e-01 1.00152746239877e+05 
1.74403001714507e-01 1.00152641707471e+05 
1.74560381757794e-01 1.00151867035149e+05 
1.74717767944812e-01 1.00151025845809e+05 
1.74875154484096e-01 1.00150142434714e+05 
1.74989621161161e-01 1.00149211187916e+05 
1.75113699541490e-01 1.00148040570815e+05 
1.75247014770182e-01 1.00147054387214e+05 
1.75388980996769e-01 1.00145488874611e+05 
1.75538247351464e-01 1.00143948279122e+05 
1.75692604773637e-01 1.00141916829453e+05 
1.75849857126338e-01 1.00139609335893e+05 
1.76007231836370e-01 1.00137142111438e+05 
1.76164655460844e-01 1.00135653462940e+05 
1.76322118811559e-01 1.00132332941865e+05 
1.76479605893017e-01 1.00128740360412e+05 
1.76637101194691e-01 1.00124590879415e+05 
1.76794589073004e-01 1.00119945728300e+05 
1.76952071321973e-01 1.00114752954490e+05 
1.77109553251823e-01 1.00109808606627e+05 
1.77267034260333e-01 1.00103474795097e+05 
1.77424520801116e-01 1.00096898726511e+05 
1.77582010964034e-01 1.00090252168453e+05 
1.77739498681578e-01 1.00083350452626e+05 
1.77896989226497e-01 1.00076149938300e+05 
1.78054486837821e-01 1.00069149287813e+05 
1.78211991241468e-01 1.00061470388851e+05 
1.78369508917420e-01 1.00053612854825e+05 
1.78527035382927e-01 1.00045780686379e+05 
1.78684564232842e-01 1.00037422718205e+05 
1.78842100831641e-01 1.00029680821087e+05 
1.78999648502773e-01 1.00021729085392e+05 
1.79157208534500e-01 1.00013652079833e+05 
1.79314784723942e-01 1.00005673890562e+05 
1.79472371804155e-01 9.99985472354545e+04 
1.79629962958381e-01 9.99911777314529e+04 
1.79787563020175e-01 9.99834601611295e+04 
1.79945175408301e-01 9.99759483804078e+04 
1.80102801849677e-01 9.99677765880546e+04 
1.80260445913595e-01 9.99601521445352e+04 
1.80418102276389e-01 9.99533442111302e+04 
1.80575764404376e-01 9.99460321796660e+04 
1.80733437040833e-01 9.99387254154502e+04 
1.80891123712576e-01 9.99316807685441e+04 
1.81048826310876e-01 9.99240950329851e+04 
1.81206548242569e-01 9.99171842212569e+04 
1.81364284094956e-01 9.99110044334718e+04 
1.81522027336015e-01 9.99046452514965e+04 
1.81679782499719e-01 9.98983774189029e+04 
1.81837553161668e-01 9.98923942612074e+04 
1.81986730486228e-01 9.98863204398093e+04 
1.82144537962226e-01 9.98805356407262e+04 
1.82302360652468e-01 9.98756145249828e+04 
1.82437256198065e-01 9.98709520297368e+04 
1.82582916816123e-01 9.98659192887594e+04 
1.82735933239446e-01 9.98608485381816e+04 
1.82893054563286e-01 9.98550608324537e+04 
1.83050951382375e-01 9.98499066185317e+04 
1.83199184884548e-01 9.98455431761045e+04 
1.83357107435293e-01 9.98402749366322e+04 
1.83515043659607e-01 9.98352260276702e+04 
1.83672996910731e-01 9.98301537271939e+04 
1.83830969698063e-01 9.98243151117493e+04 
1.83988964748042e-01 9.98191320124044e+04 
1.84146976355741e-01 9.98141704944287e+04 
1.84304998300522e-01 9.98084467683464e+04 
1.84463034356141e-01 9.98028802165907e+04 
1.84621087847995e-01 9.97974971511189e+04 
1.84779161407568e-01 9.97911285808602e+04 
1.84937257618624e-01 9.97854068763109e+04 
1.85095370682070e-01 9.97798099828175e+04 
1.85253494613950e-01 9.97733793093591e+04 
1.85411633053717e-01 9.97669639985271e+04 
1.85569789066967e-01 9.97609472440150e+04 
1.85727965417668e-01 9.97540113703632e+04 
1.85886164562539e-01 9.97477888128566e+04 
1.86044380421345e-01 9.97415114090726e+04 
1.86202607197312e-01 9.97348983621357e+04 
1.86360848419529e-01 9.97277773817954e+04 
1.86519106681687e-01 9.97206837719974e+04 
1.86677384723903e-01 9.97129032177528e+04 
1.86835685156091e-01 9.97047745075367e+04 
1.86994001902109e-01 9.96964078729793e+04 
1.87152329784157e-01 9.96872717820532e+04 
1.87310672345075e-01 9.96777471084634e+04 
1.87469031874736e-01 9.96689043040911e+04 
1.87627411567302e-01 9.96588870827503e+04 
1.87785814072271e-01 9.96487906099681e+04 
1.87944233455355e-01 9.96390909755388e+04 
1.88102665000542e-01 9.96287308548381e+04 
1.88261111990771e-01 9.96180670733430e+04 
1.88419576308079e-01 9.96081130925962e+04 
1.88578061715191e-01 9.95967898256207e+04 
1.88736570650342e-01 9.95860799091915e+04 
1.88895097013943e-01 9.95756820522836e+04 
1.89053636443429e-01 9.95646339859219e+04 
1.89212191790922e-01 9.95534325517430e+04 
1.89370764431038e-01 9.95427980264903e+04 
1.89529358479637e-01 9.95313597702918e+04 
1.89687976251609e-01 9.95207348073423e+04 
1.89846611451461e-01 9.95103028656455e+04 
1.90005259914053e-01 9.94992640330994e+04 
1.90163924261643e-01 9.94881201474594e+04 
1.90322605347098e-01 9.94778068068626e+04 
1.90481307399915e-01 9.94666867500431e+04 
1.90640032804836e-01 9.94563886861574e+04 
1.90798775173472e-01 9.94462272189889e+04 
1.90957530613738e-01 9.94353928819898e+04 
1.91116301660624e-01 9.94247605333566e+04 
1.91275088723966e-01 9.94149959611001e+04 
1.91433896125380e-01 9.94044674352399e+04 
1.91592726424237e-01 9.93947699746495e+04 
1.91751573163899e-01 9.93854896631454e+04 
1.91910432831247e-01 9.93756455350962e+04 
1.92069307821406e-01 9.93661602444978e+04 
1.92228198110024e-01 9.93578509269708e+04 
1.92387108175048e-01 9.93491007405843e+04 
1.92546040715032e-01 9.93414214891825e+04 
1.92704989205006e-01 9.93342047358706e+04 
1.92863950418213e-01 9.93263714636758e+04 
1.93022926661610e-01 9.93188917943383e+04 
1.93181917462279e-01 9.93125540394730e+04 
1.93340927515145e-01 9.93056075975140e+04 
1.93499959561123e-01 9.92996294123515e+04 
1.93659007022084e-01 9.92939918504551e+04 
1.93818066803119e-01 9.92875789605774e+04 
1.93977141094489e-01 9.92813696277871e+04 
1.94136229021397e-01 9.92761825079976e+04 
1.94295335113229e-01 9.92703130101731e+04 
1.94454462453205e-01 9.92653471701611e+04 
1.94613604351592e-01 9.92605677145753e+04 
1.94772757793732e-01 9.92551389326510e+04 
1.94931924879569e-01 9.92500021837934e+04 
1.95091104366714e-01 9.92459480034443e+04 
1.95250300727932e-01 9.92412354860573e+04 
1.95409517174343e-01 9.92376728327867e+04 
1.95568746978368e-01 9.92344426540302e+04 
1.95727979754805e-01 9.92307502368210e+04 
1.95887221624236e-01 9.92275895966873e+04 
1.96046478013337e-01 9.92256884272488e+04 
1.96205753808697e-01 9.92226482582515e+04 
1.96365050176275e-01 9.92214778110694e+04 
1.96524360151527e-01 9.92209866575167e+04 
1.96683679681224e-01 9.92204552145215e+04 
1.96843010899265e-01 9.92195680722124e+04 
1.97002352401210e-01 9.92204692996898e+04 
1.97142993246451e-01 9.92211845168708e+04 
1.97297698176216e-01 9.92220813702962e+04 
1.97430023897859e-01 9.92236341985948e+04 
1.97572718346264e-01 9.92249115168923e+04 
1.97722257877743e-01 9.92257802317220e+04 
1.97875144752650e-01 9.92270693202784e+04 
1.98029803998359e-01 9.92288225484188e+04 
1.98189240066161e-01 9.92303345782223e+04 
1.98348685651829e-01 9.92326288684668e+04 
1.98508138981656e-01 9.92353329034960e+04 
1.98667601980855e-01 9.92376391001120e+04 
1.98827072592503e-01 9.92398878080260e+04 
1.98986552990068e-01 9.92429594540592e+04 
1.99146045614186e-01 9.92453424162968e+04 
1.99305538698808e-01 9.92488427492480e+04 
1.99465030732974e-01 9.92526070436190e+04 
1.99624519745320e-01 9.92561887120961e+04 
1.99783999088663e-01 9.92594026740579e+04 
1.99943466238079e-01 9.92635282952634e+04 
2.00102927594247e-01 9.92670934369204e+04 
