# Liste des scalaires : TEMPS pmat 
0.00000000000000e+00 1.00000000000000e+05 
5.42217668469038e-05 1.00000000000000e+05 
1.00946468836758e-04 1.00000000000000e+05 
1.44180033553842e-04 1.00000000000000e+05 
1.86033312334519e-04 1.00000000000000e+05 
2.29798747318718e-04 1.00000000000000e+05 
2.74486405588410e-04 1.00000000000000e+05 
3.19752810873893e-04 1.00000000000000e+05 
3.65448508839738e-04 1.00000000000000e+05 
4.11215527306190e-04 1.00000000000000e+05 
4.58175611726420e-04 1.00000000000000e+05 
5.05756701127544e-04 1.00000000000000e+05 
5.54044086289485e-04 1.00000000000000e+05 
6.03696518035179e-04 1.00000000000000e+05 
6.53712303926836e-04 1.00000000000000e+05 
7.04674963907080e-04 1.00000000000000e+05 
7.57174050329245e-04 1.00000000000000e+05 
8.10770753678150e-04 1.00000000000000e+05 
8.65349121876362e-04 1.00000000000000e+05 
9.21258324801917e-04 1.00000000000000e+05 
9.77587181516284e-04 1.00000000000000e+05 
1.03496779576458e-03 1.00000000000000e+05 
1.09388632712600e-03 1.00000000000000e+05 
1.15284013357231e-03 1.00000000000000e+05 
1.21251892055025e-03 1.00000000000000e+05 
1.27336170808979e-03 1.00000000000000e+05 
1.33608034228731e-03 1.00000000000000e+05 
1.39949542866098e-03 1.00000000000000e+05 
1.46400892373732e-03 1.00000000000000e+05 
1.53020356007957e-03 1.00000000000000e+05 
1.59734497612607e-03 1.00000000000000e+05 
1.66581126359352e-03 1.00000000000000e+05 
1.73574800015002e-03 1.00000000000000e+05 
1.80755688867905e-03 1.00000000000000e+05 
1.87845243640617e-03 1.00000000000000e+05 
1.95016868788852e-03 1.00000000000000e+05 
2.02291232632731e-03 1.00000000000000e+05 
2.09699137965178e-03 1.00000000000000e+05 
2.17254826768728e-03 1.00000000000000e+05 
2.25003404387247e-03 1.00000000000000e+05 
2.32639764335964e-03 1.00000000000000e+05 
2.40365384759367e-03 1.00000000000000e+05 
2.48193662073451e-03 1.00000000000000e+05 
2.56149925327731e-03 1.00000000000000e+05 
2.64247262569022e-03 1.00000000000000e+05 
2.72533041324370e-03 1.00000000000000e+05 
2.80715608619587e-03 1.00000000000000e+05 
2.88993514466973e-03 1.00000000000000e+05 
2.97373850265932e-03 1.00000000000000e+05 
3.05877315196218e-03 1.00000000000000e+05 
3.14514899344994e-03 1.00000000000000e+05 
3.23320854096962e-03 1.00000000000000e+05 
3.32286999957120e-03 1.00000000000000e+05 
3.41128483278662e-03 1.00000000000000e+05 
3.50078175072233e-03 1.00000000000000e+05 
3.59144700439440e-03 1.00000000000000e+05 
3.68329933617309e-03 1.00000000000000e+05 
3.77648767516500e-03 1.00000000000000e+05 
3.87134058432221e-03 1.00000000000000e+05 
3.96544533461693e-03 1.00000000000000e+05 
4.05976475130025e-03 1.00000000000000e+05 
4.15526464811833e-03 1.00000000000000e+05 
4.25193863564949e-03 1.00000000000000e+05 
4.34990785723806e-03 1.00000000000000e+05 
4.44929644501019e-03 1.00000000000000e+05 
4.55022697168652e-03 1.00000000000000e+05 
4.65139004942448e-03 1.00000000000000e+05 
4.75370714045441e-03 1.00000000000000e+05 
4.85695362260848e-03 1.00000000000000e+05 
4.96071227920984e-03 1.00000000000000e+05 
5.06465145210883e-03 1.00000000000000e+05 
5.16889551263002e-03 1.00000000000000e+05 
5.27356827250262e-03 1.00000000000000e+05 
5.37859890239315e-03 1.00000000000000e+05 
5.48400715524966e-03 1.00000000000000e+05 
5.58956801982962e-03 1.00000000000000e+05 
5.69510392230370e-03 1.00000000000000e+05 
5.80078178757300e-03 1.00000000000000e+05 
5.90701775677931e-03 1.00000000000000e+05 
6.01353366475101e-03 1.00000000000000e+05 
6.12052129311810e-03 1.00000000000000e+05 
6.22799643322661e-03 1.00000000000000e+05 
6.33589004302380e-03 1.00000000000000e+05 
6.44384616356409e-03 1.00000000000000e+05 
6.55194653396675e-03 1.00000000000000e+05 
6.66029432547617e-03 1.00000000000000e+05 
6.76890013212065e-03 1.00000000000000e+05 
6.87780297832566e-03 1.00000000000000e+05 
6.98707466444558e-03 1.00000000000000e+05 
7.09650689499172e-03 1.00000000000000e+05 
7.20620022192040e-03 1.00000000000000e+05 
7.31618681396628e-03 1.00000000000000e+05 
7.42133876876789e-03 1.00000000000000e+05 
7.52678975053221e-03 1.00000000000000e+05 
7.63242916692901e-03 1.00000000000000e+05 
7.73823048759506e-03 1.00000000000000e+05 
7.84443769036659e-03 1.00000000000000e+05 
7.95104795593710e-03 1.00000000000000e+05 
8.05822539747005e-03 1.00000000000000e+05 
8.16568545102964e-03 1.00000000000000e+05 
8.27338203918860e-03 1.00000000000000e+05 
8.38103373006560e-03 1.00000000000000e+05 
8.48862537474903e-03 1.00000000000000e+05 
8.59625447990374e-03 1.00000000000000e+05 
8.70401497026306e-03 1.00000000000000e+05 
8.81170392220699e-03 1.00000000000000e+05 
8.91957588763540e-03 1.00000000000000e+05 
9.02743994822534e-03 1.00000000000000e+05 
9.13540930689750e-03 1.00000000000000e+05 
9.24349242315538e-03 1.00000000000000e+05 
9.35173425975300e-03 1.00000000000000e+05 
9.45996543434035e-03 1.00000000000000e+05 
9.56822962531950e-03 1.00000000000000e+05 
9.67653453462009e-03 1.00000000000000e+05 
9.78487325083860e-03 1.00000000000000e+05 
9.89324921921402e-03 1.00000000000000e+05 
1.00016584779685e-02 1.00000000000000e+05 
1.01100874697701e-02 1.00000000000000e+05 
1.02185316402895e-02 1.00000000000000e+05 
1.03269783253892e-02 1.00000000000000e+05 
1.04354265856165e-02 1.00000000000000e+05 
1.05438983180360e-02 1.00000000000000e+05 
1.06530915760304e-02 1.00000000000000e+05 
1.07622886522619e-02 1.00000000000000e+05 
1.08714703564279e-02 1.00000000000000e+05 
1.09806061075784e-02 1.00000000000000e+05 
1.10897525908068e-02 1.00000000000000e+05 
1.11989034290656e-02 1.00000000000000e+05 
1.13080916102305e-02 1.00000000000000e+05 
1.14172657735453e-02 1.00000000000000e+05 
1.15264654588270e-02 1.00000000000000e+05 
1.16351421123541e-02 1.00000000000000e+05 
1.17438428525610e-02 1.00000000000000e+05 
1.18525636726857e-02 1.00000000000000e+05 
1.19612204965311e-02 1.00000000000000e+05 
1.20699203795326e-02 1.00000000000000e+05 
1.21786940106704e-02 1.00000000000000e+05 
1.22874867286133e-02 1.00000000000000e+05 
1.23963484876802e-02 1.00000000000000e+05 
1.25052592196930e-02 1.00000000000000e+05 
1.26142749238828e-02 1.00000000000000e+05 
1.27232787413700e-02 1.00000000000000e+05 
1.28323713656190e-02 1.00000000000000e+05 
1.29414303359039e-02 1.00000000000000e+05 
1.30505613490360e-02 1.00000000000000e+05 
1.31597308054360e-02 1.00000000000000e+05 
1.32690314814306e-02 1.00000000000000e+05 
1.33783086397220e-02 1.00000000000000e+05 
1.34877584916462e-02 1.00000000000000e+05 
1.35971800032476e-02 1.00000000000000e+05 
1.37067439996986e-02 1.00000000000000e+05 
1.38164070144336e-02 1.00000000000000e+05 
1.39263322924087e-02 1.00000000000000e+05 
1.40362638558395e-02 1.00000000000000e+05 
1.41464437125131e-02 1.00000000000000e+05 
1.42567256227597e-02 1.00000000000000e+05 
1.43671818870141e-02 1.00000000000000e+05 
1.44778127418260e-02 1.00000000000000e+05 
1.45886879527594e-02 1.00000000000000e+05 
1.46996811684212e-02 1.00000000000000e+05 
1.48108720916335e-02 1.00000000000000e+05 
1.49212792946327e-02 1.00000000000000e+05 
1.50317184001764e-02 1.00000000000000e+05 
1.51410964818445e-02 1.00000000000000e+05 
1.52515909648668e-02 1.00000000000000e+05 
1.53620790729045e-02 1.00000000000000e+05 
1.54714968700019e-02 1.00000000000000e+05 
1.55808874415970e-02 1.00000000000000e+05 
1.56902863913597e-02 1.00000000000000e+05 
1.57996796385882e-02 1.00000000000000e+05 
1.59091131304166e-02 1.00000000000000e+05 
1.60185601417934e-02 1.00000000000000e+05 
1.61271088864503e-02 1.00000000000000e+05 
1.62365527130084e-02 1.00000000000000e+05 
1.63459962957941e-02 1.00000000000000e+05 
1.64554479241682e-02 1.00000000000000e+05 
1.65642745151300e-02 1.00000000000000e+05 
1.66737803274894e-02 1.00000000000000e+05 
1.67826971058436e-02 1.00000000000000e+05 
1.68921826891674e-02 1.00000000000000e+05 
1.70016975901838e-02 1.00000000000000e+05 
1.71112871342518e-02 1.00000000000000e+05 
1.72203694005441e-02 1.00000000000000e+05 
1.73300341330355e-02 1.00000000000000e+05 
1.74393083937165e-02 1.00000000000000e+05 
1.75489963869723e-02 1.00000000000000e+05 
1.76586952354850e-02 1.00000000000000e+05 
1.77684300172213e-02 1.00000000000000e+05 
1.78781863802647e-02 1.00000000000000e+05 
1.79880012751447e-02 1.00000000000000e+05 
1.80978586486298e-02 1.00000000000000e+05 
1.82077221146402e-02 1.00000000000000e+05 
1.83176044535319e-02 1.00000000000000e+05 
1.84275233177981e-02 1.00000000000000e+05 
1.85374842170488e-02 1.00000000000000e+05 
1.86474829759064e-02 1.00000000000000e+05 
1.87575180387535e-02 1.00000000000000e+05 
1.88675500717703e-02 1.00000000000000e+05 
1.89775965454812e-02 1.00000000000000e+05 
1.90876739296406e-02 1.00000000000000e+05 
1.91977964042347e-02 1.00000000000000e+05 
1.93079627888564e-02 1.00000000000000e+05 
1.94178222995498e-02 1.00000000000000e+05 
1.95280221802698e-02 1.00000000000000e+05 
1.96382471945565e-02 1.00000000000000e+05 
1.97485178761063e-02 1.00000000000000e+05 
1.98583622070941e-02 1.00000000000000e+05 
1.99686886099283e-02 1.00000000000000e+05 
2.00786251028917e-02 1.00000000000000e+05 
2.01888832218846e-02 1.00000000000000e+05 
2.02991411865263e-02 1.00000000000000e+05 
2.04095295433010e-02 1.00000000000000e+05 
2.05196127252747e-02 1.00000000000000e+05 
2.06305760546948e-02 1.00000000000000e+05 
2.07407806467428e-02 1.00000000000000e+05 
2.08521168378408e-02 1.00000000000000e+05 
2.09637987358165e-02 1.00000000000000e+05 
2.10756694526340e-02 1.00000000000000e+05 
2.11860510078276e-02 1.00000000000000e+05 
2.12974431002476e-02 1.00000000000000e+05 
2.14078697271945e-02 1.00000000000000e+05 
2.15194294458613e-02 1.00000000000000e+05 
2.16321146814937e-02 1.00000000000000e+05 
2.17448779510233e-02 1.00000000000000e+05 
2.18554774636589e-02 1.00000000000000e+05 
2.19671244597321e-02 1.00000000000000e+05 
2.20777902818893e-02 1.00000000000000e+05 
2.21896038234115e-02 1.00000000000000e+05 
2.23025960377448e-02 1.00000000000000e+05 
2.24156359565094e-02 1.00000000000000e+05 
2.25265109893502e-02 1.00000000000000e+05 
2.26385035436246e-02 1.00000000000000e+05 
2.27495036683785e-02 1.00000000000000e+05 
2.28584930137852e-02 1.00000000000000e+05 
2.29686332920802e-02 1.00000000000000e+05 
2.30819126720078e-02 1.00000000000000e+05 
2.31899246742845e-02 1.00000000000000e+05 
2.32989077451115e-02 1.00000000000000e+05 
2.34069127612598e-02 1.00000000000000e+05 
2.35159046112605e-02 1.00000000000000e+05 
2.36259929578556e-02 1.00000000000000e+05 
2.37362866986995e-02 1.00000000000000e+05 
2.38444115382139e-02 1.00000000000000e+05 
2.39535320411186e-02 1.00000000000000e+05 
2.40616575756579e-02 1.00000000000000e+05 
2.41709281307622e-02 1.00000000000000e+05 
2.42813268599134e-02 1.00000000000000e+05 
2.43916958376070e-02 1.00000000000000e+05 
2.44996566848067e-02 1.00000000000000e+05 
2.46086412396603e-02 1.00000000000000e+05 
2.47167575323587e-02 1.00000000000000e+05 
2.48261633926427e-02 1.00000000000000e+05 
2.49367276316915e-02 1.00000000000000e+05 
2.50474150416341e-02 1.00000000000000e+05 
2.51555223833854e-02 1.00000000000000e+05 
2.52673477705744e-02 1.00000000000000e+05 
2.53756584926265e-02 1.00000000000000e+05 
2.54855057129676e-02 1.00000000000000e+05 
2.55967127615740e-02 1.00000000000000e+05 
2.57083988801059e-02 1.00000000000000e+05 
2.58194694018618e-02 1.00000000000000e+05 
2.59327289531553e-02 1.00000000000000e+05 
2.60412577080351e-02 1.00000000000000e+05 
2.61544111789827e-02 1.00000000000000e+05 
2.62687106854243e-02 1.00000000000000e+05 
2.63816432914291e-02 1.00000000000000e+05 
2.64918346961242e-02 1.00000000000000e+05 
2.66050675696169e-02 1.00000000000000e+05 
2.67160142279199e-02 1.00000000000000e+05 
2.68293627627651e-02 1.00000000000000e+05 
2.69437476124052e-02 1.00000000000000e+05 
2.70582641901075e-02 1.00000000000000e+05 
2.71704245570947e-02 1.00000000000000e+05 
2.72838562459299e-02 1.00000000000000e+05 
2.73964136563202e-02 1.00000000000000e+05 
2.75106099016795e-02 1.00000000000000e+05 
2.76261186753929e-02 1.00000000000000e+05 
2.77419441272015e-02 1.00000000000000e+05 
2.78549452075957e-02 1.00000000000000e+05 
2.79727776901534e-02 1.00000000000000e+05 
2.80863270521200e-02 1.00000000000000e+05 
2.82021417245992e-02 1.00000000000000e+05 
2.83199965036729e-02 1.00000000000000e+05 
2.84378506568801e-02 1.00000000000000e+05 
2.85535118599717e-02 1.00000000000000e+05 
2.86713883570002e-02 1.00000000000000e+05 
2.87883874633291e-02 1.00000000000000e+05 
2.89060959975041e-02 1.00000000000000e+05 
2.90239835223559e-02 1.00000000000000e+05 
2.91417289989022e-02 1.00000000000000e+05 
2.92596584792727e-02 1.00000000000000e+05 
2.93776053091395e-02 1.00000000000000e+05 
2.94954211601271e-02 1.00000000000000e+05 
2.96112632460040e-02 1.00000000000000e+05 
2.97290958306198e-02 1.00000000000000e+05 
2.98469470728791e-02 1.00000000000000e+05 
2.99648781573012e-02 1.00000000000000e+05 
3.00828170251288e-02 1.00000000000000e+05 
3.02007394267503e-02 1.00000000000000e+05 
3.03166880435550e-02 1.00000000000000e+05 
3.04345951246554e-02 1.00000000000000e+05 
3.05524874711124e-02 1.00000000000000e+05 
3.06704030383071e-02 1.00000000000000e+05 
3.07883450949127e-02 1.00000000000000e+05 
3.09063090820217e-02 1.00000000000000e+05 
3.10223448331394e-02 1.00000000000000e+05 
3.11402872530479e-02 1.00000000000000e+05 
3.12582346194171e-02 1.00000000000000e+05 
3.13761427882278e-02 1.00000000000000e+05 
3.14940209605980e-02 1.00000000000000e+05 
3.16101125731205e-02 1.00000000000000e+05 
3.17262049330016e-02 1.00000000000000e+05 
3.18423007488904e-02 1.00000000000000e+05 
3.19584117746804e-02 1.00000000000000e+05 
3.20745332940569e-02 1.00000000000000e+05 
3.21906788352059e-02 1.00000000000000e+05 
3.23068509876791e-02 1.00000000000000e+05 
3.24230422898195e-02 1.00000000000000e+05 
3.25372232826996e-02 1.00000000000000e+05 
3.26534581413469e-02 1.00000000000000e+05 
3.27676603071847e-02 1.00000000000000e+05 
3.28818866434598e-02 1.00000000000000e+05 
3.29981934026881e-02 1.00000000000000e+05 
3.31124521700142e-02 1.00000000000000e+05 
3.32267276026339e-02 1.00000000000000e+05 
3.33409976346458e-02 1.00000000000000e+05 
3.34553017637969e-02 1.00000000000000e+05 
3.35696842265923e-02 1.00000000000000e+05 
3.36840871438609e-02 1.00000000000000e+05 
3.37984938807481e-02 1.00000000000000e+05 
3.39128966473316e-02 1.00000000000000e+05 
3.40272909287209e-02 1.00000000000000e+05 
3.41416850724173e-02 1.00000000000000e+05 
3.42560731819805e-02 1.00000000000000e+05 
3.43704743543365e-02 1.00000000000000e+05 
3.44849054028400e-02 1.00000000000000e+05 
3.45993768544085e-02 1.00000000000000e+05 
3.47138784245058e-02 1.00000000000000e+05 
3.48284340064262e-02 1.00000000000000e+05 
3.49430108122157e-02 1.00000000000000e+05 
3.50575933943380e-02 1.00000000000000e+05 
3.51721900273674e-02 1.00000000000000e+05 
3.52868008393529e-02 1.00000000000000e+05 
3.54014146147332e-02 1.00000000000000e+05 
3.55160559897049e-02 1.00000000000000e+05 
3.56307071070800e-02 1.00000000000000e+05 
3.57453648906002e-02 1.00000000000000e+05 
3.58600396504960e-02 1.00000000000000e+05 
3.59747267097095e-02 1.00000000000000e+05 
3.60894143919421e-02 1.00000000000000e+05 
3.62041229485290e-02 1.00000000000000e+05 
3.63188339649839e-02 1.00000000000000e+05 
3.64335390636660e-02 1.00000000000000e+05 
3.65482395734766e-02 1.00000000000000e+05 
3.66629176661617e-02 1.00000000000000e+05 
3.67775798244124e-02 1.00000000000000e+05 
3.68923050297675e-02 1.00000000000000e+05 
3.70070903478131e-02 1.00000000000000e+05 
3.71219421372087e-02 1.00000000000000e+05 
3.72368666922552e-02 1.00000000000000e+05 
3.73518704738884e-02 1.00000000000000e+05 
3.74669273692931e-02 1.00000000000000e+05 
3.75819284101938e-02 1.00000000000000e+05 
3.76971030349985e-02 1.00000000000000e+05 
3.78121350754062e-02 1.00000000000000e+05 
3.79273341330531e-02 1.00000000000000e+05 
3.80425478392937e-02 1.00000000000000e+05 
3.81577739745081e-02 1.00000000000000e+05 
3.82727886568745e-02 1.00000000000000e+05 
3.83881082118637e-02 1.00000000000000e+05 
3.85031476337032e-02 1.00000000000000e+05 
3.86185016044210e-02 1.00000000000000e+05 
3.87339069579232e-02 1.00000000000000e+05 
3.88493808492057e-02 1.00000000000000e+05 
3.89644709182732e-02 1.00000000000000e+05 
3.90802428168384e-02 1.00000000000000e+05 
3.91954739199605e-02 1.00000000000000e+05 
3.93117291370937e-02 1.00000000000000e+05 
3.94284108999361e-02 1.00000000000000e+05 
3.95455376795573e-02 1.00000000000000e+05 
3.96618736466880e-02 1.00000000000000e+05 
3.97798153639969e-02 1.00000000000000e+05 
3.98966155795030e-02 1.00000000000000e+05 
4.00153400274574e-02 1.00000000000000e+05 
4.01345454092206e-02 1.00000000000000e+05 
4.02542319903732e-02 1.00000000000000e+05 
4.03714714178396e-02 1.00000000000000e+05 
4.04919537176473e-02 1.00000000000000e+05 
4.06115146009235e-02 1.00000000000000e+05 
4.07276814569625e-02 1.00000000000000e+05 
4.08448573854098e-02 1.00000000000000e+05 
4.09616298560681e-02 1.00000000000000e+05 
4.10741280635655e-02 1.00000000000000e+05 
4.11876484258417e-02 1.00000000000000e+05 
4.13001505974438e-02 1.00000000000000e+05 
4.14136515132585e-02 1.00000000000000e+05 
4.15306422698428e-02 1.00000000000000e+05 
4.16472547750992e-02 1.00000000000000e+05 
4.17597680357712e-02 1.00000000000000e+05 
4.18747422116799e-02 1.00000000000000e+05 
4.19873741208242e-02 1.00000000000000e+05 
4.21012007424364e-02 1.00000000000000e+05 
4.22174159084822e-02 1.00000000000000e+05 
4.23337097737544e-02 1.00000000000000e+05 
4.24464611651495e-02 1.00000000000000e+05 
4.25608848929615e-02 1.00000000000000e+05 
4.26737696410790e-02 1.00000000000000e+05 
4.27883815827202e-02 1.00000000000000e+05 
4.29045299593383e-02 1.00000000000000e+05 
4.30207876808577e-02 1.00000000000000e+05 
4.31337638864324e-02 1.00000000000000e+05 
4.32478374776685e-02 1.00000000000000e+05 
4.33610096560849e-02 1.00000000000000e+05 
4.34767515028048e-02 1.00000000000000e+05 
4.35939409438827e-02 1.00000000000000e+05 
4.37108526939149e-02 1.00000000000000e+05 
4.38241832914880e-02 1.00000000000000e+05 
4.39388375777452e-02 1.00000000000000e+05 
4.40527529625948e-02 1.00000000000000e+05 
4.41689616794617e-02 1.00000000000000e+05 
4.42870338894954e-02 1.00000000000000e+05 
4.44054834629498e-02 1.00000000000000e+05 
4.45209252398954e-02 1.00000000000000e+05 
4.46383722841073e-02 1.00000000000000e+05 
4.47546857745215e-02 1.00000000000000e+05 
4.48733730322369e-02 1.00000000000000e+05 
4.49945574245336e-02 1.00000000000000e+05 
4.51165978893425e-02 1.00000000000000e+05 
4.52348624463640e-02 1.00000000000000e+05 
4.53569182825146e-02 1.00000000000000e+05 
4.54761857933836e-02 1.00000000000000e+05 
4.56000531046523e-02 1.00000000000000e+05 
4.57239789355291e-02 1.00000000000000e+05 
4.58476227269996e-02 1.00000000000000e+05 
4.59690608729069e-02 1.00000000000000e+05 
4.60932005264913e-02 1.00000000000000e+05 
4.62146631297386e-02 1.00000000000000e+05 
4.63387865786280e-02 1.00000000000000e+05 
4.64629267877577e-02 1.00000000000000e+05 
4.65872112997295e-02 1.00000000000000e+05 
4.67095962257257e-02 1.00000000000000e+05 
4.68340918592040e-02 1.00000000000000e+05 
4.69578569691729e-02 1.00000000000000e+05 
4.70824717776933e-02 1.00000000000000e+05 
4.72070916682703e-02 1.00000000000000e+05 
4.73317908485845e-02 1.00000000000000e+05 
4.74565933414020e-02 1.00000000000000e+05 
4.75813706591847e-02 1.00000000000000e+05 
4.77062431677231e-02 1.00000000000000e+05 
4.78311017289386e-02 1.00000000000000e+05 
4.79560513677387e-02 1.00000000000000e+05 
4.80813515544800e-02 1.00000000000000e+05 
4.82047301165817e-02 1.00000000000000e+05 
4.83306581035528e-02 1.00000000000000e+05 
4.84540564767083e-02 1.00000000000000e+05 
4.85787208226888e-02 1.00000000000000e+05 
4.87052396184367e-02 1.00000000000000e+05 
4.88324569521252e-02 1.00000000000000e+05 
4.89559580439847e-02 1.00000000000000e+05 
4.90813085836304e-02 1.00000000000000e+05 
4.92049007000980e-02 1.00000000000000e+05 
4.93297651136270e-02 1.00000000000000e+05 
4.94563344616997e-02 1.00000000000000e+05 
4.95834347231921e-02 1.00000000000000e+05 
4.97072955666842e-02 1.00000000000000e+05 
4.98330016837266e-02 1.00000000000000e+05 
4.99567933706682e-02 1.00000000000000e+05 
5.00822388084506e-02 1.00000000000000e+05 
5.02092875322257e-02 1.00000000000000e+05 
5.03365935745711e-02 1.00000000000000e+05 
5.04612147399151e-02 1.00000000000000e+05 
5.05874672851597e-02 1.00000000000000e+05 
5.07124372407156e-02 1.00000000000000e+05 
5.08391916946716e-02 1.00000000000000e+05 
5.09664811701281e-02 1.00000000000000e+05 
5.10937574761106e-02 1.00000000000000e+05 
5.12198201535782e-02 1.00000000000000e+05 
5.13469474884010e-02 1.00000000000000e+05 
5.14737930999320e-02 1.00000000000000e+05 
5.16009791817824e-02 1.00000000000000e+05 
5.17282371070753e-02 1.00000000000000e+05 
5.18555893965270e-02 1.00000000000000e+05 
5.19828710209266e-02 1.00000000000000e+05 
5.21100996576810e-02 1.00000000000000e+05 
5.22372824325142e-02 1.00000000000000e+05 
5.23645738335991e-02 1.00000000000000e+05 
5.24919269380744e-02 1.00000000000000e+05 
5.26193383593799e-02 1.00000000000000e+05 
5.27467858975778e-02 1.00000000000000e+05 
5.28742157485581e-02 1.00000000000000e+05 
5.30016630073904e-02 1.00000000000000e+05 
5.31290907201184e-02 1.00000000000000e+05 
5.32565595127548e-02 1.00000000000000e+05 
5.33840731769526e-02 1.00000000000000e+05 
5.35115828108782e-02 1.00000000000000e+05 
5.36393038067653e-02 1.00000000000000e+05 
5.37669295394146e-02 1.00000000000000e+05 
5.38945281928040e-02 1.00000000000000e+05 
5.40221895061475e-02 1.00000000000000e+05 
5.41499114459610e-02 1.00000000000000e+05 
5.42775399178739e-02 1.00000000000000e+05 
5.44050457902048e-02 1.00000000000000e+05 
5.45325079269001e-02 1.00000000000000e+05 
5.46598442112035e-02 1.00000000000000e+05 
5.47871741365240e-02 1.00000000000000e+05 
5.49145550915069e-02 1.00000000000000e+05 
5.50419768781309e-02 1.00000000000000e+05 
5.51694071492063e-02 1.00000000000000e+05 
5.52969237234314e-02 1.00000000000000e+05 
5.54245228821394e-02 1.00000000000000e+05 
5.55520060769650e-02 1.00000000000000e+05 
5.56794822740222e-02 1.00000000000000e+05 
5.58069427145728e-02 1.00000000000000e+05 
5.59345756063807e-02 1.00000000000000e+05 
5.60621332771699e-02 1.00000000000000e+05 
5.61895953519212e-02 1.00000000000000e+05 
5.63169726438097e-02 1.00000000000000e+05 
5.64442946000089e-02 1.00000000000000e+05 
5.65716748549550e-02 1.00000000000000e+05 
5.66991541667763e-02 1.00000000000000e+05 
5.68265956072014e-02 1.00000000000000e+05 
5.69539168151299e-02 1.00000000000000e+05 
5.70812040161037e-02 1.00000000000000e+05 
5.72086271622848e-02 1.00000000000000e+05 
5.73362728390222e-02 1.00000000000000e+05 
5.74641050876604e-02 1.00000000000000e+05 
5.75921726622951e-02 1.00000000000000e+05 
5.77203356894655e-02 1.00000000000000e+05 
5.78485258103161e-02 1.00000000000000e+05 
5.79768271028371e-02 1.00000000000000e+05 
5.81053206275914e-02 1.00000000000000e+05 
5.82338458759092e-02 1.00000000000000e+05 
5.83625929764178e-02 1.00000000000000e+05 
5.84912671068633e-02 1.00000000000000e+05 
5.86200278325717e-02 1.00000000000000e+05 
5.87488577331639e-02 1.00000000000000e+05 
5.88777731407377e-02 1.00000000000000e+05 
5.90067993717205e-02 1.00000000000000e+05 
5.91358504739042e-02 1.00000000000000e+05 
5.92648279499916e-02 1.00000000000000e+05 
5.93938107683896e-02 1.00000000000000e+05 
5.95228524999699e-02 1.00000000000000e+05 
5.96520176711839e-02 1.00000000000000e+05 
5.97811811983476e-02 1.00000000000000e+05 
5.99103344555034e-02 1.00000000000000e+05 
6.00394134300636e-02 1.00000000000000e+05 
6.01684613892342e-02 1.00000000000000e+05 
6.02975640476358e-02 1.00000000000000e+05 
6.04267149477831e-02 1.00000000000000e+05 
6.05560034647327e-02 1.00000000000000e+05 
6.06854456750678e-02 1.00000000000000e+05 
6.08150022062083e-02 1.00000000000000e+05 
6.09445814570125e-02 1.00000000000000e+05 
6.10742178206424e-02 1.00000000000000e+05 
6.12012922640865e-02 1.00000000000000e+05 
6.13310377401776e-02 1.00000000000000e+05 
6.14559298980166e-02 1.00000000000000e+05 
6.15857414842946e-02 1.00000000000000e+05 
6.17155280684050e-02 1.00000000000000e+05 
6.18453789235239e-02 1.00000000000000e+05 
6.19735959285723e-02 1.00000000000000e+05 
6.21036279279602e-02 1.00000000000000e+05 
6.22319179181844e-02 1.00000000000000e+05 
6.23615384303386e-02 1.00000000000000e+05 
6.24921078407365e-02 1.00000000000000e+05 
6.26230496823154e-02 1.00000000000000e+05 
6.27541563844692e-02 1.00000000000000e+05 
6.28854312717624e-02 1.00000000000000e+05 
6.30169695283840e-02 1.00000000000000e+05 
6.31487450969689e-02 1.00000000000000e+05 
6.32807707574910e-02 1.00000000000000e+05 
6.34132085229692e-02 1.00000000000000e+05 
6.35457785254550e-02 1.00000000000000e+05 
6.36792795159204e-02 1.00000000000000e+05 
6.38124759751538e-02 1.00000000000000e+05 
6.39474693918336e-02 1.00000000000000e+05 
6.40833690839789e-02 1.00000000000000e+05 
6.42201175117998e-02 1.00000000000000e+05 
6.43518876391333e-02 1.00000000000000e+05 
6.44899851531255e-02 1.00000000000000e+05 
6.46245381111624e-02 1.00000000000000e+05 
6.47625514434778e-02 1.00000000000000e+05 
6.49006444841201e-02 1.00000000000000e+05 
6.50393066262605e-02 1.00000000000000e+05 
6.51775168751765e-02 1.00000000000000e+05 
6.53157983850139e-02 1.00000000000000e+05 
6.54546083049920e-02 1.00000000000000e+05 
6.55939872652124e-02 1.00000000000000e+05 
6.57339788334994e-02 1.00000000000000e+05 
6.58739321846131e-02 1.00000000000000e+05 
6.60142218623546e-02 1.00000000000000e+05 
6.61549425598025e-02 1.00000000000000e+05 
6.62959985778034e-02 1.00000000000000e+05 
6.64372061744730e-02 1.00000000000000e+05 
6.65790168875064e-02 1.00000000000000e+05 
6.67205546359527e-02 1.00000000000000e+05 
6.68601955843036e-02 1.00000000000000e+05 
6.70026261471555e-02 1.00000000000000e+05 
6.71453528771247e-02 1.00000000000000e+05 
6.72883262078310e-02 1.00000000000000e+05 
6.74315853198858e-02 1.00000000000000e+05 
6.75751756972053e-02 1.00000000000000e+05 
6.77192297200290e-02 1.00000000000000e+05 
6.78637649152845e-02 1.00000000000000e+05 
6.80048505497820e-02 1.00000000000000e+05 
6.81505370078693e-02 1.00000000000000e+05 
6.82968778466998e-02 1.00000000000000e+05 
6.84432102183127e-02 1.00000000000000e+05 
6.85909069885915e-02 1.00000000000000e+05 
6.87393993774604e-02 1.00000000000000e+05 
6.88822068828927e-02 1.00000000000000e+05 
6.90318631458691e-02 1.00000000000000e+05 
6.91814794839316e-02 1.00000000000000e+05 
6.93310754438977e-02 1.00000000000000e+05 
6.94806500149292e-02 1.00000000000000e+05 
6.96303114749450e-02 1.00000000000000e+05 
6.97800455424811e-02 1.00000000000000e+05 
6.99297662022400e-02 1.00000000000000e+05 
7.00794619506968e-02 1.00000000000000e+05 
7.02291549346293e-02 1.00000000000000e+05 
7.03788118999734e-02 1.00000000000000e+05 
7.05279641688958e-02 1.00000000000000e+05 
7.06776722821255e-02 1.00000000000000e+05 
7.08262441280229e-02 1.00000000000000e+05 
7.09759358251391e-02 1.00000000000000e+05 
7.11256987057301e-02 1.00000000000000e+05 
7.12643883965944e-02 1.00000000000000e+05 
7.14098954299831e-02 1.00000000000000e+05 
7.15599307762303e-02 1.00000000000000e+05 
7.17099880723092e-02 1.00000000000000e+05 
7.18562900369983e-02 1.00000000000000e+05 
7.20065406105479e-02 1.00000000000000e+05 
7.21495791093484e-02 1.00000000000000e+05 
7.23000984168703e-02 1.00000000000000e+05 
7.24437933476289e-02 1.00000000000000e+05 
7.25943546272146e-02 1.00000000000000e+05 
7.27449029642730e-02 1.00000000000000e+05 
7.28955970941863e-02 1.00000000000000e+05 
7.30339250248531e-02 1.00000000000000e+05 
7.31829106646019e-02 1.00000000000000e+05 
7.33290430758675e-02 1.00000000000000e+05 
7.34755396637471e-02 1.00000000000000e+05 
7.36273580273824e-02 1.00000000000000e+05 
7.37794503243297e-02 1.00000000000000e+05 
7.39257443390795e-02 1.00000000000000e+05 
7.40783443755873e-02 1.00000000000000e+05 
7.42280056570208e-02 1.00000000000000e+05 
7.43781443289343e-02 1.00000000000000e+05 
7.45319144381832e-02 1.00000000000000e+05 
7.46862451736788e-02 1.00000000000000e+05 
7.48242710871350e-02 1.00000000000000e+05 
7.49679942503512e-02 1.00000000000000e+05 
7.51055208193050e-02 1.00000000000000e+05 
7.52568000451543e-02 1.00000000000000e+05 
7.54136529290758e-02 1.00000000000000e+05 
7.55583440223463e-02 1.00000000000000e+05 
7.57107488438508e-02 1.00000000000000e+05 
7.58681457015880e-02 1.00000000000000e+05 
7.60088754882685e-02 1.00000000000000e+05 
7.61581688885125e-02 1.00000000000000e+05 
7.63155104036039e-02 1.00000000000000e+05 
7.64660454093982e-02 1.00000000000000e+05 
7.66117561407482e-02 1.00000000000000e+05 
7.67671516614174e-02 1.00000000000000e+05 
7.69144429711438e-02 1.00000000000000e+05 
7.70718744240830e-02 1.00000000000000e+05 
7.72293149213643e-02 1.00000000000000e+05 
7.73687643880141e-02 1.00000000000000e+05 
7.75153702621899e-02 1.00000000000000e+05 
7.76697446260328e-02 1.00000000000000e+05 
7.78274357106377e-02 1.00000000000000e+05 
7.79851875479790e-02 1.00000000000000e+05 
7.81231064707162e-02 1.00000000000000e+05 
7.82673832868905e-02 1.00000000000000e+05 
7.84017472658641e-02 1.00000000000000e+05 
7.85422752920768e-02 1.00000000000000e+05 
7.86902999171954e-02 1.00000000000000e+05 
7.88274665627148e-02 1.00000000000000e+05 
7.89715638097030e-02 1.00000000000000e+05 
7.91127800258993e-02 1.00000000000000e+05 
7.92493369808217e-02 1.00000000000000e+05 
7.93933410160948e-02 1.00000000000000e+05 
7.95309426315037e-02 1.00000000000000e+05 
7.96766065160778e-02 1.00000000000000e+05 
7.98107924008574e-02 1.00000000000000e+05 
7.99452828189222e-02 1.00000000000000e+05 
8.00866504573225e-02 1.00000000000000e+05 
8.02349483450600e-02 1.00000000000000e+05 
8.03783518733050e-02 1.00000000000000e+05 
8.05282990188851e-02 1.00000000000000e+05 
8.06599855909607e-02 1.00000000000000e+05 
8.07950592924210e-02 1.00000000000000e+05 
8.09377561726954e-02 1.00000000000000e+05 
8.10853076542373e-02 1.00000000000000e+05 
8.12393017344103e-02 1.00000000000000e+05 
8.13877853305073e-02 1.00000000000000e+05 
8.15203457370807e-02 1.00000000000000e+05 
8.16586791893625e-02 1.00000000000000e+05 
8.17880359196535e-02 1.00000000000000e+05 
8.19225020797971e-02 1.00000000000000e+05 
8.20521191657173e-02 1.00000000000000e+05 
8.21867840388372e-02 1.00000000000000e+05 
8.23277557634641e-02 1.00000000000000e+05 
8.24617973979554e-02 1.00000000000000e+05 
8.25929061677761e-02 1.00000000000000e+05 
8.27297072604863e-02 1.00000000000000e+05 
8.28610897804745e-02 1.00000000000000e+05 
8.29988940995762e-02 1.00000000000000e+05 
8.31396382149447e-02 1.00000000000000e+05 
8.32769163707753e-02 1.00000000000000e+05 
8.34228015085137e-02 1.00000000000000e+05 
8.35588327100720e-02 1.00000000000000e+05 
8.37045220882549e-02 1.00000000000000e+05 
8.38434292956538e-02 1.00000000000000e+05 
8.39940314024319e-02 1.00000000000000e+05 
8.41362215874799e-02 1.00000000000000e+05 
8.42775130542488e-02 1.00000000000000e+05 
8.44259879968156e-02 1.00000000000000e+05 
8.45732268425424e-02 1.00000000000000e+05 
8.47134848740938e-02 1.00000000000000e+05 
8.48599713403327e-02 1.00000000000000e+05 
8.50135802863451e-02 1.00000000000000e+05 
8.51655430266709e-02 1.00000000000000e+05 
8.53207292096504e-02 1.00000000000000e+05 
8.54605151006942e-02 1.00000000000000e+05 
8.56079703321482e-02 1.00000000000000e+05 
8.57628417487135e-02 1.00000000000000e+05 
8.59108192408764e-02 1.00000000000000e+05 
8.60550818936574e-02 1.00000000000000e+05 
8.62082496824122e-02 1.00000000000000e+05 
8.63540275466382e-02 1.00000000000000e+05 
8.65102797581455e-02 1.00000000000000e+05 
8.66707469570297e-02 1.00000000000000e+05 
8.68286880638343e-02 1.00000000000000e+05 
8.69803519792705e-02 1.00000000000000e+05 
8.71399975707222e-02 1.00000000000000e+05 
8.72985671900339e-02 1.00000000000000e+05 
8.74539641769341e-02 1.00000000000000e+05 
8.76151730176480e-02 1.00000000000000e+05 
8.77764108611935e-02 1.00000000000000e+05 
8.79376794855763e-02 1.00000000000000e+05 
8.80989585850075e-02 1.00000000000000e+05 
8.82602683429593e-02 1.00000000000000e+05 
8.84215895909594e-02 1.00000000000000e+05 
8.85829091071715e-02 1.00000000000000e+05 
8.87442464158352e-02 1.00000000000000e+05 
8.89004352831966e-02 1.00000000000000e+05 
8.90616257517344e-02 1.00000000000000e+05 
8.92230279764820e-02 1.00000000000000e+05 
8.93844398379472e-02 1.00000000000000e+05 
8.95458517297012e-02 1.00000000000000e+05 
8.97072787685426e-02 1.00000000000000e+05 
8.98687137152751e-02 1.00000000000000e+05 
9.00301397346212e-02 1.00000000000000e+05 
9.01915808417351e-02 1.00000000000000e+05 
9.03530219726844e-02 1.00000000000000e+05 
9.05144580827125e-02 1.00000000000000e+05 
9.06759063920458e-02 1.00000000000000e+05 
9.08373679127116e-02 1.00000000000000e+05 
9.09988267528734e-02 1.00000000000000e+05 
9.11602844256593e-02 1.00000000000000e+05 
9.13217273417794e-02 1.00000000000000e+05 
9.14831647418363e-02 1.00000000000000e+05 
9.16446120051706e-02 1.00000000000000e+05 
9.18060699258714e-02 1.00000000000000e+05 
9.19675274777216e-02 1.00000000000000e+05 
9.21289905658933e-02 1.00000000000000e+05 
9.22904454282644e-02 1.00000000000000e+05 
9.24518987023635e-02 1.00000000000000e+05 
9.26133663707622e-02 1.00000000000000e+05 
9.27748500524864e-02 1.00000000000000e+05 
9.29363359231030e-02 1.00000000000000e+05 
9.30978316336790e-02 1.00000000000000e+05 
9.32593216450388e-02 1.00000000000000e+05 
9.34208108325585e-02 1.00000000000000e+05 
9.35823140397404e-02 1.00000000000000e+05 
9.37438306770979e-02 1.00000000000000e+05 
9.39053449704388e-02 1.00000000000000e+05 
9.40668672234658e-02 1.00000000000000e+05 
9.42283821400670e-02 1.00000000000000e+05 
9.43898981829384e-02 1.00000000000000e+05 
9.45514340425611e-02 1.00000000000000e+05 
9.47129919970878e-02 1.00000000000000e+05 
9.48745578562855e-02 1.00000000000000e+05 
9.50361436380742e-02 1.00000000000000e+05 
9.51977330551273e-02 1.00000000000000e+05 
9.53593318979101e-02 1.00000000000000e+05 
9.55209563581456e-02 1.00000000000000e+05 
9.56826070139926e-02 1.00000000000000e+05 
9.58442679377450e-02 1.00000000000000e+05 
9.60059506255436e-02 1.00000000000000e+05 
9.61676396044580e-02 1.00000000000000e+05 
9.63293412764508e-02 1.00000000000000e+05 
9.64910723429430e-02 1.00000000000000e+05 
9.66528359861863e-02 1.00000000000000e+05 
9.68146182452697e-02 1.00000000000000e+05 
9.69764303866683e-02 1.00000000000000e+05 
9.71382565674490e-02 1.00000000000000e+05 
9.73001010787357e-02 1.00000000000000e+05 
9.74619796727919e-02 1.00000000000000e+05 
9.76226418579787e-02 1.00000000000000e+05 
9.77845822626899e-02 1.00000000000000e+05 
9.79465543690832e-02 1.00000000000000e+05 
9.81085373672580e-02 1.00000000000000e+05 
9.82620295048032e-02 1.00000000000000e+05 
9.84240549145683e-02 1.00000000000000e+05 
9.85861178904834e-02 1.00000000000000e+05 
9.87482070385400e-02 1.00000000000000e+05 
9.89103289026887e-02 1.00000000000000e+05 
9.90724676121071e-02 1.00000000000000e+05 
9.92346264903958e-02 1.00000000000000e+05 
9.93968164626425e-02 1.00000000000000e+05 
9.95590362874462e-02 1.00000000000000e+05 
9.97212808438854e-02 1.00000000000000e+05 
9.98835761571394e-02 1.00000000000000e+05 
1.00045912146505e-01 1.00000000000000e+05 
1.00208288545626e-01 1.00000000000000e+05 
1.00370721218814e-01 1.00000000000000e+05 
1.00533199331826e-01 1.00000000000000e+05 
1.00695697419229e-01 1.00000000000000e+05 
1.00858234860084e-01 1.00000000000000e+05 
1.01020801807954e-01 1.00000000000000e+05 
1.01183391434279e-01 1.00000000000000e+05 
1.01346022787623e-01 1.00000000000000e+05 
1.01508701266125e-01 1.00000000000000e+05 
1.01671417120834e-01 1.00000000000000e+05 
1.01834187895482e-01 1.00000000000000e+05 
1.01996999137178e-01 1.00000000000000e+05 
1.02159842635274e-01 1.00000000000000e+05 
1.02322736023002e-01 1.00000000000000e+05 
1.02485684840652e-01 1.00000000000000e+05 
1.02648681248998e-01 1.00000000000000e+05 
1.02811743084698e-01 1.00000000000000e+05 
1.02974856412608e-01 1.00000000000000e+05 
1.03138013675364e-01 1.00000000000000e+05 
1.03301231884341e-01 1.00000000000000e+05 
1.03464513778163e-01 1.00000000000000e+05 
1.03627852628456e-01 1.00000000000000e+05 
1.03791264486462e-01 1.00000000000000e+05 
1.03954736358557e-01 1.00000000000000e+05 
1.04118259844167e-01 1.00000000000000e+05 
1.04281850629827e-01 1.00000000000000e+05 
1.04445512424845e-01 1.00000000000000e+05 
1.04609240586973e-01 1.00000000000000e+05 
1.04773049329384e-01 1.00000000000000e+05 
1.04936926281677e-01 1.00000000000000e+05 
1.05100864246506e-01 1.00000000000000e+05 
1.05264877836978e-01 1.00000000000000e+05 
1.05428970169458e-01 1.00000000000000e+05 
1.05593138144576e-01 1.00000000000000e+05 
1.05757393873647e-01 1.00000000000000e+05 
1.05921725093983e-01 1.00000000000000e+05 
1.06086124848727e-01 1.00000000000000e+05 
1.06250606557407e-01 1.00000000000000e+05 
1.06415172252449e-01 1.00000000000000e+05 
1.06579820279454e-01 1.00000000000000e+05 
1.06744561116689e-01 1.00000000000000e+05 
1.06909383208984e-01 1.00000000000000e+05 
1.07074280256882e-01 1.00000000000000e+05 
1.07239214539614e-01 1.00000000000000e+05 
1.07404150977555e-01 1.00000000000000e+05 
1.07569119885864e-01 1.00000000000000e+05 
1.07734111404977e-01 1.00000000000000e+05 
1.07899112592585e-01 1.00000000000000e+05 
1.08064111525011e-01 1.00000000000000e+05 
1.08229101993250e-01 1.00000000000000e+05 
1.08394097668078e-01 1.00000000000000e+05 
1.08559124192029e-01 1.00000000000000e+05 
1.08724175900399e-01 1.00000000000000e+05 
1.08889237631880e-01 1.00000000000000e+05 
1.09054296036910e-01 1.00000000000000e+05 
1.09219346412016e-01 1.00000000000000e+05 
1.09384407014903e-01 1.00000000000000e+05 
1.09549496615074e-01 1.00000000000000e+05 
1.09714612702819e-01 1.00000000000000e+05 
1.09879738226236e-01 1.00000000000000e+05 
1.10044858978289e-01 1.00000000000000e+05 
1.10209971736489e-01 1.00000000000000e+05 
1.10375099556119e-01 1.00000000000000e+05 
1.10540255077245e-01 1.00000000000000e+05 
1.10705439022243e-01 1.00000000000000e+05 
1.10870632381652e-01 1.00000000000000e+05 
1.11035819893742e-01 1.00000000000000e+05 
1.11200999497636e-01 1.00000000000000e+05 
1.11366197363809e-01 1.00000000000000e+05 
1.11531421221997e-01 1.00000000000000e+05 
1.11696674156710e-01 1.00000000000000e+05 
1.11861935958180e-01 1.00000000000000e+05 
1.12027190746453e-01 1.00000000000000e+05 
1.12192437250597e-01 1.00000000000000e+05 
1.12357703831502e-01 1.00000000000000e+05 
1.12522994662807e-01 1.00000000000000e+05 
1.12688314563687e-01 1.00000000000000e+05 
1.12853642045908e-01 1.00000000000000e+05 
1.13018959878434e-01 1.00000000000000e+05 
1.13184266973866e-01 1.00000000000000e+05 
1.13349594139906e-01 1.00000000000000e+05 
1.13514939522787e-01 1.00000000000000e+05 
1.13680308095795e-01 1.00000000000000e+05 
1.13845678560352e-01 1.00000000000000e+05 
1.14011036803467e-01 1.00000000000000e+05 
1.14176385337558e-01 1.00000000000000e+05 
1.14341760934266e-01 1.00000000000000e+05 
1.14507151710382e-01 1.00000000000000e+05 
1.14672561212175e-01 1.00000000000000e+05 
1.14837968279323e-01 1.00000000000000e+05 
1.15003379776662e-01 1.00000000000000e+05 
1.15168787189737e-01 1.00000000000000e+05 
1.15334197958309e-01 1.00000000000000e+05 
1.15499606393758e-01 1.00000000000000e+05 
1.15665021315926e-01 1.00000000000000e+05 
1.15830419292383e-01 1.00000000000000e+05 
1.15995812394061e-01 1.00000000000000e+05 
1.16161193203074e-01 1.00000000000000e+05 
1.16326569760153e-01 1.00000000000000e+05 
1.16491937747763e-01 1.00000000000000e+05 
1.16657308276328e-01 1.00000000000000e+05 
1.16822659941475e-01 1.00000000000000e+05 
1.16988006535305e-01 1.00000000000000e+05 
1.17153341684234e-01 1.00000000000000e+05 
1.17318673718406e-01 1.00000000000000e+05 
1.17483999064826e-01 1.00000000000000e+05 
1.17649329268124e-01 1.00000000000000e+05 
1.17814642896891e-01 1.00000000000000e+05 
1.17979953429209e-01 1.00000000000000e+05 
1.18145253816615e-01 1.00000000000000e+05 
1.18310551363983e-01 1.00000000000000e+05 
1.18475840977628e-01 1.00000000000000e+05 
1.18641133654081e-01 1.00000000000000e+05 
1.18806407851335e-01 1.00000000000000e+05 
1.18971677708397e-01 1.00000000000000e+05 
1.19136936841345e-01 1.00000000000000e+05 
1.19302193410534e-01 1.00000000000000e+05 
1.19467441545667e-01 1.00000000000000e+05 
1.19632693511944e-01 1.00000000000000e+05 
1.19797926982674e-01 1.00000000000000e+05 
1.19963156287272e-01 1.00000000000000e+05 
1.20128375703786e-01 1.00000000000000e+05 
1.20293593818049e-01 1.00000000000000e+05 
1.20458802736369e-01 1.00000000000000e+05 
1.20624016774239e-01 1.00000000000000e+05 
1.20789211717546e-01 1.00000000000000e+05 
1.20954402126507e-01 1.00000000000000e+05 
1.21119583532298e-01 1.00000000000000e+05 
1.21284765531830e-01 1.00000000000000e+05 
1.21449937270126e-01 1.00000000000000e+05 
1.21615116864715e-01 1.00000000000000e+05 
1.21780277523582e-01 1.00000000000000e+05 
1.21932878475566e-01 1.00000000000000e+05 
1.22098027951422e-01 1.00000000000000e+05 
1.22237784150873e-01 1.00000000000000e+05 
1.22383742067682e-01 1.00000000000000e+05 
1.22529358984997e-01 1.00000000000000e+05 
1.22687826324078e-01 1.00000000000000e+05 
1.22832427254399e-01 1.00000000000000e+05 
1.22983984180946e-01 1.00000000000000e+05 
1.23143819299437e-01 1.00000000000000e+05 
1.23299464633241e-01 1.00000000000000e+05 
1.23462271006051e-01 1.00000000000000e+05 
1.23624791675407e-01 1.00000000000000e+05 
1.23771662428218e-01 1.00000000000000e+05 
1.23927412845530e-01 1.00000000000000e+05 
1.24088733768310e-01 1.00000000000000e+05 
1.24254196447329e-01 1.00000000000000e+05 
1.24398176125875e-01 1.00000000000000e+05 
1.24552950254628e-01 1.00000000000000e+05 
1.24717467023155e-01 1.00000000000000e+05 
1.24882924640397e-01 1.00000000000000e+05 
1.25028287467051e-01 1.00000000000000e+05 
1.25186519393370e-01 1.00000000000000e+05 
1.25351931147958e-01 1.00000000000000e+05 
1.25504256166596e-01 1.00000000000000e+05 
1.25669567549907e-01 1.00000000000000e+05 
1.25834843249422e-01 1.00000000000000e+05 
1.25986552925281e-01 1.00000000000000e+05 
1.26148713181499e-01 1.00000000000000e+05 
1.26313919983781e-01 1.00000000000000e+05 
1.26477838489802e-01 1.00000000000000e+05 
1.26642992546608e-01 1.00000000000000e+05 
1.26808130273559e-01 1.00000000000000e+05 
1.26973281959006e-01 1.00000000000000e+05 
1.27138410324995e-01 1.00000000000000e+05 
1.27303559000835e-01 1.00000000000000e+05 
1.27468688358984e-01 1.00000000000000e+05 
1.27633813193011e-01 1.00000000000000e+05 
1.27798927519105e-01 1.00000000000000e+05 
1.27964045093526e-01 1.00000000000000e+05 
1.28129138070651e-01 1.00000000000000e+05 
1.28294251941989e-01 1.00000000000000e+05 
1.28459353584090e-01 1.00000000000000e+05 
1.28624458762618e-01 1.00000000000000e+05 
1.28789562772257e-01 1.00000000000000e+05 
1.28954681190755e-01 1.00000000000000e+05 
1.29119787582297e-01 1.00000000000000e+05 
1.29284914696412e-01 1.00000000000000e+05 
1.29450031627336e-01 1.00000000000000e+05 
1.29615152197552e-01 1.00000000000000e+05 
1.29780273584691e-01 1.00000000000000e+05 
1.29945408327801e-01 1.00000000000000e+05 
1.30110532788647e-01 1.00000000000000e+05 
1.30275678634235e-01 1.00000000000000e+05 
1.30440815002685e-01 1.00000000000000e+05 
1.30605953985338e-01 1.00000000000000e+05 
1.30771091234608e-01 1.00000000000000e+05 
1.30936240954040e-01 1.00000000000000e+05 
1.31101364567757e-01 1.00000000000000e+05 
1.31266498330178e-01 1.00000000000000e+05 
1.31431612630887e-01 1.00000000000000e+05 
1.31596720748328e-01 1.00000000000000e+05 
1.31761827605001e-01 1.00000000000000e+05 
1.31926945736839e-01 1.00000000000000e+05 
1.32092047108580e-01 1.00000000000000e+05 
1.32257168629954e-01 1.00000000000000e+05 
1.32422276163187e-01 1.00000000000000e+05 
1.32587382351656e-01 1.00000000000000e+05 
1.32752489985323e-01 1.00000000000000e+05 
1.32917610362310e-01 1.00000000000000e+05 
1.33082725078560e-01 1.00000000000000e+05 
1.33247861302268e-01 1.00000000000000e+05 
1.33412987599303e-01 1.00000000000000e+05 
1.33578115658049e-01 1.00000000000000e+05 
1.33743248127663e-01 1.00000000000000e+05 
1.33908394711156e-01 1.00000000000000e+05 
1.34073533628968e-01 1.00000000000000e+05 
1.34238695083689e-01 1.00000000000000e+05 
1.34403845443962e-01 1.00000000000000e+05 
1.34568996414778e-01 1.00000000000000e+05 
1.34734154146681e-01 1.00000000000000e+05 
1.34899329268480e-01 1.00000000000000e+05 
1.35064496479845e-01 1.00000000000000e+05 
1.35229687722243e-01 1.00000000000000e+05 
1.35394867251414e-01 1.00000000000000e+05 
1.35560046882120e-01 1.00000000000000e+05 
1.35725234659610e-01 1.00000000000000e+05 
1.35890440890600e-01 1.00000000000000e+05 
1.36055640338398e-01 1.00000000000000e+05 
1.36220865925685e-01 1.00000000000000e+05 
1.36386081649153e-01 1.00000000000000e+05 
1.36551298898355e-01 1.00000000000000e+05 
1.36716526150854e-01 1.00000000000000e+05 
1.36881774212370e-01 1.00000000000000e+05 
1.37047016489787e-01 1.00000000000000e+05 
1.37212286925057e-01 1.00000000000000e+05 
1.37377549105226e-01 1.00000000000000e+05 
1.37542813918819e-01 1.00000000000000e+05 
1.37708090378180e-01 1.00000000000000e+05 
1.37873389644006e-01 1.00000000000000e+05 
1.38038683573302e-01 1.00000000000000e+05 
1.38203292215446e-01 1.00000000000000e+05 
1.38367547483108e-01 1.00000000000000e+05 
1.38532398119784e-01 1.00000000000000e+05 
1.38697732353604e-01 1.00000000000000e+05 
1.38863091350708e-01 1.00000000000000e+05 
1.39028446937508e-01 1.00000000000000e+05 
1.39193833073048e-01 1.00000000000000e+05 
1.39359214057534e-01 1.00000000000000e+05 
1.39524600517987e-01 1.00000000000000e+05 
1.39690000727668e-01 1.00000000000000e+05 
1.39855425214487e-01 1.00000000000000e+05 
1.40020846158542e-01 1.00000000000000e+05 
1.40186296025318e-01 1.00000000000000e+05 
1.40351740335070e-01 1.00000000000000e+05 
1.40517190503799e-01 1.00000000000000e+05 
1.40682653932575e-01 1.00000000000000e+05 
1.40848140807825e-01 1.00000000000000e+05 
1.41013624486192e-01 1.00000000000000e+05 
1.41179136142429e-01 1.00000000000000e+05 
1.41344642475754e-01 1.00000000000000e+05 
1.41510155580966e-01 1.00000000000000e+05 
1.41675682066115e-01 1.00000000000000e+05 
1.41841231742697e-01 1.00000000000000e+05 
1.42006778402371e-01 1.00000000000000e+05 
1.42172352168506e-01 1.00000000000000e+05 
1.42337920219941e-01 1.00000000000000e+05 
1.42503495426520e-01 1.00000000000000e+05 
1.42669119152194e-01 1.00000000000000e+05 
1.42834922897610e-01 1.00000000000000e+05 
1.43000795642946e-01 1.00000000000000e+05 
1.43166709073507e-01 1.00000000000000e+05 
1.43332591635940e-01 1.00000000000000e+05 
1.43498476593291e-01 1.00000000000000e+05 
1.43664355076799e-01 1.00000000000000e+05 
1.43830224237323e-01 1.00000000000000e+05 
1.43996055006732e-01 1.00000000000000e+05 
1.44161891733418e-01 1.00000000000000e+05 
1.44327707188435e-01 1.00000000000000e+05 
1.44493506619148e-01 1.00000000000000e+05 
1.44659310669970e-01 1.00000000000000e+05 
1.44825119929916e-01 1.00000000000000e+05 
1.44990915872554e-01 1.00000000000000e+05 
1.45156738582336e-01 1.00000000000000e+05 
1.45322553917622e-01 1.00000000000000e+05 
1.45488367908485e-01 1.00000000000000e+05 
1.45654192653359e-01 1.00000000000000e+05 
1.45820032923912e-01 1.00000000000000e+05 
1.45985863697960e-01 1.00000000000000e+05 
1.46151720774689e-01 1.00000000000000e+05 
1.46317570051420e-01 1.00000000000000e+05 
1.46483420429145e-01 1.00000000000000e+05 
1.46649282844536e-01 1.00000000000000e+05 
1.46815160823310e-01 1.00000000000000e+05 
1.46981029230994e-01 1.00000000000000e+05 
1.47146922746745e-01 1.00000000000000e+05 
1.47312809996243e-01 1.00000000000000e+05 
1.47478700629260e-01 1.00000000000000e+05 
1.47644605147542e-01 1.00000000000000e+05 
1.47810527497208e-01 1.00000000000000e+05 
1.47976442296637e-01 1.00000000000000e+05 
1.48142383731681e-01 1.00000000000000e+05 
1.48308321604616e-01 1.00000000000000e+05 
1.48474265972571e-01 1.00000000000000e+05 
1.48640226889557e-01 1.00000000000000e+05 
1.48806208511415e-01 1.00000000000000e+05 
1.48972184940075e-01 1.00000000000000e+05 
1.49138190835543e-01 1.00000000000000e+05 
1.49304195765950e-01 1.00000000000000e+05 
1.49470209386218e-01 1.00000000000000e+05 
1.49636241950014e-01 1.00000000000000e+05 
1.49802297813503e-01 1.00000000000000e+05 
1.49968350367627e-01 1.00000000000000e+05 
1.50134434268368e-01 1.00000000000000e+05 
1.50300518933581e-01 1.00000000000000e+05 
1.50466613218567e-01 1.00000000000000e+05 
1.50632727201198e-01 1.00000000000000e+05 
1.50798864980399e-01 1.00000000000000e+05 
1.50964999580101e-01 1.00000000000000e+05 
1.51131165370718e-01 1.00000000000000e+05 
1.51297332374775e-01 1.00000000000000e+05 
1.51463509130602e-01 1.00000000000000e+05 
1.51629705488806e-01 1.00000000000000e+05 
1.51795271978623e-01 1.00000000000000e+05 
1.51960719285127e-01 1.00000000000000e+05 
1.52126925260277e-01 1.00000000000000e+05 
1.52293175000311e-01 1.00000000000000e+05 
1.52458732988873e-01 1.00000000000000e+05 
1.52625012916473e-01 1.00000000000000e+05 
1.52791317079086e-01 1.00000000000000e+05 
1.52957619066820e-01 1.00000000000000e+05 
1.53101433378308e-01 1.00000000000000e+05 
1.53259629120945e-01 1.00000000000000e+05 
1.53425965550357e-01 1.00000000000000e+05 
1.53592317020051e-01 1.00000000000000e+05 
1.53758689348210e-01 1.00000000000000e+05 
1.53925056815589e-01 1.00000000000000e+05 
1.54091450667612e-01 1.00000000000000e+05 
1.54257844228360e-01 1.00000000000000e+05 
1.54424245533247e-01 1.00000000000000e+05 
1.54590662463439e-01 1.00000000000000e+05 
1.54757099126768e-01 1.00000000000000e+05 
1.54923530392699e-01 1.00000000000000e+05 
1.55089989055554e-01 1.00000000000000e+05 
1.55256450205538e-01 1.00000000000000e+05 
1.55422924557614e-01 1.00000000000000e+05 
1.55589422801451e-01 1.00000000000000e+05 
1.55755952650386e-01 1.00000000000000e+05 
1.55922487968282e-01 1.00000000000000e+05 
1.56089059838574e-01 1.00000000000000e+05 
1.56255638401736e-01 1.00000000000000e+05 
1.56422231314907e-01 1.00000000000000e+05 
1.56588846512928e-01 1.00000000000000e+05 
1.56755489661308e-01 1.00000000000000e+05 
1.56922133200095e-01 1.00000000000000e+05 
1.57088810194785e-01 1.00000000000000e+05 
1.57255492918080e-01 1.00000000000000e+05 
1.57422190074569e-01 1.00000000000000e+05 
1.57588912353756e-01 1.00000000000000e+05 
1.57755667549037e-01 1.00000000000000e+05 
1.57922427014118e-01 1.00000000000000e+05 
1.58089224455191e-01 1.00000000000000e+05 
1.58256030079642e-01 1.00000000000000e+05 
1.58422851121856e-01 1.00000000000000e+05 
1.58589737562380e-01 1.00000000000000e+05 
1.58756828297962e-01 1.00000000000000e+05 
1.58924064559243e-01 1.00000000000000e+05 
1.59091404157873e-01 1.00000000000000e+05 
1.59258726320667e-01 1.00000000000000e+05 
1.59426084113102e-01 1.00000000000000e+05 
1.59593448904276e-01 1.00000000000000e+05 
1.59760841099430e-01 1.00000000000000e+05 
1.59928206726544e-01 1.00000000000000e+05 
1.60095583824397e-01 1.00000000000000e+05 
1.60262936405469e-01 1.00000000000000e+05 
1.60430286154785e-01 1.00000000000000e+05 
1.60597644179142e-01 1.00000000000000e+05 
1.60765020230053e-01 1.00000000000000e+05 
1.60932386476858e-01 1.00000000000000e+05 
1.61099779585482e-01 1.00000000000000e+05 
1.61267167326051e-01 1.00000000000000e+05 
1.61434556059640e-01 1.00000000000000e+05 
1.61601955882427e-01 1.00000000000000e+05 
1.61769364058032e-01 1.00000000000000e+05 
1.61936759399726e-01 1.00000000000000e+05 
1.62104181420802e-01 1.00000000000000e+05 
1.62271605945325e-01 1.00000000000000e+05 
1.62439033208344e-01 1.00000000000000e+05 
1.62606478449791e-01 1.00000000000000e+05 
1.62773939817234e-01 1.00000000000000e+05 
1.62941400287637e-01 1.00000000000000e+05 
1.63108896151847e-01 1.00000000000000e+05 
1.63276402925777e-01 1.00000000000000e+05 
1.63443921198094e-01 1.00000000000000e+05 
1.63611463092583e-01 1.00000000000000e+05 
1.63779029394851e-01 1.00000000000000e+05 
1.63946600373544e-01 1.00000000000000e+05 
1.64114208651904e-01 1.00000000000000e+05 
1.64270113252696e-01 1.00000000000000e+05 
1.64437747273176e-01 1.00000000000000e+05 
1.64586693549493e-01 1.00000000000000e+05 
1.64743062302632e-01 1.00000000000000e+05 
1.64908213530202e-01 1.00000000000000e+05 
1.65054708288807e-01 1.00000000000000e+05 
1.65209650035209e-01 1.00000000000000e+05 
1.65373318300014e-01 1.00000000000000e+05 
1.65541129645536e-01 1.00000000000000e+05 
1.65689752048970e-01 1.00000000000000e+05 
1.65848568806588e-01 1.00000000000000e+05 
1.66016641979823e-01 1.00000000000000e+05 
1.66172425804251e-01 1.00000000000000e+05 
1.66339736742216e-01 1.00000000000000e+05 
1.66507972009942e-01 1.00000000000000e+05 
1.66660829750187e-01 1.00000000000000e+05 
1.66828973264455e-01 1.00000000000000e+05 
1.66997272040299e-01 1.00000000000000e+05 
1.67159100772536e-01 1.00000000000000e+05 
1.67327385038467e-01 1.00000000000000e+05 
1.67495677162318e-01 1.00000000000000e+05 
1.67663987355348e-01 1.00000000000000e+05 
1.67811482255943e-01 1.00000000000000e+05 
1.67968488765488e-01 1.00000000000000e+05 
1.68135598460234e-01 1.00000000000000e+05 
1.68291229761887e-01 1.00000000000000e+05 
1.68457454477608e-01 1.00000000000000e+05 
1.68625813189354e-01 1.00000000000000e+05 
1.68781381883357e-01 1.00000000000000e+05 
1.68949767199902e-01 1.00000000000000e+05 
1.69106993336260e-01 1.00000000000000e+05 
1.69275393450684e-01 1.00000000000000e+05 
1.69443807291564e-01 1.00000000000000e+05 
1.69601352056792e-01 1.00000000000000e+05 
1.69769778771806e-01 1.00000000000000e+05 
1.69938217377641e-01 1.00000000000000e+05 
1.70106657215798e-01 1.00000000000000e+05 
1.70275104415126e-01 1.00000000000000e+05 
1.70443564880514e-01 1.00000000000000e+05 
1.70612048502011e-01 1.00000000000000e+05 
1.70780531819975e-01 1.00000000000000e+05 
1.70949039979740e-01 1.00000000000000e+05 
1.71117556062462e-01 1.00000000000000e+05 
1.71286085833479e-01 1.00000000000000e+05 
1.71454630873080e-01 1.00000000000000e+05 
1.71623200087633e-01 1.00000000000000e+05 
1.71791767661922e-01 1.00000000000000e+05 
1.71960358934331e-01 1.00000000000000e+05 
1.72128955368110e-01 1.00000000000000e+05 
1.72297562439550e-01 1.00000000000000e+05 
1.72466184255021e-01 1.00000000000000e+05 
1.72634827496714e-01 1.00000000000000e+05 
1.72803465032940e-01 1.00000000000000e+05 
1.72972123173491e-01 1.00000000000000e+05 
1.73140782200781e-01 1.00000000000000e+05 
1.73309446892608e-01 1.00000000000000e+05 
1.73478124932292e-01 1.00000000000000e+05 
1.73646822862837e-01 1.00000000000141e+05 
1.73815511673170e-01 1.00000000012566e+05 
1.73984220472216e-01 1.00000000049409e+05 
1.74152928746302e-01 1.00000000233214e+05 
1.74321641301652e-01 1.00000000490308e+05 
1.74490367667273e-01 1.00000000816667e+05 
1.74659113688959e-01 1.00000001207240e+05 
1.74827853289611e-01 1.00000001792612e+05 
1.74996615619778e-01 1.00000002434875e+05 
1.75165379090839e-01 1.00000002945719e+05 
1.75334146532670e-01 1.00000003553096e+05 
1.75502927857914e-01 1.00000004246990e+05 
1.75671728477360e-01 1.00000005045931e+05 
1.75840524265690e-01 1.00000005979905e+05 
1.76009343280909e-01 1.00000007060965e+05 
1.76178164465641e-01 1.00000008300911e+05 
1.76346990897593e-01 1.00000009719913e+05 
1.76515831786813e-01 1.00000011340923e+05 
1.76684692066696e-01 1.00000013181441e+05 
1.76853549110259e-01 1.00000015257364e+05 
1.77022429983199e-01 1.00000017588242e+05 
1.77191314079970e-01 1.00000020188339e+05 
1.77360203991518e-01 1.00000023062929e+05 
1.77529108359091e-01 1.00000026219155e+05 
1.77698031770271e-01 1.00000029657077e+05 
1.77866952039586e-01 1.00000033369097e+05 
1.78035895667219e-01 1.00000037350642e+05 
1.78204842490067e-01 1.00000041600081e+05 
1.78373794832867e-01 1.00000046094119e+05 
1.78542761130332e-01 1.00000050815234e+05 
1.78711745957110e-01 1.00000055732444e+05 
1.78880727378397e-01 1.00000060791852e+05 
1.79049731225799e-01 1.00000065955958e+05 
1.79218737510377e-01 1.00000071209063e+05 
1.79387748841936e-01 1.00000076498018e+05 
1.79556773333979e-01 1.00000081764658e+05 
1.79725815523649e-01 1.00000086952232e+05 
1.79894854283463e-01 1.00000092006462e+05 
1.80063914776647e-01 1.00000096904562e+05 
1.80232977371442e-01 1.00000101667930e+05 
1.80402045179501e-01 1.00000106334059e+05 
1.80571125933568e-01 1.00000111048775e+05 
1.80740224094457e-01 1.00000115735177e+05 
1.80909318995416e-01 1.00000120331653e+05 
1.81078435157089e-01 1.00000125483740e+05 
1.81247553049869e-01 1.00000131736079e+05 
1.81416676001517e-01 1.00000139229651e+05 
1.81585811290740e-01 1.00000149427357e+05 
1.81754963036506e-01 1.00000162471390e+05 
1.81924111050142e-01 1.00000178966658e+05 
1.82093279000318e-01 1.00000198571929e+05 
1.82262447642689e-01 1.00000228287505e+05 
1.82431620702051e-01 1.00000276451259e+05 
1.82600804966527e-01 1.00000348003406e+05 
1.82770004332306e-01 1.00000450207664e+05 
1.82939199537259e-01 1.00000591559455e+05 
1.83108413767201e-01 1.00000783812079e+05 
1.83277628323674e-01 1.00001029842242e+05 
1.83446847450683e-01 1.00001339716366e+05 
1.83616077752223e-01 1.00001726789767e+05 
1.83785323125096e-01 1.00002202413581e+05 
1.83954564846358e-01 1.00002779366942e+05 
1.84123825733644e-01 1.00003472400117e+05 
1.84293087292372e-01 1.00004298782427e+05 
1.84462354046116e-01 1.00005275665365e+05 
1.84631632269662e-01 1.00006418306116e+05 
1.84800925621343e-01 1.00007742887271e+05 
1.84970215881096e-01 1.00009264386117e+05 
1.85119234738906e-01 1.00010783301926e+05 
1.85282642820258e-01 1.00012658549583e+05 
1.85451957693063e-01 1.00014836708903e+05 
1.85616052685832e-01 1.00017196812138e+05 
1.85785382217342e-01 1.00019903887617e+05 
1.85953663000733e-01 1.00022879251950e+05 
1.86107013469070e-01 1.00025849096444e+05 
1.86262401576071e-01 1.00029120257512e+05 
1.86426417007143e-01 1.00032867911645e+05 
1.86595914453266e-01 1.00037070506954e+05 
1.86764874344757e-01 1.00041600455359e+05 
1.86925940721760e-01 1.00046236657531e+05 
1.87095288925496e-01 1.00051451713002e+05 
1.87264803915100e-01 1.00057032188992e+05 
1.87434588099969e-01 1.00062979627219e+05 
1.87604584544554e-01 1.00069297497967e+05 
1.87774695031794e-01 1.00075982236743e+05 
1.87944837603748e-01 1.00083023853477e+05 
1.88115009347324e-01 1.00090421138456e+05 
1.88285107350002e-01 1.00098166074784e+05 
1.88455150629466e-01 1.00106247133480e+05 
1.88625226095580e-01 1.00114653141863e+05 
1.88795359830623e-01 1.00123378608858e+05 
1.88965469842709e-01 1.00132397406606e+05 
1.89135594157327e-01 1.00141702189723e+05 
1.89305699313484e-01 1.00151265132507e+05 
1.89475806792042e-01 1.00161064260103e+05 
1.89645947683525e-01 1.00171069440692e+05 
1.89816065277428e-01 1.00181282179005e+05 
1.89986200840652e-01 1.00191665984331e+05 
1.90156354512130e-01 1.00202192641188e+05 
1.90326508345174e-01 1.00212823160231e+05 
1.90496669946795e-01 1.00223537999874e+05 
1.90666836336187e-01 1.00234299680266e+05 
1.90836975100327e-01 1.00245057072989e+05 
1.91007119955631e-01 1.00255757528068e+05 
1.91177274621502e-01 1.00266390627397e+05 
1.91347417700980e-01 1.00276887749199e+05 
1.91517573202859e-01 1.00287204769196e+05 
1.91687739774870e-01 1.00297250632915e+05 
1.91857885125565e-01 1.00307036406445e+05 
1.92028037750377e-01 1.00316512137918e+05 
1.92198206445191e-01 1.00325637485377e+05 
1.92368369812702e-01 1.00334369351611e+05 
1.92538546859337e-01 1.00342643462157e+05 
1.92708736754141e-01 1.00350408318750e+05 
1.92878924270681e-01 1.00357698390537e+05 
1.93049113344025e-01 1.00364402604376e+05 
1.93219320943800e-01 1.00370481904562e+05 
1.93389513918419e-01 1.00375898938293e+05 
1.93559708559174e-01 1.00380629761779e+05 
1.93729915884253e-01 1.00384628016931e+05 
1.93900124832134e-01 1.00388396710018e+05 
1.94070335496019e-01 1.00390866539856e+05 
1.94240566841232e-01 1.00392369433702e+05 
1.94410805075311e-01 1.00393014587524e+05 
1.94581055110547e-01 1.00392946855821e+05 
1.94751310713887e-01 1.00391878319328e+05 
1.94921577608191e-01 1.00390361717748e+05 
1.95091821778591e-01 1.00388813520134e+05 
1.95262076884518e-01 1.00387219917998e+05 
1.95432333949381e-01 1.00385571367919e+05 
1.95602595367304e-01 1.00383865448980e+05 
1.95772861371961e-01 1.00381839180991e+05 
1.95943138627317e-01 1.00379550450536e+05 
1.96113407724370e-01 1.00377013071483e+05 
1.96283688327933e-01 1.00374357429980e+05 
1.96453967396996e-01 1.00371491342093e+05 
1.96624250482648e-01 1.00368367843043e+05 
1.96794541729077e-01 1.00364891456512e+05 
1.96964848155411e-01 1.00361173992923e+05 
1.97135150172815e-01 1.00357205143402e+05 
1.97305467701815e-01 1.00353034781241e+05 
1.97475785253257e-01 1.00348559057272e+05 
1.97646108111641e-01 1.00343805331790e+05 
1.97816441333579e-01 1.00338724959064e+05 
1.97986791199113e-01 1.00333385660739e+05 
1.98157137821922e-01 1.00327817248447e+05 
1.98327501574331e-01 1.00322149889576e+05 
1.98497866141697e-01 1.00316243387389e+05 
1.98668236853496e-01 1.00310116689264e+05 
1.98838619484064e-01 1.00303614685917e+05 
1.99009019786795e-01 1.00296899995254e+05 
1.99179418085943e-01 1.00290077166608e+05 
1.99349835319119e-01 1.00283372360276e+05 
1.99520254461117e-01 1.00276527395749e+05 
1.99690680869479e-01 1.00269618513815e+05 
1.99861120967856e-01 1.00262413998189e+05 
2.00031580241819e-01 1.00255189393378e+05 
2.00202038743887e-01 1.00248004195540e+05 
