# Liste des scalaires : TEMPS pmat 
0.00000000000000e+00 1.00000000000000e+05 
7.22956891292051e-05 1.00000000000000e+05 
1.34736913546335e-04 1.00000000000000e+05 
1.97666999040875e-04 1.00000000000000e+05 
2.60543091191771e-04 1.00000000000000e+05 
3.23081480238704e-04 1.00000000000000e+05 
3.86392498131070e-04 1.00000000000000e+05 
4.49705520850941e-04 1.00000000000000e+05 
5.13545762703256e-04 1.00000000000000e+05 
5.78941818901102e-04 1.00000000000000e+05 
6.45429502517205e-04 1.00000000000000e+05 
7.12641096553901e-04 1.00000000000000e+05 
7.81457983608568e-04 1.00000000000000e+05 
8.50440129377466e-04 1.00000000000000e+05 
9.20513946875018e-04 1.00000000000000e+05 
9.91407862240529e-04 1.00000000000000e+05 
1.06326815543294e-03 1.00000000000000e+05 
1.13591181361870e-03 1.00000000000000e+05 
1.20966099981969e-03 1.00000000000000e+05 
1.28506771510078e-03 1.00000000000000e+05 
1.36125998303369e-03 1.00000000000000e+05 
1.43829924432952e-03 1.00000000000000e+05 
1.51652678072362e-03 1.00000000000000e+05 
1.59630546431988e-03 1.00000000000000e+05 
1.67749565525948e-03 1.00000000000000e+05 
1.75950841831135e-03 1.00000000000000e+05 
1.84324128368682e-03 1.00000000000000e+05 
1.92943995518610e-03 1.00000000000000e+05 
2.01711134893424e-03 1.00000000000000e+05 
2.10587943289642e-03 1.00000000000000e+05 
2.19622604901402e-03 1.00000000000000e+05 
2.28719448822340e-03 1.00000000000000e+05 
2.37904539392510e-03 1.00000000000000e+05 
2.47204175689027e-03 1.00000000000000e+05 
2.56653797494789e-03 1.00000000000000e+05 
2.66204134299976e-03 1.00000000000000e+05 
2.75874223693502e-03 1.00000000000000e+05 
2.85676598547063e-03 1.00000000000000e+05 
2.95630609046256e-03 1.00000000000000e+05 
3.05741274762627e-03 1.00000000000000e+05 
3.15987090199654e-03 1.00000000000000e+05 
3.26415047125182e-03 1.00000000000000e+05 
3.37009375131303e-03 1.00000000000000e+05 
3.47737978192584e-03 1.00000000000000e+05 
3.58566561918170e-03 1.00000000000000e+05 
3.69500437128012e-03 1.00000000000000e+05 
3.80556093550798e-03 1.00000000000000e+05 
3.91736049054842e-03 1.00000000000000e+05 
4.03028847986765e-03 1.00000000000000e+05 
4.14445626811049e-03 1.00000000000000e+05 
4.25999731678585e-03 1.00000000000000e+05 
4.37694914916936e-03 1.00000000000000e+05 
4.49546826396124e-03 1.00000000000000e+05 
4.61550772527549e-03 1.00000000000000e+05 
4.73705267371462e-03 1.00000000000000e+05 
4.86020262379568e-03 1.00000000000000e+05 
4.98511417191418e-03 1.00000000000000e+05 
5.11181931584986e-03 1.00000000000000e+05 
5.24039307080761e-03 1.00000000000000e+05 
5.36851914833767e-03 1.00000000000000e+05 
5.49754536092840e-03 1.00000000000000e+05 
5.62582075016450e-03 1.00000000000000e+05 
5.75259828169699e-03 1.00000000000000e+05 
5.87854014128062e-03 1.00000000000000e+05 
6.00400454006079e-03 1.00000000000000e+05 
6.12930415481800e-03 1.00000000000000e+05 
6.25483324954567e-03 1.00000000000000e+05 
6.38068825257308e-03 1.00000000000000e+05 
6.50687661241391e-03 1.00000000000000e+05 
6.63360598997127e-03 1.00000000000000e+05 
6.76065193604587e-03 1.00000000000000e+05 
6.88791817257965e-03 1.00000000000000e+05 
7.01571348371524e-03 1.00000000000000e+05 
7.14408963574511e-03 1.00000000000000e+05 
7.27327354781361e-03 1.00000000000000e+05 
7.40329020978186e-03 1.00000000000000e+05 
7.53464500660633e-03 1.00000000000000e+05 
7.66735187612915e-03 1.00000000000000e+05 
7.80137358676234e-03 1.00000000000000e+05 
7.93526259880945e-03 1.00000000000000e+05 
8.06618094245175e-03 1.00000000000000e+05 
8.19793424572390e-03 1.00000000000000e+05 
8.33040736795834e-03 1.00000000000000e+05 
8.46363496190326e-03 1.00000000000000e+05 
8.59730740503290e-03 1.00000000000000e+05 
8.73117430035156e-03 1.00000000000000e+05 
8.86529685316370e-03 1.00000000000000e+05 
8.99990340856384e-03 1.00000000000000e+05 
9.13485597945616e-03 1.00000000000000e+05 
9.27032898604133e-03 1.00000000000000e+05 
9.40598258380471e-03 1.00000000000000e+05 
9.54181009758692e-03 1.00000000000000e+05 
9.67770186071309e-03 1.00000000000000e+05 
9.81387888790400e-03 1.00000000000000e+05 
9.94977643982792e-03 1.00000000000000e+05 
1.00861843055681e-02 1.00000000000000e+05 
1.02232347159591e-02 1.00000000000000e+05 
1.03607066391626e-02 1.00000000000000e+05 
1.04983387610400e-02 1.00000000000000e+05 
1.06361853142993e-02 1.00000000000000e+05 
1.07741749733026e-02 1.00000000000000e+05 
1.09115029317393e-02 1.00000000000000e+05 
1.10484656959071e-02 1.00000000000000e+05 
1.11851391666508e-02 1.00000000000000e+05 
1.13214934685449e-02 1.00000000000000e+05 
1.14591030067140e-02 1.00000000000000e+05 
1.15973418369267e-02 1.00000000000000e+05 
1.17361622106191e-02 1.00000000000000e+05 
1.18753910206946e-02 1.00000000000000e+05 
1.20142499439455e-02 1.00000000000000e+05 
1.21534398893917e-02 1.00000000000000e+05 
1.22925833603467e-02 1.00000000000000e+05 
1.24316630109172e-02 1.00000000000000e+05 
1.25707099239723e-02 1.00000000000000e+05 
1.27119973325098e-02 1.00000000000000e+05 
1.28518266580439e-02 1.00000000000000e+05 
1.29929423689657e-02 1.00000000000000e+05 
1.31326785394052e-02 1.00000000000000e+05 
1.32735890979669e-02 1.00000000000000e+05 
1.34137333590451e-02 1.00000000000000e+05 
1.35534534257082e-02 1.00000000000000e+05 
1.36931524278388e-02 1.00000000000000e+05 
1.38332875182121e-02 1.00000000000000e+05 
1.39735765832488e-02 1.00000000000000e+05 
1.41103812887227e-02 1.00000000000000e+05 
1.42473899634726e-02 1.00000000000000e+05 
1.43846161162255e-02 1.00000000000000e+05 
1.45221365165441e-02 1.00000000000000e+05 
1.46599171421974e-02 1.00000000000000e+05 
1.47978882415586e-02 1.00000000000000e+05 
1.49360820216594e-02 1.00000000000000e+05 
1.50743726598634e-02 1.00000000000000e+05 
1.52127033403212e-02 1.00000000000000e+05 
1.53511099429513e-02 1.00000000000000e+05 
1.54895629972962e-02 1.00000000000000e+05 
1.56280018622928e-02 1.00000000000000e+05 
1.57665402846471e-02 1.00000000000000e+05 
1.59051132274204e-02 1.00000000000000e+05 
1.60437576995538e-02 1.00000000000000e+05 
1.61825510948727e-02 1.00000000000000e+05 
1.63215174477387e-02 1.00000000000000e+05 
1.64606333158646e-02 1.00000000000000e+05 
1.66000161820120e-02 1.00000000000000e+05 
1.67395791137457e-02 1.00000000000000e+05 
1.68793097667854e-02 1.00000000000000e+05 
1.70192798213564e-02 1.00000000000000e+05 
1.71594672547392e-02 1.00000000000000e+05 
1.72998297434255e-02 1.00000000000000e+05 
1.74404991426203e-02 1.00000000000000e+05 
1.75814595392620e-02 1.00000000000000e+05 
1.77227400623751e-02 1.00000000000000e+05 
1.78644716917827e-02 1.00000000000000e+05 
1.80067056046298e-02 1.00000000000000e+05 
1.81495220098505e-02 1.00000000000000e+05 
1.82930258093802e-02 1.00000000000000e+05 
1.84371616877819e-02 1.00000000000000e+05 
1.85821700562671e-02 1.00000000000000e+05 
1.87278358578855e-02 1.00000000000000e+05 
1.88746476070823e-02 1.00000000000000e+05 
1.90186186318955e-02 1.00000000000000e+05 
1.91578112522596e-02 1.00000000000000e+05 
1.92969080370255e-02 1.00000000000000e+05 
1.94358770129935e-02 1.00000000000000e+05 
1.95747778561464e-02 1.00000000000000e+05 
1.97136467455678e-02 1.00000000000000e+05 
1.98526159870208e-02 1.00000000000000e+05 
1.99917909288614e-02 1.00000000000000e+05 
2.01311368304828e-02 1.00000000000000e+05 
2.02706155263479e-02 1.00000000000000e+05 
2.04103114299290e-02 1.00000000000000e+05 
2.05502266163473e-02 1.00000000000000e+05 
2.06903218769241e-02 1.00000000000000e+05 
2.08306209762289e-02 1.00000000000000e+05 
2.09710641027920e-02 1.00000000000000e+05 
2.11115882246243e-02 1.00000000000000e+05 
2.12522474988377e-02 1.00000000000000e+05 
2.13929980270628e-02 1.00000000000000e+05 
2.15338562613902e-02 1.00000000000000e+05 
2.16748676410845e-02 1.00000000000000e+05 
2.18159991299501e-02 1.00000000000000e+05 
2.19573210292835e-02 1.00000000000000e+05 
2.20988660363609e-02 1.00000000000000e+05 
2.22406851272819e-02 1.00000000000000e+05 
2.23827914203386e-02 1.00000000000000e+05 
2.25245572119173e-02 1.00000000000000e+05 
2.26673278642163e-02 1.00000000000000e+05 
2.28105593395996e-02 1.00000000000000e+05 
2.29542795423238e-02 1.00000000000000e+05 
2.30959584547133e-02 1.00000000000000e+05 
2.32388720776329e-02 1.00000000000000e+05 
2.33804777235277e-02 1.00000000000000e+05 
2.35234014775146e-02 1.00000000000000e+05 
2.36671290155181e-02 1.00000000000000e+05 
2.38107324213249e-02 1.00000000000000e+05 
2.39523175206609e-02 1.00000000000000e+05 
2.40952017670880e-02 1.00000000000000e+05 
2.42367752187945e-02 1.00000000000000e+05 
2.43797501060756e-02 1.00000000000000e+05 
2.45233750727536e-02 1.00000000000000e+05 
2.46671292204385e-02 1.00000000000000e+05 
2.48088535000954e-02 1.00000000000000e+05 
2.49519765166988e-02 1.00000000000000e+05 
2.50937666709587e-02 1.00000000000000e+05 
2.52370189016802e-02 1.00000000000000e+05 
2.53810594551967e-02 1.00000000000000e+05 
2.55252472002567e-02 1.00000000000000e+05 
2.56668224253003e-02 1.00000000000000e+05 
2.58102922449172e-02 1.00000000000000e+05 
2.59523389385246e-02 1.00000000000000e+05 
2.60958682866047e-02 1.00000000000000e+05 
2.62391684186601e-02 1.00000000000000e+05 
2.63827068088639e-02 1.00000000000000e+05 
2.65227945622180e-02 1.00000000000000e+05 
2.66639438663459e-02 1.00000000000000e+05 
2.68040181355836e-02 1.00000000000000e+05 
2.69467430806991e-02 1.00000000000000e+05 
2.70893290204897e-02 1.00000000000000e+05 
2.72324501018349e-02 1.00000000000000e+05 
2.73725760724165e-02 1.00000000000000e+05 
2.75137014920950e-02 1.00000000000000e+05 
2.76540160786293e-02 1.00000000000000e+05 
2.77974145079512e-02 1.00000000000000e+05 
2.79406549199581e-02 1.00000000000000e+05 
2.80845804296621e-02 1.00000000000000e+05 
2.82253359012632e-02 1.00000000000000e+05 
2.83677936971303e-02 1.00000000000000e+05 
2.85091169691280e-02 1.00000000000000e+05 
2.86523279536287e-02 1.00000000000000e+05 
2.87964981585683e-02 1.00000000000000e+05 
2.89413650463121e-02 1.00000000000000e+05 
2.90832936351600e-02 1.00000000000000e+05 
2.92272137050124e-02 1.00000000000000e+05 
2.93698871292039e-02 1.00000000000000e+05 
2.95168037089864e-02 1.00000000000000e+05 
2.96638745981578e-02 1.00000000000000e+05 
2.98106282443199e-02 1.00000000000000e+05 
2.99544110193235e-02 1.00000000000000e+05 
3.01007808002560e-02 1.00000000000000e+05 
3.02457341611603e-02 1.00000000000000e+05 
3.03926935240104e-02 1.00000000000000e+05 
3.05386641025023e-02 1.00000000000000e+05 
3.06868825970930e-02 1.00000000000000e+05 
3.08320773730338e-02 1.00000000000000e+05 
3.09774122436092e-02 1.00000000000000e+05 
3.11228827582666e-02 1.00000000000000e+05 
3.12703630403799e-02 1.00000000000000e+05 
3.14148236184524e-02 1.00000000000000e+05 
3.15598093865798e-02 1.00000000000000e+05 
3.17049959665319e-02 1.00000000000000e+05 
3.18503431891567e-02 1.00000000000000e+05 
3.19958072018561e-02 1.00000000000000e+05 
3.21410579407975e-02 1.00000000000000e+05 
3.22861244059634e-02 1.00000000000000e+05 
3.24315577186564e-02 1.00000000000000e+05 
3.25771513431695e-02 1.00000000000000e+05 
3.27223891338200e-02 1.00000000000000e+05 
3.28677406887130e-02 1.00000000000000e+05 
3.30132375261720e-02 1.00000000000000e+05 
3.31586954726083e-02 1.00000000000000e+05 
3.33047805602580e-02 1.00000000000000e+05 
3.34512457962366e-02 1.00000000000000e+05 
3.35971646912483e-02 1.00000000000000e+05 
3.37431569473663e-02 1.00000000000000e+05 
3.38894283723216e-02 1.00000000000000e+05 
3.40356035872173e-02 1.00000000000000e+05 
3.41818028009268e-02 1.00000000000000e+05 
3.43278590070557e-02 1.00000000000000e+05 
3.44745374837902e-02 1.00000000000000e+05 
3.46220169640848e-02 1.00000000000000e+05 
3.47700012674668e-02 1.00000000000000e+05 
3.49178495703259e-02 1.00000000000000e+05 
3.50654455437248e-02 1.00000000000000e+05 
3.52126963115391e-02 1.00000000000000e+05 
3.53610993568179e-02 1.00000000000000e+05 
3.55105918386753e-02 1.00000000000000e+05 
3.56603397025475e-02 1.00000000000000e+05 
3.58099045686067e-02 1.00000000000000e+05 
3.59592468805558e-02 1.00000000000000e+05 
3.61080463988634e-02 1.00000000000000e+05 
3.62567067129181e-02 1.00000000000000e+05 
3.64062638226980e-02 1.00000000000000e+05 
3.65560911201733e-02 1.00000000000000e+05 
3.67059998353449e-02 1.00000000000000e+05 
3.68561440997406e-02 1.00000000000000e+05 
3.70058025534858e-02 1.00000000000000e+05 
3.71546615079523e-02 1.00000000000000e+05 
3.73039296652735e-02 1.00000000000000e+05 
3.74534165519321e-02 1.00000000000000e+05 
3.76020709949847e-02 1.00000000000000e+05 
3.77511315472247e-02 1.00000000000000e+05 
3.79003964100844e-02 1.00000000000000e+05 
3.80499220436070e-02 1.00000000000000e+05 
3.81996646141800e-02 1.00000000000000e+05 
3.83491012043523e-02 1.00000000000000e+05 
3.84984620884362e-02 1.00000000000000e+05 
3.86479119962308e-02 1.00000000000000e+05 
3.87974438413505e-02 1.00000000000000e+05 
3.89472690317526e-02 1.00000000000000e+05 
3.90972784097517e-02 1.00000000000000e+05 
3.92470112951427e-02 1.00000000000000e+05 
3.93967456042614e-02 1.00000000000000e+05 
3.95466760761490e-02 1.00000000000000e+05 
3.96967866468960e-02 1.00000000000000e+05 
3.98471323941930e-02 1.00000000000000e+05 
3.99976385595176e-02 1.00000000000000e+05 
4.01478540639986e-02 1.00000000000000e+05 
4.02981256958308e-02 1.00000000000000e+05 
4.04487216100695e-02 1.00000000000000e+05 
4.05995797717296e-02 1.00000000000000e+05 
4.07505778865014e-02 1.00000000000000e+05 
4.09016680943144e-02 1.00000000000000e+05 
4.10528540629293e-02 1.00000000000000e+05 
4.12046674581181e-02 1.00000000000000e+05 
4.13568845137909e-02 1.00000000000000e+05 
4.15085176662309e-02 1.00000000000000e+05 
4.16608906281271e-02 1.00000000000000e+05 
4.18130950546280e-02 1.00000000000000e+05 
4.19663175565409e-02 1.00000000000000e+05 
4.21199873119192e-02 1.00000000000000e+05 
4.22739701438206e-02 1.00000000000000e+05 
4.24282349948761e-02 1.00000000000000e+05 
4.25830704647380e-02 1.00000000000000e+05 
4.27388654239832e-02 1.00000000000000e+05 
4.28947260853263e-02 1.00000000000000e+05 
4.30517861186608e-02 1.00000000000000e+05 
4.32098024536813e-02 1.00000000000000e+05 
4.33689532096934e-02 1.00000000000000e+05 
4.35277396592897e-02 1.00000000000000e+05 
4.36869729863641e-02 1.00000000000000e+05 
4.38454018894302e-02 1.00000000000000e+05 
4.40031765861693e-02 1.00000000000000e+05 
4.41613962525986e-02 1.00000000000000e+05 
4.43202851790047e-02 1.00000000000000e+05 
4.44786297833901e-02 1.00000000000000e+05 
4.46376989489326e-02 1.00000000000000e+05 
4.47975461123582e-02 1.00000000000000e+05 
4.49578468716928e-02 1.00000000000000e+05 
4.51181271625022e-02 1.00000000000000e+05 
4.52783952901036e-02 1.00000000000000e+05 
4.54374231870728e-02 1.00000000000000e+05 
4.55968668608737e-02 1.00000000000000e+05 
4.57569562568593e-02 1.00000000000000e+05 
4.59171807363996e-02 1.00000000000000e+05 
4.60774826939270e-02 1.00000000000000e+05 
4.62378325551721e-02 1.00000000000000e+05 
4.63977999171445e-02 1.00000000000000e+05 
4.65580566999354e-02 1.00000000000000e+05 
4.67186027402464e-02 1.00000000000000e+05 
4.68793295957143e-02 1.00000000000000e+05 
4.70400790778830e-02 1.00000000000000e+05 
4.72003406568105e-02 1.00000000000000e+05 
4.73607193200513e-02 1.00000000000000e+05 
4.75215956764995e-02 1.00000000000000e+05 
4.76829167777188e-02 1.00000000000000e+05 
4.78444088397281e-02 1.00000000000000e+05 
4.80062067456220e-02 1.00000000000000e+05 
4.81682911408936e-02 1.00000000000000e+05 
4.83304537020775e-02 1.00000000000000e+05 
4.84931568103971e-02 1.00000000000000e+05 
4.86559954087654e-02 1.00000000000000e+05 
4.88195126212267e-02 1.00000000000000e+05 
4.89838346012698e-02 1.00000000000000e+05 
4.91493054608576e-02 1.00000000000000e+05 
4.93155519620635e-02 1.00000000000000e+05 
4.94831530804032e-02 1.00000000000000e+05 
4.96513184889703e-02 1.00000000000000e+05 
4.98216812587573e-02 1.00000000000000e+05 
4.99932066677458e-02 1.00000000000000e+05 
5.01646686648654e-02 1.00000000000000e+05 
5.03360688088966e-02 1.00000000000000e+05 
5.05072812828343e-02 1.00000000000000e+05 
5.06774030960017e-02 1.00000000000000e+05 
5.08475020913766e-02 1.00000000000000e+05 
5.10175798207383e-02 1.00000000000000e+05 
5.11876892890808e-02 1.00000000000000e+05 
5.13578393912585e-02 1.00000000000000e+05 
5.15280281945670e-02 1.00000000000000e+05 
5.16982279873565e-02 1.00000000000000e+05 
5.18683909228584e-02 1.00000000000000e+05 
5.20384593274748e-02 1.00000000000000e+05 
5.22084976875110e-02 1.00000000000000e+05 
5.23784831534495e-02 1.00000000000000e+05 
5.25484060244998e-02 1.00000000000000e+05 
5.27183485524847e-02 1.00000000000000e+05 
5.28883717082170e-02 1.00000000000000e+05 
5.30583892110392e-02 1.00000000000000e+05 
5.32284243894761e-02 1.00000000000000e+05 
5.33984886516015e-02 1.00000000000000e+05 
5.35685865865826e-02 1.00000000000000e+05 
5.37387617628773e-02 1.00000000000000e+05 
5.39089561592650e-02 1.00000000000000e+05 
5.40791202810847e-02 1.00000000000000e+05 
5.42492788826552e-02 1.00000000000000e+05 
5.44194730941156e-02 1.00000000000000e+05 
5.45897214645381e-02 1.00000000000000e+05 
5.47600583282359e-02 1.00000000000000e+05 
5.49304416590661e-02 1.00000000000000e+05 
5.51008220710803e-02 1.00000000000000e+05 
5.52712979356617e-02 1.00000000000000e+05 
5.54417284495299e-02 1.00000000000000e+05 
5.56124426189184e-02 1.00000000000000e+05 
5.57833623285850e-02 1.00000000000000e+05 
5.59545040423623e-02 1.00000000000000e+05 
5.61258982621813e-02 1.00000000000000e+05 
5.62976688944652e-02 1.00000000000000e+05 
5.64698282555782e-02 1.00000000000000e+05 
5.66424726261611e-02 1.00000000000000e+05 
5.68155243955230e-02 1.00000000000000e+05 
5.69890016586749e-02 1.00000000000000e+05 
5.71629002517674e-02 1.00000000000000e+05 
5.73374375800242e-02 1.00000000000000e+05 
5.75126733898448e-02 1.00000000000000e+05 
5.76888029786448e-02 1.00000000000000e+05 
5.78657958039443e-02 1.00000000000000e+05 
5.80436783252990e-02 1.00000000000000e+05 
5.82226189928901e-02 1.00000000000000e+05 
5.84029517104290e-02 1.00000000000000e+05 
5.85839943575590e-02 1.00000000000000e+05 
5.87651068864085e-02 1.00000000000000e+05 
5.89463191291371e-02 1.00000000000000e+05 
5.91275327624266e-02 1.00000000000000e+05 
5.93087617009108e-02 1.00000000000000e+05 
5.94883301094881e-02 1.00000000000000e+05 
5.96693972332010e-02 1.00000000000000e+05 
5.98504560439550e-02 1.00000000000000e+05 
6.00315916648076e-02 1.00000000000000e+05 
6.02127439476806e-02 1.00000000000000e+05 
6.03938824980847e-02 1.00000000000000e+05 
6.05749864552681e-02 1.00000000000000e+05 
6.07560542587081e-02 1.00000000000000e+05 
6.09370861204756e-02 1.00000000000000e+05 
6.11181822645236e-02 1.00000000000000e+05 
6.12992491284742e-02 1.00000000000000e+05 
6.14802907849459e-02 1.00000000000000e+05 
6.16612512876200e-02 1.00000000000000e+05 
6.18411695387953e-02 1.00000000000000e+05 
6.20210454831250e-02 1.00000000000000e+05 
6.22009996704291e-02 1.00000000000000e+05 
6.23810697368637e-02 1.00000000000000e+05 
6.25611979130355e-02 1.00000000000000e+05 
6.27414295790695e-02 1.00000000000000e+05 
6.29217917869945e-02 1.00000000000000e+05 
6.31021828241137e-02 1.00000000000000e+05 
6.32826010747634e-02 1.00000000000000e+05 
6.34630794902404e-02 1.00000000000000e+05 
6.36435237322202e-02 1.00000000000000e+05 
6.38240182291655e-02 1.00000000000000e+05 
6.40046045627565e-02 1.00000000000000e+05 
6.41851562249262e-02 1.00000000000000e+05 
6.43655838357107e-02 1.00000000000000e+05 
6.45458922713079e-02 1.00000000000000e+05 
6.47262209218292e-02 1.00000000000000e+05 
6.49067162918810e-02 1.00000000000000e+05 
6.50874380633435e-02 1.00000000000000e+05 
6.52684048128816e-02 1.00000000000000e+05 
6.54496227411662e-02 1.00000000000000e+05 
6.56310913951271e-02 1.00000000000000e+05 
6.58127152263021e-02 1.00000000000000e+05 
6.59946113600973e-02 1.00000000000000e+05 
6.61766656259958e-02 1.00000000000000e+05 
6.63588270138526e-02 1.00000000000000e+05 
6.65411295768037e-02 1.00000000000000e+05 
6.67235923167147e-02 1.00000000000000e+05 
6.69062562014537e-02 1.00000000000000e+05 
6.70892962406281e-02 1.00000000000000e+05 
6.72727928879011e-02 1.00000000000000e+05 
6.74566550608876e-02 1.00000000000000e+05 
6.76409562451449e-02 1.00000000000000e+05 
6.78258308001852e-02 1.00000000000000e+05 
6.80115415712378e-02 1.00000000000000e+05 
6.81983147645421e-02 1.00000000000000e+05 
6.83861980896924e-02 1.00000000000000e+05 
6.85753593797729e-02 1.00000000000000e+05 
6.87657681551166e-02 1.00000000000000e+05 
6.89568626033407e-02 1.00000000000000e+05 
6.91473355358202e-02 1.00000000000000e+05 
6.93383514916947e-02 1.00000000000000e+05 
6.95295039864793e-02 1.00000000000000e+05 
6.97204986292591e-02 1.00000000000000e+05 
6.99109739073024e-02 1.00000000000000e+05 
7.00995313589138e-02 1.00000000000000e+05 
7.02883632773468e-02 1.00000000000000e+05 
7.04774699582078e-02 1.00000000000000e+05 
7.06666157038285e-02 1.00000000000000e+05 
7.08558670149798e-02 1.00000000000000e+05 
7.10453677522863e-02 1.00000000000000e+05 
7.12347861312515e-02 1.00000000000000e+05 
7.14241002029311e-02 1.00000000000000e+05 
7.16133826315445e-02 1.00000000000000e+05 
7.18027013744822e-02 1.00000000000000e+05 
7.19920328611602e-02 1.00000000000000e+05 
7.21814201235699e-02 1.00000000000000e+05 
7.23708326923032e-02 1.00000000000000e+05 
7.25601992168686e-02 1.00000000000000e+05 
7.27495752210005e-02 1.00000000000000e+05 
7.29390003257889e-02 1.00000000000000e+05 
7.31284487547390e-02 1.00000000000000e+05 
7.33179980231060e-02 1.00000000000000e+05 
7.35076906504359e-02 1.00000000000000e+05 
7.36974391219246e-02 1.00000000000000e+05 
7.38872779805001e-02 1.00000000000000e+05 
7.40771823193044e-02 1.00000000000000e+05 
7.42670898302719e-02 1.00000000000000e+05 
7.44569073664823e-02 1.00000000000000e+05 
7.46465839583257e-02 1.00000000000000e+05 
7.48363178921037e-02 1.00000000000000e+05 
7.50261482931203e-02 1.00000000000000e+05 
7.52159913431424e-02 1.00000000000000e+05 
7.54058426629914e-02 1.00000000000000e+05 
7.55957961145407e-02 1.00000000000000e+05 
7.57858588558441e-02 1.00000000000000e+05 
7.59759611781991e-02 1.00000000000000e+05 
7.61661461191133e-02 1.00000000000000e+05 
7.63564689233139e-02 1.00000000000000e+05 
7.65468619179140e-02 1.00000000000000e+05 
7.67373549352932e-02 1.00000000000000e+05 
7.69279986393471e-02 1.00000000000000e+05 
7.71187360547552e-02 1.00000000000000e+05 
7.73097150530845e-02 1.00000000000000e+05 
7.75010114929306e-02 1.00000000000000e+05 
7.76925922077857e-02 1.00000000000000e+05 
7.78839393939327e-02 1.00000000000000e+05 
7.80757996502324e-02 1.00000000000000e+05 
7.82672530090320e-02 1.00000000000000e+05 
7.84591213271309e-02 1.00000000000000e+05 
7.86511059684667e-02 1.00000000000000e+05 
7.88429704413633e-02 1.00000000000000e+05 
7.90345324459703e-02 1.00000000000000e+05 
7.92265224227157e-02 1.00000000000000e+05 
7.94181779987290e-02 1.00000000000000e+05 
7.96101370923225e-02 1.00000000000000e+05 
7.98022226450226e-02 1.00000000000000e+05 
7.99941679796955e-02 1.00000000000000e+05 
8.01858937613951e-02 1.00000000000000e+05 
8.03779513256067e-02 1.00000000000000e+05 
8.05697466467418e-02 1.00000000000000e+05 
8.07283703878170e-02 1.00000000000000e+05 
8.09004016768360e-02 1.00000000000000e+05 
8.10812363675898e-02 1.00000000000000e+05 
8.12588858204285e-02 1.00000000000000e+05 
8.14432360288378e-02 1.00000000000000e+05 
8.16322466223907e-02 1.00000000000000e+05 
8.18103976772360e-02 1.00000000000000e+05 
8.19965781454052e-02 1.00000000000000e+05 
8.21878537093516e-02 1.00000000000000e+05 
8.23798468496423e-02 1.00000000000000e+05 
8.25720500876285e-02 1.00000000000000e+05 
8.27640732138064e-02 1.00000000000000e+05 
8.29562374615460e-02 1.00000000000000e+05 
8.31485338220023e-02 1.00000000000000e+05 
8.33406801852030e-02 1.00000000000000e+05 
8.35327316497050e-02 1.00000000000000e+05 
8.37250120269723e-02 1.00000000000000e+05 
8.39170728783143e-02 1.00000000000000e+05 
8.41092692735207e-02 1.00000000000000e+05 
8.43016234173294e-02 1.00000000000000e+05 
8.44937980179480e-02 1.00000000000000e+05 
8.46858833055484e-02 1.00000000000000e+05 
8.48782193584782e-02 1.00000000000000e+05 
8.50703334325629e-02 1.00000000000000e+05 
8.52625901514181e-02 1.00000000000000e+05 
8.54550044906100e-02 1.00000000000000e+05 
8.56472528431744e-02 1.00000000000000e+05 
8.58394237135591e-02 1.00000000000000e+05 
8.60318230073225e-02 1.00000000000000e+05 
8.62240201376630e-02 1.00000000000000e+05 
8.64163549788691e-02 1.00000000000000e+05 
8.66088310443163e-02 1.00000000000000e+05 
8.68011506110802e-02 1.00000000000000e+05 
8.69933872830663e-02 1.00000000000000e+05 
8.71858479798548e-02 1.00000000000000e+05 
8.73780984437203e-02 1.00000000000000e+05 
8.75704806634232e-02 1.00000000000000e+05 
8.77630189499375e-02 1.00000000000000e+05 
8.79553752770567e-02 1.00000000000000e+05 
8.81476422112262e-02 1.00000000000000e+05 
8.83401722256736e-02 1.00000000000000e+05 
8.85324550694128e-02 1.00000000000000e+05 
8.87248754154237e-02 1.00000000000000e+05 
8.89174939494305e-02 1.00000000000000e+05 
8.91098975985936e-02 1.00000000000000e+05 
8.93022130914895e-02 1.00000000000000e+05 
8.94948451324299e-02 1.00000000000000e+05 
8.96871768703595e-02 1.00000000000000e+05 
8.98796547003344e-02 1.00000000000000e+05 
9.00723262145232e-02 1.00000000000000e+05 
9.02647958387037e-02 1.00000000000000e+05 
9.04571771101944e-02 1.00000000000000e+05 
9.06499199585354e-02 1.00000000000000e+05 
9.08423200239131e-02 1.00000000000000e+05 
9.10348776545010e-02 1.00000000000000e+05 
9.12276209556582e-02 1.00000000000000e+05 
9.14201724254623e-02 1.00000000000000e+05 
9.16126349108666e-02 1.00000000000000e+05 
9.18054829498804e-02 1.00000000000000e+05 
9.19979646668213e-02 1.00000000000000e+05 
9.21906109631449e-02 1.00000000000000e+05 
9.23834409713562e-02 1.00000000000000e+05 
9.25760893349569e-02 1.00000000000000e+05 
9.27686535365478e-02 1.00000000000000e+05 
9.29616241904410e-02 1.00000000000000e+05 
9.31542123615027e-02 1.00000000000000e+05 
9.33469720024719e-02 1.00000000000000e+05 
9.35399106900689e-02 1.00000000000000e+05 
9.37326744914805e-02 1.00000000000000e+05 
9.39253533191630e-02 1.00000000000000e+05 
9.41184623838175e-02 1.00000000000000e+05 
9.43111606202474e-02 1.00000000000000e+05 
9.45040294963178e-02 1.00000000000000e+05 
9.46970624414772e-02 1.00000000000000e+05 
9.48899243964398e-02 1.00000000000000e+05 
9.50826885255789e-02 1.00000000000000e+05 
9.52759033897067e-02 1.00000000000000e+05 
9.54686747893118e-02 1.00000000000000e+05 
9.56616122273629e-02 1.00000000000000e+05 
9.58547001474707e-02 1.00000000000000e+05 
9.60476329072022e-02 1.00000000000000e+05 
9.62404649339026e-02 1.00000000000000e+05 
9.64337404662597e-02 1.00000000000000e+05 
9.66265830343134e-02 1.00000000000000e+05 
9.68195892224688e-02 1.00000000000000e+05 
9.70127379340193e-02 1.00000000000000e+05 
9.72057366153123e-02 1.00000000000000e+05 
9.73986399586981e-02 1.00000000000000e+05 
9.75919299011686e-02 1.00000000000000e+05 
9.77848485241983e-02 1.00000000000000e+05 
9.79779215155674e-02 1.00000000000000e+05 
9.81711453451312e-02 1.00000000000000e+05 
9.83642152233421e-02 1.00000000000000e+05 
9.85572038774187e-02 1.00000000000000e+05 
9.87504711267981e-02 1.00000000000000e+05 
9.89434793814349e-02 1.00000000000000e+05 
9.91366226807327e-02 1.00000000000000e+05 
9.93299111836001e-02 1.00000000000000e+05 
9.95230556964036e-02 1.00000000000000e+05 
9.97161373140490e-02 1.00000000000000e+05 
9.99093752863278e-02 1.00000000000000e+05 
1.00102477683069e-01 1.00000000000000e+05 
1.00295696838777e-01 1.00000000000000e+05 
1.00488957569288e-01 1.00000000000000e+05 
1.00682179273571e-01 1.00000000000000e+05 
1.00875282262926e-01 1.00000000000000e+05 
1.01068492560629e-01 1.00000000000000e+05 
1.01261582490238e-01 1.00000000000000e+05 
1.01454874093531e-01 1.00000000000000e+05 
1.01648108809071e-01 1.00000000000000e+05 
1.01841400348228e-01 1.00000000000000e+05 
1.02034531699166e-01 1.00000000000000e+05 
1.02227724920385e-01 1.00000000000000e+05 
1.02420815430626e-01 1.00000000000000e+05 
1.02614161480245e-01 1.00000000000000e+05 
1.02807387489568e-01 1.00000000000000e+05 
1.03000722783981e-01 1.00000000000000e+05 
1.03193847871840e-01 1.00000000000000e+05 
1.03387045548738e-01 1.00000000000000e+05 
1.03580148367390e-01 1.00000000000000e+05 
1.03773517968602e-01 1.00000000000000e+05 
1.03966763303253e-01 1.00000000000000e+05 
1.04160121430476e-01 1.00000000000000e+05 
1.04353217427444e-01 1.00000000000000e+05 
1.04546456761996e-01 1.00000000000000e+05 
1.04739575912610e-01 1.00000000000000e+05 
1.04932965051788e-01 1.00000000000000e+05 
1.05126272630045e-01 1.00000000000000e+05 
1.05319646236971e-01 1.00000000000000e+05 
1.05512723389349e-01 1.00000000000000e+05 
1.05706043739847e-01 1.00000000000000e+05 
1.05899149844937e-01 1.00000000000000e+05 
1.06092554633818e-01 1.00000000000000e+05 
1.06285948208368e-01 1.00000000000000e+05 
1.06479331611022e-01 1.00000000000000e+05 
1.06672389406238e-01 1.00000000000000e+05 
1.06865792703414e-01 1.00000000000000e+05 
1.07058883709599e-01 1.00000000000000e+05 
1.07252299048535e-01 1.00000000000000e+05 
1.07445771319111e-01 1.00000000000000e+05 
1.07639167344978e-01 1.00000000000000e+05 
1.07832221655712e-01 1.00000000000000e+05 
1.08025703889483e-01 1.00000000000000e+05 
1.08218806292342e-01 1.00000000000000e+05 
1.08412246739092e-01 1.00000000000000e+05 
1.08605796920554e-01 1.00000000000000e+05 
1.08799225373714e-01 1.00000000000000e+05 
1.08992325796132e-01 1.00000000000000e+05 
1.09179968416107e-01 1.00000000000000e+05 
1.09372694772209e-01 1.00000000000000e+05 
1.09564023054780e-01 1.00000000000000e+05 
1.09755317230328e-01 1.00000000000000e+05 
1.09947067765152e-01 1.00000000000000e+05 
1.10138980880438e-01 1.00000000000000e+05 
1.10331485034047e-01 1.00000000000000e+05 
1.10523820761305e-01 1.00000000000000e+05 
1.10716726925732e-01 1.00000000000000e+05 
1.10909655602461e-01 1.00000000000000e+05 
1.11102640665288e-01 1.00000000000000e+05 
1.11295323534097e-01 1.00000000000000e+05 
1.11488530685984e-01 1.00000000000000e+05 
1.11681403614448e-01 1.00000000000000e+05 
1.11874766049848e-01 1.00000000000000e+05 
1.12068213233681e-01 1.00000000000000e+05 
1.12261618254568e-01 1.00000000000000e+05 
1.12454666975343e-01 1.00000000000000e+05 
1.12648208180430e-01 1.00000000000000e+05 
1.12841378767549e-01 1.00000000000000e+05 
1.13034986451087e-01 1.00000000000000e+05 
1.13228693602174e-01 1.00000000000000e+05 
1.13422334702575e-01 1.00000000000000e+05 
1.13615614028655e-01 1.00000000000000e+05 
1.13809359806088e-01 1.00000000000000e+05 
1.14002720698219e-01 1.00000000000000e+05 
1.14196483075877e-01 1.00000000000000e+05 
1.14390353418870e-01 1.00000000000000e+05 
1.14584149096465e-01 1.00000000000000e+05 
1.14777589885570e-01 1.00000000000000e+05 
1.14971484725303e-01 1.00000000000000e+05 
1.15164991170032e-01 1.00000000000000e+05 
1.15358875387134e-01 1.00000000000000e+05 
1.15552874453439e-01 1.00000000000000e+05 
1.15746787694625e-01 1.00000000000000e+05 
1.15940350020474e-01 1.00000000000000e+05 
1.16134338376089e-01 1.00000000000000e+05 
1.16327951317417e-01 1.00000000000000e+05 
1.16521922473137e-01 1.00000000000000e+05 
1.16715930093211e-01 1.00000000000000e+05 
1.16909911533331e-01 1.00000000000000e+05 
1.17103555929801e-01 1.00000000000000e+05 
1.17297518368256e-01 1.00000000000000e+05 
1.17491200020352e-01 1.00000000000001e+05 
1.17685198257957e-01 1.00000000000001e+05 
1.17879174043814e-01 1.00000000000001e+05 
1.18073148256038e-01 1.00000000000001e+05 
1.18266833713009e-01 1.00000000000002e+05 
1.18460764737400e-01 1.00000000000003e+05 
1.18654475482393e-01 1.00000000000005e+05 
1.18848455064757e-01 1.00000000000007e+05 
1.19042396953686e-01 1.00000000000011e+05 
1.19236348571824e-01 1.00000000000012e+05 
1.19430042307104e-01 1.00000000005223e+05 
1.19623940786640e-01 1.00000000025701e+05 
1.19817653207415e-01 1.00000000062233e+05 
1.20011603350609e-01 1.00000000222605e+05 
1.20205514796337e-01 1.00000000437072e+05 
1.20399434477190e-01 1.00000000712868e+05 
1.20593116449271e-01 1.00000001039253e+05 
1.20786984357577e-01 1.00000001537046e+05 
1.20980678387601e-01 1.00000002132940e+05 
1.21174593893008e-01 1.00000002952529e+05 
1.21368475076703e-01 1.00000003703422e+05 
1.21562360514871e-01 1.00000004657919e+05 
1.21756018088218e-01 1.00000005823473e+05 
1.21949853879786e-01 1.00000007377581e+05 
1.22143522469913e-01 1.00000009384307e+05 
1.22337403312391e-01 1.00000011926675e+05 
1.22531250977698e-01 1.00000015088076e+05 
1.22725099891437e-01 1.00000018900682e+05 
1.22918722739399e-01 1.00000023660982e+05 
1.23112522093861e-01 1.00000029390926e+05 
1.23306154097622e-01 1.00000036311418e+05 
1.23499998419859e-01 1.00000044532166e+05 
1.23693810154222e-01 1.00000054293068e+05 
1.23887622527374e-01 1.00000065865019e+05 
1.24081213141853e-01 1.00000079576574e+05 
1.24274972788156e-01 1.00000096241528e+05 
1.24468566260673e-01 1.00000116633657e+05 
1.24662363198162e-01 1.00000141012343e+05 
1.24856125641824e-01 1.00000170789993e+05 
1.25049883266721e-01 1.00000207242075e+05 
1.25243416436317e-01 1.00000251920002e+05 
1.25437117759646e-01 1.00000306750365e+05 
1.25630647266670e-01 1.00000373914528e+05 
1.25824377243302e-01 1.00000456110759e+05 
1.26018076190956e-01 1.00000556510095e+05 
1.26202716186240e-01 1.00000671332016e+05 
1.26396155870137e-01 1.00000815477564e+05 
1.26589789489694e-01 1.00000988556135e+05 
1.26764261755069e-01 1.00001172347274e+05 
1.26953379585814e-01 1.00001403414190e+05 
1.27129145727920e-01 1.00001651554477e+05 
1.27320861855464e-01 1.00001959907765e+05 
1.27486014359696e-01 1.00002259478812e+05 
1.27654265588363e-01 1.00002598530034e+05 
1.27830988266869e-01 1.00002992516659e+05 
1.27996763250183e-01 1.00003394499117e+05 
1.28168055023891e-01 1.00003842334952e+05 
1.28336920249978e-01 1.00004311365919e+05 
1.28504962567082e-01 1.00004802331854e+05 
1.28675921560076e-01 1.00005322263073e+05 
1.28858127146252e-01 1.00005898703920e+05 
1.29023006090807e-01 1.00006425162213e+05 
1.29193845172107e-01 1.00006973361476e+05 
1.29360994138279e-01 1.00007500616343e+05 
1.29529299224371e-01 1.00008020587975e+05 
1.29706239316531e-01 1.00008559251505e+05 
1.29877900696544e-01 1.00009077082534e+05 
1.30046012195144e-01 1.00009552034125e+05 
1.30216715020510e-01 1.00010060508025e+05 
1.30385678070218e-01 1.00010611165951e+05 
1.30559025966635e-01 1.00011227445468e+05 
1.30740943634807e-01 1.00011960689815e+05 
1.30915557290046e-01 1.00012744934243e+05 
1.31084963485571e-01 1.00013632058343e+05 
1.31257124562877e-01 1.00014755675938e+05 
1.31427137991708e-01 1.00016408148993e+05 
1.31603448313504e-01 1.00018927233031e+05 
1.31778246906445e-01 1.00022486039023e+05 
1.31953387738766e-01 1.00027438491294e+05 
1.32124659822291e-01 1.00033813817502e+05 
1.32301082783798e-01 1.00042133133969e+05 
1.32472850806350e-01 1.00052084100422e+05 
1.32652332605325e-01 1.00064720148259e+05 
1.32830662277961e-01 1.00079823927431e+05 
1.33009181587675e-01 1.00097801357501e+05 
1.33183410603058e-01 1.00118308702383e+05 
1.33366958638840e-01 1.00143406239249e+05 
1.33542491685421e-01 1.00171009547041e+05 
1.33726227377917e-01 1.00203957303385e+05 
1.33917736906688e-01 1.00243011886774e+05 
1.34100856955337e-01 1.00285110281233e+05 
1.34290667225129e-01 1.00333814924328e+05 
1.34476562846262e-01 1.00386577621658e+05 
1.34655532691592e-01 1.00442405314787e+05 
1.34843835274886e-01 1.00506433834129e+05 
1.35036682126039e-01 1.00577591815518e+05 
1.35223639259461e-01 1.00651709945385e+05 
1.35413078056975e-01 1.00731782940144e+05 
1.35606005961633e-01 1.00818219582862e+05 
1.35790703387709e-01 1.00905258228148e+05 
1.35983068554922e-01 1.00999848052416e+05 
1.36172099802123e-01 1.01095937720902e+05 
1.36364126904557e-01 1.01196039264663e+05 
1.36553935830358e-01 1.01297020796188e+05 
1.36746162015998e-01 1.01400437920408e+05 
1.36937678509410e-01 1.01503707383785e+05 
1.37129271364628e-01 1.01606311348813e+05 
1.37321311130248e-01 1.01707456243486e+05 
1.37502668866024e-01 1.01800207333921e+05 
1.37692289510546e-01 1.01893806096849e+05 
1.37883953499868e-01 1.01983395838920e+05 
1.38062766725794e-01 1.02062906919339e+05 
1.38249278269263e-01 1.02139944217875e+05 
1.38440643135769e-01 1.02210576092690e+05 
1.38631594157026e-01 1.02271875333327e+05 
1.38811428702722e-01 1.02327405416648e+05 
1.39001435293691e-01 1.02372966610060e+05 
1.39191957538638e-01 1.02405908649915e+05 
1.39382504261529e-01 1.02428253320014e+05 
1.39573228897631e-01 1.02440598603390e+05 
1.39763581357484e-01 1.02444394563451e+05 
1.39950687832405e-01 1.02438310298004e+05 
1.40141094912559e-01 1.02432576944745e+05 
1.40331259890849e-01 1.02425790594693e+05 
1.40521342670369e-01 1.02417559577863e+05 
1.40711443549041e-01 1.02406598231023e+05 
1.40901209653969e-01 1.02389920142015e+05 
1.41090962462033e-01 1.02367738925728e+05 
1.41280730211888e-01 1.02338323396516e+05 
1.41469973243910e-01 1.02303718786863e+05 
1.41659122289484e-01 1.02263663596144e+05 
1.41848535299351e-01 1.02218318798773e+05 
1.42037315111773e-01 1.02167049318931e+05 
1.42226126301820e-01 1.02111350215032e+05 
1.42415211341672e-01 1.02051135774858e+05 
1.42603707868123e-01 1.01987595778420e+05 
1.42792250132609e-01 1.01921129483481e+05 
1.42981018271545e-01 1.01852196740083e+05 
1.43169345255986e-01 1.01781263260412e+05 
1.43357711479035e-01 1.01709302307602e+05 
1.43546171427114e-01 1.01636670194392e+05 
1.43734277503856e-01 1.01564336046115e+05 
1.43922370135629e-01 1.01492998905441e+05 
1.44110516089540e-01 1.01422517178500e+05 
1.44298272384566e-01 1.01354046458888e+05 
1.44486087283445e-01 1.01288383846474e+05 
1.44673916671258e-01 1.01223909891583e+05 
1.44861415465268e-01 1.01161490020689e+05 
1.45048843930920e-01 1.01101479959668e+05 
1.45236327614337e-01 1.01043867411524e+05 
1.45423485133549e-01 1.00989012590075e+05 
1.45610732607144e-01 1.00936478765311e+05 
1.45797912187848e-01 1.00886168175858e+05 
1.45984922848092e-01 1.00837944317262e+05 
1.46171746481052e-01 1.00791895201987e+05 
1.46358570944617e-01 1.00747807726570e+05 
1.46545115180709e-01 1.00705532188022e+05 
1.46731790993801e-01 1.00664519227236e+05 
1.46918319064785e-01 1.00624835345019e+05 
1.47104634785567e-01 1.00586196840544e+05 
1.47290762404865e-01 1.00548762917663e+05 
1.47476915657087e-01 1.00512442196069e+05 
1.47662780784135e-01 1.00477378307603e+05 
1.47848727637444e-01 1.00442955117140e+05 
1.48034610594530e-01 1.00409423218755e+05 
1.48220226778726e-01 1.00376550350337e+05 
1.48405697373532e-01 1.00344622144980e+05 
1.48591206656225e-01 1.00313634135071e+05 
1.48776448229293e-01 1.00283897410010e+05 
1.48961673543958e-01 1.00254919586713e+05 
1.49146921231406e-01 1.00226904967285e+05 
1.49331843562283e-01 1.00199726748509e+05 
1.49516691690691e-01 1.00173645055400e+05 
1.49701551837249e-01 1.00148618652653e+05 
1.49886133726285e-01 1.00124940666695e+05 
1.50070672447018e-01 1.00102249517540e+05 
1.50255280604486e-01 1.00080591170576e+05 
1.50439499583483e-01 1.00059902564184e+05 
1.50623676124959e-01 1.00040395979046e+05 
1.50807909852290e-01 1.00021855625123e+05 
1.50991884372720e-01 1.00004341860282e+05 
1.51175829075294e-01 9.99875726121900e+04 
1.51359850983017e-01 9.99715435128639e+04 
1.51543498432148e-01 9.99563030457474e+04 
1.51727080801950e-01 9.99418076832821e+04 
1.51910715553220e-01 9.99279181981703e+04 
1.52094074098899e-01 9.99144557406551e+04 
1.52277435928844e-01 9.99013904839881e+04 
1.52460844675672e-01 9.98886185262046e+04 
1.52643915932978e-01 9.98759173098585e+04 
1.52826848994683e-01 9.98635746640315e+04 
1.53009886320401e-01 9.98514561213886e+04 
1.53192608394284e-01 9.98397247752628e+04 
1.53375140167627e-01 9.98281586201107e+04 
1.53557890160376e-01 9.98166981939485e+04 
1.53739769840811e-01 9.98052652273809e+04 
1.53921559278566e-01 9.97940958152970e+04 
1.54104005328610e-01 9.97831550489016e+04 
1.54286042020515e-01 9.97727774872926e+04 
1.54468412146967e-01 9.97625613497610e+04 
1.54650670335206e-01 9.97527790181603e+04 
1.54833001706342e-01 9.97433568469308e+04 
1.55014976520490e-01 9.97345253255616e+04 
1.55196893524800e-01 9.97252460115107e+04 
1.55378607627130e-01 9.97177393885169e+04 
1.55560668799283e-01 9.97115251512382e+04 
1.55742352736357e-01 9.97065530385176e+04 
1.55924145017261e-01 9.97024064738692e+04 
1.56105515546208e-01 9.96993197517139e+04 
1.56286826397524e-01 9.96984133764069e+04 
1.56467919807148e-01 9.96977935722999e+04 
1.56649291294703e-01 9.96972970148472e+04 
1.56830381052714e-01 9.96967464551258e+04 
1.57011475332670e-01 9.96965121488596e+04 
1.57192250043478e-01 9.96972052402530e+04 
1.57372982992931e-01 9.96991251975238e+04 
1.57553503596532e-01 9.97023012020602e+04 
1.57734291736060e-01 9.97069688020290e+04 
1.57914801658733e-01 9.97126445302749e+04 
1.58095371130898e-01 9.97192642643576e+04 
1.58275593593095e-01 9.97270216464342e+04 
1.58455748794883e-01 9.97357208484307e+04 
1.58635711156645e-01 9.97452569301001e+04 
1.58815988648749e-01 9.97556614388829e+04 
1.58995918780007e-01 9.97666622272497e+04 
1.59175943876800e-01 9.97779847348232e+04 
1.59355591841608e-01 9.97898625231733e+04 
1.59535154622552e-01 9.98020629676999e+04 
1.59714529047776e-01 9.98143452860007e+04 
1.59894180930060e-01 9.98268830278893e+04 
1.60073521374592e-01 9.98392942517496e+04 
1.60252916884052e-01 9.98515082701877e+04 
1.60431985309775e-01 9.98636582007234e+04 
1.60610961171060e-01 9.98756494991526e+04 
1.60789763569731e-01 9.98870979065228e+04 
1.60968818845618e-01 9.98984553418952e+04 
1.61147583753023e-01 9.99092130592798e+04 
1.61326409297060e-01 9.99193670345996e+04 
1.61504923509281e-01 9.99290634696442e+04 
1.61683333139405e-01 9.99382072253208e+04 
1.61861586382125e-01 9.99469360183056e+04 
1.62040090201651e-01 9.99546855428970e+04 
1.62218297224853e-01 9.99610115815787e+04 
1.62396583630020e-01 9.99664755816239e+04 
1.62574560223848e-01 9.99713553957814e+04 
1.62752413065271e-01 9.99756646826661e+04 
1.62930139622092e-01 9.99787632478864e+04 
1.63108142093011e-01 9.99812610231473e+04 
1.63285797610558e-01 9.99826175046480e+04 
1.63463620786042e-01 9.99835733930989e+04 
1.63641082415756e-01 9.99829165102341e+04 
1.63818381010781e-01 9.99803503448317e+04 
1.63995581413558e-01 9.99760026469356e+04 
1.64173076442007e-01 9.99707474402853e+04 
1.64350183742136e-01 9.99643625504470e+04 
1.64527469711782e-01 9.99565757186436e+04 
1.64704393477715e-01 9.99482549483693e+04 
1.64881145432741e-01 9.99399986349442e+04 
1.65057809771030e-01 9.99312147652364e+04 
1.65234733919592e-01 9.99222991290571e+04 
1.65411302592389e-01 9.99128755567448e+04 
1.65588032571996e-01 9.99027201575681e+04 
1.65763612076216e-01 9.98919607585896e+04 
1.65939662154630e-01 9.98803417255364e+04 
1.66112202540756e-01 9.98679487021117e+04 
1.66287211901970e-01 9.98548705421867e+04 
1.66463636854567e-01 9.98409690460625e+04 
1.66641483577596e-01 9.98267901484371e+04 
1.66818743623076e-01 9.98121197635164e+04 
1.66995396569993e-01 9.97970954498252e+04 
1.67171947059926e-01 9.97810719731178e+04 
1.67348963729630e-01 9.97651462711806e+04 
1.67525330832200e-01 9.97487812070978e+04 
1.67702118756180e-01 9.97322256383044e+04 
1.67878385047190e-01 9.97156093225072e+04 
1.68054355280399e-01 9.96989597959949e+04 
1.68230312686337e-01 9.96818766416505e+04 
1.68406763559880e-01 9.96650530094024e+04 
1.68582598834749e-01 9.96482075822121e+04 
1.68758831894485e-01 9.96314721711654e+04 
1.68934647400529e-01 9.96148524455991e+04 
1.69110222839728e-01 9.95985938524481e+04 
1.69285798920827e-01 9.95819544036093e+04 
1.69461768057184e-01 9.95658466509544e+04 
1.69637209663288e-01 9.95500221237608e+04 
1.69813051546570e-01 9.95346647843228e+04 
1.69988479016132e-01 9.95198287638942e+04 
1.70163649154099e-01 9.95054473496452e+04 
1.70338834476927e-01 9.94905911475439e+04 
1.70514369960155e-01 9.94767670429183e+04 
1.70689403559844e-01 9.94632910040072e+04 
1.70864821895264e-01 9.94502042048577e+04 
1.71039846262111e-01 9.94375114218501e+04 
1.71214594359607e-01 9.94253780334449e+04 
1.71389370939699e-01 9.94131000112406e+04 
1.71564482780625e-01 9.94012879067700e+04 
1.71739092727011e-01 9.93900545346918e+04 
1.71914086201576e-01 9.93791757966843e+04 
1.72088695605426e-01 9.93685945428905e+04 
1.72263011968764e-01 9.93585058956208e+04 
1.72437373709388e-01 9.93486365224579e+04 
1.72612058256154e-01 9.93391070036200e+04 
1.72786239258971e-01 9.93300729830744e+04 
1.72960804905784e-01 9.93213351534659e+04 
1.73134996392287e-01 9.93128467317824e+04 
1.73308879067989e-01 9.93049883493736e+04 
1.73482824295242e-01 9.92973781506351e+04 
1.73657080064803e-01 9.92902430018192e+04 
1.73830831428613e-01 9.92835991773975e+04 
1.74004968719267e-01 9.92773103169419e+04 
1.74178743177442e-01 9.92713926197716e+04 
1.74352193569159e-01 9.92659606303526e+04 
1.74525723741649e-01 9.92605655607174e+04 
1.74699552187303e-01 9.92554902448258e+04 
1.74872875338668e-01 9.92506526449411e+04 
1.75046587225422e-01 9.92460113927315e+04 
1.75219946701404e-01 9.92415155926644e+04 
1.75392965330685e-01 9.92373454023159e+04 
1.75566087268171e-01 9.92330310992102e+04 
1.75739499305703e-01 9.92290130115068e+04 
1.75912392959186e-01 9.92251921812100e+04 
1.76085677349731e-01 9.92214879463809e+04 
1.76258619018501e-01 9.92178693578297e+04 
1.76431204942615e-01 9.92145280953016e+04 
1.76603909507645e-01 9.92109863964428e+04 
1.76776894314817e-01 9.92077464704288e+04 
1.76949357520524e-01 9.92046854110792e+04 
1.77122219815995e-01 9.92017577560512e+04 
1.77294746457086e-01 9.91988834860796e+04 
1.77466898591809e-01 9.91962803912110e+04 
1.77639185354508e-01 9.91934500406838e+04 
1.77811744224615e-01 9.91909237345158e+04 
1.77983776487845e-01 9.91885759382071e+04 
1.78156216175889e-01 9.91863678642919e+04 
1.78328327825140e-01 9.91842267293904e+04 
1.78500047851752e-01 9.91823364819074e+04 
1.78671918841871e-01 9.91801987767741e+04 
1.78844050921151e-01 9.91783448261414e+04 
1.79015656110170e-01 9.91766481675659e+04 
1.79187673562620e-01 9.91750825905040e+04 
1.79359374494830e-01 9.91735384594109e+04 
1.79530665924483e-01 9.91722267504483e+04 
1.79702125482651e-01 9.91706955299354e+04 
1.79873838560634e-01 9.91694054050885e+04 
1.80045019828887e-01 9.91682839567458e+04 
1.80216630144980e-01 9.91672732822168e+04 
1.80387928031560e-01 9.91662547612988e+04 
1.80558798183798e-01 9.91653404768184e+04 
1.80729848949581e-01 9.91644191158834e+04 
1.80901146989595e-01 9.91634157884743e+04 
1.81071912969166e-01 9.91627337170942e+04 
1.81243114688424e-01 9.91622585663727e+04 
1.81413325862685e-01 9.91618613902569e+04 
1.81583699710219e-01 9.91618348844695e+04 
1.81751993235849e-01 9.91617053994294e+04 
1.81921524881280e-01 9.91618127525592e+04 
1.82092411821451e-01 9.91623038450954e+04 
1.82262395415925e-01 9.91628778966162e+04 
1.82433830540132e-01 9.91633336312162e+04 
1.82605126469863e-01 9.91641211343842e+04 
1.82777027923300e-01 9.91647638395390e+04 
1.82949758820395e-01 9.91656492558879e+04 
1.83121176721497e-01 9.91669282295206e+04 
1.83293430399518e-01 9.91684856158447e+04 
1.83464998625703e-01 9.91701525923683e+04 
1.83635997712033e-01 9.91723191132600e+04 
1.83807179079407e-01 9.91747803677260e+04 
1.83978023929557e-01 9.91773558094003e+04 
1.84141963715242e-01 9.91804222922901e+04 
1.84310380680590e-01 9.91837381899210e+04 
1.84477897696261e-01 9.91874825207732e+04 
1.84645266601733e-01 9.91919865353649e+04 
1.84814686496387e-01 9.91968175154713e+04 
1.84985226698341e-01 9.92021075503042e+04 
1.85157531844766e-01 9.92075470220505e+04 
1.85330180014332e-01 9.92132336237702e+04 
1.85503730807811e-01 9.92190730730427e+04 
1.85677105271017e-01 9.92252173030112e+04 
1.85849940424167e-01 9.92311588194864e+04 
1.86022133026437e-01 9.92373946240284e+04 
1.86194896998075e-01 9.92438217159321e+04 
1.86366427417230e-01 9.92504406459665e+04 
1.86538844171476e-01 9.92572844349165e+04 
1.86711176103701e-01 9.92644457595907e+04 
1.86883210316378e-01 9.92716042116316e+04 
1.87055100733429e-01 9.92790055977762e+04 
1.87227692211274e-01 9.92866735444964e+04 
1.87400375537689e-01 9.92945515367808e+04 
1.87573496389936e-01 9.93024600111376e+04 
1.87746058651235e-01 9.93105575743823e+04 
1.87919248509954e-01 9.93186583742816e+04 
1.88092410140305e-01 9.93270559903147e+04 
1.88265136921458e-01 9.93356491537913e+04 
1.88438366094284e-01 9.93444920278848e+04 
1.88611466877816e-01 9.93533550176503e+04 
1.88783959811530e-01 9.93624515406563e+04 
1.88956975883480e-01 9.93713464348017e+04 
1.89130047029017e-01 9.93805239783479e+04 
1.89302614285532e-01 9.93899596389753e+04 
1.89475711244896e-01 9.93997078112906e+04 
1.89648727889076e-01 9.94094435315363e+04 
1.89821111908821e-01 9.94195057411398e+04 
1.89994047711809e-01 9.94292464396435e+04 
1.90167029046123e-01 9.94393111005396e+04 
1.90339483754122e-01 9.94496313957383e+04 
1.90512497183710e-01 9.94602450806596e+04 
1.90685475585688e-01 9.94708152483497e+04 
1.90857780323905e-01 9.94816580798041e+04 
1.91030651033406e-01 9.94920669874971e+04 
1.91203574980951e-01 9.95027434452339e+04 
1.91375965475727e-01 9.95135537540875e+04 
1.91548920544320e-01 9.95245819894229e+04 
1.91721836333611e-01 9.95354760238019e+04 
1.91894074489954e-01 9.95465354423915e+04 
1.92066877753673e-01 9.95570709437936e+04 
1.92239357489409e-01 9.95677195418097e+04 
1.92411459898798e-01 9.95784150363913e+04 
1.92583493718762e-01 9.95892238428213e+04 
1.92755860547767e-01 9.95998870610314e+04 
1.92927750761829e-01 9.96106643357372e+04 
1.93100229105043e-01 9.96207962805984e+04 
1.93273161002170e-01 9.96311419911731e+04 
1.93447121614176e-01 9.96415783834961e+04 
1.93620294729167e-01 9.96521411667378e+04 
1.93794237293463e-01 9.96627193795582e+04 
1.93967893931916e-01 9.96734158114606e+04 
1.94141812090148e-01 9.96836807087068e+04 
1.94315028942900e-01 9.96941358671022e+04 
1.94488261768530e-01 9.97046075260093e+04 
1.94661550660961e-01 9.97152634012350e+04 
1.94835181083812e-01 9.97260558277789e+04 
1.95008086775606e-01 9.97370290351551e+04 
1.95181506278368e-01 9.97476774729051e+04 
1.95354716841464e-01 9.97585823255528e+04 
1.95527648242340e-01 9.97697021398332e+04 
1.95700933398394e-01 9.97811489781788e+04 
1.95874434453843e-01 9.97926510376396e+04 
1.96047269796318e-01 9.98044556839228e+04 
1.96220697614021e-01 9.98158662840242e+04 
1.96394023406833e-01 9.98276235234037e+04 
1.96567008075157e-01 9.98396365028677e+04 
1.96740431920731e-01 9.98520252778893e+04 
1.96914013190248e-01 9.98644501733014e+04 
1.97086927188565e-01 9.98771871195779e+04 
1.97260451563734e-01 9.98895002161931e+04 
1.97433919186380e-01 9.99021242789632e+04 
1.97607000445549e-01 9.99149155095051e+04 
1.97780555740227e-01 9.99280463129132e+04 
1.97954242288393e-01 9.99411474018255e+04 
1.98127257363452e-01 9.99544294466867e+04 
1.98300886438898e-01 9.99672184831794e+04 
1.98474460871010e-01 9.99802368699826e+04 
1.98647645812294e-01 9.99933274426582e+04 
1.98821308924698e-01 1.00006666338472e+05 
1.98995112319906e-01 1.00019834843797e+05 
1.99168236502108e-01 1.00033044130268e+05 
1.99341978962171e-01 1.00045652120240e+05 
1.99515662367496e-01 1.00058280127265e+05 
1.99688959801895e-01 1.00070783685392e+05 
1.99862747206372e-01 1.00083594661003e+05 
2.00036676486069e-01 1.00095980838245e+05 
2.00209916778699e-01 1.00108089431622e+05 
