# Liste des scalaires : TEMPS pmat 
0.00000000000000e+00 1.00000000000000e+05 
7.22956891292051e-05 1.00000000000000e+05 
1.51820947171331e-04 1.00000000000000e+05 
2.39298731017669e-04 1.00000000000000e+05 
3.35524293248641e-04 1.00000000000000e+05 
4.41372411702710e-04 1.00000000000000e+05 
5.57805342002186e-04 1.00000000000000e+05 
6.85881565331610e-04 1.00000000000000e+05 
8.22208031418307e-04 1.00000000000000e+05 
9.63735380150479e-04 1.00000000000000e+05 
1.11175486763105e-03 1.00000000000000e+05 
1.26317119325462e-03 1.00000000000000e+05 
1.42293110190122e-03 1.00000000000000e+05 
1.59151474281793e-03 1.00000000000000e+05 
1.76813165324834e-03 1.00000000000000e+05 
1.95292897099114e-03 1.00000000000000e+05 
2.14621438655663e-03 1.00000000000000e+05 
2.34804732132528e-03 1.00000000000000e+05 
2.55861338487845e-03 1.00000000000000e+05 
2.78006229639255e-03 1.00000000000000e+05 
3.01137354495614e-03 1.00000000000000e+05 
3.25432712717743e-03 1.00000000000000e+05 
3.51057143635575e-03 1.00000000000000e+05 
3.77812990682936e-03 1.00000000000000e+05 
4.05176221921601e-03 1.00000000000000e+05 
4.33145453426407e-03 1.00000000000000e+05 
4.62182803388838e-03 1.00000000000000e+05 
4.92891071473159e-03 1.00000000000000e+05 
5.25199189418407e-03 1.00000000000000e+05 
5.58875569183335e-03 1.00000000000000e+05 
5.94271081669633e-03 1.00000000000000e+05 
6.31407647795119e-03 1.00000000000000e+05 
6.69670769838039e-03 1.00000000000000e+05 
7.08890856047245e-03 1.00000000000000e+05 
7.48830647877099e-03 1.00000000000000e+05 
7.88785860337926e-03 1.00000000000000e+05 
8.28569817923119e-03 1.00000000000000e+05 
8.68176711179707e-03 1.00000000000000e+05 
9.07695672109223e-03 1.00000000000000e+05 
9.47261187066533e-03 1.00000000000000e+05 
9.86760335409657e-03 1.00000000000000e+05 
1.02618357860743e-02 1.00000000000000e+05 
1.06568651336016e-02 1.00000000000000e+05 
1.10497525150673e-02 1.00000000000000e+05 
1.14421116416863e-02 1.00000000000000e+05 
1.18346427559234e-02 1.00000000000000e+05 
1.22247232827435e-02 1.00000000000000e+05 
1.26123353465405e-02 1.00000000000000e+05 
1.30001361071884e-02 1.00000000000000e+05 
1.33855819439845e-02 1.00000000000000e+05 
1.37713896254443e-02 1.00000000000000e+05 
1.41571712658989e-02 1.00000000000000e+05 
1.45408810932395e-02 1.00000000000000e+05 
1.49240827262749e-02 1.00000000000000e+05 
1.53091051437849e-02 1.00000000000000e+05 
1.56932954968558e-02 1.00000000000000e+05 
1.60787354807997e-02 1.00000000000000e+05 
1.64639181222255e-02 1.00000000000000e+05 
1.68470893498248e-02 1.00000000000000e+05 
1.72294156932097e-02 1.00000000000000e+05 
1.76127326282285e-02 1.00000000000000e+05 
1.79955304048153e-02 1.00000000000000e+05 
1.83790942278807e-02 1.00000000000000e+05 
1.87639881842435e-02 1.00000000000000e+05 
1.91481508119550e-02 1.00000000000000e+05 
1.95304617295789e-02 1.00000000000000e+05 
1.99130091754403e-02 1.00000000000000e+05 
2.02949180719806e-02 1.00000000000000e+05 
2.06769756874551e-02 1.00000000000000e+05 
2.10593340799918e-02 1.00000000000000e+05 
2.14407096339384e-02 1.00000000000000e+05 
2.18207374640819e-02 1.00000000000000e+05 
2.22010143538989e-02 1.00000000000000e+05 
2.25810718149684e-02 1.00000000000000e+05 
2.29615340421505e-02 1.00000000000000e+05 
2.33424792572510e-02 1.00000000000000e+05 
2.37230534770749e-02 1.00000000000000e+05 
2.41026076981816e-02 1.00000000000000e+05 
2.44821004911624e-02 1.00000000000000e+05 
2.48613685353532e-02 1.00000000000000e+05 
2.52407844188910e-02 1.00000000000000e+05 
2.56206895152971e-02 1.00000000000000e+05 
2.59999761183037e-02 1.00000000000000e+05 
2.63786656579217e-02 1.00000000000000e+05 
2.67581241573592e-02 1.00000000000000e+05 
2.71378895366431e-02 1.00000000000000e+05 
2.75182172696172e-02 1.00000000000000e+05 
2.78994591693275e-02 1.00000000000000e+05 
2.82803840869869e-02 1.00000000000000e+05 
2.86608258142626e-02 1.00000000000000e+05 
2.90418988512138e-02 1.00000000000000e+05 
2.94233066665630e-02 1.00000000000000e+05 
2.98060081306815e-02 1.00000000000000e+05 
3.01893040424139e-02 1.00000000000000e+05 
3.05713074538200e-02 1.00000000000000e+05 
3.09523859494657e-02 1.00000000000000e+05 
3.13343926263662e-02 1.00000000000000e+05 
3.17166519812751e-02 1.00000000000000e+05 
3.21004636717842e-02 1.00000000000000e+05 
3.24848129178368e-02 1.00000000000000e+05 
3.28680063174183e-02 1.00000000000000e+05 
3.32503596326751e-02 1.00000000000000e+05 
3.36336547813965e-02 1.00000000000000e+05 
3.40171995773374e-02 1.00000000000000e+05 
3.44021414268382e-02 1.00000000000000e+05 
3.47873919080394e-02 1.00000000000000e+05 
3.51719793442647e-02 1.00000000000000e+05 
3.55555826133035e-02 1.00000000000000e+05 
3.59391850691519e-02 1.00000000000000e+05 
3.63223302177847e-02 1.00000000000000e+05 
3.67055143382723e-02 1.00000000000000e+05 
3.70886939127495e-02 1.00000000000000e+05 
3.74714006184458e-02 1.00000000000000e+05 
3.78536509948095e-02 1.00000000000000e+05 
3.82360268389893e-02 1.00000000000000e+05 
3.86181422185318e-02 1.00000000000000e+05 
3.90005935183195e-02 1.00000000000000e+05 
3.93831051231979e-02 1.00000000000000e+05 
3.97653043638664e-02 1.00000000000000e+05 
4.01472220865819e-02 1.00000000000000e+05 
4.05290946597659e-02 1.00000000000000e+05 
4.09105147815998e-02 1.00000000000000e+05 
4.12918753142000e-02 1.00000000000000e+05 
4.16732661905745e-02 1.00000000000000e+05 
4.20544245954219e-02 1.00000000000000e+05 
4.24353448039150e-02 1.00000000000000e+05 
4.28164425269322e-02 1.00000000000000e+05 
4.31974334358218e-02 1.00000000000000e+05 
4.35787306392220e-02 1.00000000000000e+05 
4.39603058585720e-02 1.00000000000000e+05 
4.43417747025360e-02 1.00000000000000e+05 
4.47230780629849e-02 1.00000000000000e+05 
4.51047078788209e-02 1.00000000000000e+05 
4.54862930746867e-02 1.00000000000000e+05 
4.58683434842800e-02 1.00000000000000e+05 
4.62507766141329e-02 1.00000000000000e+05 
4.66329048982368e-02 1.00000000000000e+05 
4.70148001324800e-02 1.00000000000000e+05 
4.73969102872790e-02 1.00000000000000e+05 
4.77788614096409e-02 1.00000000000000e+05 
4.81612735840558e-02 1.00000000000000e+05 
4.85440793753160e-02 1.00000000000000e+05 
4.89267887364520e-02 1.00000000000000e+05 
4.93093301912590e-02 1.00000000000000e+05 
4.96921788806542e-02 1.00000000000000e+05 
5.00750511268869e-02 1.00000000000000e+05 
5.04584136860979e-02 1.00000000000000e+05 
5.08422906676401e-02 1.00000000000000e+05 
5.12263611639853e-02 1.00000000000000e+05 
5.16102880404861e-02 1.00000000000000e+05 
5.19945316668055e-02 1.00000000000000e+05 
5.23783124537882e-02 1.00000000000000e+05 
5.27627065985729e-02 1.00000000000000e+05 
5.31474729974949e-02 1.00000000000000e+05 
5.35318974859360e-02 1.00000000000000e+05 
5.39161784965262e-02 1.00000000000000e+05 
5.43008204288585e-02 1.00000000000000e+05 
5.46852265516395e-02 1.00000000000000e+05 
5.50702831815659e-02 1.00000000000000e+05 
5.54558449841132e-02 1.00000000000000e+05 
5.58413756093877e-02 1.00000000000000e+05 
5.62269804051789e-02 1.00000000000000e+05 
5.66131484242836e-02 1.00000000000000e+05 
5.69993769989351e-02 1.00000000000000e+05 
5.73860832972952e-02 1.00000000000000e+05 
5.77731584730361e-02 1.00000000000000e+05 
5.81599213607516e-02 1.00000000000000e+05 
5.85463428696885e-02 1.00000000000000e+05 
5.89331015561233e-02 1.00000000000000e+05 
5.93195858474028e-02 1.00000000000000e+05 
5.97066908472432e-02 1.00000000000000e+05 
6.00942668883869e-02 1.00000000000000e+05 
6.04817185877203e-02 1.00000000000000e+05 
6.08691311407006e-02 1.00000000000000e+05 
6.12570819805055e-02 1.00000000000000e+05 
6.16449320650360e-02 1.00000000000000e+05 
6.20337032398544e-02 1.00000000000000e+05 
6.24231972547742e-02 1.00000000000000e+05 
6.28129252638115e-02 1.00000000000000e+05 
6.32022176197405e-02 1.00000000000000e+05 
6.35917082313801e-02 1.00000000000000e+05 
6.39809742081055e-02 1.00000000000000e+05 
6.43708277309594e-02 1.00000000000000e+05 
6.47611161128435e-02 1.00000000000000e+05 
6.51510260410774e-02 1.00000000000000e+05 
6.55405836287905e-02 1.00000000000000e+05 
6.59305844342042e-02 1.00000000000000e+05 
6.63205934318427e-02 1.00000000000000e+05 
6.67114571912700e-02 1.00000000000000e+05 
6.71029294177168e-02 1.00000000000000e+05 
6.74944993439066e-02 1.00000000000000e+05 
6.78861824709752e-02 1.00000000000000e+05 
6.82786927201216e-02 1.00000000000000e+05 
6.86715352833687e-02 1.00000000000000e+05 
6.90654721610713e-02 1.00000000000000e+05 
6.94598105387754e-02 1.00000000000000e+05 
6.98536446437962e-02 1.00000000000000e+05 
7.02469799107050e-02 1.00000000000000e+05 
7.06405977469085e-02 1.00000000000000e+05 
7.10343448606695e-02 1.00000000000000e+05 
7.14291220287029e-02 1.00000000000000e+05 
7.18246468313630e-02 1.00000000000000e+05 
7.22200220232400e-02 1.00000000000000e+05 
7.26153256990473e-02 1.00000000000000e+05 
7.30113631225220e-02 1.00000000000000e+05 
7.34079793158246e-02 1.00000000000000e+05 
7.38060578906336e-02 1.00000000000000e+05 
7.42054499503410e-02 1.00000000000000e+05 
7.46046384165985e-02 1.00000000000000e+05 
7.50033617591012e-02 1.00000000000000e+05 
7.54023881733301e-02 1.00000000000000e+05 
7.58016211995208e-02 1.00000000000000e+05 
7.62017614176195e-02 1.00000000000000e+05 
7.66027123714218e-02 1.00000000000000e+05 
7.70035373589972e-02 1.00000000000000e+05 
7.74041867215476e-02 1.00000000000000e+05 
7.78055408237882e-02 1.00000000000000e+05 
7.82073964215755e-02 1.00000000000000e+05 
7.86105861227741e-02 1.00000000000000e+05 
7.90148940928201e-02 1.00000000000000e+05 
7.94192503882696e-02 1.00000000000000e+05 
7.98236568098893e-02 1.00000000000000e+05 
8.02284166633435e-02 1.00000000000000e+05 
8.06332270776161e-02 1.00000000000000e+05 
8.10386939020986e-02 1.00000000000000e+05 
8.14446818410276e-02 1.00000000000000e+05 
8.18506434148385e-02 1.00000000000000e+05 
8.22563760134430e-02 1.00000000000000e+05 
8.26624111097382e-02 1.00000000000000e+05 
8.30686839716297e-02 1.00000000000000e+05 
8.34758061447621e-02 1.00000000000000e+05 
8.38836842720185e-02 1.00000000000000e+05 
8.42917002874718e-02 1.00000000000000e+05 
8.46996957725760e-02 1.00000000000000e+05 
8.51082784902473e-02 1.00000000000000e+05 
8.55173409693892e-02 1.00000000000000e+05 
8.59267087657731e-02 1.00000000000000e+05 
8.63362646612278e-02 1.00000000000000e+05 
8.67458824144354e-02 1.00000000000000e+05 
8.71552225398244e-02 1.00000000000000e+05 
8.75644755596278e-02 1.00000000000000e+05 
8.79736822935099e-02 1.00000000000000e+05 
8.83832483155719e-02 1.00000000000000e+05 
8.87932317782917e-02 1.00000000000000e+05 
8.92033623035566e-02 1.00000000000000e+05 
8.96134317631006e-02 1.00000000000000e+05 
9.00237280278236e-02 1.00000000000000e+05 
9.04342631712376e-02 1.00000000000000e+05 
9.08455043841867e-02 1.00000000000000e+05 
9.12574149599404e-02 1.00000000000000e+05 
9.16696717714177e-02 1.00000000000000e+05 
9.20821291126716e-02 1.00000000000000e+05 
9.24950835620055e-02 1.00000000000000e+05 
9.29086118960511e-02 1.00000000000000e+05 
9.33225598262999e-02 1.00000000000000e+05 
9.37366867192437e-02 1.00000000000000e+05 
9.41510121468290e-02 1.00000000000000e+05 
9.45651224606621e-02 1.00000000000000e+05 
9.49790749280740e-02 1.00000000000000e+05 
9.53930008472076e-02 1.00000000000000e+05 
9.58069078345443e-02 1.00000000000000e+05 
9.62210606252108e-02 1.00000000000000e+05 
9.66355138671665e-02 1.00000000000000e+05 
9.70498840683744e-02 1.00000000000000e+05 
9.74643013666727e-02 1.00000000000000e+05 
9.78788253121482e-02 1.00000000000000e+05 
9.82936369327189e-02 1.00000000000000e+05 
9.87088713914267e-02 1.00000000000000e+05 
9.91245349002723e-02 1.00000000000000e+05 
9.95403115248832e-02 1.00000000000000e+05 
9.99563812444597e-02 1.00000000000000e+05 
1.00372753933726e-01 1.00000000000000e+05 
1.00789752947479e-01 1.00000000000000e+05 
1.01207394842874e-01 1.00000000000000e+05 
1.01625467308249e-01 1.00000000000000e+05 
1.02043648951058e-01 1.00000000000000e+05 
1.02462155130968e-01 1.00000000000000e+05 
1.02881057180196e-01 1.00000000000000e+05 
1.03300598299633e-01 1.00000000000000e+05 
1.03720705717009e-01 1.00000000000000e+05 
1.04141367546233e-01 1.00000000000000e+05 
1.04562425367081e-01 1.00000000000000e+05 
1.04984253931854e-01 1.00000000000000e+05 
1.05406128700297e-01 1.00000000000000e+05 
1.05827890748541e-01 1.00000000000000e+05 
1.06249888289310e-01 1.00000000000000e+05 
1.06672166891030e-01 1.00000000000000e+05 
1.07094364509710e-01 1.00000000000000e+05 
1.07516502992084e-01 1.00000000000000e+05 
1.07938646681419e-01 1.00000000000000e+05 
1.08360958273106e-01 1.00000000000000e+05 
1.08783727067357e-01 1.00000000000000e+05 
1.09206610741530e-01 1.00000000000000e+05 
1.09629563707635e-01 1.00000000000000e+05 
1.10052727794230e-01 1.00000000000000e+05 
1.10476131739607e-01 1.00000000000000e+05 
1.10899869411905e-01 1.00000000000000e+05 
1.11323800501376e-01 1.00000000000000e+05 
1.11747810523615e-01 1.00000000000000e+05 
1.12171838823377e-01 1.00000000000000e+05 
1.12595841969582e-01 1.00000000000000e+05 
1.13019870489602e-01 1.00000000000000e+05 
1.13444102580273e-01 1.00000000000000e+05 
1.13868697103595e-01 1.00000000000000e+05 
1.14293251003246e-01 1.00000000000000e+05 
1.14718010355620e-01 1.00000000000000e+05 
1.15143165682194e-01 1.00000000000000e+05 
1.15568191659291e-01 1.00000000000000e+05 
1.15992903250494e-01 1.00000000000000e+05 
1.16417506377723e-01 1.00000000000000e+05 
1.16842026940887e-01 1.00000000000000e+05 
1.17266871678495e-01 1.00000000000000e+05 
1.17692245605134e-01 1.00000000000000e+05 
1.18117567435712e-01 1.00000000000000e+05 
1.18542710182665e-01 1.00000000000000e+05 
1.18967833445003e-01 1.00000000000000e+05 
1.19392939803013e-01 1.00000000000000e+05 
1.19818449597793e-01 1.00000000000000e+05 
1.20244613034419e-01 1.00000000000000e+05 
1.20670817972442e-01 1.00000000000000e+05 
1.21097006378707e-01 1.00000000000000e+05 
1.21523301236972e-01 1.00000000000000e+05 
1.21949664500972e-01 1.00000000000000e+05 
1.22376518589473e-01 1.00000000000000e+05 
1.22804165877384e-01 1.00000000000000e+05 
1.23232015019874e-01 1.00000000000000e+05 
1.23660075735551e-01 1.00000000000000e+05 
1.24088426378186e-01 1.00000000000000e+05 
1.24516977216899e-01 1.00000000000000e+05 
1.24946178204035e-01 1.00000000000000e+05 
1.25376317550266e-01 1.00000000000000e+05 
1.25806797181834e-01 1.00000000000000e+05 
1.26237651719816e-01 1.00000000000000e+05 
1.26668878291290e-01 1.00000000000000e+05 
1.27100166444491e-01 1.00000000000000e+05 
1.27531884437265e-01 1.00000000000000e+05 
1.27964013135749e-01 1.00000000000000e+05 
1.28396307558823e-01 1.00000000000000e+05 
1.28828345017796e-01 1.00000000000000e+05 
1.29260395274896e-01 1.00000000000000e+05 
1.29692658764748e-01 1.00000000000000e+05 
1.30125302981022e-01 1.00000000000000e+05 
1.30558430962808e-01 1.00000000000000e+05 
1.30991742090597e-01 1.00000000000000e+05 
1.31424828854876e-01 1.00000000000000e+05 
1.31857941498821e-01 1.00000000000000e+05 
1.32291242412407e-01 1.00000000000000e+05 
1.32724922481696e-01 1.00000000000000e+05 
1.33159107856379e-01 1.00000000000000e+05 
1.33593420060758e-01 1.00000000000000e+05 
1.34027520018637e-01 1.00000000000000e+05 
1.34461622732059e-01 1.00000000000000e+05 
1.34895832623710e-01 1.00000000000000e+05 
1.35330434743912e-01 1.00000000000000e+05 
1.35765557757400e-01 1.00000000000000e+05 
1.36200769815985e-01 1.00000000000000e+05 
1.36635827308299e-01 1.00000000000000e+05 
1.37070881083163e-01 1.00000000000000e+05 
1.37506018996378e-01 1.00000000000000e+05 
1.37941539615001e-01 1.00000000000000e+05 
1.38377621960995e-01 1.00000000000000e+05 
1.38813801211047e-01 1.00000000000000e+05 
1.39249929259491e-01 1.00000000000000e+05 
1.39685922217751e-01 1.00000000000000e+05 
1.40121877033716e-01 1.00000000000000e+05 
1.40558123490309e-01 1.00000000000000e+05 
1.40994658951211e-01 1.00000000000000e+05 
1.41431222037319e-01 1.00000000000000e+05 
1.41867607392442e-01 1.00000000000000e+05 
1.42303848730644e-01 1.00000000000000e+05 
1.42740082066857e-01 1.00000000000000e+05 
1.43176637779512e-01 1.00000000000000e+05 
1.43613506128722e-01 1.00000000000000e+05 
1.44050456181273e-01 1.00000000000000e+05 
1.44487345090602e-01 1.00000000000000e+05 
1.44924155329579e-01 1.00000000000000e+05 
1.45361036702146e-01 1.00000000000000e+05 
1.45798290410113e-01 1.00000000000000e+05 
1.46235931866151e-01 1.00000000000000e+05 
1.46673724438393e-01 1.00000000000000e+05 
1.47111598239833e-01 1.00000000000000e+05 
1.47549496356781e-01 1.00000000000000e+05 
1.47987556329443e-01 1.00000000000000e+05 
1.48426070682477e-01 1.00000000000000e+05 
1.48865075358026e-01 1.00000000000000e+05 
1.49304307894573e-01 1.00000000000000e+05 
1.49743469422220e-01 1.00000000000000e+05 
1.50182567424645e-01 1.00000000000000e+05 
1.50621662372769e-01 1.00000000000000e+05 
1.51061036541566e-01 1.00000000000000e+05 
1.51500600602870e-01 1.00000000000000e+05 
1.51940230672693e-01 1.00000000000000e+05 
1.52379767481898e-01 1.00000000000000e+05 
1.52819238572633e-01 1.00000000000000e+05 
1.53258672739903e-01 1.00000000000000e+05 
1.53698372803469e-01 1.00000000000000e+05 
1.54138261340475e-01 1.00000000000000e+05 
1.54578180990538e-01 1.00000000000000e+05 
1.55018038152427e-01 1.00000000000000e+05 
1.55457823678075e-01 1.00000000000000e+05 
1.55897548306290e-01 1.00000000000000e+05 
1.56337524309702e-01 1.00000000000000e+05 
1.56777566223908e-01 1.00000000000000e+05 
1.57217554504323e-01 1.00000000000000e+05 
1.57657603660478e-01 1.00000000000000e+05 
1.58097598966171e-01 1.00000000000000e+05 
1.58537217351131e-01 1.00000000000000e+05 
1.58976674025584e-01 1.00000000000000e+05 
1.59416234815000e-01 1.00000000000000e+05 
1.59855733075588e-01 1.00000000000000e+05 
1.60295370666651e-01 1.00000000000000e+05 
1.60735031909469e-01 1.00000000000000e+05 
1.61174426200159e-01 1.00000000000000e+05 
1.61613740836425e-01 1.00000000000000e+05 
1.62053345213886e-01 1.00000000000000e+05 
1.62493019133533e-01 1.00000000000000e+05 
1.62933021805899e-01 1.00000000000000e+05 
1.63373273445420e-01 1.00000000000000e+05 
1.63813422227648e-01 1.00000000000000e+05 
1.64253710641118e-01 1.00000000000000e+05 
1.64694500280545e-01 1.00000000000001e+05 
1.65135572844792e-01 1.00000000000002e+05 
1.65576762087298e-01 1.00000000000003e+05 
1.66017891568454e-01 1.00000000000006e+05 
1.66459106053028e-01 1.00000000000009e+05 
1.66900629593800e-01 1.00000000000029e+05 
1.67342335402066e-01 1.00000000000082e+05 
1.67784096955436e-01 1.00000000000159e+05 
1.68225680144579e-01 1.00000000000227e+05 
1.68667277769969e-01 1.00000000000687e+05 
1.69109036822448e-01 1.00000000003030e+05 
1.69551197758989e-01 1.00000000019852e+05 
1.69993596255169e-01 1.00000000080004e+05 
1.70436094559784e-01 1.00000000417088e+05 
1.70878480929431e-01 1.00000000821257e+05 
1.71320914457328e-01 1.00000001269071e+05 
1.71763560645505e-01 1.00000002202849e+05 
1.72206675098103e-01 1.00000003523300e+05 
1.72650059580869e-01 1.00000006074306e+05 
1.73093562733811e-01 1.00000010547879e+05 
1.73537003583559e-01 1.00000017874853e+05 
1.73980487315104e-01 1.00000028637399e+05 
1.74424208929494e-01 1.00000043731745e+05 
1.74868429927862e-01 1.00000064383519e+05 
1.75312945979818e-01 1.00000091302398e+05 
1.75757587189784e-01 1.00000126659270e+05 
1.76202223419712e-01 1.00000172315437e+05 
1.76646892235674e-01 1.00000233093700e+05 
1.77091821510707e-01 1.00000315176359e+05 
1.77537300458408e-01 1.00000425821308e+05 
1.77983118232710e-01 1.00000575507026e+05 
1.78429080718309e-01 1.00000781609354e+05 
1.78875114875837e-01 1.00001049890821e+05 
1.79321192606549e-01 1.00001406231963e+05 
1.79767568350182e-01 1.00001867203424e+05 
1.80214534702444e-01 1.00002469321606e+05 
1.80661834957652e-01 1.00003246749530e+05 
1.81109401643148e-01 1.00004252497446e+05 
1.81556549195792e-01 1.00005527871584e+05 
1.82003675559051e-01 1.00007168458636e+05 
1.82451056026343e-01 1.00009249597632e+05 
1.82898611649389e-01 1.00011882495890e+05 
1.83346191200752e-01 1.00015161052205e+05 
1.83794088480681e-01 1.00019222085227e+05 
1.84241560588877e-01 1.00024149242936e+05 
1.84689055177290e-01 1.00030088274007e+05 
1.85136798051392e-01 1.00037140300973e+05 
1.85584727756457e-01 1.00045414999810e+05 
1.86032693084729e-01 1.00054986095038e+05 
1.86480984637876e-01 1.00065992530411e+05 
1.86928855355849e-01 1.00078504613277e+05 
1.87376786468167e-01 1.00092526365015e+05 
1.87824951222820e-01 1.00108046247718e+05 
1.88273301720898e-01 1.00125001160263e+05 
1.88721681850673e-01 1.00143224811700e+05 
1.89170369918729e-01 1.00162488159116e+05 
1.89618642690707e-01 1.00182446652710e+05 
1.90066979705888e-01 1.00202648459260e+05 
1.90515542513874e-01 1.00222928289178e+05 
1.90964276578273e-01 1.00242551031276e+05 
1.91413040632585e-01 1.00261467181557e+05 
1.91862087412441e-01 1.00279695704600e+05 
1.92310733288465e-01 1.00296957500140e+05 
1.92759453380087e-01 1.00312362552620e+05 
1.93208398946570e-01 1.00325930106528e+05 
1.93657529473563e-01 1.00336954694021e+05 
1.94106731402169e-01 1.00345693347808e+05 
1.94556228012287e-01 1.00351729615159e+05 
1.95005397739900e-01 1.00355584817634e+05 
1.95454688369522e-01 1.00355509287597e+05 
1.95904248823709e-01 1.00352108548349e+05 
1.96354044454533e-01 1.00348291130379e+05 
1.96803980724685e-01 1.00343763517540e+05 
1.97254250666957e-01 1.00336245505117e+05 
1.97704284989535e-01 1.00325202198849e+05 
1.98154507504496e-01 1.00310987161229e+05 
1.98605050742208e-01 1.00293648857742e+05 
1.99055879060068e-01 1.00273628299060e+05 
1.99506923443737e-01 1.00251446432206e+05 
1.99958177438135e-01 1.00227387198851e+05 
2.00409242724076e-01 1.00201483299684e+05 
