# Liste des scalaires : TEMPS pmat 
0.00000000000000e+00 1.00000000000000e+05 
7.22956891292051e-05 1.00000000000000e+05 
1.28896268085791e-04 1.00000000000000e+05 
1.87280691399745e-04 1.00000000000000e+05 
2.45217182465947e-04 1.00000000000000e+05 
3.04208603200355e-04 1.00000000000000e+05 
3.63581123666775e-04 1.00000000000000e+05 
4.23650782993896e-04 1.00000000000000e+05 
4.85842975249328e-04 1.00000000000000e+05 
5.49276578133749e-04 1.00000000000000e+05 
6.13297071208191e-04 1.00000000000000e+05 
6.77790207201671e-04 1.00000000000000e+05 
7.43682383334878e-04 1.00000000000000e+05 
8.10902159253946e-04 1.00000000000000e+05 
8.79501077758416e-04 1.00000000000000e+05 
9.49778509738591e-04 1.00000000000000e+05 
1.02136003925530e-03 1.00000000000000e+05 
1.09439033964739e-03 1.00000000000000e+05 
1.16842422013794e-03 1.00000000000000e+05 
1.24385885706935e-03 1.00000000000000e+05 
1.32044233560011e-03 1.00000000000000e+05 
1.39847756500257e-03 1.00000000000000e+05 
1.47734838455808e-03 1.00000000000000e+05 
1.55771613906439e-03 1.00000000000000e+05 
1.63998019495123e-03 1.00000000000000e+05 
1.72418413634486e-03 1.00000000000000e+05 
1.80997500565609e-03 1.00000000000000e+05 
1.89552135058658e-03 1.00000000000000e+05 
1.98311420437264e-03 1.00000000000000e+05 
2.07272121600109e-03 1.00000000000000e+05 
2.16374408353048e-03 1.00000000000000e+05 
2.25617854016506e-03 1.00000000000000e+05 
2.35054650670094e-03 1.00000000000000e+05 
2.44690802737784e-03 1.00000000000000e+05 
2.54369208640813e-03 1.00000000000000e+05 
2.64267117088439e-03 1.00000000000000e+05 
2.74358374642699e-03 1.00000000000000e+05 
2.84509260534624e-03 1.00000000000000e+05 
2.94915342450758e-03 1.00000000000000e+05 
3.05553369355971e-03 1.00000000000000e+05 
3.16422549608508e-03 1.00000000000000e+05 
3.27520007628273e-03 1.00000000000000e+05 
3.38838532506667e-03 1.00000000000000e+05 
3.50341803301614e-03 1.00000000000000e+05 
3.61782310082902e-03 1.00000000000000e+05 
3.73210027788300e-03 1.00000000000000e+05 
3.84791126430703e-03 1.00000000000000e+05 
3.96512323719810e-03 1.00000000000000e+05 
4.08355752644715e-03 1.00000000000000e+05 
4.20330255701617e-03 1.00000000000000e+05 
4.32432163649664e-03 1.00000000000000e+05 
4.44650759383993e-03 1.00000000000000e+05 
4.56984247871096e-03 1.00000000000000e+05 
4.69442711350829e-03 1.00000000000000e+05 
4.81992596025337e-03 1.00000000000000e+05 
4.94632413645692e-03 1.00000000000000e+05 
5.07349832175051e-03 1.00000000000000e+05 
5.20124769730485e-03 1.00000000000000e+05 
5.32874215294219e-03 1.00000000000000e+05 
5.45572165188188e-03 1.00000000000000e+05 
5.58236842532865e-03 1.00000000000000e+05 
5.70879537218246e-03 1.00000000000000e+05 
5.83518796488768e-03 1.00000000000000e+05 
5.96158946409604e-03 1.00000000000000e+05 
6.08808842966071e-03 1.00000000000000e+05 
6.21469756945667e-03 1.00000000000000e+05 
6.34153433582917e-03 1.00000000000000e+05 
6.46872355813154e-03 1.00000000000000e+05 
6.59623277271886e-03 1.00000000000000e+05 
6.72399169882868e-03 1.00000000000000e+05 
6.85189125866781e-03 1.00000000000000e+05 
6.97988372260383e-03 1.00000000000000e+05 
7.10734823888178e-03 1.00000000000000e+05 
7.23413356827823e-03 1.00000000000000e+05 
7.36052216195879e-03 1.00000000000000e+05 
7.48649572871995e-03 1.00000000000000e+05 
7.61234510879153e-03 1.00000000000000e+05 
7.73840469645587e-03 1.00000000000000e+05 
7.86502580322019e-03 1.00000000000000e+05 
7.99162517760422e-03 1.00000000000000e+05 
8.11795359210888e-03 1.00000000000000e+05 
8.24501704104774e-03 1.00000000000000e+05 
8.37183314253947e-03 1.00000000000000e+05 
8.49904400607363e-03 1.00000000000000e+05 
8.62635673561176e-03 1.00000000000000e+05 
8.75381701472678e-03 1.00000000000000e+05 
8.88143785027933e-03 1.00000000000000e+05 
9.00918327548878e-03 1.00000000000000e+05 
9.13716252090551e-03 1.00000000000000e+05 
9.26530422020188e-03 1.00000000000000e+05 
9.39356656875143e-03 1.00000000000000e+05 
9.52228069719660e-03 1.00000000000000e+05 
9.65071442259612e-03 1.00000000000000e+05 
9.78040226563755e-03 1.00000000000000e+05 
9.90911370957026e-03 1.00000000000000e+05 
1.00393808163369e-02 1.00000000000000e+05 
1.01696978939012e-02 1.00000000000000e+05 
1.03001746545349e-02 1.00000000000000e+05 
1.04291554254532e-02 1.00000000000000e+05 
1.05583070407861e-02 1.00000000000000e+05 
1.06864406126751e-02 1.00000000000000e+05 
1.08136324484312e-02 1.00000000000000e+05 
1.09421925852091e-02 1.00000000000000e+05 
1.10697561895868e-02 1.00000000000000e+05 
1.11983956822438e-02 1.00000000000000e+05 
1.13275735881738e-02 1.00000000000000e+05 
1.14559245899249e-02 1.00000000000000e+05 
1.15843729540437e-02 1.00000000000000e+05 
1.17147022657278e-02 1.00000000000000e+05 
1.18437851228088e-02 1.00000000000000e+05 
1.19723800414828e-02 1.00000000000000e+05 
1.21023299668074e-02 1.00000000000000e+05 
1.22313023843298e-02 1.00000000000000e+05 
1.23620758667412e-02 1.00000000000000e+05 
1.24931763316988e-02 1.00000000000000e+05 
1.26243517004608e-02 1.00000000000000e+05 
1.27540140919716e-02 1.00000000000000e+05 
1.28850299437523e-02 1.00000000000000e+05 
1.30150493549667e-02 1.00000000000000e+05 
1.31460317961348e-02 1.00000000000000e+05 
1.32771130482082e-02 1.00000000000000e+05 
1.34084507848753e-02 1.00000000000000e+05 
1.35380367815354e-02 1.00000000000000e+05 
1.36685559296527e-02 1.00000000000000e+05 
1.37984007450322e-02 1.00000000000000e+05 
1.39294425969551e-02 1.00000000000000e+05 
1.40604598642464e-02 1.00000000000000e+05 
1.41917129103727e-02 1.00000000000000e+05 
1.43230506802337e-02 1.00000000000000e+05 
1.44546369235049e-02 1.00000000000000e+05 
1.45863770990270e-02 1.00000000000000e+05 
1.47183348913349e-02 1.00000000000000e+05 
1.48503727501438e-02 1.00000000000000e+05 
1.49824787326192e-02 1.00000000000000e+05 
1.51145632643470e-02 1.00000000000000e+05 
1.52466346618981e-02 1.00000000000000e+05 
1.53786467761080e-02 1.00000000000000e+05 
1.55106307184137e-02 1.00000000000000e+05 
1.56425325265648e-02 1.00000000000000e+05 
1.57743373576657e-02 1.00000000000000e+05 
1.59059692011447e-02 1.00000000000000e+05 
1.60374949921888e-02 1.00000000000000e+05 
1.61688942670834e-02 1.00000000000000e+05 
1.63003095054288e-02 1.00000000000000e+05 
1.64316654826751e-02 1.00000000000000e+05 
1.65628888117385e-02 1.00000000000000e+05 
1.66941887803803e-02 1.00000000000000e+05 
1.68254362109210e-02 1.00000000000000e+05 
1.69567217443789e-02 1.00000000000000e+05 
1.70880725785265e-02 1.00000000000000e+05 
1.72193900634375e-02 1.00000000000000e+05 
1.73498221262212e-02 1.00000000000000e+05 
1.74802347002176e-02 1.00000000000000e+05 
1.76107561258025e-02 1.00000000000000e+05 
1.77414375669700e-02 1.00000000000000e+05 
1.78721983578800e-02 1.00000000000000e+05 
1.80028796843914e-02 1.00000000000000e+05 
1.81334991215610e-02 1.00000000000000e+05 
1.82639241612331e-02 1.00000000000000e+05 
1.83941695411192e-02 1.00000000000000e+05 
1.85243278147142e-02 1.00000000000000e+05 
1.86544130826751e-02 1.00000000000000e+05 
1.87843518454683e-02 1.00000000000000e+05 
1.89142948761306e-02 1.00000000000000e+05 
1.90441129669601e-02 1.00000000000000e+05 
1.91739255094573e-02 1.00000000000000e+05 
1.93039061828880e-02 1.00000000000000e+05 
1.94333816308183e-02 1.00000000000000e+05 
1.95628720921173e-02 1.00000000000000e+05 
1.96924595327899e-02 1.00000000000000e+05 
1.98220971039094e-02 1.00000000000000e+05 
1.99518749051216e-02 1.00000000000000e+05 
2.00818152962992e-02 1.00000000000000e+05 
2.02118814757943e-02 1.00000000000000e+05 
2.03419181364895e-02 1.00000000000000e+05 
2.04719736754139e-02 1.00000000000000e+05 
2.06018984192160e-02 1.00000000000000e+05 
2.07317452706502e-02 1.00000000000000e+05 
2.08615569746190e-02 1.00000000000000e+05 
2.09913396974760e-02 1.00000000000000e+05 
2.11210363666900e-02 1.00000000000000e+05 
2.12507096426611e-02 1.00000000000000e+05 
2.13802107757612e-02 1.00000000000000e+05 
2.15096492667706e-02 1.00000000000000e+05 
2.16389847098412e-02 1.00000000000000e+05 
2.17683010877159e-02 1.00000000000000e+05 
2.18976293037939e-02 1.00000000000000e+05 
2.20270978325215e-02 1.00000000000000e+05 
2.21565702690899e-02 1.00000000000000e+05 
2.22859787509125e-02 1.00000000000000e+05 
2.24154458342544e-02 1.00000000000000e+05 
2.25452958904566e-02 1.00000000000000e+05 
2.26756117727040e-02 1.00000000000000e+05 
2.28052699061607e-02 1.00000000000000e+05 
2.29348731670463e-02 1.00000000000000e+05 
2.30641067162276e-02 1.00000000000000e+05 
2.31935034930522e-02 1.00000000000000e+05 
2.33229910496906e-02 1.00000000000000e+05 
2.34524393691378e-02 1.00000000000000e+05 
2.35818574083455e-02 1.00000000000000e+05 
2.37111674759267e-02 1.00000000000000e+05 
2.38404461973247e-02 1.00000000000000e+05 
2.39697872610772e-02 1.00000000000000e+05 
2.40992251059351e-02 1.00000000000000e+05 
2.42286280842643e-02 1.00000000000000e+05 
2.43578323219718e-02 1.00000000000000e+05 
2.44867825178331e-02 1.00000000000000e+05 
2.46155988371338e-02 1.00000000000000e+05 
2.47443828667534e-02 1.00000000000000e+05 
2.48732763561413e-02 1.00000000000000e+05 
2.50023407825410e-02 1.00000000000000e+05 
2.51318711462993e-02 1.00000000000000e+05 
2.52617795943406e-02 1.00000000000000e+05 
2.53908452075068e-02 1.00000000000000e+05 
2.55199876136035e-02 1.00000000000000e+05 
2.56490305069955e-02 1.00000000000000e+05 
2.57780109603135e-02 1.00000000000000e+05 
2.59069434905942e-02 1.00000000000000e+05 
2.60358777418809e-02 1.00000000000000e+05 
2.61647985475323e-02 1.00000000000000e+05 
2.62937402446564e-02 1.00000000000000e+05 
2.64227151743730e-02 1.00000000000000e+05 
2.65516266522537e-02 1.00000000000000e+05 
2.66804287676741e-02 1.00000000000000e+05 
2.68090780368890e-02 1.00000000000000e+05 
2.69376168814652e-02 1.00000000000000e+05 
2.70661190216782e-02 1.00000000000000e+05 
2.71946194451412e-02 1.00000000000000e+05 
2.73229885445113e-02 1.00000000000000e+05 
2.74514428275191e-02 1.00000000000000e+05 
2.75800722842518e-02 1.00000000000000e+05 
2.77090819395933e-02 1.00000000000000e+05 
2.78385386905401e-02 1.00000000000000e+05 
2.79684397077994e-02 1.00000000000000e+05 
2.80987426788502e-02 1.00000000000000e+05 
2.82284527353063e-02 1.00000000000000e+05 
2.83574300107809e-02 1.00000000000000e+05 
2.84864096856698e-02 1.00000000000000e+05 
2.86154080364302e-02 1.00000000000000e+05 
2.87445356378403e-02 1.00000000000000e+05 
2.88736097195016e-02 1.00000000000000e+05 
2.90027428857777e-02 1.00000000000000e+05 
2.91317614373168e-02 1.00000000000000e+05 
2.92606140680102e-02 1.00000000000000e+05 
2.93892799474728e-02 1.00000000000000e+05 
2.95178167976741e-02 1.00000000000000e+05 
2.96463562889623e-02 1.00000000000000e+05 
2.97750751862470e-02 1.00000000000000e+05 
2.99037048971033e-02 1.00000000000000e+05 
3.00322852843102e-02 1.00000000000000e+05 
3.01610599444837e-02 1.00000000000000e+05 
3.02901416708525e-02 1.00000000000000e+05 
3.04196126145374e-02 1.00000000000000e+05 
3.05483263114472e-02 1.00000000000000e+05 
3.06770380459502e-02 1.00000000000000e+05 
3.08057665146187e-02 1.00000000000000e+05 
3.09345331385106e-02 1.00000000000000e+05 
3.10633753740264e-02 1.00000000000000e+05 
3.11921837066150e-02 1.00000000000000e+05 
3.13210438239992e-02 1.00000000000000e+05 
3.14498427867556e-02 1.00000000000000e+05 
3.15786073427265e-02 1.00000000000000e+05 
3.17073694863403e-02 1.00000000000000e+05 
3.18359448008832e-02 1.00000000000000e+05 
3.19642452101401e-02 1.00000000000000e+05 
3.20925900618738e-02 1.00000000000000e+05 
3.22210799985564e-02 1.00000000000000e+05 
3.23500895971596e-02 1.00000000000000e+05 
3.24796392221852e-02 1.00000000000000e+05 
3.26079234384491e-02 1.00000000000000e+05 
3.27381170155730e-02 1.00000000000000e+05 
3.28684285400944e-02 1.00000000000000e+05 
3.29979120415813e-02 1.00000000000000e+05 
3.31273304095478e-02 1.00000000000000e+05 
3.32567225150603e-02 1.00000000000000e+05 
3.33861684849255e-02 1.00000000000000e+05 
3.35155761080252e-02 1.00000000000000e+05 
3.36449183221128e-02 1.00000000000000e+05 
3.37741697273589e-02 1.00000000000000e+05 
3.39033680034835e-02 1.00000000000000e+05 
3.40326075499925e-02 1.00000000000000e+05 
3.41616830604139e-02 1.00000000000000e+05 
3.42911072260841e-02 1.00000000000000e+05 
3.44207235677993e-02 1.00000000000000e+05 
3.45504166380515e-02 1.00000000000000e+05 
3.46802394470882e-02 1.00000000000000e+05 
3.48102127675977e-02 1.00000000000000e+05 
3.49403989762964e-02 1.00000000000000e+05 
3.50706724396370e-02 1.00000000000000e+05 
3.52011680569501e-02 1.00000000000000e+05 
3.53317025549107e-02 1.00000000000000e+05 
3.54622071594147e-02 1.00000000000000e+05 
3.55926961954479e-02 1.00000000000000e+05 
3.57232136887998e-02 1.00000000000000e+05 
3.58531371307903e-02 1.00000000000000e+05 
3.59826869196480e-02 1.00000000000000e+05 
3.61129664037642e-02 1.00000000000000e+05 
3.62430134406304e-02 1.00000000000000e+05 
3.63732049502359e-02 1.00000000000000e+05 
3.65033202571375e-02 1.00000000000000e+05 
3.66334866590417e-02 1.00000000000000e+05 
3.67638998149103e-02 1.00000000000000e+05 
3.68942516362996e-02 1.00000000000000e+05 
3.70246368386869e-02 1.00000000000000e+05 
3.71552482548369e-02 1.00000000000000e+05 
3.72861907159345e-02 1.00000000000000e+05 
3.74172776544573e-02 1.00000000000000e+05 
3.75484943679487e-02 1.00000000000000e+05 
3.76786646840261e-02 1.00000000000000e+05 
3.78087295230260e-02 1.00000000000000e+05 
3.79387917121463e-02 1.00000000000000e+05 
3.80686953172093e-02 1.00000000000000e+05 
3.81987519357697e-02 1.00000000000000e+05 
3.83286328986901e-02 1.00000000000000e+05 
3.84585826924215e-02 1.00000000000000e+05 
3.85885683320444e-02 1.00000000000000e+05 
3.87186260453829e-02 1.00000000000000e+05 
3.88485259433409e-02 1.00000000000000e+05 
3.89787176870531e-02 1.00000000000000e+05 
3.91088361382379e-02 1.00000000000000e+05 
3.92391183270423e-02 1.00000000000000e+05 
3.93695268540185e-02 1.00000000000000e+05 
3.95001253887341e-02 1.00000000000000e+05 
3.96308305088907e-02 1.00000000000000e+05 
3.97619752920891e-02 1.00000000000000e+05 
3.98931136583888e-02 1.00000000000000e+05 
4.00245545344342e-02 1.00000000000000e+05 
4.01562120385052e-02 1.00000000000000e+05 
4.02881580901243e-02 1.00000000000000e+05 
4.04200171796938e-02 1.00000000000000e+05 
4.05519764527568e-02 1.00000000000000e+05 
4.06838515260231e-02 1.00000000000000e+05 
4.08157329803305e-02 1.00000000000000e+05 
4.09474394982332e-02 1.00000000000000e+05 
4.10791931251237e-02 1.00000000000000e+05 
4.12108163120044e-02 1.00000000000000e+05 
4.13425121938402e-02 1.00000000000000e+05 
4.14741183993567e-02 1.00000000000000e+05 
4.16057531971627e-02 1.00000000000000e+05 
4.17370330888029e-02 1.00000000000000e+05 
4.18681698985272e-02 1.00000000000000e+05 
4.19993216571031e-02 1.00000000000000e+05 
4.21311861298836e-02 1.00000000000000e+05 
4.22632368302028e-02 1.00000000000000e+05 
4.23953810233660e-02 1.00000000000000e+05 
4.25277508813735e-02 1.00000000000000e+05 
4.26602166527190e-02 1.00000000000000e+05 
4.27926744842180e-02 1.00000000000000e+05 
4.29251018916772e-02 1.00000000000000e+05 
4.30575611624801e-02 1.00000000000000e+05 
4.31899790462325e-02 1.00000000000000e+05 
4.33223888653161e-02 1.00000000000000e+05 
4.34548917008461e-02 1.00000000000000e+05 
4.35867165933927e-02 1.00000000000000e+05 
4.37184424627988e-02 1.00000000000000e+05 
4.38499981032845e-02 1.00000000000000e+05 
4.39823344614907e-02 1.00000000000000e+05 
4.41135326920513e-02 1.00000000000000e+05 
4.42458464785050e-02 1.00000000000000e+05 
4.43772010749887e-02 1.00000000000000e+05 
4.45086200096860e-02 1.00000000000000e+05 
4.46402937048407e-02 1.00000000000000e+05 
4.47725403266579e-02 1.00000000000000e+05 
4.49047856677005e-02 1.00000000000000e+05 
4.50371966584029e-02 1.00000000000000e+05 
4.51696127208691e-02 1.00000000000000e+05 
4.53020978784046e-02 1.00000000000000e+05 
4.54347620525219e-02 1.00000000000000e+05 
4.55674816683642e-02 1.00000000000000e+05 
4.57004970489665e-02 1.00000000000000e+05 
4.58338384418575e-02 1.00000000000000e+05 
4.59675542523406e-02 1.00000000000000e+05 
4.61017542922826e-02 1.00000000000000e+05 
4.62357513175361e-02 1.00000000000000e+05 
4.63700050600247e-02 1.00000000000000e+05 
4.65041067137931e-02 1.00000000000000e+05 
4.66381438956750e-02 1.00000000000000e+05 
4.67706618958768e-02 1.00000000000000e+05 
4.69044386258188e-02 1.00000000000000e+05 
4.70372160453047e-02 1.00000000000000e+05 
4.71714752415466e-02 1.00000000000000e+05 
4.73056824698562e-02 1.00000000000000e+05 
4.74398176537639e-02 1.00000000000000e+05 
4.75737569043252e-02 1.00000000000000e+05 
4.77077944848673e-02 1.00000000000000e+05 
4.78418233494079e-02 1.00000000000000e+05 
4.79758160795767e-02 1.00000000000000e+05 
4.81098656083693e-02 1.00000000000000e+05 
4.82440734316967e-02 1.00000000000000e+05 
4.83784268407057e-02 1.00000000000000e+05 
4.85129479292122e-02 1.00000000000000e+05 
4.86473260528029e-02 1.00000000000000e+05 
4.87816419818677e-02 1.00000000000000e+05 
4.89157722674086e-02 1.00000000000000e+05 
4.90494179752816e-02 1.00000000000000e+05 
4.91834562647960e-02 1.00000000000000e+05 
4.93150224105410e-02 1.00000000000000e+05 
4.94489003849542e-02 1.00000000000000e+05 
4.95826325998644e-02 1.00000000000000e+05 
4.97161457459018e-02 1.00000000000000e+05 
4.98498861946824e-02 1.00000000000000e+05 
4.99839101377591e-02 1.00000000000000e+05 
5.01180372753736e-02 1.00000000000000e+05 
5.02521907593939e-02 1.00000000000000e+05 
5.03863482834417e-02 1.00000000000000e+05 
5.05205308444783e-02 1.00000000000000e+05 
5.06548375552388e-02 1.00000000000000e+05 
5.07892459707019e-02 1.00000000000000e+05 
5.09239829657008e-02 1.00000000000000e+05 
5.10588954959001e-02 1.00000000000000e+05 
5.11940826988571e-02 1.00000000000000e+05 
5.13293172264089e-02 1.00000000000000e+05 
5.14645378750516e-02 1.00000000000000e+05 
5.15997313989185e-02 1.00000000000000e+05 
5.17339606338600e-02 1.00000000000000e+05 
5.18691044424883e-02 1.00000000000000e+05 
5.20041987237902e-02 1.00000000000000e+05 
5.21392963983260e-02 1.00000000000000e+05 
5.22744010068846e-02 1.00000000000000e+05 
5.24095545970470e-02 1.00000000000000e+05 
5.25447443134093e-02 1.00000000000000e+05 
5.26800650385055e-02 1.00000000000000e+05 
5.28155084747547e-02 1.00000000000000e+05 
5.29512090955230e-02 1.00000000000000e+05 
5.30867597973612e-02 1.00000000000000e+05 
5.32226196782144e-02 1.00000000000000e+05 
5.33586391251321e-02 1.00000000000000e+05 
5.34948785560898e-02 1.00000000000000e+05 
5.36281651562604e-02 1.00000000000000e+05 
5.37605152049505e-02 1.00000000000000e+05 
5.38969389219138e-02 1.00000000000000e+05 
5.40318537160734e-02 1.00000000000000e+05 
5.41670955429781e-02 1.00000000000000e+05 
5.43024898496833e-02 1.00000000000000e+05 
5.44374655983503e-02 1.00000000000000e+05 
5.45736958218674e-02 1.00000000000000e+05 
5.47099090746727e-02 1.00000000000000e+05 
5.48460205884368e-02 1.00000000000000e+05 
5.49819928932766e-02 1.00000000000000e+05 
5.51178738550852e-02 1.00000000000000e+05 
5.52537009386445e-02 1.00000000000000e+05 
5.53896490151819e-02 1.00000000000000e+05 
5.55259539774555e-02 1.00000000000000e+05 
5.56627153364399e-02 1.00000000000000e+05 
5.57999301664693e-02 1.00000000000000e+05 
5.59377576779439e-02 1.00000000000000e+05 
5.60761881759001e-02 1.00000000000000e+05 
5.62152705844905e-02 1.00000000000000e+05 
5.63548581356978e-02 1.00000000000000e+05 
5.64944734736610e-02 1.00000000000000e+05 
5.66341387279500e-02 1.00000000000000e+05 
5.67738832761656e-02 1.00000000000000e+05 
5.69102685188811e-02 1.00000000000000e+05 
5.70500526818496e-02 1.00000000000000e+05 
5.71908007288382e-02 1.00000000000000e+05 
5.73302887980965e-02 1.00000000000000e+05 
5.74685408074972e-02 1.00000000000000e+05 
5.76043805731159e-02 1.00000000000000e+05 
5.77446203323302e-02 1.00000000000000e+05 
5.78839387032700e-02 1.00000000000000e+05 
5.80232621237731e-02 1.00000000000000e+05 
5.81614154059865e-02 1.00000000000000e+05 
5.83016138379817e-02 1.00000000000000e+05 
5.84419983287082e-02 1.00000000000000e+05 
5.85824156791967e-02 1.00000000000000e+05 
5.87229633446885e-02 1.00000000000000e+05 
5.88641156583197e-02 1.00000000000000e+05 
5.90059111821180e-02 1.00000000000000e+05 
5.91478957515829e-02 1.00000000000000e+05 
5.92905361946196e-02 1.00000000000000e+05 
5.94330238075461e-02 1.00000000000000e+05 
5.95691074860400e-02 1.00000000000000e+05 
5.97109528315546e-02 1.00000000000000e+05 
5.98508810544574e-02 1.00000000000000e+05 
5.99930930975341e-02 1.00000000000000e+05 
6.01333055407671e-02 1.00000000000000e+05 
6.02751949912107e-02 1.00000000000000e+05 
6.04169208670541e-02 1.00000000000000e+05 
6.05585598899527e-02 1.00000000000000e+05 
6.07003368842432e-02 1.00000000000000e+05 
6.08421194936294e-02 1.00000000000000e+05 
6.09841241220280e-02 1.00000000000000e+05 
6.11262071601377e-02 1.00000000000000e+05 
6.12683691842114e-02 1.00000000000000e+05 
6.14108168379227e-02 1.00000000000000e+05 
6.15538912623914e-02 1.00000000000000e+05 
6.16972922096457e-02 1.00000000000000e+05 
6.18415497822549e-02 1.00000000000000e+05 
6.19838919635713e-02 1.00000000000000e+05 
6.21261134731709e-02 1.00000000000000e+05 
6.22682244431002e-02 1.00000000000000e+05 
6.24102952413903e-02 1.00000000000000e+05 
6.25522886309915e-02 1.00000000000000e+05 
6.26942986755801e-02 1.00000000000000e+05 
6.28362404171079e-02 1.00000000000000e+05 
6.29781571589680e-02 1.00000000000000e+05 
6.31201216791832e-02 1.00000000000000e+05 
6.32622040893575e-02 1.00000000000000e+05 
6.34043274963165e-02 1.00000000000000e+05 
6.35466759968364e-02 1.00000000000000e+05 
6.36891689325897e-02 1.00000000000000e+05 
6.38318875474001e-02 1.00000000000000e+05 
6.39749820196466e-02 1.00000000000000e+05 
6.41185524110390e-02 1.00000000000000e+05 
6.42625589240193e-02 1.00000000000000e+05 
6.44071715964246e-02 1.00000000000000e+05 
6.45523781227550e-02 1.00000000000000e+05 
6.46983577591373e-02 1.00000000000000e+05 
6.48452804898802e-02 1.00000000000000e+05 
6.49922914058302e-02 1.00000000000000e+05 
6.51390869198537e-02 1.00000000000000e+05 
6.52858321264032e-02 1.00000000000000e+05 
6.54275778959912e-02 1.00000000000000e+05 
6.55738270904402e-02 1.00000000000000e+05 
6.57197953912694e-02 1.00000000000000e+05 
6.58658515051238e-02 1.00000000000000e+05 
6.60115278991948e-02 1.00000000000000e+05 
6.61570125226504e-02 1.00000000000000e+05 
6.63023696248612e-02 1.00000000000000e+05 
6.64478407505166e-02 1.00000000000000e+05 
6.65937187611116e-02 1.00000000000000e+05 
6.67401993550141e-02 1.00000000000000e+05 
6.68872641457164e-02 1.00000000000000e+05 
6.70349938459283e-02 1.00000000000000e+05 
6.71832495989038e-02 1.00000000000000e+05 
6.73321498319062e-02 1.00000000000000e+05 
6.74817733640045e-02 1.00000000000000e+05 
6.76322750595754e-02 1.00000000000000e+05 
6.77828886682445e-02 1.00000000000000e+05 
6.79334306710562e-02 1.00000000000000e+05 
6.80793409084724e-02 1.00000000000000e+05 
6.82294359561148e-02 1.00000000000000e+05 
6.83793796774691e-02 1.00000000000000e+05 
6.85292387138370e-02 1.00000000000000e+05 
6.86789973344210e-02 1.00000000000000e+05 
6.88289435403220e-02 1.00000000000000e+05 
6.89791054754632e-02 1.00000000000000e+05 
6.91291944739609e-02 1.00000000000000e+05 
6.92796830814680e-02 1.00000000000000e+05 
6.94238205665607e-02 1.00000000000000e+05 
6.95692377225807e-02 1.00000000000000e+05 
6.97133431787162e-02 1.00000000000000e+05 
6.98607793891920e-02 1.00000000000000e+05 
7.00089457602026e-02 1.00000000000000e+05 
7.01560486768537e-02 1.00000000000000e+05 
7.03019249733496e-02 1.00000000000000e+05 
7.04509503139211e-02 1.00000000000000e+05 
7.05988302920069e-02 1.00000000000000e+05 
7.07493042481305e-02 1.00000000000000e+05 
7.08998130883037e-02 1.00000000000000e+05 
7.10474981560977e-02 1.00000000000000e+05 
7.11986521194754e-02 1.00000000000000e+05 
7.13500532497881e-02 1.00000000000000e+05 
7.15019701960020e-02 1.00000000000000e+05 
7.16548459362246e-02 1.00000000000000e+05 
7.18071494755509e-02 1.00000000000000e+05 
7.19599389612355e-02 1.00000000000000e+05 
7.21124454296176e-02 1.00000000000000e+05 
7.22654028836396e-02 1.00000000000000e+05 
7.24186338293433e-02 1.00000000000000e+05 
7.25719321785386e-02 1.00000000000000e+05 
7.27254623254047e-02 1.00000000000000e+05 
7.28792349296161e-02 1.00000000000000e+05 
7.30335716635906e-02 1.00000000000000e+05 
7.31883956800681e-02 1.00000000000000e+05 
7.33438848825588e-02 1.00000000000000e+05 
7.34999864000507e-02 1.00000000000000e+05 
7.36566910697260e-02 1.00000000000000e+05 
7.38141594579039e-02 1.00000000000000e+05 
7.39716764181404e-02 1.00000000000000e+05 
7.41288966096020e-02 1.00000000000000e+05 
7.42860106702799e-02 1.00000000000000e+05 
7.44423303144254e-02 1.00000000000000e+05 
7.45993785649041e-02 1.00000000000000e+05 
7.47564791699809e-02 1.00000000000000e+05 
7.49137570764529e-02 1.00000000000000e+05 
7.50714542202184e-02 1.00000000000000e+05 
7.52296267596488e-02 1.00000000000000e+05 
7.53883224342382e-02 1.00000000000000e+05 
7.55474969465815e-02 1.00000000000000e+05 
7.57071565870592e-02 1.00000000000000e+05 
7.58601801572817e-02 1.00000000000000e+05 
7.60153537812729e-02 1.00000000000000e+05 
7.61709371889972e-02 1.00000000000000e+05 
7.63231724706556e-02 1.00000000000000e+05 
7.64774169170904e-02 1.00000000000000e+05 
7.66299849178860e-02 1.00000000000000e+05 
7.67842008628676e-02 1.00000000000000e+05 
7.69403602428410e-02 1.00000000000000e+05 
7.70967353456763e-02 1.00000000000000e+05 
7.72496722380998e-02 1.00000000000000e+05 
7.74046073615189e-02 1.00000000000000e+05 
7.75578431775102e-02 1.00000000000000e+05 
7.77128568805787e-02 1.00000000000000e+05 
7.78697825373804e-02 1.00000000000000e+05 
7.80269060919890e-02 1.00000000000000e+05 
7.81804693539763e-02 1.00000000000000e+05 
7.83360012956084e-02 1.00000000000000e+05 
7.84898760511615e-02 1.00000000000000e+05 
7.86454713642862e-02 1.00000000000000e+05 
7.88029644634038e-02 1.00000000000000e+05 
7.89606929747864e-02 1.00000000000000e+05 
7.91148800321702e-02 1.00000000000000e+05 
7.92710668020547e-02 1.00000000000000e+05 
7.94256301789958e-02 1.00000000000000e+05 
7.95820090107379e-02 1.00000000000000e+05 
7.97403464686163e-02 1.00000000000000e+05 
7.98990188445198e-02 1.00000000000000e+05 
8.00541055720322e-02 1.00000000000000e+05 
8.02113642452437e-02 1.00000000000000e+05 
8.03670189950994e-02 1.00000000000000e+05 
8.05249149487758e-02 1.00000000000000e+05 
8.06851581771544e-02 1.00000000000000e+05 
8.08460641506533e-02 1.00000000000000e+05 
8.10030239482364e-02 1.00000000000000e+05 
8.11626879765077e-02 1.00000000000000e+05 
8.13206663870963e-02 1.00000000000000e+05 
8.14816924282871e-02 1.00000000000000e+05 
8.16459148733299e-02 1.00000000000000e+05 
8.18107944173490e-02 1.00000000000000e+05 
8.19711968292371e-02 1.00000000000000e+05 
8.21345146313304e-02 1.00000000000000e+05 
8.22964730841187e-02 1.00000000000000e+05 
8.24597866483125e-02 1.00000000000000e+05 
8.26242386726521e-02 1.00000000000000e+05 
8.27885681868874e-02 1.00000000000000e+05 
8.29508988878830e-02 1.00000000000000e+05 
8.31151413591123e-02 1.00000000000000e+05 
8.32772517317285e-02 1.00000000000000e+05 
8.34412611337312e-02 1.00000000000000e+05 
8.36054526171153e-02 1.00000000000000e+05 
8.37660683006153e-02 1.00000000000000e+05 
8.39291496284154e-02 1.00000000000000e+05 
8.40931343370762e-02 1.00000000000000e+05 
8.42563830763043e-02 1.00000000000000e+05 
8.44178565566074e-02 1.00000000000000e+05 
8.45818709248500e-02 1.00000000000000e+05 
8.47445282145714e-02 1.00000000000000e+05 
8.49091127562258e-02 1.00000000000000e+05 
8.50735894504393e-02 1.00000000000000e+05 
8.52381508272473e-02 1.00000000000000e+05 
8.54028717273531e-02 1.00000000000000e+05 
8.55674365045665e-02 1.00000000000000e+05 
8.57322667614955e-02 1.00000000000000e+05 
8.58970889177168e-02 1.00000000000000e+05 
8.60620966706225e-02 1.00000000000000e+05 
8.62275963128838e-02 1.00000000000000e+05 
8.63937539264437e-02 1.00000000000000e+05 
8.65604138019784e-02 1.00000000000000e+05 
8.67278214771680e-02 1.00000000000000e+05 
8.68958547799976e-02 1.00000000000000e+05 
8.70558490680151e-02 1.00000000000000e+05 
8.72193180240858e-02 1.00000000000000e+05 
8.73892588769578e-02 1.00000000000000e+05 
8.75588698523636e-02 1.00000000000000e+05 
8.77279998290036e-02 1.00000000000000e+05 
8.78937692235955e-02 1.00000000000000e+05 
8.80624102578465e-02 1.00000000000000e+05 
8.82309629266039e-02 1.00000000000000e+05 
8.83995067644376e-02 1.00000000000000e+05 
8.85681478566108e-02 1.00000000000000e+05 
8.87370981375137e-02 1.00000000000000e+05 
8.89060996575267e-02 1.00000000000000e+05 
8.90751408034458e-02 1.00000000000000e+05 
8.92441543737893e-02 1.00000000000000e+05 
8.94132736782487e-02 1.00000000000000e+05 
8.95823418485016e-02 1.00000000000000e+05 
8.97513642775902e-02 1.00000000000000e+05 
8.99201370820627e-02 1.00000000000000e+05 
9.00887886386639e-02 1.00000000000000e+05 
9.02572324366808e-02 1.00000000000000e+05 
9.04256124488551e-02 1.00000000000000e+05 
9.05938350708667e-02 1.00000000000000e+05 
9.07619103924180e-02 1.00000000000000e+05 
9.09296085801911e-02 1.00000000000000e+05 
9.10971137113746e-02 1.00000000000000e+05 
9.12646908104164e-02 1.00000000000000e+05 
9.14325127672562e-02 1.00000000000000e+05 
9.16004675626362e-02 1.00000000000000e+05 
9.17687799623569e-02 1.00000000000000e+05 
9.19369084574497e-02 1.00000000000000e+05 
9.21058518438942e-02 1.00000000000000e+05 
9.22758296329801e-02 1.00000000000000e+05 
9.24477175215552e-02 1.00000000000000e+05 
9.26171597896602e-02 1.00000000000000e+05 
9.27940341958603e-02 1.00000000000000e+05 
9.29610682204853e-02 1.00000000000000e+05 
9.31378877692712e-02 1.00000000000000e+05 
9.33104385523468e-02 1.00000000000000e+05 
9.34882852787318e-02 1.00000000000000e+05 
9.36632252246805e-02 1.00000000000000e+05 
9.38381814266352e-02 1.00000000000000e+05 
9.40129552466820e-02 1.00000000000000e+05 
9.41876620902614e-02 1.00000000000000e+05 
9.43625209086359e-02 1.00000000000000e+05 
9.45373878634431e-02 1.00000000000000e+05 
9.47122277642645e-02 1.00000000000000e+05 
9.48872214660845e-02 1.00000000000000e+05 
9.50622206016873e-02 1.00000000000000e+05 
9.52373327331693e-02 1.00000000000000e+05 
9.54128404017390e-02 1.00000000000000e+05 
9.55856426283800e-02 1.00000000000000e+05 
9.57611333514016e-02 1.00000000000000e+05 
9.59344133996749e-02 1.00000000000000e+05 
9.61101461182293e-02 1.00000000000000e+05 
9.62858315559982e-02 1.00000000000000e+05 
9.64619187460879e-02 1.00000000000000e+05 
9.66392254766135e-02 1.00000000000000e+05 
9.68169318846099e-02 1.00000000000000e+05 
9.69956648331195e-02 1.00000000000000e+05 
9.71748832099874e-02 1.00000000000000e+05 
9.73539413211137e-02 1.00000000000000e+05 
9.75329649199733e-02 1.00000000000000e+05 
9.77120823815405e-02 1.00000000000000e+05 
9.78919709882713e-02 1.00000000000000e+05 
9.80718248653609e-02 1.00000000000000e+05 
9.82521853129148e-02 1.00000000000000e+05 
9.84325061824603e-02 1.00000000000000e+05 
9.86129878080528e-02 1.00000000000000e+05 
9.87933489974357e-02 1.00000000000000e+05 
9.89740856729069e-02 1.00000000000000e+05 
9.91545217057436e-02 1.00000000000000e+05 
9.93352502487366e-02 1.00000000000000e+05 
9.95159274005602e-02 1.00000000000000e+05 
9.96965382382251e-02 1.00000000000000e+05 
9.98769154747858e-02 1.00000000000000e+05 
1.00057410115731e-01 1.00000000000000e+05 
1.00237688522409e-01 1.00000000000000e+05 
1.00418055977507e-01 1.00000000000000e+05 
1.00598669307073e-01 1.00000000000000e+05 
1.00779586510807e-01 1.00000000000000e+05 
1.00960366551794e-01 1.00000000000000e+05 
1.01141253833933e-01 1.00000000000000e+05 
1.01322232950231e-01 1.00000000000000e+05 
1.01502852671366e-01 1.00000000000000e+05 
1.01683353541848e-01 1.00000000000000e+05 
1.01863984057510e-01 1.00000000000000e+05 
1.02044000281402e-01 1.00000000000000e+05 
1.02225361475836e-01 1.00000000000000e+05 
1.02408370182127e-01 1.00000000000000e+05 
1.02593562349391e-01 1.00000000000000e+05 
1.02778653495110e-01 1.00000000000000e+05 
1.02963920704282e-01 1.00000000000000e+05 
1.03149075864510e-01 1.00000000000000e+05 
1.03334337576188e-01 1.00000000000000e+05 
1.03520165109456e-01 1.00000000000000e+05 
1.03706427289114e-01 1.00000000000000e+05 
1.03892944247077e-01 1.00000000000000e+05 
1.04079759635995e-01 1.00000000000000e+05 
1.04266714397614e-01 1.00000000000000e+05 
1.04453689666564e-01 1.00000000000001e+05 
1.04640753025460e-01 1.00000000000001e+05 
1.04827751322418e-01 1.00000000000001e+05 
1.05014632590752e-01 1.00000000000001e+05 
1.05201414416930e-01 1.00000000000002e+05 
1.05388228987861e-01 1.00000000000003e+05 
1.05574817660313e-01 1.00000000000004e+05 
1.05761445461091e-01 1.00000000000005e+05 
1.05947798552628e-01 1.00000000000007e+05 
1.06134009511330e-01 1.00000000000010e+05 
1.06320103472585e-01 1.00000000000013e+05 
1.06506282074199e-01 1.00000000000018e+05 
1.06692185823201e-01 1.00000000000025e+05 
1.06878140219426e-01 1.00000000000035e+05 
1.07063625872660e-01 1.00000000000047e+05 
1.07249017664806e-01 1.00000000000063e+05 
1.07434261991509e-01 1.00000000000082e+05 
1.07619638350496e-01 1.00000000000109e+05 
1.07805068844198e-01 1.00000000000146e+05 
1.07990912300150e-01 1.00000000000195e+05 
1.08176784541802e-01 1.00000000000246e+05 
1.08363133767715e-01 1.00000000000317e+05 
1.08550086469012e-01 1.00000000000412e+05 
1.08737963962462e-01 1.00000000000570e+05 
1.08926979963288e-01 1.00000000000805e+05 
1.09116031712635e-01 1.00000000001132e+05 
1.09305069919201e-01 1.00000000001494e+05 
1.09494067321039e-01 1.00000000002052e+05 
1.09683060894526e-01 1.00000000002981e+05 
1.09872104641036e-01 1.00000000005350e+05 
1.10061196615475e-01 1.00000000017173e+05 
1.10250318736819e-01 1.00000000044342e+05 
1.10439402797773e-01 1.00000000092972e+05 
1.10628427056199e-01 1.00000000290687e+05 
1.10817448442331e-01 1.00000000538434e+05 
1.11006526993352e-01 1.00000000833765e+05 
1.11195651334733e-01 1.00000001164219e+05 
1.11384796243158e-01 1.00000001531627e+05 
1.11573915239920e-01 1.00000002033404e+05 
1.11763002638453e-01 1.00000002421507e+05 
1.11952117499317e-01 1.00000002822457e+05 
1.12141280071466e-01 1.00000003124571e+05 
1.12330459759176e-01 1.00000003440643e+05 
1.12519643720877e-01 1.00000003759463e+05 
1.12708827338499e-01 1.00000004082698e+05 
1.12897977261427e-01 1.00000004403834e+05 
1.13087113629436e-01 1.00000004726608e+05 
1.13276277517126e-01 1.00000005035662e+05 
1.13465480772352e-01 1.00000005345558e+05 
1.13654718971011e-01 1.00000005656659e+05 
1.13843988308255e-01 1.00000005972609e+05 
1.14033255990170e-01 1.00000006292336e+05 
1.14222534575474e-01 1.00000006634218e+05 
1.14411852470098e-01 1.00000007023478e+05 
1.14601214507543e-01 1.00000007455941e+05 
1.14790607130944e-01 1.00000007957713e+05 
1.14980016505186e-01 1.00000008545446e+05 
1.15169409566230e-01 1.00000009239566e+05 
1.15358798457092e-01 1.00000010074119e+05 
1.15548214134042e-01 1.00000011117863e+05 
1.15737662927351e-01 1.00000012417565e+05 
1.15927137048089e-01 1.00000014067800e+05 
1.16116619804561e-01 1.00000016153323e+05 
1.16306087655463e-01 1.00000018774984e+05 
1.16495558334198e-01 1.00000022104564e+05 
1.16685064307174e-01 1.00000026321168e+05 
1.16874607380339e-01 1.00000031602826e+05 
1.17064179381805e-01 1.00000038102142e+05 
1.17253757131478e-01 1.00000046247529e+05 
1.17443316739370e-01 1.00000056372164e+05 
1.17632873285423e-01 1.00000068889180e+05 
1.17822456916382e-01 1.00000084184222e+05 
1.18012070972413e-01 1.00000102685393e+05 
1.18201706680007e-01 1.00000124978197e+05 
1.18391344654459e-01 1.00000151488135e+05 
1.18580974093725e-01 1.00000182752177e+05 
1.18770613772026e-01 1.00000219515397e+05 
1.18960298078240e-01 1.00000262507951e+05 
1.19150031478528e-01 1.00000312294251e+05 
1.19339801973624e-01 1.00000369247442e+05 
1.19529582231979e-01 1.00000434165677e+05 
1.19719358527922e-01 1.00000507326536e+05 
1.19909149378985e-01 1.00000589226023e+05 
1.20098982204496e-01 1.00000680102245e+05 
1.20288853213992e-01 1.00000780550179e+05 
1.20478749078331e-01 1.00000889452901e+05 
1.20668639772515e-01 1.00001006491404e+05 
1.20858520786202e-01 1.00001131068786e+05 
1.21048418023955e-01 1.00001262600519e+05 
1.21238362262859e-01 1.00001400857868e+05 
1.21428355821227e-01 1.00001544388093e+05 
1.21618398322709e-01 1.00001692847398e+05 
1.21808467432714e-01 1.00001844745462e+05 
1.21998562447202e-01 1.00001999552164e+05 
1.22188710565936e-01 1.00002156836647e+05 
1.22378932696332e-01 1.00002317864870e+05 
1.22569222395576e-01 1.00002482307646e+05 
1.22759574592917e-01 1.00002654182787e+05 
1.22949962119964e-01 1.00002836130936e+05 
1.23140384514831e-01 1.00003030534012e+05 
1.23330871753968e-01 1.00003242769747e+05 
1.23521436289985e-01 1.00003486137771e+05 
1.23712064602137e-01 1.00003769874042e+05 
1.23902753040169e-01 1.00004107752562e+05 
1.24093469950382e-01 1.00004515784129e+05 
1.24284221625294e-01 1.00005012610663e+05 
1.24475037656249e-01 1.00005628451253e+05 
1.24665923392507e-01 1.00006394214356e+05 
1.24856859759088e-01 1.00007334508511e+05 
1.25047844648369e-01 1.00008478446141e+05 
1.25238841993685e-01 1.00009861037716e+05 
1.25429866943500e-01 1.00011527649989e+05 
1.25620950862416e-01 1.00013530295310e+05 
1.25812093498703e-01 1.00015931813627e+05 
1.26003278350197e-01 1.00018780407874e+05 
1.26194510973184e-01 1.00022137438500e+05 
1.26385754027729e-01 1.00026062939432e+05 
1.26577030700063e-01 1.00030631857129e+05 
1.26768372197431e-01 1.00035919978591e+05 
1.26959771908991e-01 1.00042015906926e+05 
1.27151213852256e-01 1.00048990471285e+05 
1.27342703694886e-01 1.00056941055609e+05 
1.27534197666935e-01 1.00065923782602e+05 
1.27725723331908e-01 1.00076041136533e+05 
1.27917305977123e-01 1.00087375523256e+05 
1.28108931898840e-01 1.00100040526511e+05 
1.28300587648991e-01 1.00114107392193e+05 
1.28492285632029e-01 1.00129694567160e+05 
1.28683980603312e-01 1.00146819170769e+05 
1.28875705596200e-01 1.00165579766495e+05 
1.29067485873964e-01 1.00186023005018e+05 
1.29259301072188e-01 1.00208251442208e+05 
1.29451145686062e-01 1.00232298297988e+05 
1.29643035095039e-01 1.00258263842570e+05 
1.29834920045069e-01 1.00286089189277e+05 
1.30026822326498e-01 1.00315812505641e+05 
1.30218745437262e-01 1.00347405715554e+05 
1.30410697443374e-01 1.00380910798798e+05 
1.30602674625285e-01 1.00416275797772e+05 
1.30794688249332e-01 1.00453526313367e+05 
1.30986730810456e-01 1.00492573135515e+05 
1.31178792453113e-01 1.00533304627672e+05 
1.31370896166347e-01 1.00575496544582e+05 
1.31563042832358e-01 1.00619206002183e+05 
1.31755224205818e-01 1.00664214627895e+05 
1.31947453739727e-01 1.00710517532241e+05 
1.32139718245479e-01 1.00757819062071e+05 
1.32332005586718e-01 1.00805793571025e+05 
1.32524338449924e-01 1.00854089064493e+05 
1.32716712897716e-01 1.00902867552278e+05 
1.32909118422137e-01 1.00951844186299e+05 
1.33101575014591e-01 1.01001072819605e+05 
1.33294064079611e-01 1.01049916788105e+05 
1.33486577772436e-01 1.01098177580592e+05 
1.33679139061574e-01 1.01145526730778e+05 
1.33871740477819e-01 1.01191721080731e+05 
1.34064364783342e-01 1.01236619923861e+05 
1.34257034087939e-01 1.01279776471527e+05 
1.34449720297166e-01 1.01321296566484e+05 
1.34642421584081e-01 1.01360544350352e+05 
1.34835163586609e-01 1.01397000151410e+05 
1.35027941814238e-01 1.01431310594686e+05 
1.35220744961110e-01 1.01462384428949e+05 
1.35413605715684e-01 1.01489498331933e+05 
1.35606489300485e-01 1.01513511679567e+05 
1.35799400347554e-01 1.01535168449026e+05 
1.35992357306911e-01 1.01554525835312e+05 
1.36185352834852e-01 1.01567800036149e+05 
1.36378368254658e-01 1.01576059820990e+05 
1.36571432058293e-01 1.01580150421045e+05 
1.36764497978515e-01 1.01580791270762e+05 
1.36957579983365e-01 1.01575799878772e+05 
1.37150695113757e-01 1.01569022556647e+05 
1.37343839901682e-01 1.01562179896619e+05 
1.37536999303832e-01 1.01555393730028e+05 
1.37730206383146e-01 1.01547497072031e+05 
1.37916587485999e-01 1.01538672678448e+05 
1.38109804508717e-01 1.01527872997762e+05 
1.38303051167301e-01 1.01514819346061e+05 
1.38496322171516e-01 1.01499059246191e+05 
1.38689601917862e-01 1.01480264545923e+05 
1.38882924519535e-01 1.01458650472411e+05 
1.39076231815927e-01 1.01434959994077e+05 
1.39269551890755e-01 1.01408941139107e+05 
1.39462902437498e-01 1.01381021841727e+05 
1.39656278982433e-01 1.01351077526084e+05 
1.39849671140144e-01 1.01319266447540e+05 
1.40043117189193e-01 1.01285727246690e+05 
1.40236548892439e-01 1.01250765954279e+05 
1.40429996521945e-01 1.01214383411578e+05 
1.40623470096275e-01 1.01176920812711e+05 
1.40816955265198e-01 1.01138411008883e+05 
1.41010442132969e-01 1.01099011331756e+05 
1.41203972964811e-01 1.01058701369073e+05 
1.41397481178091e-01 1.01017820900273e+05 
1.41591012280078e-01 1.00976294269745e+05 
1.41760543437286e-01 1.00939774226010e+05 
1.41943263218690e-01 1.00900211329984e+05 
1.42136879655924e-01 1.00858108364665e+05 
1.42330536360037e-01 1.00815776736616e+05 
1.42505201634509e-01 1.00777269542973e+05 
1.42696642981773e-01 1.00734681970658e+05 
1.42890349715176e-01 1.00691405935144e+05 
1.43074709610533e-01 1.00650201771243e+05 
1.43268464809091e-01 1.00606941583247e+05 
1.43462226516604e-01 1.00563938106317e+05 
1.43647103881989e-01 1.00522956857204e+05 
1.43840900076279e-01 1.00480175224516e+05 
1.44034706781371e-01 1.00437468185643e+05 
1.44228534910470e-01 1.00394993632013e+05 
1.44422385851256e-01 1.00352815661304e+05 
1.44616239219749e-01 1.00311306455602e+05 
1.44810110561992e-01 1.00270061056777e+05 
1.45003989258318e-01 1.00229324985034e+05 
1.45197878696603e-01 1.00188851170336e+05 
1.45391791393059e-01 1.00148935374961e+05 
1.45585725822014e-01 1.00109565543162e+05 
1.45779667850783e-01 1.00071299207599e+05 
1.45973629947025e-01 1.00033481150993e+05 
1.46167600694011e-01 9.99964200608369e+04 
1.46361580912869e-01 9.99600019776870e+04 
1.46555582761946e-01 9.99242518173341e+04 
1.46749601352782e-01 9.98892452029395e+04 
1.46943620998365e-01 9.98554656361157e+04 
1.47137651723263e-01 9.98223073509486e+04 
1.47331684054463e-01 9.97900258342378e+04 
1.47525719288283e-01 9.97581413129429e+04 
1.47719773530212e-01 9.97271771150286e+04 
1.47913840464479e-01 9.96969940470594e+04 
1.48107905612971e-01 9.96684812474087e+04 
1.48301977023126e-01 9.96404969543671e+04 
1.48496047190162e-01 9.96134303022064e+04 
1.48690118828877e-01 9.95867855394684e+04 
1.48884211657728e-01 9.95609773579307e+04 
1.49078318366194e-01 9.95358226395465e+04 
1.49272425589778e-01 9.95124172784856e+04 
1.49466539409664e-01 9.94895234132637e+04 
1.49660653068009e-01 9.94676134148248e+04 
1.49854770183165e-01 9.94460039455581e+04 
1.50048911341612e-01 9.94255792725375e+04 
1.50243065869365e-01 9.94060485609037e+04 
1.50437222306541e-01 9.93888212735632e+04 
1.50631383550441e-01 9.93718057942991e+04 
1.50825543583219e-01 9.93558117663838e+04 
1.51019706953779e-01 9.93399836248928e+04 
1.51213896296878e-01 9.93251029068111e+04 
1.51408097369046e-01 9.93111940133641e+04 
1.51602300730072e-01 9.92994413652476e+04 
1.51796507480499e-01 9.92884093099498e+04 
1.51990712867830e-01 9.92784141664339e+04 
1.52184923201057e-01 9.92690238459386e+04 
1.52379162225577e-01 9.92608855413174e+04 
1.52573412368364e-01 9.92535535227349e+04 
1.52767665307353e-01 9.92475405756552e+04 
1.52961920261851e-01 9.92434651286605e+04 
1.53156172497658e-01 9.92413540445584e+04 
1.53350428524460e-01 9.92403408341987e+04 
1.53544709108403e-01 9.92406047517564e+04 
1.53738998440059e-01 9.92421890608820e+04 
1.53933290342845e-01 9.92460497010157e+04 
1.54127581604743e-01 9.92500752485438e+04 
1.54321868881047e-01 9.92550754140191e+04 
1.54516161925753e-01 9.92604029064659e+04 
1.54710473118669e-01 9.92665713209864e+04 
1.54904793031423e-01 9.92733260297943e+04 
1.55099117625451e-01 9.92810515717430e+04 
1.55293442194963e-01 9.92889845594651e+04 
1.55487763994126e-01 9.92974332725847e+04 
1.55682094555181e-01 9.93061403298411e+04 
1.55876447495274e-01 9.93156950787933e+04 
1.56070813996089e-01 9.93259609708244e+04 
1.56265190228465e-01 9.93377760616709e+04 
1.56459574715778e-01 9.93501906838755e+04 
1.56653961023403e-01 9.93633156558087e+04 
1.56848357916136e-01 9.93767714847599e+04 
1.57042773180111e-01 9.93908647368093e+04 
1.57237195291771e-01 9.94053935304408e+04 
1.57431618213563e-01 9.94210293902260e+04 
1.57626040094849e-01 9.94369677050092e+04 
1.57820455250278e-01 9.94535336206655e+04 
1.58014875782215e-01 9.94698444733322e+04 
1.58209312598936e-01 9.94864046778623e+04 
1.58403753278682e-01 9.95030681311852e+04 
1.58598194528725e-01 9.95204598990059e+04 
1.58792631140259e-01 9.95379848524783e+04 
1.58987058342032e-01 9.95556319102596e+04 
1.59181488227857e-01 9.95729163553848e+04 
1.59375932715396e-01 9.95905476582234e+04 
1.59570377106048e-01 9.96083176747067e+04 
1.59764825811915e-01 9.96266088966969e+04 
1.59959267961697e-01 9.96449548625914e+04 
1.60153704752170e-01 9.96633713071091e+04 
1.60348148397224e-01 9.96815780504647e+04 
1.60542612096047e-01 9.96996567827871e+04 
1.60737079369123e-01 9.97174301393296e+04 
1.60931555350028e-01 9.97352146120049e+04 
1.61126026310491e-01 9.97527321913994e+04 
1.61320493871146e-01 9.97698383557541e+04 
1.61514969717852e-01 9.97863901427473e+04 
1.61709466133550e-01 9.98025658681033e+04 
1.61903962639011e-01 9.98181674098178e+04 
1.62098466449925e-01 9.98334899760855e+04 
1.62292960946143e-01 9.98482683956835e+04 
1.62487449186793e-01 9.98622162163276e+04 
1.62681944174797e-01 9.98752362787786e+04 
1.62876458021987e-01 9.98874542366627e+04 
1.63070967460426e-01 9.98987425808672e+04 
1.63265483965786e-01 9.99091378638458e+04 
1.63459988010745e-01 9.99187513933361e+04 
1.63654485040303e-01 9.99274428751203e+04 
1.63848989519864e-01 9.99357363467442e+04 
1.64043513116621e-01 9.99427240089579e+04 
1.64238029609852e-01 9.99493470125708e+04 
1.64432555040415e-01 9.99550412545804e+04 
1.64627066207644e-01 9.99601885497118e+04 
1.64821570941262e-01 9.99645456731988e+04 
1.65016085305358e-01 9.99684072283411e+04 
1.65210620338400e-01 9.99720055026723e+04 
1.65405148201377e-01 9.99751084620859e+04 
1.65599688471317e-01 9.99777357157555e+04 
1.65794218310706e-01 9.99805550694735e+04 
1.65988748112434e-01 9.99831896673819e+04 
1.66183291583481e-01 9.99857358999985e+04 
1.66377856997931e-01 9.99880035849160e+04 
1.66572416234409e-01 9.99897665810755e+04 
1.66766988607834e-01 9.99908773552122e+04 
1.66961548171060e-01 9.99917292161160e+04 
1.67156111598709e-01 9.99920563717732e+04 
1.67350688004211e-01 9.99921431175766e+04 
1.67545285824506e-01 9.99920535570693e+04 
1.67739877886500e-01 9.99917293920153e+04 
1.67934484235880e-01 9.99908991996938e+04 
1.68129077154467e-01 9.99900407912683e+04 
1.68323676488465e-01 9.99889236983813e+04 
1.68518287582544e-01 9.99878421019912e+04 
1.68712915956662e-01 9.99868355816681e+04 
1.68907533106037e-01 9.99858716609767e+04 
1.69102132302659e-01 9.99845647339646e+04 
1.69296737322089e-01 9.99834315606628e+04 
1.69491345453803e-01 9.99822263817333e+04 
1.69685960181531e-01 9.99812319432462e+04 
1.69880553472790e-01 9.99804018306597e+04 
1.70075173837976e-01 9.99797147155842e+04 
1.70269754702746e-01 9.99787385829455e+04 
1.70464378489259e-01 9.99780011052991e+04 
1.70659020988158e-01 9.99774288582386e+04 
1.70853668920458e-01 9.99771502215879e+04 
1.71048283886150e-01 9.99770662572982e+04 
1.71242953433397e-01 9.99772166639558e+04 
1.71437556893050e-01 9.99770606738964e+04 
1.71632231237559e-01 9.99770706648773e+04 
1.71826915762581e-01 9.99772570374841e+04 
1.72021588195778e-01 9.99777705772988e+04 
1.72216214373984e-01 9.99784734599857e+04 
1.72410896088219e-01 9.99793365709032e+04 
1.72605503834175e-01 9.99799822594039e+04 
1.72800195192097e-01 9.99808685477616e+04 
1.72994880686304e-01 9.99817355053546e+04 
1.73189552679905e-01 9.99829340344484e+04 
1.73384170275021e-01 9.99843724517760e+04 
1.73578850313371e-01 9.99859357063995e+04 
1.73773466783260e-01 9.99871811873338e+04 
1.73968152207685e-01 9.99885724339363e+04 
1.74162841308236e-01 9.99899295967669e+04 
1.74357519053292e-01 9.99915527122423e+04 
1.74552148684009e-01 9.99932637270913e+04 
1.74746831791636e-01 9.99950626565673e+04 
1.74941444682794e-01 9.99965280802002e+04 
1.75136081260194e-01 9.99981456630291e+04 
1.75330737725313e-01 9.99997409208664e+04 
1.75525377780723e-01 1.00001508448709e+05 
1.75720001479198e-01 1.00003395977643e+05 
1.75914650513060e-01 1.00005395491576e+05 
1.76109289759760e-01 1.00007221120785e+05 
1.76303939891927e-01 1.00009123169410e+05 
1.76498584321461e-01 1.00010907484946e+05 
1.76693219603875e-01 1.00012833380478e+05 
1.76887864569030e-01 1.00014855509701e+05 
1.77082517006215e-01 1.00016945172162e+05 
1.77277163129905e-01 1.00018768062349e+05 
1.77471823167201e-01 1.00020691123729e+05 
1.77666480317988e-01 1.00022563877721e+05 
1.77861132949321e-01 1.00024605565661e+05 
1.78055798429718e-01 1.00026757978528e+05 
1.78250476462892e-01 1.00028993737184e+05 
1.78445150810049e-01 1.00030980358051e+05 
1.78639849650325e-01 1.00033056003903e+05 
1.78834547603210e-01 1.00035052502356e+05 
1.79029243912232e-01 1.00037085951304e+05 
1.79223956889979e-01 1.00039305619622e+05 
1.79402085862667e-01 1.00041351199977e+05 
1.79596813741625e-01 1.00043322199148e+05 
1.79791569900807e-01 1.00045365585838e+05 
1.79986326850276e-01 1.00047264710817e+05 
1.80181083720049e-01 1.00049237232850e+05 
1.80375858176654e-01 1.00051253686904e+05 
1.80570649330591e-01 1.00053173509125e+05 
1.80765436004505e-01 1.00054768558288e+05 
1.80960250715705e-01 1.00056349378747e+05 
1.81155062549058e-01 1.00057781132797e+05 
1.81349869572512e-01 1.00059236199502e+05 
1.81544688377270e-01 1.00060675403046e+05 
1.81739517358813e-01 1.00061986354405e+05 
1.81934336536600e-01 1.00063047203616e+05 
1.82129182599058e-01 1.00064065582808e+05 
1.82313524172281e-01 1.00064860326362e+05 
1.82474304264589e-01 1.00065579614370e+05 
1.82647000524555e-01 1.00066327268092e+05 
1.82828623469807e-01 1.00067096550096e+05 
1.83018475280024e-01 1.00067569510658e+05 
1.83193794926818e-01 1.00068056605750e+05 
1.83381480054206e-01 1.00068472274267e+05 
1.83553596566167e-01 1.00068835257600e+05 
1.83742924729324e-01 1.00069421624317e+05 
1.83937843520925e-01 1.00069815557815e+05 
1.84130009513762e-01 1.00069867419138e+05 
1.84324847174679e-01 1.00070001821718e+05 
1.84519714500347e-01 1.00070234044297e+05 
1.84701256808949e-01 1.00070594463641e+05 
1.84895980118234e-01 1.00071161922796e+05 
1.85090740497687e-01 1.00072160406760e+05 
1.85285499956875e-01 1.00072998738777e+05 
1.85474375488512e-01 1.00074522166987e+05 
1.85669185404600e-01 1.00076056264991e+05 
1.85863997329144e-01 1.00077572786180e+05 
1.86058823509054e-01 1.00078719180409e+05 
1.86253660156377e-01 1.00079657915636e+05 
1.86448501316865e-01 1.00080218697801e+05 
1.86643352442371e-01 1.00080734857872e+05 
1.86838201717687e-01 1.00081142023488e+05 
1.87033054762715e-01 1.00081592316381e+05 
1.87227925331760e-01 1.00082063816717e+05 
1.87422803056571e-01 1.00082524546898e+05 
1.87617682654188e-01 1.00082952042009e+05 
1.87812569118027e-01 1.00083503734224e+05 
1.87997942777860e-01 1.00084113306812e+05 
1.88189414664511e-01 1.00084977630388e+05 
1.88384322419711e-01 1.00086143578819e+05 
1.88579239370446e-01 1.00087580324407e+05 
1.88774159363508e-01 1.00089293922560e+05 
1.88969085533448e-01 1.00091425461865e+05 
1.89164015683769e-01 1.00093956829996e+05 
1.89358958960459e-01 1.00097017095619e+05 
1.89553933581225e-01 1.00100727835152e+05 
1.89748925847242e-01 1.00105058969230e+05 
1.89943938709371e-01 1.00110073142028e+05 
1.90138972476116e-01 1.00115893842890e+05 
1.90334018745062e-01 1.00122504100090e+05 
1.90529085229343e-01 1.00129712241105e+05 
1.90724186798595e-01 1.00138169868492e+05 
1.90919303265764e-01 1.00147956282572e+05 
1.91114436768107e-01 1.00158882861313e+05 
1.91309595430020e-01 1.00170804955764e+05 
1.91504766421494e-01 1.00183438652950e+05 
1.91699959220540e-01 1.00196959677710e+05 
1.91895189843398e-01 1.00211379491319e+05 
1.92090441421060e-01 1.00226906019707e+05 
1.92285711950159e-01 1.00243266145150e+05 
1.92481012975228e-01 1.00260549089878e+05 
1.92676325413883e-01 1.00278573858681e+05 
1.92871657558587e-01 1.00297279753797e+05 
1.93067026696977e-01 1.00316436122443e+05 
1.93262414598889e-01 1.00335845296581e+05 
1.93457817073724e-01 1.00355315057185e+05 
1.93653247670061e-01 1.00374839790364e+05 
1.93848686114417e-01 1.00394132866113e+05 
1.94044142395351e-01 1.00413150907367e+05 
1.94239635017838e-01 1.00431709360118e+05 
1.94435145314787e-01 1.00449576566893e+05 
1.94630668087497e-01 1.00466670225189e+05 
1.94826218792797e-01 1.00483109487070e+05 
1.95021776066968e-01 1.00498777190380e+05 
1.95217350514394e-01 1.00513637101262e+05 
1.95412959852307e-01 1.00527541205242e+05 
1.95608584270228e-01 1.00540539933451e+05 
1.95804216438198e-01 1.00552256874783e+05 
1.95999871041286e-01 1.00562826122010e+05 
1.96195528611224e-01 1.00572214802915e+05 
1.96391199018524e-01 1.00580854063730e+05 
1.96586883507145e-01 1.00588486431577e+05 
1.96782582533393e-01 1.00594717256809e+05 
1.96978296783944e-01 1.00599443757359e+05 
1.97174017470080e-01 1.00603034344340e+05 
1.97369747580258e-01 1.00605301884216e+05 
1.97565483214752e-01 1.00605754513318e+05 
1.97761225342050e-01 1.00604741378585e+05 
1.97956978494387e-01 1.00601934792226e+05 
1.98152744038037e-01 1.00596912500865e+05 
1.98348514797137e-01 1.00590224152300e+05 
1.98544291852710e-01 1.00582217073756e+05 
1.98740072254376e-01 1.00572524654763e+05 
1.98935857857814e-01 1.00562610854084e+05 
1.99131652548099e-01 1.00552425351105e+05 
1.99327457372181e-01 1.00541700848463e+05 
1.99523266631440e-01 1.00530185315808e+05 
1.99719081008663e-01 1.00517703422772e+05 
1.99914899590406e-01 1.00504262072180e+05 
2.00110725581627e-01 1.00489929660441e+05 
