# Liste des scalaires : TEMPS pmat 
0.00000000000000e+00 1.00000000000000e+05 
5.42217668469038e-05 1.00000000000000e+05 
1.01483146853159e-04 1.00000000000000e+05 
1.48353595814646e-04 1.00000000000000e+05 
1.93487068869319e-04 1.00000000000000e+05 
2.38981712389005e-04 1.00000000000000e+05 
2.84061971310812e-04 1.00000000000000e+05 
3.29165854168966e-04 1.00000000000000e+05 
3.74684296996972e-04 1.00000000000000e+05 
4.20465480892707e-04 1.00000000000000e+05 
4.66416760520689e-04 1.00000000000000e+05 
5.13892071368741e-04 1.00000000000000e+05 
5.61848181423485e-04 1.00000000000000e+05 
6.10573655809007e-04 1.00000000000000e+05 
6.59888069892713e-04 1.00000000000000e+05 
7.10112621611423e-04 1.00000000000000e+05 
7.60905077002241e-04 1.00000000000000e+05 
8.12742243565382e-04 1.00000000000000e+05 
8.65719495014588e-04 1.00000000000000e+05 
9.19842994294167e-04 1.00000000000000e+05 
9.75113042843854e-04 1.00000000000000e+05 
1.03118816473167e-03 1.00000000000000e+05 
1.08874022414750e-03 1.00000000000000e+05 
1.14732427878709e-03 1.00000000000000e+05 
1.20704862500077e-03 1.00000000000000e+05 
1.26875478219673e-03 1.00000000000000e+05 
1.33123755988039e-03 1.00000000000000e+05 
1.39555787416464e-03 1.00000000000000e+05 
1.45975280462873e-03 1.00000000000000e+05 
1.52573603194468e-03 1.00000000000000e+05 
1.59298815709622e-03 1.00000000000000e+05 
1.66169394511261e-03 1.00000000000000e+05 
1.72985846173200e-03 1.00000000000000e+05 
1.80049761917024e-03 1.00000000000000e+05 
1.87145057956625e-03 1.00000000000000e+05 
1.94363262461365e-03 1.00000000000000e+05 
2.01759326117397e-03 1.00000000000000e+05 
2.09310828267056e-03 1.00000000000000e+05 
2.16922920264079e-03 1.00000000000000e+05 
2.24650315398370e-03 1.00000000000000e+05 
2.32489327237104e-03 1.00000000000000e+05 
2.40490164065529e-03 1.00000000000000e+05 
2.48634108681560e-03 1.00000000000000e+05 
2.56886435174974e-03 1.00000000000000e+05 
2.65281847545718e-03 1.00000000000000e+05 
2.73801868957657e-03 1.00000000000000e+05 
2.82415050668720e-03 1.00000000000000e+05 
2.91159511043333e-03 1.00000000000000e+05 
3.00048900173073e-03 1.00000000000000e+05 
3.09072266032206e-03 1.00000000000000e+05 
3.18196176463497e-03 1.00000000000000e+05 
3.27476043148172e-03 1.00000000000000e+05 
3.36831014718773e-03 1.00000000000000e+05 
3.46344471282243e-03 1.00000000000000e+05 
3.55991125212988e-03 1.00000000000000e+05 
3.65518385223152e-03 1.00000000000000e+05 
3.75322145978296e-03 1.00000000000000e+05 
3.85075126381931e-03 1.00000000000000e+05 
3.94951960845346e-03 1.00000000000000e+05 
4.04943674305738e-03 1.00000000000000e+05 
4.15045430054791e-03 1.00000000000000e+05 
4.25251749027173e-03 1.00000000000000e+05 
4.35553117074137e-03 1.00000000000000e+05 
4.45951358496848e-03 1.00000000000000e+05 
4.56424504059907e-03 1.00000000000000e+05 
4.66982124112879e-03 1.00000000000000e+05 
4.77501580317109e-03 1.00000000000000e+05 
4.88086893119071e-03 1.00000000000000e+05 
4.98733079488917e-03 1.00000000000000e+05 
5.09445433782768e-03 1.00000000000000e+05 
5.20214687560363e-03 1.00000000000000e+05 
5.31049132673463e-03 1.00000000000000e+05 
5.41936708958379e-03 1.00000000000000e+05 
5.52872827172517e-03 1.00000000000000e+05 
5.63454583657079e-03 1.00000000000000e+05 
5.74314771614470e-03 1.00000000000000e+05 
5.85346152995141e-03 1.00000000000000e+05 
5.96100774925455e-03 1.00000000000000e+05 
6.07084582217871e-03 1.00000000000000e+05 
6.18124255289199e-03 1.00000000000000e+05 
6.29174359817899e-03 1.00000000000000e+05 
6.40223950317463e-03 1.00000000000000e+05 
6.51278450529711e-03 1.00000000000000e+05 
6.62310463495770e-03 1.00000000000000e+05 
6.73351973253716e-03 1.00000000000000e+05 
6.84404764982723e-03 1.00000000000000e+05 
6.95474279481385e-03 1.00000000000000e+05 
7.06557243731720e-03 1.00000000000000e+05 
7.17657052417605e-03 1.00000000000000e+05 
7.28771830386088e-03 1.00000000000000e+05 
7.39892890108790e-03 1.00000000000000e+05 
7.51029307741500e-03 1.00000000000000e+05 
7.62175791016176e-03 1.00000000000000e+05 
7.73332429011054e-03 1.00000000000000e+05 
7.84489755224104e-03 1.00000000000000e+05 
7.95666835030603e-03 1.00000000000000e+05 
8.06846956881946e-03 1.00000000000000e+05 
8.18027417205550e-03 1.00000000000000e+05 
8.29201090607743e-03 1.00000000000000e+05 
8.40379607996045e-03 1.00000000000000e+05 
8.51444168732682e-03 1.00000000000000e+05 
8.62549915457486e-03 1.00000000000000e+05 
8.73687643078870e-03 1.00000000000000e+05 
8.84875411201684e-03 1.00000000000000e+05 
8.96017067516786e-03 1.00000000000000e+05 
9.07181396066111e-03 1.00000000000000e+05 
9.18244509493665e-03 1.00000000000000e+05 
9.29333068527485e-03 1.00000000000000e+05 
9.40443241610194e-03 1.00000000000000e+05 
9.51543719599593e-03 1.00000000000000e+05 
9.62612609035566e-03 1.00000000000000e+05 
9.73479252705287e-03 1.00000000000000e+05 
9.84395586463460e-03 1.00000000000000e+05 
9.95347713027290e-03 1.00000000000000e+05 
1.00634748227448e-02 1.00000000000000e+05 
1.01737662407980e-02 1.00000000000000e+05 
1.02839493362099e-02 1.00000000000000e+05 
1.03940603726759e-02 1.00000000000000e+05 
1.05040688290153e-02 1.00000000000000e+05 
1.06140806888958e-02 1.00000000000000e+05 
1.07242632261024e-02 1.00000000000000e+05 
1.08343589287521e-02 1.00000000000000e+05 
1.09444368948777e-02 1.00000000000000e+05 
1.10545840452256e-02 1.00000000000000e+05 
1.11644899363528e-02 1.00000000000000e+05 
1.12744238982236e-02 1.00000000000000e+05 
1.13845513008625e-02 1.00000000000000e+05 
1.14945713642389e-02 1.00000000000000e+05 
1.16046935444915e-02 1.00000000000000e+05 
1.17148579679011e-02 1.00000000000000e+05 
1.18250233884478e-02 1.00000000000000e+05 
1.19351308288236e-02 1.00000000000000e+05 
1.20454244795071e-02 1.00000000000000e+05 
1.21554683283181e-02 1.00000000000000e+05 
1.22650180360751e-02 1.00000000000000e+05 
1.23752638895569e-02 1.00000000000000e+05 
1.24852654312188e-02 1.00000000000000e+05 
1.25951935150761e-02 1.00000000000000e+05 
1.27053328527845e-02 1.00000000000000e+05 
1.28152147501785e-02 1.00000000000000e+05 
1.29247660054666e-02 1.00000000000000e+05 
1.30348747130935e-02 1.00000000000000e+05 
1.31444829099152e-02 1.00000000000000e+05 
1.32543851061675e-02 1.00000000000000e+05 
1.33645664935148e-02 1.00000000000000e+05 
1.34744430189063e-02 1.00000000000000e+05 
1.35838734108332e-02 1.00000000000000e+05 
1.36940602778271e-02 1.00000000000000e+05 
1.38036014580285e-02 1.00000000000000e+05 
1.39135595290310e-02 1.00000000000000e+05 
1.40239294165635e-02 1.00000000000000e+05 
1.41339497058163e-02 1.00000000000000e+05 
1.42439495758609e-02 1.00000000000000e+05 
1.43547943737005e-02 1.00000000000000e+05 
1.44654460019954e-02 1.00000000000000e+05 
1.45767735308134e-02 1.00000000000000e+05 
1.46885753686281e-02 1.00000000000000e+05 
1.48004256539835e-02 1.00000000000000e+05 
1.49123080277522e-02 1.00000000000000e+05 
1.50241778597384e-02 1.00000000000000e+05 
1.51348397894899e-02 1.00000000000000e+05 
1.52466925822491e-02 1.00000000000000e+05 
1.53585822511619e-02 1.00000000000000e+05 
1.54704587634169e-02 1.00000000000000e+05 
1.55803373024533e-02 1.00000000000000e+05 
1.56920537869465e-02 1.00000000000000e+05 
1.58027044282049e-02 1.00000000000000e+05 
1.59147086884713e-02 1.00000000000000e+05 
1.60267255302573e-02 1.00000000000000e+05 
1.61388374328921e-02 1.00000000000000e+05 
1.62506378949800e-02 1.00000000000000e+05 
1.63622180264109e-02 1.00000000000000e+05 
1.64734496028311e-02 1.00000000000000e+05 
1.65853567732102e-02 1.00000000000000e+05 
1.66971879752260e-02 1.00000000000000e+05 
1.68090122411512e-02 1.00000000000000e+05 
1.69192975969405e-02 1.00000000000000e+05 
1.70306987347885e-02 1.00000000000000e+05 
1.71420777733964e-02 1.00000000000000e+05 
1.72534641854268e-02 1.00000000000000e+05 
1.73648017912038e-02 1.00000000000000e+05 
1.74763145695232e-02 1.00000000000000e+05 
1.75879125102116e-02 1.00000000000000e+05 
1.76996128595409e-02 1.00000000000000e+05 
1.78112834730734e-02 1.00000000000000e+05 
1.79228590396560e-02 1.00000000000000e+05 
1.80343466218353e-02 1.00000000000000e+05 
1.81458577836334e-02 1.00000000000000e+05 
1.82562078569438e-02 1.00000000000000e+05 
1.83676636138432e-02 1.00000000000000e+05 
1.84787157663173e-02 1.00000000000000e+05 
1.85899747851080e-02 1.00000000000000e+05 
1.87012064379441e-02 1.00000000000000e+05 
1.88124153761812e-02 1.00000000000000e+05 
1.89235965469272e-02 1.00000000000000e+05 
1.90347897441990e-02 1.00000000000000e+05 
1.91460443993781e-02 1.00000000000000e+05 
1.92574151594840e-02 1.00000000000000e+05 
1.93688923417947e-02 1.00000000000000e+05 
1.94805147978783e-02 1.00000000000000e+05 
1.95910148279111e-02 1.00000000000000e+05 
1.97029340353390e-02 1.00000000000000e+05 
1.98144404541797e-02 1.00000000000000e+05 
1.99265930112106e-02 1.00000000000000e+05 
2.00387458745021e-02 1.00000000000000e+05 
2.01507372074627e-02 1.00000000000000e+05 
2.02625633674515e-02 1.00000000000000e+05 
2.03741943256703e-02 1.00000000000000e+05 
2.04858337131526e-02 1.00000000000000e+05 
2.05975969121420e-02 1.00000000000000e+05 
2.07093025784698e-02 1.00000000000000e+05 
2.08212568133800e-02 1.00000000000000e+05 
2.09332958738922e-02 1.00000000000000e+05 
2.10444222076777e-02 1.00000000000000e+05 
2.11560528324703e-02 1.00000000000000e+05 
2.12678317941033e-02 1.00000000000000e+05 
2.13791752120449e-02 1.00000000000000e+05 
2.14909749047440e-02 1.00000000000000e+05 
2.16026751603890e-02 1.00000000000000e+05 
2.17138483637917e-02 1.00000000000000e+05 
2.18252359150929e-02 1.00000000000000e+05 
2.19363605800605e-02 1.00000000000000e+05 
2.20475578174923e-02 1.00000000000000e+05 
2.21589543923556e-02 1.00000000000000e+05 
2.22708706548572e-02 1.00000000000000e+05 
2.23827708734397e-02 1.00000000000000e+05 
2.24951195380917e-02 1.00000000000000e+05 
2.26076525254148e-02 1.00000000000000e+05 
2.27205293459722e-02 1.00000000000000e+05 
2.28338417009331e-02 1.00000000000000e+05 
2.29474072266808e-02 1.00000000000000e+05 
2.30613604173631e-02 1.00000000000000e+05 
2.31754740930356e-02 1.00000000000000e+05 
2.32896802166884e-02 1.00000000000000e+05 
2.34027290292976e-02 1.00000000000000e+05 
2.35158091476958e-02 1.00000000000000e+05 
2.36285209785099e-02 1.00000000000000e+05 
2.37405437594470e-02 1.00000000000000e+05 
2.38518959275009e-02 1.00000000000000e+05 
2.39642912615439e-02 1.00000000000000e+05 
2.40771762934033e-02 1.00000000000000e+05 
2.41898094117889e-02 1.00000000000000e+05 
2.43026131924225e-02 1.00000000000000e+05 
2.44155316959099e-02 1.00000000000000e+05 
2.45285113110813e-02 1.00000000000000e+05 
2.46415953684430e-02 1.00000000000000e+05 
2.47547238370313e-02 1.00000000000000e+05 
2.48679613758992e-02 1.00000000000000e+05 
2.49810408145064e-02 1.00000000000000e+05 
2.50939750697703e-02 1.00000000000000e+05 
2.52068588964105e-02 1.00000000000000e+05 
2.53197333696379e-02 1.00000000000000e+05 
2.54325139168527e-02 1.00000000000000e+05 
2.55452193905038e-02 1.00000000000000e+05 
2.56577383210489e-02 1.00000000000000e+05 
2.57702338120762e-02 1.00000000000000e+05 
2.58829359553716e-02 1.00000000000000e+05 
2.59960228327077e-02 1.00000000000000e+05 
2.61093511396405e-02 1.00000000000000e+05 
2.62230370412825e-02 1.00000000000000e+05 
2.63365801858206e-02 1.00000000000000e+05 
2.64501047407867e-02 1.00000000000000e+05 
2.65636473556242e-02 1.00000000000000e+05 
2.66767268426371e-02 1.00000000000000e+05 
2.67903072208070e-02 1.00000000000000e+05 
2.69034901322817e-02 1.00000000000000e+05 
2.70175210741552e-02 1.00000000000000e+05 
2.71317860916640e-02 1.00000000000000e+05 
2.72461790566144e-02 1.00000000000000e+05 
2.73605650957405e-02 1.00000000000000e+05 
2.74748281292695e-02 1.00000000000000e+05 
2.75887886551381e-02 1.00000000000000e+05 
2.77028845490468e-02 1.00000000000000e+05 
2.78169794080486e-02 1.00000000000000e+05 
2.79311039121148e-02 1.00000000000000e+05 
2.80452334583371e-02 1.00000000000000e+05 
2.81595784547164e-02 1.00000000000000e+05 
2.82739857969550e-02 1.00000000000000e+05 
2.83885348946398e-02 1.00000000000000e+05 
2.85030820502084e-02 1.00000000000000e+05 
2.86175703605433e-02 1.00000000000000e+05 
2.87319646878431e-02 1.00000000000000e+05 
2.88462588788419e-02 1.00000000000000e+05 
2.89604433869809e-02 1.00000000000000e+05 
2.90720473634903e-02 1.00000000000000e+05 
2.91860685051472e-02 1.00000000000000e+05 
2.92999952529620e-02 1.00000000000000e+05 
2.94137459063604e-02 1.00000000000000e+05 
2.95275618475386e-02 1.00000000000000e+05 
2.96411713793401e-02 1.00000000000000e+05 
2.97548669330189e-02 1.00000000000000e+05 
2.98685512079546e-02 1.00000000000000e+05 
2.99822167277248e-02 1.00000000000000e+05 
3.00957898681968e-02 1.00000000000000e+05 
3.02096508031439e-02 1.00000000000000e+05 
3.03235971709715e-02 1.00000000000000e+05 
3.04376789023365e-02 1.00000000000000e+05 
3.05518810392083e-02 1.00000000000000e+05 
3.06662634166614e-02 1.00000000000000e+05 
3.07808860628811e-02 1.00000000000000e+05 
3.08957925707358e-02 1.00000000000000e+05 
3.10110133245300e-02 1.00000000000000e+05 
3.11266059320929e-02 1.00000000000000e+05 
3.12425941572687e-02 1.00000000000000e+05 
3.13586544502701e-02 1.00000000000000e+05 
3.14746981915641e-02 1.00000000000000e+05 
3.15906575398611e-02 1.00000000000000e+05 
3.17065385520573e-02 1.00000000000000e+05 
3.18223407980601e-02 1.00000000000000e+05 
3.19380479929378e-02 1.00000000000000e+05 
3.20537407551248e-02 1.00000000000000e+05 
3.21694560584110e-02 1.00000000000000e+05 
3.22852271380559e-02 1.00000000000000e+05 
3.24010805563246e-02 1.00000000000000e+05 
3.25146864566505e-02 1.00000000000000e+05 
3.26301962132772e-02 1.00000000000000e+05 
3.27444965247973e-02 1.00000000000000e+05 
3.28597415144405e-02 1.00000000000000e+05 
3.29748232345618e-02 1.00000000000000e+05 
3.30897551357234e-02 1.00000000000000e+05 
3.32016378784866e-02 1.00000000000000e+05 
3.33163692806568e-02 1.00000000000000e+05 
3.34295963497739e-02 1.00000000000000e+05 
3.35442303814740e-02 1.00000000000000e+05 
3.36589073381222e-02 1.00000000000000e+05 
3.37736316621171e-02 1.00000000000000e+05 
3.38883966807842e-02 1.00000000000000e+05 
3.40032510015542e-02 1.00000000000000e+05 
3.41181813426675e-02 1.00000000000000e+05 
3.42331794345179e-02 1.00000000000000e+05 
3.43483190919742e-02 1.00000000000000e+05 
3.44645813762260e-02 1.00000000000000e+05 
3.45813961194651e-02 1.00000000000000e+05 
3.46984319157755e-02 1.00000000000000e+05 
3.48155835167109e-02 1.00000000000000e+05 
3.49327199870787e-02 1.00000000000000e+05 
3.50500746397234e-02 1.00000000000000e+05 
3.51675430192428e-02 1.00000000000000e+05 
3.52852038072127e-02 1.00000000000000e+05 
3.54030742981094e-02 1.00000000000000e+05 
3.55192507815151e-02 1.00000000000000e+05 
3.56377170416226e-02 1.00000000000000e+05 
3.57564611147656e-02 1.00000000000000e+05 
3.58755410755414e-02 1.00000000000000e+05 
3.59925871876045e-02 1.00000000000000e+05 
3.61123447755757e-02 1.00000000000000e+05 
3.62299971353139e-02 1.00000000000000e+05 
3.63505242535144e-02 1.00000000000000e+05 
3.64711246785677e-02 1.00000000000000e+05 
3.65918435801535e-02 1.00000000000000e+05 
3.67111668186380e-02 1.00000000000000e+05 
3.68320507381719e-02 1.00000000000000e+05 
3.69476193854132e-02 1.00000000000000e+05 
3.70670817129382e-02 1.00000000000000e+05 
3.71866652873522e-02 1.00000000000000e+05 
3.73058939045809e-02 1.00000000000000e+05 
3.74252682248736e-02 1.00000000000000e+05 
3.75448600161236e-02 1.00000000000000e+05 
3.76615866684865e-02 1.00000000000000e+05 
3.77813970195701e-02 1.00000000000000e+05 
3.79011162204760e-02 1.00000000000000e+05 
3.80211254648134e-02 1.00000000000000e+05 
3.81381435673241e-02 1.00000000000000e+05 
3.82581435681839e-02 1.00000000000000e+05 
3.83747833443158e-02 1.00000000000000e+05 
3.84947729309881e-02 1.00000000000000e+05 
3.86147092168409e-02 1.00000000000000e+05 
3.87346702221697e-02 1.00000000000000e+05 
3.88546370492556e-02 1.00000000000000e+05 
3.89733028686514e-02 1.00000000000000e+05 
3.90932859861802e-02 1.00000000000000e+05 
3.92132331850417e-02 1.00000000000000e+05 
3.93331747841039e-02 1.00000000000000e+05 
3.94532038063981e-02 1.00000000000000e+05 
3.95733085573145e-02 1.00000000000000e+05 
3.96935292260435e-02 1.00000000000000e+05 
3.98138160457782e-02 1.00000000000000e+05 
3.99341906403212e-02 1.00000000000000e+05 
4.00545990968898e-02 1.00000000000000e+05 
4.01751358766315e-02 1.00000000000000e+05 
4.02957820311009e-02 1.00000000000000e+05 
4.04165599277082e-02 1.00000000000000e+05 
4.05375547271229e-02 1.00000000000000e+05 
4.06588279596799e-02 1.00000000000000e+05 
4.07803092218618e-02 1.00000000000000e+05 
4.09020070043892e-02 1.00000000000000e+05 
4.10239924192203e-02 1.00000000000000e+05 
4.11461856280088e-02 1.00000000000000e+05 
4.12645046473593e-02 1.00000000000000e+05 
4.13817386404860e-02 1.00000000000000e+05 
4.15022981661301e-02 1.00000000000000e+05 
4.16235438148167e-02 1.00000000000000e+05 
4.17426156970508e-02 1.00000000000000e+05 
4.18638021191816e-02 1.00000000000000e+05 
4.19847996754127e-02 1.00000000000000e+05 
4.21059583180425e-02 1.00000000000000e+05 
4.22272675446837e-02 1.00000000000000e+05 
4.23489672906710e-02 1.00000000000000e+05 
4.24710425943535e-02 1.00000000000000e+05 
4.25935179091458e-02 1.00000000000000e+05 
4.27163652013262e-02 1.00000000000000e+05 
4.28394771248964e-02 1.00000000000000e+05 
4.29626645724955e-02 1.00000000000000e+05 
4.30861347402816e-02 1.00000000000000e+05 
4.32099026934324e-02 1.00000000000000e+05 
4.33340330518412e-02 1.00000000000000e+05 
4.34586619826327e-02 1.00000000000000e+05 
4.35839190010874e-02 1.00000000000000e+05 
4.37094199035539e-02 1.00000000000000e+05 
4.38351060940263e-02 1.00000000000000e+05 
4.39608399640682e-02 1.00000000000000e+05 
4.40867623320992e-02 1.00000000000000e+05 
4.42128207293529e-02 1.00000000000000e+05 
4.43385674326082e-02 1.00000000000000e+05 
4.44643294470210e-02 1.00000000000000e+05 
4.45903107313474e-02 1.00000000000000e+05 
4.47116958565678e-02 1.00000000000000e+05 
4.48381820588125e-02 1.00000000000000e+05 
4.49625867524184e-02 1.00000000000000e+05 
4.50898081535931e-02 1.00000000000000e+05 
4.52175023727277e-02 1.00000000000000e+05 
4.53457845258653e-02 1.00000000000000e+05 
4.54703417232416e-02 1.00000000000000e+05 
4.55988971050730e-02 1.00000000000000e+05 
4.57277093601997e-02 1.00000000000000e+05 
4.58570184970586e-02 1.00000000000000e+05 
4.59865720380807e-02 1.00000000000000e+05 
4.61135609086715e-02 1.00000000000000e+05 
4.62370364872649e-02 1.00000000000000e+05 
4.63627505560208e-02 1.00000000000000e+05 
4.64864441231275e-02 1.00000000000000e+05 
4.66126065902860e-02 1.00000000000000e+05 
4.67400203759078e-02 1.00000000000000e+05 
4.68674687691414e-02 1.00000000000000e+05 
4.69923123526714e-02 1.00000000000000e+05 
4.71195134256111e-02 1.00000000000000e+05 
4.72457691047553e-02 1.00000000000000e+05 
4.73730516679527e-02 1.00000000000000e+05 
4.75004300681752e-02 1.00000000000000e+05 
4.76279131111402e-02 1.00000000000000e+05 
4.77555190859857e-02 1.00000000000000e+05 
4.78833336861469e-02 1.00000000000000e+05 
4.80114880402527e-02 1.00000000000000e+05 
4.81401519258182e-02 1.00000000000000e+05 
4.82690609770012e-02 1.00000000000000e+05 
4.83983241306436e-02 1.00000000000000e+05 
4.85278569643907e-02 1.00000000000000e+05 
4.86577465678175e-02 1.00000000000000e+05 
4.87883069436938e-02 1.00000000000000e+05 
4.89197211488878e-02 1.00000000000000e+05 
4.90514380130557e-02 1.00000000000000e+05 
4.91832657365662e-02 1.00000000000000e+05 
4.93105793043685e-02 1.00000000000000e+05 
4.94425270910019e-02 1.00000000000000e+05 
4.95706739056710e-02 1.00000000000000e+05 
4.97039900422050e-02 1.00000000000000e+05 
4.98371525373577e-02 1.00000000000000e+05 
4.99710137369175e-02 1.00000000000000e+05 
5.01056716666711e-02 1.00000000000000e+05 
5.02405749675552e-02 1.00000000000000e+05 
5.03706845655460e-02 1.00000000000000e+05 
5.05009787763902e-02 1.00000000000000e+05 
5.06313787473997e-02 1.00000000000000e+05 
5.07617300203828e-02 1.00000000000000e+05 
5.08919690110987e-02 1.00000000000000e+05 
5.10220682249968e-02 1.00000000000000e+05 
5.11520511162270e-02 1.00000000000000e+05 
5.12820621078344e-02 1.00000000000000e+05 
5.14121649303203e-02 1.00000000000000e+05 
5.15424047373544e-02 1.00000000000000e+05 
5.16727273732729e-02 1.00000000000000e+05 
5.18031538853458e-02 1.00000000000000e+05 
5.19337040075624e-02 1.00000000000000e+05 
5.20644220430282e-02 1.00000000000000e+05 
5.21953095194532e-02 1.00000000000000e+05 
5.23263598714664e-02 1.00000000000000e+05 
5.24578237181005e-02 1.00000000000000e+05 
5.25895376496790e-02 1.00000000000000e+05 
5.27216396156857e-02 1.00000000000000e+05 
5.28540847212223e-02 1.00000000000000e+05 
5.29867766210125e-02 1.00000000000000e+05 
5.31200042985219e-02 1.00000000000000e+05 
5.32538283278471e-02 1.00000000000000e+05 
5.33886058110864e-02 1.00000000000000e+05 
5.35179531480660e-02 1.00000000000000e+05 
5.36533720930387e-02 1.00000000000000e+05 
5.37891264371581e-02 1.00000000000000e+05 
5.39252232010358e-02 1.00000000000000e+05 
5.40561287396497e-02 1.00000000000000e+05 
5.41928735348489e-02 1.00000000000000e+05 
5.43300241020700e-02 1.00000000000000e+05 
5.44680721973432e-02 1.00000000000000e+05 
5.46063969267716e-02 1.00000000000000e+05 
5.47451733211163e-02 1.00000000000000e+05 
5.48784520712090e-02 1.00000000000000e+05 
5.50174849954166e-02 1.00000000000000e+05 
5.51517468628593e-02 1.00000000000000e+05 
5.52910499514259e-02 1.00000000000000e+05 
5.54245295183978e-02 1.00000000000000e+05 
5.55579469808211e-02 1.00000000000000e+05 
5.56913103546646e-02 1.00000000000000e+05 
5.58246472645293e-02 1.00000000000000e+05 
5.59580857252582e-02 1.00000000000000e+05 
5.60917427141971e-02 1.00000000000000e+05 
5.62257173226097e-02 1.00000000000000e+05 
5.63600333997007e-02 1.00000000000000e+05 
5.64946857311555e-02 1.00000000000000e+05 
5.66293654579287e-02 1.00000000000000e+05 
5.67642028182553e-02 1.00000000000000e+05 
5.68993102150694e-02 1.00000000000000e+05 
5.70347640138625e-02 1.00000000000000e+05 
5.71704663358417e-02 1.00000000000000e+05 
5.73062591606556e-02 1.00000000000000e+05 
5.74422076013170e-02 1.00000000000000e+05 
5.75785221970346e-02 1.00000000000000e+05 
5.77154113219907e-02 1.00000000000000e+05 
5.78529157909956e-02 1.00000000000000e+05 
5.79913304466640e-02 1.00000000000000e+05 
5.81305719100949e-02 1.00000000000000e+05 
5.82701732331960e-02 1.00000000000000e+05 
5.84102267060071e-02 1.00000000000000e+05 
5.85463571528990e-02 1.00000000000000e+05 
5.86864404911576e-02 1.00000000000000e+05 
5.88265459650926e-02 1.00000000000000e+05 
5.89600124936998e-02 1.00000000000000e+05 
5.90970559715007e-02 1.00000000000000e+05 
5.92341044736444e-02 1.00000000000000e+05 
5.93710942118352e-02 1.00000000000000e+05 
5.95081505965451e-02 1.00000000000000e+05 
5.96453055138820e-02 1.00000000000000e+05 
5.97825479157373e-02 1.00000000000000e+05 
5.99198714064758e-02 1.00000000000000e+05 
6.00572211688332e-02 1.00000000000000e+05 
6.01946146638345e-02 1.00000000000000e+05 
6.03321420201223e-02 1.00000000000000e+05 
6.04697738978439e-02 1.00000000000000e+05 
6.06076633232706e-02 1.00000000000000e+05 
6.07459272459419e-02 1.00000000000000e+05 
6.08845973452766e-02 1.00000000000000e+05 
6.10235167050387e-02 1.00000000000000e+05 
6.11624267674987e-02 1.00000000000000e+05 
6.13014454514145e-02 1.00000000000000e+05 
6.14404982950418e-02 1.00000000000000e+05 
6.15796144996355e-02 1.00000000000000e+05 
6.17188966948276e-02 1.00000000000000e+05 
6.18584481019440e-02 1.00000000000000e+05 
6.19982671610659e-02 1.00000000000000e+05 
6.21384424429158e-02 1.00000000000000e+05 
6.22791065360136e-02 1.00000000000000e+05 
6.24205341695073e-02 1.00000000000000e+05 
6.25609372416896e-02 1.00000000000000e+05 
6.27041709686385e-02 1.00000000000000e+05 
6.28462616221049e-02 1.00000000000000e+05 
6.29896461683540e-02 1.00000000000000e+05 
6.31235655525709e-02 1.00000000000000e+05 
6.32669031296078e-02 1.00000000000000e+05 
6.34078886496722e-02 1.00000000000000e+05 
6.35516916187464e-02 1.00000000000000e+05 
6.36877879734187e-02 1.00000000000000e+05 
6.38295793826496e-02 1.00000000000000e+05 
6.39707078556322e-02 1.00000000000000e+05 
6.41118227611715e-02 1.00000000000000e+05 
6.42517500459217e-02 1.00000000000000e+05 
6.43928869247828e-02 1.00000000000000e+05 
6.45341568110646e-02 1.00000000000000e+05 
6.46756193171090e-02 1.00000000000000e+05 
6.48174100598708e-02 1.00000000000000e+05 
6.49595866381969e-02 1.00000000000000e+05 
6.51009025427523e-02 1.00000000000000e+05 
6.52434019046350e-02 1.00000000000000e+05 
6.53859622554886e-02 1.00000000000000e+05 
6.55286767413479e-02 1.00000000000000e+05 
6.56713355467077e-02 1.00000000000000e+05 
6.58140360627512e-02 1.00000000000000e+05 
6.59567923175135e-02 1.00000000000000e+05 
6.60995491698529e-02 1.00000000000000e+05 
6.62418580156348e-02 1.00000000000000e+05 
6.63845805523922e-02 1.00000000000000e+05 
6.65275757244377e-02 1.00000000000000e+05 
6.66708688417253e-02 1.00000000000000e+05 
6.68145750429684e-02 1.00000000000000e+05 
6.69599729914474e-02 1.00000000000000e+05 
6.71065060039723e-02 1.00000000000000e+05 
6.72532674438402e-02 1.00000000000000e+05 
6.74001014782248e-02 1.00000000000000e+05 
6.75455246546246e-02 1.00000000000000e+05 
6.76930530421814e-02 1.00000000000000e+05 
6.78404896513257e-02 1.00000000000000e+05 
6.79883519766350e-02 1.00000000000000e+05 
6.81364040688548e-02 1.00000000000000e+05 
6.82812768386643e-02 1.00000000000000e+05 
6.84263092254957e-02 1.00000000000000e+05 
6.85714639379056e-02 1.00000000000000e+05 
6.87143242283681e-02 1.00000000000000e+05 
6.88595945008412e-02 1.00000000000000e+05 
6.90050461213750e-02 1.00000000000000e+05 
6.91501335565461e-02 1.00000000000000e+05 
6.92952569772872e-02 1.00000000000000e+05 
6.94402059410019e-02 1.00000000000000e+05 
6.95832475514441e-02 1.00000000000000e+05 
6.97283254078852e-02 1.00000000000000e+05 
6.98736554112969e-02 1.00000000000000e+05 
7.00188699713541e-02 1.00000000000000e+05 
7.01641887362844e-02 1.00000000000000e+05 
7.03096218367157e-02 1.00000000000000e+05 
7.04550387852875e-02 1.00000000000000e+05 
7.06004596683847e-02 1.00000000000000e+05 
7.07459953232901e-02 1.00000000000000e+05 
7.08914627903126e-02 1.00000000000000e+05 
7.10384886381442e-02 1.00000000000000e+05 
7.11866581960504e-02 1.00000000000000e+05 
7.13215011682875e-02 1.00000000000000e+05 
7.14608098643041e-02 1.00000000000000e+05 
7.16054849975431e-02 1.00000000000000e+05 
7.17537313122536e-02 1.00000000000000e+05 
7.19042562529456e-02 1.00000000000000e+05 
7.20550471877399e-02 1.00000000000000e+05 
7.22065899223871e-02 1.00000000000000e+05 
7.23581148337157e-02 1.00000000000000e+05 
7.25100625854561e-02 1.00000000000000e+05 
7.26639638512485e-02 1.00000000000000e+05 
7.28175305655462e-02 1.00000000000000e+05 
7.29687379239581e-02 1.00000000000000e+05 
7.31191264758093e-02 1.00000000000000e+05 
7.32678416360093e-02 1.00000000000000e+05 
7.34168138205177e-02 1.00000000000000e+05 
7.35661266668142e-02 1.00000000000000e+05 
7.37158864917062e-02 1.00000000000000e+05 
7.38660208106192e-02 1.00000000000000e+05 
7.40163942800337e-02 1.00000000000000e+05 
7.41669292510637e-02 1.00000000000000e+05 
7.43168764179838e-02 1.00000000000000e+05 
7.44666593864553e-02 1.00000000000000e+05 
7.46167721718303e-02 1.00000000000000e+05 
7.47672723265626e-02 1.00000000000000e+05 
7.49180665019339e-02 1.00000000000000e+05 
7.50686142810423e-02 1.00000000000000e+05 
7.52195939188073e-02 1.00000000000000e+05 
7.53710670978777e-02 1.00000000000000e+05 
7.55230073407467e-02 1.00000000000000e+05 
7.56754286898633e-02 1.00000000000000e+05 
7.58282887151756e-02 1.00000000000000e+05 
7.59812813700645e-02 1.00000000000000e+05 
7.61350785998422e-02 1.00000000000000e+05 
7.62896806987603e-02 1.00000000000000e+05 
7.64442921241047e-02 1.00000000000000e+05 
7.65996144029338e-02 1.00000000000000e+05 
7.67552804203852e-02 1.00000000000000e+05 
7.69111884768778e-02 1.00000000000000e+05 
7.70676994105534e-02 1.00000000000000e+05 
7.72242722737727e-02 1.00000000000000e+05 
7.73820153661221e-02 1.00000000000000e+05 
7.75400098938575e-02 1.00000000000000e+05 
7.76990789274992e-02 1.00000000000000e+05 
7.78527710797015e-02 1.00000000000000e+05 
7.80066347341461e-02 1.00000000000000e+05 
7.81605733539674e-02 1.00000000000000e+05 
7.83146453895589e-02 1.00000000000000e+05 
7.84687448126285e-02 1.00000000000000e+05 
7.86229413969824e-02 1.00000000000000e+05 
7.87772531673725e-02 1.00000000000000e+05 
7.89317085250627e-02 1.00000000000000e+05 
7.90862095717784e-02 1.00000000000000e+05 
7.92408649990354e-02 1.00000000000000e+05 
7.93956610040453e-02 1.00000000000000e+05 
7.95506122831156e-02 1.00000000000000e+05 
7.97057666227074e-02 1.00000000000000e+05 
7.98611478258901e-02 1.00000000000000e+05 
8.00166949678958e-02 1.00000000000000e+05 
8.01725349041388e-02 1.00000000000000e+05 
8.03287186818350e-02 1.00000000000000e+05 
8.04853273954526e-02 1.00000000000000e+05 
8.06424004585461e-02 1.00000000000000e+05 
8.08000436210471e-02 1.00000000000000e+05 
8.09582531145109e-02 1.00000000000000e+05 
8.11170961625798e-02 1.00000000000000e+05 
8.12767564182174e-02 1.00000000000000e+05 
8.14366960166999e-02 1.00000000000000e+05 
8.15967816777280e-02 1.00000000000000e+05 
8.17571084478753e-02 1.00000000000000e+05 
8.19133125801819e-02 1.00000000000000e+05 
8.20735727406286e-02 1.00000000000000e+05 
8.22340562641141e-02 1.00000000000000e+05 
8.23950839286974e-02 1.00000000000000e+05 
8.25571454237969e-02 1.00000000000000e+05 
8.27205935286982e-02 1.00000000000000e+05 
8.28839606590503e-02 1.00000000000000e+05 
8.30414941431483e-02 1.00000000000000e+05 
8.31961580774220e-02 1.00000000000000e+05 
8.33540841762906e-02 1.00000000000000e+05 
8.35121913151005e-02 1.00000000000000e+05 
8.36704100448415e-02 1.00000000000000e+05 
8.38287006457969e-02 1.00000000000000e+05 
8.39869432464325e-02 1.00000000000000e+05 
8.41455302659256e-02 1.00000000000000e+05 
8.43029690582228e-02 1.00000000000000e+05 
8.44617714795476e-02 1.00000000000000e+05 
8.46194274343061e-02 1.00000000000000e+05 
8.47782549089886e-02 1.00000000000000e+05 
8.49361467192486e-02 1.00000000000000e+05 
8.50951715985313e-02 1.00000000000000e+05 
8.52544613081008e-02 1.00000000000000e+05 
8.54140657707325e-02 1.00000000000000e+05 
8.55740348944410e-02 1.00000000000000e+05 
8.57343058838429e-02 1.00000000000000e+05 
8.58817277997741e-02 1.00000000000000e+05 
8.60376496851879e-02 1.00000000000000e+05 
8.61878298406274e-02 1.00000000000000e+05 
8.63465569599793e-02 1.00000000000000e+05 
8.65019273782743e-02 1.00000000000000e+05 
8.66523980643563e-02 1.00000000000000e+05 
8.67928139975703e-02 1.00000000000000e+05 
8.69388588023444e-02 1.00000000000000e+05 
8.70932016565594e-02 1.00000000000000e+05 
8.72534079902351e-02 1.00000000000000e+05 
8.74141459480737e-02 1.00000000000000e+05 
8.75689693792110e-02 1.00000000000000e+05 
8.77268882727801e-02 1.00000000000000e+05 
8.78620473897694e-02 1.00000000000000e+05 
8.80024299446043e-02 1.00000000000000e+05 
8.81486549332340e-02 1.00000000000000e+05 
8.83017846255107e-02 1.00000000000000e+05 
8.84599592731243e-02 1.00000000000000e+05 
8.86067394519251e-02 1.00000000000000e+05 
8.87430682783204e-02 1.00000000000000e+05 
8.88851154034644e-02 1.00000000000000e+05 
8.90262145123897e-02 1.00000000000000e+05 
8.91721956743515e-02 1.00000000000000e+05 
8.93102945418420e-02 1.00000000000000e+05 
8.94544367920910e-02 1.00000000000000e+05 
8.96052094821436e-02 1.00000000000000e+05 
8.97463152120182e-02 1.00000000000000e+05 
8.98942933687344e-02 1.00000000000000e+05 
9.00388974342872e-02 1.00000000000000e+05 
9.01733934782112e-02 1.00000000000000e+05 
9.03165472250896e-02 1.00000000000000e+05 
9.04524823289075e-02 1.00000000000000e+05 
9.05977758814472e-02 1.00000000000000e+05 
9.07433662722347e-02 1.00000000000000e+05 
9.08957422940171e-02 1.00000000000000e+05 
9.10271870492268e-02 1.00000000000000e+05 
9.11660220614488e-02 1.00000000000000e+05 
9.13128694406986e-02 1.00000000000000e+05 
9.14671219307512e-02 1.00000000000000e+05 
9.16107138815778e-02 1.00000000000000e+05 
9.17546518485215e-02 1.00000000000000e+05 
9.19105342649797e-02 1.00000000000000e+05 
9.20531875290022e-02 1.00000000000000e+05 
9.22025536532505e-02 1.00000000000000e+05 
9.23564812572167e-02 1.00000000000000e+05 
9.25186368122606e-02 1.00000000000000e+05 
9.26862824360800e-02 1.00000000000000e+05 
9.28169662747284e-02 1.00000000000000e+05 
9.29559779588308e-02 1.00000000000000e+05 
9.30891625242819e-02 1.00000000000000e+05 
9.32306196599227e-02 1.00000000000000e+05 
9.33713643126766e-02 1.00000000000000e+05 
9.35210896882715e-02 1.00000000000000e+05 
9.36568023562415e-02 1.00000000000000e+05 
9.38037437088817e-02 1.00000000000000e+05 
9.39420537897396e-02 1.00000000000000e+05 
9.40935010315838e-02 1.00000000000000e+05 
9.42302802627313e-02 1.00000000000000e+05 
9.43724691579542e-02 1.00000000000000e+05 
9.45217641262632e-02 1.00000000000000e+05 
9.46796935886037e-02 1.00000000000000e+05 
9.48452843128408e-02 1.00000000000000e+05 
9.50102282554214e-02 1.00000000000000e+05 
9.51753595275717e-02 1.00000000000000e+05 
9.53407018731513e-02 1.00000000000000e+05 
9.55061710542517e-02 1.00000000000000e+05 
9.56718870898659e-02 1.00000000000000e+05 
9.58377704657504e-02 1.00000000000000e+05 
9.60038048563122e-02 1.00000000000000e+05 
9.61699660203495e-02 1.00000000000000e+05 
9.63360988114262e-02 1.00000000000000e+05 
9.65021646571477e-02 1.00000000000000e+05 
9.66682619928953e-02 1.00000000000000e+05 
9.68344808146521e-02 1.00000000000000e+05 
9.70009770744365e-02 1.00000000000000e+05 
9.71677735294680e-02 1.00000000000000e+05 
9.73349180004974e-02 1.00000000000000e+05 
9.75023083532220e-02 1.00000000000000e+05 
9.76700098920305e-02 1.00000000000000e+05 
9.78380209350197e-02 1.00000000000000e+05 
9.80063570549135e-02 1.00000000000000e+05 
9.81750474816644e-02 1.00000000000000e+05 
9.83438878892388e-02 1.00000000000000e+05 
9.85127298476525e-02 1.00000000000000e+05 
9.86815733533660e-02 1.00000000000000e+05 
9.88504095783965e-02 1.00000000000000e+05 
9.90192774897894e-02 1.00000000000000e+05 
9.91881956998992e-02 1.00000000000000e+05 
9.93571481899706e-02 1.00000000000000e+05 
9.95261126350577e-02 1.00000000000000e+05 
9.96950700466315e-02 1.00000000000000e+05 
9.98640193797368e-02 1.00000000000000e+05 
1.00033001368397e-01 1.00000000000000e+05 
1.00202033081667e-01 1.00000000000000e+05 
1.00371092922315e-01 1.00000000000000e+05 
1.00540144667070e-01 1.00000000000000e+05 
1.00709178867814e-01 1.00000000000000e+05 
1.00878198729844e-01 1.00000000000000e+05 
1.01047249467241e-01 1.00000000000000e+05 
1.01216348331781e-01 1.00000000000000e+05 
1.01385479208731e-01 1.00000000000000e+05 
1.01553661295980e-01 1.00000000000000e+05 
1.01721985780278e-01 1.00000000000000e+05 
1.01890488583028e-01 1.00000000000000e+05 
1.02059198791853e-01 1.00000000000000e+05 
1.02228081441034e-01 1.00000000000000e+05 
1.02397101042257e-01 1.00000000000000e+05 
1.02566191239461e-01 1.00000000000000e+05 
1.02735340026737e-01 1.00000000000000e+05 
1.02904485768225e-01 1.00000000000000e+05 
1.03073695876496e-01 1.00000000000000e+05 
1.03242932088081e-01 1.00000000000000e+05 
1.03412178900570e-01 1.00000000000000e+05 
1.03581421689557e-01 1.00000000000000e+05 
1.03750647280053e-01 1.00000000000000e+05 
1.03919866122476e-01 1.00000000000000e+05 
1.04089111781751e-01 1.00000000000000e+05 
1.04258397308935e-01 1.00000000000000e+05 
1.04427708842333e-01 1.00000000000000e+05 
1.04597033788702e-01 1.00000000000000e+05 
1.04766352104207e-01 1.00000000000000e+05 
1.04935663261441e-01 1.00000000000000e+05 
1.05104985250156e-01 1.00000000000000e+05 
1.05274339183283e-01 1.00000000000000e+05 
1.05443710452677e-01 1.00000000000000e+05 
1.05613082436713e-01 1.00000000000000e+05 
1.05782442040811e-01 1.00000000000000e+05 
1.05951788742538e-01 1.00000000000000e+05 
1.06121147673269e-01 1.00000000000000e+05 
1.06290539575910e-01 1.00000000000000e+05 
1.06459952179700e-01 1.00000000000000e+05 
1.06629362636918e-01 1.00000000000000e+05 
1.06798756478347e-01 1.00000000000000e+05 
1.06968133282766e-01 1.00000000000000e+05 
1.07137518966525e-01 1.00000000000000e+05 
1.07306932397169e-01 1.00000000000000e+05 
1.07476365701462e-01 1.00000000000000e+05 
1.07645793212590e-01 1.00000000000000e+05 
1.07815187190206e-01 1.00000000000000e+05 
1.07984563970816e-01 1.00000000000000e+05 
1.08153956007557e-01 1.00000000000000e+05 
1.08323368114792e-01 1.00000000000000e+05 
1.08492794482580e-01 1.00000000000000e+05 
1.08662206774650e-01 1.00000000000000e+05 
1.08831596521328e-01 1.00000000000000e+05 
1.09000967315195e-01 1.00000000000000e+05 
1.09170346910349e-01 1.00000000000000e+05 
1.09339751442360e-01 1.00000000000000e+05 
1.09509171359640e-01 1.00000000000000e+05 
1.09678576027653e-01 1.00000000000000e+05 
1.09847957946800e-01 1.00000000000000e+05 
1.10017321283907e-01 1.00000000000000e+05 
1.10186697663382e-01 1.00000000000000e+05 
1.10356104611362e-01 1.00000000000000e+05 
1.10525534244108e-01 1.00000000000000e+05 
1.10694954360489e-01 1.00000000000000e+05 
1.10864357078895e-01 1.00000000000000e+05 
1.11033747653888e-01 1.00000000000000e+05 
1.11203163078219e-01 1.00000000000000e+05 
1.11372617930054e-01 1.00000000000000e+05 
1.11542104531753e-01 1.00000000000000e+05 
1.11711584733071e-01 1.00000000000000e+05 
1.11881050404937e-01 1.00000000000000e+05 
1.12050508269832e-01 1.00000000000000e+05 
1.12219998438861e-01 1.00000000000000e+05 
1.12389533511252e-01 1.00000000000000e+05 
1.12559105438162e-01 1.00000000000000e+05 
1.12728674343696e-01 1.00000000000000e+05 
1.12898236728767e-01 1.00000000000000e+05 
1.13067806534965e-01 1.00000000000000e+05 
1.13237432379039e-01 1.00000000000000e+05 
1.13407122568654e-01 1.00000000000000e+05 
1.13576860233664e-01 1.00000000000000e+05 
1.13746595243047e-01 1.00000000000000e+05 
1.13916323245258e-01 1.00000000000000e+05 
1.14062181216458e-01 1.00000000000000e+05 
1.14222624984779e-01 1.00000000000000e+05 
1.14365620492529e-01 1.00000000000000e+05 
1.14522145406128e-01 1.00000000000000e+05 
1.14660591898681e-01 1.00000000000000e+05 
1.14810982782896e-01 1.00000000000000e+05 
1.14961376337080e-01 1.00000000000000e+05 
1.15117973555541e-01 1.00000000000000e+05 
1.15269314254364e-01 1.00000000000000e+05 
1.15429389297572e-01 1.00000000000000e+05 
1.15577245300317e-01 1.00000000000000e+05 
1.15734064619826e-01 1.00000000000000e+05 
1.15882291472275e-01 1.00000000000000e+05 
1.16032564023063e-01 1.00000000000000e+05 
1.16184376024550e-01 1.00000000000000e+05 
1.16343367609493e-01 1.00000000000000e+05 
1.16493700372328e-01 1.00000000000000e+05 
1.16655809726060e-01 1.00000000000000e+05 
1.16788364998763e-01 1.00000000000000e+05 
1.16930454392215e-01 1.00000000000000e+05 
1.17069129576032e-01 1.00000000000000e+05 
1.17216719325092e-01 1.00000000000000e+05 
1.17353500955418e-01 1.00000000000000e+05 
1.17501508710742e-01 1.00000000000000e+05 
1.17640870740374e-01 1.00000000000000e+05 
1.17793298170647e-01 1.00000000000000e+05 
1.17940358743999e-01 1.00000000000000e+05 
1.18100338847309e-01 1.00000000000000e+05 
1.18245143370313e-01 1.00000000000000e+05 
1.18398677153639e-01 1.00000000000000e+05 
1.18554462650809e-01 1.00000000000000e+05 
1.18716539944506e-01 1.00000000000000e+05 
1.18879371305333e-01 1.00000000000000e+05 
1.19049787489827e-01 1.00000000000000e+05 
1.19207877867585e-01 1.00000000000000e+05 
1.19375235316817e-01 1.00000000000000e+05 
1.19523233052120e-01 1.00000000000000e+05 
1.19678283936436e-01 1.00000000000000e+05 
1.19840486598112e-01 1.00000000000000e+05 
1.20010894038590e-01 1.00000000000000e+05 
1.20172764869334e-01 1.00000000000000e+05 
1.20341443991660e-01 1.00000000000000e+05 
1.20489960868885e-01 1.00000000000000e+05 
1.20646717148392e-01 1.00000000000000e+05 
1.20811515433759e-01 1.00000000000000e+05 
1.20982124271541e-01 1.00000000000000e+05 
1.21145487903528e-01 1.00000000000000e+05 
1.21316067196542e-01 1.00000000000000e+05 
1.21480780899003e-01 1.00000000000000e+05 
1.21648940186387e-01 1.00000000000000e+05 
1.21811049105823e-01 1.00000000000000e+05 
1.21981752889025e-01 1.00000000000000e+05 
1.22148331998016e-01 1.00000000000000e+05 
1.22312975843963e-01 1.00000000000000e+05 
1.22479843756154e-01 1.00000000000000e+05 
1.22648751039762e-01 1.00000000000000e+05 
1.22815693554012e-01 1.00000000000000e+05 
1.22977262294548e-01 1.00000000000000e+05 
1.23148054764925e-01 1.00000000000000e+05 
1.23318838373752e-01 1.00000000000000e+05 
1.23483771928599e-01 1.00000000000000e+05 
1.23654601244080e-01 1.00000000000000e+05 
1.23824730132417e-01 1.00000000000000e+05 
1.23995586259910e-01 1.00000000000000e+05 
1.24161335759118e-01 1.00000000000000e+05 
1.24332184540394e-01 1.00000000000000e+05 
1.24498719935889e-01 1.00000000000000e+05 
1.24669603399248e-01 1.00000000000000e+05 
1.24830751505436e-01 1.00000000000000e+05 
1.24998199335844e-01 1.00000000000000e+05 
1.25165944908398e-01 1.00000000000000e+05 
1.25336858575468e-01 1.00000000000000e+05 
1.25494129208963e-01 1.00000000000000e+05 
1.25656866151619e-01 1.00000000000000e+05 
1.25826708537824e-01 1.00000000000000e+05 
1.25997664731448e-01 1.00000000000000e+05 
1.26155168316777e-01 1.00000000000000e+05 
1.26318910742301e-01 1.00000000000000e+05 
1.26489897301216e-01 1.00000000000000e+05 
1.26646324548438e-01 1.00000000000000e+05 
1.26806540520152e-01 1.00000000000000e+05 
1.26971825242372e-01 1.00000000000000e+05 
1.27128110713057e-01 1.00000000000000e+05 
1.27294907083655e-01 1.00000000000000e+05 
1.27441190071230e-01 1.00000000000000e+05 
1.27598600983001e-01 1.00000000000000e+05 
1.27765221119654e-01 1.00000000000000e+05 
1.27924029242955e-01 1.00000000000000e+05 
1.28085658420362e-01 1.00000000000000e+05 
1.28243804743820e-01 1.00000000000000e+05 
1.28407261841583e-01 1.00000000000000e+05 
1.28566814871537e-01 1.00000000000000e+05 
1.28735517948882e-01 1.00000000000000e+05 
1.28906645160979e-01 1.00000000000000e+05 
1.29073829575012e-01 1.00000000000000e+05 
1.29245003381269e-01 1.00000000000000e+05 
1.29416168253177e-01 1.00000000000000e+05 
1.29587318203406e-01 1.00000000000000e+05 
1.29748800418509e-01 1.00000000000000e+05 
1.29915898991306e-01 1.00000000000000e+05 
1.30087095437117e-01 1.00000000000000e+05 
1.30258325163409e-01 1.00000000000000e+05 
1.30429543559031e-01 1.00000000000000e+05 
1.30600750396500e-01 1.00000000000000e+05 
1.30772013892940e-01 1.00000000000000e+05 
1.30943254409925e-01 1.00000000000000e+05 
1.31114518768687e-01 1.00000000000000e+05 
1.31285821093336e-01 1.00000000000000e+05 
1.31457108787536e-01 1.00000000000000e+05 
1.31628381949447e-01 1.00000000000000e+05 
1.31799709451919e-01 1.00000000000000e+05 
1.31971016305820e-01 1.00000000000000e+05 
1.32142349266772e-01 1.00000000000000e+05 
1.32313723252036e-01 1.00000000000000e+05 
1.32485081801885e-01 1.00000000000000e+05 
1.32656429825975e-01 1.00000000000000e+05 
1.32827835391637e-01 1.00000000000000e+05 
1.32999227875403e-01 1.00000000000000e+05 
1.33170648757225e-01 1.00000000000000e+05 
1.33342111580479e-01 1.00000000000000e+05 
1.33513559653610e-01 1.00000000000000e+05 
1.33685003433785e-01 1.00000000000000e+05 
1.33846613858389e-01 1.00000000000000e+05 
1.34018115335045e-01 1.00000000000000e+05 
1.34189630514342e-01 1.00000000000000e+05 
1.34361183562114e-01 1.00000000000000e+05 
1.34532733533910e-01 1.00000000000000e+05 
1.34704279496400e-01 1.00000000000000e+05 
1.34875862146168e-01 1.00000000000000e+05 
1.35047458121731e-01 1.00000000000000e+05 
1.35219064544400e-01 1.00000000000000e+05 
1.35390718597180e-01 1.00000000000000e+05 
1.35562370570743e-01 1.00000000000000e+05 
1.35734015042146e-01 1.00000000000000e+05 
1.35905696331666e-01 1.00000000000000e+05 
1.36077388014206e-01 1.00000000000000e+05 
1.36249091200182e-01 1.00000000000000e+05 
1.36420843066981e-01 1.00000000000000e+05 
1.36592591543981e-01 1.00000000000000e+05 
1.36764331344088e-01 1.00000000000000e+05 
1.36936108515982e-01 1.00000000000000e+05 
1.37107893346539e-01 1.00000000000000e+05 
1.37279690669102e-01 1.00000000000000e+05 
1.37451537167631e-01 1.00000000000000e+05 
1.37623377643283e-01 1.00000000000000e+05 
1.37795209081774e-01 1.00000000000000e+05 
1.37967079219000e-01 1.00000000000000e+05 
1.38138954101908e-01 1.00000000000000e+05 
1.38310842805217e-01 1.00000000000000e+05 
1.38482780402065e-01 1.00000000000000e+05 
1.38654709754741e-01 1.00000000000000e+05 
1.38826629174168e-01 1.00000000000000e+05 
1.38998587216282e-01 1.00000000000000e+05 
1.39170545717498e-01 1.00000000000000e+05 
1.39342521193842e-01 1.00000000000000e+05 
1.39514532683574e-01 1.00000000000000e+05 
1.39686543155789e-01 1.00000000000000e+05 
1.39858538106023e-01 1.00000000000000e+05 
1.40030565487647e-01 1.00000000000000e+05 
1.40202595869882e-01 1.00000000000000e+05 
1.40374640503296e-01 1.00000000000000e+05 
1.40546697524683e-01 1.00000000000000e+05 
1.40718755088808e-01 1.00000000000000e+05 
1.40890812800719e-01 1.00000000000000e+05 
1.41062885761765e-01 1.00000000000000e+05 
1.41234981977986e-01 1.00000000000000e+05 
1.41407069687097e-01 1.00000000000000e+05 
1.41579170796297e-01 1.00000000000000e+05 
1.41751271521746e-01 1.00000000000000e+05 
1.41923370476726e-01 1.00000000000000e+05 
1.42095485655984e-01 1.00000000000000e+05 
1.42267623520020e-01 1.00000000000000e+05 
1.42439751360115e-01 1.00000000000000e+05 
1.42611895262507e-01 1.00000000000000e+05 
1.42782290163206e-01 1.00000000000000e+05 
1.42954433488281e-01 1.00000000000000e+05 
1.43126594840899e-01 1.00000000000000e+05 
1.43298778784328e-01 1.00000000000000e+05 
1.43470952519070e-01 1.00000000000000e+05 
1.43643144120827e-01 1.00000000000000e+05 
1.43815336680112e-01 1.00000000000000e+05 
1.43987527729608e-01 1.00000000000000e+05 
1.44159737042131e-01 1.00000000000000e+05 
1.44331963205428e-01 1.00000000000000e+05 
1.44500524192343e-01 1.00000000000000e+05 
1.44672758053489e-01 1.00000000000000e+05 
1.44841359473440e-01 1.00000000000000e+05 
1.45013590321729e-01 1.00000000000000e+05 
1.45185839470327e-01 1.00000000000000e+05 
1.45358098506396e-01 1.00000000000000e+05 
1.45530350534372e-01 1.00000000000000e+05 
1.45702621007383e-01 1.00000000000000e+05 
1.45874889946878e-01 1.00000000000000e+05 
1.46047152868356e-01 1.00000000000000e+05 
1.46219436107417e-01 1.00000000000000e+05 
1.46391725229899e-01 1.00000000000000e+05 
1.46564012008685e-01 1.00000000000000e+05 
1.46736318983074e-01 1.00000000000000e+05 
1.46908624050292e-01 1.00000000000000e+05 
1.47080919641567e-01 1.00000000000000e+05 
1.47253235982219e-01 1.00000000000000e+05 
1.47425553711476e-01 1.00000000000000e+05 
1.47597872110986e-01 1.00000000000000e+05 
1.47754698830436e-01 1.00000000000000e+05 
1.47918254997691e-01 1.00000000000000e+05 
1.48084789931292e-01 1.00000000000000e+05 
1.48253646210033e-01 1.00000000000000e+05 
1.48422631174257e-01 1.00000000000000e+05 
1.48592966034238e-01 1.00000000000000e+05 
1.48763484850922e-01 1.00000000000000e+05 
1.48933879768301e-01 1.00000000000000e+05 
1.49104239972671e-01 1.00000000000000e+05 
1.49274949258924e-01 1.00000000000000e+05 
1.49445659126209e-01 1.00000000000000e+05 
1.49616875768266e-01 1.00000000000000e+05 
1.49788212935547e-01 1.00000000000000e+05 
1.49959482596615e-01 1.00000000000000e+05 
1.50130657336112e-01 1.00000000000000e+05 
1.50301970783459e-01 1.00000000000000e+05 
1.50473263101300e-01 9.99999999999998e+04 
1.50644854784330e-01 1.00000000000090e+05 
1.50816536302115e-01 1.00000000003335e+05 
1.50988182436324e-01 1.00000000014746e+05 
1.51159747188536e-01 1.00000000038406e+05 
1.51331400383687e-01 1.00000000079310e+05 
1.51503032426068e-01 1.00000000252684e+05 
1.51674881397123e-01 1.00000000450580e+05 
1.51846806279992e-01 1.00000000667344e+05 
1.52018712502639e-01 1.00000000895755e+05 
1.52190548011196e-01 1.00000001129593e+05 
1.52362446744148e-01 1.00000001342627e+05 
1.52534325540562e-01 1.00000001562611e+05 
1.52706332405520e-01 1.00000001756878e+05 
1.52878340077103e-01 1.00000001861312e+05 
1.53050349684100e-01 1.00000001998164e+05 
1.53222373450795e-01 1.00000002224401e+05 
1.53394397171079e-01 1.00000002585381e+05 
1.53566422037013e-01 1.00000003226664e+05 
1.53738455471455e-01 1.00000004133572e+05 
1.53910492345295e-01 1.00000005223878e+05 
1.54082532843277e-01 1.00000006744037e+05 
1.54254586321178e-01 1.00000008756199e+05 
1.54426641640599e-01 1.00000011324558e+05 
1.54598699070336e-01 1.00000014495536e+05 
1.54757740269166e-01 1.00000018027432e+05 
1.54929813520070e-01 1.00000022571838e+05 
1.55072197919093e-01 1.00000026924934e+05 
1.55228820758020e-01 1.00000032417105e+05 
1.55373211942708e-01 1.00000038132036e+05 
1.55524308655828e-01 1.00000044811624e+05 
1.55660298744345e-01 1.00000051449273e+05 
1.55809887841714e-01 1.00000059427054e+05 
1.55951974025155e-01 1.00000067661929e+05 
1.56107205034056e-01 1.00000077384105e+05 
1.56259307856269e-01 1.00000087603891e+05 
1.56415083408739e-01 1.00000098742596e+05 
1.56563602294949e-01 1.00000109928709e+05 
1.56721687304735e-01 1.00000122333880e+05 
1.56856662304631e-01 1.00000133253744e+05 
1.56995825920961e-01 1.00000144812772e+05 
1.57133485664463e-01 1.00000156438890e+05 
1.57276589693751e-01 1.00000168692000e+05 
1.57423477137850e-01 1.00000181326114e+05 
1.57580238008569e-01 1.00000194765468e+05 
1.57715578537632e-01 1.00000206190076e+05 
1.57856082505868e-01 1.00000217962302e+05 
1.58002651153605e-01 1.00000230085696e+05 
1.58156876368995e-01 1.00000243007000e+05 
1.58293322088312e-01 1.00000254439656e+05 
1.58435565285355e-01 1.00000266404138e+05 
1.58572697107911e-01 1.00000277794303e+05 
1.58715971927581e-01 1.00000289816444e+05 
1.58857487330015e-01 1.00000303055691e+05 
1.59006018063018e-01 1.00000319777291e+05 
1.59144583201223e-01 1.00000337809443e+05 
1.59290170614249e-01 1.00000359794067e+05 
1.59430110603788e-01 1.00000383726012e+05 
1.59577353936612e-01 1.00000414600254e+05 
1.59723599263437e-01 1.00000451740635e+05 
1.59878333819029e-01 1.00000502102461e+05 
1.60020352820116e-01 1.00000560382410e+05 
1.60172226666094e-01 1.00000653593502e+05 
1.60304489912677e-01 1.00000765253897e+05 
1.60443686629305e-01 1.00000925545473e+05 
1.60590321372767e-01 1.00001152753106e+05 
1.60746111491882e-01 1.00001473230653e+05 
1.60880976319936e-01 1.00001834704349e+05 
1.61024348045245e-01 1.00002316398399e+05 
1.61161064743442e-01 1.00002878943222e+05 
1.61307371323651e-01 1.00003612757998e+05 
1.61453708471586e-01 1.00004503477998e+05 
1.61610926569354e-01 1.00005664174921e+05 
1.61751952146640e-01 1.00006904740220e+05 
1.61903540632964e-01 1.00008476216901e+05 
1.62048746410558e-01 1.00010242514088e+05 
1.62200847303846e-01 1.00012397919506e+05 
1.62343466931278e-01 1.00014730908308e+05 
1.62492925150565e-01 1.00017530712574e+05 
1.62639538281534e-01 1.00020678160195e+05 
1.62792846960943e-01 1.00024427603105e+05 
1.62940475031879e-01 1.00028492000508e+05 
1.63095120548621e-01 1.00033262945205e+05 
1.63248477954941e-01 1.00038565515451e+05 
1.63409595827361e-01 1.00044796379095e+05 
1.63558833809607e-01 1.00051201703562e+05 
1.63716404210768e-01 1.00058656006910e+05 
1.63855748195429e-01 1.00065866004691e+05 
1.64008927428770e-01 1.00074491687153e+05 
1.64141165939124e-01 1.00082549502931e+05 
1.64279160644404e-01 1.00091583842629e+05 
1.64417857254025e-01 1.00101323412566e+05 
1.64564793843645e-01 1.00112370117589e+05 
1.64718517137600e-01 1.00124743435923e+05 
1.64879958322048e-01 1.00138659689349e+05 
1.65035510039416e-01 1.00152970095279e+05 
1.65199448775931e-01 1.00169016753044e+05 
1.65360567859545e-01 1.00185752521118e+05 
1.65530834285820e-01 1.00204458625612e+05 
1.65663548208856e-01 1.00219773115127e+05 
1.65800184541105e-01 1.00236196548546e+05 
1.65942586255606e-01 1.00254006353590e+05 
1.66091284952165e-01 1.00273332237975e+05 
1.66231675287237e-01 1.00292253775284e+05 
1.66378319188510e-01 1.00312680545366e+05 
1.66519569849654e-01 1.00332975125481e+05 
1.66667360460223e-01 1.00354815271963e+05 
1.66813808566818e-01 1.00377015249284e+05 
1.66967595450078e-01 1.00400870056449e+05 
1.67110332607763e-01 1.00423482264933e+05 
1.67260741908904e-01 1.00447762653414e+05 
1.67394059108430e-01 1.00469606582844e+05 
1.67531976354395e-01 1.00492470289500e+05 
1.67675301869992e-01 1.00516470223351e+05 
1.67825308447391e-01 1.00541813453685e+05 
1.67971606360958e-01 1.00566662470937e+05 
1.68125890468436e-01 1.00592875932096e+05 
1.68274845664811e-01 1.00618095975276e+05 
1.68430095418356e-01 1.00644213218023e+05 
1.68584750605715e-01 1.00669899168466e+05 
1.68743938908112e-01 1.00695914567804e+05 
1.68897798757761e-01 1.00720551484529e+05 
1.69060939399239e-01 1.00746046941077e+05 
1.69194946113560e-01 1.00766432629936e+05 
1.69334904796076e-01 1.00787069299994e+05 
1.69481733082549e-01 1.00807931490287e+05 
1.69636452039839e-01 1.00828816520192e+05 
1.69772092948665e-01 1.00846251804810e+05 
1.69914496917203e-01 1.00863550232661e+05 
1.70051550654244e-01 1.00879241367329e+05 
1.70195473705988e-01 1.00894690551389e+05 
1.70338415121726e-01 1.00908856309986e+05 
1.70489530581720e-01 1.00921902358597e+05 
1.70628567181660e-01 1.00932696702581e+05 
1.70776863310051e-01 1.00942698035524e+05 
1.70917701924756e-01 1.00952563527073e+05 
1.71068901942286e-01 1.00960145725633e+05 
1.71217211555606e-01 1.00965083136781e+05 
1.71373782134288e-01 1.00968067693051e+05 
1.71518855935261e-01 1.00969128066504e+05 
1.71673627228374e-01 1.00968759434242e+05 
1.71823771128751e-01 1.00966513487455e+05 
1.71963711467643e-01 1.00963410896731e+05 
1.72103989375617e-01 1.00960306697189e+05 
1.72249550199213e-01 1.00956845949373e+05 
1.72401687006671e-01 1.00953145195972e+05 
1.72562166392021e-01 1.00948872918551e+05 
1.72707926491347e-01 1.00944620462580e+05 
1.72861098947358e-01 1.00939661903777e+05 
1.73013244968006e-01 1.00934242229171e+05 
1.73173142844583e-01 1.00927918243551e+05 
1.73321243865643e-01 1.00921724081457e+05 
1.73477910767258e-01 1.00914600677786e+05 
1.73614368740185e-01 1.00908173349688e+05 
1.73755313416949e-01 1.00901146314855e+05 
1.73901914524725e-01 1.00893459731348e+05 
1.74055515616801e-01 1.00884815317377e+05 
1.74192310041811e-01 1.00876705484556e+05 
1.74335434977861e-01 1.00867834675510e+05 
1.74484417893800e-01 1.00858347391017e+05 
1.74640157793550e-01 1.00847940069094e+05 
1.74793758269350e-01 1.00837230719842e+05 
1.74954223200616e-01 1.00825453903095e+05 
1.75118426253736e-01 1.00812968055364e+05 
1.75289931327921e-01 1.00799479414901e+05 
1.75440792221969e-01 1.00787307923650e+05 
1.75596880494087e-01 1.00774358859110e+05 
1.75760677145572e-01 1.00760428279805e+05 
1.75931833836879e-01 1.00745158854705e+05 
1.76084065584133e-01 1.00731202376569e+05 
1.76242646709984e-01 1.00716385282036e+05 
1.76380828601444e-01 1.00703612642508e+05 
1.76525949303986e-01 1.00690003936067e+05 
1.76679019591576e-01 1.00675489141074e+05 
1.76841082228226e-01 1.00659504585893e+05 
1.76981449214712e-01 1.00645561732504e+05 
1.77130236623643e-01 1.00630780100320e+05 
1.77287981010612e-01 1.00615550074090e+05 
1.77455468994196e-01 1.00599282635052e+05 
1.77606401873121e-01 1.00584570908056e+05 
1.77768657469067e-01 1.00568308053232e+05 
1.77914358747917e-01 1.00553730208199e+05 
1.78073892328220e-01 1.00537910869308e+05 
1.78223316490511e-01 1.00523636706910e+05 
1.78382934776304e-01 1.00508516232825e+05 
1.78551628547842e-01 1.00492729201978e+05 
1.78696850617918e-01 1.00478687144177e+05 
1.78848625379434e-01 1.00464089293436e+05 
1.79008289265789e-01 1.00448951650879e+05 
1.79149548131152e-01 1.00436044610868e+05 
1.79296849802318e-01 1.00422750455494e+05 
1.79450210513347e-01 1.00409027675485e+05 
1.79611234324282e-01 1.00394166586528e+05 
1.79743555116814e-01 1.00381900031833e+05 
1.79881729838337e-01 1.00369188587399e+05 
1.80026444934161e-01 1.00356348041343e+05 
1.80179182084177e-01 1.00342780474499e+05 
1.80327842780040e-01 1.00329558276332e+05 
1.80466180775739e-01 1.00316836353484e+05 
1.80611980370069e-01 1.00303293875015e+05 
1.80760561002321e-01 1.00289490023926e+05 
1.80895273848415e-01 1.00277312939993e+05 
1.81038251271928e-01 1.00264348489259e+05 
1.81189438473014e-01 1.00250649271679e+05 
1.81330344144465e-01 1.00237439496388e+05 
1.81478996396947e-01 1.00223350789573e+05 
1.81623576294844e-01 1.00209651248645e+05 
1.81778384959036e-01 1.00195440248511e+05 
1.81924539729922e-01 1.00181929902215e+05 
1.82084619745935e-01 1.00167178032732e+05 
1.82221996702452e-01 1.00154281540965e+05 
1.82366983346895e-01 1.00140335078329e+05 
1.82519285654170e-01 1.00125768511149e+05 
1.82674411513882e-01 1.00111481043522e+05 
1.82834834092197e-01 1.00096792319068e+05 
1.82995617825519e-01 1.00082172146083e+05 
1.83157636949641e-01 1.00067418500508e+05 
1.83286765215758e-01 1.00055232452048e+05 
1.83421748680632e-01 1.00042598825967e+05 
1.83563236644688e-01 1.00029808070450e+05 
1.83712445719704e-01 1.00016426537738e+05 
1.83847421999380e-01 1.00004383118496e+05 
1.83989386527407e-01 9.99917231411288e+04 
1.84121080124971e-01 9.99797135415837e+04 
1.84259807174120e-01 9.99671520432331e+04 
1.84406125769604e-01 9.99543237630222e+04 
1.84542479360862e-01 9.99423949451585e+04 
1.84687244801527e-01 9.99298346090959e+04 
1.84841115584756e-01 9.99166680570692e+04 
1.84976010572763e-01 9.99046312880772e+04 
1.85121803589922e-01 9.98917027183730e+04 
1.85278231505638e-01 9.98782551752572e+04 
1.85418690206505e-01 9.98662002501247e+04 
1.85571788395183e-01 9.98532646724900e+04 
1.85737077557581e-01 9.98394937366443e+04 
1.85866623361174e-01 9.98286693016905e+04 
1.86002399739323e-01 9.98172291252912e+04 
1.86146035639822e-01 9.98053809319700e+04 
1.86298657441616e-01 9.97930387997010e+04 
1.86435248051175e-01 9.97822058102761e+04 
1.86580390609227e-01 9.97709805630486e+04 
1.86713604879172e-01 9.97607381261070e+04 
1.86855354988234e-01 9.97499630307772e+04 
1.86990521534560e-01 9.97398205583593e+04 
1.87136017291336e-01 9.97292139688743e+04 
1.87291972628572e-01 9.97182539613552e+04 
1.87439129634506e-01 9.97082191901831e+04 
1.87579537407901e-01 9.96988338105384e+04 
1.87726189955980e-01 9.96891647427353e+04 
1.87871547290489e-01 9.96799639381416e+04 
1.88022772335481e-01 9.96707692554494e+04 
1.88177305051043e-01 9.96620491840667e+04 
1.88329567935675e-01 9.96534994263903e+04 
1.88480047987034e-01 9.96454034144301e+04 
1.88634870826473e-01 9.96374573688139e+04 
1.88786584419880e-01 9.96303303846833e+04 
1.88943684398161e-01 9.96232322731152e+04 
1.89104612141352e-01 9.96164273140167e+04 
1.89268633944914e-01 9.96096958126691e+04 
1.89404046762306e-01 9.96045133946981e+04 
1.89550537056513e-01 9.95992422242871e+04 
1.89696027248270e-01 9.95946376578649e+04 
1.89856066459202e-01 9.95901570735874e+04 
1.90008260103164e-01 9.95864150507838e+04 
1.90167750756563e-01 9.95828799285099e+04 
1.90321161151238e-01 9.95800186141863e+04 
1.90481486464525e-01 9.95775677487501e+04 
1.90646691869629e-01 9.95756685994934e+04 
1.90815459596150e-01 9.95744386191482e+04 
1.90987247175882e-01 9.95739253619274e+04 
1.91161570789571e-01 9.95739633799043e+04 
1.91335892945581e-01 9.95747327866515e+04 
1.91510214481939e-01 9.95761000065281e+04 
1.91684538808788e-01 9.95783679651183e+04 
1.91858871444553e-01 9.95817104111198e+04 
1.92033217951427e-01 9.95856791797217e+04 
1.92207578316420e-01 9.95898592428961e+04 
1.92381936434023e-01 9.95943044722013e+04 
1.92556294438873e-01 9.95989625515602e+04 
1.92730655275986e-01 9.96038917180307e+04 
1.92905025580042e-01 9.96092649764141e+04 
1.93079411215999e-01 9.96149714907826e+04 
1.93253813059289e-01 9.96209302427399e+04 
1.93428213987394e-01 9.96272667365642e+04 
1.93602618150047e-01 9.96338255999465e+04 
1.93777027280010e-01 9.96407372363371e+04 
1.93951448850462e-01 9.96482526477163e+04 
1.94125888588047e-01 9.96562721342474e+04 
1.94300348023321e-01 9.96647527925674e+04 
1.94472019224625e-01 9.96735869333070e+04 
1.94646487034438e-01 9.96828664104783e+04 
1.94820962953390e-01 9.96923806510639e+04 
1.94995454461147e-01 9.97024050954970e+04 
1.95169966050458e-01 9.97128555179216e+04 
1.95344499689102e-01 9.97238697307684e+04 
1.95519035533204e-01 9.97352696239995e+04 
1.95693579750076e-01 9.97467896497487e+04 
1.95868132891504e-01 9.97582375907406e+04 
1.96042701624588e-01 9.97699731757168e+04 
1.96217289010774e-01 9.97818823596668e+04 
1.96391897476110e-01 9.97940767719766e+04 
1.96566505655556e-01 9.98064229966315e+04 
1.96741119903817e-01 9.98187279648933e+04 
1.96915740619799e-01 9.98307812210001e+04 
1.97090374052325e-01 9.98429949176324e+04 
1.97265022434069e-01 9.98552753414866e+04 
1.97439689080161e-01 9.98677370480727e+04 
1.97614351243777e-01 9.98803107616756e+04 
1.97789016189689e-01 9.98927739244926e+04 
1.97963684768280e-01 9.99049458704055e+04 
1.98138363611857e-01 9.99172226906189e+04 
1.98313054895384e-01 9.99295352761315e+04 
1.98487763206146e-01 9.99420264573065e+04 
1.98662465173076e-01 9.99546390787570e+04 
1.98837168689154e-01 9.99670843148071e+04 
1.99011875560644e-01 9.99791060938130e+04 
1.99186592651664e-01 9.99911009695023e+04 
1.99361321855943e-01 1.00002965127081e+05 
1.99536068579790e-01 1.00014868020462e+05 
1.99710811695634e-01 1.00027069809326e+05 
1.99885557220559e-01 1.00038605451001e+05 
2.00060308190454e-01 1.00049572132501e+05 
2.00235068066519e-01 1.00060301476883e+05 
