# Liste des scalaires : TEMPS pmat 
0.00000000000000e+00 1.00000000000000e+05 
7.22956891292051e-05 1.00000000000000e+05 
1.26867796159130e-04 1.00000000000000e+05 
1.83947046319405e-04 1.00000000000000e+05 
2.40785169142234e-04 1.00000000000000e+05 
2.99177809783522e-04 1.00000000000000e+05 
3.59540345903690e-04 1.00000000000000e+05 
4.21676996453960e-04 1.00000000000000e+05 
4.85515450287030e-04 1.00000000000000e+05 
5.49028954204945e-04 1.00000000000000e+05 
6.14109292446742e-04 1.00000000000000e+05 
6.80189296748939e-04 1.00000000000000e+05 
7.48056302839309e-04 1.00000000000000e+05 
8.18310299753538e-04 1.00000000000000e+05 
8.88153713100243e-04 1.00000000000000e+05 
9.63219094959775e-04 1.00000000000000e+05 
1.03611145793059e-03 1.00000000000000e+05 
1.11097716227657e-03 1.00000000000000e+05 
1.18882072439549e-03 1.00000000000000e+05 
1.26859667634450e-03 1.00000000000000e+05 
1.35117545360008e-03 1.00000000000000e+05 
1.43447571794454e-03 1.00000000000000e+05 
1.51670127891651e-03 1.00000000000000e+05 
1.60181487374319e-03 1.00000000000000e+05 
1.69013813591438e-03 1.00000000000000e+05 
1.78168951988772e-03 1.00000000000000e+05 
1.86982267513704e-03 1.00000000000000e+05 
1.95998231372339e-03 1.00000000000000e+05 
2.05242114715179e-03 1.00000000000000e+05 
2.14733709982845e-03 1.00000000000000e+05 
2.24466536251797e-03 1.00000000000000e+05 
2.34494229659141e-03 1.00000000000000e+05 
2.44106335652054e-03 1.00000000000000e+05 
2.53891311456386e-03 1.00000000000000e+05 
2.63852397638757e-03 1.00000000000000e+05 
2.73954151449815e-03 1.00000000000000e+05 
2.84227649509669e-03 1.00000000000000e+05 
2.94689190829130e-03 1.00000000000000e+05 
3.05347496195949e-03 1.00000000000000e+05 
3.16213179848101e-03 1.00000000000000e+05 
3.27282011534427e-03 1.00000000000000e+05 
3.38555224469731e-03 1.00000000000000e+05 
3.50029255141890e-03 1.00000000000000e+05 
3.61684849128562e-03 1.00000000000000e+05 
3.73527572141288e-03 1.00000000000000e+05 
3.85113977169653e-03 1.00000000000000e+05 
3.96850702720484e-03 1.00000000000000e+05 
4.09310458949960e-03 1.00000000000000e+05 
4.21358885746754e-03 1.00000000000000e+05 
4.33557610505870e-03 1.00000000000000e+05 
4.45899193862109e-03 1.00000000000000e+05 
4.58385320421483e-03 1.00000000000000e+05 
4.71004807268601e-03 1.00000000000000e+05 
4.83748782498043e-03 1.00000000000000e+05 
4.96619286305320e-03 1.00000000000000e+05 
5.09602426389327e-03 1.00000000000000e+05 
5.22690124298886e-03 1.00000000000000e+05 
5.35886713289997e-03 1.00000000000000e+05 
5.49067789823106e-03 1.00000000000000e+05 
5.62185050187014e-03 1.00000000000000e+05 
5.75272009410223e-03 1.00000000000000e+05 
5.88330897075789e-03 1.00000000000000e+05 
6.01362185370828e-03 1.00000000000000e+05 
6.14348890193976e-03 1.00000000000000e+05 
6.27302148690598e-03 1.00000000000000e+05 
6.40222393571039e-03 1.00000000000000e+05 
6.53127728443211e-03 1.00000000000000e+05 
6.66036936271278e-03 1.00000000000000e+05 
6.78944204974124e-03 1.00000000000000e+05 
6.91873383926468e-03 1.00000000000000e+05 
7.04814044273369e-03 1.00000000000000e+05 
7.17721539257754e-03 1.00000000000000e+05 
7.30633191653454e-03 1.00000000000000e+05 
7.43575443432147e-03 1.00000000000000e+05 
7.56502507636999e-03 1.00000000000000e+05 
7.69451574389300e-03 1.00000000000000e+05 
7.82454699448360e-03 1.00000000000000e+05 
7.95511738672766e-03 1.00000000000000e+05 
8.08623759968044e-03 1.00000000000000e+05 
8.21772736207050e-03 1.00000000000000e+05 
8.34935173164926e-03 1.00000000000000e+05 
8.48122109529114e-03 1.00000000000000e+05 
8.61325578276725e-03 1.00000000000000e+05 
8.74556092323605e-03 1.00000000000000e+05 
8.87839997773318e-03 1.00000000000000e+05 
9.01091871332200e-03 1.00000000000000e+05 
9.14295500118717e-03 1.00000000000000e+05 
9.27485424642325e-03 1.00000000000000e+05 
9.40659598678778e-03 1.00000000000000e+05 
9.53842592105600e-03 1.00000000000000e+05 
9.67048179738061e-03 1.00000000000000e+05 
9.80282683624505e-03 1.00000000000000e+05 
9.93551078652374e-03 1.00000000000000e+05 
1.00686990969345e-02 1.00000000000000e+05 
1.02023133893598e-02 1.00000000000000e+05 
1.03358583558244e-02 1.00000000000000e+05 
1.04693594675295e-02 1.00000000000000e+05 
1.06030551087250e-02 1.00000000000000e+05 
1.07369827365271e-02 1.00000000000000e+05 
1.08710542576854e-02 1.00000000000000e+05 
1.10057854704661e-02 1.00000000000000e+05 
1.11417809031896e-02 1.00000000000000e+05 
1.12782410077319e-02 1.00000000000000e+05 
1.14142793036019e-02 1.00000000000000e+05 
1.15502931690215e-02 1.00000000000000e+05 
1.16866966823234e-02 1.00000000000000e+05 
1.18234723229645e-02 1.00000000000000e+05 
1.19608846396107e-02 1.00000000000000e+05 
1.20990174412696e-02 1.00000000000000e+05 
1.22359936498763e-02 1.00000000000000e+05 
1.23731218697717e-02 1.00000000000000e+05 
1.25108090223160e-02 1.00000000000000e+05 
1.26488383901777e-02 1.00000000000000e+05 
1.27874766549769e-02 1.00000000000000e+05 
1.29261888229926e-02 1.00000000000000e+05 
1.30652808415882e-02 1.00000000000000e+05 
1.32059797812549e-02 1.00000000000000e+05 
1.33476103546394e-02 1.00000000000000e+05 
1.34895072282880e-02 1.00000000000000e+05 
1.36317143109630e-02 1.00000000000000e+05 
1.37742956632808e-02 1.00000000000000e+05 
1.39173371126151e-02 1.00000000000000e+05 
1.40608544348185e-02 1.00000000000000e+05 
1.42050034438924e-02 1.00000000000000e+05 
1.43498820044190e-02 1.00000000000000e+05 
1.44955777558312e-02 1.00000000000000e+05 
1.46415220089417e-02 1.00000000000000e+05 
1.47873590271164e-02 1.00000000000000e+05 
1.49312430145834e-02 1.00000000000000e+05 
1.50771470179546e-02 1.00000000000000e+05 
1.52235757470194e-02 1.00000000000000e+05 
1.53694143245104e-02 1.00000000000000e+05 
1.55159028692065e-02 1.00000000000000e+05 
1.56620766820082e-02 1.00000000000000e+05 
1.58090003810996e-02 1.00000000000000e+05 
1.59563105921490e-02 1.00000000000000e+05 
1.61033140654544e-02 1.00000000000000e+05 
1.62515722978779e-02 1.00000000000000e+05 
1.64005428007897e-02 1.00000000000000e+05 
1.65502537218144e-02 1.00000000000000e+05 
1.66935293141498e-02 1.00000000000000e+05 
1.68376020272253e-02 1.00000000000000e+05 
1.69814659051775e-02 1.00000000000000e+05 
1.71252319129140e-02 1.00000000000000e+05 
1.72690408064086e-02 1.00000000000000e+05 
1.74129870594160e-02 1.00000000000000e+05 
1.75570924516317e-02 1.00000000000000e+05 
1.77014553342931e-02 1.00000000000000e+05 
1.78459058925224e-02 1.00000000000000e+05 
1.79903267196111e-02 1.00000000000000e+05 
1.81348454798846e-02 1.00000000000000e+05 
1.82795149236927e-02 1.00000000000000e+05 
1.84243157534869e-02 1.00000000000000e+05 
1.85693390310328e-02 1.00000000000000e+05 
1.87144941435887e-02 1.00000000000000e+05 
1.88598196340252e-02 1.00000000000000e+05 
1.90053112679130e-02 1.00000000000000e+05 
1.91509193033451e-02 1.00000000000000e+05 
1.92966301305438e-02 1.00000000000000e+05 
1.94425136659346e-02 1.00000000000000e+05 
1.95885469412691e-02 1.00000000000000e+05 
1.97346844902208e-02 1.00000000000000e+05 
1.98810128551559e-02 1.00000000000000e+05 
2.00275995978714e-02 1.00000000000000e+05 
2.01744903670294e-02 1.00000000000000e+05 
2.03218077366027e-02 1.00000000000000e+05 
2.04695890902541e-02 1.00000000000000e+05 
2.06177667287612e-02 1.00000000000000e+05 
2.07658572794786e-02 1.00000000000000e+05 
2.09139248199082e-02 1.00000000000000e+05 
2.10620440501416e-02 1.00000000000000e+05 
2.12103120990791e-02 1.00000000000000e+05 
2.13587717386701e-02 1.00000000000000e+05 
2.15073447157365e-02 1.00000000000000e+05 
2.16559859069272e-02 1.00000000000000e+05 
2.18047967843869e-02 1.00000000000000e+05 
2.19536700213208e-02 1.00000000000000e+05 
2.21025851960340e-02 1.00000000000000e+05 
2.22516845114558e-02 1.00000000000000e+05 
2.24009630370932e-02 1.00000000000000e+05 
2.25506790548863e-02 1.00000000000000e+05 
2.27009169303848e-02 1.00000000000000e+05 
2.28512528073603e-02 1.00000000000000e+05 
2.30015952528863e-02 1.00000000000000e+05 
2.31518953052470e-02 1.00000000000000e+05 
2.33021726144463e-02 1.00000000000000e+05 
2.34524075414898e-02 1.00000000000000e+05 
2.36018347260150e-02 1.00000000000000e+05 
2.37483586235078e-02 1.00000000000000e+05 
2.38968076465143e-02 1.00000000000000e+05 
2.40441428840725e-02 1.00000000000000e+05 
2.41931992471901e-02 1.00000000000000e+05 
2.43431023689378e-02 1.00000000000000e+05 
2.44929140796438e-02 1.00000000000000e+05 
2.46415677929884e-02 1.00000000000000e+05 
2.47914058175887e-02 1.00000000000000e+05 
2.49406676605263e-02 1.00000000000000e+05 
2.50905311217538e-02 1.00000000000000e+05 
2.52405250816796e-02 1.00000000000000e+05 
2.53907044729776e-02 1.00000000000000e+05 
2.55411302376893e-02 1.00000000000000e+05 
2.56918819907073e-02 1.00000000000000e+05 
2.58428408870814e-02 1.00000000000000e+05 
2.59937947247700e-02 1.00000000000000e+05 
2.61449803913410e-02 1.00000000000000e+05 
2.62964735259923e-02 1.00000000000000e+05 
2.64484284062633e-02 1.00000000000000e+05 
2.66009784040689e-02 1.00000000000000e+05 
2.67538558698297e-02 1.00000000000000e+05 
2.69067498700598e-02 1.00000000000000e+05 
2.70596584700795e-02 1.00000000000000e+05 
2.72127279249894e-02 1.00000000000000e+05 
2.73659541594361e-02 1.00000000000000e+05 
2.75193736729075e-02 1.00000000000000e+05 
2.76730174861156e-02 1.00000000000000e+05 
2.78267989792517e-02 1.00000000000000e+05 
2.79806328995048e-02 1.00000000000000e+05 
2.81345529865098e-02 1.00000000000000e+05 
2.82885406107161e-02 1.00000000000000e+05 
2.84426576556621e-02 1.00000000000000e+05 
2.85969446212063e-02 1.00000000000000e+05 
2.87513349318172e-02 1.00000000000000e+05 
2.89058486624436e-02 1.00000000000000e+05 
2.90605410447902e-02 1.00000000000000e+05 
2.92154093062173e-02 1.00000000000000e+05 
2.93705326771263e-02 1.00000000000000e+05 
2.95258260999867e-02 1.00000000000000e+05 
2.96812402769401e-02 1.00000000000000e+05 
2.98368451829268e-02 1.00000000000000e+05 
2.99928245976029e-02 1.00000000000000e+05 
3.01474521938019e-02 1.00000000000000e+05 
3.03045432794792e-02 1.00000000000000e+05 
3.04597258079696e-02 1.00000000000000e+05 
3.06169635694287e-02 1.00000000000000e+05 
3.07741463946088e-02 1.00000000000000e+05 
3.09312744846142e-02 1.00000000000000e+05 
3.10875250813933e-02 1.00000000000000e+05 
3.12446612150220e-02 1.00000000000000e+05 
3.14013793619256e-02 1.00000000000000e+05 
3.15584349186182e-02 1.00000000000000e+05 
3.17155460344491e-02 1.00000000000000e+05 
3.18727318651345e-02 1.00000000000000e+05 
3.20301175893001e-02 1.00000000000000e+05 
3.21878398604118e-02 1.00000000000000e+05 
3.23458999938539e-02 1.00000000000000e+05 
3.25041350480392e-02 1.00000000000000e+05 
3.26627951986834e-02 1.00000000000000e+05 
3.28220251394660e-02 1.00000000000000e+05 
3.29819541021114e-02 1.00000000000000e+05 
3.31423081356349e-02 1.00000000000000e+05 
3.33027132904432e-02 1.00000000000000e+05 
3.34630176949869e-02 1.00000000000000e+05 
3.36230899076511e-02 1.00000000000000e+05 
3.37831388350673e-02 1.00000000000000e+05 
3.39432189174869e-02 1.00000000000000e+05 
3.41034663251238e-02 1.00000000000000e+05 
3.42639907143593e-02 1.00000000000000e+05 
3.44247944747348e-02 1.00000000000000e+05 
3.45859971821680e-02 1.00000000000000e+05 
3.47477135121260e-02 1.00000000000000e+05 
3.49099371153639e-02 1.00000000000000e+05 
3.50726724063405e-02 1.00000000000000e+05 
3.52358356508918e-02 1.00000000000000e+05 
3.53993372476069e-02 1.00000000000000e+05 
3.55631495039718e-02 1.00000000000000e+05 
3.57273069811716e-02 1.00000000000000e+05 
3.58918427924822e-02 1.00000000000000e+05 
3.60570676273277e-02 1.00000000000000e+05 
3.62225608350998e-02 1.00000000000000e+05 
3.63881161762218e-02 1.00000000000000e+05 
3.65537357923381e-02 1.00000000000000e+05 
3.67194372554553e-02 1.00000000000000e+05 
3.68853001472842e-02 1.00000000000000e+05 
3.70513708123215e-02 1.00000000000000e+05 
3.72176570540693e-02 1.00000000000000e+05 
3.73842374369031e-02 1.00000000000000e+05 
3.75512235365962e-02 1.00000000000000e+05 
3.77187346070634e-02 1.00000000000000e+05 
3.78869243464461e-02 1.00000000000000e+05 
3.80553486417541e-02 1.00000000000000e+05 
3.82240010352371e-02 1.00000000000000e+05 
3.83927661809920e-02 1.00000000000000e+05 
3.85614661757880e-02 1.00000000000000e+05 
3.87301475763904e-02 1.00000000000000e+05 
3.88987979758922e-02 1.00000000000000e+05 
3.90673643260788e-02 1.00000000000000e+05 
3.92360223635805e-02 1.00000000000000e+05 
3.94047829037978e-02 1.00000000000000e+05 
3.95737197673393e-02 1.00000000000000e+05 
3.97431115800512e-02 1.00000000000000e+05 
3.99130334597273e-02 1.00000000000000e+05 
4.00835841920069e-02 1.00000000000000e+05 
4.02548778385449e-02 1.00000000000000e+05 
4.04268277979784e-02 1.00000000000000e+05 
4.05994877357778e-02 1.00000000000000e+05 
4.07730104979622e-02 1.00000000000000e+05 
4.09470233811219e-02 1.00000000000000e+05 
4.11211119773166e-02 1.00000000000000e+05 
4.12957631882432e-02 1.00000000000000e+05 
4.14712431788038e-02 1.00000000000000e+05 
4.16466951368977e-02 1.00000000000000e+05 
4.18221140528390e-02 1.00000000000000e+05 
4.19975514231958e-02 1.00000000000000e+05 
4.21730392633162e-02 1.00000000000000e+05 
4.23486091354416e-02 1.00000000000000e+05 
4.25242237583105e-02 1.00000000000000e+05 
4.26998143431916e-02 1.00000000000000e+05 
4.28754561955257e-02 1.00000000000000e+05 
4.30511362022363e-02 1.00000000000000e+05 
4.32268950228262e-02 1.00000000000000e+05 
4.34027560713525e-02 1.00000000000000e+05 
4.35787565283998e-02 1.00000000000000e+05 
4.37549090774961e-02 1.00000000000000e+05 
4.39312500891156e-02 1.00000000000000e+05 
4.41077543740552e-02 1.00000000000000e+05 
4.42844637808712e-02 1.00000000000000e+05 
4.44614062367609e-02 1.00000000000000e+05 
4.46386080111907e-02 1.00000000000000e+05 
4.48160733772129e-02 1.00000000000000e+05 
4.49938424425749e-02 1.00000000000000e+05 
4.51718778398680e-02 1.00000000000000e+05 
4.53502267397921e-02 1.00000000000000e+05 
4.55289180507353e-02 1.00000000000000e+05 
4.57080064424419e-02 1.00000000000000e+05 
4.58875247682861e-02 1.00000000000000e+05 
4.60675541318135e-02 1.00000000000000e+05 
4.62359794305408e-02 1.00000000000000e+05 
4.64137609037919e-02 1.00000000000000e+05 
4.65954675872505e-02 1.00000000000000e+05 
4.67757358063789e-02 1.00000000000000e+05 
4.69508137750507e-02 1.00000000000000e+05 
4.71330133881119e-02 1.00000000000000e+05 
4.73013262721169e-02 1.00000000000000e+05 
4.74773055875722e-02 1.00000000000000e+05 
4.76594094795663e-02 1.00000000000000e+05 
4.78414857237584e-02 1.00000000000000e+05 
4.80234259320584e-02 1.00000000000000e+05 
4.81986868850673e-02 1.00000000000000e+05 
4.83807402401362e-02 1.00000000000000e+05 
4.85629932572529e-02 1.00000000000000e+05 
4.87345119642119e-02 1.00000000000000e+05 
4.89155493897904e-02 1.00000000000000e+05 
4.90988240038898e-02 1.00000000000000e+05 
4.92801190815139e-02 1.00000000000000e+05 
4.94564646901252e-02 1.00000000000000e+05 
4.96410995022654e-02 1.00000000000000e+05 
4.98199958847479e-02 1.00000000000000e+05 
5.00059460567471e-02 1.00000000000000e+05 
5.01928894466051e-02 1.00000000000000e+05 
5.03810808134370e-02 1.00000000000000e+05 
5.05662482031875e-02 1.00000000000000e+05 
5.07568215808445e-02 1.00000000000000e+05 
5.09469829495418e-02 1.00000000000000e+05 
5.11366262053049e-02 1.00000000000000e+05 
5.13257414801206e-02 1.00000000000000e+05 
5.15149428676171e-02 1.00000000000000e+05 
5.17042295824145e-02 1.00000000000000e+05 
5.18936840868332e-02 1.00000000000000e+05 
5.20834856291788e-02 1.00000000000000e+05 
5.22737663725395e-02 1.00000000000000e+05 
5.24642276111926e-02 1.00000000000000e+05 
5.26551198125418e-02 1.00000000000000e+05 
5.28466140067078e-02 1.00000000000000e+05 
5.30388463284814e-02 1.00000000000000e+05 
5.32315009241625e-02 1.00000000000000e+05 
5.34243126305829e-02 1.00000000000000e+05 
5.36172841995570e-02 1.00000000000000e+05 
5.38106692525097e-02 1.00000000000000e+05 
5.40043227767943e-02 1.00000000000000e+05 
5.41981979881551e-02 1.00000000000000e+05 
5.43922866623174e-02 1.00000000000000e+05 
5.45865449090452e-02 1.00000000000000e+05 
5.47807151177520e-02 1.00000000000000e+05 
5.49752585665837e-02 1.00000000000000e+05 
5.51701743845013e-02 1.00000000000000e+05 
5.53655634210573e-02 1.00000000000000e+05 
5.55612075703157e-02 1.00000000000000e+05 
5.57569662909866e-02 1.00000000000000e+05 
5.59528886320143e-02 1.00000000000000e+05 
5.61489479303886e-02 1.00000000000000e+05 
5.63451258037663e-02 1.00000000000000e+05 
5.65414609256034e-02 1.00000000000000e+05 
5.67379222130408e-02 1.00000000000000e+05 
5.69344763710055e-02 1.00000000000000e+05 
5.71311172017749e-02 1.00000000000000e+05 
5.73278213942438e-02 1.00000000000000e+05 
5.75245643801000e-02 1.00000000000000e+05 
5.77214009445044e-02 1.00000000000000e+05 
5.79183158681159e-02 1.00000000000000e+05 
5.81152994465569e-02 1.00000000000000e+05 
5.83123603291513e-02 1.00000000000000e+05 
5.85094972986858e-02 1.00000000000000e+05 
5.87067134126994e-02 1.00000000000000e+05 
5.89040789905178e-02 1.00000000000000e+05 
5.91015920140142e-02 1.00000000000000e+05 
5.92992450297708e-02 1.00000000000000e+05 
5.94970003764873e-02 1.00000000000000e+05 
5.96946621170458e-02 1.00000000000000e+05 
5.98925079117606e-02 1.00000000000000e+05 
6.00903759759485e-02 1.00000000000000e+05 
6.02881975024658e-02 1.00000000000000e+05 
6.04859529730488e-02 1.00000000000000e+05 
6.06836537991318e-02 1.00000000000000e+05 
6.08812775479088e-02 1.00000000000000e+05 
6.10789404490981e-02 1.00000000000000e+05 
6.12766716988785e-02 1.00000000000000e+05 
6.14743958641476e-02 1.00000000000000e+05 
6.16720171180767e-02 1.00000000000000e+05 
6.18695884460941e-02 1.00000000000000e+05 
6.20670883647079e-02 1.00000000000000e+05 
6.22646547578000e-02 1.00000000000000e+05 
6.24623143263755e-02 1.00000000000000e+05 
6.26599955105621e-02 1.00000000000000e+05 
6.28575944142884e-02 1.00000000000000e+05 
6.30551541377139e-02 1.00000000000000e+05 
6.32526543310501e-02 1.00000000000000e+05 
6.34502236051617e-02 1.00000000000000e+05 
6.36478857802980e-02 1.00000000000000e+05 
6.38455736069302e-02 1.00000000000000e+05 
6.40432068662506e-02 1.00000000000000e+05 
6.42408270357090e-02 1.00000000000000e+05 
6.44384260632423e-02 1.00000000000000e+05 
6.46361441201013e-02 1.00000000000000e+05 
6.48340065294551e-02 1.00000000000000e+05 
6.50319600193354e-02 1.00000000000000e+05 
6.52298883304620e-02 1.00000000000000e+05 
6.54278169591932e-02 1.00000000000000e+05 
6.56257302280124e-02 1.00000000000000e+05 
6.58237428945142e-02 1.00000000000000e+05 
6.60218716111790e-02 1.00000000000000e+05 
6.62200668247407e-02 1.00000000000000e+05 
6.64182334414410e-02 1.00000000000000e+05 
6.66164004762848e-02 1.00000000000000e+05 
6.68145642564403e-02 1.00000000000000e+05 
6.70128349863681e-02 1.00000000000000e+05 
6.72112336470514e-02 1.00000000000000e+05 
6.74097206490541e-02 1.00000000000000e+05 
6.76082157826147e-02 1.00000000000000e+05 
6.78067408907693e-02 1.00000000000000e+05 
6.80052934558070e-02 1.00000000000000e+05 
6.82039673725790e-02 1.00000000000000e+05 
6.84027781694136e-02 1.00000000000000e+05 
6.86016926599874e-02 1.00000000000000e+05 
6.88006407837978e-02 1.00000000000000e+05 
6.89996354414738e-02 1.00000000000000e+05 
6.91986743334624e-02 1.00000000000000e+05 
6.93978391863397e-02 1.00000000000000e+05 
6.95971435785423e-02 1.00000000000000e+05 
6.97965648668063e-02 1.00000000000000e+05 
6.99960336338099e-02 1.00000000000000e+05 
7.01955570132177e-02 1.00000000000000e+05 
7.03951325029920e-02 1.00000000000000e+05 
7.05948309295010e-02 1.00000000000000e+05 
7.07946576860908e-02 1.00000000000000e+05 
7.09945927100175e-02 1.00000000000000e+05 
7.11945619118257e-02 1.00000000000000e+05 
7.13945672246801e-02 1.00000000000000e+05 
7.15946050861448e-02 1.00000000000000e+05 
7.17946774197153e-02 1.00000000000000e+05 
7.19947755727215e-02 1.00000000000000e+05 
7.21949045960743e-02 1.00000000000000e+05 
7.23950438907369e-02 1.00000000000000e+05 
7.25951940315093e-02 1.00000000000000e+05 
7.27953348289564e-02 1.00000000000000e+05 
7.29954901709917e-02 1.00000000000000e+05 
7.31956716563922e-02 1.00000000000000e+05 
7.33958900366027e-02 1.00000000000000e+05 
7.35961325903878e-02 1.00000000000000e+05 
7.37964014350393e-02 1.00000000000000e+05 
7.39966815549073e-02 1.00000000000000e+05 
7.41969923632326e-02 1.00000000000000e+05 
7.43973434379884e-02 1.00000000000000e+05 
7.45977444257639e-02 1.00000000000000e+05 
7.47981851263133e-02 1.00000000000000e+05 
7.49986616835898e-02 1.00000000000000e+05 
7.51991585156393e-02 1.00000000000000e+05 
7.53996848575766e-02 1.00000000000000e+05 
7.56002509747564e-02 1.00000000000000e+05 
7.58008652251325e-02 1.00000000000000e+05 
7.60015275423408e-02 1.00000000000000e+05 
7.62022366560518e-02 1.00000000000000e+05 
7.64029750664194e-02 1.00000000000000e+05 
7.66037422455614e-02 1.00000000000000e+05 
7.68045524330217e-02 1.00000000000000e+05 
7.70054141091352e-02 1.00000000000000e+05 
7.72063334942864e-02 1.00000000000000e+05 
7.74073112242833e-02 1.00000000000000e+05 
7.76083281903684e-02 1.00000000000000e+05 
7.78093755596474e-02 1.00000000000000e+05 
7.80104646699907e-02 1.00000000000000e+05 
7.82116043258645e-02 1.00000000000000e+05 
7.84128046137060e-02 1.00000000000000e+05 
7.86140667222377e-02 1.00000000000000e+05 
7.88153714757608e-02 1.00000000000000e+05 
7.90166971361545e-02 1.00000000000000e+05 
7.92180509400742e-02 1.00000000000000e+05 
7.94194389605983e-02 1.00000000000000e+05 
7.96208780406514e-02 1.00000000000000e+05 
7.98223710791742e-02 1.00000000000000e+05 
8.00239006998529e-02 1.00000000000000e+05 
8.02254330680388e-02 1.00000000000000e+05 
8.04269786546705e-02 1.00000000000000e+05 
8.06285435190759e-02 1.00000000000000e+05 
8.08301623606399e-02 1.00000000000000e+05 
8.10318430089589e-02 1.00000000000000e+05 
8.12335727147885e-02 1.00000000000000e+05 
8.14353103718488e-02 1.00000000000000e+05 
8.16370655022920e-02 1.00000000000000e+05 
8.18388414895792e-02 1.00000000000000e+05 
8.20406445732135e-02 1.00000000000000e+05 
8.22424660521684e-02 1.00000000000000e+05 
8.24443102460443e-02 1.00000000000000e+05 
8.26461739760133e-02 1.00000000000000e+05 
8.28480467299168e-02 1.00000000000000e+05 
8.30499414030228e-02 1.00000000000000e+05 
8.32518647686791e-02 1.00000000000000e+05 
8.34538072335206e-02 1.00000000000000e+05 
8.36557720849700e-02 1.00000000000000e+05 
8.38577575138313e-02 1.00000000000000e+05 
8.40597501766228e-02 1.00000000000000e+05 
8.42617610604222e-02 1.00000000000000e+05 
8.44637962471523e-02 1.00000000000000e+05 
8.46658478216383e-02 1.00000000000000e+05 
8.48679190465643e-02 1.00000000000000e+05 
8.50700074211086e-02 1.00000000000000e+05 
8.52720972437035e-02 1.00000000000000e+05 
8.54742010413097e-02 1.00000000000000e+05 
8.56763249761718e-02 1.00000000000000e+05 
8.58784632570978e-02 1.00000000000000e+05 
8.60806208308829e-02 1.00000000000000e+05 
8.62827969342893e-02 1.00000000000000e+05 
8.64849775109639e-02 1.00000000000000e+05 
8.66871749413095e-02 1.00000000000000e+05 
8.68893936100695e-02 1.00000000000000e+05 
8.70916269549681e-02 1.00000000000000e+05 
8.72938787434066e-02 1.00000000000000e+05 
8.74961491331716e-02 1.00000000000000e+05 
8.76984264437869e-02 1.00000000000000e+05 
8.79007227545099e-02 1.00000000000000e+05 
8.81030408621987e-02 1.00000000000000e+05 
8.83053721694714e-02 1.00000000000000e+05 
8.85077196062262e-02 1.00000000000000e+05 
8.87100865783304e-02 1.00000000000000e+05 
8.89124621553723e-02 1.00000000000000e+05 
8.91148574293635e-02 1.00000000000000e+05 
8.93172733812648e-02 1.00000000000000e+05 
8.95196996562568e-02 1.00000000000000e+05 
8.97221386425038e-02 1.00000000000000e+05 
8.99245944786325e-02 1.00000000000000e+05 
9.01270601382933e-02 1.00000000000000e+05 
9.03295461677650e-02 1.00000000000000e+05 
9.05320528896682e-02 1.00000000000000e+05 
9.07345693569371e-02 1.00000000000000e+05 
9.09370974152875e-02 1.00000000000000e+05 
9.11396405364818e-02 1.00000000000000e+05 
9.13421939112640e-02 1.00000000000000e+05 
9.15447666846036e-02 1.00000000000000e+05 
9.17473594196760e-02 1.00000000000000e+05 
9.19499621640749e-02 1.00000000000000e+05 
9.21525760707143e-02 1.00000000000000e+05 
9.23552041353975e-02 1.00000000000000e+05 
9.25578422553045e-02 1.00000000000000e+05 
9.27604958144130e-02 1.00000000000000e+05 
9.29631615140847e-02 1.00000000000000e+05 
9.31658259426058e-02 1.00000000000000e+05 
9.33684849371079e-02 1.00000000000000e+05 
9.35711393591998e-02 1.00000000000000e+05 
9.37737886418789e-02 1.00000000000000e+05 
9.39764410495677e-02 1.00000000000000e+05 
9.41791049279459e-02 1.00000000000000e+05 
9.43817729659814e-02 1.00000000000000e+05 
9.45844476647192e-02 1.00000000000000e+05 
9.47871361024496e-02 1.00000000000000e+05 
9.49898380112755e-02 1.00000000000000e+05 
9.51925627038394e-02 1.00000000000000e+05 
9.53953068554271e-02 1.00000000000000e+05 
9.55980733650869e-02 1.00000000000000e+05 
9.58008392011806e-02 1.00000000000000e+05 
9.60036288195699e-02 1.00000000000000e+05 
9.62064347002413e-02 1.00000000000000e+05 
9.64092448881668e-02 1.00000000000000e+05 
9.66120661926560e-02 1.00000000000000e+05 
9.68149091409769e-02 1.00000000000000e+05 
9.70177487263359e-02 1.00000000000000e+05 
9.72206054217925e-02 1.00000000000000e+05 
9.74234737071010e-02 1.00000000000000e+05 
9.76263486129994e-02 1.00000000000000e+05 
9.78292395100484e-02 1.00000000000000e+05 
9.80321578657928e-02 1.00000000000000e+05 
9.82350812046949e-02 1.00000000000000e+05 
9.84380135734997e-02 1.00000000000000e+05 
9.86409515934773e-02 1.00000000000000e+05 
9.88439019320175e-02 1.00000000000000e+05 
9.90469498658664e-02 1.00000000000000e+05 
9.92500193304378e-02 1.00000000000000e+05 
9.94531026368856e-02 1.00000000000000e+05 
9.96562080104605e-02 1.00000000000000e+05 
9.98593317951630e-02 1.00000000000000e+05 
1.00062477403286e-01 1.00000000000000e+05 
1.00265632972059e-01 1.00000000000000e+05 
1.00468806970193e-01 1.00000000000000e+05 
1.00671992485120e-01 1.00000000000000e+05 
1.00875196069467e-01 1.00000000000000e+05 
1.01078427051103e-01 1.00000000000000e+05 
1.01281660272419e-01 1.00000000000000e+05 
1.01484890541519e-01 1.00000000000000e+05 
1.01688129812949e-01 1.00000000000000e+05 
1.01891371595155e-01 1.00000000000000e+05 
1.02094614418345e-01 1.00000000000000e+05 
1.02297866494099e-01 1.00000000000000e+05 
1.02501116073762e-01 1.00000000000000e+05 
1.02704360796802e-01 1.00000000000000e+05 
1.02907613872591e-01 1.00000000000000e+05 
1.03110868984335e-01 1.00000000000000e+05 
1.03314127058516e-01 1.00000000000000e+05 
1.03517395949098e-01 1.00000000000000e+05 
1.03720663629108e-01 1.00000000000000e+05 
1.03923926733401e-01 1.00000000000000e+05 
1.04127200897481e-01 1.00000000000000e+05 
1.04330478917017e-01 1.00000000000000e+05 
1.04533762623502e-01 1.00000000000000e+05 
1.04737060501945e-01 1.00000000000000e+05 
1.04940361739170e-01 1.00000000000000e+05 
1.05143660910149e-01 1.00000000000000e+05 
1.05346973799698e-01 1.00000000000000e+05 
1.05550295086044e-01 1.00000000000000e+05 
1.05753624129021e-01 1.00000000000000e+05 
1.05956968529725e-01 1.00000000000000e+05 
1.06160317061559e-01 1.00000000000000e+05 
1.06363659372461e-01 1.00000000000000e+05 
1.06567017954997e-01 1.00000000000000e+05 
1.06770392617398e-01 1.00000000000000e+05 
1.06973770262346e-01 1.00000000000000e+05 
1.07177164434637e-01 1.00000000000000e+05 
1.07380560543910e-01 1.00000000000000e+05 
1.07583948204170e-01 1.00000000000000e+05 
1.07787354848718e-01 1.00000000000000e+05 
1.07990778981452e-01 1.00000000000000e+05 
1.08194208089293e-01 1.00000000000000e+05 
1.08397657528490e-01 1.00000000000000e+05 
1.08601112151925e-01 1.00000000000000e+05 
1.08804561658051e-01 1.00000000000000e+05 
1.09008032864737e-01 1.00000000000000e+05 
1.09211510558888e-01 1.00000000000000e+05 
1.09415003478697e-01 1.00000000000000e+05 
1.09618516402623e-01 1.00000000000000e+05 
1.09822046752166e-01 1.00000000000000e+05 
1.10025575296676e-01 1.00000000000000e+05 
1.10229118440430e-01 1.00000000000000e+05 
1.10432666374135e-01 1.00000000000000e+05 
1.10636230419449e-01 1.00000000000000e+05 
1.10839815839459e-01 1.00000000000000e+05 
1.11043421194063e-01 1.00000000000000e+05 
1.11247032268128e-01 1.00000000000000e+05 
1.11450651841542e-01 1.00000000000000e+05 
1.11654275845896e-01 1.00000000000000e+05 
1.11857917332033e-01 1.00000000000000e+05 
1.12061581075426e-01 1.00000000000000e+05 
1.12265265698504e-01 1.00000000000000e+05 
1.12468955958985e-01 1.00000000000000e+05 
1.12672651812833e-01 1.00000000000000e+05 
1.12876348801667e-01 1.00000000000000e+05 
1.13080058659015e-01 1.00000000000000e+05 
1.13283786931764e-01 1.00000000000000e+05 
1.13487532977062e-01 1.00000000000000e+05 
1.13691282730351e-01 1.00000000000000e+05 
1.13895036007565e-01 1.00000000000000e+05 
1.14098788913352e-01 1.00000000000000e+05 
1.14302552212668e-01 1.00000000000000e+05 
1.14506331740160e-01 1.00000000000000e+05 
1.14710127909047e-01 1.00000000000000e+05 
1.14913928363676e-01 1.00000000000000e+05 
1.15117731564453e-01 1.00000000000000e+05 
1.15321533370708e-01 1.00000000000000e+05 
1.15525344807832e-01 1.00000000000000e+05 
1.15729171095599e-01 1.00000000000000e+05 
1.15933014170697e-01 1.00000000000001e+05 
1.16136861705280e-01 1.00000000000001e+05 
1.16340710350555e-01 1.00000000000001e+05 
1.16544555794356e-01 1.00000000000001e+05 
1.16748409076047e-01 1.00000000000002e+05 
1.16952274796781e-01 1.00000000000002e+05 
1.17156155333699e-01 1.00000000000003e+05 
1.17360040141573e-01 1.00000000000003e+05 
1.17563923983720e-01 1.00000000000004e+05 
1.17767802981758e-01 1.00000000000004e+05 
1.17971687834536e-01 1.00000000000004e+05 
1.18175583702514e-01 1.00000000000005e+05 
1.18379492343938e-01 1.00000000000005e+05 
1.18583403797300e-01 1.00000000000006e+05 
1.18787313141770e-01 1.00000000000010e+05 
1.18991217001107e-01 1.00000000000015e+05 
1.19195125277079e-01 1.00000000000023e+05 
1.19399042077508e-01 1.00000000000034e+05 
1.19602968570061e-01 1.00000000000049e+05 
1.19806894111149e-01 1.00000000000075e+05 
1.20010816018386e-01 1.00000000000114e+05 
1.20214731708181e-01 1.00000000000163e+05 
1.20418648625668e-01 1.00000000000222e+05 
1.20622572076577e-01 1.00000000000308e+05 
1.20826500969274e-01 1.00000000000442e+05 
1.21030413437240e-01 1.00000000000679e+05 
1.21234335010284e-01 1.00000000001049e+05 
1.21438254898179e-01 1.00000000001529e+05 
1.21642168629215e-01 1.00000000002180e+05 
1.21846086383264e-01 1.00000000003187e+05 
1.22049988954718e-01 1.00000000004894e+05 
1.22253875882176e-01 1.00000000007687e+05 
1.22457771911766e-01 1.00000000011466e+05 
1.22661668288996e-01 1.00000000017180e+05 
1.22865561909911e-01 1.00000000024398e+05 
1.23069459608982e-01 1.00000000033830e+05 
1.23273342268200e-01 1.00000000047731e+05 
1.23477209396056e-01 1.00000000067494e+05 
1.23681085229999e-01 1.00000000097105e+05 
1.23884961559866e-01 1.00000000918403e+05 
1.24088834432775e-01 1.00000003020426e+05 
1.24292733948065e-01 1.00000006619235e+05 
1.24496625974206e-01 1.00000011745694e+05 
1.24700512927523e-01 1.00000018894098e+05 
1.24904405590569e-01 1.00000027784563e+05 
1.25108297560269e-01 1.00000038455120e+05 
1.25312187583806e-01 1.00000050917103e+05 
1.25516078669884e-01 1.00000065162173e+05 
1.25719963021087e-01 1.00000080938831e+05 
1.25923843051569e-01 1.00000099121567e+05 
1.26127731092317e-01 1.00000119303576e+05 
1.26331621349257e-01 1.00000141953352e+05 
1.26535510923166e-01 1.00000166969298e+05 
1.26739398140863e-01 1.00000194821882e+05 
1.26943283347083e-01 1.00000225233133e+05 
1.27147171280577e-01 1.00000259681098e+05 
1.27351068566268e-01 1.00000298142377e+05 
1.27554972076161e-01 1.00000341622563e+05 
1.27758877882496e-01 1.00000389986272e+05 
1.27962788141340e-01 1.00000444149548e+05 
1.28166697713945e-01 1.00000504832280e+05 
1.28370609568638e-01 1.00000573259585e+05 
1.28574534982139e-01 1.00000650310427e+05 
1.28778470025510e-01 1.00000737278241e+05 
1.28982410471714e-01 1.00000834436889e+05 
1.29186357880036e-01 1.00000943452853e+05 
1.29390306648048e-01 1.00001066218231e+05 
1.29594259266871e-01 1.00001202219214e+05 
1.29798227485127e-01 1.00001353828975e+05 
1.30002207565997e-01 1.00001522481927e+05 
1.30206195920384e-01 1.00001708855040e+05 
1.30410192967482e-01 1.00001917386577e+05 
1.30614191931081e-01 1.00002146219716e+05 
1.30818194123378e-01 1.00002398905145e+05 
1.31022211332613e-01 1.00002677430534e+05 
1.31226240214222e-01 1.00002986465061e+05 
1.31430276966544e-01 1.00003321925458e+05 
1.31634322067497e-01 1.00003689356413e+05 
1.31838368822753e-01 1.00004089386576e+05 
1.32042417763146e-01 1.00004523960387e+05 
1.32246480829443e-01 1.00004992299938e+05 
1.32450555446269e-01 1.00005498141387e+05 
1.32654635581944e-01 1.00006039281830e+05 
1.32858721280190e-01 1.00006617987932e+05 
1.33062805985341e-01 1.00007234155902e+05 
1.33266891118700e-01 1.00007887178868e+05 
1.33470990677928e-01 1.00008575715579e+05 
1.33675104109246e-01 1.00009299048712e+05 
1.33879223664692e-01 1.00010057409900e+05 
1.34083350691034e-01 1.00010852934945e+05 
1.34287480577017e-01 1.00011682485451e+05 
1.34491615444318e-01 1.00012542332477e+05 
1.34695770035800e-01 1.00013430772753e+05 
1.34899944485488e-01 1.00014363315941e+05 
1.35104131786854e-01 1.00015325807341e+05 
1.35308332875762e-01 1.00016326861085e+05 
1.35512543201887e-01 1.00017361399702e+05 
1.35716763324378e-01 1.00018458678153e+05 
1.35921006604411e-01 1.00019631242099e+05 
1.36125272085579e-01 1.00020910490303e+05 
1.36329554274733e-01 1.00022309522688e+05 
1.36533852869221e-01 1.00023864541410e+05 
1.36738162101089e-01 1.00025634167868e+05 
1.36942481351335e-01 1.00027676744485e+05 
1.37146822327963e-01 1.00030055960125e+05 
1.37351182893815e-01 1.00032850399012e+05 
1.37555558575263e-01 1.00036123981347e+05 
1.37759949240673e-01 1.00039987683703e+05 
1.37964348715957e-01 1.00044546296087e+05 
1.38168755699222e-01 1.00049928638033e+05 
1.38373180939156e-01 1.00056279240644e+05 
1.38577621426738e-01 1.00063734128859e+05 
1.38782072987408e-01 1.00072396367633e+05 
1.38986535947293e-01 1.00082472837391e+05 
1.39191003376203e-01 1.00094117854967e+05 
1.39395474142012e-01 1.00107560094624e+05 
1.39599960348732e-01 1.00122897062108e+05 
1.39804458973960e-01 1.00140384627647e+05 
1.40008966909307e-01 1.00160072635689e+05 
1.40213486043684e-01 1.00182224617028e+05 
1.40418009533840e-01 1.00206999984044e+05 
1.40622536681433e-01 1.00234610494541e+05 
1.40827080847528e-01 1.00265197511674e+05 
1.41031638870435e-01 1.00298992762010e+05 
1.41236208831939e-01 1.00336043451144e+05 
1.41440792712638e-01 1.00376521019268e+05 
1.41645382850772e-01 1.00420511703502e+05 
1.41849978462435e-01 1.00468174003545e+05 
1.42054593067024e-01 1.00519534790449e+05 
1.42259223135652e-01 1.00574741690375e+05 
1.42463861916946e-01 1.00633699189272e+05 
1.42668500951022e-01 1.00696354374426e+05 
1.42873142803349e-01 1.00762653000117e+05 
1.43077789537276e-01 1.00832400770204e+05 
1.43282437981526e-01 1.00905379117664e+05 
1.43487087914883e-01 1.00981467885754e+05 
1.43691739548741e-01 1.01060220291235e+05 
1.43896392469766e-01 1.01141631935949e+05 
1.44101049261833e-01 1.01224749987472e+05 
1.44305712211683e-01 1.01309249085440e+05 
1.44510377858047e-01 1.01394672513405e+05 
1.44715045598852e-01 1.01480717398579e+05 
1.44919715632318e-01 1.01566756650760e+05 
1.45124388154853e-01 1.01651878261461e+05 
1.45329065799807e-01 1.01735730540400e+05 
1.45533750773255e-01 1.01817671030185e+05 
1.45738439387939e-01 1.01896891344780e+05 
1.45943130826611e-01 1.01972540349311e+05 
1.46147825204451e-01 1.02044160102815e+05 
1.46352523251099e-01 1.02112046693222e+05 
1.46557227572815e-01 1.02174338467137e+05 
1.46761940378838e-01 1.02230155738103e+05 
1.46966657997447e-01 1.02278327751931e+05 
1.47171379517353e-01 1.02323502404158e+05 
1.47376105319203e-01 1.02360709505281e+05 
1.47580836795163e-01 1.02387448924275e+05 
1.47785576489415e-01 1.02405505104782e+05 
1.47990326516363e-01 1.02416013364491e+05 
1.48195083093154e-01 1.02420051389200e+05 
1.48399844922019e-01 1.02411726717195e+05 
1.48604612905719e-01 1.02403461534618e+05 
1.48809388953600e-01 1.02395083061022e+05 
1.49014175555749e-01 1.02386154763202e+05 
1.49218974271718e-01 1.02374413364586e+05 
1.49423780817890e-01 1.02359754495934e+05 
1.49628593454100e-01 1.02340577270867e+05 
1.49833413039152e-01 1.02316596793560e+05 
1.50038241432157e-01 1.02286956683159e+05 
1.50243081641557e-01 1.02252601513996e+05 
1.50447935035258e-01 1.02213967882258e+05 
1.50652796793017e-01 1.02171044592775e+05 
1.50857666114387e-01 1.02123420810293e+05 
1.51062544014467e-01 1.02072248617505e+05 
1.51267432171080e-01 1.02017482620718e+05 
1.51472334274904e-01 1.01959805348003e+05 
1.51677251031168e-01 1.01899420587620e+05 
1.51882177070302e-01 1.01836146193184e+05 
1.52087111841198e-01 1.01769998340151e+05 
1.52292056397842e-01 1.01701682857014e+05 
1.52497012222245e-01 1.01631265920992e+05 
1.52701983446519e-01 1.01559222884199e+05 
1.52906970390258e-01 1.01485713143305e+05 
1.53111967581758e-01 1.01410941238771e+05 
1.53316975110250e-01 1.01335027865529e+05 
1.53521993968220e-01 1.01258235182318e+05 
1.53727025763126e-01 1.01180738683587e+05 
1.53932074607653e-01 1.01102709743936e+05 
1.54137140374614e-01 1.01024507572160e+05 
1.54342217595671e-01 1.00946164635602e+05 
1.54547306408589e-01 1.00868176864624e+05 
1.54752407773174e-01 1.00790242149071e+05 
1.54957523191319e-01 1.00712573038704e+05 
1.55162656577381e-01 1.00635102516977e+05 
1.55367807411859e-01 1.00558229924941e+05 
1.55572970382858e-01 1.00482264845047e+05 
1.55778145588321e-01 1.00407591527936e+05 
1.55983334164963e-01 1.00333795738427e+05 
1.56188537439914e-01 1.00261322296120e+05 
1.56393759091934e-01 1.00189984997923e+05 
1.56598998383970e-01 1.00120223034867e+05 
1.56804250315419e-01 1.00052180487734e+05 
1.57009514778062e-01 9.99864991400731e+04 
1.57214793136016e-01 9.99224244890266e+04 
1.57420086766151e-01 9.98604881213171e+04 
1.57625399093743e-01 9.98004523319557e+04 
1.57830729375302e-01 9.97426619868965e+04 
1.58036072792761e-01 9.96872238767074e+04 
1.58241428773395e-01 9.96344028712342e+04 
1.58446798828347e-01 9.95835053093403e+04 
1.58652183947806e-01 9.95350865974276e+04 
1.58857587269080e-01 9.94888092082872e+04 
1.59063007955477e-01 9.94444344899607e+04 
1.59268441348891e-01 9.94020504577171e+04 
1.59473886778280e-01 9.93625823213398e+04 
1.59679345993046e-01 9.93244793138796e+04 
1.59884819664926e-01 9.92882406969323e+04 
1.60090310842854e-01 9.92529911566747e+04 
1.60295818515412e-01 9.92195882011286e+04 
1.60501338377684e-01 9.91876707680856e+04 
1.60706869614302e-01 9.91583009809413e+04 
1.60912414064469e-01 9.91294229616067e+04 
1.61117972046678e-01 9.91026081577781e+04 
1.61323546300015e-01 9.90768135965334e+04 
1.61529135779494e-01 9.90529316636286e+04 
1.61734736619947e-01 9.90304165675315e+04 
1.61940347903400e-01 9.90103317914941e+04 
1.62145971561975e-01 9.89914992942903e+04 
1.62351607754502e-01 9.89750404719439e+04 
1.62557258831077e-01 9.89596696007780e+04 
1.62762923871510e-01 9.89449819219462e+04 
1.62968599404221e-01 9.89359719751366e+04 
1.63174284270291e-01 9.89317537193098e+04 
1.63379980319277e-01 9.89305372505729e+04 
1.63585687597962e-01 9.89325894103632e+04 
1.63791408161659e-01 9.89368567142519e+04 
1.63997141247044e-01 9.89439631139116e+04 
1.64202883598904e-01 9.89545499247939e+04 
1.64408633926329e-01 9.89666951610898e+04 
1.64614393983965e-01 9.89789580846812e+04 
1.64820163714648e-01 9.89925175189576e+04 
1.65025945051438e-01 9.90081274788772e+04 
1.65231737369736e-01 9.90258181050411e+04 
1.65437537575022e-01 9.90452806558887e+04 
1.65643344398792e-01 9.90675396284164e+04 
1.65849159465403e-01 9.90910562555564e+04 
1.66054982777560e-01 9.91159307638720e+04 
1.66260816236849e-01 9.91413941241956e+04 
1.66466659457215e-01 9.91677869043040e+04 
1.66672509405204e-01 9.91946059154915e+04 
1.66878364835544e-01 9.92227669947087e+04 
1.67084227201609e-01 9.92509173569144e+04 
1.67290096469995e-01 9.92790192079534e+04 
1.67495974539294e-01 9.93063154717119e+04 
1.67701861301982e-01 9.93335913572323e+04 
1.67907753695859e-01 9.93595696997987e+04 
1.68113650602572e-01 9.93852858201448e+04 
1.68319553277153e-01 9.94094539624808e+04 
1.68525461635235e-01 9.94324059305209e+04 
1.68731377707151e-01 9.94543273338794e+04 
1.68937301775549e-01 9.94753320140439e+04 
1.69143230826188e-01 9.94950265002476e+04 
1.69349163904788e-01 9.95141722791620e+04 
1.69555102177199e-01 9.95314790356260e+04 
1.69761045542061e-01 9.95471335631706e+04 
1.69966996069250e-01 9.95608173227366e+04 
1.70172954337328e-01 9.95728888877425e+04 
1.70378917322320e-01 9.95828630355043e+04 
1.70584884177643e-01 9.95919070374405e+04 
1.70790855954353e-01 9.95997440113524e+04 
1.70996832486480e-01 9.96052309390099e+04 
1.71202815916257e-01 9.96071877973862e+04 
1.71408806940467e-01 9.96093287473756e+04 
1.71614802452204e-01 9.96111321329436e+04 
1.71820801732036e-01 9.96127903671978e+04 
1.72026805793515e-01 9.96139928102595e+04 
1.72232814174777e-01 9.96145587226874e+04 
1.72438829041754e-01 9.96142366134386e+04 
1.72644851159333e-01 9.96132100904643e+04 
1.72850877463218e-01 9.96109879442069e+04 
1.73056907442092e-01 9.96076897472823e+04 
1.73262941993436e-01 9.96033462176876e+04 
1.73468980389950e-01 9.95976854743428e+04 
1.73675024965963e-01 9.95908297840554e+04 
1.73881076741031e-01 9.95833271149339e+04 
1.74087132793999e-01 9.95743897404900e+04 
1.74293192933699e-01 9.95640786584015e+04 
1.74499257995283e-01 9.95529029213974e+04 
1.74705327193638e-01 9.95402801853740e+04 
1.74911403033017e-01 9.95264909770225e+04 
1.75117486623307e-01 9.95118315063086e+04 
1.75323575009097e-01 9.94962290653351e+04 
1.75529668164114e-01 9.94802931886226e+04 
1.75735766953135e-01 9.94638856769173e+04 
1.75941870702721e-01 9.94468698183127e+04 
1.76147982028101e-01 9.94293679945936e+04 
1.76354101981323e-01 9.94111754848746e+04 
1.76560227416499e-01 9.93926646965783e+04 
1.76766358229988e-01 9.93739623261301e+04 
1.76972495429454e-01 9.93549265378631e+04 
1.77178638365296e-01 9.93355461837183e+04 
1.77384789628653e-01 9.93159612320156e+04 
1.77590949940998e-01 9.92963311642980e+04 
1.77797115924260e-01 9.92764070894655e+04 
1.78003287287484e-01 9.92567416992409e+04 
1.78209465196529e-01 9.92373567641964e+04 
1.78415649203327e-01 9.92181591279604e+04 
1.78621841831539e-01 9.91990718575842e+04 
1.78828043511313e-01 9.91802297034327e+04 
1.79034250665274e-01 9.91615271787037e+04 
1.79240462821380e-01 9.91433062933201e+04 
1.79446681300563e-01 9.91254209135377e+04 
1.79652906023730e-01 9.91078992330602e+04 
1.79859139419930e-01 9.90909312788445e+04 
1.80065381711744e-01 9.90746180762620e+04 
1.80271629202558e-01 9.90588570340006e+04 
1.80477881277702e-01 9.90441953261422e+04 
1.80684139422430e-01 9.90302442937544e+04 
1.80890403946047e-01 9.90170417130833e+04 
1.81096677257852e-01 9.90034490439472e+04 
1.81302959358220e-01 9.89922606443525e+04 
1.81509246393911e-01 9.89827523010542e+04 
1.81715537683658e-01 9.89749047268603e+04 
1.81921834829292e-01 9.89684329507516e+04 
1.82128138181404e-01 9.89631879012288e+04 
1.82334450106572e-01 9.89597263565153e+04 
1.82540770440866e-01 9.89565540977181e+04 
1.82747095309815e-01 9.89534179628395e+04 
1.82953424085313e-01 9.89512166739894e+04 
1.83159758276414e-01 9.89496515787138e+04 
1.83366098111145e-01 9.89492800563149e+04 
1.83572445980230e-01 9.89500329042392e+04 
1.83778801676091e-01 9.89520711110430e+04 
1.83985161458016e-01 9.89551016840255e+04 
1.84191524827844e-01 9.89594666549831e+04 
1.84397893112602e-01 9.89649149719426e+04 
1.84604266250820e-01 9.89713323897266e+04 
1.84810646692647e-01 9.89787671886627e+04 
1.85017034381483e-01 9.89874887782274e+04 
1.85223425816467e-01 9.89972268992549e+04 
1.85429820697425e-01 9.90082542262670e+04 
1.85636220177386e-01 9.90202942185130e+04 
1.85842624122606e-01 9.90332618382414e+04 
1.86049034853529e-01 9.90470014300868e+04 
1.86255452518421e-01 9.90619763771030e+04 
1.86461873816115e-01 9.90778292199383e+04 
1.86668298373559e-01 9.90947724210951e+04 
1.86874727180586e-01 9.91126662874488e+04 
1.87081160246526e-01 9.91312683490475e+04 
1.87287599707387e-01 9.91504191338711e+04 
1.87494045985947e-01 9.91702485642679e+04 
1.87700495876548e-01 9.91903180817607e+04 
1.87906948799255e-01 9.92112952870716e+04 
1.88113405622493e-01 9.92329990920121e+04 
1.88319866583984e-01 9.92553035181805e+04 
1.88526333676523e-01 9.92782480344753e+04 
1.88732807415252e-01 9.93019497144762e+04 
1.88939284547523e-01 9.93261322303855e+04 
1.89145764248736e-01 9.93509226136235e+04 
1.89309538075416e-01 9.93710540336314e+04 
1.89488728588224e-01 9.93933944868031e+04 
1.89685838152313e-01 9.94184519512656e+04 
1.89892318599980e-01 9.94453543985193e+04 
1.90078240336791e-01 9.94698794108462e+04 
1.90272584210966e-01 9.94959604256892e+04 
1.90471247569184e-01 9.95231026303492e+04 
1.90661000136027e-01 9.95492202808569e+04 
1.90857601080253e-01 9.95766301371840e+04 
1.91051300188677e-01 9.96040381143169e+04 
1.91251425173225e-01 9.96324636730128e+04 
1.91450553597558e-01 9.96609994223313e+04 
1.91645648141499e-01 9.96890876537763e+04 
1.91848427254765e-01 9.97181107389105e+04 
1.92045254766626e-01 9.97463100676444e+04 
1.92250542332210e-01 9.97757577998623e+04 
1.92457024040365e-01 9.98051957884858e+04 
1.92663525993509e-01 9.98344222184712e+04 
1.92870046587625e-01 9.98635579875336e+04 
1.93076585590716e-01 9.98922584824076e+04 
1.93283142508593e-01 9.99207113455274e+04 
1.93489717573460e-01 9.99488834063781e+04 
1.93696305735736e-01 9.99765918923892e+04 
1.93902905632088e-01 1.00003838324368e+05 
1.94109518119645e-01 1.00030840832948e+05 
1.94316142490353e-01 1.00057259117832e+05 
1.94522778133288e-01 1.00083294925786e+05 
1.94729422103113e-01 1.00108931325383e+05 
1.94936067917419e-01 1.00133949128285e+05 
1.95142710419651e-01 1.00158354088073e+05 
1.95349346740681e-01 1.00182411929420e+05 
1.95555970855484e-01 1.00205783435920e+05 
1.95762580918290e-01 1.00228688660913e+05 
1.95969177600859e-01 1.00251116555661e+05 
1.96175758534016e-01 1.00272798740371e+05 
1.96382322569186e-01 1.00293842145165e+05 
1.96588870297729e-01 1.00314364704464e+05 
1.96795400883882e-01 1.00334080883151e+05 
1.97001918266295e-01 1.00353175443865e+05 
1.97208429963415e-01 1.00371553351444e+05 
1.97414936639264e-01 1.00389109435262e+05 
1.97621440949006e-01 1.00405934414025e+05 
1.97827945957345e-01 1.00422003866205e+05 
1.98034453789194e-01 1.00437073550882e+05 
1.98240968653276e-01 1.00451289989590e+05 
1.98447494073927e-01 1.00464675919359e+05 
1.98654026693404e-01 1.00477009409638e+05 
1.98860566551047e-01 1.00488414331324e+05 
1.99067114371492e-01 1.00498951817704e+05 
1.99273669531909e-01 1.00508460390282e+05 
1.99480234215972e-01 1.00517133584288e+05 
1.99686809653193e-01 1.00525006748985e+05 
1.99893391229024e-01 1.00531926778443e+05 
2.00099978140166e-01 1.00538064485564e+05 
2.00306571347443e-01 1.00543428867661e+05 
