# Liste des scalaires : TEMPS pmat 
0.00000000000000e+00 1.00000000000000e+05 
5.42217668469038e-05 1.00000000000000e+05 
9.86236878425964e-05 1.00000000000000e+05 
1.31919470018763e-04 1.00000000000000e+05 
1.58064376788629e-04 1.00000000000000e+05 
1.80228446887431e-04 1.00000000000000e+05 
1.99820351623751e-04 1.00000000000000e+05 
2.17767185230338e-04 1.00000000000000e+05 
2.34691213552810e-04 1.00000000000000e+05 
2.53307644707529e-04 1.00000000000000e+05 
2.73785718977720e-04 1.00000000000000e+05 
2.96311600674930e-04 1.00000000000000e+05 
3.21090070541861e-04 1.00000000000000e+05 
3.48346387395485e-04 1.00000000000000e+05 
3.78328335934471e-04 1.00000000000000e+05 
4.11308479327357e-04 1.00000000000000e+05 
4.47586637059530e-04 1.00000000000000e+05 
4.87492610564922e-04 1.00000000000000e+05 
5.31389181420852e-04 1.00000000000000e+05 
5.79675409362375e-04 1.00000000000000e+05 
6.28755757944282e-04 1.00000000000000e+05 
6.78962669552766e-04 1.00000000000000e+05 
7.30108346591681e-04 1.00000000000000e+05 
7.82007954486532e-04 1.00000000000000e+05 
8.35995491472282e-04 1.00000000000000e+05 
8.90072302206472e-04 1.00000000000000e+05 
9.45720641987674e-04 1.00000000000000e+05 
1.00252098056665e-03 1.00000000000000e+05 
1.05997500588321e-03 1.00000000000000e+05 
1.11930787715092e-03 1.00000000000000e+05 
1.18002179306507e-03 1.00000000000000e+05 
1.24124307724345e-03 1.00000000000000e+05 
1.30370013971936e-03 1.00000000000000e+05 
1.36766627181883e-03 1.00000000000000e+05 
1.43254406121494e-03 1.00000000000000e+05 
1.49845664343410e-03 1.00000000000000e+05 
1.56564003040397e-03 1.00000000000000e+05 
1.63388114696672e-03 1.00000000000000e+05 
1.70303244384514e-03 1.00000000000000e+05 
1.77362194790928e-03 1.00000000000000e+05 
1.84596641227274e-03 1.00000000000000e+05 
1.91920233116043e-03 1.00000000000000e+05 
1.99324442188744e-03 1.00000000000000e+05 
2.06837891718396e-03 1.00000000000000e+05 
2.14489351903440e-03 1.00000000000000e+05 
2.22240954046740e-03 1.00000000000000e+05 
2.30127267414677e-03 1.00000000000000e+05 
2.38190913558508e-03 1.00000000000000e+05 
2.46470865113938e-03 1.00000000000000e+05 
2.55002701606742e-03 1.00000000000000e+05 
2.63371687536648e-03 1.00000000000000e+05 
2.71830406432350e-03 1.00000000000000e+05 
2.80453482945511e-03 1.00000000000000e+05 
2.89208660844310e-03 1.00000000000000e+05 
2.98117622426141e-03 1.00000000000000e+05 
3.07213122401910e-03 1.00000000000000e+05 
3.16514658427329e-03 1.00000000000000e+05 
3.25979157018320e-03 1.00000000000000e+05 
3.35477953571504e-03 1.00000000000000e+05 
3.44775050285631e-03 1.00000000000000e+05 
3.53580132032409e-03 1.00000000000000e+05 
3.62057652270070e-03 1.00000000000000e+05 
3.70377869203320e-03 1.00000000000000e+05 
3.78455957062831e-03 1.00000000000000e+05 
3.86464035298059e-03 1.00000000000000e+05 
3.95054631791836e-03 1.00000000000000e+05 
4.03468934202734e-03 1.00000000000000e+05 
4.11725475557132e-03 1.00000000000000e+05 
4.19853901174577e-03 1.00000000000000e+05 
4.27910288228024e-03 1.00000000000000e+05 
4.35912245889483e-03 1.00000000000000e+05 
4.43885588230025e-03 1.00000000000000e+05 
4.51850520253260e-03 1.00000000000000e+05 
4.59819510322739e-03 1.00000000000000e+05 
4.67830245645085e-03 1.00000000000000e+05 
4.76294989421035e-03 1.00000000000000e+05 
4.84707226029982e-03 1.00000000000000e+05 
4.93081687775194e-03 1.00000000000000e+05 
5.01430295915129e-03 1.00000000000000e+05 
5.09769158117694e-03 1.00000000000000e+05 
5.18106621657063e-03 1.00000000000000e+05 
5.26450963016442e-03 1.00000000000000e+05 
5.34812488916848e-03 1.00000000000000e+05 
5.43195021184069e-03 1.00000000000000e+05 
5.51603232454436e-03 1.00000000000000e+05 
5.60051441675652e-03 1.00000000000000e+05 
5.68528192908190e-03 1.00000000000000e+05 
5.77042785272831e-03 1.00000000000000e+05 
5.85605816175725e-03 1.00000000000000e+05 
5.94215696714933e-03 1.00000000000000e+05 
6.02873444141238e-03 1.00000000000000e+05 
6.11743701304424e-03 1.00000000000000e+05 
6.20648018853775e-03 1.00000000000000e+05 
6.29579144219517e-03 1.00000000000000e+05 
6.38549339391381e-03 1.00000000000000e+05 
6.47547689950586e-03 1.00000000000000e+05 
6.56572771385135e-03 1.00000000000000e+05 
6.65635801240168e-03 1.00000000000000e+05 
6.74736561163635e-03 1.00000000000000e+05 
6.83881217671678e-03 1.00000000000000e+05 
6.93074635011668e-03 1.00000000000000e+05 
7.02285900926700e-03 1.00000000000000e+05 
7.11501973954781e-03 1.00000000000000e+05 
7.20736352017273e-03 1.00000000000000e+05 
7.29993654325837e-03 1.00000000000000e+05 
7.39269904550389e-03 1.00000000000000e+05 
7.48581061559803e-03 1.00000000000000e+05 
7.57920527992065e-03 1.00000000000000e+05 
7.67282980277347e-03 1.00000000000000e+05 
7.76679883178920e-03 1.00000000000000e+05 
7.86106315906755e-03 1.00000000000000e+05 
7.95773775400046e-03 1.00000000000000e+05 
8.05272860828470e-03 1.00000000000000e+05 
8.14802864112095e-03 1.00000000000000e+05 
8.24364033821450e-03 1.00000000000000e+05 
8.33959819337883e-03 1.00000000000000e+05 
8.43805182424254e-03 1.00000000000000e+05 
8.53685500175874e-03 1.00000000000000e+05 
8.63380588506708e-03 1.00000000000000e+05 
8.73107737149364e-03 1.00000000000000e+05 
8.83051119564250e-03 1.00000000000000e+05 
8.92849693806814e-03 1.00000000000000e+05 
9.02849944809524e-03 1.00000000000000e+05 
9.12872663692201e-03 1.00000000000000e+05 
9.22921985160762e-03 1.00000000000000e+05 
9.32858669444730e-03 1.00000000000000e+05 
9.42935848404061e-03 1.00000000000000e+05 
9.52941359346246e-03 1.00000000000000e+05 
9.63043371253112e-03 1.00000000000000e+05 
9.73120124735417e-03 1.00000000000000e+05 
9.83226789929224e-03 1.00000000000000e+05 
9.93286416689219e-03 1.00000000000000e+05 
1.00333807595834e-02 1.00000000000000e+05 
1.01338292716959e-02 1.00000000000000e+05 
1.02342575854465e-02 1.00000000000000e+05 
1.03344741778112e-02 1.00000000000000e+05 
1.04345195965845e-02 1.00000000000000e+05 
1.05345491030786e-02 1.00000000000000e+05 
1.06345330515009e-02 1.00000000000000e+05 
1.07344087373715e-02 1.00000000000000e+05 
1.08342871168659e-02 1.00000000000000e+05 
1.09344175791501e-02 1.00000000000000e+05 
1.10346061152771e-02 1.00000000000000e+05 
1.11349647993678e-02 1.00000000000000e+05 
1.12355727391374e-02 1.00000000000000e+05 
1.13362481671667e-02 1.00000000000000e+05 
1.14370344691368e-02 1.00000000000000e+05 
1.15380388177294e-02 1.00000000000000e+05 
1.16387043596727e-02 1.00000000000000e+05 
1.17393868242050e-02 1.00000000000000e+05 
1.18402571909777e-02 1.00000000000000e+05 
1.19412583762039e-02 1.00000000000000e+05 
1.20423850069337e-02 1.00000000000000e+05 
1.21433255611319e-02 1.00000000000000e+05 
1.22442375938303e-02 1.00000000000000e+05 
1.23444197185237e-02 1.00000000000000e+05 
1.24446050378580e-02 1.00000000000000e+05 
1.25448422371662e-02 1.00000000000000e+05 
1.26450270668059e-02 1.00000000000000e+05 
1.27447904019794e-02 1.00000000000000e+05 
1.28443419379295e-02 1.00000000000000e+05 
1.29439246224560e-02 1.00000000000000e+05 
1.30436926880964e-02 1.00000000000000e+05 
1.31435814919069e-02 1.00000000000000e+05 
1.32436670370008e-02 1.00000000000000e+05 
1.33440364776387e-02 1.00000000000000e+05 
1.34446111110349e-02 1.00000000000000e+05 
1.35454769105740e-02 1.00000000000000e+05 
1.36466277816005e-02 1.00000000000000e+05 
1.37480323536256e-02 1.00000000000000e+05 
1.38492771152487e-02 1.00000000000000e+05 
1.39500974095828e-02 1.00000000000000e+05 
1.40507832472737e-02 1.00000000000000e+05 
1.41515014953138e-02 1.00000000000000e+05 
1.42524141248897e-02 1.00000000000000e+05 
1.43535517195397e-02 1.00000000000000e+05 
1.44538918199492e-02 1.00000000000000e+05 
1.45541337495548e-02 1.00000000000000e+05 
1.46543320274535e-02 1.00000000000000e+05 
1.47545787302809e-02 1.00000000000000e+05 
1.48548925757818e-02 1.00000000000000e+05 
1.49552410772016e-02 1.00000000000000e+05 
1.50555047225193e-02 1.00000000000000e+05 
1.51556263515350e-02 1.00000000000000e+05 
1.52558019857073e-02 1.00000000000000e+05 
1.53558548040384e-02 1.00000000000000e+05 
1.54559970204375e-02 1.00000000000000e+05 
1.55564958381055e-02 1.00000000000000e+05 
1.56573919756343e-02 1.00000000000000e+05 
1.57586745763532e-02 1.00000000000000e+05 
1.58599737201338e-02 1.00000000000000e+05 
1.59613823447569e-02 1.00000000000000e+05 
1.60629132737284e-02 1.00000000000000e+05 
1.61645903626159e-02 1.00000000000000e+05 
1.62664162809367e-02 1.00000000000000e+05 
1.63684090780611e-02 1.00000000000000e+05 
1.64704581918650e-02 1.00000000000000e+05 
1.65725612572283e-02 1.00000000000000e+05 
1.66746912672236e-02 1.00000000000000e+05 
1.67766974831493e-02 1.00000000000000e+05 
1.68786131955107e-02 1.00000000000000e+05 
1.69804223552019e-02 1.00000000000000e+05 
1.70821135542569e-02 1.00000000000000e+05 
1.71834922993408e-02 1.00000000000000e+05 
1.72847005826943e-02 1.00000000000000e+05 
1.73857666859908e-02 1.00000000000000e+05 
1.74873789054125e-02 1.00000000000000e+05 
1.75892866588805e-02 1.00000000000000e+05 
1.76914860400272e-02 1.00000000000000e+05 
1.77937447603361e-02 1.00000000000000e+05 
1.78962111512448e-02 1.00000000000000e+05 
1.79986819802926e-02 1.00000000000000e+05 
1.81009829830648e-02 1.00000000000000e+05 
1.82031295792299e-02 1.00000000000000e+05 
1.83043665656421e-02 1.00000000000000e+05 
1.84058598778632e-02 1.00000000000000e+05 
1.85076564606980e-02 1.00000000000000e+05 
1.86097206034890e-02 1.00000000000000e+05 
1.87119799358820e-02 1.00000000000000e+05 
1.88142309835996e-02 1.00000000000000e+05 
1.89163594218876e-02 1.00000000000000e+05 
1.90181882035160e-02 1.00000000000000e+05 
1.91200637566306e-02 1.00000000000000e+05 
1.92219484095726e-02 1.00000000000000e+05 
1.93238391663503e-02 1.00000000000000e+05 
1.94257955414298e-02 1.00000000000000e+05 
1.95277650821203e-02 1.00000000000000e+05 
1.96298176254162e-02 1.00000000000000e+05 
1.97319675475830e-02 1.00000000000000e+05 
1.98342011661611e-02 1.00000000000000e+05 
1.99367227092889e-02 1.00000000000000e+05 
2.00393557074296e-02 1.00000000000000e+05 
2.01420721554334e-02 1.00000000000000e+05 
2.02447600831719e-02 1.00000000000000e+05 
2.03474825092336e-02 1.00000000000000e+05 
2.04498786996069e-02 1.00000000000000e+05 
2.05522361554120e-02 1.00000000000000e+05 
2.06545346088819e-02 1.00000000000000e+05 
2.07568062506952e-02 1.00000000000000e+05 
2.08590041941325e-02 1.00000000000000e+05 
2.09612279560094e-02 1.00000000000000e+05 
2.10635515857763e-02 1.00000000000000e+05 
2.11657721279017e-02 1.00000000000000e+05 
2.12679865948548e-02 1.00000000000000e+05 
2.13701635308108e-02 1.00000000000000e+05 
2.14723362081634e-02 1.00000000000000e+05 
2.15745444645194e-02 1.00000000000000e+05 
2.16767676250065e-02 1.00000000000000e+05 
2.17790163305905e-02 1.00000000000000e+05 
2.18813331114727e-02 1.00000000000000e+05 
2.19836618425054e-02 1.00000000000000e+05 
2.20857232468787e-02 1.00000000000000e+05 
2.21876811890732e-02 1.00000000000000e+05 
2.22896941942811e-02 1.00000000000000e+05 
2.23917981467733e-02 1.00000000000000e+05 
2.24941056047408e-02 1.00000000000000e+05 
2.25965466759752e-02 1.00000000000000e+05 
2.26988711564606e-02 1.00000000000000e+05 
2.28011054318460e-02 1.00000000000000e+05 
2.29032969306445e-02 1.00000000000000e+05 
2.30055210301084e-02 1.00000000000000e+05 
2.31077609233369e-02 1.00000000000000e+05 
2.32100376183126e-02 1.00000000000000e+05 
2.33123515384670e-02 1.00000000000000e+05 
2.34147321531567e-02 1.00000000000000e+05 
2.35171331481506e-02 1.00000000000000e+05 
2.36196130157041e-02 1.00000000000000e+05 
2.37221078618472e-02 1.00000000000000e+05 
2.38243549774583e-02 1.00000000000000e+05 
2.39265461757583e-02 1.00000000000000e+05 
2.40289813018045e-02 1.00000000000000e+05 
2.41314683257461e-02 1.00000000000000e+05 
2.42338626237770e-02 1.00000000000000e+05 
2.43361792637489e-02 1.00000000000000e+05 
2.44384765241848e-02 1.00000000000000e+05 
2.45408340472433e-02 1.00000000000000e+05 
2.46432998895335e-02 1.00000000000000e+05 
2.47458288911040e-02 1.00000000000000e+05 
2.48484596123783e-02 1.00000000000000e+05 
2.49511589454547e-02 1.00000000000000e+05 
2.50538470984378e-02 1.00000000000000e+05 
2.51568150964791e-02 1.00000000000000e+05 
2.52597276111055e-02 1.00000000000000e+05 
2.53626053674941e-02 1.00000000000000e+05 
2.54655628339106e-02 1.00000000000000e+05 
2.55686806003286e-02 1.00000000000000e+05 
2.56720001352208e-02 1.00000000000000e+05 
2.57753265276205e-02 1.00000000000000e+05 
2.58784648629757e-02 1.00000000000000e+05 
2.59817510752892e-02 1.00000000000000e+05 
2.60850835572688e-02 1.00000000000000e+05 
2.61885570049445e-02 1.00000000000000e+05 
2.62919221120328e-02 1.00000000000000e+05 
2.63951663528997e-02 1.00000000000000e+05 
2.64982950593496e-02 1.00000000000000e+05 
2.66013014778637e-02 1.00000000000000e+05 
2.67041567477681e-02 1.00000000000000e+05 
2.68069161324645e-02 1.00000000000000e+05 
2.69095215242596e-02 1.00000000000000e+05 
2.70119887347669e-02 1.00000000000000e+05 
2.71143999538822e-02 1.00000000000000e+05 
2.72167963720562e-02 1.00000000000000e+05 
2.73192831999864e-02 1.00000000000000e+05 
2.74219543031547e-02 1.00000000000000e+05 
2.75244958364715e-02 1.00000000000000e+05 
2.76267846151683e-02 1.00000000000000e+05 
2.77288924938646e-02 1.00000000000000e+05 
2.78308218106711e-02 1.00000000000000e+05 
2.79326258524719e-02 1.00000000000000e+05 
2.80343991615704e-02 1.00000000000000e+05 
2.81360448015480e-02 1.00000000000000e+05 
2.82375342456939e-02 1.00000000000000e+05 
2.83389728295283e-02 1.00000000000000e+05 
2.84405712491535e-02 1.00000000000000e+05 
2.85423460576761e-02 1.00000000000000e+05 
2.86445465128810e-02 1.00000000000000e+05 
2.87471141072488e-02 1.00000000000000e+05 
2.88496089912053e-02 1.00000000000000e+05 
2.89521266083843e-02 1.00000000000000e+05 
2.90546405072084e-02 1.00000000000000e+05 
2.91571605855951e-02 1.00000000000000e+05 
2.92596962329281e-02 1.00000000000000e+05 
2.93621452497272e-02 1.00000000000000e+05 
2.94645358786850e-02 1.00000000000000e+05 
2.95669321302419e-02 1.00000000000000e+05 
2.96693593521252e-02 1.00000000000000e+05 
2.97718209455069e-02 1.00000000000000e+05 
2.98744634612998e-02 1.00000000000000e+05 
2.99772287156207e-02 1.00000000000000e+05 
3.00804271486205e-02 1.00000000000000e+05 
3.01840904265164e-02 1.00000000000000e+05 
3.02880984518783e-02 1.00000000000000e+05 
3.03921670474174e-02 1.00000000000000e+05 
3.04962204519550e-02 1.00000000000000e+05 
3.06002035424085e-02 1.00000000000000e+05 
3.07041950726788e-02 1.00000000000000e+05 
3.08081050935465e-02 1.00000000000000e+05 
3.09120099155982e-02 1.00000000000000e+05 
3.10159689370378e-02 1.00000000000000e+05 
3.11197686560983e-02 1.00000000000000e+05 
3.12235385643874e-02 1.00000000000000e+05 
3.13273123114879e-02 1.00000000000000e+05 
3.14310234403259e-02 1.00000000000000e+05 
3.15347421569802e-02 1.00000000000000e+05 
3.16385754398503e-02 1.00000000000000e+05 
3.17422256244372e-02 1.00000000000000e+05 
3.18458517585700e-02 1.00000000000000e+05 
3.19494879636991e-02 1.00000000000000e+05 
3.20530884329997e-02 1.00000000000000e+05 
3.21567024813889e-02 1.00000000000000e+05 
3.22604485647000e-02 1.00000000000000e+05 
3.23640146417163e-02 1.00000000000000e+05 
3.24675573716091e-02 1.00000000000000e+05 
3.25711214362047e-02 1.00000000000000e+05 
3.26746801843944e-02 1.00000000000000e+05 
3.27783225750882e-02 1.00000000000000e+05 
3.28820448902264e-02 1.00000000000000e+05 
3.29855782829873e-02 1.00000000000000e+05 
3.30891881448496e-02 1.00000000000000e+05 
3.31927637111417e-02 1.00000000000000e+05 
3.32959442324843e-02 1.00000000000000e+05 
3.33993671459413e-02 1.00000000000000e+05 
3.35025927242219e-02 1.00000000000000e+05 
3.36057023850135e-02 1.00000000000000e+05 
3.37087981229387e-02 1.00000000000000e+05 
3.38119543466106e-02 1.00000000000000e+05 
3.39147618069606e-02 1.00000000000000e+05 
3.40178305532424e-02 1.00000000000000e+05 
3.41206177215769e-02 1.00000000000000e+05 
3.42235660266119e-02 1.00000000000000e+05 
3.43264681026514e-02 1.00000000000000e+05 
3.44300076897922e-02 1.00000000000000e+05 
3.45335787267209e-02 1.00000000000000e+05 
3.46374299522263e-02 1.00000000000000e+05 
3.47409215220969e-02 1.00000000000000e+05 
3.48447611253855e-02 1.00000000000000e+05 
3.49486095896269e-02 1.00000000000000e+05 
3.50523882934438e-02 1.00000000000000e+05 
3.51561640973829e-02 1.00000000000000e+05 
3.52597263883514e-02 1.00000000000000e+05 
3.53631216740957e-02 1.00000000000000e+05 
3.54664407261754e-02 1.00000000000000e+05 
3.55697336113653e-02 1.00000000000000e+05 
3.56729776131850e-02 1.00000000000000e+05 
3.57760686759252e-02 1.00000000000000e+05 
3.58792251584747e-02 1.00000000000000e+05 
3.59822280251031e-02 1.00000000000000e+05 
3.60851954482904e-02 1.00000000000000e+05 
3.61883557500020e-02 1.00000000000000e+05 
3.62917781213548e-02 1.00000000000000e+05 
3.63952470350003e-02 1.00000000000000e+05 
3.64990320766803e-02 1.00000000000000e+05 
3.66027997692724e-02 1.00000000000000e+05 
3.67067474267048e-02 1.00000000000000e+05 
3.68109600121658e-02 1.00000000000000e+05 
3.69154641311924e-02 1.00000000000000e+05 
3.70201302678680e-02 1.00000000000000e+05 
3.71240092686788e-02 1.00000000000000e+05 
3.72282941940184e-02 1.00000000000000e+05 
3.73327054568305e-02 1.00000000000000e+05 
3.74370144305949e-02 1.00000000000000e+05 
3.75405417485069e-02 1.00000000000000e+05 
3.76440216818126e-02 1.00000000000000e+05 
3.77471795382672e-02 1.00000000000000e+05 
3.78507222437169e-02 1.00000000000000e+05 
3.79546988757313e-02 1.00000000000000e+05 
3.80574153167308e-02 1.00000000000000e+05 
3.81498557048244e-02 1.00000000000000e+05 
3.82414889919918e-02 1.00000000000000e+05 
3.83352037479088e-02 1.00000000000000e+05 
3.84282411755093e-02 1.00000000000000e+05 
3.85204063145202e-02 1.00000000000000e+05 
3.86143510778750e-02 1.00000000000000e+05 
3.87066598423893e-02 1.00000000000000e+05 
3.87981025438765e-02 1.00000000000000e+05 
3.88915882424512e-02 1.00000000000000e+05 
3.89844165356189e-02 1.00000000000000e+05 
3.90763500258561e-02 1.00000000000000e+05 
3.91700026694557e-02 1.00000000000000e+05 
3.92620300311656e-02 1.00000000000000e+05 
3.93531756170742e-02 1.00000000000000e+05 
3.94463822812705e-02 1.00000000000000e+05 
3.95389752234270e-02 1.00000000000000e+05 
3.96306902366570e-02 1.00000000000000e+05 
3.97241998090605e-02 1.00000000000000e+05 
3.98161330997664e-02 1.00000000000000e+05 
3.99072597222673e-02 1.00000000000000e+05 
4.00001585068337e-02 1.00000000000000e+05 
4.00929011394591e-02 1.00000000000000e+05 
4.01847654739673e-02 1.00000000000000e+05 
4.02777532703033e-02 1.00000000000000e+05 
4.03698832886434e-02 1.00000000000000e+05 
4.04612076628885e-02 1.00000000000000e+05 
4.05541438410374e-02 1.00000000000000e+05 
4.06471187693881e-02 1.00000000000000e+05 
4.07392202815143e-02 1.00000000000000e+05 
4.08322261754172e-02 1.00000000000000e+05 
4.09248283191294e-02 1.00000000000000e+05 
4.10168020574879e-02 1.00000000000000e+05 
4.11098423814235e-02 1.00000000000000e+05 
4.12030734682017e-02 1.00000000000000e+05 
4.12963930211026e-02 1.00000000000000e+05 
4.13897672998802e-02 1.00000000000000e+05 
4.14834465081443e-02 1.00000000000000e+05 
4.15771451979307e-02 1.00000000000000e+05 
4.16709815823738e-02 1.00000000000000e+05 
4.17652206383064e-02 1.00000000000000e+05 
4.18597298194166e-02 1.00000000000000e+05 
4.19544204595962e-02 1.00000000000000e+05 
4.20493337980672e-02 1.00000000000000e+05 
4.21444578312018e-02 1.00000000000000e+05 
4.22397325588943e-02 1.00000000000000e+05 
4.23351554967210e-02 1.00000000000000e+05 
4.24308015500494e-02 1.00000000000000e+05 
4.25266088131504e-02 1.00000000000000e+05 
4.26225355057022e-02 1.00000000000000e+05 
4.27185615253786e-02 1.00000000000000e+05 
4.28146221570178e-02 1.00000000000000e+05 
4.29107149382643e-02 1.00000000000000e+05 
4.30068636663453e-02 1.00000000000000e+05 
4.31030688425196e-02 1.00000000000000e+05 
4.31993679832407e-02 1.00000000000000e+05 
4.32957736191914e-02 1.00000000000000e+05 
4.33922476963278e-02 1.00000000000000e+05 
4.34887978593063e-02 1.00000000000000e+05 
4.35854588301348e-02 1.00000000000000e+05 
4.36821736570417e-02 1.00000000000000e+05 
4.37790049801602e-02 1.00000000000000e+05 
4.38759677837209e-02 1.00000000000000e+05 
4.39730849602989e-02 1.00000000000000e+05 
4.40702965344482e-02 1.00000000000000e+05 
4.41676690918762e-02 1.00000000000000e+05 
4.42652446056905e-02 1.00000000000000e+05 
4.43630598042065e-02 1.00000000000000e+05 
4.44609841174995e-02 1.00000000000000e+05 
4.45589372117053e-02 1.00000000000000e+05 
4.46568516918053e-02 1.00000000000000e+05 
4.47548688553417e-02 1.00000000000000e+05 
4.48531981405347e-02 1.00000000000000e+05 
4.49518902601775e-02 1.00000000000000e+05 
4.50507026346865e-02 1.00000000000000e+05 
4.51495731638810e-02 1.00000000000000e+05 
4.52485853140467e-02 1.00000000000000e+05 
4.53477019066567e-02 1.00000000000000e+05 
4.54468237551373e-02 1.00000000000000e+05 
4.55459364181238e-02 1.00000000000000e+05 
4.56451366654124e-02 1.00000000000000e+05 
4.57444231320554e-02 1.00000000000000e+05 
4.58438797565231e-02 1.00000000000000e+05 
4.59435513300077e-02 1.00000000000000e+05 
4.60434355096532e-02 1.00000000000000e+05 
4.61435497518649e-02 1.00000000000000e+05 
4.62439162684660e-02 1.00000000000000e+05 
4.63444405799514e-02 1.00000000000000e+05 
4.64451054044474e-02 1.00000000000000e+05 
4.65458516088545e-02 1.00000000000000e+05 
4.66465450408012e-02 1.00000000000000e+05 
4.67471370476195e-02 1.00000000000000e+05 
4.68476984585420e-02 1.00000000000000e+05 
4.69482085217930e-02 1.00000000000000e+05 
4.70486845669771e-02 1.00000000000000e+05 
4.71491815132924e-02 1.00000000000000e+05 
4.72498605137829e-02 1.00000000000000e+05 
4.73508688325165e-02 1.00000000000000e+05 
4.74519941742366e-02 1.00000000000000e+05 
4.75531602602906e-02 1.00000000000000e+05 
4.76544740357916e-02 1.00000000000000e+05 
4.77558477542549e-02 1.00000000000000e+05 
4.78571620882553e-02 1.00000000000000e+05 
4.79583529985068e-02 1.00000000000000e+05 
4.80594380814202e-02 1.00000000000000e+05 
4.81603644469454e-02 1.00000000000000e+05 
4.82612684907546e-02 1.00000000000000e+05 
4.83621432772411e-02 1.00000000000000e+05 
4.84628074062808e-02 1.00000000000000e+05 
4.85632651694859e-02 1.00000000000000e+05 
4.86635855924255e-02 1.00000000000000e+05 
4.87637472212374e-02 1.00000000000000e+05 
4.88638843169641e-02 1.00000000000000e+05 
4.89640662273820e-02 1.00000000000000e+05 
4.90641254349617e-02 1.00000000000000e+05 
4.91641106649056e-02 1.00000000000000e+05 
4.92640550257266e-02 1.00000000000000e+05 
4.93640529980696e-02 1.00000000000000e+05 
4.94641668603182e-02 1.00000000000000e+05 
4.95645798617718e-02 1.00000000000000e+05 
4.96653461435210e-02 1.00000000000000e+05 
4.97665018579064e-02 1.00000000000000e+05 
4.98677508415182e-02 1.00000000000000e+05 
4.99690829477870e-02 1.00000000000000e+05 
5.00704594760341e-02 1.00000000000000e+05 
5.01719139088724e-02 1.00000000000000e+05 
5.02732649744698e-02 1.00000000000000e+05 
5.03746374436910e-02 1.00000000000000e+05 
5.04759828955018e-02 1.00000000000000e+05 
5.05772439203763e-02 1.00000000000000e+05 
5.06783459988993e-02 1.00000000000000e+05 
5.07794425510752e-02 1.00000000000000e+05 
5.08804582645306e-02 1.00000000000000e+05 
5.09815956625290e-02 1.00000000000000e+05 
5.10828509807274e-02 1.00000000000000e+05 
5.11844112209579e-02 1.00000000000000e+05 
5.12861897102232e-02 1.00000000000000e+05 
5.13883798221765e-02 1.00000000000000e+05 
5.14910395242418e-02 1.00000000000000e+05 
5.15942485644293e-02 1.00000000000000e+05 
5.16976492098039e-02 1.00000000000000e+05 
5.18010847281770e-02 1.00000000000000e+05 
5.19046208366734e-02 1.00000000000000e+05 
5.20081766363852e-02 1.00000000000000e+05 
5.21116661730699e-02 1.00000000000000e+05 
5.22150871625908e-02 1.00000000000000e+05 
5.23185332915179e-02 1.00000000000000e+05 
5.24220245425607e-02 1.00000000000000e+05 
5.25255549576907e-02 1.00000000000000e+05 
5.26292359885408e-02 1.00000000000000e+05 
5.27330259710748e-02 1.00000000000000e+05 
5.28369432348681e-02 1.00000000000000e+05 
5.29410707668453e-02 1.00000000000000e+05 
5.30454741229461e-02 1.00000000000000e+05 
5.31500683852415e-02 1.00000000000000e+05 
5.32549465097005e-02 1.00000000000000e+05 
5.33600221694775e-02 1.00000000000000e+05 
5.34652443433328e-02 1.00000000000000e+05 
5.35705857321714e-02 1.00000000000000e+05 
5.36760131982343e-02 1.00000000000000e+05 
5.37815186244121e-02 1.00000000000000e+05 
5.38871200174216e-02 1.00000000000000e+05 
5.39927835015844e-02 1.00000000000000e+05 
5.40985605489169e-02 1.00000000000000e+05 
5.42044910055368e-02 1.00000000000000e+05 
5.43106448327246e-02 1.00000000000000e+05 
5.44170601602545e-02 1.00000000000000e+05 
5.45238485813488e-02 1.00000000000000e+05 
5.46310342727661e-02 1.00000000000000e+05 
5.47387842097105e-02 1.00000000000000e+05 
5.48472200421209e-02 1.00000000000000e+05 
5.49564016112041e-02 1.00000000000000e+05 
5.50664548791516e-02 1.00000000000000e+05 
5.51733194030927e-02 1.00000000000000e+05 
5.52793059463275e-02 1.00000000000000e+05 
5.53849611755669e-02 1.00000000000000e+05 
5.54905680619178e-02 1.00000000000000e+05 
5.55963838258295e-02 1.00000000000000e+05 
5.57023860840617e-02 1.00000000000000e+05 
5.58087168924522e-02 1.00000000000000e+05 
5.59153540778236e-02 1.00000000000000e+05 
5.60223241390995e-02 1.00000000000000e+05 
5.61294738539121e-02 1.00000000000000e+05 
5.62367938913576e-02 1.00000000000000e+05 
5.63441903255934e-02 1.00000000000000e+05 
5.64516867533560e-02 1.00000000000000e+05 
5.65592045119191e-02 1.00000000000000e+05 
5.66667186543189e-02 1.00000000000000e+05 
5.67741615202166e-02 1.00000000000000e+05 
5.68815751120676e-02 1.00000000000000e+05 
5.69889336113039e-02 1.00000000000000e+05 
5.70962914252911e-02 1.00000000000000e+05 
5.72036407508609e-02 1.00000000000000e+05 
5.73109853816468e-02 1.00000000000000e+05 
5.74182701672400e-02 1.00000000000000e+05 
5.75255947575710e-02 1.00000000000000e+05 
5.76329231047769e-02 1.00000000000000e+05 
5.77402955535689e-02 1.00000000000000e+05 
5.78477430552558e-02 1.00000000000000e+05 
5.79551359520867e-02 1.00000000000000e+05 
5.80623963323906e-02 1.00000000000000e+05 
5.81697687558149e-02 1.00000000000000e+05 
5.82772931024630e-02 1.00000000000000e+05 
5.83849881391921e-02 1.00000000000000e+05 
5.84931297660820e-02 1.00000000000000e+05 
5.86016757932290e-02 1.00000000000000e+05 
5.87108184357448e-02 1.00000000000000e+05 
5.88208051979228e-02 1.00000000000000e+05 
5.89317157033509e-02 1.00000000000000e+05 
5.90402977393978e-02 1.00000000000000e+05 
5.91487841912179e-02 1.00000000000000e+05 
5.92571907220611e-02 1.00000000000000e+05 
5.93657102216803e-02 1.00000000000000e+05 
5.94744698452354e-02 1.00000000000000e+05 
5.95834591880045e-02 1.00000000000000e+05 
5.96926638543926e-02 1.00000000000000e+05 
5.98021228571632e-02 1.00000000000000e+05 
5.99118011110423e-02 1.00000000000000e+05 
6.00216450298034e-02 1.00000000000000e+05 
6.01316202352344e-02 1.00000000000000e+05 
6.02417082962867e-02 1.00000000000000e+05 
6.03518683002980e-02 1.00000000000000e+05 
6.04621031066805e-02 1.00000000000000e+05 
6.05723885287351e-02 1.00000000000000e+05 
6.06826848081383e-02 1.00000000000000e+05 
6.07929964852483e-02 1.00000000000000e+05 
6.09033183927946e-02 1.00000000000000e+05 
6.10136273287498e-02 1.00000000000000e+05 
6.11239639221593e-02 1.00000000000000e+05 
6.12342924802499e-02 1.00000000000000e+05 
6.13445608410396e-02 1.00000000000000e+05 
6.14548345015639e-02 1.00000000000000e+05 
6.15651183708431e-02 1.00000000000000e+05 
6.16754117377881e-02 1.00000000000000e+05 
6.17857416092190e-02 1.00000000000000e+05 
6.18961479491012e-02 1.00000000000000e+05 
6.20066287540281e-02 1.00000000000000e+05 
6.21171708977171e-02 1.00000000000000e+05 
6.22277193818179e-02 1.00000000000000e+05 
6.23382914052327e-02 1.00000000000000e+05 
6.24490298274056e-02 1.00000000000000e+05 
6.25600262888651e-02 1.00000000000000e+05 
6.26712003676190e-02 1.00000000000000e+05 
6.27826227760550e-02 1.00000000000000e+05 
6.28942764506703e-02 1.00000000000000e+05 
6.30061000129323e-02 1.00000000000000e+05 
6.31181925647522e-02 1.00000000000000e+05 
6.32301377566858e-02 1.00000000000000e+05 
6.33420027661065e-02 1.00000000000000e+05 
6.34536899121383e-02 1.00000000000000e+05 
6.35653428976108e-02 1.00000000000000e+05 
6.36768736668758e-02 1.00000000000000e+05 
6.37884659295328e-02 1.00000000000000e+05 
6.39001714717881e-02 1.00000000000000e+05 
6.40120321737349e-02 1.00000000000000e+05 
6.41240933396090e-02 1.00000000000000e+05 
6.42363717498886e-02 1.00000000000000e+05 
6.43487621655338e-02 1.00000000000000e+05 
6.44613259542310e-02 1.00000000000000e+05 
6.45740574405219e-02 1.00000000000000e+05 
6.46869856595758e-02 1.00000000000000e+05 
6.48000791050465e-02 1.00000000000000e+05 
6.49133291075324e-02 1.00000000000000e+05 
6.50266540257879e-02 1.00000000000000e+05 
6.51400789020500e-02 1.00000000000000e+05 
6.52535904486589e-02 1.00000000000000e+05 
6.53671719456339e-02 1.00000000000000e+05 
6.54808514352023e-02 1.00000000000000e+05 
6.55945192808350e-02 1.00000000000000e+05 
6.57080456766991e-02 1.00000000000000e+05 
6.58215309363486e-02 1.00000000000000e+05 
6.59350168103135e-02 1.00000000000000e+05 
6.60483912128561e-02 1.00000000000000e+05 
6.61617558303322e-02 1.00000000000000e+05 
6.62750769737565e-02 1.00000000000000e+05 
6.63884498091433e-02 1.00000000000000e+05 
6.65019788955829e-02 1.00000000000000e+05 
6.66157702770533e-02 1.00000000000000e+05 
6.67297208687160e-02 1.00000000000000e+05 
6.68439010327447e-02 1.00000000000000e+05 
6.69582310950651e-02 1.00000000000000e+05 
6.70727503283095e-02 1.00000000000000e+05 
6.71876248063846e-02 1.00000000000000e+05 
6.73028983541515e-02 1.00000000000000e+05 
6.74187174527964e-02 1.00000000000000e+05 
6.75349573826442e-02 1.00000000000000e+05 
6.76516972303605e-02 1.00000000000000e+05 
6.77685220315180e-02 1.00000000000000e+05 
6.78855404737198e-02 1.00000000000000e+05 
6.80026458807712e-02 1.00000000000000e+05 
6.81197480365304e-02 1.00000000000000e+05 
6.82368596460292e-02 1.00000000000000e+05 
6.83538323616842e-02 1.00000000000000e+05 
6.84706713019569e-02 1.00000000000000e+05 
6.85874210500158e-02 1.00000000000000e+05 
6.87043357959503e-02 1.00000000000000e+05 
6.88213875355283e-02 1.00000000000000e+05 
6.89385637996381e-02 1.00000000000000e+05 
6.90557695599733e-02 1.00000000000000e+05 
6.91731093223852e-02 1.00000000000000e+05 
6.92905949349886e-02 1.00000000000000e+05 
6.94084542585177e-02 1.00000000000000e+05 
6.95267387731772e-02 1.00000000000000e+05 
6.96454130391223e-02 1.00000000000000e+05 
6.97644587180088e-02 1.00000000000000e+05 
6.98839016222948e-02 1.00000000000000e+05 
7.00037452489817e-02 1.00000000000000e+05 
7.01241034024233e-02 1.00000000000000e+05 
7.02449195947535e-02 1.00000000000000e+05 
7.03662640703634e-02 1.00000000000000e+05 
7.04879397681339e-02 1.00000000000000e+05 
7.06080415919391e-02 1.00000000000000e+05 
7.07294812353791e-02 1.00000000000000e+05 
7.08509540810704e-02 1.00000000000000e+05 
7.09712128310533e-02 1.00000000000000e+05 
7.10928065917111e-02 1.00000000000000e+05 
7.12145982488569e-02 1.00000000000000e+05 
7.13348403461298e-02 1.00000000000000e+05 
7.14571033427334e-02 1.00000000000000e+05 
7.15799502963300e-02 1.00000000000000e+05 
7.17017887741543e-02 1.00000000000000e+05 
7.18255567014018e-02 1.00000000000000e+05 
7.19498543424903e-02 1.00000000000000e+05 
7.20723383148538e-02 1.00000000000000e+05 
7.21977276146234e-02 1.00000000000000e+05 
7.23239270838910e-02 1.00000000000000e+05 
7.24462729177823e-02 1.00000000000000e+05 
7.25699182072657e-02 1.00000000000000e+05 
7.26942796167752e-02 1.00000000000000e+05 
7.28164520074968e-02 1.00000000000000e+05 
7.29436941953448e-02 1.00000000000000e+05 
7.30693982949340e-02 1.00000000000000e+05 
7.31919325557311e-02 1.00000000000000e+05 
7.33160109187840e-02 1.00000000000000e+05 
7.34407315499728e-02 1.00000000000000e+05 
7.35632044562018e-02 1.00000000000000e+05 
7.36910829721120e-02 1.00000000000000e+05 
7.38181981789416e-02 1.00000000000000e+05 
7.39425496884826e-02 1.00000000000000e+05 
7.40713307063364e-02 1.00000000000000e+05 
7.41971585184200e-02 1.00000000000000e+05 
7.43216907636865e-02 1.00000000000000e+05 
7.44497059766354e-02 1.00000000000000e+05 
7.45770504029475e-02 1.00000000000000e+05 
7.47010451008534e-02 1.00000000000000e+05 
7.48264788703650e-02 1.00000000000000e+05 
7.49527419667582e-02 1.00000000000000e+05 
7.50774642364790e-02 1.00000000000000e+05 
7.52067364020113e-02 1.00000000000000e+05 
7.53350633002099e-02 1.00000000000000e+05 
7.54604398548629e-02 1.00000000000000e+05 
7.55911451914067e-02 1.00000000000000e+05 
7.57191873091374e-02 1.00000000000000e+05 
7.58459599410997e-02 1.00000000000000e+05 
7.59777318432248e-02 1.00000000000000e+05 
7.61094624319588e-02 1.00000000000000e+05 
7.62368981825306e-02 1.00000000000000e+05 
7.63671462122455e-02 1.00000000000000e+05 
7.64960594465540e-02 1.00000000000000e+05 
7.66233827579273e-02 1.00000000000000e+05 
7.67535715162379e-02 1.00000000000000e+05 
7.68839113561613e-02 1.00000000000000e+05 
7.70099856056592e-02 1.00000000000000e+05 
7.71419137832908e-02 1.00000000000000e+05 
7.72705317273678e-02 1.00000000000000e+05 
7.73983803864929e-02 1.00000000000000e+05 
7.75308541393716e-02 1.00000000000000e+05 
7.76633598199442e-02 1.00000000000000e+05 
7.77938148842117e-02 1.00000000000000e+05 
7.79264204341637e-02 1.00000000000000e+05 
7.80590929452480e-02 1.00000000000000e+05 
7.81864780779050e-02 1.00000000000000e+05 
7.83186105740514e-02 1.00000000000000e+05 
7.84508495164449e-02 1.00000000000000e+05 
7.85786228166568e-02 1.00000000000000e+05 
7.87120993157918e-02 1.00000000000000e+05 
7.88427721353004e-02 1.00000000000000e+05 
7.89708528742778e-02 1.00000000000000e+05 
7.91041881030558e-02 1.00000000000000e+05 
7.92373041102998e-02 1.00000000000000e+05 
7.93666749945123e-02 1.00000000000000e+05 
7.94985531915983e-02 1.00000000000000e+05 
7.96308908231429e-02 1.00000000000000e+05 
7.97612631461098e-02 1.00000000000000e+05 
7.98961304088612e-02 1.00000000000000e+05 
8.00248240209910e-02 1.00000000000000e+05 
8.01547513755083e-02 1.00000000000000e+05 
8.02836684304835e-02 1.00000000000000e+05 
8.04166138586988e-02 1.00000000000000e+05 
8.05491590206709e-02 1.00000000000000e+05 
8.06841311557616e-02 1.00000000000000e+05 
8.08133994370969e-02 1.00000000000000e+05 
8.09439043357142e-02 1.00000000000000e+05 
8.10733922136096e-02 1.00000000000000e+05 
8.12072642849537e-02 1.00000000000000e+05 
8.13399042190722e-02 1.00000000000000e+05 
8.14753122697461e-02 1.00000000000000e+05 
8.16051345406707e-02 1.00000000000000e+05 
8.17361857774403e-02 1.00000000000000e+05 
8.18661847243835e-02 1.00000000000000e+05 
8.19986299018672e-02 1.00000000000000e+05 
8.21313093992052e-02 1.00000000000000e+05 
8.22627755921799e-02 1.00000000000000e+05 
8.23931188976889e-02 1.00000000000000e+05 
8.25246600096054e-02 1.00000000000000e+05 
8.26551397919037e-02 1.00000000000000e+05 
8.27880561188052e-02 1.00000000000000e+05 
8.29210966283059e-02 1.00000000000000e+05 
8.30530239894823e-02 1.00000000000000e+05 
8.31838380919688e-02 1.00000000000000e+05 
8.33158507856518e-02 1.00000000000000e+05 
8.34468048662256e-02 1.00000000000000e+05 
8.35802016104673e-02 1.00000000000000e+05 
8.37137480376323e-02 1.00000000000000e+05 
8.38462085209696e-02 1.00000000000000e+05 
8.39775726070836e-02 1.00000000000000e+05 
8.41101747544882e-02 1.00000000000000e+05 
8.42417650187616e-02 1.00000000000000e+05 
8.43758589714998e-02 1.00000000000000e+05 
8.45101498621175e-02 1.00000000000000e+05 
8.46433879536622e-02 1.00000000000000e+05 
8.47755352052770e-02 1.00000000000000e+05 
8.49089467918730e-02 1.00000000000000e+05 
8.50413276917178e-02 1.00000000000000e+05 
8.51761951295418e-02 1.00000000000000e+05 
8.53156618391435e-02 1.00000000000000e+05 
8.54551277057476e-02 1.00000000000000e+05 
8.55879353374703e-02 1.00000000000000e+05 
8.57219847982403e-02 1.00000000000000e+05 
8.58549774044617e-02 1.00000000000000e+05 
8.59904659233991e-02 1.00000000000000e+05 
8.61303156286285e-02 1.00000000000000e+05 
8.62648735293325e-02 1.00000000000000e+05 
8.63982213814500e-02 1.00000000000000e+05 
8.65327761204975e-02 1.00000000000000e+05 
8.66662353220703e-02 1.00000000000000e+05 
8.68021627711341e-02 1.00000000000000e+05 
8.69418486851322e-02 1.00000000000000e+05 
8.70793217332042e-02 1.00000000000000e+05 
8.72130160423943e-02 1.00000000000000e+05 
8.73478536738380e-02 1.00000000000000e+05 
8.74815959285218e-02 1.00000000000000e+05 
8.76177548456889e-02 1.00000000000000e+05 
8.77578159796682e-02 1.00000000000000e+05 
8.78930053608711e-02 1.00000000000000e+05 
8.80270177820910e-02 1.00000000000000e+05 
8.81622519840244e-02 1.00000000000000e+05 
8.82964528367625e-02 1.00000000000000e+05 
8.84331173332479e-02 1.00000000000000e+05 
8.85698974153558e-02 1.00000000000000e+05 
8.87055197331784e-02 1.00000000000000e+05 
8.88399731872201e-02 1.00000000000000e+05 
8.89756533504421e-02 1.00000000000000e+05 
8.91102744146468e-02 1.00000000000000e+05 
8.92474352618385e-02 1.00000000000000e+05 
8.93847795490877e-02 1.00000000000000e+05 
8.95210439763382e-02 1.00000000000000e+05 
8.96561951500353e-02 1.00000000000000e+05 
8.97926265894209e-02 1.00000000000000e+05 
8.99280256979540e-02 1.00000000000000e+05 
9.00659889344742e-02 1.00000000000000e+05 
9.02086773841762e-02 1.00000000000000e+05 
9.03457550413002e-02 1.00000000000000e+05 
9.04818553170759e-02 1.00000000000000e+05 
9.06191143631892e-02 1.00000000000000e+05 
9.07552038381043e-02 1.00000000000000e+05 
9.08937586544400e-02 1.00000000000000e+05 
9.10324278020350e-02 1.00000000000000e+05 
9.11698902617411e-02 1.00000000000000e+05 
9.13061251191553e-02 1.00000000000000e+05 
9.14436467324120e-02 1.00000000000000e+05 
9.15800319000131e-02 1.00000000000000e+05 
9.17192081877277e-02 1.00000000000000e+05 
9.18588883060557e-02 1.00000000000000e+05 
9.19975682519040e-02 1.00000000000000e+05 
9.21351757641453e-02 1.00000000000000e+05 
9.22745279619538e-02 1.00000000000000e+05 
9.24127356508075e-02 1.00000000000000e+05 
9.25542042126897e-02 1.00000000000000e+05 
9.26961674912307e-02 1.00000000000000e+05 
9.28368250000540e-02 1.00000000000000e+05 
9.29761688828631e-02 1.00000000000000e+05 
9.31176436067957e-02 1.00000000000000e+05 
9.32576926522163e-02 1.00000000000000e+05 
9.34018335987543e-02 1.00000000000000e+05 
9.35460740824857e-02 1.00000000000000e+05 
9.36897328298940e-02 1.00000000000000e+05 
9.38317773392418e-02 1.00000000000000e+05 
9.39761823352160e-02 1.00000000000000e+05 
9.41196417688494e-02 1.00000000000000e+05 
9.42640754104977e-02 1.00000000000000e+05 
9.44064036184047e-02 1.00000000000000e+05 
9.45486140197613e-02 1.00000000000000e+05 
9.46909565226832e-02 1.00000000000000e+05 
9.48333235745318e-02 1.00000000000000e+05 
9.49757394106596e-02 1.00000000000000e+05 
9.51182747303838e-02 1.00000000000000e+05 
9.52607969071148e-02 1.00000000000000e+05 
9.54032842351284e-02 1.00000000000000e+05 
9.55459217762167e-02 1.00000000000000e+05 
9.56886882688726e-02 1.00000000000000e+05 
9.58315727429425e-02 1.00000000000000e+05 
9.59779612152791e-02 1.00000000000000e+05 
9.61211017687900e-02 1.00000000000000e+05 
9.62642278324691e-02 1.00000000000000e+05 
9.64074464745159e-02 1.00000000000000e+05 
9.65507271282880e-02 1.00000000000000e+05 
9.66940574282583e-02 1.00000000000000e+05 
9.68374979058161e-02 1.00000000000000e+05 
9.69809675844925e-02 1.00000000000000e+05 
9.71243816567104e-02 1.00000000000000e+05 
9.72678778130891e-02 1.00000000000000e+05 
9.74114326352857e-02 1.00000000000000e+05 
9.75550147299421e-02 1.00000000000000e+05 
9.76986414770364e-02 1.00000000000000e+05 
9.78422596183327e-02 1.00000000000000e+05 
9.79857812805167e-02 1.00000000000000e+05 
9.81293661379688e-02 1.00000000000000e+05 
9.82729622405153e-02 1.00000000000000e+05 
9.84166638896470e-02 1.00000000000000e+05 
9.85604603439360e-02 1.00000000000000e+05 
9.87043966084089e-02 1.00000000000000e+05 
9.88483988418446e-02 1.00000000000000e+05 
9.89926409356797e-02 1.00000000000000e+05 
9.91370281214672e-02 1.00000000000000e+05 
9.92815255232011e-02 1.00000000000000e+05 
9.94259257140588e-02 1.00000000000000e+05 
9.95704718273367e-02 1.00000000000000e+05 
9.97149866961434e-02 1.00000000000000e+05 
9.98596938912975e-02 1.00000000000000e+05 
1.00004482057785e-01 1.00000000000000e+05 
1.00149378068037e-01 1.00000000000000e+05 
1.00294194982450e-01 1.00000000000000e+05 
1.00439147761181e-01 1.00000000000000e+05 
1.00584138703826e-01 1.00000000000000e+05 
1.00729474723433e-01 1.00000000000000e+05 
1.00875078078993e-01 1.00000000000000e+05 
1.01020855991652e-01 1.00000000000000e+05 
1.01166602390270e-01 1.00000000000000e+05 
1.01312634317110e-01 1.00000000000000e+05 
1.01458604330788e-01 1.00000000000000e+05 
1.01604787996421e-01 1.00000000000000e+05 
1.01751145026683e-01 1.00000000000000e+05 
1.01897585114229e-01 1.00000000000000e+05 
1.02043968450295e-01 1.00000000000000e+05 
1.02190635245790e-01 1.00000000000000e+05 
1.02337215334491e-01 1.00000000000000e+05 
1.02484051000915e-01 1.00000000000000e+05 
1.02631115823038e-01 1.00000000000000e+05 
1.02778322655800e-01 1.00000000000000e+05 
1.02925538307097e-01 1.00000000000000e+05 
1.03073109493343e-01 1.00000000000000e+05 
1.03220668160616e-01 1.00000000000000e+05 
1.03368596567683e-01 1.00000000000000e+05 
1.03516884401634e-01 1.00000000000000e+05 
1.03665423094912e-01 1.00000000000000e+05 
1.03813984534287e-01 1.00000000000000e+05 
1.03962540213638e-01 1.00000000000000e+05 
1.04111093051756e-01 1.00000000000000e+05 
1.04259641776121e-01 1.00000000000000e+05 
1.04408195491190e-01 1.00000000000000e+05 
1.04556749481855e-01 1.00000000000000e+05 
1.04705313121312e-01 1.00000000000000e+05 
1.04853875307760e-01 1.00000000000000e+05 
1.05002436117621e-01 1.00000000000000e+05 
1.05150994525114e-01 1.00000000000000e+05 
1.05299561549017e-01 1.00000000000000e+05 
1.05448131893423e-01 1.00000000000000e+05 
1.05596715294831e-01 1.00000000000000e+05 
1.05745562660648e-01 1.00000000000000e+05 
1.05894436580853e-01 1.00000000000000e+05 
1.06043327693725e-01 1.00000000000000e+05 
1.06192239485413e-01 1.00000000000000e+05 
1.06341166345038e-01 1.00000000000000e+05 
1.06490107599144e-01 1.00000000000000e+05 
1.06639056831159e-01 1.00000000000000e+05 
1.06788015127259e-01 1.00000000000000e+05 
1.06936984596757e-01 1.00000000000000e+05 
1.07085971505856e-01 1.00000000000000e+05 
1.07234973584414e-01 1.00000000000000e+05 
1.07383990127309e-01 1.00000000000000e+05 
1.07533014131205e-01 1.00000000000000e+05 
1.07682047558001e-01 1.00000000000000e+05 
1.07831093984853e-01 1.00000000000000e+05 
1.07980159498847e-01 1.00000000000000e+05 
1.08129242107251e-01 1.00000000000000e+05 
1.08278342422631e-01 1.00000000000000e+05 
1.08427455718951e-01 1.00000000000000e+05 
1.08576584358759e-01 1.00000000000000e+05 
1.08725731274505e-01 1.00000000000000e+05 
1.08874902830917e-01 1.00000000000000e+05 
1.09024096109884e-01 1.00000000000000e+05 
1.09173310185238e-01 1.00000000000000e+05 
1.09322539108102e-01 1.00000000000000e+05 
1.09471773576187e-01 1.00000000000000e+05 
1.09621018439344e-01 1.00000000000000e+05 
1.09770282711174e-01 1.00000000000000e+05 
1.09919559725395e-01 1.00000000000000e+05 
1.10068853733121e-01 1.00000000000000e+05 
1.10218164872531e-01 1.00000000000000e+05 
1.10367484368677e-01 1.00000000000000e+05 
1.10516820698253e-01 1.00000000000000e+05 
1.10666188068869e-01 1.00000000000000e+05 
1.10815578187089e-01 1.00000000000000e+05 
1.10964992494248e-01 1.00000000000000e+05 
1.11114430263817e-01 1.00000000000000e+05 
1.11263880994005e-01 1.00000000000000e+05 
1.11413351658419e-01 1.00000000000000e+05 
1.11562855403707e-01 1.00000000000000e+05 
1.11712382962966e-01 1.00000000000000e+05 
1.11861934732831e-01 1.00000000000000e+05 
1.12011509431604e-01 1.00000000000000e+05 
1.12161100119518e-01 1.00000000000000e+05 
1.12310711962942e-01 1.00000000000000e+05 
1.12460346349365e-01 1.00000000000000e+05 
1.12610016280809e-01 1.00000000000000e+05 
1.12759695819219e-01 1.00000000000000e+05 
1.12909401432483e-01 1.00000000000000e+05 
1.13059128589671e-01 1.00000000000000e+05 
1.13208880393501e-01 1.00000000000000e+05 
1.13358660186526e-01 1.00000000000000e+05 
1.13508474403676e-01 1.00000000000000e+05 
1.13658307373128e-01 1.00000000000000e+05 
1.13808168134257e-01 1.00000000000000e+05 
1.13958039739983e-01 1.00000000000000e+05 
1.14107930616886e-01 1.00000000000000e+05 
1.14257853499983e-01 1.00000000000000e+05 
1.14407802144822e-01 1.00000000000000e+05 
1.14557764184993e-01 1.00000000000000e+05 
1.14707724448813e-01 1.00000000000000e+05 
1.14857686036525e-01 1.00000000000000e+05 
1.15007660481895e-01 1.00000000000000e+05 
1.15157657149996e-01 1.00000000000000e+05 
1.15307732445496e-01 1.00000000000000e+05 
1.15457823795340e-01 1.00000000000000e+05 
1.15607928674394e-01 1.00000000000000e+05 
1.15758043180412e-01 1.00000000000000e+05 
1.15908169524903e-01 1.00000000000000e+05 
1.16058314166690e-01 1.00000000000000e+05 
1.16208473514758e-01 1.00000000000000e+05 
1.16358655422076e-01 1.00000000000000e+05 
1.16508857324903e-01 1.00000000000000e+05 
1.16659074481021e-01 1.00000000000000e+05 
1.16809307256712e-01 1.00000000000000e+05 
1.16959561761791e-01 1.00000000000000e+05 
1.17109831398463e-01 1.00000000000000e+05 
1.17260123094660e-01 1.00000000000000e+05 
1.17410432450608e-01 1.00000000000000e+05 
1.17560753467153e-01 1.00000000000000e+05 
1.17711086880939e-01 1.00000000000000e+05 
1.17861439614638e-01 1.00000000000000e+05 
1.18011805276997e-01 1.00000000000000e+05 
1.18162190288108e-01 1.00000000000000e+05 
1.18312590929358e-01 1.00000000000000e+05 
1.18463001435263e-01 1.00000000000000e+05 
1.18613423833550e-01 1.00000000000000e+05 
1.18763866029575e-01 1.00000000000000e+05 
1.18914321534001e-01 1.00000000000000e+05 
1.19064797511090e-01 1.00000000000000e+05 
1.19215290231911e-01 1.00000000000000e+05 
1.19365793453289e-01 1.00000000000000e+05 
1.19516308548160e-01 1.00000000000000e+05 
1.19666843269589e-01 1.00000000000000e+05 
1.19817391010136e-01 1.00000000000000e+05 
1.19966688294358e-01 1.00000000000000e+05 
1.20117782720243e-01 1.00000000000000e+05 
1.20268903869045e-01 1.00000000000000e+05 
1.20420047900232e-01 1.00000000000000e+05 
1.20571236105717e-01 1.00000000000000e+05 
1.20722461480013e-01 1.00000000000000e+05 
1.20873702141827e-01 1.00000000000000e+05 
1.21024958655363e-01 1.00000000000000e+05 
1.21176238986228e-01 1.00000000000000e+05 
1.21327546843629e-01 1.00000000000000e+05 
1.21478872167775e-01 1.00000000000000e+05 
1.21630221221191e-01 1.00000000000000e+05 
1.21781585053697e-01 1.00000000000000e+05 
1.21932964778233e-01 1.00000000000000e+05 
1.22084368498625e-01 1.00000000000000e+05 
1.22235802440145e-01 1.00000000000000e+05 
1.22387260742074e-01 1.00000000000000e+05 
1.22538750028024e-01 1.00000000000000e+05 
1.22690262371917e-01 1.00000000000000e+05 
1.22841797986564e-01 1.00000000000000e+05 
1.22993363354986e-01 1.00000000000000e+05 
1.23144963027958e-01 1.00000000000000e+05 
1.23296590801012e-01 1.00000000000000e+05 
1.23448249923836e-01 1.00000000000000e+05 
1.23599931618263e-01 1.00000000000000e+05 
1.23751634408415e-01 1.00000000000000e+05 
1.23903362889328e-01 1.00000000000000e+05 
1.24055120347863e-01 1.00000000000000e+05 
1.24206900705420e-01 1.00000000000000e+05 
1.24358703073671e-01 1.00000000000000e+05 
1.24510526923286e-01 1.00000000000000e+05 
1.24662367226116e-01 1.00000000000000e+05 
1.24814228650179e-01 1.00000000000000e+05 
1.24966106931985e-01 1.00000000000000e+05 
1.25118007977674e-01 1.00000000000000e+05 
1.25269927471108e-01 1.00000000000000e+05 
1.25421870100271e-01 1.00000000000000e+05 
1.25573829766279e-01 1.00000000000000e+05 
1.25725805283615e-01 1.00000000000000e+05 
1.25877796783459e-01 1.00000000000000e+05 
1.26029809794623e-01 1.00000000000000e+05 
1.26181839654690e-01 1.00000000000000e+05 
1.26333890276559e-01 1.00000000000000e+05 
1.26485955707183e-01 1.00000000000000e+05 
1.26638024223159e-01 1.00000000000000e+05 
1.26790103559326e-01 1.00000000000000e+05 
1.26942186116237e-01 1.00000000000000e+05 
1.27094275280325e-01 1.00000000000000e+05 
1.27246363518268e-01 1.00000000000000e+05 
1.27398448306580e-01 1.00000000000000e+05 
1.27550533362095e-01 1.00000000000000e+05 
1.27702721318616e-01 1.00000000000000e+05 
1.27854929191329e-01 1.00000000000000e+05 
1.28007153912926e-01 1.00000000000000e+05 
1.28159396966970e-01 1.00000000000000e+05 
1.28311655265964e-01 1.00000000000000e+05 
1.28463927545610e-01 1.00000000000000e+05 
1.28616216447831e-01 1.00000000000000e+05 
1.28768526297905e-01 1.00000000000000e+05 
1.28920853481151e-01 1.00000000000000e+05 
1.29073198353160e-01 1.00000000000000e+05 
1.29225558168577e-01 1.00000000000000e+05 
1.29377931728127e-01 1.00000000000000e+05 
1.29530322129280e-01 1.00000000000000e+05 
1.29682733362830e-01 1.00000000000000e+05 
1.29835162088464e-01 1.00000000000000e+05 
1.29987609189715e-01 1.00000000000000e+05 
1.30140071984381e-01 1.00000000000000e+05 
1.30292549967616e-01 1.00000000000000e+05 
1.30445046262521e-01 1.00000000000000e+05 
1.30597564372487e-01 1.00000000000000e+05 
1.30750101539420e-01 1.00000000000000e+05 
1.30902659040144e-01 1.00000000000000e+05 
1.31055229503906e-01 1.00000000000000e+05 
1.31207816527570e-01 1.00000000000000e+05 
1.31360423816204e-01 1.00000000000000e+05 
1.31513047543066e-01 1.00000000000000e+05 
1.31665689466477e-01 1.00000000000000e+05 
1.31809359366777e-01 1.00000000000000e+05 
1.31962024905999e-01 1.00000000000000e+05 
1.32114706151233e-01 1.00000000000000e+05 
1.32265788574727e-01 1.00000000000000e+05 
1.32418499219447e-01 1.00000000000000e+05 
1.32571225842548e-01 1.00000000000000e+05 
1.32721830579098e-01 1.00000000000000e+05 
1.32874579883626e-01 1.00000000000000e+05 
1.33027343326548e-01 1.00000000000000e+05 
1.33180116784043e-01 1.00000000000000e+05 
1.33332900282585e-01 1.00000000000000e+05 
1.33485699304337e-01 1.00000000000000e+05 
1.33631628969982e-01 1.00000000000000e+05 
1.33784449355513e-01 1.00000000000000e+05 
1.33937283290101e-01 1.00000000000000e+05 
1.34090127258259e-01 1.00000000000000e+05 
1.34242981237159e-01 1.00000000000000e+05 
1.34395850687521e-01 1.00000000000000e+05 
1.34548734108514e-01 1.00000000000000e+05 
1.34701624779724e-01 1.00000000000000e+05 
1.34854528688815e-01 1.00000000000000e+05 
1.35007442247466e-01 1.00000000000000e+05 
1.35160365391691e-01 1.00000000000000e+05 
1.35313303985925e-01 1.00000000000000e+05 
1.35466255562460e-01 1.00000000000000e+05 
1.35619214339392e-01 1.00000000000000e+05 
1.35772186193240e-01 1.00000000000000e+05 
1.35925167686507e-01 1.00000000000000e+05 
1.36078158732966e-01 1.00000000000000e+05 
1.36231165212293e-01 1.00000000000000e+05 
1.36384183865462e-01 1.00000000000000e+05 
1.36537208242375e-01 1.00000000000000e+05 
1.36690243491973e-01 1.00000000000000e+05 
1.36843286259635e-01 1.00000000000000e+05 
1.36996336042582e-01 1.00000000000000e+05 
1.37149399134390e-01 1.00000000000000e+05 
1.37302471640279e-01 1.00000000000000e+05 
1.37455548654079e-01 1.00000000000000e+05 
1.37608635781999e-01 1.00000000000000e+05 
1.37761730565946e-01 1.00000000000000e+05 
1.37914833139541e-01 1.00000000000000e+05 
1.38067950298278e-01 1.00000000000000e+05 
1.38221077866349e-01 1.00000000000000e+05 
1.38374212393287e-01 1.00000000000000e+05 
1.38527359232911e-01 1.00000000000000e+05 
1.38680516010430e-01 1.00000000000000e+05 
1.38833681909630e-01 1.00000000000000e+05 
1.38972054340692e-01 1.00000000000000e+05 
1.39117588165998e-01 1.00000000000000e+05 
1.39270787618861e-01 1.00000000000000e+05 
1.39424000344002e-01 1.00000000000000e+05 
1.39577223634309e-01 1.00000000000000e+05 
1.39730456536799e-01 1.00000000000000e+05 
1.39883705739441e-01 1.00000000000000e+05 
1.40036966733147e-01 1.00000000000000e+05 
1.40190235367350e-01 1.00000000000000e+05 
1.40343516848396e-01 1.00000000000000e+05 
1.40496807202034e-01 1.00000000000000e+05 
1.40650105465354e-01 1.00000000000000e+05 
1.40803418417237e-01 1.00000000000000e+05 
1.40956742243427e-01 1.00000000000000e+05 
1.41110072819678e-01 1.00000000000000e+05 
1.41263416224912e-01 1.00000000000000e+05 
1.41416769914122e-01 1.00000000000000e+05 
1.41570134497156e-01 1.00000000000000e+05 
1.41723516467758e-01 1.00000000000000e+05 
1.41876911950489e-01 1.00000000000000e+05 
1.42030315948954e-01 1.00000000000000e+05 
1.42183733230049e-01 1.00000000000000e+05 
1.42337160361643e-01 1.00000000000000e+05 
1.42490597830899e-01 1.00000000000000e+05 
1.42644051547710e-01 1.00000000000000e+05 
1.42797517628166e-01 1.00000000000000e+05 
1.42950991516074e-01 1.00000000000000e+05 
1.43104477660683e-01 1.00000000000000e+05 
1.43257973164748e-01 1.00000000000000e+05 
1.43411479911151e-01 1.00000000000000e+05 
1.43565003634703e-01 1.00000000000000e+05 
1.43718540523923e-01 1.00000000000000e+05 
1.43872086022961e-01 1.00000000000000e+05 
1.44025643470512e-01 1.00000000000000e+05 
1.44179209955436e-01 1.00000000000000e+05 
1.44332787850288e-01 1.00000000000000e+05 
1.44486382487908e-01 1.00000000000000e+05 
1.44639989824593e-01 1.00000000000000e+05 
1.44793605185087e-01 1.00000000000000e+05 
1.44947231533695e-01 1.00000000000000e+05 
1.45100866092074e-01 1.00000000000000e+05 
1.45254511554036e-01 1.00000000000000e+05 
1.45408173010953e-01 1.00000000000000e+05 
1.45561847300727e-01 1.00000000000000e+05 
1.45715528618830e-01 1.00000000000000e+05 
1.45869220722955e-01 1.00000000000000e+05 
1.46022920976913e-01 1.00000000000000e+05 
1.46176630953603e-01 1.00000000000000e+05 
1.46323112186360e-01 1.00000000000000e+05 
1.46476686562316e-01 1.00000000000000e+05 
1.46630429154438e-01 1.00000000000000e+05 
1.46761067012795e-01 1.00000000000000e+05 
1.46900671413503e-01 1.00000000000000e+05 
1.47050314606172e-01 1.00000000000000e+05 
1.47204091302377e-01 1.00000000000000e+05 
1.47343466853104e-01 1.00000000000000e+05 
1.47493640836185e-01 1.00000000000000e+05 
1.47647414523711e-01 1.00000000000000e+05 
1.47801192516138e-01 1.00000000000000e+05 
1.47954973184572e-01 1.00000000000000e+05 
1.48108769652184e-01 1.00000000000000e+05 
1.48259405854213e-01 1.00000000000000e+05 
1.48413225562864e-01 1.00000000000000e+05 
1.48567060539783e-01 1.00000000000000e+05 
1.48720912213533e-01 1.00000000000000e+05 
1.48874769742687e-01 1.00000000000000e+05 
1.49028642477804e-01 1.00000000000000e+05 
1.49180779081139e-01 1.00000000000000e+05 
1.49334671002429e-01 1.00000000000000e+05 
1.49488578134509e-01 1.00000000000000e+05 
1.49642502015376e-01 1.00000000000000e+05 
1.49796437524296e-01 1.00000000000000e+05 
1.49950391303782e-01 1.00000000000000e+05 
1.50104353182138e-01 1.00000000000000e+05 
1.50258325577710e-01 1.00000000000000e+05 
1.50412309197499e-01 1.00000000000000e+05 
1.50566303486124e-01 1.00000000000000e+05 
1.50720304352120e-01 1.00000000000000e+05 
1.50874319186336e-01 1.00000000000000e+05 
1.51028340472137e-01 1.00000000000000e+05 
1.51182371584996e-01 1.00000000000000e+05 
1.51336414546406e-01 1.00000000000000e+05 
1.51490469352778e-01 1.00000000000000e+05 
1.51644531890829e-01 1.00000000000000e+05 
1.51798607769441e-01 1.00000000000000e+05 
1.51952688933931e-01 1.00000000000000e+05 
1.52106776993852e-01 1.00000000000000e+05 
1.52260868866607e-01 1.00000000000000e+05 
1.52414968815337e-01 1.00000000000000e+05 
1.52569070480229e-01 1.00000000000000e+05 
1.52723180184335e-01 1.00000000000000e+05 
1.52877291791196e-01 1.00000000000000e+05 
1.53031408082972e-01 1.00000000000000e+05 
1.53185525825017e-01 1.00000000000000e+05 
1.53339654096287e-01 1.00000000000000e+05 
1.53493786037113e-01 1.00000000000000e+05 
1.53647928729813e-01 1.00000000000000e+05 
1.53802075544412e-01 1.00000000000000e+05 
1.53956229420834e-01 1.00000000000000e+05 
1.54110391626341e-01 1.00000000000000e+05 
1.54264561613131e-01 1.00000000000000e+05 
1.54418736863551e-01 1.00000000000000e+05 
1.54572923505619e-01 1.00000000000000e+05 
1.54727114186791e-01 1.00000000000000e+05 
1.54881311287531e-01 1.00000000000000e+05 
1.55035512342767e-01 1.00000000000000e+05 
1.55189722986041e-01 1.00000000000000e+05 
1.55343936489695e-01 1.00000000000000e+05 
1.55498156002045e-01 1.00000000000000e+05 
1.55652381759026e-01 1.00000000000000e+05 
1.55806607119897e-01 1.00000000000000e+05 
1.55960833549616e-01 1.00000000000000e+05 
1.56115059062141e-01 1.00000000000000e+05 
1.56269284917869e-01 1.00000000000000e+05 
1.56423514787807e-01 1.00000000000000e+05 
1.56577748926076e-01 1.00000000000000e+05 
1.56731980703812e-01 1.00000000000000e+05 
1.56886211858485e-01 1.00000000000000e+05 
1.57040440498125e-01 1.00000000000000e+05 
1.57194667787969e-01 1.00000000000000e+05 
1.57348897377580e-01 1.00000000000000e+05 
1.57503129282343e-01 1.00000000000000e+05 
1.57657356901346e-01 1.00000000000000e+05 
1.57811582026065e-01 1.00000000000000e+05 
1.57965802876022e-01 1.00000000000000e+05 
1.58120020477157e-01 1.00000000000000e+05 
1.58274238225475e-01 1.00000000000000e+05 
1.58428456116951e-01 1.00000000000000e+05 
1.58582667471101e-01 1.00000000000000e+05 
1.58736874150062e-01 1.00000000000000e+05 
1.58891074672633e-01 1.00000000000000e+05 
1.59045270294417e-01 1.00000000000000e+05 
1.59199464916964e-01 1.00000000000000e+05 
1.59353657749204e-01 1.00000000000000e+05 
1.59507841798011e-01 1.00000000000000e+05 
1.59662020544199e-01 1.00000000000000e+05 
1.59816192082817e-01 1.00000000000000e+05 
1.59970357126449e-01 1.00000000000000e+05 
1.60124520985890e-01 1.00000000000000e+05 
1.60278681943867e-01 1.00000000000000e+05 
1.60432833184115e-01 1.00000000000000e+05 
1.60586979004280e-01 1.00000000000000e+05 
1.60741117330422e-01 1.00000000000000e+05 
1.60895248873112e-01 1.00000000000000e+05 
1.61049380064487e-01 1.00000000000000e+05 
1.61203508282513e-01 1.00000000000000e+05 
1.61357627823531e-01 1.00000000000000e+05 
1.61511738550425e-01 1.00000000000000e+05 
1.61665834005025e-01 1.00000000000000e+05 
1.61819914384518e-01 1.00000000000000e+05 
1.61973986004892e-01 1.00000000000000e+05 
1.62128048882432e-01 1.00000000000000e+05 
1.62282101005517e-01 1.00000000000000e+05 
1.62436148658348e-01 1.00000000000000e+05 
1.62590191622067e-01 1.00000000000000e+05 
1.62744232137688e-01 1.00000000000000e+05 
1.62898278254633e-01 1.00000000000000e+05 
1.63052322245902e-01 1.00000000000000e+05 
1.63206361466779e-01 1.00000000000000e+05 
1.63360395465805e-01 1.00000000000000e+05 
1.63514420282016e-01 1.00000000000000e+05 
1.63668437234678e-01 1.00000000000000e+05 
1.63822453224621e-01 1.00000000000000e+05 
1.63976460963965e-01 1.00000000000000e+05 
1.64130458156154e-01 1.00000000000000e+05 
1.64284447669918e-01 1.00000000000000e+05 
1.64438426350284e-01 1.00000000000000e+05 
1.64592396184394e-01 1.00000000000000e+05 
1.64746365869473e-01 1.00000000000000e+05 
1.64900329263296e-01 1.00000000000000e+05 
1.65054283537167e-01 1.00000000000000e+05 
1.65208231911138e-01 1.00000000000000e+05 
1.65362172111390e-01 1.00000000000000e+05 
1.65516105125947e-01 1.00000000000000e+05 
1.65670039256854e-01 1.00000000000000e+05 
1.65823967193945e-01 1.00000000000000e+05 
1.65977887276548e-01 1.00000000000000e+05 
1.66131801936290e-01 1.00000000000000e+05 
1.66285708810930e-01 1.00000000000000e+05 
1.66439608804126e-01 1.00000000000000e+05 
1.66593509287849e-01 1.00000000000000e+05 
1.66747403854154e-01 1.00000000000000e+05 
1.66901290742697e-01 1.00000000000000e+05 
1.67055172755227e-01 1.00000000000000e+05 
1.67209047764657e-01 1.00000000000000e+05 
1.67362918205630e-01 1.00000000000000e+05 
1.67516791398661e-01 1.00000000000000e+05 
1.67670662483105e-01 1.00000000000000e+05 
1.67824528843752e-01 1.00000000000000e+05 
1.67978393141898e-01 1.00000000000000e+05 
1.68132253485742e-01 1.00000000000000e+05 
1.68286111991938e-01 1.00000000000000e+05 
1.68439974736393e-01 1.00000000000000e+05 
1.68593836819097e-01 1.00000000000000e+05 
1.68747694900688e-01 1.00000000000000e+05 
1.68901551604128e-01 1.00000000000000e+05 
1.69055405046871e-01 1.00000000000000e+05 
1.69209257334721e-01 1.00000000000000e+05 
1.69363116548368e-01 1.00000000000000e+05 
1.69516978230642e-01 1.00000000000000e+05 
1.69670839659950e-01 1.00000000000000e+05 
1.69824704480861e-01 1.00000000000000e+05 
1.69978572862154e-01 1.00000000000000e+05 
1.70132447068692e-01 1.00000000000000e+05 
1.70286335003639e-01 1.00000000000000e+05 
1.70440230827745e-01 1.00000000000000e+05 
1.70594133331633e-01 1.00000000000000e+05 
1.70748044993671e-01 1.00000000000000e+05 
1.70901967376884e-01 1.00000000000000e+05 
1.71055900746732e-01 1.00000000000000e+05 
1.71209850124727e-01 1.00000000000000e+05 
1.71363808969746e-01 1.00000000000000e+05 
1.71517776170144e-01 1.00000000000000e+05 
1.71671752183532e-01 1.00000000000000e+05 
1.71825739454585e-01 1.00000000000000e+05 
1.71979737287032e-01 1.00000000000000e+05 
1.72133747973328e-01 1.00000000000000e+05 
1.72282569702333e-01 1.00000000000000e+05 
1.72436578471551e-01 1.00000000000000e+05 
1.72590586339989e-01 1.00000000000000e+05 
1.72744593657638e-01 1.00000000000000e+05 
1.72898604216642e-01 1.00000000000000e+05 
1.73052615800160e-01 1.00000000000000e+05 
1.73206627277042e-01 1.00000000000000e+05 
1.73360640237930e-01 1.00000000000000e+05 
1.73514654272558e-01 1.00000000000000e+05 
1.73668669739992e-01 1.00000000000000e+05 
1.73822690440780e-01 1.00000000000000e+05 
1.73976713874550e-01 1.00000000000000e+05 
1.74130738033837e-01 1.00000000000000e+05 
1.74284764123248e-01 1.00000000000000e+05 
1.74438790807341e-01 1.00000000000000e+05 
1.74592818428976e-01 1.00000000000000e+05 
1.74746850316562e-01 1.00000000000000e+05 
1.74900883989358e-01 1.00000000000000e+05 
1.75054916839570e-01 1.00000000000000e+05 
1.75208951241087e-01 1.00000000000000e+05 
1.75360902217545e-01 1.00000000000000e+05 
1.75514939859902e-01 1.00000000000000e+05 
1.75668983785044e-01 1.00000000000000e+05 
1.75823032646151e-01 1.00000000000000e+05 
1.75977084893382e-01 1.00000000000000e+05 
1.76131143477581e-01 1.00000000000000e+05 
1.76282955566314e-01 1.00000000000000e+05 
1.76437028374687e-01 1.00000000000000e+05 
1.76591113177908e-01 1.00000000000000e+05 
1.76745208535426e-01 1.00000000000000e+05 
1.76899327095199e-01 1.00000000000000e+05 
1.77053502797187e-01 1.00000000000000e+05 
1.77206342166015e-01 1.00000000000000e+05 
1.77360538545379e-01 1.00000000000000e+05 
1.77514743170320e-01 1.00000000000000e+05 
1.77668956964866e-01 1.00000000000000e+05 
1.77823182621595e-01 1.00000000000004e+05 
1.77977413623445e-01 1.00000000000008e+05 
1.78131654018047e-01 1.00000000000121e+05 
1.78285905487007e-01 1.00000000001963e+05 
1.78440167628252e-01 1.00000000016828e+05 
1.78594440866771e-01 1.00000000055965e+05 
1.78748727510504e-01 1.00000000231391e+05 
1.78903022446224e-01 1.00000000469718e+05 
1.79057328317565e-01 1.00000000863376e+05 
1.79211646634841e-01 1.00000001309660e+05 
1.79365977791631e-01 1.00000001809989e+05 
1.79520321838132e-01 1.00000002241633e+05 
1.79674680501966e-01 1.00000002675690e+05 
1.79829049000110e-01 1.00000003092614e+05 
1.79983429993937e-01 1.00000003459785e+05 
1.80137824781690e-01 1.00000003858578e+05 
1.80292233675095e-01 1.00000004284836e+05 
1.80446656696197e-01 1.00000004738454e+05 
1.80601095106122e-01 1.00000005217788e+05 
1.80755544141879e-01 1.00000005757877e+05 
1.80910007772097e-01 1.00000006346428e+05 
1.81064486030007e-01 1.00000007001650e+05 
1.81218978601961e-01 1.00000007743490e+05 
1.81373488151371e-01 1.00000008590588e+05 
1.81528013912414e-01 1.00000009559818e+05 
1.81682550854196e-01 1.00000010679101e+05 
1.81837103869692e-01 1.00000011967046e+05 
1.81991671961390e-01 1.00000013471623e+05 
1.82146254606250e-01 1.00000015188734e+05 
1.82300855248850e-01 1.00000017147457e+05 
1.82455472305224e-01 1.00000019405970e+05 
1.82610101272858e-01 1.00000021995068e+05 
1.82764747517088e-01 1.00000024977836e+05 
1.82919410255300e-01 1.00000028409105e+05 
1.83074088887816e-01 1.00000032301772e+05 
1.83228786555089e-01 1.00000036687079e+05 
1.83383501890593e-01 1.00000041639436e+05 
1.83538230739394e-01 1.00000047190337e+05 
1.83692978829063e-01 1.00000053411798e+05 
1.83847745150629e-01 1.00000060427275e+05 
1.84002529603142e-01 1.00000068064155e+05 
1.84157335353676e-01 1.00000076513213e+05 
1.84312160157459e-01 1.00000085761168e+05 
1.84467000129832e-01 1.00000095814158e+05 
1.84621860415159e-01 1.00000106630948e+05 
1.84776740930128e-01 1.00000118313137e+05 
1.84931641242986e-01 1.00000130876440e+05 
1.85086563989313e-01 1.00000144252939e+05 
1.85241506481024e-01 1.00000158411999e+05 
1.85396465270465e-01 1.00000173235122e+05 
1.85551445357899e-01 1.00000188751069e+05 
1.85706447131946e-01 1.00000204887149e+05 
1.85861469841506e-01 1.00000221446856e+05 
1.86016515723094e-01 1.00000238446420e+05 
1.86171582092017e-01 1.00000255720391e+05 
1.86326665902038e-01 1.00000273013380e+05 
1.86481771891349e-01 1.00000290278808e+05 
1.86636901699642e-01 1.00000307444309e+05 
1.86792054941834e-01 1.00000324426360e+05 
1.86947233908023e-01 1.00000341043516e+05 
1.87102435416537e-01 1.00000357338991e+05 
1.87257657291088e-01 1.00000373121242e+05 
1.87412902429260e-01 1.00000388532722e+05 
1.87568174611819e-01 1.00000403926499e+05 
1.87723472178151e-01 1.00000419366282e+05 
1.87878795160227e-01 1.00000434317245e+05 
1.88034140657798e-01 1.00000450368810e+05 
1.88189507655042e-01 1.00000468271170e+05 
1.88344899197177e-01 1.00000488307082e+05 
1.88500320497013e-01 1.00000511710672e+05 
1.88655769677814e-01 1.00000539332980e+05 
1.88811246252917e-01 1.00000576567761e+05 
1.88966746116208e-01 1.00000623774114e+05 
1.89122267725332e-01 1.00000683795601e+05 
