# Liste des scalaires : TEMPS pmat 
0.00000000000000e+00 1.00000000000000e+05 
7.22956891292051e-05 1.00000000000000e+05 
1.31365776665293e-04 1.00000000000000e+05 
1.90801793644434e-04 1.00000000000000e+05 
2.47516927556796e-04 1.00000000000000e+05 
3.05053858205272e-04 1.00000000000000e+05 
3.64026605035603e-04 1.00000000000000e+05 
4.21105952290013e-04 1.00000000000000e+05 
4.79253610967792e-04 1.00000000000000e+05 
5.39462350439208e-04 1.00000000000000e+05 
6.02128522369138e-04 1.00000000000000e+05 
6.66994805826512e-04 1.00000000000000e+05 
7.30210440925660e-04 1.00000000000000e+05 
7.95845986810104e-04 1.00000000000000e+05 
8.63114929842819e-04 1.00000000000000e+05 
9.32464484026651e-04 1.00000000000000e+05 
1.00044684830196e-03 1.00000000000000e+05 
1.07061917516925e-03 1.00000000000000e+05 
1.14226753930409e-03 1.00000000000000e+05 
1.21586139876782e-03 1.00000000000000e+05 
1.28842318892475e-03 1.00000000000000e+05 
1.36278673776604e-03 1.00000000000000e+05 
1.43837499777466e-03 1.00000000000000e+05 
1.51577038169953e-03 1.00000000000000e+05 
1.59550458059208e-03 1.00000000000000e+05 
1.67443157323016e-03 1.00000000000000e+05 
1.75492142690385e-03 1.00000000000000e+05 
1.83683131095302e-03 1.00000000000000e+05 
1.92057332306304e-03 1.00000000000000e+05 
2.00664742508958e-03 1.00000000000000e+05 
2.09118127478976e-03 1.00000000000000e+05 
2.17741970944253e-03 1.00000000000000e+05 
2.26525752005546e-03 1.00000000000000e+05 
2.35497181639642e-03 1.00000000000000e+05 
2.44690683482629e-03 1.00000000000000e+05 
2.53688829272623e-03 1.00000000000000e+05 
2.62828071830599e-03 1.00000000000000e+05 
2.72136877357592e-03 1.00000000000000e+05 
2.81615123048184e-03 1.00000000000000e+05 
2.91258273929073e-03 1.00000000000000e+05 
3.00824917046238e-03 1.00000000000000e+05 
3.10515192178596e-03 1.00000000000000e+05 
3.20352355349557e-03 1.00000000000000e+05 
3.30372016489560e-03 1.00000000000000e+05 
3.40496705248332e-03 1.00000000000000e+05 
3.50799920266283e-03 1.00000000000000e+05 
3.61038850538098e-03 1.00000000000000e+05 
3.71416469434952e-03 1.00000000000000e+05 
3.81959525708246e-03 1.00000000000000e+05 
3.92687620712870e-03 1.00000000000000e+05 
4.03532941083936e-03 1.00000000000000e+05 
4.14158559723494e-03 1.00000000000000e+05 
4.24924698067690e-03 1.00000000000000e+05 
4.35858380774562e-03 1.00000000000000e+05 
4.47001958145320e-03 1.00000000000000e+05 
4.58386424544574e-03 1.00000000000000e+05 
4.69925390419606e-03 1.00000000000000e+05 
4.81635294643487e-03 1.00000000000000e+05 
4.93465095896518e-03 1.00000000000000e+05 
5.05455958826730e-03 1.00000000000000e+05 
5.17662472671353e-03 1.00000000000000e+05 
5.30074052550811e-03 1.00000000000000e+05 
5.42533586680624e-03 1.00000000000000e+05 
5.55157116187921e-03 1.00000000000000e+05 
5.67970319787952e-03 1.00000000000000e+05 
5.80970212641097e-03 1.00000000000000e+05 
5.94168547032986e-03 1.00000000000000e+05 
6.07574337692644e-03 1.00000000000000e+05 
6.20958522045059e-03 1.00000000000000e+05 
6.34505464866535e-03 1.00000000000000e+05 
6.48236181498991e-03 1.00000000000000e+05 
6.62161607848299e-03 1.00000000000000e+05 
6.76294882287312e-03 1.00000000000000e+05 
6.90593654496624e-03 1.00000000000000e+05 
7.04985460141213e-03 1.00000000000000e+05 
7.19540543838903e-03 1.00000000000000e+05 
7.33999145638682e-03 1.00000000000000e+05 
7.48610668988852e-03 1.00000000000000e+05 
7.63597478939039e-03 1.00000000000000e+05 
7.78732020672061e-03 1.00000000000000e+05 
7.92829485193469e-03 1.00000000000000e+05 
8.07517097606437e-03 1.00000000000000e+05 
8.21688060135237e-03 1.00000000000000e+05 
8.36119071350588e-03 1.00000000000000e+05 
8.50809131513368e-03 1.00000000000000e+05 
8.65518015171002e-03 1.00000000000000e+05 
8.79767451286293e-03 1.00000000000000e+05 
8.94739210537574e-03 1.00000000000000e+05 
9.09105536676877e-03 1.00000000000000e+05 
9.24159887037151e-03 1.00000000000000e+05 
9.39220790015693e-03 1.00000000000000e+05 
9.54439307419984e-03 1.00000000000000e+05 
9.69156619568863e-03 1.00000000000000e+05 
9.84299690155337e-03 1.00000000000000e+05 
9.98809458146793e-03 1.00000000000000e+05 
1.01321828312647e-02 1.00000000000000e+05 
1.02850410275375e-02 1.00000000000000e+05 
1.04350125916617e-02 1.00000000000000e+05 
1.05783700383669e-02 1.00000000000000e+05 
1.07254211224122e-02 1.00000000000000e+05 
1.08691113661437e-02 1.00000000000000e+05 
1.10142153568337e-02 1.00000000000000e+05 
1.11608732820757e-02 1.00000000000000e+05 
1.13076433259262e-02 1.00000000000000e+05 
1.14517856074207e-02 1.00000000000000e+05 
1.15973579812322e-02 1.00000000000000e+05 
1.17415273608008e-02 1.00000000000000e+05 
1.18868706378942e-02 1.00000000000000e+05 
1.20332602093580e-02 1.00000000000000e+05 
1.21794574619932e-02 1.00000000000000e+05 
1.23227810224434e-02 1.00000000000000e+05 
1.24671180105173e-02 1.00000000000000e+05 
1.26101371158148e-02 1.00000000000000e+05 
1.27544826781423e-02 1.00000000000000e+05 
1.28999880798785e-02 1.00000000000000e+05 
1.30454602074168e-02 1.00000000000000e+05 
1.31883486859453e-02 1.00000000000000e+05 
1.33323241506998e-02 1.00000000000000e+05 
1.34752417813649e-02 1.00000000000000e+05 
1.36195867048813e-02 1.00000000000000e+05 
1.37651755037526e-02 1.00000000000000e+05 
1.39109163958061e-02 1.00000000000000e+05 
1.40543873994082e-02 1.00000000000000e+05 
1.41990460430540e-02 1.00000000000000e+05 
1.43428704870837e-02 1.00000000000000e+05 
1.44891780489249e-02 1.00000000000000e+05 
1.46368936019234e-02 1.00000000000000e+05 
1.47848175160183e-02 1.00000000000000e+05 
1.49302991365537e-02 1.00000000000000e+05 
1.50798809288834e-02 1.00000000000000e+05 
1.52257314808269e-02 1.00000000000000e+05 
1.53758032104309e-02 1.00000000000000e+05 
1.55246591349198e-02 1.00000000000000e+05 
1.56782256266550e-02 1.00000000000000e+05 
1.58337853708188e-02 1.00000000000000e+05 
1.59940429318667e-02 1.00000000000000e+05 
1.61512002924899e-02 1.00000000000000e+05 
1.63149352679544e-02 1.00000000000000e+05 
1.64708756824014e-02 1.00000000000000e+05 
1.66330249658529e-02 1.00000000000000e+05 
1.67937818862683e-02 1.00000000000000e+05 
1.69576048166920e-02 1.00000000000000e+05 
1.71205869349963e-02 1.00000000000000e+05 
1.72852200677434e-02 1.00000000000000e+05 
1.74379426529992e-02 1.00000000000000e+05 
1.75956221582472e-02 1.00000000000000e+05 
1.77592133808735e-02 1.00000000000000e+05 
1.79171439620859e-02 1.00000000000000e+05 
1.80800346891129e-02 1.00000000000000e+05 
1.82478090203850e-02 1.00000000000000e+05 
1.84027942684933e-02 1.00000000000000e+05 
1.85631433345711e-02 1.00000000000000e+05 
1.87159102385916e-02 1.00000000000000e+05 
1.88725672467794e-02 1.00000000000000e+05 
1.90355927565258e-02 1.00000000000000e+05 
1.92010270263439e-02 1.00000000000000e+05 
1.93618226264485e-02 1.00000000000000e+05 
1.95264160199160e-02 1.00000000000000e+05 
1.96908584152114e-02 1.00000000000000e+05 
1.98463406470909e-02 1.00000000000000e+05 
2.00056961552473e-02 1.00000000000000e+05 
2.01757193923313e-02 1.00000000000000e+05 
2.03362534868660e-02 1.00000000000000e+05 
2.04988789851508e-02 1.00000000000000e+05 
2.06556869020920e-02 1.00000000000000e+05 
2.08139113760422e-02 1.00000000000000e+05 
2.09707686149903e-02 1.00000000000000e+05 
2.11290454772625e-02 1.00000000000000e+05 
2.12912824001179e-02 1.00000000000000e+05 
2.14511296663963e-02 1.00000000000000e+05 
2.16079788839610e-02 1.00000000000000e+05 
2.17662092601864e-02 1.00000000000000e+05 
2.19223730241230e-02 1.00000000000000e+05 
2.20804460396317e-02 1.00000000000000e+05 
2.22400421983829e-02 1.00000000000000e+05 
2.24046413094125e-02 1.00000000000000e+05 
2.25608157392363e-02 1.00000000000000e+05 
2.27232992340324e-02 1.00000000000000e+05 
2.28832847660203e-02 1.00000000000000e+05 
2.30421789544748e-02 1.00000000000000e+05 
2.32067044900930e-02 1.00000000000000e+05 
2.33681296709798e-02 1.00000000000000e+05 
2.35227513016542e-02 1.00000000000000e+05 
2.36880858724172e-02 1.00000000000000e+05 
2.38452821051755e-02 1.00000000000000e+05 
2.40100920434402e-02 1.00000000000000e+05 
2.41685362953506e-02 1.00000000000000e+05 
2.43343930727495e-02 1.00000000000000e+05 
2.44951750902852e-02 1.00000000000000e+05 
2.46616882834622e-02 1.00000000000000e+05 
2.48183722102910e-02 1.00000000000000e+05 
2.49812987182754e-02 1.00000000000000e+05 
2.51425389244189e-02 1.00000000000000e+05 
2.53111820249738e-02 1.00000000000000e+05 
2.54690815373730e-02 1.00000000000000e+05 
2.56341079288882e-02 1.00000000000000e+05 
2.57928640047863e-02 1.00000000000000e+05 
2.59593018372113e-02 1.00000000000000e+05 
2.61241702279340e-02 1.00000000000000e+05 
2.62951128418623e-02 1.00000000000000e+05 
2.64553660196188e-02 1.00000000000000e+05 
2.66264481758169e-02 1.00000000000000e+05 
2.67890396887314e-02 1.00000000000000e+05 
2.69601295556931e-02 1.00000000000000e+05 
2.71304307244898e-02 1.00000000000000e+05 
2.73084467374630e-02 1.00000000000000e+05 
2.74733748188327e-02 1.00000000000000e+05 
2.76470118667298e-02 1.00000000000000e+05 
2.78114000969808e-02 1.00000000000000e+05 
2.79826173345332e-02 1.00000000000000e+05 
2.81525706355389e-02 1.00000000000000e+05 
2.83295616392460e-02 1.00000000000000e+05 
2.84961746943228e-02 1.00000000000000e+05 
2.86693063972603e-02 1.00000000000000e+05 
2.88359423607007e-02 1.00000000000000e+05 
2.90100745252865e-02 1.00000000000000e+05 
2.91817664053069e-02 1.00000000000000e+05 
2.93614870915983e-02 1.00000000000000e+05 
2.95286921690261e-02 1.00000000000000e+05 
2.97039096401590e-02 1.00000000000000e+05 
2.98716798792688e-02 1.00000000000000e+05 
3.00477393927777e-02 1.00000000000000e+05 
3.02222583852144e-02 1.00000000000000e+05 
3.04065012269822e-02 1.00000000000000e+05 
3.05766580021823e-02 1.00000000000000e+05 
3.07579844124835e-02 1.00000000000000e+05 
3.09307230990204e-02 1.00000000000000e+05 
3.11159449029877e-02 1.00000000000000e+05 
3.13004739513710e-02 1.00000000000000e+05 
3.14924519353854e-02 1.00000000000000e+05 
3.16857625816931e-02 1.00000000000000e+05 
3.18809189062222e-02 1.00000000000000e+05 
3.20695756762551e-02 1.00000000000000e+05 
3.22672281870630e-02 1.00000000000000e+05 
3.24679717174786e-02 1.00000000000000e+05 
3.26699187227392e-02 1.00000000000000e+05 
3.28612684583721e-02 1.00000000000000e+05 
3.30622818992660e-02 1.00000000000000e+05 
3.32589864996676e-02 1.00000000000000e+05 
3.34558603612456e-02 1.00000000000000e+05 
3.36600532020699e-02 1.00000000000000e+05 
3.38637499194521e-02 1.00000000000000e+05 
3.40593539205032e-02 1.00000000000000e+05 
3.42592797754625e-02 1.00000000000000e+05 
3.44571202645051e-02 1.00000000000000e+05 
3.46571453483095e-02 1.00000000000000e+05 
3.48607801355984e-02 1.00000000000000e+05 
3.50653140721542e-02 1.00000000000000e+05 
3.52639531723419e-02 1.00000000000000e+05 
3.54700668343126e-02 1.00000000000000e+05 
3.56683396708332e-02 1.00000000000000e+05 
3.58748026183498e-02 1.00000000000000e+05 
3.60793806787044e-02 1.00000000000000e+05 
3.62888221310441e-02 1.00000000000000e+05 
3.64897709235508e-02 1.00000000000000e+05 
3.66991077458963e-02 1.00000000000000e+05 
3.69036198707575e-02 1.00000000000000e+05 
3.71095474311421e-02 1.00000000000000e+05 
3.73164449659610e-02 1.00000000000000e+05 
3.75233112652225e-02 1.00000000000000e+05 
3.77304277034133e-02 1.00000000000000e+05 
3.79388476120846e-02 1.00000000000000e+05 
3.81437976578820e-02 1.00000000000000e+05 
3.83520511807591e-02 1.00000000000000e+05 
3.85603033446272e-02 1.00000000000000e+05 
3.87684221764355e-02 1.00000000000000e+05 
3.89749103246474e-02 1.00000000000000e+05 
3.91832514506329e-02 1.00000000000000e+05 
3.93902808696353e-02 1.00000000000000e+05 
3.95994737987121e-02 1.00000000000000e+05 
3.98090273957249e-02 1.00000000000000e+05 
4.00193836105812e-02 1.00000000000000e+05 
4.02284251270618e-02 1.00000000000000e+05 
4.04383672763269e-02 1.00000000000000e+05 
4.06483243881635e-02 1.00000000000000e+05 
4.08587591106161e-02 1.00000000000000e+05 
4.10692706706449e-02 1.00000000000000e+05 
4.12798508800940e-02 1.00000000000000e+05 
4.14900791236115e-02 1.00000000000000e+05 
4.17000110453984e-02 1.00000000000000e+05 
4.19097943321053e-02 1.00000000000000e+05 
4.21204281620992e-02 1.00000000000000e+05 
4.23311217115469e-02 1.00000000000000e+05 
4.25418652447015e-02 1.00000000000000e+05 
4.27525677666591e-02 1.00000000000000e+05 
4.29633258462634e-02 1.00000000000000e+05 
4.31740450127738e-02 1.00000000000000e+05 
4.33847547483760e-02 1.00000000000000e+05 
4.35955116662347e-02 1.00000000000000e+05 
4.38063054621966e-02 1.00000000000000e+05 
4.40170390597024e-02 1.00000000000000e+05 
4.42278198435895e-02 1.00000000000000e+05 
4.44385576715965e-02 1.00000000000000e+05 
4.46492851891891e-02 1.00000000000000e+05 
4.48600688474758e-02 1.00000000000000e+05 
4.50709026981788e-02 1.00000000000000e+05 
4.52816967765999e-02 1.00000000000000e+05 
4.54925579979918e-02 1.00000000000000e+05 
4.57033995396491e-02 1.00000000000000e+05 
4.59142500071955e-02 1.00000000000000e+05 
4.61251686045917e-02 1.00000000000000e+05 
4.63361470683811e-02 1.00000000000000e+05 
4.65471015541894e-02 1.00000000000000e+05 
4.67581243031848e-02 1.00000000000000e+05 
4.69691255545410e-02 1.00000000000000e+05 
4.71801288457875e-02 1.00000000000000e+05 
4.73911891182153e-02 1.00000000000000e+05 
4.76023004535878e-02 1.00000000000000e+05 
4.78133850361055e-02 1.00000000000000e+05 
4.80245344196640e-02 1.00000000000000e+05 
4.82356537998248e-02 1.00000000000000e+05 
4.84467793042193e-02 1.00000000000000e+05 
4.86579697056352e-02 1.00000000000000e+05 
4.88692072603347e-02 1.00000000000000e+05 
4.90804072953576e-02 1.00000000000000e+05 
4.92916672114121e-02 1.00000000000000e+05 
4.95028725387493e-02 1.00000000000000e+05 
4.97140856106529e-02 1.00000000000000e+05 
4.99253703145272e-02 1.00000000000000e+05 
5.01367029734016e-02 1.00000000000000e+05 
5.03480122226696e-02 1.00000000000000e+05 
5.05593912404532e-02 1.00000000000000e+05 
5.07707342257492e-02 1.00000000000000e+05 
5.09820976481269e-02 1.00000000000000e+05 
5.11935392307741e-02 1.00000000000000e+05 
5.14050375019762e-02 1.00000000000000e+05 
5.16165245170325e-02 1.00000000000000e+05 
5.18280908124027e-02 1.00000000000000e+05 
5.20396355408914e-02 1.00000000000000e+05 
5.22512111903108e-02 1.00000000000000e+05 
5.24628721581319e-02 1.00000000000000e+05 
5.26745968079740e-02 1.00000000000000e+05 
5.28863243091894e-02 1.00000000000000e+05 
5.30981406918500e-02 1.00000000000000e+05 
5.33099476147807e-02 1.00000000000000e+05 
5.35217931648264e-02 1.00000000000000e+05 
5.37337262826950e-02 1.00000000000000e+05 
5.39457232810929e-02 1.00000000000000e+05 
5.41577314163662e-02 1.00000000000000e+05 
5.43698285875295e-02 1.00000000000000e+05 
5.45819164561961e-02 1.00000000000000e+05 
5.47940353960112e-02 1.00000000000000e+05 
5.50062311571117e-02 1.00000000000000e+05 
5.52184788218172e-02 1.00000000000000e+05 
5.54307278218359e-02 1.00000000000000e+05 
5.56430562718509e-02 1.00000000000000e+05 
5.58553677996708e-02 1.00000000000000e+05 
5.60677054657308e-02 1.00000000000000e+05 
5.62801153335445e-02 1.00000000000000e+05 
5.64925272129165e-02 1.00000000000000e+05 
5.67049117117298e-02 1.00000000000000e+05 
5.69172822007228e-02 1.00000000000000e+05 
5.71296522305550e-02 1.00000000000000e+05 
5.73419979966493e-02 1.00000000000000e+05 
5.75543403294923e-02 1.00000000000000e+05 
5.77666777390021e-02 1.00000000000000e+05 
5.79789899933767e-02 1.00000000000000e+05 
5.81912727659825e-02 1.00000000000000e+05 
5.84035526553092e-02 1.00000000000000e+05 
5.86158222179900e-02 1.00000000000000e+05 
5.88280824147283e-02 1.00000000000000e+05 
5.90403343404289e-02 1.00000000000000e+05 
5.92525394010492e-02 1.00000000000000e+05 
5.94647110101769e-02 1.00000000000000e+05 
5.96768737441195e-02 1.00000000000000e+05 
5.98890010728363e-02 1.00000000000000e+05 
6.01011213922876e-02 1.00000000000000e+05 
6.03132377849078e-02 1.00000000000000e+05 
6.05253133922978e-02 1.00000000000000e+05 
6.07374017132501e-02 1.00000000000000e+05 
6.09494468659256e-02 1.00000000000000e+05 
6.11614586651354e-02 1.00000000000000e+05 
6.13734664712943e-02 1.00000000000000e+05 
6.15854732872053e-02 1.00000000000000e+05 
6.17974413486904e-02 1.00000000000000e+05 
6.20094220147505e-02 1.00000000000000e+05 
6.22213617420771e-02 1.00000000000000e+05 
6.24332681115349e-02 1.00000000000000e+05 
6.26451740914782e-02 1.00000000000000e+05 
6.28570851980166e-02 1.00000000000000e+05 
6.30689643742691e-02 1.00000000000000e+05 
6.32808614027406e-02 1.00000000000000e+05 
6.34927268146890e-02 1.00000000000000e+05 
6.37045654520143e-02 1.00000000000000e+05 
6.39164122938204e-02 1.00000000000000e+05 
6.41282712389574e-02 1.00000000000000e+05 
6.43401034135659e-02 1.00000000000000e+05 
6.45519536456096e-02 1.00000000000000e+05 
6.47637703903809e-02 1.00000000000000e+05 
6.49755524892512e-02 1.00000000000000e+05 
6.51873290180442e-02 1.00000000000000e+05 
6.53991005585038e-02 1.00000000000000e+05 
6.56108329604692e-02 1.00000000000000e+05 
6.58225736413601e-02 1.00000000000000e+05 
6.60342764500747e-02 1.00000000000000e+05 
6.62459472302231e-02 1.00000000000000e+05 
6.64576192215982e-02 1.00000000000000e+05 
6.66693009142706e-02 1.00000000000000e+05 
6.68809603642662e-02 1.00000000000000e+05 
6.70926393991319e-02 1.00000000000000e+05 
6.73042930269010e-02 1.00000000000000e+05 
6.75159199030589e-02 1.00000000000000e+05 
6.77275501491375e-02 1.00000000000000e+05 
6.79391901422153e-02 1.00000000000000e+05 
6.81508067371035e-02 1.00000000000000e+05 
6.83624420008980e-02 1.00000000000000e+05 
6.85740533149893e-02 1.00000000000000e+05 
6.87856422354624e-02 1.00000000000000e+05 
6.89972405381526e-02 1.00000000000000e+05 
6.92088578454386e-02 1.00000000000000e+05 
6.94204635408936e-02 1.00000000000000e+05 
6.96320954615891e-02 1.00000000000000e+05 
6.98437125955297e-02 1.00000000000000e+05 
7.00553130700309e-02 1.00000000000000e+05 
7.02669266842809e-02 1.00000000000000e+05 
7.04785610989466e-02 1.00000000000000e+05 
7.06901877441126e-02 1.00000000000000e+05 
7.09018399160145e-02 1.00000000000000e+05 
7.11134777830496e-02 1.00000000000000e+05 
7.13250993773244e-02 1.00000000000000e+05 
7.15367320576115e-02 1.00000000000000e+05 
7.17483835999650e-02 1.00000000000000e+05 
7.19600279354678e-02 1.00000000000000e+05 
7.21716971508167e-02 1.00000000000000e+05 
7.23833540177054e-02 1.00000000000000e+05 
7.25949966672962e-02 1.00000000000000e+05 
7.28067994906123e-02 1.00000000000000e+05 
7.30186303591206e-02 1.00000000000000e+05 
7.32304546929198e-02 1.00000000000000e+05 
7.34423126014510e-02 1.00000000000000e+05 
7.36541523591823e-02 1.00000000000000e+05 
7.38659721654793e-02 1.00000000000000e+05 
7.40778155900836e-02 1.00000000000000e+05 
7.42896865382370e-02 1.00000000000000e+05 
7.45015476053852e-02 1.00000000000000e+05 
7.47134405896665e-02 1.00000000000000e+05 
7.49253156327184e-02 1.00000000000000e+05 
7.51371695890498e-02 1.00000000000000e+05 
7.53490441668743e-02 1.00000000000000e+05 
7.55609451578306e-02 1.00000000000000e+05 
7.57728368208290e-02 1.00000000000000e+05 
7.59847594606667e-02 1.00000000000000e+05 
7.61966634485804e-02 1.00000000000000e+05 
7.64085421599082e-02 1.00000000000000e+05 
7.66204348935038e-02 1.00000000000000e+05 
7.68323473797736e-02 1.00000000000000e+05 
7.70442452861809e-02 1.00000000000000e+05 
7.72561686219782e-02 1.00000000000000e+05 
7.74680698034034e-02 1.00000000000000e+05 
7.76799424719465e-02 1.00000000000000e+05 
7.78918266211880e-02 1.00000000000000e+05 
7.81037313633788e-02 1.00000000000000e+05 
7.83156273907699e-02 1.00000000000000e+05 
7.85275526554944e-02 1.00000000000000e+05 
7.87394617584215e-02 1.00000000000000e+05 
7.89513455631473e-02 1.00000000000000e+05 
7.91632398820845e-02 1.00000000000000e+05 
7.93751535554172e-02 1.00000000000000e+05 
7.95870603550271e-02 1.00000000000000e+05 
7.97989961766279e-02 1.00000000000000e+05 
8.00109185645481e-02 1.00000000000000e+05 
8.02228171469550e-02 1.00000000000000e+05 
8.04347241023666e-02 1.00000000000000e+05 
8.06466473915329e-02 1.00000000000000e+05 
8.08585589071241e-02 1.00000000000000e+05 
8.10704950744299e-02 1.00000000000000e+05 
8.12824125923172e-02 1.00000000000000e+05 
8.14943021534015e-02 1.00000000000000e+05 
8.17061942371661e-02 1.00000000000000e+05 
8.19180963437670e-02 1.00000000000000e+05 
8.21299788267065e-02 1.00000000000000e+05 
8.23418819142270e-02 1.00000000000000e+05 
8.25537630854399e-02 1.00000000000000e+05 
8.27656159696972e-02 1.00000000000000e+05 
8.29774709689743e-02 1.00000000000000e+05 
8.31893355448212e-02 1.00000000000000e+05 
8.34011801885406e-02 1.00000000000000e+05 
8.36130466024565e-02 1.00000000000000e+05 
8.38248928129761e-02 1.00000000000000e+05 
8.40367136284055e-02 1.00000000000000e+05 
8.42485384349319e-02 1.00000000000000e+05 
8.44603748356568e-02 1.00000000000000e+05 
8.46721946310981e-02 1.00000000000000e+05 
8.48840389772671e-02 1.00000000000000e+05 
8.50958668329161e-02 1.00000000000000e+05 
8.53076717459747e-02 1.00000000000000e+05 
8.55194820801702e-02 1.00000000000000e+05 
8.57313055474268e-02 1.00000000000000e+05 
8.59431146475099e-02 1.00000000000000e+05 
8.61549495570974e-02 1.00000000000000e+05 
8.63667694723972e-02 1.00000000000000e+05 
8.65785677092653e-02 1.00000000000001e+05 
8.67903716985612e-02 1.00000000000001e+05 
8.70021885563385e-02 1.00000000000001e+05 
8.72139898622036e-02 1.00000000000002e+05 
8.74258154158768e-02 1.00000000000003e+05 
8.76376242128129e-02 1.00000000000004e+05 
8.78494114033056e-02 1.00000000000006e+05 
8.80612025583865e-02 1.00000000000008e+05 
8.82730057408096e-02 1.00000000000013e+05 
8.84847936774737e-02 1.00000000000019e+05 
8.86966074842034e-02 1.00000000000028e+05 
8.89084064776409e-02 1.00000000000038e+05 
8.91201854294602e-02 1.00000000000050e+05 
8.93319694497643e-02 1.00000000000070e+05 
8.95437652404732e-02 1.00000000000105e+05 
8.97555468818317e-02 1.00000000000142e+05 
8.99673538750710e-02 1.00000000000200e+05 
9.01791460548552e-02 1.00000000000267e+05 
9.03909172175584e-02 1.00000000000316e+05 
9.06026919038342e-02 1.00000000000401e+05 
9.08144764850481e-02 1.00000000000531e+05 
9.10262464177454e-02 1.00000000000688e+05 
9.12380402485901e-02 1.00000000001006e+05 
9.14498178145230e-02 1.00000000001655e+05 
9.16615722378393e-02 1.00000000003799e+05 
9.18733275939683e-02 1.00000000011009e+05 
9.20850898957538e-02 1.00000000024152e+05 
9.22968348125214e-02 1.00000000043437e+05 
9.25086013821153e-02 1.00000000069991e+05 
9.27203491937889e-02 1.00000000106239e+05 
9.29320721689880e-02 1.00000000150470e+05 
9.31437949251666e-02 1.00000000309772e+05 
9.33555237640497e-02 1.00000000484529e+05 
9.35672349392561e-02 1.00000000686683e+05 
9.37789691841487e-02 1.00000000906977e+05 
9.39906867872638e-02 1.00000001143877e+05 
9.42023820356221e-02 1.00000001516657e+05 
9.44140796435214e-02 1.00000001766517e+05 
9.46257858706564e-02 1.00000002035831e+05 
9.48374779262307e-02 1.00000002311042e+05 
9.50491954862236e-02 1.00000002516715e+05 
9.52608991076545e-02 1.00000002786760e+05 
9.54725821823314e-02 1.00000003133248e+05 
9.56842692273822e-02 1.00000003555611e+05 
9.58959663750302e-02 1.00000004062513e+05 
9.61076514630262e-02 1.00000004670949e+05 
9.63193631136295e-02 1.00000005396655e+05 
9.65310615536965e-02 1.00000006266407e+05 
9.67427395194774e-02 1.00000007301059e+05 
9.69544212209166e-02 1.00000008546833e+05 
9.71661125437849e-02 1.00000009971653e+05 
9.73777911572879e-02 1.00000011668581e+05 
9.75894957206815e-02 1.00000013678305e+05 
9.78011856518211e-02 1.00000016047181e+05 
9.80128541835104e-02 1.00000018809636e+05 
9.82245251864435e-02 1.00000022044965e+05 
9.84362041224587e-02 1.00000025788172e+05 
9.86478679236479e-02 1.00000030130020e+05 
9.88595565232186e-02 1.00000035186473e+05 
9.90712288262574e-02 1.00000041005604e+05 
9.92828789651891e-02 1.00000047683260e+05 
9.94945310837424e-02 1.00000055440938e+05 
9.97061901626757e-02 1.00000064225549e+05 
9.99178329166940e-02 1.00000074347272e+05 
1.00129499345719e-01 1.00000086088357e+05 
1.00341148216649e-01 1.00000099509983e+05 
1.00552774647022e-01 1.00000114802199e+05 
1.00764403782588e-01 1.00000132455786e+05 
1.00976039752243e-01 1.00000152625169e+05 
1.01187659229683e-01 1.00000175566152e+05 
1.01399301372727e-01 1.00000201927939e+05 
1.01610924088414e-01 1.00000231835629e+05 
1.01822522799487e-01 1.00000265670849e+05 
1.02034123605969e-01 1.00000304425481e+05 
1.02245729932202e-01 1.00000349070943e+05 
1.02457319029359e-01 1.00000398621244e+05 
1.02668929889054e-01 1.00000455043892e+05 
1.02880520484911e-01 1.00000518822437e+05 
1.03092086064071e-01 1.00000591682205e+05 
1.03303652759004e-01 1.00000672701179e+05 
1.03515224172327e-01 1.00000765916411e+05 
1.03726777741177e-01 1.00000870066032e+05 
1.03938352845473e-01 1.00000986123006e+05 
1.04149907411335e-01 1.00001116785335e+05 
1.04361437025931e-01 1.00001264257686e+05 
1.04572967787466e-01 1.00001426665573e+05 
1.04784502975243e-01 1.00001613250668e+05 
1.04996019697831e-01 1.00001820575849e+05 
1.05207557381364e-01 1.00002050450030e+05 
1.05419074327420e-01 1.00002306277254e+05 
1.05630566422578e-01 1.00002593476098e+05 
1.05842060322949e-01 1.00002909467084e+05 
1.06053559731097e-01 1.00003267036391e+05 
1.06265041581436e-01 1.00003661905965e+05 
1.06476544336269e-01 1.00004096886755e+05 
1.06688026785693e-01 1.00004577852977e+05 
1.06899484191062e-01 1.00005114570341e+05 
1.07110943939153e-01 1.00005702750831e+05 
1.07322410118484e-01 1.00006363222561e+05 
1.07533860298548e-01 1.00007089016587e+05 
1.07745331787018e-01 1.00007883624998e+05 
1.07956783812573e-01 1.00008758269267e+05 
1.08168210630197e-01 1.00009730962906e+05 
1.08379638839987e-01 1.00010791708065e+05 
1.08591072952070e-01 1.00011978500731e+05 
1.08802491483301e-01 1.00013277341534e+05 
1.09013931078773e-01 1.00014691900297e+05 
1.09225352399535e-01 1.00016243453863e+05 
1.09436748566837e-01 1.00017963491417e+05 
1.09648144289300e-01 1.00019829027675e+05 
1.09859544882291e-01 1.00021908759377e+05 
1.10070928902700e-01 1.00024174907598e+05 
1.10282332808159e-01 1.00026631091961e+05 
1.10493718355311e-01 1.00029315477660e+05 
1.10705079200942e-01 1.00032279842970e+05 
1.10916438799277e-01 1.00035482177197e+05 
1.11127802714452e-01 1.00039033649538e+05 
1.11339148984189e-01 1.00042889715534e+05 
1.11550514181581e-01 1.00047052306701e+05 
1.11761860916922e-01 1.00051577878769e+05 
1.11973183246532e-01 1.00056547527614e+05 
1.12184504055655e-01 1.00061858732324e+05 
1.12395830430595e-01 1.00067739010647e+05 
1.12607139659729e-01 1.00074089086283e+05 
1.12818467830985e-01 1.00081063738944e+05 
1.13029778170741e-01 1.00088595550347e+05 
1.13241064534672e-01 1.00096712964061e+05 
1.13452351966185e-01 1.00105480520511e+05 
1.13663645316503e-01 1.00114948729617e+05 
1.13874924377256e-01 1.00125090880550e+05 
1.14086223291620e-01 1.00136004796618e+05 
1.14297506865119e-01 1.00147628817886e+05 
1.14508768676922e-01 1.00159972913618e+05 
1.14720032232840e-01 1.00173054236901e+05 
1.14931302194070e-01 1.00187141055648e+05 
1.15142561273603e-01 1.00201947897267e+05 
1.15353841305217e-01 1.00217587343945e+05 
1.15565108920225e-01 1.00234137621545e+05 
1.15776356337766e-01 1.00251659527874e+05 
1.15987604537311e-01 1.00270007425509e+05 
1.16198857672278e-01 1.00289374183555e+05 
1.16410099102277e-01 1.00309599196955e+05 
1.16621360109441e-01 1.00330743297211e+05 
1.16832607989228e-01 1.00352734770895e+05 
1.17043835975910e-01 1.00375604222910e+05 
1.17255063645327e-01 1.00399174257225e+05 
1.17466343221584e-01 1.00423795357556e+05 
1.17677649418815e-01 1.00448979766367e+05 
1.17888972865735e-01 1.00474766598017e+05 
1.18100431634644e-01 1.00501076843725e+05 
1.18312370325960e-01 1.00528030956269e+05 
1.18524557706698e-01 1.00555326281752e+05 
1.18736758307142e-01 1.00583419763768e+05 
1.18948953498959e-01 1.00611636164915e+05 
1.19161172717422e-01 1.00640079419832e+05 
1.19373384229221e-01 1.00668624466777e+05 
1.19585582984513e-01 1.00697534831794e+05 
1.19797788544843e-01 1.00726355932388e+05 
1.20010009317936e-01 1.00755610584467e+05 
1.20222225113564e-01 1.00784720828027e+05 
1.20434465377544e-01 1.00813610412809e+05 
1.20646697408946e-01 1.00842510336805e+05 
1.20858915913852e-01 1.00871504461506e+05 
1.21071141256982e-01 1.00900049960218e+05 
1.21283381964767e-01 1.00928931288004e+05 
1.21495618238738e-01 1.00957279294972e+05 
1.21707879391564e-01 1.00985381423048e+05 
1.21920132860918e-01 1.01013805732597e+05 
1.22132372157675e-01 1.01041936896747e+05 
1.22344617919933e-01 1.01068362118532e+05 
1.22556879374654e-01 1.01096194158732e+05 
1.22769137926617e-01 1.01124095014869e+05 
1.22981422769576e-01 1.01152202440992e+05 
1.23193702479152e-01 1.01180265883053e+05 
1.23405969722970e-01 1.01208232787190e+05 
1.23618245055933e-01 1.01235346320847e+05 
1.23830538377868e-01 1.01263665664109e+05 
1.24042832135495e-01 1.01290750285728e+05 
1.24255155324266e-01 1.01316802077344e+05 
1.24467477548283e-01 1.01341829903638e+05 
1.24679791613539e-01 1.01366113828622e+05 
1.24892117277925e-01 1.01389189722547e+05 
1.25104464452486e-01 1.01414081630353e+05 
1.25316815444271e-01 1.01437304730930e+05 
1.25529198940890e-01 1.01458564863074e+05 
1.25741584596376e-01 1.01480795084906e+05 
1.25953965948165e-01 1.01503310481410e+05 
1.26166362407241e-01 1.01526202581125e+05 
1.26378783241559e-01 1.01552044519573e+05 
1.26591209686086e-01 1.01577086738907e+05 
1.26803670299387e-01 1.01603270650655e+05 
1.27016134400708e-01 1.01629207024556e+05 
1.27228596345091e-01 1.01654780912333e+05 
1.27441076289593e-01 1.01679369537297e+05 
1.27653583237637e-01 1.01705232436338e+05 
1.27866098835535e-01 1.01729639439840e+05 
1.28078651545588e-01 1.01753830914451e+05 
1.28291211359522e-01 1.01777470195677e+05 
1.28503765749880e-01 1.01800310729565e+05 
1.28716319935890e-01 1.01822075663972e+05 
1.28928884250243e-01 1.01846124169798e+05 
1.29141479826228e-01 1.01868365669403e+05 
1.29354075342198e-01 1.01890746972789e+05 
1.29566664846503e-01 1.01912183416943e+05 
1.29779241532528e-01 1.01932719127788e+05 
1.29991819922808e-01 1.01952153714985e+05 
1.30204411058466e-01 1.01973212677899e+05 
1.30417034604050e-01 1.01992850924187e+05 
1.30629660109938e-01 1.02011658444649e+05 
1.30842282600771e-01 1.02029037708622e+05 
1.31054896768608e-01 1.02045738268020e+05 
1.31267514612940e-01 1.02060663932081e+05 
1.31480145862213e-01 1.02076401324367e+05 
1.31692808488024e-01 1.02089813738985e+05 
1.31905473699638e-01 1.02102552983626e+05 
1.32118135599057e-01 1.02113911639588e+05 
1.32330791637448e-01 1.02124163008109e+05 
1.32543453615804e-01 1.02133238471814e+05 
1.32756130121273e-01 1.02144052882130e+05 
1.32968837336177e-01 1.02152861398064e+05 
1.33181549470107e-01 1.02161024569631e+05 
1.33394260253534e-01 1.02167558153185e+05 
1.33606968115327e-01 1.02172872574902e+05 
1.33819685086930e-01 1.02176284621549e+05 
1.34032415031250e-01 1.02179546073289e+05 
1.34245174290622e-01 1.02179892666062e+05 
1.34457939389505e-01 1.02177965314420e+05 
1.34670707929127e-01 1.02173586122626e+05 
1.34883464853378e-01 1.02166514884700e+05 
1.35096225555686e-01 1.02155899217057e+05 
1.35309002117945e-01 1.02143578746593e+05 
1.35521812667580e-01 1.02127573281065e+05 
1.35734632750746e-01 1.02108616644520e+05 
1.35947461735862e-01 1.02087756388818e+05 
1.36160283836351e-01 1.02062873589029e+05 
1.36373111770605e-01 1.02034070243419e+05 
1.36585957546496e-01 1.02002296165948e+05 
1.36798838278888e-01 1.01967097896376e+05 
1.37011729697851e-01 1.01931736227371e+05 
1.37224631684576e-01 1.01895406671407e+05 
1.37437529602851e-01 1.01858209644988e+05 
1.37650433854999e-01 1.01819681627374e+05 
1.37863355168986e-01 1.01781407232389e+05 
1.38076308252307e-01 1.01741853225571e+05 
1.38289270632507e-01 1.01701339647924e+05 
1.38502241635266e-01 1.01660144735014e+05 
1.38715208597638e-01 1.01617616973248e+05 
1.38928181203690e-01 1.01573268975953e+05 
1.39141169215590e-01 1.01527869685094e+05 
1.39354185552249e-01 1.01481285603727e+05 
1.39567209564416e-01 1.01433554069816e+05 
1.39780239635411e-01 1.01385432735801e+05 
1.39993264749274e-01 1.01336949181481e+05 
1.40206295058504e-01 1.01286642557742e+05 
1.40419340363665e-01 1.01235949229094e+05 
1.40632413158068e-01 1.01185342417222e+05 
1.40845494765097e-01 1.01133819278147e+05 
1.41058583085076e-01 1.01082878849597e+05 
1.41271667311481e-01 1.01032491438473e+05 
1.41484757615780e-01 1.00981380032673e+05 
1.41697863993656e-01 1.00929726347778e+05 
1.41910998708920e-01 1.00877885943956e+05 
1.42124144889680e-01 1.00825134371372e+05 
1.42337300486398e-01 1.00772446668166e+05 
1.42550454899520e-01 1.00720088474164e+05 
1.42763616995870e-01 1.00667000540171e+05 
1.42976796424966e-01 1.00613465054448e+05 
1.43190004348715e-01 1.00559780566512e+05 
1.43403225363098e-01 1.00505355467457e+05 
1.43616457729994e-01 1.00451256696631e+05 
1.43829691859607e-01 1.00397862639695e+05 
1.44042935107562e-01 1.00344106559914e+05 
1.44256196461821e-01 1.00290375307819e+05 
1.44469485430632e-01 1.00236911114783e+05 
1.44682787618849e-01 1.00183113652030e+05 
1.44896101119469e-01 1.00129869979035e+05 
1.45109417502458e-01 1.00077529251132e+05 
1.45322743215270e-01 1.00025250725175e+05 
1.45536086703265e-01 9.99730705267159e+04 
1.45749455944699e-01 9.99217651350193e+04 
1.45962837891459e-01 9.98703142361289e+04 
1.46176230237775e-01 9.98198621177365e+04 
1.46389625523576e-01 9.97707945018965e+04 
1.46603029808403e-01 9.97220149627753e+04 
1.46816451476979e-01 9.96733139311597e+04 
1.47029897940184e-01 9.96257753212717e+04 
1.47243357466480e-01 9.95781431551123e+04 
1.47430931245613e-01 9.95370239859037e+04 
1.47637262402660e-01 9.94931704385147e+04 
1.47850743320271e-01 9.94482062725031e+04 
1.48064241001925e-01 9.94033320617027e+04 
1.48272659677177e-01 9.93607654929584e+04 
1.48486194655261e-01 9.93170050444400e+04 
1.48699740949571e-01 9.92742046915246e+04 
1.48913291737813e-01 9.92329969282683e+04 
1.49126852557783e-01 9.91923707828068e+04 
1.49340430988047e-01 9.91516971526262e+04 
1.49554033302390e-01 9.91124730974484e+04 
1.49767648286005e-01 9.90734136924609e+04 
1.49981272884188e-01 9.90355201610434e+04 
1.50194900724961e-01 9.89995408439066e+04 
1.50408537198039e-01 9.89648687865582e+04 
1.50622190550176e-01 9.89309787387983e+04 
1.50835867129855e-01 9.88986646313274e+04 
1.51049555673733e-01 9.88683206666411e+04 
1.51263253669389e-01 9.88404126251865e+04 
1.51476954744820e-01 9.88157257899425e+04 
1.51690664081785e-01 9.87933123138148e+04 
1.51904390229747e-01 9.87730909839618e+04 
1.52118140057304e-01 9.87542549733368e+04 
1.52331902228807e-01 9.87356827990586e+04 
1.52545674130803e-01 9.87184094106495e+04 
1.52759448828196e-01 9.87035306966362e+04 
1.52973232085651e-01 9.86904448697504e+04 
1.53187031699485e-01 9.86789484795630e+04 
1.53400854550300e-01 9.86700842484419e+04 
1.53614687866068e-01 9.86622015759518e+04 
1.53828529378561e-01 9.86557128996808e+04 
1.54042371134611e-01 9.86509874989533e+04 
1.54256218950100e-01 9.86476574404710e+04 
1.54470081752020e-01 9.86436077746429e+04 
1.54683968643202e-01 9.86404928063613e+04 
1.54897865017638e-01 9.86372669567689e+04 
1.55111770236953e-01 9.86342416461541e+04 
1.55325674302843e-01 9.86319858639588e+04 
1.55539583493281e-01 9.86306205842562e+04 
1.55753508269843e-01 9.86295489953476e+04 
1.55967460343522e-01 9.86298175268895e+04 
1.56181421881210e-01 9.86311919335414e+04 
1.56395394501377e-01 9.86332631924609e+04 
1.56609365243479e-01 9.86360907144484e+04 
1.56823340321165e-01 9.86399544065771e+04 
1.57037331472246e-01 9.86436893590118e+04 
1.57251353179545e-01 9.86483806472269e+04 
1.57465384869724e-01 9.86533587109287e+04 
1.57679430159171e-01 9.86579952448076e+04 
1.57893474626730e-01 9.86626086615462e+04 
1.58107524276920e-01 9.86678991745147e+04 
1.58321590433127e-01 9.86714147831463e+04 
1.58535688755099e-01 9.86746508967352e+04 
1.58749797546971e-01 9.86772488593651e+04 
1.58963920831146e-01 9.86797754890574e+04 
1.59178044082820e-01 9.86821851660152e+04 
1.59392173275932e-01 9.86849797746300e+04 
1.59606318061076e-01 9.86877283787480e+04 
1.59820494049204e-01 9.86889471001907e+04 
1.60034679980533e-01 9.86894272245961e+04 
1.60248879221356e-01 9.86890586069119e+04 
1.60463077763987e-01 9.86881873420211e+04 
1.60677282200917e-01 9.86874182700292e+04 
1.60891500957190e-01 9.86857790026187e+04 
1.61105749829503e-01 9.86841873981254e+04 
1.61320008207206e-01 9.86824186133005e+04 
1.61534279040454e-01 9.86800148839631e+04 
1.61748548095671e-01 9.86770437450066e+04 
1.61962822842830e-01 9.86745690736537e+04 
1.62177111288423e-01 9.86701971144839e+04 
1.62391429882967e-01 9.86668828583112e+04 
1.62605758042119e-01 9.86628032910676e+04 
1.62820098499735e-01 9.86587735727247e+04 
1.63034436431448e-01 9.86545931369439e+04 
1.63248779969497e-01 9.86506959052671e+04 
1.63463136684748e-01 9.86444123738882e+04 
1.63677523811206e-01 9.86392536671895e+04 
1.63891921279085e-01 9.86334411527723e+04 
1.64106331437058e-01 9.86274930136195e+04 
1.64320739235524e-01 9.86210637571461e+04 
1.64535153313203e-01 9.86151449228579e+04 
1.64749580102508e-01 9.86070611132899e+04 
1.64964036903767e-01 9.86005997037957e+04 
1.65178505005969e-01 9.85943063400374e+04 
1.65392985716046e-01 9.85891719993121e+04 
1.65607464469566e-01 9.85844818438209e+04 
1.65821950563138e-01 9.85808829258493e+04 
1.66036448709593e-01 9.85762249978482e+04 
1.66250975613331e-01 9.85726854727639e+04 
1.66465514551613e-01 9.85690088658200e+04 
1.66680065361795e-01 9.85658308318055e+04 
1.66894614035799e-01 9.85633263427676e+04 
1.67109170813761e-01 9.85625327589715e+04 
1.67323739104663e-01 9.85596242736012e+04 
1.67538335156564e-01 9.85579874218209e+04 
1.67752944305877e-01 9.85560980332703e+04 
1.67967565415592e-01 9.85553385508492e+04 
1.68182184938661e-01 9.85552895463984e+04 
1.68396813736518e-01 9.85565877378162e+04 
1.68611454368776e-01 9.85555535229980e+04 
1.68826111737216e-01 9.85563207722122e+04 
1.69040759121843e-01 9.85571446002090e+04 
1.69255411242086e-01 9.85590682804345e+04 
1.69470051495077e-01 9.85617582133520e+04 
1.69684687257826e-01 9.85655822312134e+04 
1.69899329718984e-01 9.85668575481435e+04 
1.70113983169720e-01 9.85695619849342e+04 
1.70328628177592e-01 9.85722326947367e+04 
1.70543277586477e-01 9.85756856799393e+04 
1.70757916314614e-01 9.85795004215792e+04 
1.70972551833876e-01 9.85843970634908e+04 
1.71187193720342e-01 9.85867433815637e+04 
1.71401844380769e-01 9.85905280334036e+04 
1.71616488148411e-01 9.85946476430019e+04 
1.71831135137217e-01 9.85993094070370e+04 
1.72045771924500e-01 9.86050820679796e+04 
1.72260406229727e-01 9.86118698589741e+04 
1.72475045784558e-01 9.86176103412821e+04 
1.72689690904422e-01 9.86245409629630e+04 
1.72904329906555e-01 9.86319293145317e+04 
1.73118970168954e-01 9.86402240905352e+04 
1.73333600737416e-01 9.86493267639696e+04 
1.73548229670103e-01 9.86600951204622e+04 
1.73762863710611e-01 9.86701222379134e+04 
1.73977502199823e-01 9.86817618776846e+04 
1.74192136792866e-01 9.86942436235966e+04 
1.74406773476142e-01 9.87076094572430e+04 
1.74621402751653e-01 9.87221958788017e+04 
1.74836032920991e-01 9.87386143338731e+04 
1.75050670385606e-01 9.87544403859098e+04 
1.75265313981284e-01 9.87717620313093e+04 
1.75479956465422e-01 9.87899215094151e+04 
1.75694603414729e-01 9.88092276928769e+04 
1.75909245566412e-01 9.88293510581675e+04 
1.76123891413897e-01 9.88511426297392e+04 
1.76338547222476e-01 9.88720928205892e+04 
1.76553211630956e-01 9.88939506530286e+04 
1.76767877451637e-01 9.89168311844830e+04 
1.76982550113984e-01 9.89412683940485e+04 
1.77197220223217e-01 9.89668396487114e+04 
1.77411895867291e-01 9.89943849747403e+04 
1.77626583019805e-01 9.90220968907998e+04 
1.77841280231886e-01 9.90512840178259e+04 
1.78055980654337e-01 9.90816288324752e+04 
1.78270689749693e-01 9.91133807217735e+04 
1.78485398243707e-01 9.91454674993133e+04 
1.78700113596780e-01 9.91804402390567e+04 
1.78914841250124e-01 9.92147869510658e+04 
1.79129579655493e-01 9.92499235321838e+04 
1.79344321953534e-01 9.92866450774557e+04 
1.79559073894518e-01 9.93240669250870e+04 
1.79773826200629e-01 9.93606721978003e+04 
1.79988585599081e-01 9.93991838823044e+04 
1.80203357235644e-01 9.94377242245776e+04 
1.80418139564045e-01 9.94764547310024e+04 
1.80632924735198e-01 9.95162793979602e+04 
1.80847719741590e-01 9.95560140732050e+04 
1.81062514677677e-01 9.95954289752101e+04 
1.81277315801128e-01 9.96357215896549e+04 
1.81492128989150e-01 9.96760379571414e+04 
1.81706953677485e-01 9.97153481239092e+04 
1.81921779647225e-01 9.97549535586778e+04 
1.82136615883761e-01 9.97936977848806e+04 
1.82351451067973e-01 9.98310323008829e+04 
1.82566290944756e-01 9.98683317852018e+04 
1.82781142558731e-01 9.99050030454267e+04 
1.82996006749686e-01 9.99406172553628e+04 
1.83210870670941e-01 9.99760989711618e+04 
1.83425745279862e-01 1.00009994430787e+05 
1.83640617876892e-01 1.00042159937588e+05 
1.83855493790295e-01 1.00073342653904e+05 
1.84070380974813e-01 1.00104017785443e+05 
1.84285281414009e-01 1.00132455249846e+05 
1.84500180438358e-01 1.00160209655815e+05 
1.84715090685293e-01 1.00186050453329e+05 
1.84929998637901e-01 1.00207732255029e+05 
1.85144909147347e-01 1.00227584851268e+05 
1.85359830732350e-01 1.00246495075200e+05 
1.85574766015018e-01 1.00260523871304e+05 
1.85789698503233e-01 1.00275002581165e+05 
1.86004642324009e-01 1.00288497611382e+05 
1.86219583327645e-01 1.00300502730149e+05 
1.86434525939466e-01 1.00311526077209e+05 
1.86649479352422e-01 1.00322674633937e+05 
1.86864446977227e-01 1.00333641969240e+05 
1.87079409654228e-01 1.00344638727995e+05 
1.87294383320065e-01 1.00354678711248e+05 
1.87509352695282e-01 1.00363817044915e+05 
1.87724322053170e-01 1.00372154166794e+05 
1.87939301709930e-01 1.00380119200420e+05 
1.88154296513163e-01 1.00387678056777e+05 
1.88369283920737e-01 1.00395091487581e+05 
1.88584281995328e-01 1.00401884364644e+05 
1.88799273846736e-01 1.00407963823252e+05 
1.89014263830791e-01 1.00413679564549e+05 
1.89229263448811e-01 1.00419231020316e+05 
1.89444279249960e-01 1.00423907243745e+05 
1.89659285435252e-01 1.00428785606155e+05 
1.89874302119982e-01 1.00432703677934e+05 
1.90089310942643e-01 1.00435574401268e+05 
1.90304316390707e-01 1.00437339912044e+05 
1.90519330906995e-01 1.00439230807135e+05 
1.90734362518613e-01 1.00439673135799e+05 
1.90949382514187e-01 1.00439882804224e+05 
1.91164412980387e-01 1.00439028380775e+05 
1.91379434119919e-01 1.00436453674842e+05 
1.91594450435404e-01 1.00433314095717e+05 
1.91809474933227e-01 1.00429755040284e+05 
1.92024516352878e-01 1.00424934859830e+05 
1.92239542967610e-01 1.00420196130176e+05 
1.92454577633136e-01 1.00414373655638e+05 
1.92669599237056e-01 1.00406970886811e+05 
1.92884612637141e-01 1.00399370932277e+05 
1.93099630925194e-01 1.00391661375523e+05 
1.93314663629054e-01 1.00382729406373e+05 
1.93529677517912e-01 1.00374205471999e+05 
1.93744696730621e-01 1.00364893063926e+05 
1.93959699655392e-01 1.00353959499165e+05 
1.94174692138686e-01 1.00343384029600e+05 
1.94389688141596e-01 1.00332577253697e+05 
1.94604698343174e-01 1.00321616461032e+05 
1.94819687744697e-01 1.00310581885768e+05 
1.95034681584776e-01 1.00299190875668e+05 
1.95249657134078e-01 1.00287445431443e+05 
1.95464621086605e-01 1.00275535191003e+05 
1.95679588097357e-01 1.00263599053201e+05 
1.95894569951732e-01 1.00251134459103e+05 
1.96109530232807e-01 1.00239227291274e+05 
1.96324494864619e-01 1.00227176923155e+05 
1.96539440214969e-01 1.00214461000970e+05 
1.96754373821256e-01 1.00201721251250e+05 
1.96969310425373e-01 1.00189336582205e+05 
1.97184262405382e-01 1.00176708199263e+05 
1.97399192936547e-01 1.00164889511704e+05 
1.97614127555291e-01 1.00153222493053e+05 
1.97829042505411e-01 1.00141407995086e+05 
1.98043946158533e-01 1.00130020915636e+05 
1.98258852552257e-01 1.00119474405083e+05 
1.98473773676278e-01 1.00108965451045e+05 
1.98688673631031e-01 1.00099304698443e+05 
1.98903576452138e-01 1.00089930540938e+05 
1.99118459123051e-01 1.00080556538479e+05 
1.99333330958080e-01 1.00071532669850e+05 
1.99548204883404e-01 1.00063135538467e+05 
1.99763092045284e-01 1.00054731899980e+05 
1.99977958450712e-01 1.00046898158699e+05 
2.00192826312250e-01 1.00039182315319e+05 
