# Liste des scalaires : TEMPS pmat 
0.00000000000000e+00 1.00000000000000e+05 
5.42217668469038e-05 1.00000000000000e+05 
1.00327807607633e-04 1.00000000000000e+05 
1.43331684331408e-04 1.00000000000000e+05 
1.85815482199843e-04 1.00000000000000e+05 
2.27021021273976e-04 1.00000000000000e+05 
2.71232519274819e-04 1.00000000000000e+05 
3.18400886697295e-04 1.00000000000000e+05 
3.66918495551819e-04 1.00000000000000e+05 
4.16067381839960e-04 1.00000000000000e+05 
4.65340711860718e-04 1.00000000000000e+05 
5.15901683593920e-04 1.00000000000000e+05 
5.66456913584537e-04 1.00000000000000e+05 
6.17627822317689e-04 1.00000000000000e+05 
6.70643106732926e-04 1.00000000000000e+05 
7.22305439137386e-04 1.00000000000000e+05 
7.75203477830426e-04 1.00000000000000e+05 
8.29947665977777e-04 1.00000000000000e+05 
8.83840409999553e-04 1.00000000000000e+05 
9.38699935128870e-04 1.00000000000000e+05 
9.94285539523184e-04 1.00000000000000e+05 
1.05047378243287e-03 1.00000000000000e+05 
1.10719221745845e-03 1.00000000000000e+05 
1.16481478091943e-03 1.00000000000000e+05 
1.22374661017452e-03 1.00000000000000e+05 
1.28392308385538e-03 1.00000000000000e+05 
1.34439630054098e-03 1.00000000000000e+05 
1.40564277221787e-03 1.00000000000000e+05 
1.46821125373916e-03 1.00000000000000e+05 
1.53222801134050e-03 1.00000000000000e+05 
1.59660868189613e-03 1.00000000000000e+05 
1.66186235048163e-03 1.00000000000000e+05 
1.72865320156065e-03 1.00000000000000e+05 
1.79687700116442e-03 1.00000000000000e+05 
1.86570662547992e-03 1.00000000000000e+05 
1.93562782638027e-03 1.00000000000000e+05 
2.00556683523031e-03 1.00000000000000e+05 
2.07701181951471e-03 1.00000000000000e+05 
2.14885676675261e-03 1.00000000000000e+05 
2.22113427064945e-03 1.00000000000000e+05 
2.29491361948389e-03 1.00000000000000e+05 
2.36883101593860e-03 1.00000000000000e+05 
2.44271592584016e-03 1.00000000000000e+05 
2.51811649773637e-03 1.00000000000000e+05 
2.59477080493512e-03 1.00000000000000e+05 
2.67203815526549e-03 1.00000000000000e+05 
2.75022916099484e-03 1.00000000000000e+05 
2.82940520716814e-03 1.00000000000000e+05 
2.91040154533021e-03 1.00000000000000e+05 
2.99068641091685e-03 1.00000000000000e+05 
3.07249683854551e-03 1.00000000000000e+05 
3.15600151978159e-03 1.00000000000000e+05 
3.24087213404863e-03 1.00000000000000e+05 
3.32730621464069e-03 1.00000000000000e+05 
3.41525091706923e-03 1.00000000000000e+05 
3.50490081089947e-03 1.00000000000000e+05 
3.59263414046449e-03 1.00000000000000e+05 
3.68164463120408e-03 1.00000000000000e+05 
3.77003744884200e-03 1.00000000000000e+05 
3.85984854343250e-03 1.00000000000000e+05 
3.95104921244898e-03 1.00000000000000e+05 
4.04375590319276e-03 1.00000000000000e+05 
4.13778851417930e-03 1.00000000000000e+05 
4.23331239758535e-03 1.00000000000000e+05 
4.33034809104767e-03 1.00000000000000e+05 
4.42910501833762e-03 1.00000000000000e+05 
4.52848792316451e-03 1.00000000000000e+05 
4.62900579867046e-03 1.00000000000000e+05 
4.73020940874291e-03 1.00000000000000e+05 
4.83207889760419e-03 1.00000000000000e+05 
4.93486119227110e-03 1.00000000000000e+05 
5.03770904482360e-03 1.00000000000000e+05 
5.14075975236955e-03 1.00000000000000e+05 
5.24394889192856e-03 1.00000000000000e+05 
5.34743215801240e-03 1.00000000000000e+05 
5.45117742794523e-03 1.00000000000000e+05 
5.55590242640815e-03 1.00000000000000e+05 
5.66057388256691e-03 1.00000000000000e+05 
5.76479605197784e-03 1.00000000000000e+05 
5.86915579324068e-03 1.00000000000000e+05 
5.97354938433203e-03 1.00000000000000e+05 
6.07793148255985e-03 1.00000000000000e+05 
6.18298886249896e-03 1.00000000000000e+05 
6.28759524185227e-03 1.00000000000000e+05 
6.39219231348390e-03 1.00000000000000e+05 
6.49695395460795e-03 1.00000000000000e+05 
6.60188421768988e-03 1.00000000000000e+05 
6.70703791893902e-03 1.00000000000000e+05 
6.81239122226795e-03 1.00000000000000e+05 
6.91703321299605e-03 1.00000000000000e+05 
7.02080522625170e-03 1.00000000000000e+05 
7.12378477759144e-03 1.00000000000000e+05 
7.22601345941562e-03 1.00000000000000e+05 
7.32765560375284e-03 1.00000000000000e+05 
7.42871631187773e-03 1.00000000000000e+05 
7.52932393337233e-03 1.00000000000000e+05 
7.62960157126631e-03 1.00000000000000e+05 
7.72967132612451e-03 1.00000000000000e+05 
7.82978856938143e-03 1.00000000000000e+05 
7.93180863218468e-03 1.00000000000000e+05 
8.03384959325222e-03 1.00000000000000e+05 
8.13559979492427e-03 1.00000000000000e+05 
8.23695441288250e-03 1.00000000000000e+05 
8.33808235199774e-03 1.00000000000000e+05 
8.43873745509300e-03 1.00000000000000e+05 
8.53941841081755e-03 1.00000000000000e+05 
8.63887679338180e-03 1.00000000000000e+05 
8.73929552571231e-03 1.00000000000000e+05 
8.84032850663687e-03 1.00000000000000e+05 
8.94142457806907e-03 1.00000000000000e+05 
9.03961828129398e-03 1.00000000000000e+05 
9.13852659841131e-03 1.00000000000000e+05 
9.23808120270166e-03 1.00000000000000e+05 
9.33937281771476e-03 1.00000000000000e+05 
9.44096881292487e-03 1.00000000000000e+05 
9.54225075709519e-03 1.00000000000000e+05 
9.64249257540253e-03 1.00000000000000e+05 
9.74411120346720e-03 1.00000000000000e+05 
9.84489011228224e-03 1.00000000000000e+05 
9.94687256117028e-03 1.00000000000000e+05 
1.00495971218324e-02 1.00000000000000e+05 
1.01528358802692e-02 1.00000000000000e+05 
1.02546822330439e-02 1.00000000000000e+05 
1.03585012049121e-02 1.00000000000000e+05 
1.04611021154472e-02 1.00000000000000e+05 
1.05639022328340e-02 1.00000000000000e+05 
1.06668334278866e-02 1.00000000000000e+05 
1.07701016835400e-02 1.00000000000000e+05 
1.08709986964126e-02 1.00000000000000e+05 
1.09718357796727e-02 1.00000000000000e+05 
1.10730389088467e-02 1.00000000000000e+05 
1.11773131447037e-02 1.00000000000000e+05 
1.12825443474121e-02 1.00000000000000e+05 
1.13876386076148e-02 1.00000000000000e+05 
1.14898889094957e-02 1.00000000000000e+05 
1.15922673102298e-02 1.00000000000000e+05 
1.16953385975196e-02 1.00000000000000e+05 
1.17997325922676e-02 1.00000000000000e+05 
1.19057484451086e-02 1.00000000000000e+05 
1.20124069833754e-02 1.00000000000000e+05 
1.21170988400353e-02 1.00000000000000e+05 
1.22213142794110e-02 1.00000000000000e+05 
1.23270554903405e-02 1.00000000000000e+05 
1.24352185481671e-02 1.00000000000000e+05 
1.25418851130538e-02 1.00000000000000e+05 
1.26497298102103e-02 1.00000000000000e+05 
1.27537398898302e-02 1.00000000000000e+05 
1.28588732159437e-02 1.00000000000000e+05 
1.29637410871276e-02 1.00000000000000e+05 
1.30714296049253e-02 1.00000000000000e+05 
1.31807178103002e-02 1.00000000000000e+05 
1.32898289556905e-02 1.00000000000000e+05 
1.33957860434356e-02 1.00000000000000e+05 
1.35050713839153e-02 1.00000000000000e+05 
1.36117709968503e-02 1.00000000000000e+05 
1.37212971195058e-02 1.00000000000000e+05 
1.38321315607473e-02 1.00000000000000e+05 
1.39431820451070e-02 1.00000000000000e+05 
1.40541408158147e-02 1.00000000000000e+05 
1.41648300605544e-02 1.00000000000000e+05 
1.42748890549128e-02 1.00000000000000e+05 
1.43867849466109e-02 1.00000000000000e+05 
1.44993184583932e-02 1.00000000000000e+05 
1.46119060366185e-02 1.00000000000000e+05 
1.47240192535527e-02 1.00000000000000e+05 
1.48357286601221e-02 1.00000000000000e+05 
1.49488158053991e-02 1.00000000000000e+05 
1.50611925147602e-02 1.00000000000000e+05 
1.51740571842473e-02 1.00000000000000e+05 
1.52871580044652e-02 1.00000000000000e+05 
1.53999850488705e-02 1.00000000000000e+05 
1.55139301761286e-02 1.00000000000000e+05 
1.56282911486320e-02 1.00000000000000e+05 
1.57431730689413e-02 1.00000000000000e+05 
1.58585999461313e-02 1.00000000000000e+05 
1.59743852302640e-02 1.00000000000000e+05 
1.60865099378202e-02 1.00000000000000e+05 
1.61991020119690e-02 1.00000000000000e+05 
1.63115655297937e-02 1.00000000000000e+05 
1.64248228940809e-02 1.00000000000000e+05 
1.65386968892147e-02 1.00000000000000e+05 
1.66524974015223e-02 1.00000000000000e+05 
1.67662704510881e-02 1.00000000000000e+05 
1.68805152159403e-02 1.00000000000000e+05 
1.69947552553627e-02 1.00000000000000e+05 
1.71093005425096e-02 1.00000000000000e+05 
1.72237021878261e-02 1.00000000000000e+05 
1.73386943041933e-02 1.00000000000000e+05 
1.74538382039963e-02 1.00000000000000e+05 
1.75686666125664e-02 1.00000000000000e+05 
1.76834009001325e-02 1.00000000000000e+05 
1.77983554504056e-02 1.00000000000000e+05 
1.79138728220767e-02 1.00000000000000e+05 
1.80300248307990e-02 1.00000000000000e+05 
1.81469344200593e-02 1.00000000000000e+05 
1.82636084532712e-02 1.00000000000000e+05 
1.83780932407232e-02 1.00000000000000e+05 
1.84942018381587e-02 1.00000000000000e+05 
1.86100723975027e-02 1.00000000000000e+05 
1.87258545393603e-02 1.00000000000000e+05 
1.88418908094187e-02 1.00000000000000e+05 
1.89584148645902e-02 1.00000000000000e+05 
1.90748525886143e-02 1.00000000000000e+05 
1.91926789821724e-02 1.00000000000000e+05 
1.93107109394452e-02 1.00000000000000e+05 
1.94291745938875e-02 1.00000000000000e+05 
1.95470879281921e-02 1.00000000000000e+05 
1.96649122256813e-02 1.00000000000000e+05 
1.97826536884040e-02 1.00000000000000e+05 
1.99003513766457e-02 1.00000000000000e+05 
2.00183930273632e-02 1.00000000000000e+05 
2.01368512449717e-02 1.00000000000000e+05 
2.02559027268349e-02 1.00000000000000e+05 
2.03744853581412e-02 1.00000000000000e+05 
2.04929826408785e-02 1.00000000000000e+05 
2.06117760878073e-02 1.00000000000000e+05 
2.07309379832485e-02 1.00000000000000e+05 
2.08508365198956e-02 1.00000000000000e+05 
2.09715263000645e-02 1.00000000000000e+05 
2.10919559615636e-02 1.00000000000000e+05 
2.12122874830906e-02 1.00000000000000e+05 
2.13328063400003e-02 1.00000000000000e+05 
2.14537800226195e-02 1.00000000000000e+05 
2.15749148133965e-02 1.00000000000000e+05 
2.16959068753721e-02 1.00000000000000e+05 
2.18165160411232e-02 1.00000000000000e+05 
2.19369108553505e-02 1.00000000000000e+05 
2.20575284648322e-02 1.00000000000000e+05 
2.21784393033410e-02 1.00000000000000e+05 
2.22995466643681e-02 1.00000000000000e+05 
2.24205749395687e-02 1.00000000000000e+05 
2.25422235213619e-02 1.00000000000000e+05 
2.26638494623421e-02 1.00000000000000e+05 
2.27852226460029e-02 1.00000000000000e+05 
2.29064009065273e-02 1.00000000000000e+05 
2.30274001815813e-02 1.00000000000000e+05 
2.31468350759368e-02 1.00000000000000e+05 
2.32669020687243e-02 1.00000000000000e+05 
2.33867131800405e-02 1.00000000000000e+05 
2.35066301980446e-02 1.00000000000000e+05 
2.36266920581302e-02 1.00000000000000e+05 
2.37472360310381e-02 1.00000000000000e+05 
2.38683675688483e-02 1.00000000000000e+05 
2.39899737513901e-02 1.00000000000000e+05 
2.41115767029586e-02 1.00000000000000e+05 
2.42332940238301e-02 1.00000000000000e+05 
2.43550267869369e-02 1.00000000000000e+05 
2.44767334105990e-02 1.00000000000000e+05 
2.45983522974619e-02 1.00000000000000e+05 
2.47197073790118e-02 1.00000000000000e+05 
2.48409961997221e-02 1.00000000000000e+05 
2.49622685372548e-02 1.00000000000000e+05 
2.50833430821652e-02 1.00000000000000e+05 
2.52045094008288e-02 1.00000000000000e+05 
2.53257948965837e-02 1.00000000000000e+05 
2.54472828150393e-02 1.00000000000000e+05 
2.55689461461525e-02 1.00000000000000e+05 
2.56907262225809e-02 1.00000000000000e+05 
2.58125416771586e-02 1.00000000000000e+05 
2.59343291377196e-02 1.00000000000000e+05 
2.60559620729222e-02 1.00000000000000e+05 
2.61774670925895e-02 1.00000000000000e+05 
2.62985732104040e-02 1.00000000000000e+05 
2.64192913031422e-02 1.00000000000000e+05 
2.65397158234910e-02 1.00000000000000e+05 
2.66602082463349e-02 1.00000000000000e+05 
2.67807379369994e-02 1.00000000000000e+05 
2.69015984096652e-02 1.00000000000000e+05 
2.70230072251593e-02 1.00000000000000e+05 
2.71450423621336e-02 1.00000000000000e+05 
2.72673652158803e-02 1.00000000000000e+05 
2.73897837417101e-02 1.00000000000000e+05 
2.75121657721235e-02 1.00000000000000e+05 
2.76345239527604e-02 1.00000000000000e+05 
2.77566606048753e-02 1.00000000000000e+05 
2.78784706649700e-02 1.00000000000000e+05 
2.79999294110482e-02 1.00000000000000e+05 
2.81214054929427e-02 1.00000000000000e+05 
2.82429385410338e-02 1.00000000000000e+05 
2.83647177038205e-02 1.00000000000000e+05 
2.84869336012188e-02 1.00000000000000e+05 
2.86094943345657e-02 1.00000000000000e+05 
2.87323207048550e-02 1.00000000000000e+05 
2.88553895709697e-02 1.00000000000000e+05 
2.89785998003846e-02 1.00000000000000e+05 
2.91019105897729e-02 1.00000000000000e+05 
2.92252467682373e-02 1.00000000000000e+05 
2.93485919329953e-02 1.00000000000000e+05 
2.94719209825487e-02 1.00000000000000e+05 
2.95952200944159e-02 1.00000000000000e+05 
2.97183739528885e-02 1.00000000000000e+05 
2.98414510103209e-02 1.00000000000000e+05 
2.99640207609000e-02 1.00000000000000e+05 
3.00863830767204e-02 1.00000000000000e+05 
3.02086915276891e-02 1.00000000000000e+05 
3.03312221297260e-02 1.00000000000000e+05 
3.04540367861487e-02 1.00000000000000e+05 
3.05773328603834e-02 1.00000000000000e+05 
3.07009657013903e-02 1.00000000000000e+05 
3.08248965943435e-02 1.00000000000000e+05 
3.09490383285467e-02 1.00000000000000e+05 
3.10733956102755e-02 1.00000000000000e+05 
3.11978434279768e-02 1.00000000000000e+05 
3.13223772832606e-02 1.00000000000000e+05 
3.14469548061149e-02 1.00000000000000e+05 
3.15714651168751e-02 1.00000000000000e+05 
3.16956511321666e-02 1.00000000000000e+05 
3.18197537340002e-02 1.00000000000000e+05 
3.19437753789507e-02 1.00000000000000e+05 
3.20678908059340e-02 1.00000000000000e+05 
3.21920193595273e-02 1.00000000000000e+05 
3.23162275588063e-02 1.00000000000000e+05 
3.24405993207546e-02 1.00000000000000e+05 
3.25652332389382e-02 1.00000000000000e+05 
3.26901082796843e-02 1.00000000000000e+05 
3.28154020271355e-02 1.00000000000000e+05 
3.29411451302592e-02 1.00000000000000e+05 
3.30672074392684e-02 1.00000000000000e+05 
3.31932685963319e-02 1.00000000000000e+05 
3.33193462597032e-02 1.00000000000000e+05 
3.34453740277147e-02 1.00000000000000e+05 
3.35713911767756e-02 1.00000000000000e+05 
3.36973740844937e-02 1.00000000000000e+05 
3.38234084685361e-02 1.00000000000000e+05 
3.39494436182775e-02 1.00000000000000e+05 
3.40753497637772e-02 1.00000000000000e+05 
3.42010985765883e-02 1.00000000000000e+05 
3.43265420771738e-02 1.00000000000000e+05 
3.44518261245781e-02 1.00000000000000e+05 
3.45774480036353e-02 1.00000000000000e+05 
3.47036458234529e-02 1.00000000000000e+05 
3.48303977707417e-02 1.00000000000000e+05 
3.49571760686716e-02 1.00000000000000e+05 
3.50839912146717e-02 1.00000000000000e+05 
3.52108803170411e-02 1.00000000000000e+05 
3.53378209019606e-02 1.00000000000000e+05 
3.54647466350552e-02 1.00000000000000e+05 
3.55917562912847e-02 1.00000000000000e+05 
3.57186888807618e-02 1.00000000000000e+05 
3.58455659408653e-02 1.00000000000000e+05 
3.59724361515488e-02 1.00000000000000e+05 
3.60993517011009e-02 1.00000000000000e+05 
3.62263475269419e-02 1.00000000000000e+05 
3.63536111636183e-02 1.00000000000000e+05 
3.64811657271155e-02 1.00000000000000e+05 
3.66090592193879e-02 1.00000000000000e+05 
3.67371706649188e-02 1.00000000000000e+05 
3.68655475920691e-02 1.00000000000000e+05 
3.69942844368634e-02 1.00000000000000e+05 
3.71235558858997e-02 1.00000000000000e+05 
3.72531448033381e-02 1.00000000000000e+05 
3.73828030755709e-02 1.00000000000000e+05 
3.75124134730396e-02 1.00000000000000e+05 
3.76420638977212e-02 1.00000000000000e+05 
3.77699690871324e-02 1.00000000000000e+05 
3.78989623051661e-02 1.00000000000000e+05 
3.80284183528505e-02 1.00000000000000e+05 
3.81568880071238e-02 1.00000000000000e+05 
3.82863288417925e-02 1.00000000000000e+05 
3.84156453011063e-02 1.00000000000000e+05 
3.85449921351107e-02 1.00000000000000e+05 
3.86745536691057e-02 1.00000000000000e+05 
3.88042858901921e-02 1.00000000000000e+05 
3.89340096564025e-02 1.00000000000000e+05 
3.90639441076802e-02 1.00000000000000e+05 
3.91943267591261e-02 1.00000000000000e+05 
3.93251660211066e-02 1.00000000000000e+05 
3.94559699629089e-02 1.00000000000000e+05 
3.95866432061238e-02 1.00000000000000e+05 
3.97172141188047e-02 1.00000000000000e+05 
3.98477510588440e-02 1.00000000000000e+05 
3.99783198671703e-02 1.00000000000000e+05 
4.01089218441525e-02 1.00000000000000e+05 
4.02394429160700e-02 1.00000000000000e+05 
4.03700171930580e-02 1.00000000000000e+05 
4.05006748917068e-02 1.00000000000000e+05 
4.06315079448777e-02 1.00000000000000e+05 
4.07626410356308e-02 1.00000000000000e+05 
4.08930989981792e-02 1.00000000000000e+05 
4.10251970868039e-02 1.00000000000000e+05 
4.11568359286859e-02 1.00000000000000e+05 
4.12876303440588e-02 1.00000000000000e+05 
4.14201839769096e-02 1.00000000000000e+05 
4.15528586618706e-02 1.00000000000000e+05 
4.16852389467503e-02 1.00000000000000e+05 
4.18181273198201e-02 1.00000000000000e+05 
4.19510655259134e-02 1.00000000000000e+05 
4.20840905012324e-02 1.00000000000000e+05 
4.22170790776403e-02 1.00000000000000e+05 
4.23499432026908e-02 1.00000000000000e+05 
4.24826889049205e-02 1.00000000000000e+05 
4.26154393290296e-02 1.00000000000000e+05 
4.27474138194954e-02 1.00000000000000e+05 
4.28801830358534e-02 1.00000000000000e+05 
4.30130008356674e-02 1.00000000000000e+05 
4.31458824923387e-02 1.00000000000000e+05 
4.32786450831382e-02 1.00000000000000e+05 
4.34115841227063e-02 1.00000000000000e+05 
4.35446389428333e-02 1.00000000000000e+05 
4.36780450307367e-02 1.00000000000000e+05 
4.38116606378956e-02 1.00000000000000e+05 
4.39452364953655e-02 1.00000000000000e+05 
4.40788189418177e-02 1.00000000000000e+05 
4.42125383769934e-02 1.00000000000000e+05 
4.43450436947542e-02 1.00000000000000e+05 
4.44790991943471e-02 1.00000000000000e+05 
4.46133127001052e-02 1.00000000000000e+05 
4.47477710309182e-02 1.00000000000000e+05 
4.48825586056797e-02 1.00000000000000e+05 
4.50178709016825e-02 1.00000000000000e+05 
4.51532546209860e-02 1.00000000000000e+05 
4.52886442008988e-02 1.00000000000000e+05 
4.54241220289953e-02 1.00000000000000e+05 
4.55598583028080e-02 1.00000000000000e+05 
4.56956544678796e-02 1.00000000000000e+05 
4.58316332914758e-02 1.00000000000000e+05 
4.59677882838559e-02 1.00000000000000e+05 
4.61038810129187e-02 1.00000000000000e+05 
4.62399584866790e-02 1.00000000000000e+05 
4.63760817265566e-02 1.00000000000000e+05 
4.65120786729913e-02 1.00000000000000e+05 
4.66480366150514e-02 1.00000000000000e+05 
4.67838559947711e-02 1.00000000000000e+05 
4.69195979710347e-02 1.00000000000000e+05 
4.70553517472656e-02 1.00000000000000e+05 
4.71911758359270e-02 1.00000000000000e+05 
4.73270037180306e-02 1.00000000000000e+05 
4.74629384430817e-02 1.00000000000000e+05 
4.75988657618315e-02 1.00000000000000e+05 
4.77348543073829e-02 1.00000000000000e+05 
4.78709288244425e-02 1.00000000000000e+05 
4.80073251623731e-02 1.00000000000000e+05 
4.81437534048144e-02 1.00000000000000e+05 
4.82802361576975e-02 1.00000000000000e+05 
4.84167676781274e-02 1.00000000000000e+05 
4.85537954334085e-02 1.00000000000000e+05 
4.86914640550724e-02 1.00000000000000e+05 
4.88299305318863e-02 1.00000000000000e+05 
4.89687092492035e-02 1.00000000000000e+05 
4.91075852405685e-02 1.00000000000000e+05 
4.92462557035518e-02 1.00000000000000e+05 
4.93848493982447e-02 1.00000000000000e+05 
4.95234784236321e-02 1.00000000000000e+05 
4.96623076216883e-02 1.00000000000000e+05 
4.98013093338455e-02 1.00000000000000e+05 
4.99403551658537e-02 1.00000000000000e+05 
5.00792810812877e-02 1.00000000000000e+05 
5.02181971145431e-02 1.00000000000000e+05 
5.03570402858523e-02 1.00000000000000e+05 
5.04960046285126e-02 1.00000000000000e+05 
5.06349455694281e-02 1.00000000000000e+05 
5.07738968745533e-02 1.00000000000000e+05 
5.09126302944743e-02 1.00000000000000e+05 
5.10512593851850e-02 1.00000000000000e+05 
5.11898492281177e-02 1.00000000000000e+05 
5.13285885033906e-02 1.00000000000000e+05 
5.14672427601741e-02 1.00000000000000e+05 
5.16061592351743e-02 1.00000000000000e+05 
5.17451720321131e-02 1.00000000000000e+05 
5.18844504160866e-02 1.00000000000000e+05 
5.20243871891433e-02 1.00000000000000e+05 
5.21653281019178e-02 1.00000000000000e+05 
5.23070616838010e-02 1.00000000000000e+05 
5.24493983856197e-02 1.00000000000000e+05 
5.25917848449245e-02 1.00000000000000e+05 
5.27343133927408e-02 1.00000000000000e+05 
5.28761553195422e-02 1.00000000000000e+05 
5.30179993060250e-02 1.00000000000000e+05 
5.31589529151724e-02 1.00000000000000e+05 
5.33000539614833e-02 1.00000000000000e+05 
5.34412198672638e-02 1.00000000000000e+05 
5.35824520325183e-02 1.00000000000000e+05 
5.37238309639054e-02 1.00000000000000e+05 
5.38654100037738e-02 1.00000000000000e+05 
5.40069731155394e-02 1.00000000000000e+05 
5.41485303014588e-02 1.00000000000000e+05 
5.42898687647405e-02 1.00000000000000e+05 
5.44310030629025e-02 1.00000000000000e+05 
5.45721283864924e-02 1.00000000000000e+05 
5.47133697236100e-02 1.00000000000000e+05 
5.48545995274093e-02 1.00000000000000e+05 
5.49960279438431e-02 1.00000000000000e+05 
5.51374113660606e-02 1.00000000000000e+05 
5.52787891023417e-02 1.00000000000000e+05 
5.54204256318043e-02 1.00000000000000e+05 
5.55622690888160e-02 1.00000000000000e+05 
5.57040054250601e-02 1.00000000000000e+05 
5.58461585664965e-02 1.00000000000000e+05 
5.59888002292430e-02 1.00000000000000e+05 
5.61321564446166e-02 1.00000000000000e+05 
5.62761857696900e-02 1.00000000000000e+05 
5.64203527599767e-02 1.00000000000000e+05 
5.65646140216749e-02 1.00000000000000e+05 
5.67087353244282e-02 1.00000000000000e+05 
5.68527812550730e-02 1.00000000000000e+05 
5.69969870398347e-02 1.00000000000000e+05 
5.71411213823052e-02 1.00000000000000e+05 
5.72760949598797e-02 1.00000000000000e+05 
5.74159983426758e-02 1.00000000000000e+05 
5.75548998639555e-02 1.00000000000000e+05 
5.76885921540902e-02 1.00000000000000e+05 
5.78248044710570e-02 1.00000000000000e+05 
5.79585243106729e-02 1.00000000000000e+05 
5.80934622270000e-02 1.00000000000000e+05 
5.82303087563587e-02 1.00000000000000e+05 
5.83671097971658e-02 1.00000000000000e+05 
5.85008587219901e-02 1.00000000000000e+05 
5.86388473841718e-02 1.00000000000000e+05 
5.87726015143729e-02 1.00000000000000e+05 
5.89076058385529e-02 1.00000000000000e+05 
5.90440981144922e-02 1.00000000000000e+05 
5.91805383103777e-02 1.00000000000000e+05 
5.93142852001009e-02 1.00000000000000e+05 
5.94519187655544e-02 1.00000000000000e+05 
5.95899948045738e-02 1.00000000000000e+05 
5.97250192855974e-02 1.00000000000000e+05 
5.98642081409473e-02 1.00000000000000e+05 
6.00084317164324e-02 1.00000000000000e+05 
6.01441715039805e-02 1.00000000000000e+05 
6.02855216084402e-02 1.00000000000000e+05 
6.04218937482328e-02 1.00000000000000e+05 
6.05639902027706e-02 1.00000000000000e+05 
6.07051173909223e-02 1.00000000000000e+05 
6.08469116665203e-02 1.00000000000000e+05 
6.09842950080362e-02 1.00000000000000e+05 
6.11281622070345e-02 1.00000000000000e+05 
6.12620214823125e-02 1.00000000000000e+05 
6.13998253717816e-02 1.00000000000000e+05 
6.15423809898347e-02 1.00000000000000e+05 
6.16906655039063e-02 1.00000000000000e+05 
6.18247493062365e-02 1.00000000000000e+05 
6.19606499129826e-02 1.00000000000000e+05 
6.20946538383803e-02 1.00000000000000e+05 
6.22344594691076e-02 1.00000000000000e+05 
6.23795758952298e-02 1.00000000000000e+05 
6.25196419688051e-02 1.00000000000000e+05 
6.26659297184664e-02 1.00000000000000e+05 
6.28157550358608e-02 1.00000000000000e+05 
6.29584952723737e-02 1.00000000000000e+05 
6.31088795525142e-02 1.00000000000000e+05 
6.32597439378315e-02 1.00000000000000e+05 
6.34104947147980e-02 1.00000000000000e+05 
6.35614393494010e-02 1.00000000000000e+05 
6.37126660932845e-02 1.00000000000000e+05 
6.38643378752206e-02 1.00000000000000e+05 
6.40163276484863e-02 1.00000000000000e+05 
6.41679838265103e-02 1.00000000000000e+05 
6.43094326052487e-02 1.00000000000000e+05 
6.44479292416990e-02 1.00000000000000e+05 
6.45937406002016e-02 1.00000000000000e+05 
6.47457310430358e-02 1.00000000000000e+05 
6.48860153722480e-02 1.00000000000000e+05 
6.50315492734261e-02 1.00000000000000e+05 
6.51820504852258e-02 1.00000000000000e+05 
6.53277286589964e-02 1.00000000000000e+05 
6.54782676023707e-02 1.00000000000000e+05 
6.56176212203139e-02 1.00000000000000e+05 
6.57623995830806e-02 1.00000000000000e+05 
6.59132675793483e-02 1.00000000000000e+05 
6.60660961956463e-02 1.00000000000000e+05 
6.62190778080410e-02 1.00000000000000e+05 
6.63724261309885e-02 1.00000000000000e+05 
6.65263251536296e-02 1.00000000000000e+05 
6.66804298975526e-02 1.00000000000000e+05 
6.68348779996200e-02 1.00000000000000e+05 
6.69796954795756e-02 1.00000000000000e+05 
6.71316993272758e-02 1.00000000000000e+05 
6.72870652473207e-02 1.00000000000000e+05 
6.74424499109978e-02 1.00000000000000e+05 
6.75874303705310e-02 1.00000000000000e+05 
6.77409232458190e-02 1.00000000000000e+05 
6.78964004504622e-02 1.00000000000000e+05 
6.80407031272609e-02 1.00000000000000e+05 
6.81941014580371e-02 1.00000000000000e+05 
6.83479756841917e-02 1.00000000000000e+05 
6.84996738110130e-02 1.00000000000000e+05 
6.86548008686659e-02 1.00000000000000e+05 
6.88103460858951e-02 1.00000000000000e+05 
6.89555239464985e-02 1.00000000000000e+05 
6.91065518771121e-02 1.00000000000000e+05 
6.92636387301836e-02 1.00000000000000e+05 
6.94206797628436e-02 1.00000000000000e+05 
6.95778860561994e-02 1.00000000000000e+05 
6.97349356999310e-02 1.00000000000000e+05 
6.98808263059374e-02 1.00000000000000e+05 
7.00339307602604e-02 1.00000000000000e+05 
7.01905475462422e-02 1.00000000000000e+05 
7.03339055149078e-02 1.00000000000000e+05 
7.04872295809678e-02 1.00000000000000e+05 
7.06434092949282e-02 1.00000000000000e+05 
7.07879354351035e-02 1.00000000000000e+05 
7.09443199141804e-02 1.00000000000000e+05 
7.11011005713922e-02 1.00000000000000e+05 
7.12524920545789e-02 1.00000000000000e+05 
7.14098105389104e-02 1.00000000000000e+05 
7.15674750461045e-02 1.00000000000000e+05 
7.17149699477204e-02 1.00000000000000e+05 
7.18693188323606e-02 1.00000000000000e+05 
7.20236076341350e-02 1.00000000000000e+05 
7.21753175980129e-02 1.00000000000000e+05 
7.23337481903193e-02 1.00000000000000e+05 
7.24920372719779e-02 1.00000000000000e+05 
7.26443971332373e-02 1.00000000000000e+05 
7.28023856294146e-02 1.00000000000000e+05 
7.29586154491183e-02 1.00000000000000e+05 
7.31163386014601e-02 1.00000000000000e+05 
7.32738110153918e-02 1.00000000000000e+05 
7.34311215354752e-02 1.00000000000000e+05 
7.35817718105863e-02 1.00000000000000e+05 
7.37391262963587e-02 1.00000000000000e+05 
7.38968167565774e-02 1.00000000000000e+05 
7.40546989358622e-02 1.00000000000000e+05 
7.42133445779757e-02 1.00000000000000e+05 
7.43726971921875e-02 1.00000000000000e+05 
7.45328192935040e-02 1.00000000000000e+05 
7.46936876987544e-02 1.00000000000000e+05 
7.48547998691213e-02 1.00000000000000e+05 
7.50159937352083e-02 1.00000000000000e+05 
7.51772270589877e-02 1.00000000000000e+05 
7.53385101736205e-02 1.00000000000000e+05 
7.54998600719177e-02 1.00000000000000e+05 
7.56612117447692e-02 1.00000000000000e+05 
7.58226485733209e-02 1.00000000000000e+05 
7.59683195689536e-02 1.00000000000000e+05 
7.61219456971420e-02 1.00000000000000e+05 
7.62832478031896e-02 1.00000000000000e+05 
7.64172851493391e-02 1.00000000000000e+05 
7.65604391539369e-02 1.00000000000000e+05 
7.67133883324227e-02 1.00000000000000e+05 
7.68545769932139e-02 1.00000000000000e+05 
7.70064681492736e-02 1.00000000000000e+05 
7.71596787561901e-02 1.00000000000000e+05 
7.72998966830548e-02 1.00000000000000e+05 
7.74541364026060e-02 1.00000000000000e+05 
7.75995920809969e-02 1.00000000000000e+05 
7.77529609689318e-02 1.00000000000000e+05 
7.79114961490669e-02 1.00000000000000e+05 
7.80685308878683e-02 1.00000000000000e+05 
7.82246727300408e-02 1.00000000000000e+05 
7.83854271506172e-02 1.00000000000000e+05 
7.85511676430514e-02 1.00000000000000e+05 
7.87170725417179e-02 1.00000000000000e+05 
7.88829533182725e-02 1.00000000000000e+05 
7.90488768877259e-02 1.00000000000000e+05 
7.92147952916153e-02 1.00000000000000e+05 
7.93806815641240e-02 1.00000000000000e+05 
7.95466595304716e-02 1.00000000000000e+05 
7.97125364125548e-02 1.00000000000000e+05 
7.98782742848418e-02 1.00000000000000e+05 
8.00439789531057e-02 1.00000000000000e+05 
8.02097393981233e-02 1.00000000000000e+05 
8.03755139547455e-02 1.00000000000000e+05 
8.05417261795722e-02 1.00000000000000e+05 
8.07082147535725e-02 1.00000000000000e+05 
8.08749117755594e-02 1.00000000000000e+05 
8.10420333511443e-02 1.00000000000000e+05 
8.12097324087062e-02 1.00000000000000e+05 
8.13782299558483e-02 1.00000000000000e+05 
8.15472666412063e-02 1.00000000000000e+05 
8.17163605367693e-02 1.00000000000000e+05 
8.18854961694668e-02 1.00000000000000e+05 
8.20546946649816e-02 1.00000000000000e+05 
8.22239550105428e-02 1.00000000000000e+05 
8.23930887033191e-02 1.00000000000000e+05 
8.25624958404558e-02 1.00000000000000e+05 
8.27319894341173e-02 1.00000000000000e+05 
8.29015485760480e-02 1.00000000000000e+05 
8.30711808263278e-02 1.00000000000000e+05 
8.32408879617105e-02 1.00000000000000e+05 
8.34106553191838e-02 1.00000000000000e+05 
8.35804944257603e-02 1.00000000000000e+05 
8.37504073011375e-02 1.00000000000000e+05 
8.39203796721772e-02 1.00000000000000e+05 
8.40904216107412e-02 1.00000000000000e+05 
8.42605422998420e-02 1.00000000000000e+05 
8.44307294624838e-02 1.00000000000000e+05 
8.46009957053225e-02 1.00000000000000e+05 
8.47713434269464e-02 1.00000000000000e+05 
8.49417601658672e-02 1.00000000000000e+05 
8.51122557464786e-02 1.00000000000000e+05 
8.52827878820563e-02 1.00000000000000e+05 
8.54533804238100e-02 1.00000000000000e+05 
8.56240472346718e-02 1.00000000000000e+05 
8.57947850909747e-02 1.00000000000000e+05 
8.59656099588237e-02 1.00000000000000e+05 
8.61365119627173e-02 1.00000000000000e+05 
8.63074838195632e-02 1.00000000000000e+05 
8.64785245107395e-02 1.00000000000000e+05 
8.66496234192931e-02 1.00000000000000e+05 
8.68207772038005e-02 1.00000000000000e+05 
8.69919982445464e-02 1.00000000000000e+05 
8.71632826600293e-02 1.00000000000000e+05 
8.73346448456675e-02 1.00000000000000e+05 
8.75060893748651e-02 1.00000000000000e+05 
8.76776079778546e-02 1.00000000000000e+05 
8.78491977777513e-02 1.00000000000000e+05 
8.80208697363605e-02 1.00000000000000e+05 
8.81925329303256e-02 1.00000000000000e+05 
8.83641664739933e-02 1.00000000000000e+05 
8.85358753862475e-02 1.00000000000000e+05 
8.87076062368287e-02 1.00000000000000e+05 
8.88793097593393e-02 1.00000000000000e+05 
8.90509536442555e-02 1.00000000000000e+05 
8.92225263061684e-02 1.00000000000000e+05 
8.93940731169383e-02 1.00000000000000e+05 
8.95657022826026e-02 1.00000000000000e+05 
8.97373661694521e-02 1.00000000000000e+05 
8.99090127050405e-02 1.00000000000000e+05 
9.00806086022428e-02 1.00000000000000e+05 
9.02521364698195e-02 1.00000000000000e+05 
9.04236386980441e-02 1.00000000000000e+05 
9.05952147656229e-02 1.00000000000000e+05 
9.07668151690614e-02 1.00000000000000e+05 
9.09383826578229e-02 1.00000000000000e+05 
9.11098853664906e-02 1.00000000000000e+05 
9.12813082146120e-02 1.00000000000000e+05 
9.14527020334131e-02 1.00000000000000e+05 
9.16227659810555e-02 1.00000000000000e+05 
9.17942726812942e-02 1.00000000000000e+05 
9.19657580584688e-02 1.00000000000000e+05 
9.21371885787602e-02 1.00000000000000e+05 
9.23085463923277e-02 1.00000000000000e+05 
9.24798896460224e-02 1.00000000000000e+05 
9.26513249842752e-02 1.00000000000000e+05 
9.28228114817203e-02 1.00000000000000e+05 
9.29942877711671e-02 1.00000000000000e+05 
9.31657225027485e-02 1.00000000000000e+05 
9.33370928475105e-02 1.00000000000000e+05 
9.35084535847680e-02 1.00000000000000e+05 
9.36752969858357e-02 1.00000000000000e+05 
9.38467818397046e-02 1.00000000000000e+05 
9.40182315280958e-02 1.00000000000000e+05 
9.41896138440705e-02 1.00000000000000e+05 
9.43609026317936e-02 1.00000000000000e+05 
9.45321648260428e-02 1.00000000000000e+05 
9.47035190142658e-02 1.00000000000000e+05 
9.48749392486236e-02 1.00000000000000e+05 
9.50463712688141e-02 1.00000000000000e+05 
9.52177818173383e-02 1.00000000000000e+05 
9.53891291269881e-02 1.00000000000000e+05 
9.55604770589484e-02 1.00000000000000e+05 
9.57319189345531e-02 1.00000000000000e+05 
9.59034281893922e-02 1.00000000000000e+05 
9.60749625541380e-02 1.00000000000000e+05 
9.62465158206101e-02 1.00000000000000e+05 
9.64180675672945e-02 1.00000000000000e+05 
9.65897051140875e-02 1.00000000000000e+05 
9.67615311303539e-02 1.00000000000000e+05 
9.69335039595774e-02 1.00000000000000e+05 
9.71055464268742e-02 1.00000000000000e+05 
9.72776230718962e-02 1.00000000000000e+05 
9.74496678816708e-02 1.00000000000000e+05 
9.76217307120341e-02 1.00000000000000e+05 
9.77938984815688e-02 1.00000000000000e+05 
9.79661261616223e-02 1.00000000000000e+05 
9.81383502301574e-02 1.00000000000000e+05 
9.83105557782673e-02 1.00000000000000e+05 
9.84826769423785e-02 1.00000000000000e+05 
9.86547618986896e-02 1.00000000000000e+05 
9.88269166534061e-02 1.00000000000455e+05 
9.89991242601996e-02 1.00000000007277e+05 
9.91713456795529e-02 1.00000000023527e+05 
9.93435693331012e-02 1.00000000055433e+05 
9.95157351923668e-02 1.00000000207943e+05 
9.96879009681188e-02 1.00000000408963e+05 
9.98601779890699e-02 1.00000000643566e+05 
1.00032540630405e-01 1.00000000917966e+05 
1.00204933132987e-01 1.00000001221824e+05 
1.00377337894038e-01 1.00000001552406e+05 
1.00549687439151e-01 1.00000001781461e+05 
1.00722031836638e-01 1.00000002122015e+05 
1.00869426154240e-01 1.00000002320723e+05 
1.01027313753985e-01 1.00000002667798e+05 
1.01178264667636e-01 1.00000002905711e+05 
1.01339949068167e-01 1.00000003179426e+05 
1.01512467606452e-01 1.00000003492855e+05 
1.01684972964313e-01 1.00000003846041e+05 
1.01857565079616e-01 1.00000004234323e+05 
1.02030260621711e-01 1.00000004670825e+05 
1.02203015903007e-01 1.00000005154912e+05 
1.02375851149478e-01 1.00000005595135e+05 
1.02525886530152e-01 1.00000006058794e+05 
1.02683626239741e-01 1.00000006618855e+05 
1.02832639758553e-01 1.00000007216241e+05 
1.02989363349331e-01 1.00000007923428e+05 
1.03139977935082e-01 1.00000008701263e+05 
1.03299013233171e-01 1.00000009604047e+05 
1.03446417598419e-01 1.00000010547526e+05 
1.03601512913427e-01 1.00000011654670e+05 
1.03765049831427e-01 1.00000012976403e+05 
1.03938001736330e-01 1.00000014628003e+05 
1.04110988436425e-01 1.00000016596939e+05 
1.04283967581409e-01 1.00000018979698e+05 
1.04456909840928e-01 1.00000021884515e+05 
1.04629814445870e-01 1.00000025443480e+05 
1.04802828845579e-01 1.00000029856600e+05 
1.04975813934852e-01 1.00000035345692e+05 
1.05148969254549e-01 1.00000042295800e+05 
1.05322041151091e-01 1.00000050876112e+05 
1.05495073161454e-01 1.00000061647721e+05 
1.05668060586215e-01 1.00000074915732e+05 
1.05841155610909e-01 1.00000091059451e+05 
1.06014213800427e-01 1.00000110713761e+05 
1.06187506970205e-01 1.00000134479650e+05 
1.06360650298060e-01 1.00000162677748e+05 
1.06533747040919e-01 1.00000195872597e+05 
1.06706765911998e-01 1.00000235145386e+05 
1.06879881199528e-01 1.00000281211554e+05 
1.07052950792858e-01 1.00000334576769e+05 
1.07226329072683e-01 1.00000396253679e+05 
1.07399517249770e-01 1.00000466407718e+05 
1.07572658563673e-01 1.00000546615673e+05 
1.07745680743729e-01 1.00000637125957e+05 
1.07918802334401e-01 1.00000737487703e+05 
1.08091878403572e-01 1.00000851038570e+05 
1.08265264184670e-01 1.00000976423591e+05 
1.08438502887451e-01 1.00001115064848e+05 
1.08611690252255e-01 1.00001266505408e+05 
1.08784725470803e-01 1.00001431238870e+05 
1.08957860846594e-01 1.00001608973991e+05 
1.09130946904152e-01 1.00001799942523e+05 
1.09304341350126e-01 1.00002004128368e+05 
1.09477646535599e-01 1.00002220887314e+05 
1.09650863339113e-01 1.00002455076958e+05 
1.09823920442794e-01 1.00002705583179e+05 
1.09997078090405e-01 1.00002972057163e+05 
1.10170176920779e-01 1.00003260505420e+05 
1.10343569749240e-01 1.00003575419145e+05 
1.10516908110727e-01 1.00003916336440e+05 
1.10661024263700e-01 1.00004224502613e+05 
1.10815925510180e-01 1.00004590656834e+05 
1.10959939183915e-01 1.00004967646032e+05 
1.11115708576031e-01 1.00005432492127e+05 
1.11260947856726e-01 1.00005924080371e+05 
1.11401514360958e-01 1.00006466199159e+05 
1.11545441337940e-01 1.00007104646512e+05 
1.11695209049553e-01 1.00007883096591e+05 
1.11848047627286e-01 1.00008812293219e+05 
1.11983131877526e-01 1.00009774679598e+05 
1.12122153512721e-01 1.00010939396981e+05 
1.12266134470499e-01 1.00012341276121e+05 
1.12404646008572e-01 1.00013925930601e+05 
1.12539984865842e-01 1.00015736107650e+05 
1.12676700118271e-01 1.00017850401170e+05 
1.12812153319590e-01 1.00020281275368e+05 
1.12951765206006e-01 1.00023181708193e+05 
1.13096479516962e-01 1.00026675564000e+05 
1.13234819567514e-01 1.00030535051017e+05 
1.13378184488967e-01 1.00035133125894e+05 
1.13519382399650e-01 1.00040320832810e+05 
1.13664823325279e-01 1.00046450419992e+05 
1.13801826201231e-01 1.00053023076879e+05 
1.13944060313580e-01 1.00060740625222e+05 
1.14088811169835e-01 1.00069651065053e+05 
1.14230513396282e-01 1.00079504019175e+05 
1.14379563364204e-01 1.00091202843366e+05 
1.14519057260093e-01 1.00103460679019e+05 
1.14656840144856e-01 1.00116928920079e+05 
1.14800842085750e-01 1.00132485780567e+05 
1.14944948502904e-01 1.00149774389865e+05 
1.15091932169951e-01 1.00169261545733e+05 
1.15236499689434e-01 1.00190413330821e+05 
1.15372988114648e-01 1.00212308086873e+05 
1.15517029973480e-01 1.00237420861801e+05 
1.15669519232900e-01 1.00266560140273e+05 
1.15813662226389e-01 1.00296296072307e+05 
1.15958117286537e-01 1.00328347192297e+05 
1.16102103610606e-01 1.00362726462926e+05 
1.16245186102832e-01 1.00399360815841e+05 
1.16392551671550e-01 1.00439656105010e+05 
1.16534004493457e-01 1.00480767266818e+05 
1.16674450884865e-01 1.00523857502883e+05 
1.16820295952762e-01 1.00571028241538e+05 
1.16967615424603e-01 1.00620943843703e+05 
1.17106177816482e-01 1.00670117722985e+05 
1.17243761554774e-01 1.00720828749910e+05 
1.17386026440854e-01 1.00775108240125e+05 
1.17534030284229e-01 1.00833349685623e+05 
1.17673134816125e-01 1.00889533788173e+05 
1.17819355415203e-01 1.00949912614501e+05 
1.17967784597107e-01 1.01012261664284e+05 
1.18111796259687e-01 1.01073425881342e+05 
1.18264082459281e-01 1.01138549892320e+05 
1.18413075883198e-01 1.01202278872452e+05 
1.18556417062402e-01 1.01263356551001e+05 
1.18710339672318e-01 1.01328356537223e+05 
1.18846623534201e-01 1.01384974747046e+05 
1.18988384287888e-01 1.01442633644534e+05 
1.19137029342507e-01 1.01501542093518e+05 
1.19278300102765e-01 1.01555814681630e+05 
1.19426639166996e-01 1.01610721729907e+05 
1.19581966736206e-01 1.01665642274198e+05 
1.19719258781217e-01 1.01711406027217e+05 
1.19863699513719e-01 1.01756653245865e+05 
1.20015998510322e-01 1.01801876874540e+05 
1.20160749624418e-01 1.01841279230719e+05 
1.20301685625437e-01 1.01875523533591e+05 
1.20451360478795e-01 1.01907034732265e+05 
1.20594201588679e-01 1.01932777723156e+05 
1.20747573560857e-01 1.01960250227841e+05 
1.20911481363686e-01 1.01979673948774e+05 
1.21064392831781e-01 1.01990588201951e+05 
1.21213380656778e-01 1.01995927104583e+05 
1.21369179602057e-01 1.01996698944055e+05 
1.21517303730244e-01 1.01991780046119e+05 
1.21672894625297e-01 1.01981960773013e+05 
1.21831707111104e-01 1.01971878752414e+05 
1.21980061996324e-01 1.01962049112226e+05 
1.22134418530193e-01 1.01950502182436e+05 
1.22280639711231e-01 1.01938281622127e+05 
1.22429313643944e-01 1.01924048701370e+05 
1.22584861776984e-01 1.01905958161751e+05 
1.22741625733260e-01 1.01884381936304e+05 
1.22906516809384e-01 1.01858957755173e+05 
1.23052236826746e-01 1.01835118682274e+05 
1.23204111603083e-01 1.01808530903268e+05 
1.23362674441942e-01 1.01779087195696e+05 
1.23511491880736e-01 1.01749990160741e+05 
1.23666874036485e-01 1.01718400296160e+05 
1.23829695162304e-01 1.01683913050291e+05 
1.23976616812858e-01 1.01652024727488e+05 
1.24131079335626e-01 1.01617731182851e+05 
1.24293555465674e-01 1.01580995587892e+05 
1.24444932601114e-01 1.01546434972839e+05 
1.24604839862327e-01 1.01509678703338e+05 
1.24761064706479e-01 1.01473327925001e+05 
1.24911960671548e-01 1.01438152369838e+05 
1.25073617600221e-01 1.01400575239156e+05 
1.25215592929965e-01 1.01366908090298e+05 
1.25371765792684e-01 1.01330593939377e+05 
1.25521536997341e-01 1.01295487061259e+05 
1.25683555282115e-01 1.01256845889477e+05 
1.25840243516749e-01 1.01220445473462e+05 
1.26006755725972e-01 1.01181488734532e+05 
1.26149369346417e-01 1.01148728670970e+05 
1.26303922997384e-01 1.01114240950493e+05 
1.26453224381352e-01 1.01081401167683e+05 
1.26600526767917e-01 1.01048740696243e+05 
1.26755679434945e-01 1.01015635076655e+05 
1.26919526281309e-01 1.00980747191278e+05 
1.27061032081749e-01 1.00951416440615e+05 
1.27213948056002e-01 1.00920697628661e+05 
1.27368049852012e-01 1.00890441633429e+05 
1.27537561827622e-01 1.00856905674892e+05 
1.27684235782935e-01 1.00829091125305e+05 
1.27842040826557e-01 1.00798723282162e+05 
1.27992622953512e-01 1.00770418842011e+05 
1.28155538072281e-01 1.00740642545515e+05 
1.28325313473143e-01 1.00709905100850e+05 
1.28485887021296e-01 1.00679716173242e+05 
1.28655292304154e-01 1.00649030178034e+05 
1.28813935014964e-01 1.00619791486786e+05 
1.28978246945306e-01 1.00590083515279e+05 
1.29134482668086e-01 1.00562292762619e+05 
1.29304888222453e-01 1.00532299546690e+05 
1.29473185078797e-01 1.00501391931829e+05 
1.29646280806245e-01 1.00470843039646e+05 
1.29819386090296e-01 1.00439917950705e+05 
1.29970362380418e-01 1.00413381002960e+05 
1.30135509852405e-01 1.00384951455297e+05 
1.30308622598410e-01 1.00355419824207e+05 
1.30481578757413e-01 1.00324957661809e+05 
1.30654546727212e-01 1.00295327609505e+05 
1.30827593129991e-01 1.00265244025061e+05 
1.31000868197958e-01 1.00235413908440e+05 
1.31174307918367e-01 1.00206231895300e+05 
1.31347849634043e-01 1.00176946675116e+05 
1.31521546503378e-01 1.00146331778020e+05 
1.31695357618509e-01 1.00116541399874e+05 
1.31869248303489e-01 1.00086380055507e+05 
1.32043170811274e-01 1.00056675228885e+05 
1.32217037052196e-01 1.00026946932431e+05 
1.32390961990655e-01 9.99978420653143e+04 
1.32564912701491e-01 9.99691483958576e+04 
1.32738878241071e-01 9.99414395850133e+04 
1.32912874711951e-01 9.99140117296389e+04 
1.33086795792242e-01 9.98871313196776e+04 
1.33260719860215e-01 9.98618982014007e+04 
1.33434652543620e-01 9.98379452900043e+04 
1.33608573883675e-01 9.98142963967827e+04 
1.33782534159287e-01 9.97924616214517e+04 
1.33956528151104e-01 9.97719026025752e+04 
1.34130489207049e-01 9.97526482381051e+04 
1.34304497302129e-01 9.97347439542399e+04 
1.34478490282343e-01 9.97185676391075e+04 
1.34652494535538e-01 9.97035002634391e+04 
1.34826580705398e-01 9.96891568768066e+04 
1.35000718533657e-01 9.96761952028093e+04 
1.35174884211069e-01 9.96640355851096e+04 
1.35349115459470e-01 9.96519580488236e+04 
1.35523311958471e-01 9.96413830621392e+04 
1.35697519349683e-01 9.96308156872095e+04 
1.35871816137754e-01 9.96218734405909e+04 
1.36046170190615e-01 9.96138562453006e+04 
1.36220567401895e-01 9.96068569678965e+04 
1.36395023227704e-01 9.96009323244406e+04 
1.36569445364245e-01 9.95959894663851e+04 
1.36743873727222e-01 9.95921382001385e+04 
1.36918393206832e-01 9.95911741823718e+04 
1.37092974639523e-01 9.95907257580026e+04 
1.37267607285554e-01 9.95902372570791e+04 
1.37442298196996e-01 9.95895574784756e+04 
1.37616960729216e-01 9.95899894403468e+04 
1.37791626144308e-01 9.95908173927341e+04 
1.37966383482856e-01 9.95932457999209e+04 
1.38141204516099e-01 9.95971677931350e+04 
1.38316026233979e-01 9.96026917623881e+04 
1.38490866991683e-01 9.96101151754641e+04 
1.38665687866848e-01 9.96199325767169e+04 
1.38840425109477e-01 9.96304445199995e+04 
1.39015114427633e-01 9.96421662324988e+04 
1.39189002997975e-01 9.96551544478346e+04 
1.39363771216461e-01 9.96689748219135e+04 
1.39538627311916e-01 9.96832447402401e+04 
1.39713503936674e-01 9.96977986424207e+04 
1.39888455022545e-01 9.97136849879438e+04 
1.40063587838201e-01 9.97299518939127e+04 
1.40232321111825e-01 9.97463487326029e+04 
1.40407626417127e-01 9.97633759042305e+04 
1.40582799737107e-01 9.97800652331276e+04 
1.40757940836012e-01 9.97971528758150e+04 
1.40932886707390e-01 9.98140628573869e+04 
1.41107829593449e-01 9.98313981289740e+04 
1.41282813437220e-01 9.98481962343925e+04 
1.41457906920230e-01 9.98649369821819e+04 
1.41633082667507e-01 9.98810852713824e+04 
1.41808238849969e-01 9.98966549084274e+04 
1.41983359039485e-01 9.99113371845351e+04 
1.42158473873865e-01 9.99254453480436e+04 
1.42333641666786e-01 9.99394009147899e+04 
1.42508881671035e-01 9.99529193418643e+04 
1.42684108951091e-01 9.99656221986047e+04 
1.42859319928046e-01 9.99778642330961e+04 
1.43034475608462e-01 9.99888489747932e+04 
1.43209572890056e-01 9.99987056190711e+04 
1.43384807392209e-01 1.00008626961269e+05 
1.43559992049955e-01 1.00017553786606e+05 
1.43735166841416e-01 1.00025085578850e+05 
1.43910328871773e-01 1.00031806257119e+05 
1.44085439337609e-01 1.00036834794024e+05 
1.44260502057670e-01 1.00040352564662e+05 
1.44435640754443e-01 1.00044085515387e+05 
1.44610765176444e-01 1.00046490598975e+05 
1.44785938463284e-01 1.00047554265461e+05 
1.44961111612889e-01 1.00049070417992e+05 
1.45136249183246e-01 1.00049519131951e+05 
1.45311325235955e-01 1.00049580269242e+05 
1.45486362483764e-01 1.00049874512296e+05 
1.45661411732576e-01 1.00049745250187e+05 
1.45836541486823e-01 1.00048387010335e+05 
1.46011735640492e-01 1.00047081459838e+05 
1.46186896848541e-01 1.00045142843633e+05 
1.46361986507676e-01 1.00042195690378e+05 
1.46537054805427e-01 1.00040150216653e+05 
1.46712148628040e-01 1.00037483435195e+05 
1.46887331380708e-01 1.00034087233367e+05 
1.47062583156234e-01 1.00031450390467e+05 
1.47237806254926e-01 1.00029384975892e+05 
1.47412959409773e-01 1.00026401999401e+05 
1.47588094791093e-01 1.00024802939492e+05 
1.47763258300293e-01 1.00022443135634e+05 
1.47938514098465e-01 1.00019157403777e+05 
1.48113841922410e-01 1.00017154998543e+05 
1.48289148385837e-01 1.00015098008254e+05 
1.48464392644648e-01 1.00012405362448e+05 
1.48639629457172e-01 1.00011758628209e+05 
1.48814905530379e-01 1.00010526049982e+05 
1.48990284983210e-01 1.00008438070977e+05 
1.49165745440174e-01 1.00007574283116e+05 
1.49341195783617e-01 1.00006862422893e+05 
1.49516594868543e-01 1.00006356751096e+05 
1.49691997385019e-01 1.00006838138572e+05 
1.49867397601856e-01 1.00007955676828e+05 
1.50042850005793e-01 1.00008352368406e+05 
1.50218399461961e-01 1.00009050296742e+05 
1.50393846474628e-01 1.00009941414804e+05 
1.50569205969925e-01 1.00010646101927e+05 
1.50744630987052e-01 1.00012155168346e+05 
1.50919981247005e-01 1.00013735441394e+05 
1.51095385891537e-01 1.00014816199940e+05 
1.51270891310228e-01 1.00016203982128e+05 
1.51446308387809e-01 1.00017736568582e+05 
1.51621651169155e-01 1.00018793145097e+05 
1.51797060424413e-01 1.00020400669044e+05 
1.51972404198785e-01 1.00021770394775e+05 
1.52147804686208e-01 1.00022399464510e+05 
1.52323311772492e-01 1.00023103775909e+05 
1.52498740652864e-01 1.00023763898688e+05 
1.52674106988550e-01 1.00023824527113e+05 
1.52849538683047e-01 1.00024286591909e+05 
1.53024911352604e-01 1.00024455462794e+05 
1.53200340802879e-01 1.00023838181946e+05 
1.53375881676391e-01 1.00023252289735e+05 
1.53551348590320e-01 1.00022559590402e+05 
1.53726760476293e-01 1.00021283216532e+05 
1.53902234440215e-01 1.00020317056568e+05 
1.54054402886587e-01 1.00019407239609e+05 
1.54218365550027e-01 1.00017677653217e+05 
1.54391182512833e-01 1.00015886686416e+05 
1.54546571192644e-01 1.00013898745556e+05 
1.54711166914406e-01 1.00011679503621e+05 
1.54881740904925e-01 1.00009530820718e+05 
1.55035381394977e-01 1.00007450465412e+05 
1.55199771247700e-01 1.00004456808837e+05 
1.55374843967325e-01 1.00001320309159e+05 
1.55541311875553e-01 9.99982428293162e+04 
1.55701987578188e-01 9.99947782739448e+04 
1.55876207690599e-01 9.99916807487632e+04 
1.56028055258399e-01 9.99885896550466e+04 
1.56194853739227e-01 9.99843812650472e+04 
1.56370752974191e-01 9.99801621011618e+04 
1.56528311906881e-01 9.99762876065333e+04 
1.56693755661477e-01 9.99718348975733e+04 
1.56860117300437e-01 9.99679490267282e+04 
1.57035198663705e-01 9.99636840521866e+04 
1.57188454002588e-01 9.99593002295462e+04 
1.57347986703367e-01 9.99548899031172e+04 
1.57514800287432e-01 9.99501900223894e+04 
1.57665977808537e-01 9.99456169250381e+04 
1.57823774127045e-01 9.99412875182419e+04 
1.57988464545029e-01 9.99366282700063e+04 
1.58142839984182e-01 9.99316663355424e+04 
1.58303886624646e-01 9.99266659954791e+04 
1.58472478827315e-01 9.99213944060066e+04 
1.58624553146836e-01 9.99163880528510e+04 
1.58783920806645e-01 9.99115883979913e+04 
1.58950987026128e-01 9.99064732010253e+04 
1.59106817128010e-01 9.99011629538668e+04 
1.59270888381227e-01 9.98957741964665e+04 
1.59432024152120e-01 9.98905163736774e+04 
1.59585793265186e-01 9.98853054400574e+04 
1.59748822325994e-01 9.98803827636443e+04 
1.59917672946370e-01 9.98753057323940e+04 
1.60068422315226e-01 9.98703674224382e+04 
1.60233248063602e-01 9.98653516638352e+04 
1.60408599603177e-01 9.98602312445761e+04 
1.60559114988464e-01 9.98557916223343e+04 
1.60723530760224e-01 9.98515973314789e+04 
1.60899089805813e-01 9.98471545492233e+04 
1.61063157542453e-01 9.98425629862692e+04 
1.61239242464262e-01 9.98380460246404e+04 
1.61415312184741e-01 9.98336467040066e+04 
1.61578887721081e-01 9.98293157736590e+04 
1.61753578692381e-01 9.98257610043536e+04 
1.61929594530647e-01 9.98226946743226e+04 
1.62105604875114e-01 9.98193553040000e+04 
1.62281841861865e-01 9.98166595795446e+04 
1.62458077244710e-01 9.98141200843576e+04 
1.62634275756067e-01 9.98115073052305e+04 
1.62810564745987e-01 9.98098576353514e+04 
1.62986550920652e-01 9.98081255537597e+04 
1.63162836233906e-01 9.98057214133539e+04 
1.63339257434982e-01 9.98035443697491e+04 
1.63515675091405e-01 9.98017581951435e+04 
1.63692046147045e-01 9.97991484562296e+04 
1.63868513381932e-01 9.97974337948459e+04 
1.64023705873504e-01 9.97957709130523e+04 
1.64194417614233e-01 9.97933848665978e+04 
1.64344324175299e-01 9.97914491561342e+04 
1.64499142186200e-01 9.97896810661372e+04 
1.64660369585879e-01 9.97873749568202e+04 
1.64829354528322e-01 9.97858519278907e+04 
1.64976225244841e-01 9.97844061953117e+04 
1.65134546648898e-01 9.97820211218975e+04 
1.65306383498968e-01 9.97798797930094e+04 
1.65457115056984e-01 9.97782263774276e+04 
1.65598130624676e-01 9.97765051817015e+04 
1.65750946334459e-01 9.97751500769365e+04 
1.65913499384168e-01 9.97736586306918e+04 
1.66070402776590e-01 9.97714380553110e+04 
1.66233734942921e-01 9.97697132577720e+04 
1.66401284925541e-01 9.97681291076463e+04 
1.66544237020033e-01 9.97666102060247e+04 
1.66699603310706e-01 9.97656440313997e+04 
1.66863747960548e-01 9.97645702606683e+04 
1.67022455281819e-01 9.97635547412386e+04 
1.67187889782433e-01 9.97626704346855e+04 
1.67357503825689e-01 9.97620790906017e+04 
1.67516243268292e-01 9.97616254354405e+04 
1.67683007759176e-01 9.97615763863693e+04 
1.67846941615377e-01 9.97619513134968e+04 
1.68017172279910e-01 9.97621339718583e+04 
1.68187878683779e-01 9.97629988145401e+04 
1.68359730496553e-01 9.97644021145000e+04 
1.68517132755488e-01 9.97655171159221e+04 
1.68690275240317e-01 9.97675880280950e+04 
1.68858564262664e-01 9.97696785480449e+04 
1.69015644924774e-01 9.97711657840567e+04 
1.69185679954619e-01 9.97732299817833e+04 
1.69362208801089e-01 9.97758810962766e+04 
1.69528365090573e-01 9.97781714665607e+04 
1.69702806680760e-01 9.97818181339373e+04 
1.69872805620937e-01 9.97853542611563e+04 
1.70048917880900e-01 9.97886018128928e+04 
1.70225080226598e-01 9.97924810979637e+04 
1.70401280587915e-01 9.97969968653893e+04 
1.70577431020789e-01 9.98013172756484e+04 
1.70753416810742e-01 9.98068222935482e+04 
1.70929429482200e-01 9.98126181570037e+04 
1.71105388034100e-01 9.98179270252424e+04 
1.71281399392494e-01 9.98239346458907e+04 
1.71457473518163e-01 9.98306425569694e+04 
1.71633533892469e-01 9.98370626082068e+04 
1.71809486218979e-01 9.98447244548355e+04 
1.71985451637926e-01 9.98525957770999e+04 
1.72161370286434e-01 9.98599628293732e+04 
1.72337333859654e-01 9.98679883201854e+04 
1.72513332959810e-01 9.98766788927419e+04 
1.72689276788550e-01 9.98850943866928e+04 
1.72865103443935e-01 9.98947649862257e+04 
1.73040904953588e-01 9.99046002610502e+04 
1.73216650897184e-01 9.99139302780173e+04 
1.73383288853120e-01 9.99233482599783e+04 
1.73559105463553e-01 9.99339638959898e+04 
1.73717042513571e-01 9.99431064993390e+04 
1.73890773268592e-01 9.99542738846927e+04 
1.74062719355942e-01 9.99653354915779e+04 
1.74238337906541e-01 9.99758662362274e+04 
1.74413987361245e-01 9.99868676443331e+04 
1.74589648196488e-01 9.99984581415649e+04 
1.74765168116997e-01 1.00009322761313e+05 
1.74940490943917e-01 1.00021203606312e+05 
1.75085457022142e-01 1.00030862556204e+05 
1.75237251916741e-01 1.00040274761566e+05 
1.75395219393203e-01 1.00050254240344e+05 
1.75564760508458e-01 1.00061250378956e+05 
1.75709971309611e-01 1.00070189886399e+05 
1.75860560749570e-01 1.00080025409162e+05 
1.76017252217876e-01 1.00090051608502e+05 
1.76183399643110e-01 1.00099799100712e+05 
1.76358207912233e-01 1.00110136339698e+05 
1.76509328316029e-01 1.00119307312160e+05 
1.76667240368425e-01 1.00128136322079e+05 
1.76832682116666e-01 1.00137886645517e+05 
1.76978924899768e-01 1.00146181856094e+05 
1.77131665097734e-01 1.00154029363023e+05 
1.77291607994383e-01 1.00162233751479e+05 
1.77445721737526e-01 1.00170221144677e+05 
1.77608703356834e-01 1.00177839582728e+05 
1.77781203092973e-01 1.00186324023639e+05 
1.77929990945399e-01 1.00193230956441e+05 
1.78087638983684e-01 1.00199630407416e+05 
1.78254677773532e-01 1.00206316285245e+05 
1.78412334377158e-01 1.00212661660921e+05 
1.78564305228258e-01 1.00218065613128e+05 
1.78726865126926e-01 1.00224300661155e+05 
1.78880050509275e-01 1.00229715782021e+05 
1.79045485849529e-01 1.00234611145267e+05 
1.79221286939939e-01 1.00239767968819e+05 
1.79384759028632e-01 1.00244542801497e+05 
1.79543238104126e-01 1.00248517303944e+05 
1.79708477524967e-01 1.00253146632449e+05 
1.79870629597856e-01 1.00257376069529e+05 
1.80038996149825e-01 1.00260909578675e+05 
1.80214690954609e-01 1.00264707650979e+05 
1.80384285886248e-01 1.00268384082841e+05 
1.80551110714188e-01 1.00271419052315e+05 
1.80723649537501e-01 1.00275139401655e+05 
1.80890967026081e-01 1.00278511864754e+05 
1.81064329748605e-01 1.00281313342559e+05 
1.81240826154381e-01 1.00284480605324e+05 
1.81413702962418e-01 1.00287647443595e+05 
1.81582823919471e-01 1.00290251721532e+05 
1.81758137537582e-01 1.00293626047577e+05 
1.81927687912145e-01 1.00296685454063e+05 
1.82103907416867e-01 1.00299316287336e+05 
1.82280701657120e-01 1.00302233468006e+05 
1.82456326312976e-01 1.00305087366228e+05 
1.82627903143730e-01 1.00307504588624e+05 
1.82804881896343e-01 1.00310489406891e+05 
1.82976910372659e-01 1.00313187327322e+05 
1.83153973767108e-01 1.00315253415031e+05 
1.83331103976085e-01 1.00317489606782e+05 
1.83508305602555e-01 1.00319650051804e+05 
1.83682514894714e-01 1.00321177428550e+05 
1.83859817445248e-01 1.00323147216002e+05 
1.84034436667946e-01 1.00324813939815e+05 
1.84211806006724e-01 1.00325818246475e+05 
1.84389208465600e-01 1.00326894448222e+05 
1.84566639766774e-01 1.00327944327336e+05 
1.84743509927016e-01 1.00328480687884e+05 
1.84921007666816e-01 1.00329113996708e+05 
1.85098188000045e-01 1.00329499447481e+05 
1.85275741439630e-01 1.00328880724371e+05 
1.85453320918425e-01 1.00328414381091e+05 
1.85630921712952e-01 1.00327818987466e+05 
1.85808549901558e-01 1.00326626330432e+05 
1.85986201480694e-01 1.00325900126230e+05 
1.86163876426254e-01 1.00324886832378e+05 
1.86341568895584e-01 1.00323291329353e+05 
1.86519280009275e-01 1.00321753172286e+05 
1.86697005770327e-01 1.00319923892709e+05 
1.86874753454978e-01 1.00317760509050e+05 
1.87052518336297e-01 1.00315868800954e+05 
1.87230301831771e-01 1.00313684427438e+05 
1.87408097609507e-01 1.00311153648047e+05 
1.87585906260342e-01 1.00308879446162e+05 
1.87763725010403e-01 1.00306088001855e+05 
1.87941561665448e-01 1.00303114258241e+05 
1.88119410457988e-01 1.00300933461067e+05 
1.88297274206844e-01 1.00298585271036e+05 
1.88475146839706e-01 1.00295919619537e+05 
1.88653029301188e-01 1.00293356857859e+05 
1.88818309183038e-01 1.00290818723854e+05 
1.88996215468480e-01 1.00287946477251e+05 
1.89167755481150e-01 1.00285470299631e+05 
1.89345687694874e-01 1.00282914090934e+05 
1.89522126406402e-01 1.00280445351203e+05 
1.89689182408899e-01 1.00278052759217e+05 
1.89865875903289e-01 1.00275177911595e+05 
1.90038191873816e-01 1.00272455562316e+05 
1.90186781997132e-01 1.00270213546754e+05 
1.90345809280890e-01 1.00267890905414e+05 
1.90511180746992e-01 1.00265357895995e+05 
1.90673240377498e-01 1.00262910241798e+05 
1.90837000187869e-01 1.00260135246299e+05 
1.90988409840848e-01 1.00257565762412e+05 
1.91146036597334e-01 1.00254988306597e+05 
1.91302037786513e-01 1.00252337249636e+05 
1.91466050308618e-01 1.00249310806660e+05 
1.91632114965233e-01 1.00246448903165e+05 
1.91787591379652e-01 1.00243642278471e+05 
1.91949048076721e-01 1.00240560108067e+05 
1.92116437269668e-01 1.00237548443946e+05 
1.92268947618212e-01 1.00234671324924e+05 
1.92428674939933e-01 1.00231439219024e+05 
1.92596750270163e-01 1.00228224862049e+05 
1.92757175294694e-01 1.00225054318680e+05 
1.92913089453553e-01 1.00221667839396e+05 
1.93077942197739e-01 1.00218484154444e+05 
1.93235264360234e-01 1.00215222468592e+05 
1.93402750842850e-01 1.00211478095414e+05 
1.93574238312227e-01 1.00207956560618e+05 
1.93741916778955e-01 1.00204437156936e+05 
1.93903050972543e-01 1.00200867042546e+05 
1.94076523879187e-01 1.00197194236447e+05 
1.94240151465805e-01 1.00193620073915e+05 
1.94414531572657e-01 1.00189604572010e+05 
1.94589559537586e-01 1.00185680344614e+05 
1.94764011200276e-01 1.00181432297587e+05 
1.94933251246515e-01 1.00177237095477e+05 
1.95109796699643e-01 1.00172963429353e+05 
1.95279759615386e-01 1.00168745910353e+05 
1.95457904918689e-01 1.00164132108979e+05 
1.95636424308750e-01 1.00159924621720e+05 
1.95814956110921e-01 1.00155543434412e+05 
1.95993510865285e-01 1.00150955713827e+05 
1.96172080246154e-01 1.00146760732028e+05 
1.96350666296009e-01 1.00142416242677e+05 
1.96529267903427e-01 1.00137708017099e+05 
1.96707888679923e-01 1.00133357148850e+05 
1.96886526411905e-01 1.00128981039412e+05 
1.97065194682160e-01 1.00124143597001e+05 
1.97243888302671e-01 1.00119861292509e+05 
1.97422610486041e-01 1.00115226615780e+05 
1.97601361759008e-01 1.00110529727504e+05 
1.97780147428701e-01 1.00105945292601e+05 
1.97958962964339e-01 1.00101428526294e+05 
1.98137821260786e-01 1.00096646721055e+05 
1.98316714743571e-01 1.00092071977476e+05 
1.98495642531660e-01 1.00087378564659e+05 
1.98674602676869e-01 1.00082569129361e+05 
1.98853599100895e-01 1.00077938765292e+05 
1.99021117363768e-01 1.00073561788875e+05 
1.99200179506889e-01 1.00068698160847e+05 
1.99365782563043e-01 1.00064402808383e+05 
1.99544902449956e-01 1.00059586665705e+05 
1.99716566169393e-01 1.00054723538303e+05 
1.99895443782917e-01 1.00049849015551e+05 
2.00074645022019e-01 1.00044770055866e+05 
2.00253882686330e-01 1.00039531146155e+05 
