# Liste des scalaires : TEMPS pmat 
0.00000000000000e+00 1.00000000000000e+05 
7.22956891292051e-05 1.00000000000000e+05 
1.26883349513889e-04 1.00000000000000e+05 
1.82774987859208e-04 1.00000000000000e+05 
2.40205811932085e-04 1.00000000000000e+05 
2.97842776418640e-04 1.00000000000000e+05 
3.55767362935262e-04 1.00000000000000e+05 
4.14781037261220e-04 1.00000000000000e+05 
4.74980225101795e-04 1.00000000000000e+05 
5.35683694309612e-04 1.00000000000000e+05 
5.97106893025957e-04 1.00000000000000e+05 
6.59782481678343e-04 1.00000000000000e+05 
7.24192794975226e-04 1.00000000000000e+05 
7.89525187720381e-04 1.00000000000000e+05 
8.55444634171352e-04 1.00000000000000e+05 
9.22487494731860e-04 1.00000000000000e+05 
9.91014714442366e-04 1.00000000000000e+05 
1.06087513922411e-03 1.00000000000000e+05 
1.13196797230645e-03 1.00000000000000e+05 
1.20392512227274e-03 1.00000000000000e+05 
1.27635096127286e-03 1.00000000000000e+05 
1.34979884524873e-03 1.00000000000000e+05 
1.42467976408042e-03 1.00000000000000e+05 
1.50137737483743e-03 1.00000000000000e+05 
1.57940915301840e-03 1.00000000000000e+05 
1.65799318505798e-03 1.00000000000000e+05 
1.73791023847596e-03 1.00000000000000e+05 
1.81914577906953e-03 1.00000000000000e+05 
1.90163009446552e-03 1.00000000000000e+05 
1.98551706021059e-03 1.00000000000000e+05 
2.07188545360624e-03 1.00000000000000e+05 
2.15800984950989e-03 1.00000000000000e+05 
2.24505363171234e-03 1.00000000000000e+05 
2.33332976339580e-03 1.00000000000000e+05 
2.42298499146023e-03 1.00000000000000e+05 
2.51431045339039e-03 1.00000000000000e+05 
2.60729252863596e-03 1.00000000000000e+05 
2.70244557313882e-03 1.00000000000000e+05 
2.79788866727657e-03 1.00000000000000e+05 
2.89436688821420e-03 1.00000000000000e+05 
2.99201494035834e-03 1.00000000000000e+05 
3.09104066855790e-03 1.00000000000000e+05 
3.19157367274073e-03 1.00000000000000e+05 
3.29370131820692e-03 1.00000000000000e+05 
3.39739769384139e-03 1.00000000000000e+05 
3.50280264302497e-03 1.00000000000000e+05 
3.61002426804262e-03 1.00000000000000e+05 
3.71891240948437e-03 1.00000000000000e+05 
3.82964418610472e-03 1.00000000000000e+05 
3.94267120532340e-03 1.00000000000000e+05 
4.05712629764538e-03 1.00000000000000e+05 
4.17294498468165e-03 1.00000000000000e+05 
4.28772679016601e-03 1.00000000000000e+05 
4.40398209193014e-03 1.00000000000000e+05 
4.52183145845334e-03 1.00000000000000e+05 
4.64129638880384e-03 1.00000000000000e+05 
4.76245740243868e-03 1.00000000000000e+05 
4.88520728846111e-03 1.00000000000000e+05 
5.00930359597548e-03 1.00000000000000e+05 
5.13466579677609e-03 1.00000000000000e+05 
5.26137361606094e-03 1.00000000000000e+05 
5.38968130433067e-03 1.00000000000000e+05 
5.51627935026572e-03 1.00000000000000e+05 
5.64213620381848e-03 1.00000000000000e+05 
5.76736871935797e-03 1.00000000000000e+05 
5.89224720984210e-03 1.00000000000000e+05 
6.01686028293449e-03 1.00000000000000e+05 
6.14133381764081e-03 1.00000000000000e+05 
6.26553580026976e-03 1.00000000000000e+05 
6.38952510344265e-03 1.00000000000000e+05 
6.51342690159145e-03 1.00000000000000e+05 
6.63750381846400e-03 1.00000000000000e+05 
6.76192212620408e-03 1.00000000000000e+05 
6.88642584413583e-03 1.00000000000000e+05 
7.01112471103819e-03 1.00000000000000e+05 
7.13613360328627e-03 1.00000000000000e+05 
7.26151459740237e-03 1.00000000000000e+05 
7.38734631894718e-03 1.00000000000000e+05 
7.51371035238237e-03 1.00000000000000e+05 
7.64059684301415e-03 1.00000000000000e+05 
7.76744825915144e-03 1.00000000000000e+05 
7.89404572524655e-03 1.00000000000000e+05 
8.02071870891713e-03 1.00000000000000e+05 
8.14763387299185e-03 1.00000000000000e+05 
8.27484300208415e-03 1.00000000000000e+05 
8.40254691786926e-03 1.00000000000000e+05 
8.53084536006493e-03 1.00000000000000e+05 
8.65926768772401e-03 1.00000000000000e+05 
8.78801232624874e-03 1.00000000000000e+05 
8.91708822378316e-03 1.00000000000000e+05 
9.04646981181179e-03 1.00000000000000e+05 
9.17621689080700e-03 1.00000000000000e+05 
9.30112660710319e-03 1.00000000000000e+05 
9.42675440764212e-03 1.00000000000000e+05 
9.55314741381799e-03 1.00000000000000e+05 
9.68029026944656e-03 1.00000000000000e+05 
9.80812873653172e-03 1.00000000000000e+05 
9.93650168243967e-03 1.00000000000000e+05 
1.00654107381006e-02 1.00000000000000e+05 
1.01947435554114e-02 1.00000000000000e+05 
1.03233801209850e-02 1.00000000000000e+05 
1.04534422278316e-02 1.00000000000000e+05 
1.05839105281301e-02 1.00000000000000e+05 
1.07147206926201e-02 1.00000000000000e+05 
1.08433796082017e-02 1.00000000000000e+05 
1.09749532073151e-02 1.00000000000000e+05 
1.11049209795419e-02 1.00000000000000e+05 
1.12372995319106e-02 1.00000000000000e+05 
1.13698828477548e-02 1.00000000000000e+05 
1.15027627117576e-02 1.00000000000000e+05 
1.16360084931824e-02 1.00000000000000e+05 
1.17695216458337e-02 1.00000000000000e+05 
1.19032957008629e-02 1.00000000000000e+05 
1.20372235679801e-02 1.00000000000000e+05 
1.21713725315953e-02 1.00000000000000e+05 
1.23057227359081e-02 1.00000000000000e+05 
1.24404481232317e-02 1.00000000000000e+05 
1.25755498961431e-02 1.00000000000000e+05 
1.27113294229361e-02 1.00000000000000e+05 
1.28473496938063e-02 1.00000000000000e+05 
1.29834435106812e-02 1.00000000000000e+05 
1.31195673005398e-02 1.00000000000000e+05 
1.32558698536348e-02 1.00000000000000e+05 
1.33915009308093e-02 1.00000000000000e+05 
1.35280334865402e-02 1.00000000000000e+05 
1.36633765859813e-02 1.00000000000000e+05 
1.37986734007189e-02 1.00000000000000e+05 
1.39304025146481e-02 1.00000000000000e+05 
1.40622205557595e-02 1.00000000000000e+05 
1.41940700840844e-02 1.00000000000000e+05 
1.43260357057926e-02 1.00000000000000e+05 
1.44580234741795e-02 1.00000000000000e+05 
1.45898830252250e-02 1.00000000000000e+05 
1.47216818775334e-02 1.00000000000000e+05 
1.48534971671511e-02 1.00000000000000e+05 
1.49853245659901e-02 1.00000000000000e+05 
1.51172643572324e-02 1.00000000000000e+05 
1.52492037683284e-02 1.00000000000000e+05 
1.53810059481854e-02 1.00000000000000e+05 
1.55126823910088e-02 1.00000000000000e+05 
1.56442830575725e-02 1.00000000000000e+05 
1.57757476169792e-02 1.00000000000000e+05 
1.59071608437588e-02 1.00000000000000e+05 
1.60385405775167e-02 1.00000000000000e+05 
1.61698247943387e-02 1.00000000000000e+05 
1.63010920105579e-02 1.00000000000000e+05 
1.64324323633159e-02 1.00000000000000e+05 
1.65638822275646e-02 1.00000000000000e+05 
1.66955188948648e-02 1.00000000000000e+05 
1.68256213845372e-02 1.00000000000000e+05 
1.69556864117015e-02 1.00000000000000e+05 
1.70842789454532e-02 1.00000000000000e+05 
1.72131139915621e-02 1.00000000000000e+05 
1.73421262084564e-02 1.00000000000000e+05 
1.74714316672609e-02 1.00000000000000e+05 
1.76009533628129e-02 1.00000000000000e+05 
1.77305661472910e-02 1.00000000000000e+05 
1.78602818487418e-02 1.00000000000000e+05 
1.79901374133513e-02 1.00000000000000e+05 
1.81200206285299e-02 1.00000000000000e+05 
1.82499966420800e-02 1.00000000000000e+05 
1.83800463683178e-02 1.00000000000000e+05 
1.85100985282642e-02 1.00000000000000e+05 
1.86396447785008e-02 1.00000000000000e+05 
1.87691345296749e-02 1.00000000000000e+05 
1.88984936035322e-02 1.00000000000000e+05 
1.90280254852932e-02 1.00000000000000e+05 
1.91576986998788e-02 1.00000000000000e+05 
1.92874121596537e-02 1.00000000000000e+05 
1.94171603716423e-02 1.00000000000000e+05 
1.95470100678001e-02 1.00000000000000e+05 
1.96768586904558e-02 1.00000000000000e+05 
1.98067783161634e-02 1.00000000000000e+05 
1.99367302540048e-02 1.00000000000000e+05 
2.00660375903691e-02 1.00000000000000e+05 
2.01952532814361e-02 1.00000000000000e+05 
2.03244703587826e-02 1.00000000000000e+05 
2.04535855511833e-02 1.00000000000000e+05 
2.05820296618493e-02 1.00000000000000e+05 
2.07104341537502e-02 1.00000000000000e+05 
2.08387195539291e-02 1.00000000000000e+05 
2.09669571211724e-02 1.00000000000000e+05 
2.10954473103760e-02 1.00000000000000e+05 
2.12240858641905e-02 1.00000000000000e+05 
2.13529333613257e-02 1.00000000000000e+05 
2.14819427743494e-02 1.00000000000000e+05 
2.16110170944314e-02 1.00000000000000e+05 
2.17401936786026e-02 1.00000000000000e+05 
2.18695514996852e-02 1.00000000000000e+05 
2.19990096361521e-02 1.00000000000000e+05 
2.21276444040798e-02 1.00000000000000e+05 
2.22562593967957e-02 1.00000000000000e+05 
2.23847621741649e-02 1.00000000000000e+05 
2.25131850406494e-02 1.00000000000000e+05 
2.26416496926840e-02 1.00000000000000e+05 
2.27700873885764e-02 1.00000000000000e+05 
2.28986690838764e-02 1.00000000000000e+05 
2.30273464486125e-02 1.00000000000000e+05 
2.31560483594504e-02 1.00000000000000e+05 
2.32848279433509e-02 1.00000000000000e+05 
2.34137783522868e-02 1.00000000000000e+05 
2.35428248269283e-02 1.00000000000000e+05 
2.36720231730433e-02 1.00000000000000e+05 
2.38013650520061e-02 1.00000000000000e+05 
2.39308349442525e-02 1.00000000000000e+05 
2.40598920071341e-02 1.00000000000000e+05 
2.41889107251216e-02 1.00000000000001e+05 
2.43178222063247e-02 1.00000000000001e+05 
2.44467382500911e-02 1.00000000000001e+05 
2.45757893241358e-02 1.00000000000002e+05 
2.47049804764790e-02 1.00000000000003e+05 
2.48343874055718e-02 1.00000000000008e+05 
2.49640616059626e-02 1.00000000000011e+05 
2.50939077967599e-02 1.00000000000019e+05 
2.52239616001519e-02 1.00000000000027e+05 
2.53542054490332e-02 1.00000000000030e+05 
2.54845628133540e-02 1.00000000000031e+05 
2.56150622852679e-02 1.00000000000032e+05 
2.57438671747115e-02 1.00000000000033e+05 
2.58725660336363e-02 1.00000000000033e+05 
2.60012216588282e-02 1.00000000000034e+05 
2.61297831287837e-02 1.00000000000034e+05 
2.62581566498569e-02 1.00000000000078e+05 
2.63865640956039e-02 1.00000000000238e+05 
2.65151576438403e-02 1.00000000000608e+05 
2.66438327386289e-02 1.00000000001225e+05 
2.67726346614473e-02 1.00000000002105e+05 
2.69015054713935e-02 1.00000000003090e+05 
2.70304109906816e-02 1.00000000004414e+05 
2.71593778980731e-02 1.00000000006280e+05 
2.72884990740978e-02 1.00000000008736e+05 
2.74177261912369e-02 1.00000000012170e+05 
2.75470930533010e-02 1.00000000016429e+05 
2.76765685741188e-02 1.00000000021799e+05 
2.78062228065455e-02 1.00000000029970e+05 
2.79360668530551e-02 1.00000000040512e+05 
2.80659284541301e-02 1.00000000054059e+05 
2.81956689581094e-02 1.00000000070537e+05 
2.83253877781581e-02 1.00000000089909e+05 
2.84550795134925e-02 1.00000000112653e+05 
2.85846958605865e-02 1.00000000140272e+05 
2.87142698372912e-02 1.00000000174456e+05 
2.88438291304173e-02 1.00000000325306e+05 
2.89733362163366e-02 1.00000000489194e+05 
2.91028431248581e-02 1.00000000661173e+05 
2.92323189358946e-02 1.00000000842399e+05 
2.93617001187390e-02 1.00000001045779e+05 
2.94910339657216e-02 1.00000001270695e+05 
2.96204193165431e-02 1.00000001518463e+05 
2.97497934022509e-02 1.00000001796829e+05 
2.98792542986089e-02 1.00000002100190e+05 
3.00088608623892e-02 1.00000002443560e+05 
3.01385832857422e-02 1.00000002731713e+05 
3.02684919554288e-02 1.00000003060501e+05 
3.03986713054369e-02 1.00000003442529e+05 
3.05290568126895e-02 1.00000003891120e+05 
3.06597084827328e-02 1.00000004409721e+05 
3.07905592508554e-02 1.00000005005534e+05 
3.09216224855926e-02 1.00000005870977e+05 
3.10529441407224e-02 1.00000006830626e+05 
3.11845899111063e-02 1.00000008054116e+05 
3.13165855822274e-02 1.00000009754520e+05 
3.14487385339787e-02 1.00000011622401e+05 
3.15809592106405e-02 1.00000013593640e+05 
3.17131980906373e-02 1.00000016188959e+05 
3.18455083957410e-02 1.00000019234653e+05 
3.19779573007968e-02 1.00000022979095e+05 
3.21105200909825e-02 1.00000027675039e+05 
3.22432556983546e-02 1.00000033063255e+05 
3.23761460566790e-02 1.00000039124666e+05 
3.25092122824904e-02 1.00000046435625e+05 
3.26425599984921e-02 1.00000054629823e+05 
3.27763716714316e-02 1.00000063907903e+05 
3.29105744329086e-02 1.00000074608556e+05 
3.30453013722754e-02 1.00000086452509e+05 
3.31805363707727e-02 1.00000099559745e+05 
3.33160194518371e-02 1.00000114464817e+05 
3.34517908218179e-02 1.00000131288540e+05 
3.35878855873438e-02 1.00000150115546e+05 
3.37243091169374e-02 1.00000171405842e+05 
3.38596214516400e-02 1.00000195188138e+05 
3.39949181401605e-02 1.00000221954395e+05 
3.41300784908024e-02 1.00000251769221e+05 
3.42651187978107e-02 1.00000285085986e+05 
3.44000425651042e-02 1.00000321990376e+05 
3.45348192069865e-02 1.00000363084573e+05 
3.46695920402674e-02 1.00000408691810e+05 
3.48044469362841e-02 1.00000459755711e+05 
3.49395580765361e-02 1.00000516311469e+05 
3.50750587834168e-02 1.00000579565863e+05 
3.52110607146468e-02 1.00000650233192e+05 
3.53475284698974e-02 1.00000729026607e+05 
3.54844871958143e-02 1.00000817173457e+05 
3.56219804331666e-02 1.00000915000164e+05 
3.57600087307194e-02 1.00001024692004e+05 
3.58986154127720e-02 1.00001145701414e+05 
3.60379001143884e-02 1.00001280769260e+05 
3.61778666342654e-02 1.00001432512284e+05 
3.63179955989148e-02 1.00001601372924e+05 
3.64581520964688e-02 1.00001787275891e+05 
3.65982819477307e-02 1.00001993712187e+05 
3.67384394251419e-02 1.00002220847459e+05 
3.68787235791137e-02 1.00002471436475e+05 
3.70191584204765e-02 1.00002748651593e+05 
3.71598317212665e-02 1.00003053433478e+05 
3.73007665822975e-02 1.00003387655321e+05 
3.74415975649214e-02 1.00003755513245e+05 
3.75823912030671e-02 1.00004157906794e+05 
3.77232566163878e-02 1.00004597664396e+05 
3.78642108795902e-02 1.00005079450146e+05 
3.80055681666261e-02 1.00005604958236e+05 
3.81472790995354e-02 1.00006176654815e+05 
3.82893219452782e-02 1.00006801605470e+05 
3.84316790628535e-02 1.00007481556658e+05 
3.85744119128836e-02 1.00008219288804e+05 
3.87174490069505e-02 1.00009021941268e+05 
3.88608603334096e-02 1.00009889292264e+05 
3.90046770878873e-02 1.00010825124215e+05 
3.91489254771797e-02 1.00011840043219e+05 
3.92936637044759e-02 1.00012956342428e+05 
3.94390291557696e-02 1.00014137760618e+05 
3.95850598986708e-02 1.00015417922275e+05 
3.97318572261863e-02 1.00016806867356e+05 
3.98795312222079e-02 1.00018320995418e+05 
4.00272623250641e-02 1.00019912671681e+05 
4.01748569208477e-02 1.00021661764348e+05 
4.03225040449452e-02 1.00023530406571e+05 
4.04701472720258e-02 1.00025515028502e+05 
4.06178596945107e-02 1.00027638386270e+05 
4.07656322044657e-02 1.00029934875214e+05 
4.09135057857409e-02 1.00032334947331e+05 
4.10615876411773e-02 1.00034996036156e+05 
4.12101032244274e-02 1.00037848756734e+05 
4.13591432956107e-02 1.00040883117865e+05 
4.15087589289841e-02 1.00044147965478e+05 
4.16588780134739e-02 1.00047705656430e+05 
4.18095062151036e-02 1.00051483065221e+05 
4.19606107040797e-02 1.00055624215887e+05 
4.21123029546111e-02 1.00060079471540e+05 
4.22645966474643e-02 1.00064834136326e+05 
4.24175614618677e-02 1.00069975803113e+05 
4.25713210252386e-02 1.00075628388547e+05 
4.27259883831225e-02 1.00081697415776e+05 
4.28815919712015e-02 1.00088422232517e+05 
4.30381095087892e-02 1.00095745625095e+05 
4.31947501650135e-02 1.00103607378376e+05 
4.33515205656246e-02 1.00112158692500e+05 
4.35084329563583e-02 1.00121594750936e+05 
4.36654754292810e-02 1.00131749870624e+05 
4.38226437602001e-02 1.00143021615395e+05 
4.39800059065581e-02 1.00155307103018e+05 
4.41378679607612e-02 1.00168586830786e+05 
4.42963714922352e-02 1.00183134509194e+05 
4.44555233768639e-02 1.00199251494963e+05 
4.46154298730229e-02 1.00216684591153e+05 
4.47760447411470e-02 1.00235993541047e+05 
4.49375113657928e-02 1.00257070136280e+05 
4.50999725612522e-02 1.00279911357323e+05 
4.52633931478810e-02 1.00304892648297e+05 
4.54279716320357e-02 1.00332514420752e+05 
4.55927107385588e-02 1.00361994687076e+05 
4.57575882497258e-02 1.00394308305741e+05 
4.59226654323429e-02 1.00429574750644e+05 
4.60879778315764e-02 1.00467395909687e+05 
4.62535753176662e-02 1.00507860682434e+05 
4.64196998392168e-02 1.00551267336066e+05 
4.65865786251885e-02 1.00597388642381e+05 
4.67542583180903e-02 1.00646836698222e+05 
4.69228195069548e-02 1.00699239152579e+05 
4.70921908709030e-02 1.00754459398411e+05 
4.72617311270270e-02 1.00812537744731e+05 
4.74315062096992e-02 1.00873602967826e+05 
4.76016247675197e-02 1.00936906570603e+05 
4.77724695428305e-02 1.01003156312615e+05 
4.79442649015512e-02 1.01071636332215e+05 
4.81170109219752e-02 1.01141980320792e+05 
4.82903990142749e-02 1.01214465439097e+05 
4.84640048616425e-02 1.01288892508164e+05 
4.86379029914545e-02 1.01364177465868e+05 
4.88122358415919e-02 1.01441063405201e+05 
4.89867718741009e-02 1.01518414026323e+05 
4.91616249416959e-02 1.01595624524424e+05 
4.93365321488202e-02 1.01672545634090e+05 
4.95116727899740e-02 1.01749142027287e+05 
4.96873091043101e-02 1.01824141562823e+05 
4.98635525423033e-02 1.01898056157055e+05 
5.00406184578391e-02 1.01969840371105e+05 
5.02185896782416e-02 1.02038698058818e+05 
5.03970110861722e-02 1.02104304738127e+05 
5.05755236542725e-02 1.02166042381642e+05 
5.07539237796745e-02 1.02223190945711e+05 
5.09258515564086e-02 1.02274111876174e+05 
5.11043271366316e-02 1.02320633371133e+05 
5.12828740682486e-02 1.02360007124388e+05 
5.14615607799259e-02 1.02396611876581e+05 
5.16403616929463e-02 1.02426238406896e+05 
5.18193246975374e-02 1.02444580042640e+05 
5.19985975124108e-02 1.02453622482221e+05 
5.21785550112814e-02 1.02455557835897e+05 
5.23592112550613e-02 1.02450286294508e+05 
5.25404805299222e-02 1.02431331775810e+05 
5.27223599082828e-02 1.02414040737295e+05 
5.29049290511291e-02 1.02394461027782e+05 
5.30880988639146e-02 1.02378155771166e+05 
5.32718289161086e-02 1.02358539669001e+05 
5.34565150446071e-02 1.02336035523106e+05 
5.36414248385612e-02 1.02312297819848e+05 
5.38263204948730e-02 1.02285202063490e+05 
5.40112121505144e-02 1.02253005996221e+05 
5.41962728593969e-02 1.02215850517397e+05 
5.43815371312185e-02 1.02172062109280e+05 
5.45671302156225e-02 1.02120683804356e+05 
5.47531136408816e-02 1.02064813727333e+05 
5.49395390375036e-02 1.02004880965280e+05 
5.51264727538951e-02 1.01939970333847e+05 
5.53138091185246e-02 1.01873497051803e+05 
5.55011913737986e-02 1.01803312514903e+05 
5.56885189897986e-02 1.01730472078245e+05 
5.58759010621639e-02 1.01654560573553e+05 
5.60633076872239e-02 1.01578014392207e+05 
5.62506743700647e-02 1.01498231854208e+05 
5.64380466722490e-02 1.01419481310160e+05 
5.66254692007594e-02 1.01339620244923e+05 
5.68128484585835e-02 1.01259637166038e+05 
5.70002953225747e-02 1.01179570162795e+05 
5.71877817724984e-02 1.01100137723557e+05 
5.73752507040049e-02 1.01020222656403e+05 
5.75627456041191e-02 1.00942920779409e+05 
5.77503088835809e-02 1.00866537652319e+05 
5.79378452481518e-02 1.00791094945449e+05 
5.81254530615580e-02 1.00717192703293e+05 
5.83130952381210e-02 1.00645118967981e+05 
5.85007087694060e-02 1.00573777720310e+05 
5.86883387086572e-02 1.00505949799877e+05 
5.88760197045829e-02 1.00439872321347e+05 
5.90636593446700e-02 1.00375906278092e+05 
5.92513595894990e-02 1.00314129605485e+05 
5.94390825312514e-02 1.00254844414071e+05 
5.96267631683341e-02 1.00196872784638e+05 
5.98144484676546e-02 1.00142466577069e+05 
6.00021685035429e-02 1.00089605512236e+05 
6.01898403711044e-02 1.00038454200359e+05 
6.03775662192905e-02 9.99888815968329e+04 
6.05653120451108e-02 9.99411693812520e+04 
6.07530147109332e-02 9.98941198293335e+04 
6.09407247308396e-02 9.98501738151407e+04 
6.11284754418469e-02 9.98073687909860e+04 
6.13161855664350e-02 9.97660211077490e+04 
6.15039504683563e-02 9.97259371255331e+04 
6.16917330481008e-02 9.96875636268471e+04 
6.18794666969531e-02 9.96502652176363e+04 
6.20672036466889e-02 9.96153779561743e+04 
6.22549765721490e-02 9.95828719742674e+04 
6.24427054227859e-02 9.95510827326586e+04 
6.26304889551120e-02 9.95218240370869e+04 
6.28182894731149e-02 9.94939754226773e+04 
6.30060450531030e-02 9.94675741800634e+04 
6.31938101115575e-02 9.94446021781715e+04 
6.33816124888867e-02 9.94235925529295e+04 
6.35693731635842e-02 9.94050036060893e+04 
6.37571874855189e-02 9.93882264961048e+04 
6.39450157603547e-02 9.93735207337207e+04 
6.41327955095516e-02 9.93602407473497e+04 
6.43205817316264e-02 9.93501938398892e+04 
6.45084009351403e-02 9.93414689450273e+04 
6.46961757562247e-02 9.93341257441613e+04 
6.48839991075972e-02 9.93278663561061e+04 
6.50718308325541e-02 9.93228179547740e+04 
6.52596086783567e-02 9.93181131007620e+04 
6.54473861952432e-02 9.93147178820798e+04 
6.56351905417129e-02 9.93120009793699e+04 
6.58229339201622e-02 9.93085754025975e+04 
6.60107018104583e-02 9.93051573798887e+04 
6.61984132694895e-02 9.93022442066568e+04 
6.63859341456849e-02 9.92977658604302e+04 
6.65733503544250e-02 9.92941878558364e+04 
6.67608100150849e-02 9.92897185941485e+04 
6.69482728216526e-02 9.92849226615288e+04 
6.71358366986747e-02 9.92789831098268e+04 
6.73233964612975e-02 9.92718476802370e+04 
6.75108448500642e-02 9.92642176904880e+04 
6.76981920307946e-02 9.92578927373108e+04 
6.78855246111271e-02 9.92505501992292e+04 
6.80728226871272e-02 9.92434103401697e+04 
6.82604094572796e-02 9.92358485390317e+04 
6.84481779988903e-02 9.92284861410120e+04 
6.86360680187314e-02 9.92209079741951e+04 
6.88240899320285e-02 9.92146593460948e+04 
6.90121409901600e-02 9.92083861101761e+04 
6.92001532170413e-02 9.92026990929363e+04 
6.93881676490660e-02 9.91974779210990e+04 
6.95761852726856e-02 9.91933003485732e+04 
6.97641820204516e-02 9.91895985692884e+04 
6.99521879021618e-02 9.91872181115054e+04 
7.01402014930559e-02 9.91859689098901e+04 
7.03282010249446e-02 9.91855879151251e+04 
7.05162182311151e-02 9.91862057567041e+04 
7.07042401957657e-02 9.91879290101331e+04 
7.08922408356693e-02 9.91903332812637e+04 
7.10802487138051e-02 9.91940516418439e+04 
7.12682530643017e-02 9.91985335745632e+04 
7.14562383248610e-02 9.92037011051785e+04 
7.16442360522476e-02 9.92094819732450e+04 
7.18322364572247e-02 9.92159202161158e+04 
7.20202143782112e-02 9.92227865206209e+04 
7.22081925946699e-02 9.92302066520801e+04 
7.23961745564590e-02 9.92378657533611e+04 
7.25841385019721e-02 9.92458730881652e+04 
7.27721176963686e-02 9.92534303080565e+04 
7.29601036845434e-02 9.92612952751229e+04 
7.31480666486221e-02 9.92677636871563e+04 
7.33360262245357e-02 9.92757165341603e+04 
7.35240152800559e-02 9.92836043099239e+04 
7.37119670281861e-02 9.92914370008531e+04 
7.38999562468340e-02 9.92990749964007e+04 
7.40879491454257e-02 9.93071222152690e+04 
7.42759065794601e-02 9.93148894298084e+04 
7.44638642747901e-02 9.93236775295693e+04 
7.46518518099408e-02 9.93324263874194e+04 
7.48398086701387e-02 9.93412845012103e+04 
7.50277837460543e-02 9.93503676278133e+04 
7.52157590401783e-02 9.93600537584518e+04 
7.54037096415253e-02 9.93699272012335e+04 
7.55916634241890e-02 9.93807108876545e+04 
7.57796152239299e-02 9.93914489992890e+04 
7.59675488540941e-02 9.94025651765377e+04 
7.61554963808389e-02 9.94141024139008e+04 
7.63434486411369e-02 9.94266170103823e+04 
7.65313794701558e-02 9.94392332707141e+04 
7.67193162609812e-02 9.94522502340002e+04 
7.69072562056835e-02 9.94661890198958e+04 
7.70951805403352e-02 9.94800418208468e+04 
7.72831230976205e-02 9.94943269951876e+04 
7.74710740528850e-02 9.95091015254258e+04 
7.76590058316909e-02 9.95236787756660e+04 
7.78469461588350e-02 9.95379880114462e+04 
7.80348929559141e-02 9.95525626266634e+04 
7.82228259419723e-02 9.95665376169565e+04 
7.84107800396681e-02 9.95804950669674e+04 
7.85987447726175e-02 9.95939135979229e+04 
7.87866922432292e-02 9.96068320909698e+04 
7.89746494542382e-02 9.96192285109999e+04 
7.91626149990394e-02 9.96311374851349e+04 
7.93505674498294e-02 9.96425992237533e+04 
7.95385413271699e-02 9.96533045221752e+04 
7.97265253347343e-02 9.96631068150753e+04 
7.99144920508078e-02 9.96724928468103e+04 
8.01024674697729e-02 9.96809946948105e+04 
8.02904512979120e-02 9.96890500996971e+04 
8.04784209843386e-02 9.96966730281974e+04 
8.06664102403606e-02 9.97036031115420e+04 
8.08544071215676e-02 9.97100430412114e+04 
8.10423857674717e-02 9.97159297265170e+04 
8.12303712596121e-02 9.97213980792113e+04 
8.14183648137037e-02 9.97268675689861e+04 
8.16063438416308e-02 9.97317373467092e+04 
8.17943401090188e-02 9.97364454206014e+04 
8.19823420498536e-02 9.97416089808748e+04 
8.21703259912424e-02 9.97463353763800e+04 
8.23583151728021e-02 9.97511927015961e+04 
8.25463119409903e-02 9.97558628167385e+04 
8.27342937005604e-02 9.97604179655328e+04 
8.29222928191003e-02 9.97653441466739e+04 
8.31102977077545e-02 9.97708881820603e+04 
8.32982861772377e-02 9.97760804123419e+04 
8.34862795293587e-02 9.97815058458783e+04 
8.36742829716868e-02 9.97870533190985e+04 
8.38622671378773e-02 9.97921055257078e+04 
8.40502748276141e-02 9.97980026836259e+04 
8.42382886250306e-02 9.98036808396893e+04 
8.44262709794585e-02 9.98091894344063e+04 
8.46142445491132e-02 9.98141442896303e+04 
8.48022435672328e-02 9.98194435334415e+04 
8.49902085501222e-02 9.98244299271271e+04 
8.51782016573309e-02 9.98292771805851e+04 
8.53661992357124e-02 9.98339988432590e+04 
8.55541669050345e-02 9.98390519368760e+04 
8.57421271141202e-02 9.98439322539720e+04 
8.59301147204740e-02 9.98490756288018e+04 
8.61180693471831e-02 9.98543311689048e+04 
8.63060516421421e-02 9.98602023108476e+04 
8.64940384442285e-02 9.98665545778030e+04 
8.66819954563060e-02 9.98731957983895e+04 
8.68699429260584e-02 9.98806765132595e+04 
8.70579169926550e-02 9.98886854433567e+04 
8.72458575742319e-02 9.98966556845599e+04 
8.74338244335479e-02 9.99050602492642e+04 
8.76217958163426e-02 9.99142654699846e+04 
8.78097399951570e-02 9.99234088339145e+04 
8.79976764031980e-02 9.99331009859761e+04 
8.81856437624546e-02 9.99430322238907e+04 
8.83735827638306e-02 9.99528192997288e+04 
8.85615509130196e-02 9.99628686306426e+04 
8.87495284596284e-02 9.99735232828640e+04 
8.89374849837142e-02 9.99840195092278e+04 
8.91254362995670e-02 9.99950665739155e+04 
8.93134244589189e-02 1.00006203771286e+05 
8.95013876665315e-02 1.00017148577572e+05 
8.96893822188800e-02 1.00028203980840e+05 
8.98773890516647e-02 1.00039765748051e+05 
9.00653786349448e-02 1.00051075068534e+05 
9.02533657129742e-02 1.00062960296319e+05 
9.04413943471723e-02 1.00074786544084e+05 
9.06294031674684e-02 1.00086362823172e+05 
9.08174466163403e-02 1.00097882908684e+05 
9.10055062620991e-02 1.00109769005263e+05 
9.11935545497071e-02 1.00121302769578e+05 
9.13816043003352e-02 1.00133419473903e+05 
9.15697001958732e-02 1.00145327137196e+05 
9.17577810272837e-02 1.00156829488558e+05 
9.19458987103168e-02 1.00168216861048e+05 
9.21340351369712e-02 1.00179857925874e+05 
9.23221634927332e-02 1.00191026774638e+05 
9.25102942490469e-02 1.00202713567943e+05 
9.26984727077488e-02 1.00214112706343e+05 
9.28866366665586e-02 1.00225049748955e+05 
9.30748368416794e-02 1.00235761653305e+05 
9.32630554150785e-02 1.00246720663585e+05 
9.34512654692393e-02 1.00257084023779e+05 
9.36394764484865e-02 1.00268099055031e+05 
9.38277344523834e-02 1.00278731398072e+05 
9.40159769807436e-02 1.00289230740650e+05 
9.42042550130669e-02 1.00299470834624e+05 
9.43925504910212e-02 1.00309664132400e+05 
9.45808365891805e-02 1.00319276176162e+05 
9.47691241470494e-02 1.00329322711324e+05 
9.49574581793913e-02 1.00338895668378e+05 
9.51457786805000e-02 1.00348157493044e+05 
9.53341357756481e-02 1.00357162489477e+05 
9.55225112892418e-02 1.00366070490774e+05 
9.57108796785869e-02 1.00374674359664e+05 
9.58992516033789e-02 1.00383517761706e+05 
9.60876700383377e-02 1.00391964285495e+05 
9.62760694275347e-02 1.00400377671684e+05 
9.64644994842473e-02 1.00408396919939e+05 
9.66529378169184e-02 1.00415903681944e+05 
9.68413529251449e-02 1.00422995391451e+05 
9.70297665351196e-02 1.00430189534079e+05 
9.72182164381234e-02 1.00436825185386e+05 
9.74066428152563e-02 1.00443100457947e+05 
9.75951019306450e-02 1.00448922657569e+05 
9.77835715299680e-02 1.00454568847908e+05 
9.79720209506785e-02 1.00459595586496e+05 
9.81604708663957e-02 1.00464955278824e+05 
9.83489577471330e-02 1.00469680335357e+05 
9.85374236663666e-02 1.00474006776566e+05 
9.87259228100341e-02 1.00477780114468e+05 
9.89144331293655e-02 1.00481165646589e+05 
9.91029252153295e-02 1.00483843570271e+05 
9.92914187338072e-02 1.00486809520109e+05 
9.94799483902718e-02 1.00489013137256e+05 
9.96684586908993e-02 1.00490821671694e+05 
9.98570000802181e-02 1.00492005575825e+05 
1.00045551032037e-01 1.00492678524818e+05 
1.00234084381957e-01 1.00492610976864e+05 
1.00422619103713e-01 1.00492824810018e+05 
1.00611188122182e-01 1.00492227891244e+05 
1.00799739684055e-01 1.00491206183169e+05 
1.00988322564476e-01 1.00489592397683e+05 
1.01176916463114e-01 1.00487478054235e+05 
1.01365495172655e-01 1.00484686631530e+05 
1.01554076991177e-01 1.00481861487004e+05 
1.01742691941460e-01 1.00478920135633e+05 
1.01931289748862e-01 1.00475986307958e+05 
1.02119917533161e-01 1.00472601684574e+05 
1.02308554543619e-01 1.00468647898747e+05 
1.02497175114237e-01 1.00464578069573e+05 
1.02685798268322e-01 1.00460189790562e+05 
1.02874451610477e-01 1.00455704954020e+05 
1.03063088010945e-01 1.00451909143338e+05 
1.03251754680464e-01 1.00447700203355e+05 
1.03440431343984e-01 1.00442763966968e+05 
1.03629093064292e-01 1.00438602951701e+05 
1.03817759323706e-01 1.00434216119349e+05 
1.04006455978600e-01 1.00429668299569e+05 
1.04195136807953e-01 1.00425654949965e+05 
1.04383842668051e-01 1.00421463207094e+05 
1.04572553241450e-01 1.00416124090266e+05 
1.04761243931456e-01 1.00411233903325e+05 
1.04949932204619e-01 1.00405686173842e+05 
1.05138644862423e-01 1.00400067777820e+05 
1.05327337650897e-01 1.00395242008053e+05 
1.05516056482065e-01 1.00390364251949e+05 
1.05704780945443e-01 1.00384485717671e+05 
1.05893486596239e-01 1.00379458869908e+05 
1.06082190826139e-01 1.00373949654777e+05 
1.06270918926804e-01 1.00368934468697e+05 
1.06459627201366e-01 1.00364341832639e+05 
1.06648360958876e-01 1.00359823471766e+05 
1.06837099925307e-01 1.00354962610921e+05 
1.07025820104899e-01 1.00350458671506e+05 
1.07214539288466e-01 1.00345785971894e+05 
1.07403281994790e-01 1.00341933121062e+05 
1.07592005697163e-01 1.00338016173598e+05 
1.07780755353915e-01 1.00333162268188e+05 
1.07969511349531e-01 1.00329177501286e+05 
1.08158250363823e-01 1.00326058571023e+05 
1.08346990033415e-01 1.00322784818853e+05 
1.08535754196784e-01 1.00319338756310e+05 
1.08724500963067e-01 1.00316216506191e+05 
1.08913274371948e-01 1.00312725178902e+05 
1.09102055078435e-01 1.00309821971230e+05 
1.09290820248365e-01 1.00307216433305e+05 
1.09479587269113e-01 1.00304381869454e+05 
1.09668379544038e-01 1.00301510619173e+05 
1.09857155901395e-01 1.00298335685052e+05 
1.10045959739365e-01 1.00295135009196e+05 
1.10234772287737e-01 1.00292582209379e+05 
1.10423571254267e-01 1.00289429091790e+05 
1.10612373814819e-01 1.00286903290864e+05 
1.10801202802400e-01 1.00284224876134e+05 
1.10990017404812e-01 1.00280906190739e+05 
1.11178860277036e-01 1.00277718598246e+05 
1.11367712915022e-01 1.00275363715655e+05 
1.11556553304179e-01 1.00272541028324e+05 
1.11745398381058e-01 1.00270458696611e+05 
1.11934270433768e-01 1.00268465698880e+05 
1.12123129137691e-01 1.00266231339088e+05 
1.12312016649600e-01 1.00264164104826e+05 
1.12500914988625e-01 1.00262407970926e+05 
1.12689802686474e-01 1.00260368064199e+05 
1.12878696661109e-01 1.00258820797751e+05 
1.13067618995804e-01 1.00257266823207e+05 
1.13256530179078e-01 1.00255141778088e+05 
1.13445471762226e-01 1.00253171839406e+05 
1.13634426485579e-01 1.00252011977087e+05 
1.13823373419772e-01 1.00250256027918e+05 
1.14012328832117e-01 1.00249415085845e+05 
1.14201314335425e-01 1.00248574721421e+05 
1.14390290273079e-01 1.00247139549571e+05 
1.14579296824504e-01 1.00245935614957e+05 
1.14768316573533e-01 1.00245753160369e+05 
1.14957328431078e-01 1.00244830125942e+05 
1.15146347930808e-01 1.00244935004916e+05 
1.15335396260644e-01 1.00245109810398e+05 
1.15524433898219e-01 1.00244655287557e+05 
1.15713500615269e-01 1.00244434438719e+05 
1.15902579673972e-01 1.00245350171877e+05 
1.16091650512845e-01 1.00245458398737e+05 
1.16280728549523e-01 1.00246710177735e+05 
1.16469834900857e-01 1.00247950754917e+05 
1.16658930521025e-01 1.00248422620514e+05 
1.16848054574530e-01 1.00249032505588e+05 
1.17037190836701e-01 1.00250681224265e+05 
1.17226319047439e-01 1.00251415869055e+05 
1.17415453708393e-01 1.00253515868981e+05 
1.17604615725433e-01 1.00255094850112e+05 
1.17793766102662e-01 1.00255742924453e+05 
1.17982942933799e-01 1.00256441993519e+05 
1.18172130278463e-01 1.00258719536081e+05 
1.18361308582144e-01 1.00259800302617e+05 
1.18550492646737e-01 1.00261922004118e+05 
1.18739703699607e-01 1.00263820124131e+05 
1.18928904184427e-01 1.00264430837161e+05 
1.19118131935840e-01 1.00264876023795e+05 
1.19307371967051e-01 1.00265924563807e+05 
1.19496605476931e-01 1.00266442600095e+05 
1.19685845891534e-01 1.00267153803315e+05 
1.19875114121174e-01 1.00267584908811e+05 
1.20064372113974e-01 1.00267863851904e+05 
1.20253656213393e-01 1.00267883285859e+05 
1.20442951387722e-01 1.00267697262798e+05 
1.20632239066396e-01 1.00267210367482e+05 
1.20821532139627e-01 1.00266718615077e+05 
1.21010851297325e-01 1.00266085393454e+05 
1.21200158745052e-01 1.00265034224056e+05 
1.21389489960984e-01 1.00263698493168e+05 
1.21578830066906e-01 1.00263239407074e+05 
1.21768160844807e-01 1.00262148961210e+05 
1.21957495123596e-01 1.00261831941224e+05 
1.22146853420948e-01 1.00261362382226e+05 
1.22336198684505e-01 1.00260292530903e+05 
1.22525565832516e-01 1.00259302371609e+05 
1.22714940317023e-01 1.00258939290655e+05 
1.22904304429459e-01 1.00257999532538e+05 
1.23093671017782e-01 1.00257882917524e+05 
1.23283060513653e-01 1.00257658356777e+05 
1.23472436594771e-01 1.00256933704331e+05 
1.23661833563754e-01 1.00256351195764e+05 
1.23851237189959e-01 1.00256200315366e+05 
1.24040630192903e-01 1.00255366634375e+05 
1.24230025327897e-01 1.00255525075100e+05 
1.24419442903302e-01 1.00255531091929e+05 
1.24608847190015e-01 1.00255125680760e+05 
1.24798271888339e-01 1.00254728366658e+05 
1.24987702990839e-01 1.00255094060197e+05 
1.25177124163906e-01 1.00254931469335e+05 
1.25366546360191e-01 1.00255933945503e+05 
1.25555989670570e-01 1.00256903276796e+05 
1.25745418643343e-01 1.00257554154066e+05 
1.25934866072057e-01 1.00258242247812e+05 
1.26124318069069e-01 1.00259691280916e+05 
1.26313758778921e-01 1.00260622123020e+05 
1.26503200063825e-01 1.00262682932369e+05 
1.26692661589290e-01 1.00264723974903e+05 
1.26882109503039e-01 1.00266431386166e+05 
1.27071576668684e-01 1.00268232452467e+05 
1.27261049422999e-01 1.00270714883674e+05 
1.27450512073416e-01 1.00272576698580e+05 
1.27639976851332e-01 1.00275593295581e+05 
1.27829462483050e-01 1.00278416740556e+05 
1.28018936260408e-01 1.00280895720624e+05 
1.28208430106348e-01 1.00283220769909e+05 
1.28397930203065e-01 1.00286137990783e+05 
1.28587420775104e-01 1.00288417277743e+05 
1.28776913227002e-01 1.00291904178895e+05 
1.28966425994400e-01 1.00295186481181e+05 
1.29155926804375e-01 1.00298141640637e+05 
1.29345447508599e-01 1.00300892057827e+05 
1.29534975337599e-01 1.00304211712168e+05 
1.29724494991399e-01 1.00306859837704e+05 
1.29914010920761e-01 1.00310742341277e+05 
1.30103545280640e-01 1.00314514222071e+05 
1.30293065696002e-01 1.00317972628996e+05 
1.30482602070394e-01 1.00321139527592e+05 
1.30672142254535e-01 1.00324921127522e+05 
1.30861671094151e-01 1.00328113645251e+05 
1.31051192609754e-01 1.00332788829646e+05 
1.31240731177530e-01 1.00337361276406e+05 
1.31430254978559e-01 1.00341662331560e+05 
1.31619794213984e-01 1.00345592458739e+05 
1.31809337711697e-01 1.00350584593454e+05 
1.31998867640789e-01 1.00355033590794e+05 
1.32188389594606e-01 1.00360726490786e+05 
1.32377927314196e-01 1.00366309430915e+05 
1.32567448993719e-01 1.00371226365492e+05 
1.32756985593681e-01 1.00375712403957e+05 
1.32946526049960e-01 1.00380528323468e+05 
1.33136051806692e-01 1.00384118103093e+05 
1.33325568874759e-01 1.00388290369465e+05 
1.33515100550708e-01 1.00391819238791e+05 
1.33704615200971e-01 1.00394420627896e+05 
1.33894144672286e-01 1.00396390952662e+05 
1.34083678092340e-01 1.00398654033368e+05 
1.34273196338310e-01 1.00399625811488e+05 
1.34462705837451e-01 1.00401350253000e+05 
1.34652229164141e-01 1.00402447369496e+05 
1.34841735163864e-01 1.00402440695793e+05 
1.35031255959585e-01 1.00401713748496e+05 
1.35220780954957e-01 1.00401305047600e+05 
1.35410290761045e-01 1.00399526411865e+05 
1.35599792277517e-01 1.00398396264030e+05 
1.35789306128448e-01 1.00396709753409e+05 
1.35978788338879e-01 1.00393807755999e+05 
1.36168273313767e-01 1.00390174594045e+05 
1.36357750173613e-01 1.00386750417272e+05 
1.36547200147682e-01 1.00381976726831e+05 
1.36736636877731e-01 1.00377889045277e+05 
1.36926071810261e-01 1.00373379068382e+05 
1.37115476388668e-01 1.00367728029577e+05 
1.37304884973700e-01 1.00361480286724e+05 
1.37494286618353e-01 1.00355809507150e+05 
1.37683662574076e-01 1.00348796056630e+05 
1.37873026485462e-01 1.00342657385353e+05 
1.38062389826011e-01 1.00336244188113e+05 
1.38251724811263e-01 1.00328702788710e+05 
1.38441066056032e-01 1.00320846545685e+05 
1.38630402519102e-01 1.00314010612961e+05 
1.38819715628261e-01 1.00305994716602e+05 
1.39009019200450e-01 1.00299269562998e+05 
1.39198325004497e-01 1.00292551109969e+05 
1.39387605554142e-01 1.00284941246651e+05 
1.39576894199595e-01 1.00277310336843e+05 
1.39766180057105e-01 1.00270963821694e+05 
1.39955444637997e-01 1.00263592327873e+05 
1.40144701202424e-01 1.00257792291809e+05 
1.40333961922830e-01 1.00252148593734e+05 
1.40523199313008e-01 1.00245735367898e+05 
1.40712446406806e-01 1.00239403708482e+05 
1.40901692644173e-01 1.00234492831361e+05 
1.41090919852614e-01 1.00228565680220e+05 
1.41280140725483e-01 1.00224367566818e+05 
1.41469368000434e-01 1.00220427447148e+05 
1.41658574317641e-01 1.00215579242377e+05 
1.41847792513734e-01 1.00210896164769e+05 
1.42037012266225e-01 1.00207770493104e+05 
1.42226214054407e-01 1.00203642963912e+05 
1.42415413071978e-01 1.00201392356147e+05 
1.42604620419324e-01 1.00199463558083e+05 
1.42793809785901e-01 1.00196671998146e+05 
1.42983014589969e-01 1.00194049588570e+05 
1.43172224033327e-01 1.00192976852703e+05 
1.43361418688990e-01 1.00190857623507e+05 
1.43550613386589e-01 1.00190604365448e+05 
1.43739819324891e-01 1.00190608144909e+05 
1.43929010864706e-01 1.00189721795707e+05 
1.44118220378420e-01 1.00188949549398e+05 
1.44307437200109e-01 1.00189793496697e+05 
1.44496642441261e-01 1.00189539801195e+05 
1.44685850164770e-01 1.00191403106024e+05 
1.44875071665084e-01 1.00193509375405e+05 
1.45064281471411e-01 1.00194249195880e+05 
1.45253511018336e-01 1.00195564022360e+05 
1.45442749660113e-01 1.00198817910581e+05 
1.45631978953348e-01 1.00200320626740e+05 
1.45821212250487e-01 1.00204429034316e+05 
1.46010460897746e-01 1.00208496834452e+05 
1.46199699512241e-01 1.00209086092884e+05 
1.46388958769440e-01 1.00212900561144e+05 
1.46578228117132e-01 1.00218450429915e+05 
1.46767489519835e-01 1.00222054752462e+05 
1.46956755814177e-01 1.00227863355072e+05 
1.47146038371188e-01 1.00233312689861e+05 
1.47335311977534e-01 1.00234300100903e+05 
1.47524606638129e-01 1.00237965185846e+05 
1.47713911960476e-01 1.00243336711463e+05 
1.47903210311046e-01 1.00246496043407e+05 
1.48092514180927e-01 1.00251887581980e+05 
1.48281834976933e-01 1.00257146336513e+05 
1.48471147802484e-01 1.00258005234421e+05 
1.48660482055893e-01 1.00261789954950e+05 
1.48849827553376e-01 1.00267658707657e+05 
1.49039167152040e-01 1.00271154795839e+05 
1.49228512973076e-01 1.00276906439141e+05 
1.49417876500999e-01 1.00282234942350e+05 
1.49607233143127e-01 1.00284158287387e+05 
1.49796611672871e-01 1.00286207392317e+05 
1.49986002096519e-01 1.00289902001245e+05 
1.50175387677991e-01 1.00290502201698e+05 
1.50364780114684e-01 1.00292923377963e+05 
1.50554190886258e-01 1.00294413499940e+05 
1.50743595516221e-01 1.00292117176926e+05 
1.50933022151006e-01 1.00289825021651e+05 
1.51122460984453e-01 1.00289283298471e+05 
1.51311895611069e-01 1.00285762234641e+05 
1.51501337269734e-01 1.00284639541734e+05 
1.51690797402610e-01 1.00283260611272e+05 
1.51880251545470e-01 1.00278488280000e+05 
1.52069727239337e-01 1.00274292660952e+05 
1.52259214908760e-01 1.00273234829885e+05 
1.52448698371790e-01 1.00269903877419e+05 
1.52638188523396e-01 1.00269939197784e+05 
1.52827696708056e-01 1.00270291282088e+05 
1.53017198516313e-01 1.00268230635596e+05 
1.53206721029659e-01 1.00266715202818e+05 
1.53396254968409e-01 1.00268128203993e+05 
1.53585784349571e-01 1.00267109500948e+05 
1.53775319883846e-01 1.00269702651392e+05 
1.53964872790706e-01 1.00272483572256e+05 
1.54154418767932e-01 1.00272112558440e+05 
1.54343984440489e-01 1.00272314262082e+05 
1.54533560807900e-01 1.00275323872141e+05 
1.54723131950428e-01 1.00275458950137e+05 
1.54912708583786e-01 1.00278928824279e+05 
1.55102301626714e-01 1.00281945235466e+05 
1.55291887052610e-01 1.00279431466141e+05 
1.55481491281271e-01 1.00279596862700e+05 
1.55671105567266e-01 1.00282005444851e+05 
1.55860714236516e-01 1.00280506594626e+05 
1.56050328062013e-01 1.00281334814153e+05 
1.56239957817938e-01 1.00281483798387e+05 
1.56429579754231e-01 1.00275059002457e+05 
1.56619219733127e-01 1.00270741452496e+05 
1.56808869430925e-01 1.00267932857162e+05 
1.56998513395110e-01 1.00257841027328e+05 
1.57188162314703e-01 1.00251173652223e+05 
1.57377826776929e-01 1.00242898107927e+05 
1.57567483315880e-01 1.00229987084897e+05 
1.57757157301074e-01 1.00218083420133e+05 
1.57946840735917e-01 1.00206849310145e+05 
1.58136518418854e-01 1.00187369708715e+05 
1.58326200892350e-01 1.00172120044217e+05 
1.58515898566163e-01 1.00156573284836e+05 
1.58705588226405e-01 1.00135770777131e+05 
1.58895294784747e-01 1.00115145690368e+05 
1.59085010519198e-01 1.00098328382700e+05 
1.59274720534703e-01 1.00072640046530e+05 
1.59464435175039e-01 1.00050586052815e+05 
1.59654164820191e-01 1.00031989597244e+05 
1.59843886435212e-01 1.00010482101663e+05 
1.60033624504858e-01 9.99871550697726e+04 
1.60223371501310e-01 9.99667823952017e+04 
1.60413113034038e-01 9.99443317693552e+04 
1.60602859176211e-01 9.99219731457129e+04 
1.60792620125425e-01 9.99061462294752e+04 
1.60982372955107e-01 9.98903188139775e+04 
1.61172141656584e-01 9.98749114668786e+04 
1.61361918908538e-01 9.98587224976287e+04 
1.61551690797036e-01 9.98495233588147e+04 
1.61741467121414e-01 9.98421917922072e+04 
1.61931258185848e-01 9.98424601264293e+04 
1.62121040940149e-01 9.98474217167132e+04 
1.62310839082219e-01 9.98581048377002e+04 
1.62500645214127e-01 9.98685860141614e+04 
1.62690444741572e-01 9.98846935254781e+04 
1.62880249243075e-01 9.98974254877828e+04 
1.63070067475967e-01 9.99166345610702e+04 
1.63259877735426e-01 9.99399920128242e+04 
1.63449702902952e-01 9.99655789930943e+04 
1.63639535400331e-01 9.99862262306901e+04 
1.63829360692842e-01 1.00007619464785e+05 
1.64019190262474e-01 1.00024029142364e+05 
1.64209032290837e-01 1.00046147393850e+05 
1.64398865814778e-01 1.00070245713684e+05 
1.64588712946276e-01 1.00097965810977e+05 
1.64778566260651e-01 1.00121584460678e+05 
1.64968411405084e-01 1.00148076571616e+05 
1.65158259885618e-01 1.00166686822303e+05 
1.65348119234361e-01 1.00195967075071e+05 
1.65537969126067e-01 1.00222939906854e+05 
1.65727831103141e-01 1.00252678789385e+05 
1.65917697737823e-01 1.00286233292202e+05 
1.66107554599245e-01 1.00318664387551e+05 
1.66297413662807e-01 1.00356475879073e+05 
1.66487281515709e-01 1.00395408764048e+05 
1.66677138881099e-01 1.00426758285793e+05 
1.66867006434040e-01 1.00464977113194e+05 
1.67056876722025e-01 1.00505483683128e+05 
1.67246735693858e-01 1.00542078287776e+05 
1.67436594946517e-01 1.00581489394422e+05 
1.67626460187665e-01 1.00619144795366e+05 
1.67816312610117e-01 1.00648768574990e+05 
1.68006172633301e-01 1.00678975760548e+05 
1.68196032807156e-01 1.00708496993924e+05 
1.68385879089696e-01 1.00732062590955e+05 
1.68575723447711e-01 1.00757072741889e+05 
1.68765570714038e-01 1.00778625503482e+05 
1.68955402870002e-01 1.00795081018906e+05 
1.69145240182044e-01 1.00807705712556e+05 
1.69335075343760e-01 1.00819496177919e+05 
1.69524894487850e-01 1.00826420906286e+05 
1.69714709962238e-01 1.00835323710297e+05 
1.69904526121756e-01 1.00843197651106e+05 
1.70094325925236e-01 1.00848956419747e+05 
1.70284129520703e-01 1.00853907135266e+05 
1.70473929986355e-01 1.00860788628233e+05 
1.70663713951810e-01 1.00864987485897e+05 
1.70853493765981e-01 1.00874024247492e+05 
1.71043273867113e-01 1.00883743537086e+05 
1.71233038105653e-01 1.00892134353294e+05 
1.71422806379725e-01 1.00901001771611e+05 
1.71612572302138e-01 1.00911066782193e+05 
1.71802323049680e-01 1.00917986533331e+05 
1.71992070502409e-01 1.00928195475058e+05 
1.72181819660251e-01 1.00937784442730e+05 
1.72371554859309e-01 1.00944467932896e+05 
1.72561295520307e-01 1.00949336469725e+05 
1.72751035668639e-01 1.00955304922300e+05 
1.72940762779658e-01 1.00958001992498e+05 
1.73130487843565e-01 1.00964775687606e+05 
1.73320216599427e-01 1.00971860214601e+05 
1.73509933504163e-01 1.00977699808645e+05 
1.73699657339290e-01 1.00983997809594e+05 
1.73889382371589e-01 1.00994105567730e+05 
1.74079096165677e-01 1.01003758866812e+05 
1.74268808758859e-01 1.01020189946905e+05 
1.74458526928070e-01 1.01039220583067e+05 
1.74648234875580e-01 1.01058556927316e+05 
1.74837950633537e-01 1.01079316328631e+05 
1.75027668899825e-01 1.01103552824400e+05 
1.75217377965886e-01 1.01125510523830e+05 
1.75407085869487e-01 1.01150909902716e+05 
1.75596800875230e-01 1.01176108818151e+05 
1.75786506814528e-01 1.01197812818591e+05 
1.75976221449867e-01 1.01216554625596e+05 
1.76165939421640e-01 1.01233938968025e+05 
1.76355648949406e-01 1.01245388193443e+05 
1.76545357705388e-01 1.01256364290834e+05 
1.76735074341152e-01 1.01266312151638e+05 
1.76924782911525e-01 1.01267385147131e+05 
1.77114501065295e-01 1.01263174486888e+05 
1.77304223607822e-01 1.01257297880100e+05 
1.77493938725142e-01 1.01244087919207e+05 
1.77683653849135e-01 1.01229955798390e+05 
1.77873377852630e-01 1.01213167813698e+05 
1.78063095292671e-01 1.01191851892599e+05 
1.78252823493384e-01 1.01166689260898e+05 
1.78442557177767e-01 1.01142305885975e+05 
1.78632284517495e-01 1.01114385250280e+05 
1.78822012806295e-01 1.01091330250442e+05 
1.79011750786034e-01 1.01070652825286e+05 
1.79201483347058e-01 1.01048741148659e+05 
1.79391227537804e-01 1.01028162886429e+05 
1.79580977895973e-01 1.01011568248402e+05 
1.79770722479147e-01 1.00993764968843e+05 
1.79960468562370e-01 1.00980703205693e+05 
1.80150224626463e-01 1.00968502098421e+05 
1.80339975886941e-01 1.00955268244092e+05 
1.80529739159340e-01 1.00940985836155e+05 
1.80719508844007e-01 1.00927866355692e+05 
1.80909272957695e-01 1.00914379574554e+05 
1.81099038837968e-01 1.00901159978019e+05 
1.81288814514162e-01 1.00887866464059e+05 
1.81478585611281e-01 1.00870886060233e+05 
1.81668368803709e-01 1.00852476245753e+05 
1.81858158386363e-01 1.00834350561006e+05 
1.82047942470660e-01 1.00814888261712e+05 
1.82237728579516e-01 1.00798758068980e+05 
1.82427524328959e-01 1.00783166589613e+05 
1.82617315861456e-01 1.00767925741757e+05 
1.82807119794573e-01 1.00753668689218e+05 
1.82996930388773e-01 1.00741516922544e+05 
1.83186736005944e-01 1.00728148575336e+05 
1.83376544360238e-01 1.00717723514820e+05 
1.83566362820384e-01 1.00706613699018e+05 
1.83756178049398e-01 1.00695723171550e+05 
1.83946006593965e-01 1.00687795438368e+05 
1.84135842741203e-01 1.00685677794465e+05 
1.84325675239273e-01 1.00686843098674e+05 
1.84515511866562e-01 1.00696048547113e+05 
1.84705359959908e-01 1.00711164612544e+05 
1.84895206533669e-01 1.00729380265911e+05 
1.85085068024137e-01 1.00751510184001e+05 
1.85274938734847e-01 1.00781032408876e+05 
1.85464807865430e-01 1.00802855402595e+05 
1.85654683158882e-01 1.00820226085472e+05 
1.85844572116819e-01 1.00827275816791e+05 
1.86034461954698e-01 1.00822246868763e+05 
1.86224368968217e-01 1.00809021355086e+05 
1.86414287510495e-01 1.00783466463076e+05 
1.86604207413638e-01 1.00745175713513e+05 
1.86794136114825e-01 1.00699004570251e+05 
1.86984081490600e-01 1.00641232616862e+05 
1.87174030777275e-01 1.00580466349064e+05 
1.87363999930069e-01 1.00516851626061e+05 
1.87553983269427e-01 1.00459965556873e+05 
1.87743970959887e-01 1.00404095542425e+05 
1.87933970146398e-01 1.00351887322443e+05 
1.88123988818311e-01 1.00304032358940e+05 
1.88314014011785e-01 1.00253106827583e+05 
1.88504061118705e-01 1.00193722336783e+05 
1.88694124148944e-01 1.00092447399284e+05 
1.88884193289351e-01 1.00003021354571e+05 
1.89074275387548e-01 9.99171456920543e+04 
1.89264378024904e-01 9.98419589004370e+04 
1.89454488038203e-01 9.97846839888094e+04 
1.89644620283641e-01 9.97202728681336e+04 
1.89834768367100e-01 9.96796836484200e+04 
1.90024922307480e-01 9.96591240131779e+04 
1.90215088973471e-01 9.96748729886956e+04 
1.90405275159373e-01 9.97019040310670e+04 
1.90595467814681e-01 9.97251340176680e+04 
1.90785681526923e-01 9.97457187838057e+04 
1.90975909699168e-01 9.97749469306928e+04 
1.91166142360643e-01 9.98317121832773e+04 
1.91356386742051e-01 9.98971141165875e+04 
1.91546648760984e-01 9.99692597842054e+04 
1.91736915850146e-01 1.00038540027926e+05 
1.91927202508697e-01 1.00102750440957e+05 
1.92117502100463e-01 1.00150938772793e+05 
1.92307804935050e-01 1.00185643664981e+05 
1.92498118709268e-01 1.00211859714363e+05 
1.92688448602615e-01 1.00209094423793e+05 
1.92878782728233e-01 1.00196971002694e+05 
1.93069135404044e-01 1.00175909379293e+05 
1.93259500210603e-01 1.00141310441374e+05 
1.93449868011623e-01 1.00101424487029e+05 
1.93640246644797e-01 1.00055906158729e+05 
1.93830640814362e-01 1.00006419043188e+05 
1.94021039172835e-01 9.99537517736129e+04 
1.94211455791878e-01 9.98917939446319e+04 
1.94401884314322e-01 9.98324499099129e+04 
1.94592316053587e-01 9.97859445995566e+04 
1.94782758812047e-01 9.97464446319828e+04 
1.94973216706865e-01 9.97163630759591e+04 
1.95163678619317e-01 9.96883336514008e+04 
1.95354158164430e-01 9.96598718040622e+04 
1.95544648945669e-01 9.96340103389946e+04 
1.95735142620750e-01 9.96141135484984e+04 
1.95925646911209e-01 9.95965249041244e+04 
1.96116165256782e-01 9.95846187834813e+04 
1.96306686698585e-01 9.95752122240413e+04 
1.96497224432994e-01 9.95668749407359e+04 
1.96687771951854e-01 9.95754405196974e+04 
1.96878321328942e-01 9.95906086008724e+04 
1.97068880192333e-01 9.95965421456503e+04 
1.97259451298545e-01 9.96204226833052e+04 
1.97450024000073e-01 9.96642446056978e+04 
1.97640611192345e-01 9.97430166869523e+04 
1.97831206270264e-01 9.98662035206218e+04 
1.98021801729568e-01 1.00014154206835e+05 
1.98212405310469e-01 1.00148449992942e+05 
1.98403019088275e-01 1.00262433157804e+05 
1.98593632834014e-01 1.00383012783211e+05 
1.98784259219243e-01 1.00510612324659e+05 
1.98974891692169e-01 1.00635699249709e+05 
1.99165523290479e-01 1.00771551572860e+05 
1.99356161864597e-01 1.00905209671048e+05 
1.99546809032405e-01 1.01012466053937e+05 
1.99737454860994e-01 1.01126145369655e+05 
1.99928111811618e-01 1.01235244150826e+05 
2.00118773397508e-01 1.01316394409550e+05 
