# Liste des scalaires : TEMPS pmat 
0.00000000000000e+00 1.00000000000000e+05 
5.42217668469038e-05 1.00000000000000e+05 
9.84681400458182e-05 1.00000000000000e+05 
1.39669448206411e-04 1.00000000000000e+05 
1.80616013230196e-04 1.00000000000000e+05 
2.21015764081285e-04 1.00000000000000e+05 
2.62262288651164e-04 1.00000000000000e+05 
3.02392544991092e-04 1.00000000000000e+05 
3.43770589629550e-04 1.00000000000000e+05 
3.86196089210962e-04 1.00000000000000e+05 
4.28674961580961e-04 1.00000000000000e+05 
4.71823983397133e-04 1.00000000000000e+05 
5.15668194672444e-04 1.00000000000000e+05 
5.59998823389968e-04 1.00000000000000e+05 
6.05078189403093e-04 1.00000000000000e+05 
6.50939702884293e-04 1.00000000000000e+05 
6.96933884237522e-04 1.00000000000000e+05 
7.43918674415345e-04 1.00000000000000e+05 
7.91781041135034e-04 1.00000000000000e+05 
8.40033595329134e-04 1.00000000000000e+05 
8.88943235890075e-04 1.00000000000000e+05 
9.38825065051795e-04 1.00000000000000e+05 
9.89748933557825e-04 1.00764574178070e+05 
1.04218132459938e-03 1.16464730410877e+05 
1.09455006570062e-03 1.71136251296150e+05 
1.14803890484351e-03 2.77851381924216e+05 
1.20276942086739e-03 4.38938016084175e+05 
1.25782788922791e-03 6.11626320243343e+05 
1.31382362146735e-03 7.51617485534572e+05 
1.37069900577938e-03 8.45167527552777e+05 
1.42841880979109e-03 8.44025342682349e+05 
1.48494677260719e-03 8.32478848911462e+05 
1.54289190107635e-03 7.92817348845047e+05 
1.60215345631659e-03 7.37548929897068e+05 
1.66321311638284e-03 6.63648328927514e+05 
1.72528362722000e-03 5.84200522373507e+05 
1.78810479827580e-03 5.03671424031440e+05 
1.85185990659172e-03 4.29725360711539e+05 
1.91637293639062e-03 3.66471316704930e+05 
1.98149576541601e-03 3.15676829599068e+05 
2.04529868268308e-03 2.76500967034461e+05 
2.10978072750821e-03 2.46273791635757e+05 
2.17489170545924e-03 2.23550870479986e+05 
2.24061116514514e-03 2.06555170000050e+05 
2.30704916443560e-03 1.93463894020277e+05 
2.37425920311492e-03 1.82934538622875e+05 
2.44227169563996e-03 1.73776519351813e+05 
2.51121992767975e-03 1.65623746584652e+05 
2.58147709911186e-03 1.57957926559446e+05 
2.65254475261680e-03 1.50651664859859e+05 
2.72462297367289e-03 1.43544704424294e+05 
2.79773350869711e-03 1.36565016394638e+05 
2.87185354911864e-03 1.29778150730991e+05 
2.94690355158964e-03 1.23226063103092e+05 
3.02302226309975e-03 1.16960163968455e+05 
3.10021370155366e-03 1.11140596792462e+05 
3.17861918124400e-03 1.05712658348869e+05 
3.25814847858758e-03 1.00708122209687e+05 
3.33887957370328e-03 9.59171983080555e+04 
3.42098960947215e-03 9.18283599609505e+04 
3.50454077330971e-03 8.82079077482302e+04 
3.58953682016181e-03 8.51271416192443e+04 
3.67445970721237e-03 8.29265494666746e+04 
3.76082607410917e-03 8.08791055357069e+04 
3.84721699898264e-03 7.90340878547459e+04 
3.93512350268747e-03 7.74116595023845e+04 
4.02484320479504e-03 7.59705967062607e+04 
4.11424269984086e-03 7.47223293927263e+04 
4.20487695769715e-03 7.37748902317501e+04 
4.29694410407456e-03 7.30117779904965e+04 
4.39020079823214e-03 7.31791208362433e+04 
4.48390596945816e-03 7.46323784599873e+04 
4.57880009429503e-03 7.75451525337018e+04 
4.67489676220424e-03 8.11206425867759e+04 
4.77208186945893e-03 8.58608443301369e+04 
4.86944463830833e-03 9.15268765503430e+04 
4.96760363620625e-03 9.72261813975005e+04 
5.06601292437166e-03 1.02534922149906e+05 
5.16500858960708e-03 1.07107217275906e+05 
5.26521653905773e-03 1.09790408548547e+05 
5.36629060523393e-03 1.11556677564283e+05 
5.46792461946486e-03 1.12131633633842e+05 
5.57022470588427e-03 1.11491397020249e+05 
5.67252761694065e-03 1.09961411311521e+05 
5.77517474644712e-03 1.08332698347693e+05 
5.87850951831144e-03 1.07020980869040e+05 
5.98144496262189e-03 1.05510961208737e+05 
6.08584334394285e-03 1.03891803789042e+05 
6.18903574253111e-03 1.02226425980705e+05 
6.29329271247893e-03 1.00802379722729e+05 
6.39833180349307e-03 9.93802544539594e+04 
6.50350879677925e-03 9.80765959867207e+04 
6.60606616315014e-03 9.68768851688330e+04 
6.71138149967430e-03 9.57457270961289e+04 
6.81515415318250e-03 9.45461798692528e+04 
6.92056463458482e-03 9.35183218083532e+04 
7.02601107875820e-03 9.26423478007405e+04 
7.13155662993320e-03 9.19228760805576e+04 
7.23230163230535e-03 9.13457340017022e+04 
7.33583352779049e-03 9.08288583916402e+04 
7.43685940362233e-03 9.04113342992999e+04 
7.53992871350011e-03 9.00042726227646e+04 
7.64513618363867e-03 8.96225290544472e+04 
7.74926977500297e-03 8.92475132851827e+04 
7.85269416772812e-03 8.89900831261730e+04 
7.95772420877932e-03 8.87658649510394e+04 
8.05976477273884e-03 8.85742997558151e+04 
8.16432331181396e-03 8.83829850558453e+04 
8.26880061155843e-03 8.81793591412158e+04 
8.37242960015949e-03 8.79991389192307e+04 
8.47260081057142e-03 8.78187907772073e+04 
8.57621353814566e-03 8.76021997411655e+04 
8.67771388877000e-03 8.72757283990208e+04 
8.78185271715097e-03 8.68954340259458e+04 
8.88598893117201e-03 8.65195929812391e+04 
8.99017831874525e-03 8.61520484319518e+04 
9.09444014276198e-03 8.57481715755994e+04 
9.19841552404680e-03 8.53722143720293e+04 
9.29703983009816e-03 8.49272107092445e+04 
9.39816654769099e-03 8.44151010621230e+04 
9.50242164497594e-03 8.38957268501244e+04 
9.60667511097610e-03 8.34438682469872e+04 
9.70861896475760e-03 8.29968112566779e+04 
9.81179299871209e-03 8.25585527990283e+04 
9.91567211276956e-03 8.20408483181468e+04 
1.00203451175222e-02 8.14813985583295e+04 
1.01253939248745e-02 8.09415021331691e+04 
1.02307323774709e-02 8.04198988965703e+04 
1.03362887394580e-02 7.99513467585608e+04 
1.04421040191195e-02 7.95064624103493e+04 
1.05435659250682e-02 7.91031226846248e+04 
1.06475483388097e-02 7.86533836753943e+04 
1.07532725546707e-02 7.82051969177642e+04 
1.08576767094872e-02 7.78215463368535e+04 
1.09616269095976e-02 7.75045906689509e+04 
1.10681632621924e-02 7.72316230735462e+04 
1.11714814188317e-02 7.70082013671799e+04 
1.12783688213178e-02 7.67602061820211e+04 
1.13853670815930e-02 7.65497523305176e+04 
1.14924795378507e-02 7.63698385344003e+04 
1.15987824393157e-02 7.62584420670063e+04 
1.17059415709940e-02 7.62130784230741e+04 
1.18121384786299e-02 7.61599044019987e+04 
1.19187710440470e-02 7.61085819704030e+04 
1.20267674949891e-02 7.60841955678124e+04 
1.21347717496841e-02 7.61209007818548e+04 
1.22387549317700e-02 7.61700160523637e+04 
1.23457476647350e-02 7.62446545644412e+04 
1.24506207148186e-02 7.62947330150482e+04 
1.25576008845325e-02 7.63653967927168e+04 
1.26666087764575e-02 7.64405391874531e+04 
1.27758413528030e-02 7.65620137449647e+04 
1.28838801831060e-02 7.66994746869249e+04 
1.29935604189655e-02 7.68590250363596e+04 
1.31017713952173e-02 7.70009810006920e+04 
1.32117788996432e-02 7.71558059754675e+04 
1.33219331163729e-02 7.73327722376677e+04 
1.34322608732334e-02 7.75713020218443e+04 
1.35416542405220e-02 7.78022733993102e+04 
1.36524057532915e-02 7.80782936578125e+04 
1.37624195099694e-02 7.83188912884473e+04 
1.38735494794357e-02 7.85358775273778e+04 
1.39848678869850e-02 7.87433447657545e+04 
1.40963940282534e-02 7.89997705459867e+04 
1.42052821407573e-02 7.92323920828632e+04 
1.43167136140404e-02 7.94970606207767e+04 
1.44271243184349e-02 7.97160653147581e+04 
1.45365187241148e-02 7.98963605552250e+04 
1.46488484346802e-02 8.00823050213305e+04 
1.47612523398865e-02 8.03325573370863e+04 
1.48700381321465e-02 8.05644336081367e+04 
1.49821896730960e-02 8.08307409898578e+04 
1.50906590905316e-02 8.10452253506004e+04 
1.52036315207365e-02 8.12367260526901e+04 
1.53169172428434e-02 8.14094305664077e+04 
1.54298141143930e-02 8.16217521270356e+04 
1.55399248478931e-02 8.18000044438422e+04 
1.56515013284020e-02 8.19856553360424e+04 
1.57630028827426e-02 8.21007580174455e+04 
1.58767628545841e-02 8.21528086087723e+04 
1.59901971933689e-02 8.21879185899426e+04 
1.61031009232283e-02 8.22708952766245e+04 
1.62148038055727e-02 8.23297964962044e+04 
1.63278330070558e-02 8.23937761861440e+04 
1.64400482934514e-02 8.24232038724799e+04 
1.65530115948859e-02 8.24121022737560e+04 
1.66651875826343e-02 8.23729166949331e+04 
1.67774423437746e-02 8.23262672395385e+04 
1.68897884593839e-02 8.23012235406933e+04 
1.70021942605762e-02 8.22874779126519e+04 
1.71146906582380e-02 8.22859524900598e+04 
1.72260341444587e-02 8.22892205068724e+04 
1.73374363612635e-02 8.22546150364865e+04 
1.74488972500498e-02 8.22181833938061e+04 
1.75605222131780e-02 8.22055119821655e+04 
1.76722060636287e-02 8.21984627720977e+04 
1.77839622142930e-02 8.22100424974452e+04 
1.78957977720482e-02 8.21778895233305e+04 
1.80076537793107e-02 8.21287206458671e+04 
1.81195667905195e-02 8.21146360622140e+04 
1.82316188114168e-02 8.21167463995407e+04 
1.83437126726904e-02 8.21598769325431e+04 
1.84559098997864e-02 8.22208193060501e+04 
1.85682578488233e-02 8.22696126281164e+04 
1.86805183081707e-02 8.23021460841740e+04 
1.87926429250288e-02 8.23299481634190e+04 
1.89049982491415e-02 8.24135494651444e+04 
1.90177309832719e-02 8.25100708420422e+04 
1.91309028341937e-02 8.26017808543815e+04 
1.92448953469061e-02 8.26751786248004e+04 
1.93600550438259e-02 8.27316737653147e+04 
1.94746811922732e-02 8.27964338171015e+04 
1.95851861842919e-02 8.28784364994218e+04 
1.96968880068122e-02 8.29615961032137e+04 
1.98074248451424e-02 8.30341982597505e+04 
1.99189422099686e-02 8.30913450683515e+04 
2.00317320108134e-02 8.31402178046344e+04 
2.01445765696804e-02 8.31890644958246e+04 
2.02551517639594e-02 8.32636575325359e+04 
2.03668803005195e-02 8.33470351443067e+04 
2.04774822304287e-02 8.34343302225460e+04 
2.05891482535564e-02 8.35002274038095e+04 
2.07014122662234e-02 8.35595935327831e+04 
2.08137696665505e-02 8.36096201493841e+04 
2.09245651410707e-02 8.36995894319964e+04 
2.10366081451489e-02 8.38120882135730e+04 
2.11475789036812e-02 8.39296921748559e+04 
2.12598206923966e-02 8.40281711210389e+04 
2.13722531405444e-02 8.41124105574592e+04 
2.14847727885444e-02 8.41879844766754e+04 
2.15962592610422e-02 8.42932173679930e+04 
2.17089860056360e-02 8.44338626732372e+04 
2.18208732848213e-02 8.45596306886899e+04 
2.19336761596966e-02 8.46689109770161e+04 
2.20462670184922e-02 8.47630649526267e+04 
2.21587271442084e-02 8.48822413680900e+04 
2.22711875500214e-02 8.49899497180280e+04 
2.23836909205453e-02 8.51319330507733e+04 
2.24964076846525e-02 8.52504766808350e+04 
2.26093427033346e-02 8.53533060175988e+04 
2.27225098013901e-02 8.54491109038725e+04 
2.28359412593972e-02 8.55763742838255e+04 
2.29499053799003e-02 8.56879412529532e+04 
2.30645777981480e-02 8.58271279477233e+04 
2.31797522694453e-02 8.59492774764229e+04 
2.32938168721797e-02 8.60538861168029e+04 
2.34080349152204e-02 8.61464529936710e+04 
2.35223977227766e-02 8.62442764815046e+04 
2.36368827216145e-02 8.63423973119561e+04 
2.37513572475075e-02 8.64890680510043e+04 
2.38658288267315e-02 8.66138885397110e+04 
2.39804193967798e-02 8.67310219753889e+04 
2.40950984090372e-02 8.68440785527053e+04 
2.42099670320003e-02 8.69812697326127e+04 
2.43232751890333e-02 8.71181758169586e+04 
2.44365798357986e-02 8.72808706922747e+04 
2.45497545927422e-02 8.74306412204632e+04 
2.46629633988520e-02 8.75999384487515e+04 
2.47761937196687e-02 8.77818285628297e+04 
2.48895072434067e-02 8.79938685998659e+04 
2.50029561712070e-02 8.82082218103248e+04 
2.51162812884518e-02 8.84177784345252e+04 
2.52295344557453e-02 8.85917075142138e+04 
2.53427248479160e-02 8.87286903051809e+04 
2.54558748616874e-02 8.88140325103174e+04 
2.55691461795351e-02 8.88811337574472e+04 
2.56826089895105e-02 8.89443052486282e+04 
2.57962140740986e-02 8.90061713823577e+04 
2.59098705000486e-02 8.90459210216008e+04 
2.60234196468008e-02 8.90694609171022e+04 
2.61368266328897e-02 8.90866969401896e+04 
2.62501849317564e-02 8.90888456355880e+04 
2.63636062211767e-02 8.91174895275816e+04 
2.64771162672666e-02 8.91465648585601e+04 
2.65908109878879e-02 8.91864629412188e+04 
2.67046052681678e-02 8.92301722401452e+04 
2.68184646856292e-02 8.92810254215896e+04 
2.69324173871997e-02 8.92915672823111e+04 
2.70467207334345e-02 8.93381935595555e+04 
2.71614443394256e-02 8.94242152188996e+04 
2.72762812081251e-02 8.95208311047709e+04 
2.73912836907445e-02 8.96304885880342e+04 
2.75064021640774e-02 8.97643743288055e+04 
2.76216509348331e-02 8.98546804245834e+04 
2.77369891911643e-02 8.99931697794030e+04 
2.78521643649309e-02 9.01570081214975e+04 
2.79672289615314e-02 9.02997399810846e+04 
2.80822499624751e-02 9.04133152521867e+04 
2.81972289723959e-02 9.04815106115677e+04 
2.83122747259616e-02 9.05115902347752e+04 
2.84268210196743e-02 9.05307991302507e+04 
2.85414551832788e-02 9.05960876290677e+04 
2.86560578911946e-02 9.06508356897851e+04 
2.87706527570664e-02 9.06922925210499e+04 
2.88851119846206e-02 9.07407234259924e+04 
2.89994484731110e-02 9.08048137753828e+04 
2.91137153695246e-02 9.08854304557893e+04 
2.92279203569677e-02 9.09861214905809e+04 
2.93421847247070e-02 9.10999834775988e+04 
2.94564924273474e-02 9.12063169001069e+04 
2.95708210711061e-02 9.13066437633880e+04 
2.96850372610969e-02 9.14149235422935e+04 
2.97993498602761e-02 9.15257508594641e+04 
2.99138144439071e-02 9.16404033509512e+04 
3.00284854381371e-02 9.17443920709638e+04 
3.01434317976032e-02 9.17923215345432e+04 
3.02584022350792e-02 9.18604744402650e+04 
3.03733143084533e-02 9.19614675060224e+04 
3.04882551038701e-02 9.21045444138825e+04 
3.06032295423579e-02 9.22490300702304e+04 
3.07183133893373e-02 9.23677268854071e+04 
3.08334086851199e-02 9.24589026971811e+04 
3.09484552232734e-02 9.25142728511304e+04 
3.10634897506221e-02 9.25637460159097e+04 
3.11787388894844e-02 9.26029594354267e+04 
3.12942839410646e-02 9.26406805151974e+04 
3.14101740523230e-02 9.26407043111783e+04 
3.15263350473360e-02 9.26296277635635e+04 
3.16426184175673e-02 9.26273683000220e+04 
3.17588410467706e-02 9.26520072302737e+04 
3.18750587653879e-02 9.26939159272362e+04 
3.19911921875883e-02 9.27519691526800e+04 
3.21072919551586e-02 9.28080097885505e+04 
3.22233506555857e-02 9.28739973464774e+04 
3.23393597073338e-02 9.29521331135084e+04 
3.24554317064225e-02 9.30477685832969e+04 
3.25716147463888e-02 9.31546969973254e+04 
3.26877810420587e-02 9.32805417203058e+04 
3.28038922596415e-02 9.33932900628897e+04 
3.29199679848495e-02 9.34904330443548e+04 
3.30359523596222e-02 9.35927228704435e+04 
3.31518436245581e-02 9.37237295045266e+04 
3.32676561085396e-02 9.38479676981229e+04 
3.33834112142885e-02 9.39907064914091e+04 
3.34992119308639e-02 9.40978508194943e+04 
3.36150337338165e-02 9.41763931844731e+04 
3.37308495784783e-02 9.42535653803726e+04 
3.38467519430192e-02 9.43662441250813e+04 
3.39627390865354e-02 9.44568345805084e+04 
3.40787006175645e-02 9.45674207116490e+04 
3.41946671460987e-02 9.46378439525667e+04 
3.43107617801430e-02 9.46791188443666e+04 
3.44270869789852e-02 9.47186441695959e+04 
3.45438750527143e-02 9.47958153148665e+04 
3.46606404164602e-02 9.48523484896793e+04 
3.47773973379976e-02 9.49325878327005e+04 
3.48942037209711e-02 9.49753371134231e+04 
3.50109837293538e-02 9.49941539861056e+04 
3.51277101580438e-02 9.50150993355383e+04 
3.52442510555101e-02 9.50763946683548e+04 
3.53608055490253e-02 9.51245503351571e+04 
3.54774416576279e-02 9.51916224228802e+04 
3.55942092587326e-02 9.52341998307458e+04 
3.57111859824086e-02 9.52569879550212e+04 
3.58285051711182e-02 9.52846229535943e+04 
3.59458532843132e-02 9.53542479130854e+04 
3.60632258681958e-02 9.54175271246509e+04 
3.61805720893755e-02 9.55011556109755e+04 
3.62978721779789e-02 9.55610055135143e+04 
3.64151805766566e-02 9.56016375725041e+04 
3.65324987608433e-02 9.56474919274053e+04 
3.66499036592376e-02 9.57430131093473e+04 
3.67674436612834e-02 9.58181302561531e+04 
3.68850726019820e-02 9.59225359564169e+04 
3.70027447455527e-02 9.59924437716841e+04 
3.71204419122092e-02 9.60397863080703e+04 
3.72381381790492e-02 9.60885192951098e+04 
3.73558036684447e-02 9.61825813588472e+04 
3.74734483891270e-02 9.62578841355901e+04 
3.75910221669713e-02 9.63583118303421e+04 
3.77085488545450e-02 9.64262001975168e+04 
3.78260667740288e-02 9.64677852880029e+04 
3.79435807414809e-02 9.65079970640181e+04 
3.80611541506764e-02 9.65914451487236e+04 
3.81788117655625e-02 9.66569647654850e+04 
3.82964983467216e-02 9.67478962699314e+04 
3.84141727734467e-02 9.68067682726850e+04 
3.85318230066810e-02 9.68384791525238e+04 
3.86494903921659e-02 9.68686149719588e+04 
3.87672829280606e-02 9.69285789919133e+04 
3.88853539481985e-02 9.69699514286276e+04 
3.90038658910867e-02 9.70422110664186e+04 
3.91224622972291e-02 9.70966260566203e+04 
3.92410171146176e-02 9.71169818359935e+04 
3.93595261031623e-02 9.71273314983034e+04 
3.94780675285414e-02 9.71396937483014e+04 
3.95966775632543e-02 9.71680291823393e+04 
3.97153197515087e-02 9.72207768740477e+04 
3.98339713522462e-02 9.72553749991444e+04 
3.99526329390624e-02 9.72519157596229e+04 
4.00713680007838e-02 9.72376369259196e+04 
4.01902753352351e-02 9.72277444954458e+04 
4.03091337414368e-02 9.72446353188576e+04 
4.04279393161041e-02 9.72786815153450e+04 
4.05467207975877e-02 9.73226835566602e+04 
4.06655154821747e-02 9.73242804114899e+04 
4.07843201001384e-02 9.73144711148001e+04 
4.09031815426029e-02 9.73307456587412e+04 
4.10221011021990e-02 9.73566769925368e+04 
4.11410771254098e-02 9.74183351836854e+04 
4.12598751036746e-02 9.74850483586317e+04 
4.13786550404023e-02 9.75060884792481e+04 
4.14974994442077e-02 9.75145837528492e+04 
4.16165228449708e-02 9.75522545749020e+04 
4.17356894988432e-02 9.75917064977473e+04 
4.18548203633245e-02 9.76642770488561e+04 
4.19738999867029e-02 9.77406510446938e+04 
4.20929904258862e-02 9.77666917069037e+04 
4.22120791251128e-02 9.77746392603432e+04 
4.23312253540189e-02 9.78065412649032e+04 
4.24504334911075e-02 9.78465779737972e+04 
4.25696891820049e-02 9.79116813548534e+04 
4.26887424329826e-02 9.79801304648439e+04 
4.28077391092049e-02 9.80017556999019e+04 
4.29267600791779e-02 9.80089232425886e+04 
4.30459387522222e-02 9.80388116402297e+04 
4.31654274615328e-02 9.80834251558362e+04 
4.32853237113541e-02 9.81514503167569e+04 
4.34055062109895e-02 9.82195142158520e+04 
4.35256735879850e-02 9.82375407241536e+04 
4.36458411803745e-02 9.82429288133935e+04 
4.37660741472527e-02 9.82691121820186e+04 
4.38863764275204e-02 9.83091731712043e+04 
4.40067211718016e-02 9.83430689087395e+04 
4.41268555106191e-02 9.83643171486207e+04 
4.42469468187683e-02 9.83477680901402e+04 
4.43671120737862e-02 9.83191976133694e+04 
4.44874849255377e-02 9.82909283832476e+04 
4.46080531342372e-02 9.83063546035639e+04 
4.47285983526416e-02 9.83086987497348e+04 
4.48491192131979e-02 9.83412414470902e+04 
4.49696455189978e-02 9.83464272025262e+04 
4.50901845892608e-02 9.83333708747908e+04 
4.52107788306453e-02 9.83211533697663e+04 
4.53314438795259e-02 9.83367949274841e+04 
4.54521514310885e-02 9.83538695683805e+04 
4.55726458732077e-02 9.83896849306998e+04 
4.56931009431037e-02 9.84169594920258e+04 
4.58136106218251e-02 9.84192573938749e+04 
4.59342911331057e-02 9.84211955706012e+04 
4.60553118275846e-02 9.84485537403867e+04 
4.61763023820449e-02 9.84719536391281e+04 
4.62972653156618e-02 9.85004711047057e+04 
4.64182582751135e-02 9.85408954546400e+04 
4.65392748004791e-02 9.85514258623090e+04 
4.66603619401087e-02 9.85599744429696e+04 
4.67815129198496e-02 9.85947893239740e+04 
4.69027259559604e-02 9.86190351996626e+04 
4.70237278167547e-02 9.86418774670698e+04 
4.71446859216056e-02 9.86866102711976e+04 
4.72656921399431e-02 9.87018986963941e+04 
4.73868668322670e-02 9.87091907925322e+04 
4.75083910177487e-02 9.87443159637852e+04 
4.76302366132154e-02 9.87646200002196e+04 
4.77522081627774e-02 9.87846603562663e+04 
4.78743663348977e-02 9.88111307301647e+04 
4.79967059618274e-02 9.88291460666890e+04 
4.81191953258961e-02 9.88306794805362e+04 
4.82417907062394e-02 9.88589445256946e+04 
4.83644645621186e-02 9.88696159551673e+04 
4.84868607432131e-02 9.88789573071688e+04 
4.86092156251753e-02 9.88918316986272e+04 
4.87311643197454e-02 9.88943569573931e+04 
4.88531309124495e-02 9.88762903073003e+04 
4.89752881368868e-02 9.88839873907335e+04 
4.90976164742593e-02 9.88753528338273e+04 
4.92199518563823e-02 9.88662732631365e+04 
4.93423046640101e-02 9.88613473285625e+04 
4.94646658937686e-02 9.88485167844341e+04 
4.95871130050682e-02 9.88197132656971e+04 
4.97096944700667e-02 9.88141915721156e+04 
4.98323686530060e-02 9.87973985797939e+04 
4.99550389967445e-02 9.87793291862904e+04 
5.00777098856136e-02 9.87682844976411e+04 
5.02004533230098e-02 9.87534318860459e+04 
5.03234662180094e-02 9.87287838865459e+04 
5.04465073413846e-02 9.87269340021049e+04 
5.05695212622135e-02 9.87171714581098e+04 
5.06925358227854e-02 9.87078912120330e+04 
5.08155582523200e-02 9.87048481155426e+04 
5.09385764987515e-02 9.86984509839864e+04 
5.10616956393124e-02 9.86830667987995e+04 
5.11849749829055e-02 9.86921289563892e+04 
5.13083607342144e-02 9.86917083098207e+04 
5.14317514765080e-02 9.86915837006324e+04 
5.15550881441188e-02 9.86988469929846e+04 
5.16783157453448e-02 9.87016050395152e+04 
5.18015568900553e-02 9.86932765529794e+04 
5.19250036287980e-02 9.87093668532631e+04 
5.20486669882430e-02 9.87147276383794e+04 
5.21724089881162e-02 9.87203082917174e+04 
5.22962575042228e-02 9.87286826527205e+04 
5.24201508213158e-02 9.87305118386433e+04 
5.25437688574399e-02 9.87166717683494e+04 
5.26673610128802e-02 9.87251201832514e+04 
5.27910232775794e-02 9.87221921643049e+04 
5.29147726362817e-02 9.87179968619491e+04 
5.30386461524644e-02 9.87148523826810e+04 
5.31624656823535e-02 9.87063200836540e+04 
5.32862975989293e-02 9.86824779489978e+04 
5.34102202188684e-02 9.86841038863320e+04 
5.35342238221750e-02 9.86776613510622e+04 
5.36582786261264e-02 9.86735416493919e+04 
5.37824018699816e-02 9.86753125308278e+04 
5.39065754885283e-02 9.86747972998651e+04 
5.40305085620194e-02 9.86623709310437e+04 
5.41544438549138e-02 9.86736704649329e+04 
5.42784641833798e-02 9.86783813209739e+04 
5.44025738396525e-02 9.86845394572904e+04 
5.45268882790742e-02 9.86964306765873e+04 
5.46515627428537e-02 9.87040263690134e+04 
5.47764194938318e-02 9.86981604353771e+04 
5.49013144094039e-02 9.87143449574355e+04 
5.50262671658890e-02 9.87206111540995e+04 
5.51513141030215e-02 9.87255625081702e+04 
5.52763887022309e-02 9.87343410908508e+04 
5.54014631734320e-02 9.87371387322458e+04 
5.55262917838954e-02 9.87242901495034e+04 
5.56511321552406e-02 9.87322845503424e+04 
5.57760769665260e-02 9.87302268467055e+04 
5.59011468879152e-02 9.87282327872407e+04 
5.60264589927494e-02 9.87295624291128e+04 
5.61518649108180e-02 9.87232761320744e+04 
5.62774985094375e-02 9.87012270878145e+04 
5.64032721491198e-02 9.86990560707213e+04 
5.65291558688446e-02 9.86868656856491e+04 
5.66551061533610e-02 9.86758634619624e+04 
5.67811159804170e-02 9.86708769155296e+04 
5.69071685376568e-02 9.86602305818714e+04 
5.70329729844197e-02 9.86371656040506e+04 
5.71587690126837e-02 9.86357170310812e+04 
5.72846549632288e-02 9.86275719584311e+04 
5.74106485187436e-02 9.86217910255440e+04 
5.75368542368481e-02 9.86270929429441e+04 
5.76630546762092e-02 9.86276836585440e+04 
5.77893154475047e-02 9.86165494140533e+04 
5.79156861308961e-02 9.86281859164954e+04 
5.80421628201584e-02 9.86326598196492e+04 
5.81686975675676e-02 9.86395118889596e+04 
5.82952456009891e-02 9.86555959893302e+04 
5.84217915386503e-02 9.86646618604282e+04 
5.85481307615411e-02 9.86606656835287e+04 
5.86744821304660e-02 9.86783038206276e+04 
5.88009245436986e-02 9.86852490685126e+04 
5.89274628145148e-02 9.86939864257498e+04 
5.90541930184099e-02 9.87119730243015e+04 
5.91811952106279e-02 9.87213092772952e+04 
5.93087208424066e-02 9.87159121420256e+04 
5.94362929468208e-02 9.87328673030030e+04 
5.95639376285584e-02 9.87385216122550e+04 
5.96916278249102e-02 9.87471847268568e+04 
5.98193379786918e-02 9.87655628272103e+04 
5.99470798731232e-02 9.87759474323599e+04 
6.00749351986206e-02 9.87708390064477e+04 
6.02029477407115e-02 9.87879009051966e+04 
6.03310977786272e-02 9.87947804029700e+04 
6.04592649055672e-02 9.88055601656543e+04 
6.05874477798384e-02 9.88254381281777e+04 
6.07155716695863e-02 9.88373279352603e+04 
6.08437365824194e-02 9.88335085863154e+04 
6.09720178538348e-02 9.88502296541105e+04 
6.11004261465750e-02 9.88573078692469e+04 
6.12289184274676e-02 9.88682239918823e+04 
6.13574758145762e-02 9.88866653527366e+04 
6.14860676050074e-02 9.88957246781800e+04 
6.16147668187146e-02 9.88891898581353e+04 
6.17435779810171e-02 9.89020807666754e+04 
6.18724921105804e-02 9.89063064011354e+04 
6.20013609635334e-02 9.89154165745737e+04 
6.21302070524635e-02 9.89317506413784e+04 
6.22590999340963e-02 9.89393115851257e+04 
6.23882298714924e-02 9.89326888112651e+04 
6.25174898164326e-02 9.89451474289022e+04 
6.26468053820064e-02 9.89512513793147e+04 
6.27761732880022e-02 9.89632368981396e+04 
6.29055780949634e-02 9.89822251495614e+04 
6.30350402036990e-02 9.89930360846322e+04 
6.31646014882821e-02 9.89903089871408e+04 
6.32942333186806e-02 9.90057857481382e+04 
6.34239135442587e-02 9.90159277012944e+04 
6.35533414356688e-02 9.90326674182791e+04 
6.36826722274740e-02 9.90562018705930e+04 
6.38120246136912e-02 9.90715545248443e+04 
6.39415165182836e-02 9.90736583235023e+04 
6.40713002926210e-02 9.90928533421378e+04 
6.42012889290225e-02 9.91068279716966e+04 
6.43314296396610e-02 9.91274247097161e+04 
6.44616682557044e-02 9.91529686403774e+04 
6.45919757720228e-02 9.91685308362923e+04 
6.47224318869567e-02 9.91697970151826e+04 
6.48530699008947e-02 9.91860261054508e+04 
6.49836694152741e-02 9.91965536443708e+04 
6.51142280193785e-02 9.92136894025229e+04 
6.52448644205200e-02 9.92351646095363e+04 
6.53757483091287e-02 9.92468184869440e+04 
6.55069742258048e-02 9.92445216822651e+04 
6.56382441754502e-02 9.92677346102679e+04 
6.57696150818489e-02 9.92854121838146e+04 
6.59011028328086e-02 9.93041269367476e+04 
6.60320660384012e-02 9.93383760895683e+04 
6.61631140761137e-02 9.93643003363811e+04 
6.62942809938520e-02 9.93681829071040e+04 
6.64255330788998e-02 9.93846754072621e+04 
6.65568503399771e-02 9.93977548100436e+04 
6.66882288384003e-02 9.94268541727009e+04 
6.68196644556139e-02 9.94487927922474e+04 
6.69511556662602e-02 9.94606022458165e+04 
6.70826010121721e-02 9.94747426881970e+04 
6.72141381014419e-02 9.94844581601559e+04 
6.73458410663500e-02 9.95077526391343e+04 
6.74778125166269e-02 9.95302144633369e+04 
6.76100095094927e-02 9.95323477201346e+04 
6.77421343338576e-02 9.95224558573353e+04 
6.78743533769035e-02 9.95231912332657e+04 
6.80066333141272e-02 9.95146847875023e+04 
6.81390382524661e-02 9.95255411581397e+04 
6.82715706398399e-02 9.95349555983600e+04 
6.84041880002316e-02 9.95235745694033e+04 
6.85367889650729e-02 9.95030597173010e+04 
6.86694846025763e-02 9.95006914181939e+04 
6.88023043559011e-02 9.94905005714180e+04 
6.89352607742477e-02 9.95056837453480e+04 
6.90682334746618e-02 9.95200476475390e+04 
6.92012201805501e-02 9.95121440117134e+04 
6.93339303987484e-02 9.94940335960564e+04 
6.94666940923089e-02 9.94973897812633e+04 
6.95995889385974e-02 9.94890393992435e+04 
6.97326224991783e-02 9.95081380934061e+04 
6.98657873469799e-02 9.95250840930206e+04 
6.99988572546845e-02 9.95190040431639e+04 
7.01318946742045e-02 9.95029676217602e+04 
7.02649346425607e-02 9.95115165030272e+04 
7.03980958069025e-02 9.95079986945400e+04 
7.05314447699636e-02 9.95343320837286e+04 
7.06651166014550e-02 9.95587963778896e+04 
7.07988890448649e-02 9.95623572358409e+04 
7.09327305681764e-02 9.95501991292255e+04 
7.10668289545582e-02 9.95634448471605e+04 
7.12005726739050e-02 9.95612853014744e+04 
7.13343508193913e-02 9.95876058575731e+04 
7.14682052347151e-02 9.96091930193057e+04 
7.16020835406364e-02 9.96098443823140e+04 
7.17359900269749e-02 9.95867819911260e+04 
7.18700211321691e-02 9.95889566771240e+04 
7.20041915157454e-02 9.95746141237729e+04 
7.21385068414164e-02 9.95897783464090e+04 
7.22727510445381e-02 9.96006489096433e+04 
7.24069568328786e-02 9.95900160270034e+04 
7.25411973229561e-02 9.95579183687071e+04 
7.26756495161828e-02 9.95536917795416e+04 
7.28103964429412e-02 9.95332461005870e+04 
7.29452942507053e-02 9.95433372718573e+04 
7.30801406884876e-02 9.95498539614438e+04 
7.32149457729911e-02 9.95345669166061e+04 
7.33497790701408e-02 9.95031907743754e+04 
7.34849417281546e-02 9.94990300425078e+04 
7.36203472693638e-02 9.94811909060525e+04 
7.37558771439969e-02 9.94947940539883e+04 
7.38914770823651e-02 9.95043849603992e+04 
7.40271173931400e-02 9.94930720785815e+04 
7.41627854398325e-02 9.94647348627425e+04 
7.42982715200358e-02 9.94642076116671e+04 
7.44336540684329e-02 9.94537708066605e+04 
7.45690278035902e-02 9.94768789287107e+04 
7.47044178405339e-02 9.94991401923415e+04 
7.48397429326982e-02 9.95042946501097e+04 
7.49751317866741e-02 9.94927789684122e+04 
7.51107775991393e-02 9.95103272506422e+04 
7.52466570370973e-02 9.95160711964974e+04 
7.53825256976104e-02 9.95544464266952e+04 
7.55182805600516e-02 9.95895672620016e+04 
7.56540690947160e-02 9.96105307294832e+04 
7.57899546529438e-02 9.96000440048102e+04 
7.59260085105227e-02 9.96186131397400e+04 
7.60621101078665e-02 9.96212639363305e+04 
7.61983305082979e-02 9.96546251256024e+04 
7.63346090902264e-02 9.96828509038763e+04 
7.64712811114141e-02 9.96965208872300e+04 
7.66077706633847e-02 9.96725388071807e+04 
7.67443285992362e-02 9.96787519796305e+04 
7.68809154993424e-02 9.96701014155927e+04 
7.70176033174511e-02 9.96941231607646e+04 
7.71544252979133e-02 9.97196848153569e+04 
7.72913520055166e-02 9.97251447177162e+04 
7.74282647506239e-02 9.97037783634744e+04 
7.75651060185494e-02 9.96926941515452e+04 
7.77019484570933e-02 9.96724800337843e+04 
7.78388604299972e-02 9.96876625958307e+04 
7.79757815612572e-02 9.97189593164547e+04 
7.81128251496901e-02 9.97137037993948e+04 
7.82500916681759e-02 9.96838661193392e+04 
7.83873129583676e-02 9.96735094706944e+04 
7.85246014636358e-02 9.96568487958015e+04 
7.86620326899705e-02 9.96751884712637e+04 
7.87996623743853e-02 9.97140122685074e+04 
7.89377543426381e-02 9.97099774503023e+04 
7.90757027749930e-02 9.96817660382043e+04 
7.92137630764744e-02 9.96760185713461e+04 
7.93519787775919e-02 9.96650139868698e+04 
7.94903470473086e-02 9.97057311406315e+04 
7.96288452972799e-02 9.97428105013086e+04 
7.97674328951730e-02 9.97371056034190e+04 
7.99054838406766e-02 9.97198874285104e+04 
8.00435525001078e-02 9.97319718633587e+04 
8.01816428312585e-02 9.97016902416900e+04 
8.03197855182007e-02 9.97297636625321e+04 
8.04576933179855e-02 9.97434194892365e+04 
8.05955314596750e-02 9.97261151833119e+04 
8.07334065368659e-02 9.97036407095429e+04 
8.08713816877807e-02 9.97092314588057e+04 
8.10095462529130e-02 9.96762134044256e+04 
8.11480097444617e-02 9.97044892228736e+04 
8.12865705603663e-02 9.97191941814045e+04 
8.14250270181526e-02 9.97016331514990e+04 
8.15635233346074e-02 9.96771465108246e+04 
8.17022706426778e-02 9.96757180336393e+04 
8.18414496806549e-02 9.96387233823407e+04 
8.19810973714555e-02 9.96603639927593e+04 
8.21209783524457e-02 9.96747383530385e+04 
8.22609984335834e-02 9.96580347186112e+04 
8.24001657422018e-02 9.96359104638348e+04 
8.25394039542325e-02 9.96290586052825e+04 
8.26787280135086e-02 9.96030446421628e+04 
8.28180957109676e-02 9.96335596693820e+04 
8.29573941856577e-02 9.96598877588484e+04 
8.30966064335673e-02 9.96572242787523e+04 
8.32357502621973e-02 9.96481972527134e+04 
8.33749431740604e-02 9.96530306491765e+04 
8.35142996052745e-02 9.96364380098824e+04 
8.36538628388378e-02 9.96747407055791e+04 
8.37933333476420e-02 9.97058171760251e+04 
8.39328615583848e-02 9.97056876042097e+04 
8.40725557135511e-02 9.96960512200988e+04 
8.42125855306461e-02 9.96977276079488e+04 
8.43530493717327e-02 9.96778457227906e+04 
8.44937538387493e-02 9.97096704975246e+04 
8.46343361485757e-02 9.97372998014939e+04 
8.47749687475589e-02 9.97341221565114e+04 
8.49152941991510e-02 9.97203312317278e+04 
8.50558463639847e-02 9.97075813113306e+04 
8.51967781684041e-02 9.96908375731910e+04 
8.53373508551994e-02 9.97215339289482e+04 
8.54778621771948e-02 9.97485832699452e+04 
8.56183406549344e-02 9.97434333725225e+04 
8.57587264323110e-02 9.97255481339518e+04 
8.58989958893653e-02 9.97077376212710e+04 
8.60392411614399e-02 9.96836282767296e+04 
8.61795610953515e-02 9.97050844582588e+04 
8.63198970517812e-02 9.97225642564350e+04 
8.64603536058967e-02 9.97096015130810e+04 
8.66011030380767e-02 9.96848738136008e+04 
8.67421926720394e-02 9.96563077987435e+04 
8.68834767880634e-02 9.96321234224019e+04 
8.70246495237602e-02 9.96532234917398e+04 
8.71658907886137e-02 9.96725802698768e+04 
8.73072878200396e-02 9.96625625818593e+04 
8.74488990041917e-02 9.96411353598559e+04 
8.75908294122112e-02 9.96177530523460e+04 
8.77329537267684e-02 9.96047672841391e+04 
8.78747983735324e-02 9.96385511919306e+04 
8.80166872840476e-02 9.96679058555256e+04 
8.81586239354486e-02 9.96627813399463e+04 
8.83005932904322e-02 9.96583111375908e+04 
8.84423236992048e-02 9.96555795335558e+04 
8.85840261200989e-02 9.96548720725071e+04 
8.87257817046539e-02 9.97014183013950e+04 
8.88674491393013e-02 9.97358122382290e+04 
8.90089122278024e-02 9.97395811200824e+04 
8.91503132790906e-02 9.97293065134709e+04 
8.92917985745057e-02 9.97227120654186e+04 
8.94335055200406e-02 9.97134298900564e+04 
8.95756476125025e-02 9.97507112862163e+04 
8.97180139034984e-02 9.97761228545573e+04 
8.98605787360830e-02 9.97679833669051e+04 
9.00031465223025e-02 9.97492993074314e+04 
9.01457133432688e-02 9.97369534393710e+04 
9.02882029245296e-02 9.97249057877900e+04 
9.04307483166681e-02 9.97595892259275e+04 
9.05733977147370e-02 9.97816974131342e+04 
9.07162451985107e-02 9.97685643240834e+04 
9.08593684227987e-02 9.97490181468406e+04 
9.10024134036943e-02 9.97346738165148e+04 
9.11454260903656e-02 9.97243787959441e+04 
9.12884531987275e-02 9.97384317755405e+04 
9.14310405263298e-02 9.97732752385158e+04 
9.15734395987904e-02 9.97653464385903e+04 
9.17157848089745e-02 9.97539494199323e+04 
9.18581894515736e-02 9.97463521817557e+04 
9.20008065842444e-02 9.97436410750821e+04 
9.21438655231087e-02 9.97870151869432e+04 
9.22869216226195e-02 9.98171514184241e+04 
9.24299960062345e-02 9.98109702062259e+04 
9.25728323799834e-02 9.98000441483452e+04 
9.27159709110558e-02 9.98024432824565e+04 
9.28595028492754e-02 9.98057016580057e+04 
9.30034131423600e-02 9.98371276102278e+04 
9.31474546569569e-02 9.98757904913139e+04 
9.32916794531036e-02 9.98703608183131e+04 
9.34360082387618e-02 9.98509464505827e+04 
9.35802587671398e-02 9.98462255259067e+04 
9.37244827289501e-02 9.98388335541256e+04 
9.38685777397762e-02 9.98533643301270e+04 
9.40123936113071e-02 9.98814203561969e+04 
9.41560326655769e-02 9.98658363871689e+04 
9.42996252720908e-02 9.98386436489506e+04 
9.44432605394384e-02 9.98289495299699e+04 
9.45867899297731e-02 9.98183395982782e+04 
9.47302974599294e-02 9.98320677175055e+04 
9.48737874309761e-02 9.98615054251990e+04 
9.50176428047610e-02 9.98490989900943e+04 
9.51618806924897e-02 9.98254651073181e+04 
9.53061976636571e-02 9.98205575430323e+04 
9.54504725600037e-02 9.98126584330177e+04 
9.55948265966240e-02 9.98290127777516e+04 
9.57391628260514e-02 9.98589433567758e+04 
9.58834661923475e-02 9.98479709208511e+04 
9.60277124820800e-02 9.98240645383710e+04 
9.61722159917415e-02 9.98175882584689e+04 
9.63171059091009e-02 9.98076074391082e+04 
9.64623692333032e-02 9.98195513279188e+04 
9.66077551815497e-02 9.98429484065679e+04 
9.67530367620803e-02 9.98260123338007e+04 
9.68982781842865e-02 9.97968593820638e+04 
9.70433697642067e-02 9.97858926211791e+04 
9.71883582943070e-02 9.97745581946088e+04 
9.73332835657862e-02 9.97872604788264e+04 
9.74779955955293e-02 9.98156969084458e+04 
9.76226031431588e-02 9.98089388607790e+04 
9.77671764366853e-02 9.97938313226618e+04 
9.79118339212954e-02 9.97986468624753e+04 
9.80567144094262e-02 9.98044353025824e+04 
9.82019138843130e-02 9.98330300664226e+04 
9.83472866002145e-02 9.98727342275405e+04 
9.84928871787818e-02 9.98721407028736e+04 
9.86387449182066e-02 9.98561992457451e+04 
9.87843984348176e-02 9.98532068416081e+04 
9.89299604793226e-02 9.98468104236074e+04 
9.90755958520075e-02 9.98635333825342e+04 
9.92212477829513e-02 9.99102834865574e+04 
9.93670662743184e-02 9.98850449039224e+04 
9.95128728856769e-02 9.98526673112774e+04 
9.96587686367738e-02 9.98255662400887e+04 
9.98049497131796e-02 9.98134669524071e+04 
9.99510294103187e-02 9.98328558198200e+04 
1.00096638361147e-01 9.98705317674619e+04 
1.00242122773327e-01 9.98681847724275e+04 
1.00387594815576e-01 9.98518969630241e+04 
1.00533213136510e-01 9.98484939230873e+04 
1.00679055926063e-01 9.98432813270278e+04 
1.00825305573874e-01 9.98469561909027e+04 
1.00971757506904e-01 9.98638293623783e+04 
1.01117988521400e-01 9.98163322621296e+04 
1.01264197128315e-01 9.97544349875152e+04 
1.01410481316001e-01 9.97107518046218e+04 
1.01556987001798e-01 9.96773060468682e+04 
1.01703556809951e-01 9.96729676660053e+04 
1.01850272690873e-01 9.96932559426748e+04 
1.01997189263682e-01 9.96892119083355e+04 
1.02144321953559e-01 9.96793262586355e+04 
1.02291681312940e-01 9.96898152419826e+04 
1.02439189760272e-01 9.97030606211060e+04 
1.02586787157732e-01 9.97315349355534e+04 
1.02733741596334e-01 9.97660690342552e+04 
1.02880445712218e-01 9.97611486942717e+04 
1.03027098306730e-01 9.97418846941264e+04 
1.03173804664559e-01 9.97366830049715e+04 
1.03320557475475e-01 9.97322894752059e+04 
1.03467342755130e-01 9.97447094357166e+04 
1.03614038071953e-01 9.97654415711816e+04 
1.03760967827987e-01 9.97517870593259e+04 
1.03908215291846e-01 9.97284978994375e+04 
1.04055803974921e-01 9.97200253357580e+04 
1.04203789594711e-01 9.97182796833514e+04 
1.04351869554883e-01 9.97256318819211e+04 
1.04499705807111e-01 9.97331655599103e+04 
1.04647332460262e-01 9.97393463327117e+04 
1.04794956021134e-01 9.97365224212597e+04 
1.04942652519562e-01 9.97431670385552e+04 
1.05090305575642e-01 9.97624807592525e+04 
1.05237983822966e-01 9.97832583322839e+04 
1.05385641809434e-01 9.98102456698964e+04 
1.05533457147386e-01 9.98231297421465e+04 
1.05681509464668e-01 9.98245621043471e+04 
1.05829841596941e-01 9.98302947759618e+04 
1.05978241068476e-01 9.98479728870002e+04 
1.06126424474309e-01 9.98631885383732e+04 
1.06274265728450e-01 9.98880575254742e+04 
1.06422147476699e-01 9.98845879587976e+04 
1.06570025263954e-01 9.98706086228850e+04 
1.06718231396315e-01 9.98601453323253e+04 
1.06866448167533e-01 9.98610716698770e+04 
1.07014687612139e-01 9.98588203914630e+04 
1.07162887557417e-01 9.98631512327416e+04 
1.07311257446919e-01 9.98448143990694e+04 
1.07459891316372e-01 9.98218381225854e+04 
1.07608627243028e-01 9.98089131625258e+04 
1.07757205817426e-01 9.98192957076664e+04 
1.07905801594949e-01 9.98380364667084e+04 
1.08054377065831e-01 9.98605354645139e+04 
1.08203110118950e-01 9.98825923675200e+04 
1.08352093152770e-01 9.98920493282214e+04 
1.08501255390880e-01 9.98969488908327e+04 
1.08650214949619e-01 9.99100110431101e+04 
1.08799143923299e-01 9.99163851461098e+04 
1.08947822634990e-01 9.99298616372729e+04 
1.09096503056923e-01 9.99116791894648e+04 
1.09245185838864e-01 9.98874605670995e+04 
1.09394040821100e-01 9.98656065121330e+04 
1.09542897203021e-01 9.98602635246215e+04 
1.09691762543328e-01 9.98543845687937e+04 
1.09840593540559e-01 9.98563981056872e+04 
1.09989578525997e-01 9.98416948089302e+04 
1.10138822424691e-01 9.98257405308139e+04 
1.10288372608730e-01 9.98162699777473e+04 
1.10438242297061e-01 9.98324906752392e+04 
1.10588134767684e-01 9.98553773679188e+04 
1.10737945254163e-01 9.98879159934088e+04 
1.10887878598582e-01 9.99124352361096e+04 
1.11037999687566e-01 9.99270765021820e+04 
1.11188187051714e-01 9.99339092951400e+04 
1.11338474203857e-01 9.99520228369893e+04 
1.11488791267142e-01 9.99622241017227e+04 
1.11638923138490e-01 9.99813125327788e+04 
1.11789138440091e-01 9.99710761766002e+04 
1.11939302756280e-01 9.99530691359510e+04 
1.12089318875665e-01 9.99341180257261e+04 
1.12239226614382e-01 9.99331983887003e+04 
1.12389105916082e-01 9.99326919376128e+04 
1.12538843036839e-01 9.99455892759136e+04 
1.12688943053806e-01 9.99363883079443e+04 
1.12839332218200e-01 9.99233324656005e+04 
1.12989989981997e-01 9.99103939801696e+04 
1.13140875389361e-01 9.99180260250214e+04 
1.13291924939320e-01 9.99265838075037e+04 
1.13442896837269e-01 9.99483050021938e+04 
1.13593932995638e-01 9.99423710321405e+04 
1.13745043317585e-01 9.99313146526130e+04 
1.13896099229751e-01 9.99220280590784e+04 
1.14047269713925e-01 9.99323868939171e+04 
1.14198485566789e-01 9.99408089085041e+04 
1.14349525219009e-01 9.99592388492423e+04 
1.14500629740340e-01 9.99526615783494e+04 
1.14651938900671e-01 9.99428158895089e+04 
1.14803500533347e-01 9.99346736376076e+04 
1.14955076822114e-01 9.99465711948500e+04 
1.15106477510851e-01 9.99561559604192e+04 
1.15257575200922e-01 9.99739191717769e+04 
1.15408676118194e-01 9.99672725661958e+04 
1.15559801973141e-01 9.99598291548665e+04 
1.15711011951875e-01 9.99554108617888e+04 
1.15862342828367e-01 9.99683138772997e+04 
1.16013889911300e-01 9.99791105505303e+04 
1.16165599985664e-01 9.99951110622141e+04 
1.16317404734545e-01 9.99884661771288e+04 
1.16469461857320e-01 9.99823371882437e+04 
1.16621142473730e-01 9.99785436097959e+04 
1.16772666741983e-01 9.99936338699071e+04 
1.16924208087451e-01 1.00008420628662e+05 
1.17075708273610e-01 1.00027145914138e+05 
1.17227339820450e-01 1.00021983874547e+05 
1.17379179857754e-01 1.00019946780187e+05 
1.17531253372692e-01 1.00021773363808e+05 
1.17683719931046e-01 1.00039717397577e+05 
1.17836548347370e-01 1.00059678530839e+05 
1.17989098614325e-01 1.00080226894962e+05 
1.18141557605059e-01 1.00077527457664e+05 
1.18294044252819e-01 1.00078044979835e+05 
1.18446211348190e-01 1.00080730583720e+05 
1.18598201062508e-01 1.00096214663097e+05 
1.18750197379959e-01 1.00113309305050e+05 
1.18902130520445e-01 1.00130514777820e+05 
1.19054195058533e-01 1.00123579393462e+05 
1.19206466715499e-01 1.00119356710923e+05 
1.19358973930961e-01 1.00115952234824e+05 
1.19511873646326e-01 1.00125929635718e+05 
1.19665288573981e-01 1.00137400643753e+05 
1.19818750205995e-01 1.00149976126073e+05 
1.19972210552345e-01 1.00139489533630e+05 
1.20125671984487e-01 1.00133067243145e+05 
1.20278493479431e-01 1.00126830670357e+05 
1.20431112401097e-01 1.00135133588414e+05 
1.20583723816142e-01 1.00145236376593e+05 
1.20736254288944e-01 1.00157415649398e+05 
1.20888915211216e-01 1.00147908253205e+05 
1.21041786478793e-01 1.00141937656950e+05 
1.21194897748104e-01 1.00134324741888e+05 
1.21348407627083e-01 1.00142679578731e+05 
1.21502222321312e-01 1.00153557772446e+05 
1.21655759394365e-01 1.00165900011759e+05 
1.21809573243125e-01 1.00155780514920e+05 
1.21963481453636e-01 1.00149109254301e+05 
1.22117026432726e-01 1.00140027741849e+05 
1.22270511109440e-01 1.00146619086307e+05 
1.22423966496636e-01 1.00156093212298e+05 
1.22577312894519e-01 1.00167783595448e+05 
1.22730771053466e-01 1.00157944845193e+05 
1.22884417833492e-01 1.00152907563043e+05 
1.23038281590187e-01 1.00147047169132e+05 
1.23192523119428e-01 1.00158790117438e+05 
1.23347025036906e-01 1.00172648619491e+05 
1.23501155058803e-01 1.00188093471837e+05 
1.23655292111308e-01 1.00180618810860e+05 
1.23809576857945e-01 1.00176797551561e+05 
1.23964032136142e-01 1.00168289210704e+05 
1.24118559731885e-01 1.00174255973867e+05 
1.24273046444613e-01 1.00179726143962e+05 
1.24427404029439e-01 1.00184570390607e+05 
1.24581890367075e-01 1.00168680326057e+05 
1.24736584672090e-01 1.00157625152659e+05 
1.24891369887872e-01 1.00143788445442e+05 
1.25045908305842e-01 1.00146299144822e+05 
1.25200410367202e-01 1.00150354607411e+05 
1.25354799433047e-01 1.00158471907964e+05 
1.25509285053516e-01 1.00146169190520e+05 
1.25663932686013e-01 1.00144494816380e+05 
1.25818748540821e-01 1.00143065857116e+05 
1.25973848299771e-01 1.00160965618025e+05 
1.26129271850822e-01 1.00183052881993e+05 
1.26284710720148e-01 1.00210330086027e+05 
1.26439832617873e-01 1.00213318104633e+05 
1.26594888189509e-01 1.00224440838347e+05 
1.26749960474433e-01 1.00231736791768e+05 
1.26905234296302e-01 1.00253091111661e+05 
1.27060670563215e-01 1.00272937374249e+05 
1.27215964915548e-01 1.00291470128575e+05 
1.27371328655155e-01 1.00286757392504e+05 
1.27526815079358e-01 1.00285565927138e+05 
1.27682431470531e-01 1.00278751908881e+05 
1.27838285754336e-01 1.00283152311766e+05 
1.27994411087367e-01 1.00285323278708e+05 
1.28150347483771e-01 1.00287437280171e+05 
1.28305981300716e-01 1.00268401664185e+05 
1.28461559642596e-01 1.00255197517554e+05 
1.28617070876297e-01 1.00236764773393e+05 
1.28772594579180e-01 1.00234848775620e+05 
1.28928234268169e-01 1.00235298304996e+05 
1.29083885488802e-01 1.00239388529936e+05 
1.29239961451378e-01 1.00222529430556e+05 
1.29396409867878e-01 1.00213376026954e+05 
1.29552979160600e-01 1.00200777601210e+05 
1.29709810429528e-01 1.00204898969225e+05 
1.29866933608768e-01 1.00211017937067e+05 
1.30024169059320e-01 1.00222998394664e+05 
1.30181248397941e-01 1.00210624042013e+05 
1.30338346237349e-01 1.00204199728894e+05 
1.30495292518998e-01 1.00191518638797e+05 
1.30652322504427e-01 1.00191791545739e+05 
1.30809520723601e-01 1.00194518827740e+05 
1.30966590737573e-01 1.00206432830957e+05 
1.31123847797695e-01 1.00191813083391e+05 
1.31281224600569e-01 1.00181495498910e+05 
1.31438595861231e-01 1.00165258317844e+05 
1.31595865864106e-01 1.00168543816283e+05 
1.31753170115725e-01 1.00177512138743e+05 
1.31910262131304e-01 1.00207420095791e+05 
1.32067341789396e-01 1.00197542985407e+05 
1.32224476775811e-01 1.00190857881330e+05 
1.32381682734206e-01 1.00184661749368e+05 
1.32538984431631e-01 1.00182560752529e+05 
1.32696468623203e-01 1.00195873447343e+05 
1.32853984960880e-01 1.00219465598395e+05 
1.33011922348079e-01 1.00198659011671e+05 
1.33169859469632e-01 1.00177484647071e+05 
1.33327793062045e-01 1.00155960844567e+05 
1.33485904319517e-01 1.00137787549326e+05 
1.33644243652096e-01 1.00137615925084e+05 
1.33802527906968e-01 1.00150609001640e+05 
1.33960999087934e-01 1.00121954083521e+05 
1.34119712356182e-01 1.00095350862554e+05 
1.34278441078805e-01 1.00079234822041e+05 
1.34437275027063e-01 1.00069105838742e+05 
1.34596282099009e-01 1.00080061395104e+05 
1.34755087403900e-01 1.00105968132851e+05 
1.34913799798115e-01 1.00088076067915e+05 
1.35072416465990e-01 1.00069456026527e+05 
1.35230827842456e-01 1.00059740778140e+05 
1.35389163043848e-01 1.00054157444384e+05 
1.35547487446877e-01 1.00068905511385e+05 
1.35705681736039e-01 1.00095802043637e+05 
1.35864008521641e-01 1.00078989175109e+05 
1.36022621090528e-01 1.00062592789721e+05 
1.36181608365389e-01 1.00057207071440e+05 
1.36341044461366e-01 1.00054833188980e+05 
1.36500898033788e-01 1.00072389003555e+05 
1.36660574161573e-01 1.00100272364792e+05 
1.36820063753122e-01 1.00083416781049e+05 
1.36979517995966e-01 1.00064980033765e+05 
1.37138985702888e-01 1.00057418967239e+05 
1.37298639315032e-01 1.00050281360870e+05 
1.37458486677736e-01 1.00063047239536e+05 
1.37618193588330e-01 1.00085137774275e+05 
1.37777957618842e-01 1.00063389443209e+05 
1.37937791644970e-01 1.00042052306034e+05 
1.38097664763152e-01 1.00031106391468e+05 
1.38257644748238e-01 1.00023773273822e+05 
1.38417733317681e-01 1.00036065537512e+05 
1.38577424270506e-01 1.00054764184633e+05 
1.38736983073599e-01 1.00029523780579e+05 
1.38896570256045e-01 1.00000472967266e+05 
1.39056197113136e-01 9.99839420277241e+04 
1.39215972065559e-01 9.99732412532403e+04 
1.39375940055947e-01 9.99830307887384e+04 
1.39535788109451e-01 1.00003117236992e+05 
1.39695916648118e-01 9.99806818119007e+04 
1.39856301953310e-01 9.99592749560589e+04 
1.40016625017693e-01 9.99513536515839e+04 
1.40177030685386e-01 9.99482687822904e+04 
1.40337588799511e-01 9.99641756273598e+04 
1.40498082674726e-01 9.99919881398758e+04 
1.40658757592995e-01 9.99774534145932e+04 
1.40819690001648e-01 9.99608908840982e+04 
1.40980936257934e-01 9.99596222186243e+04 
1.41142518249938e-01 9.99622344525392e+04 
1.41304319871914e-01 9.99822391257258e+04 
1.41466027128876e-01 1.00013566144431e+05 
1.41627899455341e-01 1.00003040372372e+05 
1.41789751174134e-01 9.99896582195316e+04 
1.41951152140940e-01 9.99908587265669e+04 
1.42112333439461e-01 9.99949904004293e+04 
1.42273427334444e-01 1.00014165955346e+05 
1.42434195439064e-01 1.00040607207503e+05 
1.42594966581622e-01 1.00026369302403e+05 
1.42755779826547e-01 1.00004931692164e+05 
1.42916645865616e-01 9.99968928047568e+04 
1.43077634051850e-01 9.99907322888904e+04 
1.43238928969041e-01 9.99997439781321e+04 
1.43400733180507e-01 1.00017360821098e+05 
1.43562790456432e-01 9.99950824353444e+04 
1.43724862302532e-01 9.99707749196171e+04 
1.43886956533038e-01 9.99616659453142e+04 
1.44049067845509e-01 9.99563407874239e+04 
1.44211184250593e-01 9.99685387502293e+04 
1.44373312970503e-01 9.99922314063642e+04 
1.44535460486098e-01 9.99750418953082e+04 
1.44697623812737e-01 9.99548019400300e+04 
1.44859811749914e-01 9.99487885758248e+04 
1.45022019421084e-01 9.99414256876245e+04 
1.45184235029559e-01 9.99532438618402e+04 
1.45346418086090e-01 9.99739864242249e+04 
1.45508590103564e-01 9.99543413732566e+04 
1.45670767340049e-01 9.99288566536443e+04 
1.45832878033210e-01 9.99135111585240e+04 
1.45994939665832e-01 9.98981264321088e+04 
1.46157100366481e-01 9.99026761515947e+04 
1.46319143916921e-01 9.99172648691870e+04 
1.46481357750375e-01 9.98942807008731e+04 
1.46643611123087e-01 9.98698562075998e+04 
1.46805868034129e-01 9.98591259760349e+04 
1.46968122763473e-01 9.98521713843733e+04 
1.47130385313348e-01 9.98644323840874e+04 
1.47292651482645e-01 9.98899124025127e+04 
1.47454920208329e-01 9.98794904420651e+04 
1.47617192963530e-01 9.98665573756442e+04 
1.47779468888741e-01 9.98638190377636e+04 
1.47941741943070e-01 9.98603099611443e+04 
1.48104022369390e-01 9.98747934163485e+04 
1.48266305057998e-01 9.98970454969898e+04 
1.48428589563420e-01 9.98799729084029e+04 
1.48590877956464e-01 9.98572951377249e+04 
1.48753168526763e-01 9.98442631662411e+04 
1.48915455181664e-01 9.98344029476326e+04 
1.49077748005703e-01 9.98455257214421e+04 
1.49240041593101e-01 9.98676418630941e+04 
1.49402335384437e-01 9.98570030076084e+04 
1.49564631533660e-01 9.98422850699151e+04 
1.49726928292300e-01 9.98385419896882e+04 
1.49889219690720e-01 9.98368649632430e+04 
1.50051516213510e-01 9.98557294528283e+04 
1.50213813020468e-01 9.98809844372418e+04 
1.50376109523541e-01 9.98725879967633e+04 
1.50538407850593e-01 9.98612725574631e+04 
1.50700706570184e-01 9.98612352048636e+04 
1.50862999197436e-01 9.98632596879824e+04 
1.51025295921431e-01 9.98836837511232e+04 
1.51187592076725e-01 9.99154043170122e+04 
1.51349886396743e-01 9.99144150139468e+04 
1.51512180760826e-01 9.99081528352933e+04 
1.51674474142253e-01 9.99126116237538e+04 
1.51836760366059e-01 9.99180664657388e+04 
1.51999049336409e-01 9.99416735609107e+04 
1.52161336900464e-01 9.99738770963384e+04 
1.52323621277230e-01 9.99737931295060e+04 
1.52485904037935e-01 9.99659014227695e+04 
1.52648184670987e-01 9.99687785124997e+04 
1.52810457099744e-01 9.99744886163098e+04 
1.52972730987866e-01 9.99998267946206e+04 
1.53135002545140e-01 1.00036410968008e+05 
1.53297269837967e-01 1.00040685656111e+05 
1.53459533354519e-01 1.00035366503030e+05 
1.53621794147573e-01 1.00040025535460e+05 
1.53784047653942e-01 1.00046478581219e+05 
1.53946301009455e-01 1.00073460656284e+05 
1.54108553021126e-01 1.00112524620310e+05 
1.54270801097686e-01 1.00119078134007e+05 
1.54433045951236e-01 1.00114839188201e+05 
1.54595287637357e-01 1.00119637835765e+05 
1.54757521743601e-01 1.00126947966329e+05 
1.54919755036228e-01 1.00155924836286e+05 
1.55081986237880e-01 1.00197518146387e+05 
1.55244213061314e-01 1.00207818412255e+05 
1.55406436410116e-01 1.00207108761176e+05 
1.55568656532549e-01 1.00211434046297e+05 
1.55730869000738e-01 1.00217427851429e+05 
1.55893080795429e-01 1.00246081376041e+05 
1.56055290868783e-01 1.00284296130109e+05 
1.56217496744437e-01 1.00288310935961e+05 
1.56379699435714e-01 1.00283097156121e+05 
1.56541899395149e-01 1.00287467968337e+05 
1.56704091988670e-01 1.00293380551871e+05 
1.56866284174584e-01 1.00320238725125e+05 
1.57028474912766e-01 1.00358172888010e+05 
1.57190661619869e-01 1.00363640293716e+05 
1.57352845485798e-01 1.00359987659673e+05 
1.57515026905061e-01 1.00369482908496e+05 
1.57677201508064e-01 1.00386828557050e+05 
1.57839376280993e-01 1.00415961214286e+05 
1.58001549868067e-01 1.00456958632589e+05 
1.58163720021209e-01 1.00470133390652e+05 
1.58325888012857e-01 1.00468523031449e+05 
1.58488054118339e-01 1.00481169235879e+05 
1.58650213763940e-01 1.00486321769880e+05 
1.58812373937991e-01 1.00507727000158e+05 
1.58974533337495e-01 1.00545750320009e+05 
1.59136689677954e-01 1.00550725734416e+05 
1.59298844041690e-01 1.00546884916984e+05 
1.59460996469245e-01 1.00561683739425e+05 
1.59623142486736e-01 1.00566770807856e+05 
1.59785288744751e-01 1.00585271704722e+05 
1.59947434034929e-01 1.00624652968085e+05 
1.60109576158409e-01 1.00632589209238e+05 
1.60271716096162e-01 1.00633779197987e+05 
1.60433854141270e-01 1.00649786527308e+05 
1.60595985745373e-01 1.00657476530149e+05 
1.60758117831052e-01 1.00676941891540e+05 
1.60920249243794e-01 1.00716538912585e+05 
1.61082378691867e-01 1.00726097446413e+05 
1.61244506790144e-01 1.00726725455575e+05 
1.61406633768587e-01 1.00739781308164e+05 
1.61568754652647e-01 1.00746961724998e+05 
1.61730876689565e-01 1.00763145764091e+05 
1.61892999085200e-01 1.00800993802001e+05 
1.62055120845672e-01 1.00809210779445e+05 
1.62217241977487e-01 1.00804167588536e+05 
1.62379362756270e-01 1.00814181996450e+05 
1.62541478034785e-01 1.00818963861887e+05 
1.62703594784175e-01 1.00840656921578e+05 
1.62865712347351e-01 1.00882790344895e+05 
1.63027829369003e-01 1.00891956629453e+05 
1.63189945427410e-01 1.00894565615928e+05 
1.63352060728551e-01 1.00906106410341e+05 
1.63514170198328e-01 1.00913106315466e+05 
1.63676281570213e-01 1.00938011796626e+05 
1.63838394364227e-01 1.00981905044548e+05 
1.64000507640462e-01 1.00990390169676e+05 
1.64162620793779e-01 1.00991059637918e+05 
1.64324733888239e-01 1.01000665725300e+05 
1.64486841779660e-01 1.01005829299128e+05 
1.64648952345637e-01 1.01029516895648e+05 
1.64811064847190e-01 1.01073207022237e+05 
1.64973178241759e-01 1.01081022393205e+05 
1.65135291678120e-01 1.01083773554360e+05 
1.65297405277075e-01 1.01091799831639e+05 
1.65459513902196e-01 1.01095526504873e+05 
1.65621625602590e-01 1.01117790084985e+05 
1.65783739735521e-01 1.01158377126696e+05 
1.65945855643890e-01 1.01161806232777e+05 
1.66107972719018e-01 1.01162285015067e+05 
1.66270090757341e-01 1.01164883284913e+05 
1.66432205094448e-01 1.01164055729793e+05 
1.66594323584651e-01 1.01183034162802e+05 
1.66756445907953e-01 1.01217935279419e+05 
1.66918571538057e-01 1.01222134527951e+05 
1.67080699301119e-01 1.01221424866748e+05 
1.67242829019836e-01 1.01220690460779e+05 
1.67404956717747e-01 1.01216840804368e+05 
1.67567089307763e-01 1.01232615630425e+05 
1.67729227271509e-01 1.01264409764170e+05 
1.67891369604872e-01 1.01260153890620e+05 
1.68053515148396e-01 1.01256333936754e+05 
1.68215664167263e-01 1.01247189434361e+05 
1.68377812186016e-01 1.01235831531712e+05 
1.68539967308601e-01 1.01249936777388e+05 
1.68702128825831e-01 1.01277466333716e+05 
1.68864296796484e-01 1.01269519623108e+05 
1.69026469285999e-01 1.01258590540842e+05 
1.69188646531480e-01 1.01246531827064e+05 
1.69350823302427e-01 1.01231272437720e+05 
1.69513008253864e-01 1.01241568855378e+05 
1.69675200594428e-01 1.01267710194207e+05 
1.69837399798753e-01 1.01258178500220e+05 
1.69999603779776e-01 1.01246927548798e+05 
1.70161812666011e-01 1.01234548478251e+05 
1.70324021312317e-01 1.01217770121149e+05 
1.70486238485483e-01 1.01224839256391e+05 
1.70648463518663e-01 1.01245910366186e+05 
1.70810695929329e-01 1.01231414450633e+05 
1.70972933689418e-01 1.01210906630750e+05 
1.71135177007421e-01 1.01189428967213e+05 
1.71297420840311e-01 1.01163969509368e+05 
1.71459674066984e-01 1.01162046290488e+05 
1.71608037484319e-01 1.01174342549040e+05 
1.71763932470718e-01 1.01158362155285e+05 
1.71926207175855e-01 1.01136866175301e+05 
1.72088488029165e-01 1.01112609557912e+05 
1.72250769527569e-01 1.01086835559239e+05 
1.72413060342295e-01 1.01080597864720e+05 
1.72575360055285e-01 1.01088277963691e+05 
1.72737665298157e-01 1.01063563124612e+05 
1.72899973642955e-01 1.01044320524511e+05 
1.73062278452215e-01 1.01030365565278e+05 
1.73224576191614e-01 1.01026387258053e+05 
1.73386872100463e-01 1.01063384472623e+05 
1.73549165897997e-01 1.01108951652929e+05 
1.73711462515911e-01 1.01116356595959e+05 
1.73873762649638e-01 1.01117656607660e+05 
1.74036060761510e-01 1.01097687605228e+05 
1.74198357130171e-01 1.01053891116372e+05 
1.74360661327241e-01 1.01022365276686e+05 
1.74522973408438e-01 1.00975427941743e+05 
1.74685295620960e-01 1.00905303669138e+05 
1.74847627026392e-01 1.00818663889607e+05 
1.75009959939172e-01 1.00754277644833e+05 
1.75172289573656e-01 1.00700600816281e+05 
1.75334621308098e-01 1.00665345588736e+05 
1.75496951749806e-01 1.00650194587349e+05 
1.75659283576967e-01 1.00631488144231e+05 
1.75821617166112e-01 1.00616419994786e+05 
1.75983945421730e-01 1.00608475148939e+05 
1.76146263413057e-01 1.00607007137026e+05 
1.76308578823806e-01 1.00625772891340e+05 
1.76470889009971e-01 1.00667454936749e+05 
1.76633196542294e-01 1.00657811742349e+05 
1.76795503301124e-01 1.00649746212310e+05 
1.76957804294740e-01 1.00632224486003e+05 
1.77120096072399e-01 1.00620777845901e+05 
1.77282387332653e-01 1.00622642628356e+05 
1.77444676353422e-01 1.00641371625885e+05 
1.77606965721722e-01 1.00616022006475e+05 
1.77769257963153e-01 1.00596601102778e+05 
1.77931710479511e-01 1.00569245466374e+05 
1.78094161590070e-01 1.00550230727296e+05 
1.78256621006018e-01 1.00547315533568e+05 
1.78419086967369e-01 1.00558712912481e+05 
1.78581558695057e-01 1.00532643442787e+05 
1.78744036118472e-01 1.00510338480913e+05 
1.78906517404682e-01 1.00484507542723e+05 
1.79068996184490e-01 1.00466720087954e+05 
1.79231482251979e-01 1.00467648965716e+05 
1.79393973723429e-01 1.00475511403094e+05 
1.79556470087423e-01 1.00452341754635e+05 
1.79718971236240e-01 1.00433041751858e+05 
1.79881475534243e-01 1.00409565836743e+05 
1.80043976435245e-01 1.00393862891719e+05 
1.80206483874922e-01 1.00394758265224e+05 
1.80368996313342e-01 1.00403927265767e+05 
1.80531513396916e-01 1.00385449942587e+05 
1.80694026275069e-01 1.00363191519143e+05 
1.80856535694421e-01 1.00340276536649e+05 
1.81019035890943e-01 1.00324850059972e+05 
1.81153854172310e-01 1.00313923061440e+05 
1.81294848108718e-01 1.00312908653635e+05 
1.81444981790812e-01 1.00299895561499e+05 
1.81604933683303e-01 1.00277805434332e+05 
1.81767473164800e-01 1.00257901212737e+05 
1.81930009044825e-01 1.00241024362993e+05 
1.82092551649258e-01 1.00231312600669e+05 
1.82255098648549e-01 1.00236516760331e+05 
1.82417649761693e-01 1.00222298092266e+05 
1.82580204032716e-01 1.00201305752862e+05 
1.82742761371599e-01 1.00184630027102e+05 
1.82905313500582e-01 1.00168810953505e+05 
1.83067871793297e-01 1.00163102229041e+05 
1.83230435268681e-01 1.00171957210321e+05 
1.83393003531467e-01 1.00158700266593e+05 
1.83555574905896e-01 1.00136355106402e+05 
1.83718150211617e-01 1.00124113961452e+05 
1.83880719113493e-01 1.00110215976963e+05 
1.84043285310606e-01 1.00107129577773e+05 
1.84205850098791e-01 1.00116703969605e+05 
1.84368415450545e-01 1.00106171552205e+05 
1.84530979060006e-01 1.00084115669503e+05 
1.84693538412171e-01 1.00078616707872e+05 
1.84856090874971e-01 1.00068179282225e+05 
1.85018640559876e-01 1.00070299495082e+05 
1.85181188862820e-01 1.00085510642502e+05 
1.85343737416471e-01 1.00077749827610e+05 
1.85506283557654e-01 1.00059516020605e+05 
1.85668824957465e-01 1.00057054601042e+05 
1.85831359340994e-01 1.00048688934000e+05 
1.85993891142428e-01 1.00050870915657e+05 
1.86156421983005e-01 1.00065738483385e+05 
1.86318953416592e-01 1.00055968445366e+05 
1.86481482732458e-01 1.00034383887250e+05 
1.86644007391147e-01 1.00025729646233e+05 
1.86806524815749e-01 1.00012251952768e+05 
1.86969040110615e-01 1.00008636118609e+05 
1.87120344497451e-01 1.00020828111812e+05 
1.87277521887473e-01 1.00003838324507e+05 
1.87440034291895e-01 9.99736278707784e+04 
1.87601733967733e-01 9.99608119519299e+04 
1.87764234853985e-01 9.99450070067869e+04 
1.87926733007407e-01 9.99438888553077e+04 
1.88085046395412e-01 9.99517405114022e+04 
1.88247541558379e-01 9.99510233535548e+04 
1.88410033409625e-01 9.99362879428427e+04 
1.88572520037032e-01 9.99508150812637e+04 
1.88734998477984e-01 9.99652505822813e+04 
1.88897473652075e-01 1.00001252369493e+05 
1.89059946968420e-01 1.00053107522422e+05 
1.89222418961387e-01 1.00091183556176e+05 
1.89384887016716e-01 1.00106401678917e+05 
1.89543857559046e-01 1.00117963275744e+05 
1.89706312689849e-01 1.00115732325156e+05 
1.89868765148151e-01 1.00118339295857e+05 
1.90024896835122e-01 1.00125926228746e+05 
1.90187349637615e-01 1.00095436258346e+05 
1.90349801557742e-01 1.00044527941559e+05 
1.90512251168878e-01 1.00002406653631e+05 
1.90674696927795e-01 9.99564715538486e+04 
1.90837144156684e-01 9.99283526031861e+04 
1.90999593627668e-01 9.99182876030512e+04 
1.91162045975529e-01 9.98873297827514e+04 
1.91324498229449e-01 9.98493224705509e+04 
1.91486947411880e-01 9.98272630283501e+04 
1.91649390500674e-01 9.97975134626510e+04 
1.91811832321709e-01 9.97820796585022e+04 
1.91974273223825e-01 9.97796608846941e+04 
1.92136713408881e-01 9.97482885607444e+04 
1.92299150320114e-01 9.97135335714373e+04 
1.92461582243344e-01 9.96926071270219e+04 
1.92624006870020e-01 9.96650785686789e+04 
1.92786429152378e-01 9.96597712757685e+04 
1.92948849408536e-01 9.96649734987583e+04 
1.93111267016934e-01 9.96619975666098e+04 
1.93274011404377e-01 9.96580964027550e+04 
1.93436761339597e-01 9.96738996551165e+04 
1.93599510595606e-01 9.96847028257499e+04 
1.93762260813959e-01 9.97063727813309e+04 
1.93925007269671e-01 9.97414176850710e+04 
1.94087753670593e-01 9.97481537010684e+04 
1.94250503450532e-01 9.97320175609116e+04 
1.94413251265994e-01 9.97059098106810e+04 
1.94575992973448e-01 9.96720368024347e+04 
1.94738735284550e-01 9.96446393061612e+04 
1.94901474174703e-01 9.96275667877202e+04 
1.95064214068297e-01 9.95964480717388e+04 
1.95226957226130e-01 9.95559654951547e+04 
1.95389697684844e-01 9.95409770513082e+04 
1.95552432133913e-01 9.95261979654094e+04 
1.95715166893588e-01 9.95307902120669e+04 
1.95877898217140e-01 9.95568683737263e+04 
1.96040629597024e-01 9.95817407222209e+04 
1.96203362326494e-01 9.95990002086908e+04 
1.96366091500078e-01 9.96289487434367e+04 
1.96528812454429e-01 9.96504229794501e+04 
1.96691531520151e-01 9.96796651017353e+04 
1.96854246065033e-01 9.97222974382720e+04 
1.97016959129924e-01 9.97359083958776e+04 
1.97179672056791e-01 9.97347054372126e+04 
1.97342380393671e-01 9.97352903625579e+04 
1.97505080317876e-01 9.97275388538351e+04 
1.97667778271745e-01 9.97244812729978e+04 
1.97830471993587e-01 9.97402535771249e+04 
1.97993163556031e-01 9.97342131163608e+04 
1.98155854167250e-01 9.97140153661551e+04 
1.98318539730726e-01 9.97033440690884e+04 
1.98481216869685e-01 9.96871407384206e+04 
1.98643892134466e-01 9.96826284547680e+04 
1.98806563765919e-01 9.96956020653495e+04 
1.98969233266045e-01 9.96966845053957e+04 
1.99131901615615e-01 9.96858327656784e+04 
1.99294565235059e-01 9.96823374043510e+04 
1.99457220717196e-01 9.96743696444587e+04 
1.99619874564007e-01 9.96782061376584e+04 
1.99782525542204e-01 9.96969838071062e+04 
1.99945174637675e-01 9.97013315538297e+04 
2.00107821984308e-01 9.96945665718437e+04 
