# Liste des scalaires : TEMPS pmat 
0.00000000000000e+00 1.00000000000000e+05 
7.22956891292051e-05 1.00000000000000e+05 
1.36150145718722e-04 1.00000000000000e+05 
1.97098718792587e-04 1.00000000000000e+05 
2.59413564658467e-04 1.00000000000000e+05 
3.21526326152667e-04 1.00000000000000e+05 
3.75451732862309e-04 1.00000000000000e+05 
4.24765936047785e-04 1.00000000000000e+05 
4.71824418422882e-04 1.00000000000000e+05 
5.16487853212784e-04 1.00000000000000e+05 
5.59462956380592e-04 1.00000000000000e+05 
6.00830937669424e-04 1.00000000000000e+05 
6.40756740993230e-04 1.00000000000000e+05 
6.79515341086413e-04 1.00000000000000e+05 
7.17430075238620e-04 1.00000000000000e+05 
7.59136282806049e-04 1.00000000000000e+05 
8.05013111130220e-04 1.00000000000000e+05 
8.55477622286809e-04 1.00000000000000e+05 
9.10988584559056e-04 1.00000000000000e+05 
9.72050643058528e-04 1.00000000000000e+05 
1.03921890740795e-03 1.00000000000000e+05 
1.11310399819231e-03 1.00000000000000e+05 
1.19437759805511e-03 1.00000000000000e+05 
1.28377855790418e-03 1.00000000000000e+05 
1.38211961373817e-03 1.00000000000000e+05 
1.48740792052394e-03 1.00000000000000e+05 
1.59497739142764e-03 1.00000000000000e+05 
1.70292852750082e-03 1.00000000000000e+05 
1.81344079191831e-03 1.00000000000000e+05 
1.93373449988150e-03 1.00000000000000e+05 
2.05943561504316e-03 1.00000000000000e+05 
2.18843647856529e-03 1.00000000000000e+05 
2.31696786900115e-03 1.00000000000000e+05 
2.45001074115467e-03 1.00000000000000e+05 
2.58534037155584e-03 1.00000000000000e+05 
2.72300702129112e-03 1.00000000000000e+05 
2.86239458173712e-03 1.00000000000000e+05 
3.00387194851761e-03 1.00000000000000e+05 
3.15061601498284e-03 1.00000000000000e+05 
3.29252961173340e-03 1.00000000000000e+05 
3.44130790757592e-03 1.00000000000000e+05 
3.59271397960772e-03 1.00000000000000e+05 
3.74676351611811e-03 1.00000000000000e+05 
3.90338800256910e-03 1.00000000000000e+05 
4.06228186373091e-03 1.00000000000000e+05 
4.22323330612792e-03 1.00000000000000e+05 
4.38603702090833e-03 1.00000000000000e+05 
4.54384379835909e-03 1.00000000000000e+05 
4.70276375846381e-03 1.00000000000000e+05 
4.86247754041796e-03 1.00000000000000e+05 
5.02270380969669e-03 1.00000000000000e+05 
5.18331694030706e-03 1.00000000000000e+05 
5.34424204794816e-03 1.00000000000000e+05 
5.50556668742569e-03 1.00000000000000e+05 
5.66711117881875e-03 1.00000000000000e+05 
5.82899398456841e-03 1.00000000000000e+05 
5.99094937987932e-03 1.00000000000000e+05 
6.15319485113144e-03 1.00000000000000e+05 
6.31591627766889e-03 1.00000000000000e+05 
6.47929607166797e-03 1.00000000000000e+05 
6.64343183421947e-03 1.00000000000000e+05 
6.80829964825813e-03 1.00000000000000e+05 
6.97535786141721e-03 1.00000000000000e+05 
7.14282955644027e-03 1.00000000000000e+05 
7.31061834584295e-03 1.00000000000000e+05 
7.47858394082069e-03 1.00000000000000e+05 
7.64660925283442e-03 1.00000000000000e+05 
7.81495027328783e-03 1.00000000000000e+05 
7.98170773511831e-03 1.00000000000000e+05 
8.14884822089819e-03 1.00000000000000e+05 
8.31616789657424e-03 1.00000000000000e+05 
8.48351952505400e-03 1.00000000000000e+05 
8.65096401479464e-03 1.00000000000000e+05 
8.81836242699627e-03 1.00000000000000e+05 
8.98563063845708e-03 1.00000000000000e+05 
9.15288779095040e-03 1.00000000000000e+05 
9.32018924513029e-03 1.00000000000000e+05 
9.48774968454303e-03 1.00000000000000e+05 
9.65557419063835e-03 1.00000000000000e+05 
9.82368796316611e-03 1.00000000000000e+05 
9.99191343529593e-03 1.00000000000000e+05 
1.01603667784722e-02 1.00000000000000e+05 
1.03290545845220e-02 1.00000000000000e+05 
1.04981386028254e-02 1.00000000000000e+05 
1.06675618249024e-02 1.00000000000000e+05 
1.08373338880871e-02 1.00000000000000e+05 
1.10073072365725e-02 1.00000000000000e+05 
1.11775498241878e-02 1.00000000000000e+05 
1.13481831271142e-02 1.00000000000000e+05 
1.15194112983703e-02 1.00000000000000e+05 
1.16912902733021e-02 1.00000000000000e+05 
1.18639144370974e-02 1.00000000000000e+05 
1.20373429345495e-02 1.00000000000000e+05 
1.22116571426426e-02 1.00000000000000e+05 
1.23860269039161e-02 1.00000000000000e+05 
1.25605517012566e-02 1.00000000000000e+05 
1.27350281986306e-02 1.00000000000000e+05 
1.29095421415236e-02 1.00000000000000e+05 
1.30829900691753e-02 1.00000000000000e+05 
1.32573430424729e-02 1.00000000000000e+05 
1.34308606763217e-02 1.00000000000000e+05 
1.36050617604009e-02 1.00000000000000e+05 
1.37792894677477e-02 1.00000000000000e+05 
1.39536635388131e-02 1.00000000000000e+05 
1.41280605532800e-02 1.00000000000000e+05 
1.43024535270138e-02 1.00000000000000e+05 
1.44768608573072e-02 1.00000000000000e+05 
1.46513411858026e-02 1.00000000000000e+05 
1.48258411283077e-02 1.00000000000000e+05 
1.50004490524746e-02 1.00000000000000e+05 
1.51751229803859e-02 1.00000000000000e+05 
1.53499010395381e-02 1.00000000000000e+05 
1.55247180744577e-02 1.00000000000000e+05 
1.56990079804808e-02 1.00000000000000e+05 
1.58732242457012e-02 1.00000000000000e+05 
1.60471877177745e-02 1.00000000000000e+05 
1.62208155823515e-02 1.00000000000000e+05 
1.63942027285535e-02 1.00000000000000e+05 
1.65672672985908e-02 1.00000000000000e+05 
1.67402190406332e-02 1.00000000000000e+05 
1.69131926867878e-02 1.00000000000000e+05 
1.70862258878347e-02 1.00000000000000e+05 
1.72592344230084e-02 1.00000000000000e+05 
1.74323636586662e-02 1.00000000000000e+05 
1.76056120565389e-02 1.00000000000000e+05 
1.77790870237639e-02 1.00000000000000e+05 
1.79527895213997e-02 1.00000000000000e+05 
1.81267193031910e-02 1.00000000000000e+05 
1.83007448075003e-02 1.00000000000000e+05 
1.84749611674534e-02 1.00000000000000e+05 
1.86493587044073e-02 1.00000000000000e+05 
1.88196482269518e-02 1.00000000000000e+05 
1.89924858875313e-02 1.00000000000000e+05 
1.91658075606711e-02 1.00000000000000e+05 
1.93354571870649e-02 1.00000000000000e+05 
1.95079152918926e-02 1.00000000000000e+05 
1.96787946755195e-02 1.00000000000000e+05 
1.98527773595322e-02 1.00000000000000e+05 
2.00302426028025e-02 1.00000000000000e+05 
2.02089508970334e-02 1.00000000000000e+05 
2.03827081737264e-02 1.00000000000000e+05 
2.05662962605487e-02 1.00000000000000e+05 
2.07317877281176e-02 1.00000000000000e+05 
2.09132535469340e-02 1.00000000000000e+05 
2.10971243987571e-02 1.00000000000000e+05 
2.12832324765777e-02 1.00000000000000e+05 
2.14570251823442e-02 1.00000000000000e+05 
2.16375738770534e-02 1.00000000000000e+05 
2.18172862379955e-02 1.00000000000000e+05 
2.19998065002863e-02 1.00000000000000e+05 
2.21852297049435e-02 1.00000000000000e+05 
2.23712077039014e-02 1.00000000000000e+05 
2.25526215890663e-02 1.00000000000000e+05 
2.27350592938426e-02 1.00000000000000e+05 
2.29176612402576e-02 1.00000000000000e+05 
2.31004290690730e-02 1.00000000000000e+05 
2.32818303167054e-02 1.00000000000000e+05 
2.34632332435705e-02 1.00000000000000e+05 
2.36444602004928e-02 1.00000000000000e+05 
2.38255677206312e-02 1.00000000000000e+05 
2.40063564333764e-02 1.00000000000000e+05 
2.41869072259025e-02 1.00000000000000e+05 
2.43674259410137e-02 1.00000000000000e+05 
2.45478194513498e-02 1.00000000000000e+05 
2.47280345755197e-02 1.00000000000000e+05 
2.49082542873048e-02 1.00000000000000e+05 
2.50885132392321e-02 1.00000000000000e+05 
2.52690342282658e-02 1.00000000000000e+05 
2.54498674112022e-02 1.00000000000000e+05 
2.56310334523417e-02 1.00000000000000e+05 
2.58124031653507e-02 1.00000000000000e+05 
2.59940789640439e-02 1.00000000000000e+05 
2.61760845418068e-02 1.00000000000000e+05 
2.63585344384321e-02 1.00000000000000e+05 
2.65414765758496e-02 1.00000000000000e+05 
2.67249359640698e-02 1.00000000000000e+05 
2.69090134618491e-02 1.00000000000000e+05 
2.70938076792728e-02 1.00000000000000e+05 
2.72791339192059e-02 1.00000000000000e+05 
2.74650266879146e-02 1.00000000000000e+05 
2.76514259015712e-02 1.00000000000000e+05 
2.78384272984908e-02 1.00000000000000e+05 
2.80260984394088e-02 1.00000000000000e+05 
2.82083753229536e-02 1.00000000000000e+05 
2.83978267151507e-02 1.00000000000000e+05 
2.85882745152814e-02 1.00000000000000e+05 
2.87794781109101e-02 1.00000000000000e+05 
2.89715455807157e-02 1.00000000000000e+05 
2.91647550195129e-02 1.00000000000000e+05 
2.93592282677815e-02 1.00000000000000e+05 
2.95552172329941e-02 1.00000000000000e+05 
2.97528366783737e-02 1.00000000000000e+05 
2.99516313814782e-02 1.00000000000000e+05 
3.01402661285676e-02 1.00000000000000e+05 
3.03259535740570e-02 1.00000000000000e+05 
3.05153938785013e-02 1.00000000000000e+05 
3.07035297345065e-02 1.00000000000000e+05 
3.08930375508451e-02 1.00000000000000e+05 
3.10825130457853e-02 1.00000000000000e+05 
3.12717975541246e-02 1.00000000000000e+05 
3.14607714126410e-02 1.00000000000000e+05 
3.16495245888915e-02 1.00000000000000e+05 
3.18379623419737e-02 1.00000000000000e+05 
3.20263952930316e-02 1.00000000000000e+05 
3.22150091571893e-02 1.00000000000000e+05 
3.24038744841707e-02 1.00000000000000e+05 
3.25929109116778e-02 1.00000000000000e+05 
3.27822878110781e-02 1.00000000000000e+05 
3.29720539060637e-02 1.00000000000000e+05 
3.31623193930860e-02 1.00000000000000e+05 
3.33530677995126e-02 1.00000000000000e+05 
3.35443377501335e-02 1.00000000000000e+05 
3.37361114646313e-02 1.00000000000000e+05 
3.39284344465050e-02 1.00000000000000e+05 
3.41214665844717e-02 1.00000000000000e+05 
3.43154266911185e-02 1.00000000000000e+05 
3.45095572616324e-02 1.00000000000000e+05 
3.47039587475309e-02 1.00000000000000e+05 
3.48985915131280e-02 1.00000000000000e+05 
3.50934999868362e-02 1.00000000000000e+05 
3.52845870367760e-02 1.00000000000000e+05 
3.54802087443097e-02 1.00000000000000e+05 
3.56762351873936e-02 1.00000000000000e+05 
3.58726578490823e-02 1.00000000000000e+05 
3.60694331069356e-02 1.00000000000000e+05 
3.62666040760689e-02 1.00000000000000e+05 
3.64641672594095e-02 1.00000000000000e+05 
3.66621803021079e-02 1.00000000000000e+05 
3.68606122615098e-02 1.00000000000000e+05 
3.70594534211744e-02 1.00000000000000e+05 
3.72559002414049e-02 1.00000000000000e+05 
3.74527432492329e-02 1.00000000000000e+05 
3.76499126583873e-02 1.00000000000000e+05 
3.78473766680159e-02 1.00000000000000e+05 
3.80450206468439e-02 1.00000000000000e+05 
3.82427413354300e-02 1.00000000000000e+05 
3.84403129654870e-02 1.00000000000000e+05 
3.86378028963655e-02 1.00000000000000e+05 
3.88349371446431e-02 1.00000000000000e+05 
3.90318741453332e-02 1.00000000000000e+05 
3.92288710639498e-02 1.00000000000000e+05 
3.94259186368458e-02 1.00000000000000e+05 
3.96230298288499e-02 1.00000000000000e+05 
3.98204431387088e-02 1.00000000000000e+05 
4.00182120574606e-02 1.00000000000000e+05 
4.02166814272494e-02 1.00000000000000e+05 
4.04157484296787e-02 1.00000000000000e+05 
4.06154663883495e-02 1.00000000000000e+05 
4.08157758660412e-02 1.00000000000000e+05 
4.10167635872504e-02 1.00000000000000e+05 
4.12185596453622e-02 1.00000000000000e+05 
4.14212603924349e-02 1.00000000000001e+05 
4.16252991711885e-02 1.00000000000001e+05 
4.18311232960765e-02 1.00000000000002e+05 
4.20394618515964e-02 1.00000000000003e+05 
4.22498355244259e-02 1.00000000000004e+05 
4.24606803720465e-02 1.00000000000006e+05 
4.26721744264628e-02 1.00000000000007e+05 
4.28845327786119e-02 1.00000000000011e+05 
4.30973269225578e-02 1.00000000000019e+05 
4.33116850821624e-02 1.00000000000027e+05 
4.35281747530497e-02 1.00000000000041e+05 
4.37390222245810e-02 1.00000000000056e+05 
4.39482438174890e-02 1.00000000000072e+05 
4.41574449573175e-02 1.00000000000106e+05 
4.43658444060567e-02 1.00000000000166e+05 
4.45742797140834e-02 1.00000000000191e+05 
4.47827386250086e-02 1.00000000000238e+05 
4.49884321917673e-02 1.00000000000255e+05 
4.51945866023809e-02 1.00000000000280e+05 
4.54010663040994e-02 1.00000000000488e+05 
4.56078423434430e-02 1.00000000000944e+05 
4.58146993610006e-02 1.00000000001911e+05 
4.60216989865517e-02 1.00000000003453e+05 
4.62285602154198e-02 1.00000000005415e+05 
4.64352763007370e-02 1.00000000008731e+05 
4.66419626048466e-02 1.00000000013341e+05 
4.68483317047232e-02 1.00000000019534e+05 
4.70544312752863e-02 1.00000000036154e+05 
4.72604382654907e-02 1.00000000065911e+05 
4.74664884535895e-02 1.00000000112607e+05 
4.76729177765646e-02 1.00000000176264e+05 
4.78798241170950e-02 1.00000000355916e+05 
4.80872611547439e-02 1.00000000653652e+05 
4.82951036528544e-02 1.00000000939609e+05 
4.85034508730551e-02 1.00000001232201e+05 
4.87123184814750e-02 1.00000001543964e+05 
4.89216241510361e-02 1.00000001764897e+05 
4.91311146452039e-02 1.00000002049946e+05 
4.93408142351868e-02 1.00000002282465e+05 
4.95507450367680e-02 1.00000002621313e+05 
4.97609047795743e-02 1.00000003067949e+05 
4.99712740908605e-02 1.00000003629293e+05 
5.01818508441453e-02 1.00000004337541e+05 
5.03925480656713e-02 1.00000005231116e+05 
5.06033396423367e-02 1.00000006330243e+05 
5.08142000259108e-02 1.00000007648544e+05 
5.10250976937365e-02 1.00000009272558e+05 
5.12360839110346e-02 1.00000011229312e+05 
5.14472395880992e-02 1.00000013578624e+05 
5.16585511214200e-02 1.00000016412055e+05 
5.18700090936621e-02 1.00000019671081e+05 
5.20816877113145e-02 1.00000023516239e+05 
5.22936426180842e-02 1.00000028176991e+05 
5.25058835191414e-02 1.00000033481343e+05 
5.27184759728429e-02 1.00000039727869e+05 
5.29314451918061e-02 1.00000047181035e+05 
5.31447533388164e-02 1.00000055872799e+05 
5.33585972795557e-02 1.00000065868093e+05 
5.35730312165574e-02 1.00000077511448e+05 
5.37881467194764e-02 1.00000090934026e+05 
5.40041180064349e-02 1.00000106633361e+05 
5.42186376682618e-02 1.00000124721581e+05 
5.44333700331845e-02 1.00000145616339e+05 
5.46458453226144e-02 1.00000169607337e+05 
5.48607804598700e-02 1.00000198006581e+05 
5.50755297964734e-02 1.00000231000882e+05 
5.52899663882952e-02 1.00000269026900e+05 
5.55042969207874e-02 1.00000313841056e+05 
5.57183615979856e-02 1.00000365269041e+05 
5.59322384394170e-02 1.00000425104340e+05 
5.61461107260163e-02 1.00000495585965e+05 
5.63600383208495e-02 1.00000577140291e+05 
5.65742244562984e-02 1.00000671412825e+05 
5.67887638122070e-02 1.00000782121504e+05 
5.70036885663770e-02 1.00000909931549e+05 
5.72189297259994e-02 1.00001057914128e+05 
5.74345939339055e-02 1.00001230216251e+05 
5.76506426753827e-02 1.00001428226104e+05 
5.78671626134237e-02 1.00001655301550e+05 
5.80841748563517e-02 1.00001918569891e+05 
5.83009424280660e-02 1.00002221857438e+05 
5.85175921189370e-02 1.00002562396935e+05 
5.87342547693120e-02 1.00002951276893e+05 
5.89510038866094e-02 1.00003389883703e+05 
5.91679581793160e-02 1.00003884346969e+05 
5.93851151337630e-02 1.00004441593335e+05 
5.96024681082312e-02 1.00005079215004e+05 
5.98199600429713e-02 1.00005779912418e+05 
6.00376819590836e-02 1.00006561548585e+05 
6.02555495386518e-02 1.00007435853379e+05 
6.04736367002550e-02 1.00008414284637e+05 
6.06918185788790e-02 1.00009482283874e+05 
6.09100422948461e-02 1.00010685486009e+05 
6.11281756988427e-02 1.00012003516566e+05 
6.13463136202640e-02 1.00013443173224e+05 
6.15644501129289e-02 1.00015033572619e+05 
6.17826995378009e-02 1.00016800746090e+05 
6.20010881421563e-02 1.00018711308991e+05 
6.22196055140407e-02 1.00020888740812e+05 
6.24381974109360e-02 1.00023283306232e+05 
6.26570064395507e-02 1.00025913230665e+05 
6.28760399980675e-02 1.00028831222032e+05 
6.30954069137735e-02 1.00032120821100e+05 
6.33151600136567e-02 1.00035755820085e+05 
6.35351497073003e-02 1.00039907210228e+05 
6.37553502922149e-02 1.00044561127418e+05 
6.39757865522309e-02 1.00049757889072e+05 
6.41963511905524e-02 1.00055627619360e+05 
6.44170844141622e-02 1.00062376053455e+05 
6.46379969231826e-02 1.00069954040243e+05 
6.48589994314566e-02 1.00078739392997e+05 
6.50801126834630e-02 1.00088701461627e+05 
6.53014230689791e-02 1.00099911771157e+05 
6.55228405925358e-02 1.00112648169393e+05 
6.57444066351557e-02 1.00127249154968e+05 
6.59662380879337e-02 1.00143681750732e+05 
6.61880591264539e-02 1.00162611288747e+05 
6.64102020959718e-02 1.00183901173126e+05 
6.66327894917478e-02 1.00208043341947e+05 
6.68555824526609e-02 1.00235148844965e+05 
6.70786311163384e-02 1.00265284924773e+05 
6.73019814107046e-02 1.00298568571003e+05 
6.75256526215238e-02 1.00335614340815e+05 
6.77495993687712e-02 1.00376261987289e+05 
6.79738546763945e-02 1.00420623245149e+05 
6.81977658554172e-02 1.00468721706002e+05 
6.84226072271015e-02 1.00521069058932e+05 
6.86478166195808e-02 1.00577184433202e+05 
6.88733562615209e-02 1.00637616903027e+05 
6.90992482391835e-02 1.00701764819539e+05 
6.93255519395390e-02 1.00769307270249e+05 
6.95523025777941e-02 1.00840206967263e+05 
6.97797088623349e-02 1.00914359791167e+05 
7.00079652266555e-02 1.00990907485038e+05 
7.02372473443841e-02 1.01070255835539e+05 
7.04679218697664e-02 1.01151242362560e+05 
7.07004345224604e-02 1.01233032026120e+05 
7.09337529689749e-02 1.01315157352559e+05 
7.11677214624214e-02 1.01397372864700e+05 
7.14021255025295e-02 1.01477668789190e+05 
7.16364359125261e-02 1.01556297989737e+05 
7.18706798160122e-02 1.01631548308354e+05 
7.21049006110687e-02 1.01702443281233e+05 
7.23299557120788e-02 1.01765921486039e+05 
7.25552125651226e-02 1.01825172499731e+05 
7.27805305098708e-02 1.01877425894057e+05 
7.30059058426111e-02 1.01922141856100e+05 
7.32312319210710e-02 1.01965367364928e+05 
7.34565796046380e-02 1.01993342064374e+05 
7.36819409110940e-02 1.02008946826469e+05 
7.39073889567712e-02 1.02015471982909e+05 
7.41328232075272e-02 1.02013149786476e+05 
7.43582226092378e-02 1.01999714912902e+05 
7.45834931360670e-02 1.01987341118534e+05 
7.48087299913887e-02 1.01974653774434e+05 
7.50339634199241e-02 1.01960089522087e+05 
7.52593100288232e-02 1.01942635642931e+05 
7.54847612674180e-02 1.01919760291451e+05 
7.57103240748280e-02 1.01894621274118e+05 
7.59359562789301e-02 1.01862691213601e+05 
7.61617795289862e-02 1.01823894350936e+05 
7.63877806052715e-02 1.01777857398250e+05 
7.66139358687915e-02 1.01725938806541e+05 
7.68402749600371e-02 1.01667301500233e+05 
7.70667967032302e-02 1.01605098389519e+05 
7.72935040737572e-02 1.01537236735580e+05 
7.75204263668632e-02 1.01464305143199e+05 
7.77475460144000e-02 1.01386756234524e+05 
7.79748304390020e-02 1.01307174381051e+05 
7.82021775686569e-02 1.01224274699503e+05 
7.84295285086099e-02 1.01139890046320e+05 
7.86569476991998e-02 1.01052861021519e+05 
7.88845579189235e-02 1.00964146446703e+05 
7.91124777280384e-02 1.00873663306541e+05 
7.93408719415975e-02 1.00782924628592e+05 
7.95698807841261e-02 1.00690912343993e+05 
7.97995444264701e-02 1.00600666007612e+05 
8.00300786712769e-02 1.00509634324418e+05 
8.02615982902459e-02 1.00418696418059e+05 
8.04942036101156e-02 1.00328170308582e+05 
8.07279406487320e-02 1.00238535908369e+05 
8.09629689493774e-02 1.00148651765617e+05 
8.11983069483328e-02 1.00062159234307e+05 
8.14336432776013e-02 9.99770782025482e+04 
8.16689528643515e-02 9.98940062916518e+04 
8.19042697878032e-02 9.98129310624675e+04 
8.21395545300098e-02 9.97343091626118e+04 
8.23747897418613e-02 9.96571034029721e+04 
8.26100123676002e-02 9.95840539413318e+04 
8.28452354860224e-02 9.95133749011265e+04 
8.30804315023620e-02 9.94452302724481e+04 
8.33156341982250e-02 9.93795415054561e+04 
8.35508081281584e-02 9.93167431053935e+04 
8.37859390853667e-02 9.92557220922979e+04 
8.40210625155665e-02 9.91988248699257e+04 
8.42561407453903e-02 9.91452608189966e+04 
8.44912542932078e-02 9.90930842278862e+04 
8.47263802425876e-02 9.90439186114840e+04 
8.49614798428207e-02 9.89969957484073e+04 
8.51965378001753e-02 9.89519940361999e+04 
8.54315865287383e-02 9.89110185893187e+04 
8.56666427115288e-02 9.88724439139545e+04 
8.58996985605319e-02 9.88369686494603e+04 
8.61329393560301e-02 9.88033490839690e+04 
8.63663957715589e-02 9.87728443503862e+04 
8.66001481108815e-02 9.87452385252959e+04 
8.68340633434770e-02 9.87225098307537e+04 
8.70682787774675e-02 9.87006110911925e+04 
8.73027456421629e-02 9.86850629102804e+04 
8.75373115035860e-02 9.86734382132487e+04 
8.77718121091728e-02 9.86655405783944e+04 
8.80060935624771e-02 9.86605512579676e+04 
8.82401518200523e-02 9.86621163607011e+04 
8.84740614596159e-02 9.86638039603646e+04 
8.87076406535844e-02 9.86652755424399e+04 
8.89399537508054e-02 9.86666936179498e+04 
8.91735756006967e-02 9.86692471719648e+04 
8.94075328762277e-02 9.86731006687937e+04 
8.96418025518636e-02 9.86791410575499e+04 
8.98742813083736e-02 9.86870467223971e+04 
9.01067350327351e-02 9.86985536481544e+04 
9.03391717357231e-02 9.87127486525197e+04 
9.05716984989543e-02 9.87297546020658e+04 
9.08042639664050e-02 9.87490869530632e+04 
9.10368396881814e-02 9.87707467348801e+04 
9.12694109289640e-02 9.87945235368716e+04 
9.15020018512443e-02 9.88194098371147e+04 
9.17345887935273e-02 9.88461611411451e+04 
9.19672422732140e-02 9.88747271245859e+04 
9.21998376270351e-02 9.89049319371805e+04 
9.24323110259554e-02 9.89356280412033e+04 
9.26646282593730e-02 9.89679811231871e+04 
9.28968519550589e-02 9.90014366582587e+04 
9.31289881868535e-02 9.90363192918416e+04 
9.33611306707909e-02 9.90726114115594e+04 
9.35932774075693e-02 9.91103629872796e+04 
9.38253865636953e-02 9.91482748404114e+04 
9.40574929857478e-02 9.91874995844116e+04 
9.42896593712470e-02 9.92270687104380e+04 
9.45218224653636e-02 9.92671718995578e+04 
9.47539935095914e-02 9.93078226680698e+04 
9.49861962706530e-02 9.93487611686574e+04 
9.52184325356482e-02 9.93886994697148e+04 
9.54507615344743e-02 9.94288362702463e+04 
9.56833617749404e-02 9.94680710939961e+04 
9.59161560647327e-02 9.95065262206760e+04 
9.61491485049706e-02 9.95440622572585e+04 
9.63824858193978e-02 9.95802442080544e+04 
9.66160978573714e-02 9.96142549613310e+04 
9.68501007814117e-02 9.96473043081154e+04 
9.70843179144356e-02 9.96784256302506e+04 
9.73187500423828e-02 9.97081201158648e+04 
9.75534887941376e-02 9.97365758838231e+04 
9.77883627059000e-02 9.97634664838397e+04 
9.80232204679794e-02 9.97880718635291e+04 
9.82580974724706e-02 9.98115696875626e+04 
9.84929564453177e-02 9.98331962484359e+04 
9.87278185493955e-02 9.98536959171505e+04 
9.89626592771510e-02 9.98732388894110e+04 
9.91974687547081e-02 9.98914881606060e+04 
9.94322643440886e-02 9.99078795670059e+04 
9.96670792430092e-02 9.99235738358695e+04 
9.99018776433717e-02 9.99376524374321e+04 
1.00136676215415e-01 9.99512176569328e+04 
1.00371451964951e-01 9.99640158277333e+04 
1.00606198121165e-01 9.99760864752576e+04 
1.00840928086525e-01 9.99868157105394e+04 
1.01075674685881e-01 9.99966233586397e+04 
1.01310404364213e-01 1.00005880641214e+05 
1.01545130414735e-01 1.00014834645556e+05 
1.01779832036184e-01 1.00023423540466e+05 
1.02014505115668e-01 1.00031316468155e+05 
1.02249161567483e-01 1.00038318245727e+05 
1.02483832715123e-01 1.00044760788072e+05 
1.02718488580841e-01 1.00050455021663e+05 
1.02953140563806e-01 1.00055328460285e+05 
1.03187770664351e-01 1.00059384804279e+05 
1.03422376519106e-01 1.00062547410974e+05 
1.03656968688890e-01 1.00065024830551e+05 
1.03890898147980e-01 1.00066649077429e+05 
1.04125326424691e-01 1.00067560175260e+05 
1.04359919855337e-01 1.00068022732312e+05 
1.04594493477679e-01 1.00068323904914e+05 
1.04829045564781e-01 1.00068171794679e+05 
1.05063586427337e-01 1.00067390599018e+05 
1.05298142404437e-01 1.00066275543591e+05 
1.05532688824413e-01 1.00065120873095e+05 
1.05767234046131e-01 1.00063814573741e+05 
1.06001759683310e-01 1.00062343562560e+05 
1.06236263776612e-01 1.00060711485428e+05 
1.06470756075583e-01 1.00059203733386e+05 
1.06705259688606e-01 1.00057519117178e+05 
1.06939751704877e-01 1.00056007449805e+05 
1.07174239488634e-01 1.00054766164082e+05 
1.07408705631001e-01 1.00053796424408e+05 
1.07643149755329e-01 1.00053541218071e+05 
1.07877583136626e-01 1.00054183972106e+05 
1.08112027715887e-01 1.00055301861373e+05 
1.08346465931949e-01 1.00057099583402e+05 
1.08580906165138e-01 1.00059573208019e+05 
1.08815330694896e-01 1.00062421764739e+05 
1.09049739908584e-01 1.00065722803119e+05 
1.09284144565550e-01 1.00069556339004e+05 
1.09518564000698e-01 1.00073203515898e+05 
1.09752980461452e-01 1.00077016421054e+05 
1.09987400827551e-01 1.00080152008109e+05 
1.10221806106487e-01 1.00083256847520e+05 
1.10456196445024e-01 1.00085871981903e+05 
1.10690582829382e-01 1.00089073124101e+05 
1.10912020998555e-01 1.00091367630365e+05 
1.11132597672578e-01 1.00093358444914e+05 
1.11366994095317e-01 1.00094983789318e+05 
1.11601373322271e-01 1.00095973474765e+05 
1.11831265192706e-01 1.00096808160588e+05 
1.12050187812105e-01 1.00097903158101e+05 
1.12267951667021e-01 1.00098233485125e+05 
1.12486047071752e-01 1.00099022903783e+05 
1.12704182779957e-01 1.00099470303900e+05 
1.12924848944157e-01 1.00099771792036e+05 
1.13147086853876e-01 1.00100338970974e+05 
1.13372649347966e-01 1.00101669320846e+05 
1.13600791351291e-01 1.00102675494451e+05 
1.13832671239574e-01 1.00104507300677e+05 
1.14066931897214e-01 1.00106360632672e+05 
1.14301169063381e-01 1.00108057595084e+05 
1.14535387633122e-01 1.00110026535331e+05 
1.14769593651291e-01 1.00112787685826e+05 
1.15003804744652e-01 1.00115038370291e+05 
1.15238009123220e-01 1.00117590616063e+05 
1.15472208647045e-01 1.00119850364722e+05 
1.15706385593199e-01 1.00121727693294e+05 
1.15940543569992e-01 1.00123544318077e+05 
1.16174686559013e-01 1.00125629271937e+05 
1.16408831985247e-01 1.00126933623650e+05 
1.16642968006221e-01 1.00128325731275e+05 
1.16877097583579e-01 1.00129091930789e+05 
1.17111206224190e-01 1.00129116728691e+05 
1.17345220103052e-01 1.00128998196194e+05 
1.17579306349063e-01 1.00129069226537e+05 
1.17813403082671e-01 1.00128115190807e+05 
1.18047499046224e-01 1.00127398992169e+05 
1.18281595899400e-01 1.00125876977037e+05 
1.18515676264314e-01 1.00124041793573e+05 
1.18749745659167e-01 1.00122404002014e+05 
1.18983808774031e-01 1.00121071695613e+05 
1.19217882763488e-01 1.00119144398680e+05 
1.19451955449477e-01 1.00117292136728e+05 
1.19686026353928e-01 1.00115144160511e+05 
1.19920078150283e-01 1.00112664229523e+05 
1.20154117104470e-01 1.00110096855918e+05 
1.20388147258618e-01 1.00107712649403e+05 
1.20622185970957e-01 1.00105019848003e+05 
1.20856223590791e-01 1.00102489992128e+05 
1.21090260197151e-01 1.00099788796214e+05 
1.21324281222434e-01 1.00096989777589e+05 
1.21558294062665e-01 1.00094292807562e+05 
1.21792302141970e-01 1.00092039273308e+05 
1.22026324202072e-01 1.00089508085841e+05 
1.22260350423803e-01 1.00087358564246e+05 
1.22494380723211e-01 1.00084642008527e+05 
1.22728400469540e-01 1.00082294303041e+05 
1.22962416289447e-01 1.00080144912564e+05 
1.23196430302337e-01 1.00078488090225e+05 
1.23430460459275e-01 1.00076505890431e+05 
1.23664496430348e-01 1.00074711521497e+05 
1.23898537718239e-01 1.00072807255175e+05 
1.24132571182585e-01 1.00070780086142e+05 
1.24366604471544e-01 1.00068715937837e+05 
1.24600640554731e-01 1.00066515000474e+05 
1.24834697841814e-01 1.00063920291985e+05 
1.25068766161911e-01 1.00061112609793e+05 
1.25302844416320e-01 1.00058324796395e+05 
1.25536917192694e-01 1.00055324254980e+05 
1.25770991009531e-01 1.00052287172193e+05 
1.26009767889458e-01 1.00049369330041e+05 
1.26248566621630e-01 1.00046270219154e+05 
1.26487380042125e-01 1.00043000640465e+05 
1.26726197778416e-01 1.00039645096618e+05 
1.26965026590373e-01 1.00036519243435e+05 
1.27203868185067e-01 1.00033169651794e+05 
1.27442721102635e-01 1.00030161898394e+05 
1.27681586681324e-01 1.00027068932164e+05 
1.27920467724882e-01 1.00023868917635e+05 
1.28159358228523e-01 1.00020876250301e+05 
1.28398263861632e-01 1.00018340501287e+05 
1.28637188581935e-01 1.00015687969839e+05 
1.28876126218914e-01 1.00013457479386e+05 
1.29115080337173e-01 1.00011632731348e+05 
1.29354052718787e-01 1.00009936807841e+05 
1.29593037903883e-01 1.00008667901810e+05 
1.29832040813048e-01 1.00007761689086e+05 
1.30071046911437e-01 1.00006927171347e+05 
1.30310069281623e-01 1.00006258636166e+05 
1.30549120135868e-01 1.00005872636269e+05 
1.30788190794252e-01 1.00005740825188e+05 
1.31027283752936e-01 1.00005795580786e+05 
1.31266385988762e-01 1.00006275911481e+05 
1.31505497747308e-01 1.00007172602211e+05 
1.31744630344095e-01 1.00008555386164e+05 
1.31983796367999e-01 1.00010024455264e+05 
1.32222984545693e-01 1.00011898554362e+05 
1.32462197668466e-01 1.00013943365850e+05 
1.32701421081371e-01 1.00016287074164e+05 
1.32940653770245e-01 1.00018894578866e+05 
1.33179906679269e-01 1.00021909115784e+05 
1.33419193983768e-01 1.00024933514070e+05 
1.33658503980332e-01 1.00028297376230e+05 
1.33897839790718e-01 1.00031716880963e+05 
1.34137184756634e-01 1.00035384180427e+05 
1.34376538032266e-01 1.00039329732371e+05 
1.34615907702768e-01 1.00043617613591e+05 
1.34855308783745e-01 1.00047856715615e+05 
1.35094729605736e-01 1.00052321802318e+05 
1.35334171381848e-01 1.00056796739932e+05 
1.35573617860921e-01 1.00061463816651e+05 
1.35813067630906e-01 1.00066109268023e+05 
1.36052528510035e-01 1.00070906023000e+05 
1.36292013765387e-01 1.00075378298755e+05 
1.36531513886862e-01 1.00079684285369e+05 
1.36771030457867e-01 1.00083662304345e+05 
1.37010547325451e-01 1.00087534028078e+05 
1.37250061489473e-01 1.00090989041822e+05 
1.37489576113514e-01 1.00094371822228e+05 
1.37729098808251e-01 1.00097058804687e+05 
1.37968647166084e-01 1.00099375215930e+05 
1.38208200655673e-01 1.00100897271279e+05 
1.38447756840411e-01 1.00101798296268e+05 
1.38687308792996e-01 1.00102271187502e+05 
1.38926855965036e-01 1.00102615665320e+05 
1.39166402397354e-01 1.00102268373623e+05 
1.39405944948159e-01 1.00101422445486e+05 
1.39645483773902e-01 1.00100087659147e+05 
1.39885016552275e-01 1.00098019120890e+05 
1.40124537898235e-01 1.00095527158516e+05 
1.40363525827612e-01 1.00093236633941e+05 
1.40603028911227e-01 1.00090495860938e+05 
1.40842522192384e-01 1.00087704744222e+05 
1.41082006214615e-01 1.00084530695796e+05 
1.41321478617508e-01 1.00080688985026e+05 
1.41560215100173e-01 1.00076533736278e+05 
1.41799656317927e-01 1.00072189992773e+05 
1.42039088120792e-01 1.00067131772270e+05 
1.42278507070294e-01 1.00061865676250e+05 
1.42517916112819e-01 1.00056089665885e+05 
1.42757311408433e-01 1.00050025118727e+05 
1.42996687351741e-01 1.00043509248204e+05 
1.43236047599052e-01 1.00036778013091e+05 
1.43475398362339e-01 1.00029524803176e+05 
1.43714735062469e-01 1.00021608832599e+05 
1.43954053244093e-01 1.00013527611292e+05 
1.44193357706546e-01 1.00005533365185e+05 
1.44432646422741e-01 9.99974891286272e+04 
1.44671912724608e-01 9.99896477683473e+04 
1.44911172305148e-01 9.99817029698424e+04 
1.45150415594835e-01 9.99739814008898e+04 
1.45389641701163e-01 9.99663427844148e+04 
1.45628856221100e-01 9.99590132507122e+04 
1.45868057545060e-01 9.99521784059529e+04 
1.46107238849168e-01 9.99456920153596e+04 
1.46346414424161e-01 9.99393880399520e+04 
1.46585577792938e-01 9.99331514211132e+04 
1.46824727600300e-01 9.99273230850753e+04 
1.47063871833571e-01 9.99220668885748e+04 
1.47303010170675e-01 9.99169744558214e+04 
1.47542136030016e-01 9.99123546200390e+04 
1.47781260925007e-01 9.99078942931869e+04 
1.48020380475407e-01 9.99036023719933e+04 
1.48259491514065e-01 9.98996887174157e+04 
1.48498603934039e-01 9.98961890305889e+04 
1.48737717993961e-01 9.98929079781176e+04 
1.48976824843414e-01 9.98902542092500e+04 
1.49215932966194e-01 9.98876408682001e+04 
1.49455039019556e-01 9.98855933672370e+04 
1.49694137766869e-01 9.98836745733386e+04 
1.49933240278587e-01 9.98822129269986e+04 
1.50172346859985e-01 9.98809962753309e+04 
1.50411447259201e-01 9.98804432498104e+04 
1.50650547297834e-01 9.98795916403801e+04 
1.50889644299904e-01 9.98790859241053e+04 
1.51128732894740e-01 9.98788940105115e+04 
1.51367824495844e-01 9.98790591696379e+04 
1.51606919351934e-01 9.98792294974772e+04 
1.51846006633197e-01 9.98798704771403e+04 
1.52085091815371e-01 9.98803306720828e+04 
1.52324171318585e-01 9.98809595927444e+04 
1.52563239503498e-01 9.98815164059302e+04 
1.52802306749468e-01 9.98823237951563e+04 
1.53041374013973e-01 9.98829896164582e+04 
1.53280428627492e-01 9.98841456454258e+04 
1.53519477180333e-01 9.98851185856288e+04 
1.53758515903787e-01 9.98860873676629e+04 
1.53997537206343e-01 9.98869768166481e+04 
1.54236552519793e-01 9.98882395318681e+04 
1.54475564373628e-01 9.98893964637496e+04 
1.54714557847378e-01 9.98911588186934e+04 
1.54953539385928e-01 9.98927720414873e+04 
1.55192507203323e-01 9.98943200762902e+04 
1.55431451154768e-01 9.98958629358069e+04 
1.55670383348926e-01 9.98978640087429e+04 
1.55909307995390e-01 9.98999582466861e+04 
1.56148209865772e-01 9.99023468969753e+04 
1.56387095202333e-01 9.99047900249702e+04 
1.56625964070857e-01 9.99074223311039e+04 
1.56864805492250e-01 9.99101684861234e+04 
1.57103632510604e-01 9.99131594457605e+04 
1.57342452143300e-01 9.99164614931273e+04 
1.57581248960829e-01 9.99204400507100e+04 
1.57820030341104e-01 9.99245831298296e+04 
1.58058797933120e-01 9.99291359248349e+04 
1.58297539849851e-01 9.99338352653061e+04 
1.58536270150091e-01 9.99388889116980e+04 
1.58774998892070e-01 9.99441778054009e+04 
1.59013708330928e-01 9.99499283633070e+04 
1.59252407088734e-01 9.99559120721649e+04 
1.59491096559368e-01 9.99620683274720e+04 
1.59728877586015e-01 9.99682860301717e+04 
1.59967523518910e-01 9.99747676228215e+04 
1.60206178611253e-01 9.99812085834020e+04 
1.60444818328448e-01 9.99881499313247e+04 
1.60681358069957e-01 9.99950191766541e+04 
1.60919983528905e-01 1.00001816273004e+05 
1.61156302217333e-01 1.00008380231106e+05 
1.61394897756777e-01 1.00015136064367e+05 
1.61633497186287e-01 1.00021690474672e+05 
1.61872087436097e-01 1.00028548900152e+05 
1.62110675687641e-01 1.00035176783012e+05 
1.62349266630494e-01 1.00041596229968e+05 
1.62587845348359e-01 1.00047630015430e+05 
1.62826424430325e-01 1.00053643854712e+05 
1.63065014867789e-01 1.00059302444092e+05 
1.63303611734493e-01 1.00065174943191e+05 
1.63542214964276e-01 1.00070641121226e+05 
1.63780831027177e-01 1.00075753026810e+05 
1.64019446891029e-01 1.00080316263317e+05 
1.64258065145411e-01 1.00084642126501e+05 
1.64497735187417e-01 1.00088711317851e+05 
1.64737417732693e-01 1.00092833463655e+05 
1.64977099963370e-01 1.00096230473604e+05 
1.65216787988473e-01 1.00099196853169e+05 
1.65456485840748e-01 1.00101841167533e+05 
1.65696192679979e-01 1.00104614729768e+05 
1.65935902049483e-01 1.00107135764815e+05 
1.66175629170821e-01 1.00110004635192e+05 
1.66415363216560e-01 1.00112645365672e+05 
1.66655109722086e-01 1.00114929957273e+05 
1.66894873539423e-01 1.00116871769504e+05 
1.67134651554459e-01 1.00118763329103e+05 
1.67374433201428e-01 1.00120092748304e+05 
1.67614231555066e-01 1.00121459807643e+05 
1.67854033219068e-01 1.00122411916957e+05 
1.68093842963059e-01 1.00122970688380e+05 
1.68333664197145e-01 1.00123130088179e+05 
1.68573490133831e-01 1.00122786009110e+05 
1.68813314171972e-01 1.00122004021311e+05 
1.69053147444420e-01 1.00120920654383e+05 
1.69292978771952e-01 1.00119499719300e+05 
1.69532812936602e-01 1.00117801861331e+05 
1.69772652024623e-01 1.00115807119784e+05 
1.70012491698776e-01 1.00113793981273e+05 
1.70252324429050e-01 1.00111591893325e+05 
1.70492162477874e-01 1.00109277143762e+05 
1.70731996462738e-01 1.00106870817022e+05 
1.70971831916949e-01 1.00104341095511e+05 
1.71211669921282e-01 1.00101651846879e+05 
1.71451505709315e-01 1.00098991806695e+05 
1.71691333385792e-01 1.00096221454359e+05 
1.71931164073109e-01 1.00093480402038e+05 
1.72170988509086e-01 1.00090681458731e+05 
1.72410811239409e-01 1.00087969124555e+05 
1.72650632769617e-01 1.00085151492011e+05 
1.72890447725395e-01 1.00082093586947e+05 
1.73130250544697e-01 1.00079258509571e+05 
1.73370051387393e-01 1.00076121478239e+05 
1.73609843379880e-01 1.00073217421243e+05 
1.73849630002589e-01 1.00070134139080e+05 
1.74089410497881e-01 1.00067068309176e+05 
1.74329174853043e-01 1.00064253578672e+05 
1.74568926576666e-01 1.00061396376594e+05 
1.74808669874113e-01 1.00058580285171e+05 
1.75048396017120e-01 1.00055769109264e+05 
1.75288112700731e-01 1.00052848879315e+05 
1.75527806047370e-01 1.00049981036127e+05 
1.75767474908360e-01 1.00047415862779e+05 
1.76007129633212e-01 1.00044789741468e+05 
1.76246771140505e-01 1.00042243218127e+05 
1.76486394191561e-01 1.00039759344645e+05 
1.76726006474030e-01 1.00037195943336e+05 
1.76965595471631e-01 1.00034649399446e+05 
1.77205163018737e-01 1.00032349219314e+05 
1.77444719677787e-01 1.00029937268620e+05 
1.77684266463232e-01 1.00027542712435e+05 
1.77923798326762e-01 1.00025102817344e+05 
1.78163325201869e-01 1.00022512604112e+05 
1.78402836049914e-01 1.00019895093444e+05 
1.78642335216185e-01 1.00017501308842e+05 
1.78881832951358e-01 1.00014942444440e+05 
1.79121330766562e-01 1.00012444994725e+05 
1.79360821954951e-01 1.00009872238274e+05 
1.79600317962355e-01 1.00007138346383e+05 
1.79839807357488e-01 1.00004419780521e+05 
1.80079295842254e-01 1.00001919999341e+05 
1.80318792658801e-01 9.99992526549456e+04 
1.80558297081376e-01 9.99966783746711e+04 
1.80797800105607e-01 9.99940559944490e+04 
1.81037312874113e-01 9.99913340908215e+04 
1.81276822574403e-01 9.99886445854032e+04 
1.81516336172029e-01 9.99862421918256e+04 
1.81755862819167e-01 9.99837570474073e+04 
1.81995399466161e-01 9.99814070306299e+04 
1.82234935931094e-01 9.99790811494366e+04 
1.82474484909932e-01 9.99767082461811e+04 
1.82714033282194e-01 9.99744607853502e+04 
1.82953590074079e-01 9.99725731927994e+04 
1.83193165752364e-01 9.99706644201466e+04 
1.83432758234631e-01 9.99689221667897e+04 
1.83672357157398e-01 9.99672568469919e+04 
1.83911977380755e-01 9.99650389886712e+04 
1.84151607437451e-01 9.99637638253574e+04 
1.84391258113478e-01 9.99628363773521e+04 
1.84630924892333e-01 9.99615578812519e+04 
1.84870618530129e-01 9.99607890890160e+04 
1.85110337571829e-01 9.99598593901340e+04 
1.85350089337050e-01 9.99589932963053e+04 
1.85589873534524e-01 9.99583278506925e+04 
1.85829675527537e-01 9.99581714382081e+04 
1.86069498190530e-01 9.99579796772791e+04 
1.86309354361800e-01 9.99581063342853e+04 
1.86549241861459e-01 9.99582759598472e+04 
1.86789164186396e-01 9.99584075446875e+04 
1.87029120696288e-01 9.99586789949783e+04 
1.87269092900789e-01 9.99593570872571e+04 
1.87509080361955e-01 9.99600976195354e+04 
1.87749085440555e-01 9.99609660638021e+04 
1.87989123175705e-01 9.99619801990075e+04 
1.88229185979760e-01 9.99629217138349e+04 
1.88468109511838e-01 9.99639415354610e+04 
1.88707132386516e-01 9.99653859368071e+04 
1.88945707213498e-01 9.99665789260511e+04 
1.89185040172941e-01 9.99681242790851e+04 
1.89425031214717e-01 9.99696301932045e+04 
1.89665163494143e-01 9.99709000453066e+04 
1.89905303049262e-01 9.99722078239794e+04 
1.90145441360690e-01 9.99739326648736e+04 
1.90385575956155e-01 9.99753276214737e+04 
1.90625712032281e-01 9.99770992172580e+04 
1.90865851861231e-01 9.99788087434318e+04 
1.91105999349353e-01 9.99802619671827e+04 
1.91346143922459e-01 9.99817768512955e+04 
1.91586277547232e-01 9.99837511933337e+04 
1.91826404612770e-01 9.99854146673248e+04 
1.92066524026754e-01 9.99875298898819e+04 
1.92306648073072e-01 9.99895997678915e+04 
1.92546769223052e-01 9.99914672585588e+04 
1.92786885427472e-01 9.99933976752767e+04 
1.93026979195508e-01 9.99958315975342e+04 
1.93267064258410e-01 9.99979616463300e+04 
1.93507132928595e-01 1.00000555209768e+05 
1.93747192553779e-01 1.00003131740395e+05 
1.93987241252853e-01 1.00005503057197e+05 
1.94227262207580e-01 1.00007957177196e+05 
1.94467251606756e-01 1.00010903892547e+05 
1.94707224528883e-01 1.00013521805059e+05 
1.94947171859049e-01 1.00016580468502e+05 
1.95187102430689e-01 1.00019642774928e+05 
1.95427016384944e-01 1.00022504527041e+05 
1.95666897600038e-01 1.00025443336603e+05 
1.95906745899255e-01 1.00028876852688e+05 
1.96146579323299e-01 1.00032006299442e+05 
1.96386391295817e-01 1.00035525985934e+05 
1.96626190836362e-01 1.00039123232885e+05 
1.96865982607192e-01 1.00042485025288e+05 
1.97105757172844e-01 1.00045890612529e+05 
1.97345519961878e-01 1.00049725182597e+05 
1.97585286707109e-01 1.00053151413442e+05 
1.97825059020387e-01 1.00056825434502e+05 
1.98064838067031e-01 1.00060693566263e+05 
1.98304623786811e-01 1.00064241999575e+05 
1.98544410518563e-01 1.00067770524162e+05 
1.98784201354645e-01 1.00071619997367e+05 
1.99024010771766e-01 1.00074948355293e+05 
1.99263831999525e-01 1.00078387419580e+05 
1.99503680272256e-01 1.00081962029405e+05 
1.99743556994055e-01 1.00085115379912e+05 
1.99983453281489e-01 1.00088208821712e+05 
2.00223376491438e-01 1.00091502955412e+05 
