# Liste des scalaires : TEMPS pmat 
0.00000000000000e+00 1.00000000000000e+05 
7.22956891292051e-05 1.00000000000000e+05 
1.30363869113861e-04 1.00000000000000e+05 
1.85753322908719e-04 1.00000000000000e+05 
2.44234074875464e-04 1.00000000000000e+05 
3.04263480306570e-04 1.00000000000000e+05 
3.67465487854203e-04 1.00000000000000e+05 
4.34579222849357e-04 1.00000000000000e+05 
5.02936242460442e-04 1.00000000000000e+05 
5.71263932979950e-04 1.00000000000000e+05 
6.40455761228771e-04 1.00000000000000e+05 
7.11583291250126e-04 1.00000000000000e+05 
7.83752428023075e-04 1.00000000000000e+05 
8.57873065561269e-04 1.00000000000000e+05 
9.31324681968573e-04 1.00000000000000e+05 
1.00661809220410e-03 1.00000000000000e+05 
1.08419516663466e-03 1.00000000000000e+05 
1.16451496332061e-03 1.00000000000000e+05 
1.23949076482032e-03 1.00000000000000e+05 
1.31669210841008e-03 1.00000000000000e+05 
1.39560316693215e-03 1.00000000000000e+05 
1.47682660338490e-03 1.00000000000000e+05 
1.56064904537158e-03 1.00000000000000e+05 
1.63973444830027e-03 1.00000000000000e+05 
1.72092705087566e-03 1.00000000000000e+05 
1.80431080460910e-03 1.00000000000000e+05 
1.88915000724512e-03 1.00000000000000e+05 
1.97645630008162e-03 1.00000000000000e+05 
2.06641506667884e-03 1.00000000000000e+05 
2.15170499713435e-03 1.00000000000000e+05 
2.23923029455348e-03 1.00000000000000e+05 
2.32872952784163e-03 1.00000000000000e+05 
2.41922975686397e-03 1.00000000000000e+05 
2.51179406220558e-03 1.00000000000000e+05 
2.60070930891517e-03 1.00000000000000e+05 
2.69141187873777e-03 1.00000000000000e+05 
2.78389329302832e-03 1.00000000000000e+05 
2.87817179875104e-03 1.00000000000000e+05 
2.97301489725765e-03 1.00000000000000e+05 
3.06992595164213e-03 1.00000000000000e+05 
3.16378525750749e-03 1.00000000000000e+05 
3.25939319669017e-03 1.00000000000000e+05 
3.35679262656256e-03 1.00000000000000e+05 
3.45594681348568e-03 1.00000000000000e+05 
3.55592737127537e-03 1.00000000000000e+05 
3.65732781020416e-03 1.00000000000000e+05 
3.76040727430400e-03 1.00000000000000e+05 
3.86528005217613e-03 1.00000000000000e+05 
3.96762005808399e-03 1.00000000000000e+05 
4.07165401072743e-03 1.00000000000000e+05 
4.17637884860389e-03 1.00000000000000e+05 
4.28154766917768e-03 1.00000000000000e+05 
4.38716636077178e-03 1.00000000000000e+05 
4.49383974513386e-03 1.00000000000000e+05 
4.60044875966734e-03 1.00000000000000e+05 
4.70840289955968e-03 1.00000000000000e+05 
4.81672001364931e-03 1.00000000000000e+05 
4.92589328236534e-03 1.00000000000000e+05 
5.03636730095761e-03 1.00000000000000e+05 
5.14797878600160e-03 1.00000000000000e+05 
5.26006559200724e-03 1.00000000000000e+05 
5.37348662928428e-03 1.00000000000000e+05 
5.48782901626140e-03 1.00000000000000e+05 
5.60298426193633e-03 1.00000000000000e+05 
5.71889581214585e-03 1.00000000000000e+05 
5.83521979514132e-03 1.00000000000000e+05 
5.95224982718677e-03 1.00000000000000e+05 
6.06960965926966e-03 1.00000000000000e+05 
6.18736824244707e-03 1.00000000000000e+05 
6.30567821029671e-03 1.00000000000000e+05 
6.42410277940139e-03 1.00000000000000e+05 
6.54289797750094e-03 1.00000000000000e+05 
6.66218867418131e-03 1.00000000000000e+05 
6.78160054501601e-03 1.00000000000000e+05 
6.90120199985981e-03 1.00000000000000e+05 
7.02122498563955e-03 1.00000000000000e+05 
7.14133231565415e-03 1.00000000000000e+05 
7.26148049636603e-03 1.00000000000000e+05 
7.38108184915792e-03 1.00000000000000e+05 
7.50059124568348e-03 1.00000000000000e+05 
7.61983404361793e-03 1.00000000000000e+05 
7.73894912777245e-03 1.00000000000000e+05 
7.85807399488709e-03 1.00000000000000e+05 
7.97627956691137e-03 1.00000000000000e+05 
8.09462095649165e-03 1.00000000000000e+05 
8.21301235942730e-03 1.00000000000000e+05 
8.33081616429540e-03 1.00000000000000e+05 
8.44834972934684e-03 1.00000000000000e+05 
8.56600807639539e-03 1.00000000000000e+05 
8.68404167787122e-03 1.00000000000000e+05 
8.80164677259579e-03 1.00000000000000e+05 
8.91975690489450e-03 1.00000000000000e+05 
9.03761742425881e-03 1.00000000000000e+05 
9.15554443100806e-03 1.00000000000000e+05 
9.27384143446146e-03 1.00000000000000e+05 
9.39257804845056e-03 1.00000000000000e+05 
9.51121970227967e-03 1.00000000000000e+05 
9.63025433603975e-03 1.00000000000000e+05 
9.74926760075262e-03 1.00000000000000e+05 
9.86839531550796e-03 1.00000000000000e+05 
9.98774644792636e-03 1.00000000000000e+05 
1.01073247291537e-02 1.00000000000000e+05 
1.02268308439231e-02 1.00000000000000e+05 
1.03464261116189e-02 1.00000000000000e+05 
1.04659155127654e-02 1.00000000000000e+05 
1.05854099430860e-02 1.00000000000000e+05 
1.07048885754580e-02 1.00000000000000e+05 
1.08244415034689e-02 1.00000000000000e+05 
1.09440465739507e-02 1.00000000000000e+05 
1.10636437137292e-02 1.00000000000000e+05 
1.11832161192054e-02 1.00000000000000e+05 
1.13027369116444e-02 1.00000000000000e+05 
1.14222868521570e-02 1.00000000000000e+05 
1.15418112934259e-02 1.00000000000000e+05 
1.16612787520159e-02 1.00000000000000e+05 
1.17807237487336e-02 1.00000000000000e+05 
1.19001807359172e-02 1.00000000000000e+05 
1.20195336984013e-02 1.00000000000000e+05 
1.21389602791567e-02 1.00000000000000e+05 
1.22583507912754e-02 1.00000000000000e+05 
1.23776978284865e-02 1.00000000000000e+05 
1.24970928834573e-02 1.00000000000000e+05 
1.26165105865561e-02 1.00000000000000e+05 
1.27358384731213e-02 1.00000000000000e+05 
1.28552744524680e-02 1.00000000000000e+05 
1.29747284572160e-02 1.00000000000000e+05 
1.30941498121282e-02 1.00000000000000e+05 
1.32136917108544e-02 1.00000000000000e+05 
1.33332559063824e-02 1.00000000000000e+05 
1.34527798417103e-02 1.00000000000000e+05 
1.35724540040870e-02 1.00000000000000e+05 
1.36921254940909e-02 1.00000000000000e+05 
1.38117474270804e-02 1.00000000000000e+05 
1.39313762916233e-02 1.00000000000000e+05 
1.40510756636168e-02 1.00000000000000e+05 
1.41705964235136e-02 1.00000000000000e+05 
1.42901860690714e-02 1.00000000000000e+05 
1.44096502861688e-02 1.00000000000000e+05 
1.45290261012697e-02 1.00000000000000e+05 
1.46484084728211e-02 1.00000000000000e+05 
1.47678149852614e-02 1.00000000000000e+05 
1.48870747747288e-02 1.00000000000000e+05 
1.50064316854212e-02 1.00000000000000e+05 
1.51257997601189e-02 1.00000000000000e+05 
1.52451112435018e-02 1.00000000000000e+05 
1.53644829951134e-02 1.00000000000000e+05 
1.54839181530661e-02 1.00000000000000e+05 
1.56032888817241e-02 1.00000000000000e+05 
1.57227853286530e-02 1.00000000000000e+05 
1.58423108804815e-02 1.00000000000000e+05 
1.59618235731655e-02 1.00000000000000e+05 
1.60813896811178e-02 1.00000000000000e+05 
1.62010784375177e-02 1.00000000000000e+05 
1.63206938590470e-02 1.00000000000000e+05 
1.64404356788519e-02 1.00000000000000e+05 
1.65601817554737e-02 1.00000000000000e+05 
1.66799460448876e-02 1.00000000000000e+05 
1.67997520823445e-02 1.00000000000000e+05 
1.69196978425070e-02 1.00000000000000e+05 
1.70395678791499e-02 1.00000000000000e+05 
1.71595699138412e-02 1.00000000000000e+05 
1.72795916491464e-02 1.00000000000000e+05 
1.73996340186097e-02 1.00000000000000e+05 
1.75199532009836e-02 1.00000000000000e+05 
1.76404935693261e-02 1.00000000000000e+05 
1.77609648352949e-02 1.00000000000000e+05 
1.78815097618396e-02 1.00000000000000e+05 
1.80019868317266e-02 1.00000000000000e+05 
1.81224682321813e-02 1.00000000000000e+05 
1.82429148778483e-02 1.00000000000000e+05 
1.83635423598536e-02 1.00000000000000e+05 
1.84841116123619e-02 1.00000000000000e+05 
1.86047914721375e-02 1.00000000000000e+05 
1.87255073183831e-02 1.00000000000000e+05 
1.88463020346138e-02 1.00000000000000e+05 
1.89671348802167e-02 1.00000000000000e+05 
1.90881345774679e-02 1.00000000000000e+05 
1.92091378961829e-02 1.00000000000000e+05 
1.93302700602879e-02 1.00000000000000e+05 
1.94514718202417e-02 1.00000000000000e+05 
1.95727528015735e-02 1.00000000000000e+05 
1.96940871996536e-02 1.00000000000000e+05 
1.98155796554453e-02 1.00000000000000e+05 
1.99370553620110e-02 1.00000000000000e+05 
2.00586731742787e-02 1.00000000000000e+05 
2.01803546990596e-02 1.00000000000000e+05 
2.03020943722232e-02 1.00000000000000e+05 
2.04238900799001e-02 1.00000000000000e+05 
2.05447351575652e-02 1.00000000000000e+05 
2.06666984688059e-02 1.00000000000000e+05 
2.07877901117312e-02 1.00000000000000e+05 
2.09098836734885e-02 1.00000000000000e+05 
2.10320914787212e-02 1.00000000000000e+05 
2.11543059447170e-02 1.00000000000000e+05 
2.12754845931704e-02 1.00000000000000e+05 
2.13977940467896e-02 1.00000000000000e+05 
2.15190859924553e-02 1.00000000000000e+05 
2.16415808079466e-02 1.00000000000000e+05 
2.17642472159035e-02 1.00000000000000e+05 
2.18868814845400e-02 1.00000000000000e+05 
2.20080176292493e-02 1.00000000000000e+05 
2.21304418963974e-02 1.00000000000000e+05 
2.22516506304325e-02 1.00000000000000e+05 
2.23740452794595e-02 1.00000000000000e+05 
2.24973985159866e-02 1.00000000000000e+05 
2.26207135346087e-02 1.00000000000000e+05 
2.27418763964436e-02 1.00000000000000e+05 
2.28647562989051e-02 1.00000000000000e+05 
2.29861967011858e-02 1.00000000000000e+05 
2.31088629934204e-02 1.00000000000000e+05 
2.32328667100501e-02 1.00000000000000e+05 
2.33568455247010e-02 1.00000000000000e+05 
2.34784642658179e-02 1.00000000000000e+05 
2.36019224456878e-02 1.00000000000000e+05 
2.37238319085646e-02 1.00000000000000e+05 
2.38470974902014e-02 1.00000000000000e+05 
2.39719028983041e-02 1.00000000000000e+05 
2.40967244238353e-02 1.00000000000000e+05 
2.42195776295958e-02 1.00000000000000e+05 
2.43445572594424e-02 1.00000000000000e+05 
2.44677775351902e-02 1.00000000000000e+05 
2.45928676414670e-02 1.00000000000000e+05 
2.47182513804266e-02 1.00000000000000e+05 
2.48435997509105e-02 1.00000000000000e+05 
2.49676531882542e-02 1.00000000000000e+05 
2.50933812252937e-02 1.00000000000000e+05 
2.52182287085748e-02 1.00000000000000e+05 
2.53440339538208e-02 1.00000000000000e+05 
2.54700979751701e-02 1.00000000000000e+05 
2.55960930092924e-02 1.00000000000000e+05 
2.57225018884931e-02 1.00000000000000e+05 
2.58490760866473e-02 1.00000000000000e+05 
2.59757845998115e-02 1.00000000000000e+05 
2.61023404677666e-02 1.00000000000000e+05 
2.62290849563122e-02 1.00000000000000e+05 
2.63558894641744e-02 1.00000000000000e+05 
2.64829970439562e-02 1.00000000000000e+05 
2.66094269527144e-02 1.00000000000000e+05 
2.67357483985411e-02 1.00000000000000e+05 
2.68626364315904e-02 1.00000000000000e+05 
2.69900042293685e-02 1.00000000000000e+05 
2.71169409200130e-02 1.00000000000000e+05 
2.72441509084779e-02 1.00000000000000e+05 
2.73716624776210e-02 1.00000000000000e+05 
2.74994215020369e-02 1.00000000000000e+05 
2.76269918156461e-02 1.00000000000000e+05 
2.77547142225738e-02 1.00000000000000e+05 
2.78825350295638e-02 1.00000000000000e+05 
2.80108774404395e-02 1.00000000000000e+05 
2.81392158198379e-02 1.00000000000000e+05 
2.82678740822783e-02 1.00000000000000e+05 
2.83961379144327e-02 1.00000000000000e+05 
2.85245016655155e-02 1.00000000000000e+05 
2.86530970630224e-02 1.00000000000000e+05 
2.87823855760126e-02 1.00000000000000e+05 
2.89114768658873e-02 1.00000000000000e+05 
2.90409604662273e-02 1.00000000000000e+05 
2.91705101994942e-02 1.00000000000000e+05 
2.93005584071958e-02 1.00000000000000e+05 
2.94310361364804e-02 1.00000000000000e+05 
2.95620699090844e-02 1.00000000000000e+05 
2.96935030113381e-02 1.00000000000000e+05 
2.98253160902935e-02 1.00000000000000e+05 
2.99572379370019e-02 1.00000000000000e+05 
3.00890152637923e-02 1.00000000000000e+05 
3.02227327495559e-02 1.00000000000000e+05 
3.03570856278427e-02 1.00000000000000e+05 
3.04921307505450e-02 1.00000000000000e+05 
3.06279834449518e-02 1.00000000000000e+05 
3.07645873904195e-02 1.00000000000000e+05 
3.09019171737530e-02 1.00000000000000e+05 
3.10400888883274e-02 1.00000000000000e+05 
3.11794856768440e-02 1.00000000000000e+05 
3.13201020917203e-02 1.00000000000000e+05 
3.14621614809240e-02 1.00000000000000e+05 
3.16048613565667e-02 1.00000000000000e+05 
3.17414298806627e-02 1.00000000000000e+05 
3.18780138119835e-02 1.00000000000000e+05 
3.20145296282493e-02 1.00000000000000e+05 
3.21510396202068e-02 1.00000000000000e+05 
3.22875809460060e-02 1.00000000000000e+05 
3.24241750056049e-02 1.00000000000000e+05 
3.25608325013651e-02 1.00000000000000e+05 
3.26975543519941e-02 1.00000000000000e+05 
3.28343237534973e-02 1.00000000000000e+05 
3.29711312427984e-02 1.00000000000000e+05 
3.31080044916695e-02 1.00000000000000e+05 
3.32449504775718e-02 1.00000000000000e+05 
3.33819564431688e-02 1.00000000000000e+05 
3.35190573124964e-02 1.00000000000000e+05 
3.36562867777158e-02 1.00000000000000e+05 
3.37936494852660e-02 1.00000000000000e+05 
3.39312093618139e-02 1.00000000000000e+05 
3.40690162026394e-02 1.00000000000000e+05 
3.42070729116118e-02 1.00000000000000e+05 
3.43454292879198e-02 1.00000000000000e+05 
3.44841796075592e-02 1.00000000000000e+05 
3.46206388694442e-02 1.00000000000000e+05 
3.47571209031317e-02 1.00000000000000e+05 
3.48936862350412e-02 1.00000000000000e+05 
3.50302650948836e-02 1.00000000000000e+05 
3.51668080949692e-02 1.00000000000000e+05 
3.53034547594168e-02 1.00000000000000e+05 
3.54400844174344e-02 1.00000000000000e+05 
3.55767758552497e-02 1.00000000000000e+05 
3.57136189855405e-02 1.00000000000000e+05 
3.58506030859811e-02 1.00000000000000e+05 
3.59876235991824e-02 1.00000000000000e+05 
3.61249177291270e-02 1.00000000000000e+05 
3.62621290123781e-02 1.00000000000000e+05 
3.63995869763060e-02 1.00000000000000e+05 
3.65374515682623e-02 1.00000000000000e+05 
3.66755327232936e-02 1.00000000000000e+05 
3.68137277871454e-02 1.00000000000000e+05 
3.69520588085217e-02 1.00000000000000e+05 
3.70906407306219e-02 1.00000000000000e+05 
3.72293756911613e-02 1.00000000000000e+05 
3.73682246918711e-02 1.00000000000000e+05 
3.75071948640332e-02 1.00000000000000e+05 
3.76463886427542e-02 1.00000000000000e+05 
3.77858646742861e-02 1.00000000000000e+05 
3.79259079333875e-02 1.00000000000000e+05 
3.80664090442178e-02 1.00000000000000e+05 
3.82072420913405e-02 1.00000000000000e+05 
3.83486053689558e-02 1.00000000000000e+05 
3.84905934993633e-02 1.00000000000000e+05 
3.86332678678328e-02 1.00000000000000e+05 
3.87764612236336e-02 1.00000000000000e+05 
3.89163499357094e-02 1.00000000000000e+05 
3.90559063680843e-02 1.00000000000000e+05 
3.91956991821949e-02 1.00000000000000e+05 
3.93362485734231e-02 1.00000000000000e+05 
3.94774245723652e-02 1.00000000000000e+05 
3.96181592431458e-02 1.00000000000000e+05 
3.97592895063126e-02 1.00000000000000e+05 
3.99006242797054e-02 1.00000000000000e+05 
4.00426831832495e-02 1.00000000000000e+05 
4.01843946548764e-02 1.00000000000000e+05 
4.03259426790261e-02 1.00000000000000e+05 
4.04677579958136e-02 1.00000000000000e+05 
4.06094767324460e-02 1.00000000000000e+05 
4.07514767409059e-02 1.00000000000000e+05 
4.08933499910288e-02 1.00000000000000e+05 
4.10354649750106e-02 1.00000000000000e+05 
4.11778058162328e-02 1.00000000000000e+05 
4.13203385671884e-02 1.00000000000000e+05 
4.14627441447972e-02 1.00000000000000e+05 
4.16055351617420e-02 1.00000000000000e+05 
4.17486377164501e-02 1.00000000000000e+05 
4.18921977951472e-02 1.00000000000000e+05 
4.20357634833467e-02 1.00000000000000e+05 
4.21793510644595e-02 1.00000000000000e+05 
4.23229450169417e-02 1.00000000000000e+05 
4.24666541915978e-02 1.00000000000000e+05 
4.26103251364521e-02 1.00000000000000e+05 
4.27539381793797e-02 1.00000000000000e+05 
4.28939860801766e-02 1.00000000000000e+05 
4.30356250803244e-02 1.00000000000000e+05 
4.31763724099318e-02 1.00000000000000e+05 
4.33201003978119e-02 1.00000000000000e+05 
4.34604057921335e-02 1.00000000000000e+05 
4.36037857680246e-02 1.00000000000000e+05 
4.37445681757648e-02 1.00000000000000e+05 
4.38844528869754e-02 1.00000000000000e+05 
4.40244406602948e-02 1.00000000000000e+05 
4.41637343824761e-02 1.00000000000000e+05 
4.43030759357594e-02 1.00000000000000e+05 
4.44431410232839e-02 1.00000000000000e+05 
4.45838021517444e-02 1.00000000000000e+05 
4.47235427234600e-02 1.00000000000000e+05 
4.48636756510028e-02 1.00000000000000e+05 
4.50044192141621e-02 1.00000000000000e+05 
4.51456490213707e-02 1.00000000000000e+05 
4.52875197699924e-02 1.00000000000000e+05 
4.54299026862231e-02 1.00000000000000e+05 
4.55711916105596e-02 1.00000000000000e+05 
4.57128783788830e-02 1.00000000000000e+05 
4.58553072246625e-02 1.00000000000000e+05 
4.59981278035719e-02 1.00000000000000e+05 
4.61411063187827e-02 1.00000000000000e+05 
4.62848865884202e-02 1.00000000000000e+05 
4.64289610820451e-02 1.00000000000000e+05 
4.65734283307540e-02 1.00000000000000e+05 
4.67183776511418e-02 1.00000000000000e+05 
4.68647541179076e-02 1.00000000000000e+05 
4.70113926591728e-02 1.00000000000000e+05 
4.71581590807638e-02 1.00000000000000e+05 
4.73050292889739e-02 1.00000000000000e+05 
4.74520062541859e-02 1.00000000000000e+05 
4.75991276444248e-02 1.00000000000000e+05 
4.77464698893000e-02 1.00000000000000e+05 
4.78939249858426e-02 1.00000000000000e+05 
4.80396029230427e-02 1.00000000000000e+05 
4.81853889058025e-02 1.00000000000000e+05 
4.83314231290537e-02 1.00000000000000e+05 
4.84775513415099e-02 1.00000000000000e+05 
4.86234623181321e-02 1.00000000000000e+05 
4.87694124515085e-02 1.00000000000000e+05 
4.89153237440437e-02 1.00000000000000e+05 
4.90612395350482e-02 1.00000000000000e+05 
4.92070944437360e-02 1.00000000000000e+05 
4.93527445591852e-02 1.00000000000000e+05 
4.94982738718048e-02 1.00000000000000e+05 
4.96438185896736e-02 1.00000000000000e+05 
4.97893315689906e-02 1.00000000000000e+05 
4.99349576608040e-02 1.00000000000000e+05 
5.00807427398942e-02 1.00000000000000e+05 
5.02266990318344e-02 1.00000000000000e+05 
5.03728903268552e-02 1.00000000000000e+05 
5.05194220619799e-02 1.00000000000000e+05 
5.06661930824551e-02 1.00000000000000e+05 
5.08132761414332e-02 1.00000000000000e+05 
5.09606362478305e-02 1.00000000000000e+05 
5.11081162924555e-02 1.00000000000000e+05 
5.12557718911364e-02 1.00000000000000e+05 
5.14036704613621e-02 1.00000000000000e+05 
5.15518116738044e-02 1.00000000000000e+05 
5.17001152264929e-02 1.00000000000000e+05 
5.18486693858533e-02 1.00000000000000e+05 
5.19973870914435e-02 1.00000000000000e+05 
5.21460615991949e-02 1.00000000000000e+05 
5.22948117461211e-02 1.00000000000000e+05 
5.24436049952710e-02 1.00000000000000e+05 
5.25925483100545e-02 1.00000000000000e+05 
5.27416225303615e-02 1.00000000000000e+05 
5.28909607503200e-02 1.00000000000000e+05 
5.30406273612426e-02 1.00000000000000e+05 
5.31903513925469e-02 1.00000000000000e+05 
5.33403085970227e-02 1.00000000000000e+05 
5.34902196318973e-02 1.00000000000000e+05 
5.36402098401043e-02 1.00000000000000e+05 
5.37902950461285e-02 1.00000000000000e+05 
5.39406862993739e-02 1.00000000000000e+05 
5.40913274337797e-02 1.00000000000000e+05 
5.42423515672849e-02 1.00000000000000e+05 
5.43937139637829e-02 1.00000000000000e+05 
5.45454746909397e-02 1.00000000000000e+05 
5.46975905477986e-02 1.00000000000000e+05 
5.48502610372548e-02 1.00000000000000e+05 
5.50034334806343e-02 1.00000000000000e+05 
5.51573429490957e-02 1.00000000000000e+05 
5.53119689408120e-02 1.00000000000000e+05 
5.54669767333971e-02 1.00000000000000e+05 
5.56222798923167e-02 1.00000000000000e+05 
5.57778016584086e-02 1.00000000000000e+05 
5.59335203370111e-02 1.00000000000000e+05 
5.60893837794900e-02 1.00000000000000e+05 
5.62452409188061e-02 1.00000000000000e+05 
5.64010449786267e-02 1.00000000000000e+05 
5.65567743562893e-02 1.00000000000000e+05 
5.67124208001494e-02 1.00000000000000e+05 
5.68680218929274e-02 1.00000000000000e+05 
5.70235019333372e-02 1.00000000000000e+05 
5.71789762422279e-02 1.00000000000000e+05 
5.73344277144891e-02 1.00000000000000e+05 
5.74899040981512e-02 1.00000000000000e+05 
5.76454421836564e-02 1.00000000000000e+05 
5.78009171912572e-02 1.00000000000000e+05 
5.79563535058308e-02 1.00000000000000e+05 
5.81117884736133e-02 1.00000000000000e+05 
5.82671551110947e-02 1.00000000000000e+05 
5.84220871627542e-02 1.00000000000000e+05 
5.85767756820740e-02 1.00000000000000e+05 
5.87313203195068e-02 1.00000000000000e+05 
5.88858813014685e-02 1.00000000000000e+05 
5.90406020938609e-02 1.00000000000000e+05 
5.91954437994217e-02 1.00000000000000e+05 
5.93504548283343e-02 1.00000000000000e+05 
5.95057038883370e-02 1.00000000000000e+05 
5.96609370992782e-02 1.00000000000000e+05 
5.98162545005443e-02 1.00000000000000e+05 
5.99717143766390e-02 1.00000000000000e+05 
6.01272191335712e-02 1.00000000000000e+05 
6.02827786385556e-02 1.00000000000000e+05 
6.04384763649788e-02 1.00000000000000e+05 
6.05941993247154e-02 1.00000000000000e+05 
6.07499550914888e-02 1.00000000000000e+05 
6.09057539817101e-02 1.00000000000000e+05 
6.10614790199225e-02 1.00000000000000e+05 
6.12171945382036e-02 1.00000000000000e+05 
6.13725498872355e-02 1.00000000000000e+05 
6.15277686945481e-02 1.00000000000000e+05 
6.16831165382611e-02 1.00000000000000e+05 
6.18388969754690e-02 1.00000000000000e+05 
6.19950822049697e-02 1.00000000000000e+05 
6.21517944836920e-02 1.00000000000000e+05 
6.23095441762599e-02 1.00000000000000e+05 
6.24681859623269e-02 1.00000000000000e+05 
6.26278562284737e-02 1.00000000000000e+05 
6.27892010118896e-02 1.00000000000000e+05 
6.29519580427012e-02 1.00000000000000e+05 
6.31150377316998e-02 1.00000000000000e+05 
6.32782783814393e-02 1.00000000000000e+05 
6.34416928831515e-02 1.00000000000000e+05 
6.36053983316276e-02 1.00000000000000e+05 
6.37691365573423e-02 1.00000000000000e+05 
6.39330602241383e-02 1.00000000000000e+05 
6.40956458527543e-02 1.00000000000000e+05 
6.42584599750632e-02 1.00000000000000e+05 
6.44214896068116e-02 1.00000000000000e+05 
6.45846612352678e-02 1.00000000000000e+05 
6.47479233870620e-02 1.00000000000000e+05 
6.49111444052859e-02 1.00000000000000e+05 
6.50742830181956e-02 1.00000000000000e+05 
6.52373730053625e-02 1.00000000000000e+05 
6.54004053218115e-02 1.00000000000000e+05 
6.55634070475901e-02 1.00000000000000e+05 
6.57264194024189e-02 1.00000000000000e+05 
6.58894023141908e-02 1.00000000000000e+05 
6.60523413229266e-02 1.00000000000000e+05 
6.62152603097090e-02 1.00000000000000e+05 
6.63781395434943e-02 1.00000000000000e+05 
6.65410518459839e-02 1.00000000000000e+05 
6.67040301752412e-02 1.00000000000000e+05 
6.68670344553681e-02 1.00000000000000e+05 
6.70301148224572e-02 1.00000000000000e+05 
6.71933357061094e-02 1.00000000000000e+05 
6.73566108661223e-02 1.00000000000000e+05 
6.75200331422152e-02 1.00000000000000e+05 
6.76835875619996e-02 1.00000000000000e+05 
6.78475390031100e-02 1.00000000000000e+05 
6.80119855835963e-02 1.00000000000000e+05 
6.81770690356359e-02 1.00000000000000e+05 
6.83427910840364e-02 1.00000000000000e+05 
6.85093353280459e-02 1.00000000000000e+05 
6.86767207021277e-02 1.00000000000000e+05 
6.88443321546161e-02 1.00000000000000e+05 
6.90118955009510e-02 1.00000000000000e+05 
6.91793745875116e-02 1.00000000000000e+05 
6.93466770070995e-02 1.00000000000000e+05 
6.95138815622848e-02 1.00000000000000e+05 
6.96810169629253e-02 1.00000000000000e+05 
6.98479942622794e-02 1.00000000000000e+05 
7.00148813689864e-02 1.00000000000000e+05 
7.01817920914324e-02 1.00000000000000e+05 
7.03490598908484e-02 1.00000000000000e+05 
7.05167927442484e-02 1.00000000000000e+05 
7.06850591222811e-02 1.00000000000000e+05 
7.08537988922084e-02 1.00000000000000e+05 
7.10228535526927e-02 1.00000000000000e+05 
7.11923290397042e-02 1.00000000000000e+05 
7.13622212366569e-02 1.00000000000000e+05 
7.15327700795847e-02 1.00000000000000e+05 
7.17039970185408e-02 1.00000000000000e+05 
7.18757410351103e-02 1.00000000000000e+05 
7.20481739149828e-02 1.00000000000000e+05 
7.22213007564587e-02 1.00000000000000e+05 
7.23944400207167e-02 1.00000000000000e+05 
7.25676620414552e-02 1.00000000000000e+05 
7.27409855907251e-02 1.00000000000000e+05 
7.29143368895785e-02 1.00000000000000e+05 
7.30877463164649e-02 1.00000000000000e+05 
7.32612086407915e-02 1.00000000000000e+05 
7.34346738081334e-02 1.00000000000000e+05 
7.36082237063575e-02 1.00000000000000e+05 
7.37819131948122e-02 1.00000000000000e+05 
7.39557339302060e-02 1.00000000000000e+05 
7.41297572252898e-02 1.00000000000000e+05 
7.43041248584011e-02 1.00000000000000e+05 
7.44777549774883e-02 1.00000000000000e+05 
7.46534184536286e-02 1.00000000000000e+05 
7.48293001606615e-02 1.00000000000000e+05 
7.50050920206371e-02 1.00000000000000e+05 
7.51808463136735e-02 1.00000000000000e+05 
7.53565653593682e-02 1.00000000000000e+05 
7.55321573568566e-02 1.00000000000000e+05 
7.57077199832596e-02 1.00000000000000e+05 
7.58832376409212e-02 1.00000000000000e+05 
7.60586910389420e-02 1.00000000000000e+05 
7.62341749824460e-02 1.00000000000000e+05 
7.64097110877595e-02 1.00000000000000e+05 
7.65852387488976e-02 1.00000000000000e+05 
7.67608369486659e-02 1.00000000000000e+05 
7.69365840800163e-02 1.00000000000000e+05 
7.71126866109766e-02 1.00000000000000e+05 
7.72892412189619e-02 1.00000000000000e+05 
7.74663363964231e-02 1.00000000000000e+05 
7.76440357342673e-02 1.00000000000000e+05 
7.78224098286993e-02 1.00000000000000e+05 
7.80015725524394e-02 1.00000000000000e+05 
7.81807501477155e-02 1.00000000000000e+05 
7.83600318681944e-02 1.00000000000000e+05 
7.85393657115104e-02 1.00000000000000e+05 
7.87186929696152e-02 1.00000000000000e+05 
7.88979403362705e-02 1.00000000000000e+05 
7.90771353342437e-02 1.00000000000000e+05 
7.92563422652739e-02 1.00000000000000e+05 
7.94356458244920e-02 1.00000000000000e+05 
7.96149932938706e-02 1.00000000000000e+05 
7.97943342157666e-02 1.00000000000000e+05 
7.99736039508151e-02 1.00000000000000e+05 
8.01528245604703e-02 1.00000000000000e+05 
8.03320600165490e-02 1.00000000000000e+05 
8.05113940501814e-02 1.00000000000000e+05 
8.06907710644499e-02 1.00000000000000e+05 
8.08701395255838e-02 1.00000000000000e+05 
8.10494382141418e-02 1.00000000000000e+05 
8.12286844576867e-02 1.00000000000000e+05 
8.14079407184581e-02 1.00000000000000e+05 
8.15872929511292e-02 1.00000000000000e+05 
8.17666835853326e-02 1.00000000000000e+05 
8.19460606703346e-02 1.00000000000000e+05 
8.21253705184624e-02 1.00000000000000e+05 
8.23046316660794e-02 1.00000000000000e+05 
8.24839066336695e-02 1.00000000000000e+05 
8.26632852192509e-02 1.00000000000000e+05 
8.28427093121611e-02 1.00000000000000e+05 
8.30221063141979e-02 1.00000000000000e+05 
8.32014276968069e-02 1.00000000000000e+05 
8.33807311161257e-02 1.00000000000000e+05 
8.35600148120648e-02 1.00000000000000e+05 
8.37393855324767e-02 1.00000000000000e+05 
8.39188087607246e-02 1.00000000000000e+05 
8.40982006788167e-02 1.00000000000000e+05 
8.42775225026382e-02 1.00000000000000e+05 
8.44568559037312e-02 1.00000000000000e+05 
8.46361605435670e-02 1.00000000000000e+05 
8.48082080272628e-02 1.00000000000000e+05 
8.49832309205949e-02 1.00000000000000e+05 
8.51583283220522e-02 1.00000000000000e+05 
8.53350660764890e-02 1.00000000000000e+05 
8.55127597109886e-02 1.00000000000000e+05 
8.56901871059552e-02 1.00000000000000e+05 
8.58677875868964e-02 1.00000000000000e+05 
8.60460294557881e-02 1.00000000000000e+05 
8.62168751668112e-02 1.00000000000000e+05 
8.63925729094930e-02 1.00000000000000e+05 
8.65695222194382e-02 1.00000000000000e+05 
8.67475087854266e-02 1.00000000000000e+05 
8.69251806664368e-02 1.00000000000000e+05 
8.71035397616868e-02 1.00000000000000e+05 
8.72815518645764e-02 1.00000000000000e+05 
8.74600038947367e-02 1.00000000000000e+05 
8.76387552710554e-02 1.00000000000000e+05 
8.78174114393964e-02 1.00000000000000e+05 
8.79960078456814e-02 1.00000000000000e+05 
8.81747087430148e-02 1.00000000000000e+05 
8.83531918522408e-02 1.00000000000000e+05 
8.85318814302275e-02 1.00000000000000e+05 
8.87107204064997e-02 1.00000000000000e+05 
8.88895126851452e-02 1.00000000000000e+05 
8.90682960488219e-02 1.00000000000000e+05 
8.92472048262156e-02 1.00000000000000e+05 
8.94259392059649e-02 1.00000000000000e+05 
8.96048263099996e-02 1.00000000000000e+05 
8.97837974221307e-02 1.00000000000000e+05 
8.99627535227416e-02 1.00000000000000e+05 
9.01417292528817e-02 1.00000000000000e+05 
9.03208031191960e-02 1.00000000000000e+05 
9.04997643123279e-02 1.00000000000000e+05 
9.06788472990556e-02 1.00000000000000e+05 
9.08580099688407e-02 1.00000000000000e+05 
9.10371804944121e-02 1.00000000000000e+05 
9.12163896840130e-02 1.00000000000000e+05 
9.13956774223987e-02 1.00000000000000e+05 
9.15748862627766e-02 1.00000000000000e+05 
9.17541970494303e-02 1.00000000000000e+05 
9.19335816443447e-02 1.00000000000000e+05 
9.21129893345712e-02 1.00000000000000e+05 
9.22924481427858e-02 1.00000000000000e+05 
9.24719704145999e-02 1.00000000000000e+05 
9.26514337916435e-02 1.00000000000000e+05 
9.28309815023943e-02 1.00000000000000e+05 
9.30105948207380e-02 1.00000000000000e+05 
9.31902359751436e-02 1.00000000000000e+05 
9.33559792576414e-02 1.00000000000000e+05 
9.35357160925425e-02 1.00000000000000e+05 
9.37154069362089e-02 1.00000000000000e+05 
9.38913950320895e-02 1.00000000000000e+05 
9.40708450270388e-02 1.00000000000000e+05 
9.42502612037233e-02 1.00000000000000e+05 
9.44297830322360e-02 1.00000000000000e+05 
9.46094610957527e-02 1.00000000000000e+05 
9.47892135600104e-02 1.00000000000000e+05 
9.49689936323316e-02 1.00000000000000e+05 
9.51488425829100e-02 1.00000000000000e+05 
9.53286840289720e-02 1.00000000000000e+05 
9.55085117913459e-02 1.00000000000000e+05 
9.56883699263925e-02 1.00000000000000e+05 
9.58681877222872e-02 1.00000000000000e+05 
9.60479841111184e-02 1.00000000000000e+05 
9.62278190836911e-02 1.00000000000000e+05 
9.64076517662575e-02 1.00000000000000e+05 
9.65874939207774e-02 1.00000000000000e+05 
9.67673615537646e-02 1.00000000000000e+05 
9.69472226828251e-02 1.00000000000000e+05 
9.71270879127194e-02 1.00000000000000e+05 
9.73069587143569e-02 1.00000000000000e+05 
9.74867967622320e-02 1.00000000000000e+05 
9.76666319685097e-02 1.00000000000000e+05 
9.78464875205378e-02 1.00000000000000e+05 
9.80263312532180e-02 1.00000000000000e+05 
9.82061678556235e-02 1.00000000000000e+05 
9.83860278382423e-02 1.00000000000000e+05 
9.85658719249089e-02 1.00000000000000e+05 
9.87457477261479e-02 1.00000000000000e+05 
9.89256730101131e-02 1.00000000000000e+05 
9.91055969777639e-02 1.00000000000000e+05 
9.92855203513506e-02 1.00000000000000e+05 
9.94654784672397e-02 1.00000000000000e+05 
9.96454190751834e-02 1.00000000000000e+05 
9.98253847889931e-02 1.00000000000000e+05 
1.00005391275578e-01 1.00000000000000e+05 
1.00185389078992e-01 1.00000000000000e+05 
1.00365382062449e-01 1.00000000000000e+05 
1.00545406970790e-01 1.00000000000000e+05 
1.00725413564710e-01 1.00000000000000e+05 
1.00905449463195e-01 1.00000000000000e+05 
1.01085527386304e-01 1.00000000000000e+05 
1.01265595239994e-01 1.00000000000000e+05 
1.01445657866362e-01 1.00000000000000e+05 
1.01625754441214e-01 1.00000000000000e+05 
1.01805832964321e-01 1.00000000000000e+05 
1.01985943987281e-01 1.00000000000000e+05 
1.02166098053750e-01 1.00000000000000e+05 
1.02346240528139e-01 1.00000000000000e+05 
1.02526377778634e-01 1.00000000000000e+05 
1.02706549415951e-01 1.00000000000000e+05 
1.02886700484006e-01 1.00000000000000e+05 
1.03066883926630e-01 1.00000000000000e+05 
1.03247110042237e-01 1.00000000000000e+05 
1.03427325232361e-01 1.00000000000000e+05 
1.03607541124653e-01 1.00000000000000e+05 
1.03787795325615e-01 1.00000000000000e+05 
1.03968028237973e-01 1.00000000000000e+05 
1.04148296385950e-01 1.00000000000000e+05 
1.04328603498540e-01 1.00000000000000e+05 
1.04508890402874e-01 1.00000000000000e+05 
1.04689166064322e-01 1.00000000000000e+05 
1.04869470436510e-01 1.00000000000000e+05 
1.05049750356863e-01 1.00000000000000e+05 
1.05230062225069e-01 1.00000000000000e+05 
1.05410415008543e-01 1.00000000000000e+05 
1.05590754017291e-01 1.00000000000000e+05 
1.05771088080736e-01 1.00000000000000e+05 
1.05951449876000e-01 1.00000000000000e+05 
1.06131789550538e-01 1.00000000000000e+05 
1.06312164861256e-01 1.00000000000000e+05 
1.06492584025976e-01 1.00000000000000e+05 
1.06672993227025e-01 1.00000000000000e+05 
1.06853398586460e-01 1.00000000000000e+05 
1.07033828641979e-01 1.00000000000000e+05 
1.07214235724366e-01 1.00000000000000e+05 
1.07394680352514e-01 1.00000000000000e+05 
1.07575168789156e-01 1.00000000000000e+05 
1.07755648631757e-01 1.00000000000000e+05 
1.07936122662962e-01 1.00000000000000e+05 
1.08116617403464e-01 1.00000000000000e+05 
1.08297088383181e-01 1.00000000000000e+05 
1.08477599631596e-01 1.00000000000000e+05 
1.08658154592732e-01 1.00000000000000e+05 
1.08838702741152e-01 1.00000000000000e+05 
1.09019243029491e-01 1.00000000000000e+05 
1.09199802520538e-01 1.00000000000000e+05 
1.09380338564995e-01 1.00000000000000e+05 
1.09560918116376e-01 1.00000000000000e+05 
1.09741541971594e-01 1.00000000000000e+05 
1.09922160973612e-01 1.00000000000000e+05 
1.10102771517274e-01 1.00000000000000e+05 
1.10283402237634e-01 1.00000000000000e+05 
1.10464009780892e-01 1.00000000000000e+05 
1.10644662391162e-01 1.00000000000000e+05 
1.10825357852223e-01 1.00000000000000e+05 
1.11006048626305e-01 1.00000000000000e+05 
1.11186730297233e-01 1.00000000000000e+05 
1.11367432588174e-01 1.00000000000000e+05 
1.11548112415379e-01 1.00000000000000e+05 
1.11728837948451e-01 1.00000000000000e+05 
1.11909604735762e-01 1.00000000000000e+05 
1.12090366874061e-01 1.00000000000000e+05 
1.12271121742329e-01 1.00000000000000e+05 
1.12451898746820e-01 1.00000000000000e+05 
1.12632654901640e-01 1.00000000000000e+05 
1.12813457717515e-01 1.00000000000000e+05 
1.12994300487581e-01 1.00000000000000e+05 
1.13175138610811e-01 1.00000000000000e+05 
1.13355971556580e-01 1.00000000000000e+05 
1.13536826999741e-01 1.00000000000000e+05 
1.13717662057094e-01 1.00000000000000e+05 
1.13898542318463e-01 1.00000000000000e+05 
1.14079458475154e-01 1.00000000000000e+05 
1.14260368167697e-01 1.00000000000000e+05 
1.14441272654150e-01 1.00000000000000e+05 
1.14622197317066e-01 1.00000000000000e+05 
1.14803102009924e-01 1.00000000000000e+05 
1.14984050130341e-01 1.00000000000000e+05 
1.15165031329878e-01 1.00000000000000e+05 
1.15346006826643e-01 1.00000000000000e+05 
1.15527003750241e-01 1.00000000000000e+05 
1.15708097782295e-01 1.00000000000000e+05 
1.15889255410332e-01 1.00000000000000e+05 
1.16070389689372e-01 1.00000000000000e+05 
1.16251460143679e-01 1.00000000000000e+05 
1.16432480325204e-01 1.00000000000000e+05 
1.16613508495118e-01 1.00000000000000e+05 
1.16794586592240e-01 1.00000000000000e+05 
1.16975655535285e-01 1.00000000000000e+05 
1.17156772344879e-01 1.00000000000000e+05 
1.17337896236082e-01 1.00000000000000e+05 
1.17519025228243e-01 1.00000000000000e+05 
1.17700157531725e-01 1.00000000000000e+05 
1.17881304436730e-01 1.00000000000000e+05 
1.18062438464778e-01 1.00000000000000e+05 
1.18243615483350e-01 1.00000000000000e+05 
1.18424764978494e-01 1.00000000000000e+05 
1.18605926235420e-01 1.00000000000000e+05 
1.18787121775046e-01 1.00000000000000e+05 
1.18968319488683e-01 1.00000000000000e+05 
1.19149516910279e-01 1.00000000000000e+05 
1.19330748033351e-01 1.00000000000000e+05 
1.19511935649386e-01 1.00000000000000e+05 
1.19693143534493e-01 1.00000000000000e+05 
1.19874400685896e-01 1.00000000000000e+05 
1.20055647116307e-01 1.00000000000001e+05 
1.20236933323962e-01 1.00000000000001e+05 
1.20418221833482e-01 1.00000000000001e+05 
1.20599473182963e-01 1.00000000000001e+05 
1.20780751666579e-01 1.00000000000002e+05 
1.20962076004932e-01 1.00000000000002e+05 
1.21143397067096e-01 1.00000000000003e+05 
1.21324790575829e-01 1.00000000000003e+05 
1.21506160244899e-01 1.00000000000004e+05 
1.21687498104571e-01 1.00000000000006e+05 
1.21868867970537e-01 1.00000000000008e+05 
1.22050280354906e-01 1.00000000000010e+05 
1.22231696306941e-01 1.00000000000013e+05 
1.22413185122299e-01 1.00000000000017e+05 
1.22594653648510e-01 1.00000000000022e+05 
1.22776093582959e-01 1.00000000000028e+05 
1.22957566961909e-01 1.00000000000038e+05 
1.23139078992779e-01 1.00000000000049e+05 
1.23320598289529e-01 1.00000000000065e+05 
1.23502188413342e-01 1.00000000000082e+05 
1.23683760065786e-01 1.00000000000102e+05 
1.23865304369844e-01 1.00000000000130e+05 
1.24046882788649e-01 1.00000000000169e+05 
1.24228495317010e-01 1.00000000000213e+05 
1.24410117004491e-01 1.00000000000273e+05 
1.24591806070526e-01 1.00000000000341e+05 
1.24773477824815e-01 1.00000000000420e+05 
1.24955123404379e-01 1.00000000000548e+05 
1.25136803476555e-01 1.00000000000718e+05 
1.25318474767852e-01 1.00000000000869e+05 
1.25500180091507e-01 1.00000000001054e+05 
1.25681933560730e-01 1.00000000001225e+05 
1.25863696111348e-01 1.00000000001481e+05 
1.26045410061408e-01 1.00000000001948e+05 
1.26227145497221e-01 1.00000000003852e+05 
1.26408852828346e-01 1.00000000008147e+05 
1.26590596850434e-01 1.00000000017866e+05 
1.26772388830634e-01 1.00000000032879e+05 
1.26954189395134e-01 1.00000000053069e+05 
1.27135943328368e-01 1.00000000077132e+05 
1.27317719650070e-01 1.00000000108182e+05 
1.27499467956600e-01 1.00000000145640e+05 
1.27681255137975e-01 1.00000000287814e+05 
1.27863089950995e-01 1.00000000430205e+05 
1.28044932353916e-01 1.00000000575069e+05 
1.28226729373664e-01 1.00000000722724e+05 
1.28408549454467e-01 1.00000000878767e+05 
1.28590342786537e-01 1.00000001036063e+05 
1.28772177095294e-01 1.00000001200614e+05 
1.28954060312545e-01 1.00000001368581e+05 
1.29135950568243e-01 1.00000001453601e+05 
1.29317795758453e-01 1.00000001556332e+05 
1.29499664315820e-01 1.00000001671152e+05 
1.29681506013056e-01 1.00000001805064e+05 
1.29863390696733e-01 1.00000002058875e+05 
1.30045323810013e-01 1.00000002305438e+05 
1.30227262381525e-01 1.00000002553263e+05 
1.30409156058390e-01 1.00000002813681e+05 
1.30591073706403e-01 1.00000002981740e+05 
1.30772963779977e-01 1.00000003181789e+05 
1.30954897934798e-01 1.00000003432944e+05 
1.31136880823215e-01 1.00000003735032e+05 
1.31318868515428e-01 1.00000004101989e+05 
1.31500811514285e-01 1.00000004546632e+05 
1.31682779288668e-01 1.00000004973811e+05 
1.31864719134731e-01 1.00000005506312e+05 
1.32046703054946e-01 1.00000006148241e+05 
1.32228735104458e-01 1.00000006901478e+05 
1.32410770587464e-01 1.00000007784841e+05 
1.32592761560083e-01 1.00000008888984e+05 
1.32774777809768e-01 1.00000010097424e+05 
1.32956765990076e-01 1.00000011428092e+05 
1.33138797136260e-01 1.00000012903196e+05 
1.33320875721871e-01 1.00000014535848e+05 
1.33502957279179e-01 1.00000016334444e+05 
1.33684995231920e-01 1.00000018357505e+05 
1.33867058606760e-01 1.00000020592471e+05 
1.34049093955992e-01 1.00000023091492e+05 
1.34231171685603e-01 1.00000025877808e+05 
1.34413297211810e-01 1.00000028978609e+05 
1.34595425693307e-01 1.00000032441384e+05 
1.34777510128008e-01 1.00000036340341e+05 
1.34959620001998e-01 1.00000040704997e+05 
1.35141702760024e-01 1.00000045610826e+05 
1.35323828116743e-01 1.00000051141639e+05 
1.35506001522450e-01 1.00000057344935e+05 
1.35688177452887e-01 1.00000064312142e+05 
1.35870309215008e-01 1.00000072213917e+05 
1.36052466954653e-01 1.00000081100474e+05 
1.36234597702058e-01 1.00000091137735e+05 
1.36416770239085e-01 1.00000102493553e+05 
1.36598990909721e-01 1.00000115267463e+05 
1.36781214735735e-01 1.00000129665190e+05 
1.36963395099827e-01 1.00000146024842e+05 
1.37145602439263e-01 1.00000164462672e+05 
1.37327782843274e-01 1.00000185260422e+05 
1.37510004299625e-01 1.00000208688118e+05 
1.37692274254152e-01 1.00000234973089e+05 
1.37874548851692e-01 1.00000264615292e+05 
1.38056781717507e-01 1.00000298517233e+05 
1.38239042911284e-01 1.00000336446235e+05 
1.38421277301686e-01 1.00000379092682e+05 
1.38603552537851e-01 1.00000427282040e+05 
1.38785875457705e-01 1.00000481125767e+05 
1.38968205379374e-01 1.00000540791423e+05 
1.39150495659951e-01 1.00000608012939e+05 
1.39332815126948e-01 1.00000682393065e+05 
1.39515108063999e-01 1.00000764995226e+05 
1.39697441844554e-01 1.00000856439197e+05 
1.39879783308640e-01 1.00000957773949e+05 
1.40062162531716e-01 1.00001069510979e+05 
1.40244515337097e-01 1.00001193382792e+05 
1.40426897883694e-01 1.00001329705123e+05 
1.40609254288416e-01 1.00001479325859e+05 
1.40791638781990e-01 1.00001644248687e+05 
1.40974000483900e-01 1.00001824577123e+05 
1.41156400070452e-01 1.00002020840126e+05 
1.41338818265599e-01 1.00002236337053e+05 
1.41521228036680e-01 1.00002470642266e+05 
1.41703624594428e-01 1.00002725257050e+05 
1.41886030528369e-01 1.00003003568993e+05 
1.42068413904980e-01 1.00003304878503e+05 
1.42250835074554e-01 1.00003628218247e+05 
1.42433285844316e-01 1.00003981500631e+05 
1.42615715770311e-01 1.00004363888226e+05 
1.42798132520180e-01 1.00004775260352e+05 
1.42980558350814e-01 1.00005223969387e+05 
1.43162960173366e-01 1.00005705725785e+05 
1.43345399564833e-01 1.00006219370776e+05 
1.43527869419520e-01 1.00006780019592e+05 
1.43710319409322e-01 1.00007389171939e+05 
1.43892756155920e-01 1.00008035394785e+05 
1.44075202785207e-01 1.00008739573527e+05 
1.44257626685780e-01 1.00009498370261e+05 
1.44440089200844e-01 1.00010316752300e+05 
1.44622584400853e-01 1.00011193084233e+05 
1.44805061321784e-01 1.00012169349852e+05 
1.44987525293710e-01 1.00013225456009e+05 
1.45169999036437e-01 1.00014364840567e+05 
1.45352451385748e-01 1.00015602281788e+05 
1.45534942574357e-01 1.00016963732314e+05 
1.45717467281068e-01 1.00018421725197e+05 
1.45899975637140e-01 1.00020059932195e+05 
1.46082471834494e-01 1.00021846833186e+05 
1.46264979149913e-01 1.00023788805084e+05 
1.46447467574373e-01 1.00025918259401e+05 
1.46629996813964e-01 1.00028281228290e+05 
1.46812561087424e-01 1.00030858129886e+05 
1.46995111239707e-01 1.00033738493073e+05 
1.47177650514275e-01 1.00036906342291e+05 
1.47360202726365e-01 1.00040377513570e+05 
1.47542738975607e-01 1.00044211510683e+05 
1.47725318616376e-01 1.00048493970350e+05 
1.47907934552718e-01 1.00053189315413e+05 
1.48090538394450e-01 1.00058454519847e+05 
1.48273132545772e-01 1.00064337030806e+05 
1.48455741248054e-01 1.00070839314839e+05 
1.48638337166417e-01 1.00078015800452e+05 
1.48820979983353e-01 1.00085945371590e+05 
1.49003660780900e-01 1.00094653654085e+05 
1.49186331735590e-01 1.00104283271706e+05 
1.49368993471271e-01 1.00114825894172e+05 
1.49551669595953e-01 1.00126348317021e+05 
1.49734334621010e-01 1.00138926818697e+05 
1.49917048268105e-01 1.00152672867036e+05 
1.50099798874134e-01 1.00167583109027e+05 
1.50282539986725e-01 1.00183856245696e+05 
1.50465268270738e-01 1.00201441617250e+05 
1.50648007769601e-01 1.00220405356303e+05 
1.50830736791284e-01 1.00240821304631e+05 
1.51013516400050e-01 1.00262805340358e+05 
1.51196331167784e-01 1.00286283218203e+05 
1.51379134720759e-01 1.00311480616103e+05 
1.51561921307739e-01 1.00338299728599e+05 
1.51744717478615e-01 1.00366774713380e+05 
1.51927503820026e-01 1.00396930952423e+05 
1.52110343401103e-01 1.00428857538974e+05 
1.52293218861358e-01 1.00462356204389e+05 
1.52476084979048e-01 1.00497774260706e+05 
1.52658933412693e-01 1.00534679094561e+05 
1.52841792351434e-01 1.00573087492342e+05 
1.53024644126012e-01 1.00612946713801e+05 
1.53207554287583e-01 1.00654294511424e+05 
1.53390471540507e-01 1.00696786795424e+05 
1.53573381035322e-01 1.00740756144786e+05 
1.53756305579137e-01 1.00785686995038e+05 
1.53939241079716e-01 1.00831473187482e+05 
1.54122173052250e-01 1.00878043521415e+05 
1.54305110123385e-01 1.00925295276382e+05 
1.54488040830728e-01 1.00972759299126e+05 
1.54670961806064e-01 1.01020983102114e+05 
1.54853912083500e-01 1.01069087554235e+05 
1.55036866806531e-01 1.01116797478348e+05 
1.55219834319631e-01 1.01164158274082e+05 
1.55402776793035e-01 1.01210809711195e+05 
1.55585710726091e-01 1.01256365103861e+05 
1.55768633106965e-01 1.01301499936783e+05 
1.55951585873325e-01 1.01345013945718e+05 
1.56134542871512e-01 1.01386967517308e+05 
1.56317513236223e-01 1.01427299968299e+05 
1.56500455875247e-01 1.01465888673469e+05 
1.56683388991720e-01 1.01502045428521e+05 
1.56866310351862e-01 1.01536909476906e+05 
1.57049263883383e-01 1.01569046861443e+05 
1.57232222481614e-01 1.01598532254597e+05 
1.57415196350493e-01 1.01625371891001e+05 
1.57598141947175e-01 1.01649671351714e+05 
1.57781078418413e-01 1.01671172998018e+05 
1.57964004554104e-01 1.01690059935117e+05 
1.58146965819858e-01 1.01706495054144e+05 
1.58329933576752e-01 1.01719899131669e+05 
1.58512919157869e-01 1.01728298040888e+05 
1.58695876734383e-01 1.01732155902495e+05 
1.58878825705309e-01 1.01731821313649e+05 
1.59061766396270e-01 1.01725510898853e+05 
1.59244746539184e-01 1.01718959587363e+05 
1.59427736121677e-01 1.01711795066925e+05 
1.59610747534008e-01 1.01703944495183e+05 
1.59793733642270e-01 1.01695468573944e+05 
1.59976714890250e-01 1.01684648842044e+05 
1.60159693049102e-01 1.01674519693497e+05 
1.60342716733027e-01 1.01662764955344e+05 
1.60525752752885e-01 1.01648927773787e+05 
1.60708813548465e-01 1.01633985625883e+05 
1.60891850401847e-01 1.01617532508452e+05 
1.61074881226448e-01 1.01598490508898e+05 
1.61257890200886e-01 1.01577731693880e+05 
1.61440961811628e-01 1.01554671635835e+05 
1.61624041430094e-01 1.01529711670507e+05 
1.61807143768940e-01 1.01503223250601e+05 
1.61990219888743e-01 1.01475281126099e+05 
1.62173263898028e-01 1.01445327799656e+05 
1.62356287580359e-01 1.01414901914940e+05 
1.62539386835120e-01 1.01382967709132e+05 
1.62722500127993e-01 1.01349846030912e+05 
1.62905638243448e-01 1.01315786781193e+05 
1.63088756356108e-01 1.01280982981105e+05 
1.63271860045499e-01 1.01244761578727e+05 
1.63454953328376e-01 1.01208586203872e+05 
1.63638118316388e-01 1.01171704366865e+05 
1.63821297495500e-01 1.01133774073989e+05 
1.64004506505068e-01 1.01095857886644e+05 
1.64187704870199e-01 1.01058021550340e+05 
1.64370903971105e-01 1.01019859161859e+05 
1.64554115570787e-01 1.00982727904063e+05 
1.64737381324953e-01 1.00945252212861e+05 
1.64920664577323e-01 1.00907680602986e+05 
1.65103979891807e-01 1.00869988402179e+05 
1.65287290994691e-01 1.00832668854139e+05 
1.65470605604687e-01 1.00794931239196e+05 
1.65653937167115e-01 1.00758891490754e+05 
1.65837323081896e-01 1.00722863415363e+05 
1.66020727034870e-01 1.00687174490962e+05 
1.66204163024526e-01 1.00651802225941e+05 
1.66387599746272e-01 1.00617227049834e+05 
1.66571041882575e-01 1.00582509697046e+05 
1.66754504354156e-01 1.00549680593446e+05 
1.66938018997659e-01 1.00517025188453e+05 
1.67121551284383e-01 1.00484761495009e+05 
1.67305113446310e-01 1.00452778343050e+05 
1.67488680422102e-01 1.00421516877046e+05 
1.67672254971922e-01 1.00390039495636e+05 
1.67855851673968e-01 1.00360279744404e+05 
1.68039496015717e-01 1.00330491382136e+05 
1.68223156307088e-01 1.00300787052122e+05 
1.68406842789548e-01 1.00271033154524e+05 
1.68590534433717e-01 1.00242127637347e+05 
1.68774237539227e-01 1.00212337545735e+05 
1.68957962880203e-01 1.00183801721139e+05 
1.69141730707930e-01 1.00155150112002e+05 
1.69325512429501e-01 1.00126344073583e+05 
1.69509316190900e-01 1.00097485072380e+05 
1.69693121793184e-01 1.00069039266001e+05 
1.69876944715639e-01 1.00040032230500e+05 
1.70060789292926e-01 1.00011670254373e+05 
1.70244670969363e-01 9.99838179570231e+04 
1.70428564549120e-01 9.99555016873868e+04 
1.70612476298136e-01 9.99272624746223e+04 
1.70796389562351e-01 9.98996625277988e+04 
1.70980322647932e-01 9.98715965292171e+04 
1.71164280517502e-01 9.98441684827544e+04 
1.71348272730270e-01 9.98173156016666e+04 
1.71532279512125e-01 9.97901953750439e+04 
1.71716305151954e-01 9.97638103195208e+04 
1.71900336236727e-01 9.97375456806349e+04 
1.72084392354107e-01 9.97112018008686e+04 
1.72268476665185e-01 9.96857718338184e+04 
1.72452594308517e-01 9.96611775110990e+04 
1.72636729988677e-01 9.96371064860132e+04 
1.72820885327966e-01 9.96133614637300e+04 
1.73005051350650e-01 9.95901746639304e+04 
1.73189248145132e-01 9.95672489135175e+04 
1.73373474378934e-01 9.95458063158683e+04 
1.73557734172547e-01 9.95249164381041e+04 
1.73742017498416e-01 9.95048144963958e+04 
1.73926322520045e-01 9.94852853009616e+04 
1.74110639950126e-01 9.94665710004596e+04 
1.74294968000691e-01 9.94483631243968e+04 
1.74479282193616e-01 9.94316464885833e+04 
1.74663608700524e-01 9.94156269044782e+04 
1.74847950036929e-01 9.94004254726083e+04 
1.75032276019102e-01 9.93858344843830e+04 
1.75216590867140e-01 9.93720416793136e+04 
1.75400919469653e-01 9.93586995789742e+04 
1.75585245457853e-01 9.93465450551294e+04 
1.75769578793931e-01 9.93349063262336e+04 
1.75953926307500e-01 9.93238310148811e+04 
1.76138264047089e-01 9.93131168648060e+04 
1.76322592448862e-01 9.93027903862777e+04 
1.76506937477406e-01 9.92925332092480e+04 
1.76691284650550e-01 9.92830366235345e+04 
1.76875645528958e-01 9.92736648558005e+04 
1.77060028408634e-01 9.92644972539114e+04 
1.77244406715161e-01 9.92553222939230e+04 
1.77428776758215e-01 9.92461040908043e+04 
1.77613154656923e-01 9.92368491857222e+04 
1.77797530535254e-01 9.92281846786819e+04 
1.77981902648970e-01 9.92195777577085e+04 
1.78166272039626e-01 9.92111486057089e+04 
1.78350636730385e-01 9.92027759697707e+04 
1.78534997592141e-01 9.91945142248339e+04 
1.78719357852075e-01 9.91864455415067e+04 
1.78903718365999e-01 9.91789989737209e+04 
1.79088076550445e-01 9.91718688953855e+04 
1.79272433837519e-01 9.91651884072339e+04 
1.79456788303077e-01 9.91588641279287e+04 
1.79641140711652e-01 9.91529907458418e+04 
1.79825493894849e-01 9.91475962621430e+04 
1.80009848834412e-01 9.91424271280348e+04 
1.80194202993467e-01 9.91380734196528e+04 
1.80378557879869e-01 9.91339777380184e+04 
1.80562911139156e-01 9.91304736299804e+04 
1.80747263560073e-01 9.91276455894564e+04 
1.80931617843737e-01 9.91251543226296e+04 
1.81115974919813e-01 9.91227692836826e+04 
1.81300332370316e-01 9.91210274997680e+04 
1.81484691958470e-01 9.91194696541914e+04 
1.81669051091566e-01 9.91183415000732e+04 
1.81853410666129e-01 9.91176520845934e+04 
1.82037773422165e-01 9.91173091993027e+04 
1.82222140295712e-01 9.91168866307011e+04 
1.82406509013188e-01 9.91169428770924e+04 
1.82590881744321e-01 9.91171604325054e+04 
1.82775255842929e-01 9.91176683651177e+04 
1.82959632213321e-01 9.91186534419508e+04 
1.83144013644151e-01 9.91199097733937e+04 
1.83328401095807e-01 9.91212366566382e+04 
1.83512792485673e-01 9.91231151556289e+04 
1.83697190312821e-01 9.91252401731235e+04 
1.83881591941668e-01 9.91278368179800e+04 
1.84065998062929e-01 9.91306384273650e+04 
1.84250411461107e-01 9.91342180174139e+04 
1.84434833174632e-01 9.91378720073782e+04 
1.84619261327358e-01 9.91425014356743e+04 
1.84803698588139e-01 9.91472997082534e+04 
1.84988142293821e-01 9.91523818549014e+04 
1.85172592819468e-01 9.91577956314792e+04 
1.85357052993178e-01 9.91637346633058e+04 
1.85541523984616e-01 9.91696405707478e+04 
1.85726004065558e-01 9.91762165710077e+04 
1.85910495907214e-01 9.91832954026028e+04 
1.86094996759548e-01 9.91906889574203e+04 
1.86279506492234e-01 9.91984515676605e+04 
1.86464028005789e-01 9.92065735638166e+04 
1.86648562675264e-01 9.92148906855578e+04 
1.86833108829988e-01 9.92237004238547e+04 
1.87017668967758e-01 9.92327220384469e+04 
1.87202240137259e-01 9.92420094525577e+04 
1.87386821500035e-01 9.92515719562859e+04 
1.87571415960713e-01 9.92614211346024e+04 
1.87756024987393e-01 9.92710372525263e+04 
1.87940646921841e-01 9.92810557879110e+04 
1.88125284026398e-01 9.92911516362923e+04 
1.88309933094667e-01 9.93014065176699e+04 
1.88494592727067e-01 9.93118023962883e+04 
1.88679265947400e-01 9.93224556884299e+04 
1.88863954315668e-01 9.93330874947878e+04 
1.89048656198086e-01 9.93437763077717e+04 
1.89233373686887e-01 9.93546014531108e+04 
1.89418103341091e-01 9.93658556615034e+04 
1.89602843396011e-01 9.93771693803578e+04 
1.89787597080057e-01 9.93885933860090e+04 
1.89972365988248e-01 9.93997601663292e+04 
1.90157148508562e-01 9.94111040058695e+04 
1.90341946597033e-01 9.94224978774475e+04 
1.90526756553011e-01 9.94340536523049e+04 
1.90711576514061e-01 9.94455906886997e+04 
1.90896409934028e-01 9.94573000986543e+04 
1.91081258349632e-01 9.94688672812870e+04 
1.91266120153527e-01 9.94805309469638e+04 
1.91450997181151e-01 9.94924690822833e+04 
1.91635885293834e-01 9.95043901455618e+04 
1.91820782846535e-01 9.95161246289619e+04 
1.92005693372181e-01 9.95279998913279e+04 
1.92183212631433e-01 9.95392854997311e+04 
1.92368149042255e-01 9.95509588977792e+04 
1.92553095929425e-01 9.95628054172848e+04 
1.92734678838680e-01 9.95740903687427e+04 
1.92919578670467e-01 9.95854469716944e+04 
1.93104458676312e-01 9.95968364061080e+04 
1.93289351932003e-01 9.96080465222373e+04 
1.93474261884732e-01 9.96192533654357e+04 
1.93659195202185e-01 9.96305866960141e+04 
1.93844160164044e-01 9.96419023104299e+04 
1.94029155482935e-01 9.96531987796671e+04 
1.94214186306783e-01 9.96646030422241e+04 
1.94399257973292e-01 9.96758986071710e+04 
1.94584363262375e-01 9.96872028961433e+04 
1.94769492945563e-01 9.96984651164658e+04 
1.94954640854472e-01 9.97096820482958e+04 
1.95139801441716e-01 9.97207669317929e+04 
1.95324977809461e-01 9.97319793535642e+04 
1.95510173444057e-01 9.97426549102433e+04 
1.95695384040504e-01 9.97533467114614e+04 
1.95880605412041e-01 9.97639785797653e+04 
1.96065830094345e-01 9.97745575270065e+04 
1.96251065391439e-01 9.97849446486327e+04 
1.96436309596920e-01 9.97953585843704e+04 
1.96621567218261e-01 9.98051412229109e+04 
1.96806837016382e-01 9.98148205409718e+04 
1.96992105817430e-01 9.98243515480744e+04 
1.97177376301914e-01 9.98337547474432e+04 
1.97362643541729e-01 9.98429017416511e+04 
1.97547901251982e-01 9.98520430885680e+04 
1.97733142275103e-01 9.98605620488466e+04 
1.97918367350070e-01 9.98689950198479e+04 
1.98103575245395e-01 9.98772385170453e+04 
1.98288765657655e-01 9.98854140276125e+04 
1.98473943845646e-01 9.98934122466727e+04 
1.98659115925898e-01 9.99014578851031e+04 
1.98844283889273e-01 9.99088784821052e+04 
1.99029451653257e-01 9.99164482223429e+04 
1.99214621203944e-01 9.99238329267323e+04 
1.99399790874749e-01 9.99311899643763e+04 
1.99584960628761e-01 9.99383528068803e+04 
1.99770132933366e-01 9.99455432226850e+04 
1.99955307620012e-01 9.99515960429541e+04 
2.00140485758487e-01 9.99579956229749e+04 
