# Liste des scalaires : TEMPS pmat 
0.00000000000000e+00 1.00000000000000e+05 
7.22956891292051e-05 1.00000000000000e+05 
1.35230728119701e-04 1.00000000000000e+05 
2.04459271009247e-04 1.00000000000000e+05 
2.80610668187748e-04 1.00000000000000e+05 
3.64377205084098e-04 1.00000000000000e+05 
4.56520395670084e-04 1.00000000000000e+05 
5.57877905314668e-04 1.00000000000000e+05 
6.69371165923711e-04 1.00000000000000e+05 
7.92013752593658e-04 1.00000000000000e+05 
9.19762842936749e-04 1.00000000000000e+05 
1.05027521081265e-03 1.00000000000000e+05 
1.18802930501862e-03 1.00000000000000e+05 
1.33208320010114e-03 1.00000000000000e+05 
1.48067945319571e-03 1.00000000000000e+05 
1.63956297208956e-03 1.00000000000000e+05 
1.80763098490219e-03 1.00000000000000e+05 
1.98207054442978e-03 1.00000000000000e+05 
2.16544110765261e-03 1.00000000000000e+05 
2.35839583235403e-03 1.00000000000000e+05 
2.56366445816360e-03 1.00000000000000e+05 
2.77929748349910e-03 1.00000000000000e+05 
3.00839983654754e-03 1.00000000000000e+05 
3.25112423246329e-03 1.00000000000000e+05 
3.50097646887921e-03 1.00000000000000e+05 
3.75721517075538e-03 1.00000000000000e+05 
4.02607081536048e-03 1.00000000000000e+05 
4.31038983289038e-03 1.00000000000000e+05 
4.60678521967549e-03 1.00000000000000e+05 
4.88728846118129e-03 1.00000000000000e+05 
5.14802149729668e-03 1.00000000000000e+05 
5.41082294135226e-03 1.00000000000000e+05 
5.67894444006147e-03 1.00000000000000e+05 
5.96635084569725e-03 1.00000000000000e+05 
6.26303775400316e-03 1.00000000000000e+05 
6.56502425732493e-03 1.00000000000000e+05 
6.87771031335559e-03 1.00000000000000e+05 
7.19601280231869e-03 1.00000000000000e+05 
7.51755884709023e-03 1.00000000000000e+05 
7.84652496632670e-03 1.00000000000000e+05 
8.18199496126449e-03 1.00000000000000e+05 
8.52945249882570e-03 1.00000000000000e+05 
8.88974248031505e-03 1.00000000000000e+05 
9.25676911397525e-03 1.00000000000000e+05 
9.62224203813910e-03 1.00000000000000e+05 
9.98682960141139e-03 1.00000000000000e+05 
1.03535437376253e-02 1.00000000000000e+05 
1.07172288069455e-02 1.00000000000000e+05 
1.10767356468525e-02 1.00000000000000e+05 
1.14355816946074e-02 1.00000000000000e+05 
1.17944218687191e-02 1.00000000000000e+05 
1.21526267018047e-02 1.00000000000000e+05 
1.25121657282370e-02 1.00000000000000e+05 
1.28738003809504e-02 1.00000000000000e+05 
1.32371013714313e-02 1.00000000000000e+05 
1.36029277629401e-02 1.00000000000000e+05 
1.39725588634766e-02 1.00000000000000e+05 
1.43436315499281e-02 1.00000000000000e+05 
1.47167156318949e-02 1.00000000000000e+05 
1.50911881585378e-02 1.00000000000000e+05 
1.54658866376552e-02 1.00000000000000e+05 
1.58414812291586e-02 1.00000000000000e+05 
1.62149378112643e-02 1.00000000000000e+05 
1.65875721119601e-02 1.00000000000000e+05 
1.69608004440275e-02 1.00000000000000e+05 
1.73344192381003e-02 1.00000000000000e+05 
1.77060767471285e-02 1.00000000000000e+05 
1.80784066430626e-02 1.00000000000000e+05 
1.84493085001596e-02 1.00000000000000e+05 
1.88197133754469e-02 1.00000000000000e+05 
1.91908123949604e-02 1.00000000000000e+05 
1.95627107380059e-02 1.00000000000000e+05 
1.99335484890734e-02 1.00000000000000e+05 
2.03054734158062e-02 1.00000000000000e+05 
2.06767248212300e-02 1.00000000000000e+05 
2.10479382656392e-02 1.00000000000000e+05 
2.14199003067477e-02 1.00000000000000e+05 
2.17928976700884e-02 1.00000000000000e+05 
2.21653386027246e-02 1.00000000000000e+05 
2.25389340373788e-02 1.00000000000000e+05 
2.29124303317578e-02 1.00000000000000e+05 
2.32859723432631e-02 1.00000000000000e+05 
2.36603945876715e-02 1.00000000000000e+05 
2.40360219335093e-02 1.00000000000000e+05 
2.44110649674205e-02 1.00000000000000e+05 
2.47874993475972e-02 1.00000000000000e+05 
2.51616871710091e-02 1.00000000000000e+05 
2.55356370161995e-02 1.00000000000000e+05 
2.59112272863791e-02 1.00000000000000e+05 
2.62878446947887e-02 1.00000000000000e+05 
2.66628763819173e-02 1.00000000000000e+05 
2.70394797581436e-02 1.00000000000000e+05 
2.74141865838889e-02 1.00000000000000e+05 
2.77889567539863e-02 1.00000000000000e+05 
2.81655002793325e-02 1.00000000000000e+05 
2.85433491056101e-02 1.00000000000000e+05 
2.89197739882985e-02 1.00000000000000e+05 
2.92978307833509e-02 1.00000000000000e+05 
2.96741662424389e-02 1.00000000000000e+05 
3.00504679990707e-02 1.00000000000000e+05 
3.04282377003938e-02 1.00000000000000e+05 
3.08075491109596e-02 1.00000000000000e+05 
3.11856344182327e-02 1.00000000000000e+05 
3.15653271124229e-02 1.00000000000000e+05 
3.19436397621649e-02 1.00000000000000e+05 
3.23222096432922e-02 1.00000000000000e+05 
3.27023704686868e-02 1.00000000000000e+05 
3.30842104858382e-02 1.00000000000000e+05 
3.34651441644254e-02 1.00000000000000e+05 
3.38476415301370e-02 1.00000000000000e+05 
3.42288531550170e-02 1.00000000000000e+05 
3.46103023236591e-02 1.00000000000000e+05 
3.49931956376924e-02 1.00000000000000e+05 
3.53775789248209e-02 1.00000000000000e+05 
3.57612725067713e-02 1.00000000000000e+05 
3.61464469616674e-02 1.00000000000000e+05 
3.65307251351993e-02 1.00000000000000e+05 
3.69151662897104e-02 1.00000000000000e+05 
3.73009665396351e-02 1.00000000000000e+05 
3.76873618529325e-02 1.00000000000000e+05 
3.80730112356970e-02 1.00000000000000e+05 
3.84599764566506e-02 1.00000000000000e+05 
3.88453748949333e-02 1.00000000000000e+05 
3.92307102332134e-02 1.00000000000000e+05 
3.96174168340330e-02 1.00000000000000e+05 
4.00046225873116e-02 1.00000000000000e+05 
4.03910562403814e-02 1.00000000000000e+05 
4.07788129318647e-02 1.00000000000000e+05 
4.11650721762492e-02 1.00000000000000e+05 
4.15512209357367e-02 1.00000000000000e+05 
4.19388427549560e-02 1.00000000000000e+05 
4.23270400386950e-02 1.00000000000000e+05 
4.27146070846671e-02 1.00000000000000e+05 
4.31035907555262e-02 1.00000000000000e+05 
4.34911875784830e-02 1.00000000000000e+05 
4.38787765047910e-02 1.00000000000000e+05 
4.42678665021855e-02 1.00000000000000e+05 
4.46575466936367e-02 1.00000000000000e+05 
4.50466769465859e-02 1.00000000000000e+05 
4.54372443558733e-02 1.00000000000000e+05 
4.58265271944981e-02 1.00000000000000e+05 
4.62158803199712e-02 1.00000000000000e+05 
4.66067643813898e-02 1.00000000000000e+05 
4.69976909960356e-02 1.00000000000000e+05 
4.73887864486442e-02 1.00000000000000e+05 
4.77803685166866e-02 1.00000000000000e+05 
4.81717923365504e-02 1.00000000000000e+05 
4.85633883952963e-02 1.00000000000000e+05 
4.89549362701455e-02 1.00000000000000e+05 
4.93460413378485e-02 1.00000000000000e+05 
4.97372593131264e-02 1.00000000000000e+05 
5.01285953341919e-02 1.00000000000000e+05 
5.05199211549946e-02 1.00000000000000e+05 
5.09112589452021e-02 1.00000000000000e+05 
5.13023701872384e-02 1.00000000000000e+05 
5.16931568386398e-02 1.00000000000000e+05 
5.20840488561103e-02 1.00000000000000e+05 
5.24749912352480e-02 1.00000000000000e+05 
5.28659661920218e-02 1.00000000000000e+05 
5.32569727821416e-02 1.00000000000000e+05 
5.36477800280528e-02 1.00000000000000e+05 
5.40383464229163e-02 1.00000000000000e+05 
5.44290380069493e-02 1.00000000000000e+05 
5.48197344102420e-02 1.00000000000000e+05 
5.52105028028066e-02 1.00000000000000e+05 
5.56012775896875e-02 1.00000000000000e+05 
5.59917967497537e-02 1.00000000000000e+05 
5.63822005980218e-02 1.00000000000000e+05 
5.67727167358807e-02 1.00000000000000e+05 
5.71631390779092e-02 1.00000000000000e+05 
5.75535836964907e-02 1.00000000000000e+05 
5.79439969279805e-02 1.00000000000000e+05 
5.83341543842653e-02 1.00000000000000e+05 
5.87242440044297e-02 1.00000000000000e+05 
5.91143812491694e-02 1.00000000000000e+05 
5.95043290607152e-02 1.00000000000000e+05 
5.98941900650378e-02 1.00000000000000e+05 
6.02839654715768e-02 1.00000000000000e+05 
6.06734363529812e-02 1.00000000000000e+05 
6.10626638032661e-02 1.00000000000000e+05 
6.14516741032145e-02 1.00000000000000e+05 
6.18403407677819e-02 1.00000000000000e+05 
6.22288931752767e-02 1.00000000000000e+05 
6.26171564482973e-02 1.00000000000000e+05 
6.30048335018513e-02 1.00000000000000e+05 
6.33919854946378e-02 1.00000000000000e+05 
6.37789392563680e-02 1.00000000000000e+05 
6.41656191505087e-02 1.00000000000000e+05 
6.45523215893915e-02 1.00000000000000e+05 
6.49388381644881e-02 1.00000000000000e+05 
6.53249264612620e-02 1.00000000000000e+05 
6.57106982525308e-02 1.00000000000000e+05 
6.60964821417008e-02 1.00000000000000e+05 
6.64822164280588e-02 1.00000000000000e+05 
6.68682154446817e-02 1.00000000000000e+05 
6.72543042916672e-02 1.00000000000000e+05 
6.76402467315136e-02 1.00000000000000e+05 
6.80261124826945e-02 1.00000000000000e+05 
6.84122909964124e-02 1.00000000000000e+05 
6.87986063107457e-02 1.00000000000000e+05 
6.91854838650006e-02 1.00000000000000e+05 
6.95726871469372e-02 1.00000000000000e+05 
6.99600141049502e-02 1.00000000000000e+05 
7.03472136445581e-02 1.00000000000000e+05 
7.07345134878357e-02 1.00000000000000e+05 
7.11218706532956e-02 1.00000000000001e+05 
7.15095694880678e-02 1.00000000000002e+05 
7.18975318833400e-02 1.00000000000004e+05 
7.22854567803863e-02 1.00000000000006e+05 
7.26731911236764e-02 1.00000000000006e+05 
7.30612111943213e-02 1.00000000000032e+05 
7.34493298229552e-02 1.00000000000087e+05 
7.38380075532015e-02 1.00000000000108e+05 
7.42270871472284e-02 1.00000000000160e+05 
7.46162872539424e-02 1.00000000000191e+05 
7.50054986653510e-02 1.00000000001206e+05 
7.53951146719248e-02 1.00000000004472e+05 
7.57850161039262e-02 1.00000000014706e+05 
7.61755054256100e-02 1.00000000044045e+05 
7.65665635369873e-02 1.00000000212190e+05 
7.69579555974191e-02 1.00000000490909e+05 
7.73494179334168e-02 1.00000000826796e+05 
7.77413465912802e-02 1.00000001169785e+05 
7.81337445568515e-02 1.00000001600036e+05 
7.85267913903377e-02 1.00000002274436e+05 
7.89202980519089e-02 1.00000003469138e+05 
7.93139643941232e-02 1.00000004965482e+05 
7.97078092313009e-02 1.00000006783056e+05 
8.01020098892278e-02 1.00000009470467e+05 
8.04962152057556e-02 1.00000012652299e+05 
8.08908012408623e-02 1.00000016882229e+05 
8.12858041020324e-02 1.00000023383985e+05 
8.16810380124892e-02 1.00000032287407e+05 
8.20764846559245e-02 1.00000045292509e+05 
8.24722774687133e-02 1.00000065709838e+05 
8.28681125912292e-02 1.00000096544551e+05 
8.32642813619255e-02 1.00000143598376e+05 
8.36609046880132e-02 1.00000217972701e+05 
8.40577941933793e-02 1.00000325927964e+05 
8.44549468637819e-02 1.00000481346474e+05 
8.48524414038614e-02 1.00000709336420e+05 
8.52500164721971e-02 1.00001012808037e+05 
8.56479403034157e-02 1.00001417069489e+05 
8.60462791546981e-02 1.00001972213311e+05 
8.64448923813594e-02 1.00002664747891e+05 
8.68437237635995e-02 1.00003489970868e+05 
8.72428749571831e-02 1.00004545381678e+05 
8.76420680352392e-02 1.00005776118762e+05 
8.80415784198943e-02 1.00007249009254e+05 
8.84414741346992e-02 1.00009087769249e+05 
8.88415787684418e-02 1.00011364125120e+05 
8.92418525753148e-02 1.00014232654235e+05 
8.96423686639903e-02 1.00018291936104e+05 
9.00429191913835e-02 1.00023960493102e+05 
9.04437102555315e-02 1.00031725894750e+05 
9.08448415505882e-02 1.00043003093011e+05 
9.12461455931143e-02 1.00058902340243e+05 
9.16475662962937e-02 1.00081343778935e+05 
9.20491949285720e-02 1.00112721894921e+05 
9.24508201399598e-02 1.00156213011005e+05 
9.28527088855319e-02 1.00213775837243e+05 
9.32549514948436e-02 1.00289089670903e+05 
9.36573385255885e-02 1.00384097790439e+05 
9.40598281285403e-02 1.00501804084456e+05 
9.44625343068219e-02 1.00643907436842e+05 
9.48652409288821e-02 1.00811515440220e+05 
9.52682662324694e-02 1.01000386680156e+05 
9.56716962146345e-02 1.01209197854727e+05 
9.60753087493033e-02 1.01432814596957e+05 
9.64790638450184e-02 1.01666879547469e+05 
9.68830661273423e-02 1.01903414014699e+05 
9.72869906387928e-02 1.02135877613086e+05 
9.76909955845160e-02 1.02353511269476e+05 
9.80951834131811e-02 1.02547285899575e+05 
9.84993760862271e-02 1.02715041054343e+05 
9.89035203390599e-02 1.02853511434628e+05 
9.93077617293867e-02 1.02919792467283e+05 
9.97119101101848e-02 1.02941154577283e+05 
1.00116126288023e-01 1.02915369567923e+05 
1.00520500231128e-01 1.02888309095348e+05 
1.00924859922636e-01 1.02849885002866e+05 
1.01329135920411e-01 1.02794486391438e+05 
1.01733468862992e-01 1.02707376328344e+05 
1.02137677798116e-01 1.02599689261752e+05 
1.02541930804652e-01 1.02469224285071e+05 
1.02946292285188e-01 1.02318341119029e+05 
1.03350624085711e-01 1.02155833856912e+05 
1.03754815221215e-01 1.01985059923032e+05 
1.04159017490842e-01 1.01798313434361e+05 
1.04563065855520e-01 1.01614607797192e+05 
1.04967127069994e-01 1.01424945041704e+05 
1.05371252020489e-01 1.01235215441475e+05 
1.05775303098736e-01 1.01047042748119e+05 
1.06179181361042e-01 1.00862773928723e+05 
1.06583011433569e-01 1.00676274248071e+05 
1.06986685146090e-01 1.00502979398389e+05 
1.07390349629976e-01 1.00332246939082e+05 
1.07794030409994e-01 1.00167267051988e+05 
1.08197620759528e-01 1.00007202314858e+05 
1.08601037634494e-01 9.98530304233963e+04 
1.09004421341335e-01 9.97000656183252e+04 
1.09407661962162e-01 9.95617380492593e+04 
1.09810817242508e-01 9.94295168561996e+04 
1.10213918118750e-01 9.93044716682078e+04 
1.10616893563852e-01 9.91860782113169e+04 
1.11019727476999e-01 9.90763825334712e+04 
1.11422480733377e-01 9.89694928527603e+04 
1.11824941055600e-01 9.88764136918495e+04 
1.12227344843091e-01 9.87944514116304e+04 
1.12629715549737e-01 9.87188305404536e+04 
1.13031931867654e-01 9.86523426817386e+04 
1.13434009176955e-01 9.85937152681086e+04 
1.13836078279439e-01 9.85408047100418e+04 
1.14237892891896e-01 9.85034188390979e+04 
1.14639683927170e-01 9.84740311321260e+04 
1.15041532743145e-01 9.84584883766216e+04 
1.15443281534446e-01 9.84515837550242e+04 
1.15844973439437e-01 9.84555339935747e+04 
1.16246764106027e-01 9.84577889536319e+04 
1.16648407175719e-01 9.84639987478953e+04 
1.17050145309784e-01 9.84757596235172e+04 
1.17452050922593e-01 9.84913689335505e+04 
1.17853942444744e-01 9.85116304829251e+04 
1.18255895327269e-01 9.85385462398311e+04 
1.18658015804356e-01 9.85678724858241e+04 
1.19060142822163e-01 9.85996291464544e+04 
1.19462452297074e-01 9.86356446631103e+04 
1.19864945972631e-01 9.86714408525523e+04 
1.20267393861578e-01 9.87086465313804e+04 
1.20669883648450e-01 9.87461183818639e+04 
1.21072613283185e-01 9.87836925431682e+04 
1.21475449874725e-01 9.88172127554725e+04 
1.21878520350487e-01 9.88535574200658e+04 
1.22281828907507e-01 9.88867102633382e+04 
1.22685201673996e-01 9.89192997418769e+04 
1.23088649921818e-01 9.89522779040232e+04 
1.23492318520828e-01 9.89834611868770e+04 
1.23896118911131e-01 9.90115223243721e+04 
1.24300140425661e-01 9.90416456747999e+04 
1.24704387592227e-01 9.90689802780373e+04 
1.25108728355587e-01 9.90972126181873e+04 
1.25513145609435e-01 9.91261118037532e+04 
1.25917774886223e-01 9.91559359406728e+04 
1.26322512405197e-01 9.91845507477846e+04 
1.26727457507253e-01 9.92159194826098e+04 
1.27132589434522e-01 9.92478686051261e+04 
1.27537831929022e-01 9.92817658505929e+04 
1.27943121173339e-01 9.93192905115225e+04 
1.28348583728077e-01 9.93597596755557e+04 
1.28754142160592e-01 9.94002278029003e+04 
1.29159877564287e-01 9.94446613337971e+04 
1.29565734259163e-01 9.94900237058223e+04 
1.29971690556425e-01 9.95380864117061e+04 
1.30377632736570e-01 9.95889257282514e+04 
1.30783674549293e-01 9.96410307137322e+04 
1.31189772498826e-01 9.96917100450094e+04 
1.31596038080626e-01 9.97426859411238e+04 
1.32002417273829e-01 9.97914837329105e+04 
1.32408887901075e-01 9.98385833683613e+04 
1.32815316667577e-01 9.98841504324819e+04 
1.33221828874717e-01 9.99273575998270e+04 
1.33628254172453e-01 9.99661243262143e+04 
1.34034628741283e-01 1.00001181054433e+05 
1.34441044626026e-01 1.00031773368839e+05 
1.34847497404505e-01 1.00058951675948e+05 
1.35254005775656e-01 1.00082206597883e+05 
1.35660636332915e-01 1.00103020608776e+05 
1.36067342693077e-01 1.00120169634111e+05 
1.36474224806844e-01 1.00132914934615e+05 
1.36881380078553e-01 1.00145713091854e+05 
1.37288799135933e-01 1.00156818312136e+05 
1.37696469887365e-01 1.00164716439061e+05 
1.38104445722818e-01 1.00169889278363e+05 
1.38512570351655e-01 1.00172689918453e+05 
1.38920862465050e-01 1.00171619335274e+05 
1.39329365965015e-01 1.00168902644007e+05 
1.39738008656777e-01 1.00164462901344e+05 
1.40146705728386e-01 1.00159440413377e+05 
1.40555468400031e-01 1.00154004303200e+05 
1.40964108648481e-01 1.00148333214820e+05 
1.41372667983942e-01 1.00141550445806e+05 
1.41781169717677e-01 1.00134411414711e+05 
1.42189565916691e-01 1.00126648398996e+05 
1.42597800963796e-01 1.00118505158029e+05 
1.43005871652615e-01 1.00110108798268e+05 
1.43413678040011e-01 1.00100972886005e+05 
1.43821341125528e-01 1.00091086181385e+05 
1.44228808144889e-01 1.00080791147072e+05 
1.44636164914603e-01 1.00069917799811e+05 
1.45043316012424e-01 1.00058622072564e+05 
1.45450273326686e-01 1.00047077730641e+05 
1.45857030194050e-01 1.00034329483484e+05 
1.46263718566677e-01 1.00021173911680e+05 
1.46670300794113e-01 1.00007287416034e+05 
1.47076880753706e-01 9.99929352938451e+04 
1.47483146726568e-01 9.99782167813253e+04 
1.47889259695902e-01 9.99626073475417e+04 
1.48295253131536e-01 9.99451853737398e+04 
1.48701290688184e-01 9.99279820583654e+04 
1.49107373475378e-01 9.99101072004324e+04 
1.49513433513104e-01 9.98918745789125e+04 
1.49919468579123e-01 9.98745933750344e+04 
1.50325571777089e-01 9.98568539931129e+04 
1.50731672884224e-01 9.98379515807287e+04 
1.51138036104605e-01 9.98194691240667e+04 
1.51544601929106e-01 9.98009973141768e+04 
1.51951299754520e-01 9.97834845817566e+04 
1.52358145492067e-01 9.97670436952497e+04 
1.52765244710089e-01 9.97522490593665e+04 
1.53172537396749e-01 9.97368347621537e+04 
1.53580224312509e-01 9.97239385423588e+04 
1.53988313124965e-01 9.97127050156585e+04 
1.54396799384872e-01 9.97038637763881e+04 
1.54805684503064e-01 9.96982429577332e+04 
1.55214963731366e-01 9.96979829108075e+04 
1.55624662579432e-01 9.96968689430633e+04 
1.56034918399231e-01 9.96987746597069e+04 
1.56445788524976e-01 9.97032110701682e+04 
1.56857310606259e-01 9.97108396832010e+04 
1.57269418048908e-01 9.97216583351203e+04 
1.57682113833142e-01 9.97356854880603e+04 
1.58095418411798e-01 9.97498099734394e+04 
1.58509384017970e-01 9.97666377468650e+04 
1.58924065548674e-01 9.97850552410781e+04 
1.59339291831016e-01 9.98049989031130e+04 
1.59754750242939e-01 9.98265248710940e+04 
1.60170008121545e-01 9.98497191665632e+04 
1.60585554714402e-01 9.98708271503479e+04 
1.61000750982617e-01 9.98925775739970e+04 
1.61416170928503e-01 9.99130168391241e+04 
1.61832092660622e-01 9.99325130080669e+04 
1.62248319795369e-01 9.99502489732338e+04 
1.62664227442305e-01 9.99666110321258e+04 
1.63080508301766e-01 9.99786249800534e+04 
1.63496424445413e-01 9.99888351486798e+04 
1.63912673134059e-01 9.99970359446378e+04 
1.64329565462295e-01 1.00002213916741e+05 
1.64746881455375e-01 1.00006858949504e+05 
1.65163954926601e-01 1.00011116315791e+05 
1.65581423212141e-01 1.00012251740280e+05 
1.65998627661544e-01 1.00012607557160e+05 
1.66416245976268e-01 1.00012482481786e+05 
1.66834629149977e-01 1.00011900508904e+05 
1.67253518066357e-01 1.00010428065506e+05 
1.67672311428427e-01 1.00008656615625e+05 
1.68091527928110e-01 1.00005194510024e+05 
1.68510740102559e-01 1.00000828296468e+05 
1.68930431530301e-01 9.99962427905941e+04 
1.69350903306667e-01 9.99919318202596e+04 
1.69771989324023e-01 9.99884912920607e+04 
1.70193113008785e-01 9.99869215076336e+04 
1.70614728935248e-01 9.99859436963500e+04 
1.71036510112867e-01 9.99867257463686e+04 
1.71458832233699e-01 9.99898909214001e+04 
1.71881814173407e-01 9.99951078746869e+04 
1.72304817999262e-01 1.00002176306919e+05 
1.72727701030417e-01 1.00011210658329e+05 
1.73150360687867e-01 1.00021007350393e+05 
1.73572920541146e-01 1.00031418021321e+05 
1.73995406634272e-01 1.00042826722565e+05 
1.74417704190089e-01 1.00054346806541e+05 
1.74839988483075e-01 1.00065342993517e+05 
1.75262268409442e-01 1.00076279168478e+05 
1.75684304867297e-01 1.00086547009904e+05 
1.76106230740619e-01 1.00096172829482e+05 
1.76528121342630e-01 1.00105388942185e+05 
1.76949814995828e-01 1.00113950931451e+05 
1.77371414626271e-01 1.00121218406818e+05 
1.77792986321909e-01 1.00127325361352e+05 
1.78214359587113e-01 1.00133003712997e+05 
1.78635727274582e-01 1.00137406106404e+05 
1.79057126965697e-01 1.00141308101454e+05 
1.79478341020124e-01 1.00144652485902e+05 
1.79899478657117e-01 1.00147520066585e+05 
1.80320632980967e-01 1.00149074828216e+05 
1.80741695248660e-01 1.00149852487352e+05 
1.81162922856965e-01 1.00148915081371e+05 
1.81584296594286e-01 1.00147620263059e+05 
1.82005579668168e-01 1.00146134908834e+05 
1.82426835500872e-01 1.00143205065069e+05 
1.82848181056354e-01 1.00138020818450e+05 
1.83269523937744e-01 1.00131043945390e+05 
1.83691183555715e-01 1.00121967261307e+05 
1.84113059760882e-01 1.00111261654938e+05 
1.84534956317459e-01 1.00098990588511e+05 
1.84956897026559e-01 1.00085411597842e+05 
1.85378959297812e-01 1.00069665140309e+05 
1.85801087182599e-01 1.00054093973590e+05 
1.86223435210221e-01 1.00037608237476e+05 
1.86645956431556e-01 1.00020675929724e+05 
1.87068552574801e-01 1.00002991883713e+05 
1.87491170731415e-01 9.99850523399381e+04 
1.87913854555048e-01 9.99656340488859e+04 
1.88336579953780e-01 9.99473850440866e+04 
1.88759524969358e-01 9.99288665349287e+04 
1.89182599642015e-01 9.99102042392265e+04 
1.89605746904208e-01 9.98916084435817e+04 
1.90028865308017e-01 9.98735545921778e+04 
1.90451989573676e-01 9.98548351314959e+04 
1.90875150874413e-01 9.98376102391372e+04 
1.91298503214659e-01 9.98203001916483e+04 
1.91721939560604e-01 9.98033034027932e+04 
1.92145434156054e-01 9.97864781286145e+04 
1.92568828688199e-01 9.97706473064352e+04 
1.92992154423600e-01 9.97549499956652e+04 
1.93415503657446e-01 9.97413915132408e+04 
1.93839024101652e-01 9.97284252168367e+04 
1.94262600784309e-01 9.97160750113268e+04 
1.94686225465821e-01 9.97039589302488e+04 
1.95109707191817e-01 9.96928009404154e+04 
1.95533074386682e-01 9.96816221262692e+04 
1.95956485765458e-01 9.96718022416079e+04 
1.96380092520151e-01 9.96624391811457e+04 
1.96803783618764e-01 9.96530254570219e+04 
1.97227588264978e-01 9.96439079341468e+04 
1.97651298734120e-01 9.96355079422878e+04 
1.98074922561465e-01 9.96276484711623e+04 
1.98498698588395e-01 9.96210559067455e+04 
1.98922744815578e-01 9.96153500819741e+04 
1.99346940082170e-01 9.96097257180848e+04 
1.99771392127528e-01 9.96042178248485e+04 
2.00195857220121e-01 9.95996638421355e+04 
