# Liste des scalaires : TEMPS pmat 
0.00000000000000e+00 1.00000000000000e+05 
7.22956891292051e-05 1.00000000000000e+05 
1.34990653080403e-04 1.00000000000000e+05 
1.93371131793709e-04 1.00000000000000e+05 
2.52286548491882e-04 1.00000000000000e+05 
3.12590197900649e-04 1.00000000000000e+05 
3.71539643510617e-04 1.00000000000000e+05 
4.31259869548353e-04 1.00000000000000e+05 
4.92204024502779e-04 1.00000000000000e+05 
5.54901914664535e-04 1.00000000000000e+05 
6.19051917605445e-04 1.00000000000000e+05 
6.85016139785260e-04 1.00000000000000e+05 
7.50285971466417e-04 1.00000000000000e+05 
8.17456623236671e-04 1.00000000000000e+05 
8.86036767812287e-04 1.00000000000000e+05 
9.56070646990144e-04 1.00000000000000e+05 
1.02793909661082e-03 1.00000000000000e+05 
1.09923107101096e-03 1.00000000000000e+05 
1.17243517212824e-03 1.00000000000000e+05 
1.24708159453510e-03 1.00000000000000e+05 
1.32318458077569e-03 1.00000000000000e+05 
1.39920549504826e-03 1.00000000000000e+05 
1.47684761313828e-03 1.00000000000000e+05 
1.55629995750424e-03 1.00000000000000e+05 
1.63733844213520e-03 1.00000000000000e+05 
1.71987203161784e-03 1.00000000000000e+05 
1.80364747784589e-03 1.00000000000000e+05 
1.88863520335746e-03 1.00000000000000e+05 
1.97480524880195e-03 1.00000000000000e+05 
2.06242225772421e-03 1.00000000000000e+05 
2.15261424613655e-03 1.00000000000000e+05 
2.24470148267398e-03 1.00000000000000e+05 
2.33895597322943e-03 1.00000000000000e+05 
2.43301823517554e-03 1.00000000000000e+05 
2.52824054315973e-03 1.00000000000000e+05 
2.62487911707318e-03 1.00000000000000e+05 
2.72303177968673e-03 1.00000000000000e+05 
2.82295502069518e-03 1.00000000000000e+05 
2.92466461721196e-03 1.00000000000000e+05 
3.02839307852544e-03 1.00000000000000e+05 
3.13272878457899e-03 1.00000000000000e+05 
3.24125511966462e-03 1.00000000000000e+05 
3.34803622146438e-03 1.00000000000000e+05 
3.45619606929194e-03 1.00000000000000e+05 
3.56580941434464e-03 1.00000000000000e+05 
3.67699734342582e-03 1.00000000000000e+05 
3.78973430538754e-03 1.00000000000000e+05 
3.90415863970184e-03 1.00000000000000e+05 
4.02032343928860e-03 1.00000000000000e+05 
4.13820970338573e-03 1.00000000000000e+05 
4.25770887300001e-03 1.00000000000000e+05 
4.37893406870360e-03 1.00000000000000e+05 
4.50208526584774e-03 1.00000000000000e+05 
4.62528131381806e-03 1.00000000000000e+05 
4.74859617308026e-03 1.00000000000000e+05 
4.87493731915353e-03 1.00000000000000e+05 
4.99878590603828e-03 1.00000000000000e+05 
5.12261652811050e-03 1.00000000000000e+05 
5.24650038360472e-03 1.00000000000000e+05 
5.37026269071730e-03 1.00000000000000e+05 
5.49425867272627e-03 1.00000000000000e+05 
5.61821400437649e-03 1.00000000000000e+05 
5.74232725823832e-03 1.00000000000000e+05 
5.86643886342334e-03 1.00000000000000e+05 
5.99116507263270e-03 1.00000000000000e+05 
6.11610239663776e-03 1.00000000000000e+05 
6.24172559241532e-03 1.00000000000000e+05 
6.36781149045258e-03 1.00000000000000e+05 
6.49425324816522e-03 1.00000000000000e+05 
6.62084876220440e-03 1.00000000000000e+05 
6.74720289860806e-03 1.00000000000000e+05 
6.87256354340943e-03 1.00000000000000e+05 
6.99809777001596e-03 1.00000000000000e+05 
7.12343615908377e-03 1.00000000000000e+05 
7.24802833402509e-03 1.00000000000000e+05 
7.37402677458292e-03 1.00000000000000e+05 
7.50019641886187e-03 1.00000000000000e+05 
7.62632041199001e-03 1.00000000000000e+05 
7.75234399237650e-03 1.00000000000000e+05 
7.87800419199474e-03 1.00000000000000e+05 
8.00346278577605e-03 1.00000000000000e+05 
8.12910128694903e-03 1.00000000000000e+05 
8.25446902729192e-03 1.00000000000000e+05 
8.38013642626483e-03 1.00000000000000e+05 
8.50613029447320e-03 1.00000000000000e+05 
8.63225443679092e-03 1.00000000000000e+05 
8.75857438490569e-03 1.00000000000000e+05 
8.88624186677302e-03 1.00000000000000e+05 
9.01108951043911e-03 1.00000000000000e+05 
9.13835707947113e-03 1.00000000000000e+05 
9.26750213669099e-03 1.00000000000000e+05 
9.39621855963836e-03 1.00000000000000e+05 
9.52394976493764e-03 1.00000000000000e+05 
9.65376463116130e-03 1.00000000000000e+05 
9.78321583402243e-03 1.00000000000000e+05 
9.91344193527156e-03 1.00000000000000e+05 
1.00438247459548e-02 1.00000000000000e+05 
1.01737025647833e-02 1.00000000000000e+05 
1.03009191870448e-02 1.00000000000000e+05 
1.04324354613858e-02 1.00000000000000e+05 
1.05602702263159e-02 1.00000000000000e+05 
1.06902416828950e-02 1.00000000000000e+05 
1.08220188088067e-02 1.00000000000000e+05 
1.09537847925253e-02 1.00000000000000e+05 
1.10832243069340e-02 1.00000000000000e+05 
1.12150171542268e-02 1.00000000000000e+05 
1.13456289217361e-02 1.00000000000000e+05 
1.14730566049951e-02 1.00000000000000e+05 
1.16048344276604e-02 1.00000000000000e+05 
1.17365403437165e-02 1.00000000000000e+05 
1.18636747528548e-02 1.00000000000000e+05 
1.19937834343627e-02 1.00000000000000e+05 
1.21222918269279e-02 1.00000000000000e+05 
1.22535845600641e-02 1.00000000000000e+05 
1.23848901629221e-02 1.00000000000000e+05 
1.25163054255390e-02 1.00000000000000e+05 
1.26478066887298e-02 1.00000000000000e+05 
1.27791967680889e-02 1.00000000000000e+05 
1.29105474495373e-02 1.00000000000000e+05 
1.30419338501254e-02 1.00000000000000e+05 
1.31732563434939e-02 1.00000000000000e+05 
1.33045558235981e-02 1.00000000000000e+05 
1.34338558830325e-02 1.00000000000000e+05 
1.35651497670700e-02 1.00000000000000e+05 
1.36964253929091e-02 1.00000000000000e+05 
1.38277493957682e-02 1.00000000000000e+05 
1.39590895057593e-02 1.00000000000000e+05 
1.40904812913252e-02 1.00000000000000e+05 
1.42219194703593e-02 1.00000000000000e+05 
1.43533684914950e-02 1.00000000000000e+05 
1.44848147331838e-02 1.00000000000000e+05 
1.46163165940202e-02 1.00000000000000e+05 
1.47479856628060e-02 1.00000000000000e+05 
1.48797440153761e-02 1.00000000000000e+05 
1.50116434682168e-02 1.00000000000000e+05 
1.51433901130968e-02 1.00000000000000e+05 
1.52749392645133e-02 1.00000000000000e+05 
1.54063685124096e-02 1.00000000000000e+05 
1.55377334379113e-02 1.00000000001079e+05 
1.56690178583177e-02 1.00000000005288e+05 
1.57943588296353e-02 1.00000000011255e+05 
1.59254577567477e-02 1.00000000021547e+05 
1.60554510031168e-02 1.00000000033709e+05 
1.61857938263818e-02 1.00000000050118e+05 
1.63160777062567e-02 1.00000000076886e+05 
1.64464089592400e-02 1.00000000212493e+05 
1.65768254736428e-02 1.00000000365850e+05 
1.67075764055222e-02 1.00000000568652e+05 
1.68387582266223e-02 1.00000000798121e+05 
1.69704354306630e-02 1.00000001095737e+05 
1.71025562108793e-02 1.00000001537439e+05 
1.72350656602068e-02 1.00000002114586e+05 
1.73600707580033e-02 1.00000002680926e+05 
1.74932299606028e-02 1.00000003424658e+05 
1.76217961071798e-02 1.00000004244167e+05 
1.77552875998888e-02 1.00000005236233e+05 
1.78891439609129e-02 1.00000006839640e+05 
1.80210301911043e-02 1.00000009206036e+05 
1.81548874662544e-02 1.00000012157358e+05 
1.82878910129622e-02 1.00000016200646e+05 
1.84199676183419e-02 1.00000020712904e+05 
1.85534155595360e-02 1.00000026558015e+05 
1.86853462466579e-02 1.00000034802346e+05 
1.88172673205308e-02 1.00000046053948e+05 
1.89441539571791e-02 1.00000059399817e+05 
1.90760951004530e-02 1.00000076911058e+05 
1.92077404321862e-02 1.00000096810071e+05 
1.93389514147083e-02 1.00000122372626e+05 
1.94698767833721e-02 1.00000156043210e+05 
1.96006129851572e-02 1.00000199895405e+05 
1.97311620920988e-02 1.00000253505044e+05 
1.98616614475579e-02 1.00000321678687e+05 
1.99921514229102e-02 1.00000400479794e+05 
2.01226640968321e-02 1.00000500180410e+05 
2.02531983405558e-02 1.00000631295090e+05 
2.03838293305520e-02 1.00000807849328e+05 
2.05144038740918e-02 1.00001022190677e+05 
2.06449672439352e-02 1.00001300503458e+05 
2.07755542342549e-02 1.00001631514227e+05 
2.09062285561790e-02 1.00002014530509e+05 
2.10370716059953e-02 1.00002477175743e+05 
2.11682138231153e-02 1.00003065217387e+05 
2.12995710083715e-02 1.00003758449022e+05 
2.14313016488486e-02 1.00004639934508e+05 
2.15634914836502e-02 1.00005666981938e+05 
2.16962664811042e-02 1.00006819987418e+05 
2.18296792084578e-02 1.00008213583189e+05 
2.19639229535347e-02 1.00009881691618e+05 
2.20984126282834e-02 1.00011730604086e+05 
2.22323839610360e-02 1.00013945322087e+05 
2.23662685190165e-02 1.00016390831430e+05 
2.24995896878023e-02 1.00019077493677e+05 
2.26323279271309e-02 1.00022197948698e+05 
2.27648686770393e-02 1.00025805159914e+05 
2.28974155593670e-02 1.00029858911531e+05 
2.30301305339416e-02 1.00034630163438e+05 
2.31631019690322e-02 1.00040183943358e+05 
2.32963195496881e-02 1.00046425695153e+05 
2.34297102931026e-02 1.00053924034496e+05 
2.35632481450907e-02 1.00062753119456e+05 
2.36968348865076e-02 1.00073174693417e+05 
2.38304466408685e-02 1.00085783012371e+05 
2.39640358035520e-02 1.00101800671403e+05 
2.40976132979292e-02 1.00120666113471e+05 
2.42312396127791e-02 1.00147925679449e+05 
2.43649774902898e-02 1.00201478232633e+05 
2.44957471474003e-02 1.00286285683776e+05 
2.46298557831857e-02 1.00409496427641e+05 
2.47641588031978e-02 1.00587109391552e+05 
2.48987300601367e-02 1.00828043914752e+05 
2.50337253683145e-02 1.01141211333278e+05 
2.51693732239866e-02 1.01536644471553e+05 
2.53056786075900e-02 1.02018483615228e+05 
2.54428574152761e-02 1.02579314723667e+05 
2.55809693455736e-02 1.03224580439341e+05 
2.57201036516876e-02 1.03959279615521e+05 
2.58604828474468e-02 1.04783035130238e+05 
2.60009085299558e-02 1.05690182160086e+05 
2.61355094335422e-02 1.06625672003571e+05 
2.62759175957254e-02 1.07672289693656e+05 
2.64148237425235e-02 1.08744365274631e+05 
2.65542322800171e-02 1.09862815355554e+05 
2.66936163461865e-02 1.10985070375920e+05 
2.68330664906027e-02 1.12078040228298e+05 
2.69725748460556e-02 1.13141768338498e+05 
2.71121060968037e-02 1.14185782031797e+05 
2.72517320441085e-02 1.15162633705911e+05 
2.73913162415435e-02 1.16154273104971e+05 
2.75308163760214e-02 1.16950777815321e+05 
2.76704022233713e-02 1.17580278381017e+05 
2.78099648441608e-02 1.18059786771507e+05 
2.79495455312838e-02 1.18417345658954e+05 
2.80892687879062e-02 1.18622293774916e+05 
2.82290444282442e-02 1.18676299352951e+05 
2.83688025247437e-02 1.18538795568245e+05 
2.85087252167227e-02 1.18398969381592e+05 
2.86487345200608e-02 1.18234051827213e+05 
2.87887329419149e-02 1.18048121808199e+05 
2.89287800161626e-02 1.17843257184503e+05 
2.90688094216836e-02 1.17619374089522e+05 
2.92088686979500e-02 1.17362592402538e+05 
2.93492266301538e-02 1.17070973165204e+05 
2.94898981865736e-02 1.16729200181698e+05 
2.96308454288878e-02 1.16324561409850e+05 
2.97721367344848e-02 1.15886898484447e+05 
2.99136717894313e-02 1.15427840278898e+05 
3.00554344029650e-02 1.14950930245054e+05 
3.01974676517621e-02 1.14460447897101e+05 
3.03397388636478e-02 1.13957115398733e+05 
3.04822321159055e-02 1.13443835180596e+05 
3.06250090425791e-02 1.12925633405007e+05 
3.07680434277982e-02 1.12402447384438e+05 
3.09114094866725e-02 1.11877513557522e+05 
3.10551430537349e-02 1.11355755831999e+05 
3.11993111044478e-02 1.10834006983089e+05 
3.13440016550380e-02 1.10318265688324e+05 
3.14892721597216e-02 1.09807403146928e+05 
3.16351076988440e-02 1.09302243017897e+05 
3.17818058298694e-02 1.08800929859208e+05 
3.19297122653907e-02 1.08307073001766e+05 
3.20788562314297e-02 1.07817611499579e+05 
3.22295876001330e-02 1.07332425399394e+05 
3.23822094627495e-02 1.06854050488930e+05 
3.25334249623736e-02 1.06390379875718e+05 
3.26908323102823e-02 1.05915534981840e+05 
3.28501635443665e-02 1.05452659277563e+05 
3.30027027537813e-02 1.05020219279069e+05 
3.31626763766113e-02 1.04578633420542e+05 
3.33194023718490e-02 1.04154545282912e+05 
3.34797690053280e-02 1.03729171800325e+05 
3.36274044943993e-02 1.03346130358176e+05 
3.37763767077194e-02 1.02973459128906e+05 
3.39241065911509e-02 1.02611055034859e+05 
3.40720154270587e-02 1.02257774815096e+05 
3.42126648562428e-02 1.01929127055809e+05 
3.43608944380644e-02 1.01591452704332e+05 
3.45091866132495e-02 1.01261868993082e+05 
3.46575708052885e-02 1.00945799404691e+05 
3.48034732373691e-02 1.00642261556880e+05 
3.49518987390308e-02 1.00343034233923e+05 
3.50995639301198e-02 1.00052796088286e+05 
3.52479882215057e-02 9.97688701846628e+04 
3.53964241331503e-02 9.94921259578562e+04 
3.55448424710711e-02 9.92274248092221e+04 
3.56933134074531e-02 9.89713166148869e+04 
3.58419157977259e-02 9.87209935336614e+04 
3.59905245152760e-02 9.84778997424253e+04 
3.61392385721688e-02 9.82435371208560e+04 
3.62878801385422e-02 9.80149204583156e+04 
3.64366128415621e-02 9.77964807519499e+04 
3.65854397443566e-02 9.75833992930185e+04 
3.67344539435991e-02 9.73775977351172e+04 
3.68836361531449e-02 9.71777912284242e+04 
3.70329625099516e-02 9.69835183725397e+04 
3.71824289277160e-02 9.67946187773288e+04 
3.73320367158411e-02 9.66157652517122e+04 
3.74818162288189e-02 9.64414580249431e+04 
3.76318166038424e-02 9.62745517196155e+04 
3.77820426875736e-02 9.61125440441314e+04 
3.79324571022142e-02 9.59555959199036e+04 
3.80831505403127e-02 9.58041026356023e+04 
3.82340766294830e-02 9.56626902464592e+04 
3.83853519429412e-02 9.55259636293304e+04 
3.85368102520439e-02 9.53969656673234e+04 
3.86887830841170e-02 9.52731771604527e+04 
3.88410739869648e-02 9.51546586473545e+04 
3.89938270280847e-02 9.50420652161815e+04 
3.91470413940566e-02 9.49396953796916e+04 
3.93010576656834e-02 9.48418888339353e+04 
3.94556084010254e-02 9.47515434433559e+04 
3.96104735385911e-02 9.46666821931770e+04 
3.97654457833988e-02 9.45879699606913e+04 
3.99202914911508e-02 9.45175604466907e+04 
4.00750155383338e-02 9.44586567809592e+04 
4.02289655941722e-02 9.44076883182411e+04 
4.03840288947611e-02 9.43582020595768e+04 
4.05383969587501e-02 9.43121984072931e+04 
4.06937042478703e-02 9.42820698435263e+04 
4.08493999962283e-02 9.42637723650196e+04 
4.10055906289044e-02 9.42600013786096e+04 
4.11608335777906e-02 9.42654385534261e+04 
4.13176115245927e-02 9.42800094532110e+04 
4.14728518000010e-02 9.43020222689725e+04 
4.16296404125901e-02 9.43332624914307e+04 
4.17872276007407e-02 9.43651979178931e+04 
4.19451817544232e-02 9.43982552883987e+04 
4.21010344915167e-02 9.44357612774860e+04 
4.22593982395444e-02 9.44739246819734e+04 
4.24153743836648e-02 9.45095925313494e+04 
4.25734392287555e-02 9.45437048482556e+04 
4.27334983594266e-02 9.45795724059829e+04 
4.28942008059106e-02 9.46202615012395e+04 
4.30515420715085e-02 9.46629893606190e+04 
4.32115901487227e-02 9.47125803650831e+04 
4.33695800655775e-02 9.47658416198731e+04 
4.35305568022122e-02 9.48243658965193e+04 
4.36950666448204e-02 9.48897891574339e+04 
4.38605891804540e-02 9.49624097935160e+04 
4.40212266291376e-02 9.50369893298442e+04 
4.41857747889341e-02 9.51184178633549e+04 
4.43482330995353e-02 9.51998303869085e+04 
4.45158177983373e-02 9.52835431449307e+04 
4.46859620348866e-02 9.53691499102447e+04 
4.48562272254128e-02 9.54552258742803e+04 
4.50242592529166e-02 9.55386321758767e+04 
4.51952801847852e-02 9.56225836759776e+04 
4.53656420991583e-02 9.57031506090412e+04 
4.55374066913997e-02 9.57807683744200e+04 
4.57095074500552e-02 9.58550743062445e+04 
4.58819035918075e-02 9.59265032972041e+04 
4.60545982382874e-02 9.59947066722241e+04 
4.62276002073839e-02 9.60588897835766e+04 
4.64009410057739e-02 9.61194961103165e+04 
4.65746154118206e-02 9.61785715161955e+04 
4.67487470503333e-02 9.62326268356689e+04 
4.69233885444880e-02 9.62811469058725e+04 
4.70986139868564e-02 9.63248740366674e+04 
4.72745402471805e-02 9.63643764625562e+04 
4.74512392465892e-02 9.64018976189706e+04 
4.76288163888129e-02 9.64383638472419e+04 
4.78074371480479e-02 9.64686571066524e+04 
4.79873595244174e-02 9.64960046631481e+04 
4.81672893241877e-02 9.65194281806909e+04 
4.83473043886517e-02 9.65424113415454e+04 
4.85273253950256e-02 9.65632654612921e+04 
4.87073364824830e-02 9.65815552333564e+04 
4.88873674023190e-02 9.65990269818230e+04 
4.90674880014743e-02 9.66151399623150e+04 
4.92476960581724e-02 9.66295694079895e+04 
4.94252967583119e-02 9.66441705611014e+04 
4.96057414294631e-02 9.66571518480071e+04 
4.97862193733025e-02 9.66678213708656e+04 
4.99667218241642e-02 9.66801356136457e+04 
5.01473202734539e-02 9.66929095131316e+04 
5.03257172889823e-02 9.67056919595549e+04 
5.05062023269236e-02 9.67191370842804e+04 
5.06862595048078e-02 9.67325809274142e+04 
5.08668459278234e-02 9.67461559315140e+04 
5.10473981924410e-02 9.67627126640684e+04 
5.12279561555172e-02 9.67777688810170e+04 
5.14085825118590e-02 9.67927471732543e+04 
5.15887959524566e-02 9.68064933617557e+04 
5.17695787357329e-02 9.68206592453450e+04 
5.19504126074953e-02 9.68359057228435e+04 
5.21311678179575e-02 9.68520474318341e+04 
5.23118924900086e-02 9.68678481282794e+04 
5.24925948926823e-02 9.68849691514656e+04 
5.26732443590226e-02 9.69020822391369e+04 
5.28538735167036e-02 9.69200663482277e+04 
5.30345832468369e-02 9.69382539168453e+04 
5.32152987171424e-02 9.69584024658602e+04 
5.33959358052427e-02 9.69796859035269e+04 
5.35765598509735e-02 9.70018415372775e+04 
5.37571206136165e-02 9.70256865458251e+04 
5.39377590452424e-02 9.70508383090564e+04 
5.41184534937518e-02 9.70752223209964e+04 
5.42991022044737e-02 9.71010525752188e+04 
5.44797348965125e-02 9.71277802161733e+04 
5.46603712979417e-02 9.71537637949279e+04 
5.48409792026669e-02 9.71815506551853e+04 
5.50217042123265e-02 9.72080236341534e+04 
5.52024870486001e-02 9.72360054994466e+04 
5.53832378914486e-02 9.72647759096198e+04 
5.55640265718033e-02 9.72926569437504e+04 
5.57447987676396e-02 9.73225820010192e+04 
5.59254298969670e-02 9.73518088731320e+04 
5.61061555749741e-02 9.73833962184213e+04 
5.62869361552708e-02 9.74167352589594e+04 
5.64676127366585e-02 9.74494271648661e+04 
5.66482879762482e-02 9.74813928337851e+04 
5.68289408667106e-02 9.75138610480110e+04 
5.70095178395793e-02 9.75457332617316e+04 
5.71901930399219e-02 9.75771871706452e+04 
5.73709021541374e-02 9.76082977211137e+04 
5.75514785390231e-02 9.76407543641380e+04 
5.77320097117428e-02 9.76720428558147e+04 
5.79125293475171e-02 9.77049992355051e+04 
5.80929863201152e-02 9.77385336471987e+04 
5.82735784430155e-02 9.77732490515402e+04 
5.84542296575548e-02 9.78091461603689e+04 
5.86348239008359e-02 9.78468185332441e+04 
5.88154090974934e-02 9.78842858958850e+04 
5.89959610602216e-02 9.79240090373568e+04 
5.91764202652423e-02 9.79649549091584e+04 
5.93569363326924e-02 9.80074969351592e+04 
5.95374784634015e-02 9.80521074442832e+04 
5.97179400715702e-02 9.80994849069955e+04 
5.98983736474999e-02 9.81491448062010e+04 
6.00787681931980e-02 9.82017097738773e+04 
6.02590814427119e-02 9.82546411000542e+04 
6.04394514482812e-02 9.83093015147836e+04 
6.06198514914589e-02 9.83654848142279e+04 
6.08001792479825e-02 9.84222594990799e+04 
6.09805028020126e-02 9.84786326515756e+04 
6.11608176915074e-02 9.85352607030056e+04 
6.13410888738678e-02 9.85925349935399e+04 
6.15214407064563e-02 9.86502944260185e+04 
6.17018694560890e-02 9.87078296009376e+04 
6.18822571878532e-02 9.87656202044410e+04 
6.20626569963569e-02 9.88223450762285e+04 
6.22431061121871e-02 9.88779144587519e+04 
6.24235508398447e-02 9.89321509106682e+04 
6.26040943478197e-02 9.89859468105797e+04 
6.27846920099972e-02 9.90397850799970e+04 
6.29652508694506e-02 9.90924459580117e+04 
6.31457905529033e-02 9.91424205537990e+04 
6.33263504978153e-02 9.91920279010359e+04 
6.35068906528036e-02 9.92393349801407e+04 
6.36875155073180e-02 9.92860409560392e+04 
6.38681853664305e-02 9.93325194806366e+04 
6.40488281214542e-02 9.93776774970306e+04 
6.42294583196907e-02 9.94204189564693e+04 
6.44101024645476e-02 9.94628493498318e+04 
6.45907202593834e-02 9.95033195478481e+04 
6.47714154092563e-02 9.95433415582050e+04 
6.49521715579866e-02 9.95841379909698e+04 
6.51329125895275e-02 9.96242324030913e+04 
6.53136610122396e-02 9.96628277598206e+04 
6.54944504731590e-02 9.97019042188417e+04 
6.56751951389477e-02 9.97394471356691e+04 
6.58560201129102e-02 9.97781046097102e+04 
6.60368719609756e-02 9.98181372937306e+04 
6.62176875355516e-02 9.98581305799516e+04 
6.63985152218902e-02 9.98976517787307e+04 
6.65794029226218e-02 9.99378881978995e+04 
6.67602977911242e-02 9.99772720325460e+04 
6.69413005899093e-02 1.00016802247085e+05 
6.71223459383226e-02 1.00057998253949e+05 
6.73033701404478e-02 1.00098859684922e+05 
6.74844114327994e-02 1.00138712290504e+05 
6.76655053005010e-02 1.00178323211007e+05 
6.78466105425826e-02 1.00216228594151e+05 
6.80277308163477e-02 1.00253311217442e+05 
6.82088638796465e-02 1.00289558025195e+05 
6.83900186102481e-02 1.00323670950980e+05 
6.85712304362280e-02 1.00355301407222e+05 
6.87524731263034e-02 1.00383886092782e+05 
6.89337183443938e-02 1.00408910842552e+05 
6.91149667889162e-02 1.00430590841931e+05 
6.92962747264592e-02 1.00449540156743e+05 
6.94776241900211e-02 1.00465104208305e+05 
6.96590004359693e-02 1.00476794372051e+05 
6.98403968128430e-02 1.00485225373487e+05 
7.00217845042540e-02 1.00489437335435e+05 
7.02031624823072e-02 1.00490681170341e+05 
7.03845998118881e-02 1.00489655894760e+05 
7.05660654636587e-02 1.00485055338750e+05 
7.07475497064062e-02 1.00478755282068e+05 
7.09290676343794e-02 1.00469830811170e+05 
7.11105844202313e-02 1.00458912542555e+05 
7.12921152561597e-02 1.00446320282147e+05 
7.14737147577225e-02 1.00433475892717e+05 
7.16553269896250e-02 1.00419482606964e+05 
7.18369540699817e-02 1.00403376485263e+05 
7.20186279772689e-02 1.00388083385202e+05 
7.22003092381749e-02 1.00372008286848e+05 
7.23820292484760e-02 1.00357020656983e+05 
7.25638324176379e-02 1.00343259424200e+05 
7.27456445347862e-02 1.00329271663766e+05 
7.29274639296968e-02 1.00316091371271e+05 
7.31093149938287e-02 1.00303409185224e+05 
7.32911487782168e-02 1.00290189186389e+05 
7.34730037846989e-02 1.00277268523721e+05 
7.36549205306826e-02 1.00265079039038e+05 
7.38368214731717e-02 1.00252932637038e+05 
7.40187148820547e-02 1.00239921479706e+05 
7.42006454955727e-02 1.00226195801359e+05 
7.43825523274182e-02 1.00209728185845e+05 
7.45644834345835e-02 1.00192045975133e+05 
7.47464633807167e-02 1.00174087606710e+05 
7.49283992073072e-02 1.00153530263399e+05 
7.51103297647802e-02 1.00131580679731e+05 
7.52923184825201e-02 1.00108603895641e+05 
7.54743019729633e-02 1.00083339117005e+05 
7.56563167047940e-02 1.00057238693568e+05 
7.58383955934226e-02 1.00030539520700e+05 
7.60204450902753e-02 1.00003447181494e+05 
7.62024912352915e-02 9.99748745919640e+04 
7.63845677203699e-02 9.99456180218132e+04 
7.65666287943244e-02 9.99143279184998e+04 
7.67487057279592e-02 9.98818331433222e+04 
7.69308396076017e-02 9.98489622870169e+04 
7.71129415478765e-02 9.98141615358514e+04 
7.72950262774759e-02 9.97785793248809e+04 
7.74771203339820e-02 9.97420615595054e+04 
7.76591905197162e-02 9.97041700721833e+04 
7.78412604227477e-02 9.96656019069794e+04 
7.80233634343000e-02 9.96273456322212e+04 
7.82054150984311e-02 9.95889520242144e+04 
7.83874209627747e-02 9.95516823723379e+04 
7.85693954144819e-02 9.95153236582625e+04 
7.87513101241711e-02 9.94801020264005e+04 
7.89331955774102e-02 9.94446326158427e+04 
7.91150912143934e-02 9.94132751151668e+04 
7.92969296969616e-02 9.93838758485824e+04 
7.94787386314654e-02 9.93580172067656e+04 
7.96605515486618e-02 9.93348578806695e+04 
7.98423396091100e-02 9.93141542278542e+04 
8.00241286420451e-02 9.92952722662056e+04 
8.02059482048249e-02 9.92806058701244e+04 
8.03877303199999e-02 9.92694327313050e+04 
8.05694900675061e-02 9.92629490455776e+04 
8.07512478705580e-02 9.92598259586851e+04 
8.09329720095941e-02 9.92587927958441e+04 
8.11146809462482e-02 9.92590044819205e+04 
8.12964052192447e-02 9.92621316659832e+04 
8.14780799505630e-02 9.92659174248529e+04 
8.16597193693337e-02 9.92718418537265e+04 
8.18413522592971e-02 9.92794110675489e+04 
8.20229502471385e-02 9.92891893352525e+04 
8.22045345306028e-02 9.93017144153556e+04 
8.23861242948881e-02 9.93167976526259e+04 
8.25676492418783e-02 9.93330318694033e+04 
8.27491253530866e-02 9.93515367829059e+04 
8.29305893667402e-02 9.93706935373238e+04 
8.31120214588564e-02 9.93906052284822e+04 
8.32934464248310e-02 9.94109685125286e+04 
8.34748949615387e-02 9.94320484691009e+04 
8.36563070431569e-02 9.94530894897081e+04 
8.38377014152188e-02 9.94750816733473e+04 
8.40191022814230e-02 9.94965036255920e+04 
8.42004739076190e-02 9.95174884795068e+04 
8.43818170974059e-02 9.95378285325383e+04 
8.45631531877939e-02 9.95576787858139e+04 
8.47444237759045e-02 9.95763334466746e+04 
8.49256531137924e-02 9.95947015114912e+04 
8.51068746835956e-02 9.96116019469412e+04 
8.52880704049102e-02 9.96266490040544e+04 
8.54692609167449e-02 9.96412783352101e+04 
8.56504691230291e-02 9.96555132336255e+04 
8.58316410072009e-02 9.96697727077333e+04 
8.60127988447411e-02 9.96840756622369e+04 
8.61939642379854e-02 9.96973855662224e+04 
8.63751080520125e-02 9.97111100670641e+04 
8.65562436389512e-02 9.97229700221112e+04 
8.67373931410989e-02 9.97338508887829e+04 
8.69185071254367e-02 9.97451039739072e+04 
8.70996082824840e-02 9.97569582757803e+04 
8.72807221550448e-02 9.97684676357824e+04 
8.74618163894784e-02 9.97795272993677e+04 
8.76429078613487e-02 9.97907075918173e+04 
8.78240211544679e-02 9.98028244256835e+04 
8.80051078479835e-02 9.98149914953281e+04 
8.81861985073038e-02 9.98291593188712e+04 
8.83673172362795e-02 9.98435924989229e+04 
8.85484325337799e-02 9.98583313224120e+04 
8.87295579558087e-02 9.98734187770784e+04 
8.89107168408560e-02 9.98896050542527e+04 
8.90918605033351e-02 9.99060175413798e+04 
8.92730182654012e-02 9.99245203714689e+04 
8.94542066883371e-02 9.99432038140875e+04 
8.96353940728034e-02 9.99624138961861e+04 
8.98165961521829e-02 9.99796189016555e+04 
8.99978393065571e-02 9.99990784822576e+04 
9.01790794552912e-02 1.00019156178245e+05 
9.03603510105483e-02 1.00041718862197e+05 
9.05416704899110e-02 1.00064182861141e+05 
9.07230053522781e-02 1.00086437496664e+05 
9.09043655771753e-02 1.00108805729887e+05 
9.10857816974205e-02 1.00131600831929e+05 
9.12672047365761e-02 1.00154249283161e+05 
9.14485978674823e-02 1.00177288202610e+05 
9.16299298630981e-02 1.00199514938868e+05 
9.18112973460729e-02 1.00221299064539e+05 
9.19926156343899e-02 1.00242521794958e+05 
9.21739997088976e-02 1.00263291186571e+05 
9.23554195506268e-02 1.00283336120814e+05 
9.25368059215534e-02 1.00304112855122e+05 
9.27181472650973e-02 1.00324249816586e+05 
9.28995375998790e-02 1.00343643307351e+05 
9.30808931313599e-02 1.00362305593839e+05 
9.32623254685298e-02 1.00380840629332e+05 
9.34438062523086e-02 1.00397953867191e+05 
9.36252676475875e-02 1.00415273314820e+05 
9.38066927724692e-02 1.00431028036474e+05 
9.39881705806648e-02 1.00445245803471e+05 
9.41696161053001e-02 1.00458043332000e+05 
9.43511377055379e-02 1.00470239173339e+05 
9.45327083834250e-02 1.00480324661867e+05 
9.47142686100445e-02 1.00491303500263e+05 
9.48957999569176e-02 1.00500368217959e+05 
9.50773869362763e-02 1.00507969559157e+05 
9.52589433681883e-02 1.00513699947882e+05 
9.54405705253300e-02 1.00518469538002e+05 
9.56222388299837e-02 1.00522397285816e+05 
9.58038928971539e-02 1.00528147229335e+05 
9.59855156442566e-02 1.00533482599724e+05 
9.61671911086816e-02 1.00538631888510e+05 
9.63488427398379e-02 1.00543961561189e+05 
9.65305718988160e-02 1.00550645143662e+05 
9.67123514008034e-02 1.00557353722959e+05 
9.68941319625964e-02 1.00566677170291e+05 
9.70758987543672e-02 1.00576649327255e+05 
9.72577305396366e-02 1.00587529616609e+05 
9.74395517749648e-02 1.00599691669528e+05 
9.76214560460326e-02 1.00614132843079e+05 
9.78034139374228e-02 1.00629330058186e+05 
9.79853789105886e-02 1.00647903598511e+05 
9.81673369278608e-02 1.00667607250715e+05 
9.83493624820048e-02 1.00688502528519e+05 
9.85313845854561e-02 1.00710660659437e+05 
9.87134925670881e-02 1.00734506389383e+05 
9.88956581922754e-02 1.00758981437467e+05 
9.90778380834186e-02 1.00785139951331e+05 
9.92600178490489e-02 1.00811788456868e+05 
9.94422667002005e-02 1.00839085813756e+05 
9.96245161841962e-02 1.00867382633769e+05 
9.98068525509579e-02 1.00897128536764e+05 
9.99892471878011e-02 1.00926245078303e+05 
1.00171660032533e-01 1.00956625372488e+05 
1.00354077047884e-01 1.00986114951999e+05 
1.00536563307250e-01 1.01014254700785e+05 
1.00719050048844e-01 1.01041244255193e+05 
1.00901620057137e-01 1.01067270703341e+05 
1.01084244758840e-01 1.01090497798076e+05 
1.01266886564085e-01 1.01113068427582e+05 
1.01449531485512e-01 1.01132856713839e+05 
1.01632242367386e-01 1.01149628699309e+05 
1.01814954052973e-01 1.01163843893049e+05 
1.01997747706966e-01 1.01176101918134e+05 
1.02180594140124e-01 1.01185474569294e+05 
1.02363460779967e-01 1.01193360452369e+05 
1.02546335909019e-01 1.01197755241159e+05 
1.02729279599962e-01 1.01198327188487e+05 
1.02912230402025e-01 1.01196624551916e+05 
1.03095265995958e-01 1.01194933751903e+05 
1.03278357329705e-01 1.01189598479853e+05 
1.03461476174887e-01 1.01185260619264e+05 
1.03644613489939e-01 1.01179433130682e+05 
1.03827825539353e-01 1.01172297617063e+05 
1.04011053683088e-01 1.01165382077008e+05 
1.04194371885414e-01 1.01159642882155e+05 
1.04377751309764e-01 1.01154605277636e+05 
1.04561165927297e-01 1.01153214097210e+05 
1.04744608051670e-01 1.01154087386399e+05 
1.04928130263412e-01 1.01157493812528e+05 
1.05111676140644e-01 1.01164327009796e+05 
1.05295313372052e-01 1.01174766346795e+05 
1.05479013466005e-01 1.01186495843905e+05 
1.05662751069422e-01 1.01202763062388e+05 
1.05846451533669e-01 1.01220211006070e+05 
1.06030157054333e-01 1.01236754506370e+05 
1.06213780356707e-01 1.01253198274609e+05 
1.06397725123686e-01 1.01270451537495e+05 
1.06581831440452e-01 1.01284024050163e+05 
1.06765881261228e-01 1.01298109407459e+05 
1.06949985721517e-01 1.01309369938189e+05 
1.07134172087653e-01 1.01315402836592e+05 
1.07318316578926e-01 1.01316999068177e+05 
1.07502619432085e-01 1.01318605719971e+05 
1.07687017725826e-01 1.01311893234772e+05 
1.07871418075683e-01 1.01302548784964e+05 
1.08055851275320e-01 1.01285213939697e+05 
1.08240359023802e-01 1.01266273462512e+05 
1.08424849943910e-01 1.01245995672645e+05 
1.08609461268788e-01 1.01226092828632e+05 
1.08794147913461e-01 1.01201531943349e+05 
1.08978853744707e-01 1.01176655014731e+05 
1.09163574319597e-01 1.01149748283852e+05 
1.09348376036460e-01 1.01119154439239e+05 
1.09533153789854e-01 1.01087360951587e+05 
1.09717992179168e-01 1.01056427160768e+05 
1.09902881303337e-01 1.01023406827775e+05 
1.10087795569309e-01 1.00992441317672e+05 
1.10265683579489e-01 1.00960806856493e+05 
1.10450631468270e-01 1.00928565523291e+05 
1.10635557858205e-01 1.00897222058867e+05 
1.10820532080378e-01 1.00867159306583e+05 
1.11005503752887e-01 1.00838988467058e+05 
1.11190454114117e-01 1.00814584810499e+05 
1.11375292283108e-01 1.00795908914838e+05 
1.11560164454813e-01 1.00778533600681e+05 
1.11744953623670e-01 1.00762625735093e+05 
1.11929828066518e-01 1.00746273489818e+05 
1.12114821472132e-01 1.00733971794941e+05 
1.12299819037003e-01 1.00726558689961e+05 
1.12484885392732e-01 1.00724286289491e+05 
1.12670072251595e-01 1.00723890762922e+05 
1.12855285288552e-01 1.00724392578503e+05 
1.13040542446162e-01 1.00730147775029e+05 
1.13225834065217e-01 1.00734155250909e+05 
1.13411008426675e-01 1.00741685067377e+05 
1.13596108858811e-01 1.00747894510860e+05 
1.13781267490325e-01 1.00750128296837e+05 
1.13966425978708e-01 1.00749479880756e+05 
1.14151728225811e-01 1.00747438060631e+05 
1.14337175560520e-01 1.00739065278994e+05 
1.14522693349270e-01 1.00727876890135e+05 
1.14708262521381e-01 1.00710709571323e+05 
1.14893886900107e-01 1.00689030688190e+05 
1.15079492809761e-01 1.00662819438599e+05 
1.15265118865698e-01 1.00638318015464e+05 
1.15450790565390e-01 1.00609822319812e+05 
1.15636468250585e-01 1.00585331583490e+05 
1.15822127929143e-01 1.00562806408316e+05 
1.16007860676916e-01 1.00533347021402e+05 
1.16193567539159e-01 1.00510206892953e+05 
1.16379326113062e-01 1.00495226164474e+05 
1.16565133363826e-01 1.00485998968503e+05 
1.16750960176322e-01 1.00486590874632e+05 
1.16936775368363e-01 1.00500041833594e+05 
1.17122671806761e-01 1.00521604464977e+05 
1.17308546845031e-01 1.00549190825611e+05 
1.17494481175410e-01 1.00583793984160e+05 
1.17680462044694e-01 1.00618274987489e+05 
1.17866461527853e-01 1.00657019533655e+05 
1.18052446098309e-01 1.00698458704123e+05 
1.18238509000373e-01 1.00738590678788e+05 
1.18424545620826e-01 1.00771183486965e+05 
1.18610636734619e-01 1.00803290920047e+05 
1.18796767664422e-01 1.00827852283611e+05 
1.18982913495856e-01 1.00850628772815e+05 
1.19169038838148e-01 1.00866519116025e+05 
1.19355246671681e-01 1.00874278977360e+05 
1.19541425776581e-01 1.00878344802867e+05 
1.19727660095944e-01 1.00879073383057e+05 
1.19913926018559e-01 1.00874912921750e+05 
1.20100203659430e-01 1.00871572576974e+05 
1.20286457167704e-01 1.00866724287281e+05 
1.20472793254170e-01 1.00861010111746e+05 
1.20659102435991e-01 1.00856784174562e+05 
1.20845470621417e-01 1.00857249154040e+05 
1.21031872505035e-01 1.00854417488041e+05 
1.21218288741109e-01 1.00856034925275e+05 
1.21404679218861e-01 1.00853889880982e+05 
1.21591146341134e-01 1.00845373000704e+05 
1.21777585997299e-01 1.00834810220980e+05 
1.21964080775847e-01 1.00822486091641e+05 
1.22150606929113e-01 1.00800234876852e+05 
1.22337145242269e-01 1.00777418684123e+05 
1.22523654590812e-01 1.00748472526170e+05 
1.22710237022175e-01 1.00718719899272e+05 
1.22896792220909e-01 1.00691245010840e+05 
1.23083402667374e-01 1.00672627969148e+05 
1.23270044777251e-01 1.00654407203220e+05 
1.23456699618531e-01 1.00647912241147e+05 
1.23643324649310e-01 1.00647135160638e+05 
1.23830020801938e-01 1.00646823693825e+05 
1.24016687674950e-01 1.00661583391942e+05 
1.24203406473010e-01 1.00693157364021e+05 
1.24390153010733e-01 1.00730572100611e+05 
1.24576909922777e-01 1.00780418339702e+05 
1.24763634881443e-01 1.00836548628985e+05 
1.24950427099119e-01 1.00895866177767e+05 
1.25137190396244e-01 1.00961763172540e+05 
1.25324004471864e-01 1.01035082210145e+05 
1.25510844544783e-01 1.01102786844986e+05 
1.25697694121051e-01 1.01175527770226e+05 
1.25884510405988e-01 1.01245149256149e+05 
1.26071390605081e-01 1.01308395513280e+05 
1.26258241752754e-01 1.01369467471337e+05 
1.26445142490680e-01 1.01428351186439e+05 
1.26632070064894e-01 1.01477513737111e+05 
1.26819007351342e-01 1.01520215852011e+05 
1.27005910220804e-01 1.01550885088435e+05 
1.27192874075659e-01 1.01568201582344e+05 
1.27379806304700e-01 1.01578300936576e+05 
1.27566741127362e-01 1.01580270693456e+05 
1.27753664395682e-01 1.01571377225919e+05 
1.27940616107691e-01 1.01560556086160e+05 
1.28127543307535e-01 1.01540778774803e+05 
1.28314571023300e-01 1.01515047920667e+05 
1.28501608127516e-01 1.01486148744555e+05 
1.28688712685082e-01 1.01456140750644e+05 
1.28875832732609e-01 1.01420045318005e+05 
1.29062964244351e-01 1.01386602744017e+05 
1.29250051586448e-01 1.01351384218759e+05 
1.29437195986619e-01 1.01315337761521e+05 
1.29624311066031e-01 1.01285889142123e+05 
1.29811450565783e-01 1.01267793231113e+05 
1.29998589986089e-01 1.01254767666329e+05 
1.30185745819077e-01 1.01254330154001e+05 
1.30372862532610e-01 1.01264171805726e+05 
1.30560064662191e-01 1.01279710654956e+05 
1.30747254252232e-01 1.01308548136126e+05 
1.30934505109481e-01 1.01347230908200e+05 
1.31121767225554e-01 1.01388959990024e+05 
1.31309042847618e-01 1.01438227626163e+05 
1.31496270791908e-01 1.01492156222745e+05 
1.31683569516109e-01 1.01544590493739e+05 
1.31870842633325e-01 1.01602302016498e+05 
1.32058173728740e-01 1.01659824258666e+05 
1.32245519149288e-01 1.01707696299975e+05 
1.32432879671062e-01 1.01752345828549e+05 
1.32620196148577e-01 1.01792686296938e+05 
1.32807583721382e-01 1.01820381841444e+05 
1.32994946482133e-01 1.01840444325609e+05 
1.33182369030818e-01 1.01851782930551e+05 
1.33369810749467e-01 1.01841853908890e+05 
1.33557267688102e-01 1.01828804851889e+05 
1.33744682575175e-01 1.01811886884521e+05 
1.33932162294321e-01 1.01791377941102e+05 
1.34119618854471e-01 1.01772579205449e+05 
1.34307134686245e-01 1.01753420015720e+05 
1.34494673929142e-01 1.01729040994214e+05 
1.34682229754487e-01 1.01710172524964e+05 
1.34869746410519e-01 1.01689413134261e+05 
1.35057321520272e-01 1.01649683769348e+05 
1.35244873368113e-01 1.01575708231985e+05 
1.35432480560719e-01 1.01449780151590e+05 
1.35620110721313e-01 1.01322802899740e+05 
1.35807757989203e-01 1.01258054056970e+05 
1.35995370653209e-01 1.01212290545926e+05 
1.36183043646999e-01 1.01198664282098e+05 
1.36370698559971e-01 1.01170721323825e+05 
1.36558411457189e-01 1.01151131719471e+05 
1.36746150364168e-01 1.01149208125125e+05 
1.36933908996488e-01 1.01163078197628e+05 
1.37121636195483e-01 1.01167839545398e+05 
1.37309424645772e-01 1.01186162928409e+05 
1.37497196723053e-01 1.01164376948329e+05 
1.37685026097473e-01 1.01132376583765e+05 
1.37872880472691e-01 1.01092326592744e+05 
1.38060744977270e-01 1.01054477677308e+05 
1.38248588285618e-01 1.01010788600513e+05 
1.38436494882506e-01 1.00979155213977e+05 
1.38624386410495e-01 1.00935453262048e+05 
1.38812291057080e-01 1.00896434575566e+05 
1.39000223619619e-01 1.00878024201106e+05 
1.39188141639668e-01 1.00882215029703e+05 
1.39376092923083e-01 1.00904549969702e+05 
1.39564106993660e-01 1.00962026840804e+05 
1.39752100459819e-01 1.01000961634113e+05 
1.39940074303395e-01 1.01019600098478e+05 
1.40128078512150e-01 1.01024056349161e+05 
1.40316067668763e-01 1.01018636010739e+05 
1.40504091414087e-01 1.00994156343721e+05 
1.40692175116843e-01 1.00969664958749e+05 
1.40880238228400e-01 1.00927592644356e+05 
1.41068280518354e-01 1.00869778257674e+05 
1.41256355419062e-01 1.00802346771599e+05 
1.41444416380368e-01 1.00723218001027e+05 
1.41632515003762e-01 1.00637658910305e+05 
1.41820672663422e-01 1.00547663130439e+05 
1.42008809575731e-01 1.00465474985902e+05 
1.42196924391122e-01 1.00396633736481e+05 
1.42385073068204e-01 1.00348386143213e+05 
1.42573207167491e-01 1.00303777560514e+05 
1.42761380449783e-01 1.00276378060329e+05 
1.42949610507120e-01 1.00254851055774e+05 
1.43137818524649e-01 1.00237802048423e+05 
1.43326002713277e-01 1.00216760825096e+05 
1.43514220856992e-01 1.00213010674016e+05 
1.43702423289097e-01 1.00218622981935e+05 
1.43890665383306e-01 1.00256714550291e+05 
1.44078960757907e-01 1.00319867983856e+05 
1.44267233330772e-01 1.00400959076011e+05 
1.44455480665368e-01 1.00495500947421e+05 
1.44643761926767e-01 1.00594907259280e+05 
1.44832027160923e-01 1.00694583853497e+05 
1.45020332672907e-01 1.00792843789069e+05 
1.45208688359192e-01 1.00896365728238e+05 
1.45397020521340e-01 1.01004653896337e+05 
1.45585326997175e-01 1.01093850928590e+05 
1.45773668693261e-01 1.01160591011809e+05 
1.45961994369376e-01 1.01211456523311e+05 
1.46150360901474e-01 1.01255161452885e+05 
1.46338774911677e-01 1.01292101628575e+05 
1.46527165447321e-01 1.01306190194995e+05 
1.46715529980097e-01 1.01258863563983e+05 
1.46903930520771e-01 1.01178540544119e+05 
1.47092315709396e-01 1.01093267696837e+05 
1.47280742646043e-01 1.00992540127442e+05 
1.47469214752039e-01 1.00905656652973e+05 
1.47657663934264e-01 1.00830561069106e+05 
1.47846087062135e-01 1.00685236103052e+05 
1.48034547451951e-01 1.00545266854575e+05 
1.48222993261274e-01 1.00436663545701e+05 
1.48411481744515e-01 1.00332589118909e+05 
1.48600012207191e-01 1.00247829369540e+05 
1.48788519866472e-01 1.00187824939265e+05 
1.48976995686573e-01 1.00134159393423e+05 
1.49165502851553e-01 1.00095467568701e+05 
1.49353998220771e-01 1.00082306241339e+05 
1.49542539588541e-01 1.00086010538887e+05 
1.49731126797058e-01 1.00097586382099e+05 
1.49919696860507e-01 1.00133242103816e+05 
1.50108241670469e-01 1.00176857852940e+05 
1.50296821249737e-01 1.00218581832782e+05 
1.50485388566165e-01 1.00262557154603e+05 
1.50674000753950e-01 1.00317927103864e+05 
1.50862650771380e-01 1.00358434820856e+05 
1.51051282860749e-01 1.00402767715398e+05 
1.51239888650263e-01 1.00454314390098e+05 
1.51428528292628e-01 1.00482061335563e+05 
1.51617157414046e-01 1.00487612381528e+05 
1.51805834461656e-01 1.00491970417024e+05 
1.51994549922599e-01 1.00449717467599e+05 
1.52183249886284e-01 1.00407565656275e+05 
1.52371924872860e-01 1.00363762737995e+05 
1.52560634084447e-01 1.00299586161618e+05 
1.52749334119855e-01 1.00209835846906e+05 
1.52938084347792e-01 1.00123505534513e+05 
1.53126873823629e-01 1.00024956955518e+05 
1.53315650528266e-01 9.99222967083633e+04 
1.53504403429107e-01 9.98143285303026e+04 
1.53693190135011e-01 9.97128746579494e+04 
1.53881968733460e-01 9.96137425512860e+04 
1.54070799124799e-01 9.95281528210215e+04 
1.54259669825040e-01 9.94603039551796e+04 
1.54448530426551e-01 9.94111556417197e+04 
1.54637368240624e-01 9.93745466835988e+04 
1.54826238977560e-01 9.93567936760906e+04 
1.55015102174942e-01 9.93483071769636e+04 
1.55204017955370e-01 9.93513020650591e+04 
1.55392974270975e-01 9.93781024355670e+04 
1.55581922295279e-01 9.94141240328303e+04 
1.55770847986640e-01 9.94551652049836e+04 
1.55959805139949e-01 9.95057863861306e+04 
1.56148754802892e-01 9.95516374772029e+04 
1.56337757104366e-01 9.95827541879321e+04 
1.56526799645218e-01 9.96137265282562e+04 
1.56715835416448e-01 9.96357867749575e+04 
1.56904849548685e-01 9.96455218662592e+04 
1.57093894369285e-01 9.96472080487326e+04 
1.57282932259405e-01 9.96378391170852e+04 
1.57472022587957e-01 9.96125498547063e+04 
1.57661152201224e-01 9.95809034679018e+04 
1.57850275019370e-01 9.95405929591209e+04 
1.58039375924324e-01 9.94969872275117e+04 
1.58228505770632e-01 9.94494158257750e+04 
1.58417627706626e-01 9.93947328682050e+04 
1.58606801198374e-01 9.93457609783198e+04 
1.58796012585086e-01 9.93107210089638e+04 
1.58985217685364e-01 9.92832882824955e+04 
1.59174400728479e-01 9.92668953411498e+04 
1.59363610713644e-01 9.92528156234661e+04 
1.59552813045036e-01 9.92527057865390e+04 
1.59742067386880e-01 9.92699939333642e+04 
1.59931360119634e-01 9.92984293829677e+04 
1.60120647853797e-01 9.93344141125795e+04 
1.60309913684316e-01 9.93800861934082e+04 
1.60499205263651e-01 9.94380476944386e+04 
1.60688489227572e-01 9.94975945340447e+04 
1.60877826011645e-01 9.95495919128779e+04 
1.61067201899251e-01 9.96083230339948e+04 
1.61256573715288e-01 9.96577415359729e+04 
1.61445923958025e-01 9.97043852212236e+04 
1.61635299871693e-01 9.97411863500406e+04 
1.61824667897438e-01 9.97738591015656e+04 
1.62014088399735e-01 9.97939737146910e+04 
1.62203546973641e-01 9.98360532746240e+04 
1.62393000996681e-01 9.98731010829792e+04 
1.62582433371010e-01 9.99143457465779e+04 
1.62771891194265e-01 9.99449177156997e+04 
1.62961340483712e-01 9.99505390343454e+04 
1.63150841229233e-01 9.99552974809162e+04 
1.63340378362247e-01 9.99288335809974e+04 
1.63529909714155e-01 9.98808402600047e+04 
1.63719418967552e-01 9.99058798370248e+04 
1.63908953341502e-01 9.99354807346490e+04 
1.64098478101291e-01 9.99336659710832e+04 
1.64288052899548e-01 9.98725253956856e+04 
1.64477661587055e-01 9.99285398618118e+04 
1.64667262294063e-01 9.99526726949716e+04 
1.64856839747392e-01 9.99129985854947e+04 
1.65046441454795e-01 9.99646163462774e+04 
1.65236032022342e-01 9.99865356339852e+04 
1.65425671223481e-01 9.99149354387083e+04 
1.65615341656074e-01 9.99944571995761e+04 
1.65805002171761e-01 1.00013318048213e+05 
1.65994638321308e-01 9.99450970747807e+04 
1.66184297587513e-01 9.99939346352193e+04 
1.66373944312997e-01 1.00009878010401e+05 
1.66563638857533e-01 9.98807140475952e+04 
1.66753362443648e-01 9.99619863321284e+04 
1.66943074697897e-01 9.99677152295749e+04 
1.67132761458250e-01 9.98450691548482e+04 
1.67322470061619e-01 9.99141135681725e+04 
1.67512164848506e-01 9.99833804430618e+04 
1.67701906881813e-01 9.98550402378869e+04 
1.67891675538181e-01 9.98572681258709e+04 
1.68081431995875e-01 9.98186759519591e+04 
1.68271162163459e-01 9.97063004580048e+04 
1.68460912873372e-01 9.96465998815297e+04 
1.68650647801882e-01 9.95638392983702e+04 
1.68840427098401e-01 9.94378562643248e+04 
1.69030226652916e-01 9.93609391232594e+04 
1.69220008982880e-01 9.92892377656181e+04 
1.69409760744762e-01 9.92375482024997e+04 
1.69599529403197e-01 9.91951215050286e+04 
1.69789280752614e-01 9.91525812159973e+04 
1.69979065194669e-01 9.90948553824020e+04 
1.70168872563966e-01 9.90621341714667e+04 
1.70358665648388e-01 9.90301904570341e+04 
1.70548436008395e-01 9.90272549961226e+04 
1.70738206469470e-01 9.90274334524957e+04 
1.70927962350310e-01 9.90342310049126e+04 
1.71117712852766e-01 9.90331406101834e+04 
1.71307489051362e-01 9.90695471264798e+04 
1.71497252009785e-01 9.90974528636284e+04 
1.71686995083331e-01 9.91559092737077e+04 
1.71876743322793e-01 9.92384355214496e+04 
1.72066481986191e-01 9.93159282353176e+04 
1.72256219008800e-01 9.93653834044630e+04 
1.72445985980458e-01 9.94436644535077e+04 
1.72635741231560e-01 9.95031427545903e+04 
1.72825479113985e-01 9.95722518847061e+04 
1.73015225462248e-01 9.96517203208900e+04 
1.73204965313688e-01 9.96973134701625e+04 
1.73394705426105e-01 9.97135991735275e+04 
1.73584477227586e-01 9.97204896655256e+04 
1.73774238447790e-01 9.96967218680769e+04 
1.73963984497563e-01 9.96570105534138e+04 
1.74153741076411e-01 9.95998686486543e+04 
1.74343493992744e-01 9.95186503787216e+04 
1.74533250807736e-01 9.94308965460674e+04 
1.74723041817139e-01 9.93352538712955e+04 
1.74912825533980e-01 9.92356310892195e+04 
1.75102597465174e-01 9.91414172954296e+04 
1.75292381670160e-01 9.90533921991681e+04 
1.75482163913694e-01 9.89732882984914e+04 
1.75671953088205e-01 9.89123641609688e+04 
1.75861776920719e-01 9.88692494300250e+04 
1.76051595332348e-01 9.88473334731848e+04 
1.76241403304741e-01 9.88446985130804e+04 
1.76431222408256e-01 9.88664382245146e+04 
1.76621038660596e-01 9.88921032699494e+04 
1.76810863502320e-01 9.89320939445070e+04 
1.77000721813588e-01 9.89812145449011e+04 
1.77190576594461e-01 9.90167515875576e+04 
1.77380422739664e-01 9.90424841256345e+04 
1.77570279196258e-01 9.90744749856673e+04 
1.77760132361640e-01 9.90993295176139e+04 
1.77949996761322e-01 9.91293437398262e+04 
1.78139894066858e-01 9.91638521018753e+04 
1.78329789969311e-01 9.92093590024033e+04 
1.78519679651537e-01 9.92512018338944e+04 
1.78709579762910e-01 9.93052349151067e+04 
1.78899476769346e-01 9.93396447877936e+04 
1.79089387501822e-01 9.93697738187360e+04 
1.79279330312251e-01 9.93979066861108e+04 
1.79469272678617e-01 9.94197301484243e+04 
1.79659210631859e-01 9.94270635427416e+04 
1.79849158702829e-01 9.94329983674389e+04 
1.80039103347625e-01 9.94217200400116e+04 
1.80227466753141e-01 9.94089578110723e+04 
1.80417457199586e-01 9.93987914671530e+04 
1.80607447746866e-01 9.93891775544131e+04 
1.80797435558007e-01 9.93779457452959e+04 
1.80987433091942e-01 9.93747494212488e+04 
1.81177427048220e-01 9.93674898121218e+04 
1.81359735615966e-01 9.93677317285817e+04 
1.81549698790534e-01 9.93777694548985e+04 
1.81739573929907e-01 9.93878553681552e+04 
1.81929390229925e-01 9.94040174981660e+04 
1.82119179715430e-01 9.94236191019897e+04 
1.82309022871154e-01 9.94475922591428e+04 
1.82498966401895e-01 9.94695436748496e+04 
1.82688962891479e-01 9.94813891563453e+04 
1.82878963224307e-01 9.94791763692212e+04 
1.83068925077241e-01 9.94731539010123e+04 
1.83258853502891e-01 9.94746103419767e+04 
1.83448812800785e-01 9.94769662918955e+04 
1.83635261110256e-01 9.94830719251871e+04 
1.83825311296252e-01 9.94882650707707e+04 
1.84015419402300e-01 9.94906391558969e+04 
1.84205520758356e-01 9.94886321606873e+04 
1.84395628129834e-01 9.94841906424373e+04 
1.84585787564927e-01 9.94751478465278e+04 
1.84775938789318e-01 9.94630517540685e+04 
1.84966069170765e-01 9.94466854055413e+04 
1.85156114405545e-01 9.94264360448021e+04 
1.85346048138322e-01 9.94079089083779e+04 
1.85535985937058e-01 9.93899255041555e+04 
1.85725952985394e-01 9.93770926526511e+04 
1.85915988641700e-01 9.93682532413901e+04 
1.86106094818696e-01 9.93716801083521e+04 
1.86296247991428e-01 9.93746245221147e+04 
1.86486386520642e-01 9.93767829956217e+04 
1.86676594925158e-01 9.93838121858513e+04 
1.86866847453973e-01 9.93916944413530e+04 
1.87057146377493e-01 9.94016824567488e+04 
1.87247485081643e-01 9.94172741885506e+04 
1.87437841898938e-01 9.94322268360803e+04 
1.87628173307956e-01 9.94467649473956e+04 
1.87818567429750e-01 9.94628844832250e+04 
1.88009002420737e-01 9.94752269103967e+04 
1.88199477217051e-01 9.94872135526073e+04 
1.88389974744480e-01 9.95000166816714e+04 
1.88580482795764e-01 9.95102505236689e+04 
1.88770948032585e-01 9.95162667512410e+04 
1.88961416245657e-01 9.95229060508336e+04 
1.89151874190218e-01 9.95241055637059e+04 
1.89342322375115e-01 9.95255120830598e+04 
1.89532756562630e-01 9.95233419766672e+04 
1.89723198559306e-01 9.95212752286122e+04 
1.89913603160854e-01 9.95168674018934e+04 
1.90104021158027e-01 9.95089170334774e+04 
1.90294457189551e-01 9.94914696427080e+04 
1.90484909188596e-01 9.94751638729931e+04 
1.90675376220809e-01 9.94544226176539e+04 
1.90865867189745e-01 9.94324988710327e+04 
1.91056333593734e-01 9.94096977002814e+04 
1.91246821433558e-01 9.93866272159678e+04 
1.91437328730710e-01 9.93585124501032e+04 
1.91627855457124e-01 9.93348064264767e+04 
1.91818397549424e-01 9.93115539147156e+04 
1.92008953626359e-01 9.92908513467666e+04 
1.92199486369622e-01 9.92727554196677e+04 
1.92390038510138e-01 9.92587416588967e+04 
1.92580604174525e-01 9.92453420032765e+04 
1.92771192494334e-01 9.92390803759428e+04 
1.92961797637448e-01 9.92340449097210e+04 
1.93152411850349e-01 9.92323629463988e+04 
1.93343007456640e-01 9.92343732255955e+04 
1.93533620623196e-01 9.92384382085546e+04 
1.93724243752822e-01 9.92414553611487e+04 
1.93914893660454e-01 9.92557658326286e+04 
1.94105562031894e-01 9.92717457072133e+04 
1.94296237316120e-01 9.92891842375717e+04 
1.94486899113913e-01 9.93052996539661e+04 
1.94677576998919e-01 9.93254772116602e+04 
1.94868262207799e-01 9.93454379863456e+04 
1.95058977604123e-01 9.93672456742946e+04 
1.95249711927007e-01 9.93907043854271e+04 
1.95440451021596e-01 9.94147215522861e+04 
1.95631180646330e-01 9.94331071730932e+04 
1.95821924754797e-01 9.94541373559179e+04 
1.96012673952951e-01 9.94695252856837e+04 
1.96203456074734e-01 9.94834694505309e+04 
1.96394257192573e-01 9.94966250288534e+04 
1.96585061174677e-01 9.95067012654651e+04 
1.96775858953271e-01 9.95115376363122e+04 
1.96966669682156e-01 9.95149051938841e+04 
1.97157484416710e-01 9.95118671884744e+04 
1.97348334475710e-01 9.95075874001631e+04 
1.97539204438001e-01 9.94976201060967e+04 
1.97730076235140e-01 9.94860163957044e+04 
1.97920945614071e-01 9.94704421651784e+04 
1.98111827781790e-01 9.94586126356115e+04 
1.98302713483481e-01 9.94430546931029e+04 
1.98493635858386e-01 9.94292464587921e+04 
1.98684578573266e-01 9.94183645905477e+04 
1.98875522524679e-01 9.94061165956554e+04 
1.99066467722814e-01 9.93917838192711e+04 
1.99257425626892e-01 9.93792979088106e+04 
1.99448386462434e-01 9.93649352570843e+04 
1.99639385094806e-01 9.93508402708015e+04 
1.99830404396580e-01 9.93379140913551e+04 
2.00021425134804e-01 9.93238837254061e+04 
2.00212450881258e-01 9.93073527300377e+04 
