# Liste des scalaires : TEMPS pmat 
0.00000000000000e+00 1.00000000000000e+05 
7.22956891292051e-05 1.00000000000000e+05 
1.35956488298237e-04 1.00000000000000e+05 
2.05983367384172e-04 1.00000000000000e+05 
2.83012934378701e-04 1.00000000000000e+05 
3.67745458072682e-04 1.00000000000000e+05 
4.60951234136062e-04 1.00000000000000e+05 
5.63477587805779e-04 1.00000000000000e+05 
6.76256576842469e-04 1.00000000000000e+05 
7.98960838361759e-04 1.00000000000000e+05 
9.24893917697718e-04 1.00000000000000e+05 
1.05635510010697e-03 1.00000000000000e+05 
1.19111216624514e-03 1.00000000000000e+05 
1.32961364448258e-03 1.00000000000000e+05 
1.47652798317541e-03 1.00000000000000e+05 
1.63178354450216e-03 1.00000000000000e+05 
1.79645252735433e-03 1.00000000000000e+05 
1.96629269020609e-03 1.00000000000000e+05 
2.14452929514025e-03 1.00000000000000e+05 
2.33006099955175e-03 1.00000000000000e+05 
2.52382581363628e-03 1.00000000000000e+05 
2.72749318173403e-03 1.00000000000000e+05 
2.94315155920415e-03 1.00000000000000e+05 
3.16696664096861e-03 1.00000000000000e+05 
3.40193665905754e-03 1.00000000000000e+05 
3.64918369542426e-03 1.00000000000000e+05 
3.90694430390622e-03 1.00000000000000e+05 
4.17826459136797e-03 1.00000000000000e+05 
4.46414597155056e-03 1.00000000000000e+05 
4.74944168042380e-03 1.00000000000000e+05 
5.01735621056557e-03 1.00000000000000e+05 
5.26680711360564e-03 1.00000000000000e+05 
5.50845947221035e-03 1.00000000000000e+05 
5.74678083521075e-03 1.00000000000000e+05 
5.99428452821339e-03 1.00000000000000e+05 
6.26605608518193e-03 1.00000000000000e+05 
6.56500479784733e-03 1.00000000000000e+05 
6.85698181460668e-03 1.00000000000000e+05 
7.15793644406889e-03 1.00000000000000e+05 
7.45814871245783e-03 1.00000000000000e+05 
7.76421399325850e-03 1.00000000000000e+05 
8.07743692317532e-03 1.00000000000000e+05 
8.39750313247563e-03 1.00000000000000e+05 
8.72884494764862e-03 1.00000000000000e+05 
9.07319375298883e-03 1.00000000000000e+05 
9.42807784722845e-03 1.00000000000000e+05 
9.79299660531513e-03 1.00000000000000e+05 
1.01659900477007e-02 1.00000000000000e+05 
1.05426256692861e-02 1.00000000000000e+05 
1.09174033455873e-02 1.00000000000000e+05 
1.12918279323887e-02 1.00000000000000e+05 
1.16682955075178e-02 1.00000000000000e+05 
1.20467415815892e-02 1.00000000000000e+05 
1.24287981288878e-02 1.00000000000000e+05 
1.28161815864719e-02 1.00000000000000e+05 
1.32077269270612e-02 1.00000000000000e+05 
1.36023011031521e-02 1.00000000000000e+05 
1.39969263298875e-02 1.00000000000000e+05 
1.43933438920816e-02 1.00000000000000e+05 
1.47913672585544e-02 1.00000000000000e+05 
1.51894078317907e-02 1.00000000000000e+05 
1.55877770614038e-02 1.00000000000000e+05 
1.59859124698821e-02 1.00000000000000e+05 
1.63840938538020e-02 1.00000000000000e+05 
1.67828894682115e-02 1.00000000000000e+05 
1.71829042280574e-02 1.00000000000000e+05 
1.75829803206530e-02 1.00000000000000e+05 
1.79832070798444e-02 1.00000000000000e+05 
1.83820531253295e-02 1.00000000000000e+05 
1.87808442402708e-02 1.00000000000000e+05 
1.91801939200758e-02 1.00000000000000e+05 
1.95799307896766e-02 1.00000000000000e+05 
1.99783177322926e-02 1.00000000000000e+05 
2.03763102976153e-02 1.00000000000000e+05 
2.07743608080772e-02 1.00000000000000e+05 
2.11724970312708e-02 1.00000000000000e+05 
2.15713838207593e-02 1.00000000000000e+05 
2.19703308082020e-02 1.00000000000000e+05 
2.23689336697491e-02 1.00000000000000e+05 
2.27669606166610e-02 1.00000000000000e+05 
2.31647573543078e-02 1.00000000000000e+05 
2.35623362954514e-02 1.00000000000000e+05 
2.39601646164412e-02 1.00000000000000e+05 
2.43583555474507e-02 1.00000000000000e+05 
2.47565582493281e-02 1.00000000000000e+05 
2.51548927168698e-02 1.00000000000000e+05 
2.55538401237555e-02 1.00000000000000e+05 
2.59534188950679e-02 1.00000000000000e+05 
2.63534500488901e-02 1.00000000000000e+05 
2.67530387107243e-02 1.00000000000000e+05 
2.71520160455159e-02 1.00000000000000e+05 
2.75508475628689e-02 1.00000000000000e+05 
2.79494877359635e-02 1.00000000000000e+05 
2.83480415123489e-02 1.00000000000000e+05 
2.87468272188309e-02 1.00000000000000e+05 
2.91458628484912e-02 1.00000000000000e+05 
2.95444828872003e-02 1.00000000000000e+05 
2.99430104703894e-02 1.00000000000000e+05 
3.03400707118013e-02 1.00000000000000e+05 
3.07371909003105e-02 1.00000000000000e+05 
3.11345269623557e-02 1.00000000000000e+05 
3.15321484055257e-02 1.00000000000000e+05 
3.19295106854196e-02 1.00000000000000e+05 
3.23265668988424e-02 1.00000000000000e+05 
3.27229593647192e-02 1.00000000000000e+05 
3.31194241498888e-02 1.00000000000000e+05 
3.35151162806669e-02 1.00000000000000e+05 
3.39104265902704e-02 1.00000000000000e+05 
3.43061113559427e-02 1.00000000000007e+05 
3.47016622799501e-02 1.00000000000018e+05 
3.50971499735946e-02 1.00000000000021e+05 
3.54925403462847e-02 1.00000000000023e+05 
3.58871766426412e-02 1.00000000000024e+05 
3.62812289919369e-02 1.00000000000024e+05 
3.66752432106395e-02 1.00000000012971e+05 
3.70689118739228e-02 1.00000000038298e+05 
3.74627662878021e-02 1.00000000182028e+05 
3.78565491040342e-02 1.00000000458165e+05 
3.82499805192635e-02 1.00000000857230e+05 
3.86432119977236e-02 1.00000001622953e+05 
3.90367190025781e-02 1.00000003326944e+05 
3.94301288481409e-02 1.00000006132978e+05 
3.98237855639084e-02 1.00000009388506e+05 
4.02175591198649e-02 1.00000017596176e+05 
4.06111208589215e-02 1.00000025915177e+05 
4.10045764221989e-02 1.00000041149232e+05 
4.13982864181794e-02 1.00000073378512e+05 
4.17920859102492e-02 1.00000119365351e+05 
4.21862151510312e-02 1.00000181344886e+05 
4.25806669384710e-02 1.00000365606320e+05 
4.29751581832097e-02 1.00000744399898e+05 
4.33698907989823e-02 1.00001398849750e+05 
4.37651292819641e-02 1.00002806420248e+05 
4.41606923589707e-02 1.00004472811230e+05 
4.45568110210092e-02 1.00006798180084e+05 
4.49533384371164e-02 1.00010483626224e+05 
4.53498381910248e-02 1.00015581146580e+05 
4.57461970986615e-02 1.00024002089284e+05 
4.61427836786627e-02 1.00040348044063e+05 
4.65392697099103e-02 1.00084352147531e+05 
4.69362180337992e-02 1.00181943821933e+05 
4.73334482980785e-02 1.00372030094842e+05 
4.77306613128412e-02 1.00685779974018e+05 
4.81278204654964e-02 1.01161616052204e+05 
4.85252672972436e-02 1.01832417711351e+05 
4.89227535822038e-02 1.02718236311045e+05 
4.93207209667814e-02 1.03802184383404e+05 
4.97190465504155e-02 1.05046200682291e+05 
5.01173789313069e-02 1.06393027835693e+05 
5.05156241260263e-02 1.07738345720516e+05 
5.09139058828272e-02 1.08954078155245e+05 
5.13123508642028e-02 1.09973001607916e+05 
5.17110553502520e-02 1.10466744209413e+05 
5.21100173693579e-02 1.10592713314925e+05 
5.25089773445910e-02 1.10457569242443e+05 
5.29078774563255e-02 1.10308061748081e+05 
5.33069440125211e-02 1.10052277752688e+05 
5.37061424036180e-02 1.09661795971368e+05 
5.41055609104516e-02 1.09179083811585e+05 
5.45052222441064e-02 1.08636005746142e+05 
5.49048352464978e-02 1.08028634082966e+05 
5.53043508001334e-02 1.07383186675882e+05 
5.57040153372862e-02 1.06708865039430e+05 
5.61037547608512e-02 1.06049042766135e+05 
5.65036411951655e-02 1.05385593087942e+05 
5.69036936619060e-02 1.04750269531673e+05 
5.73034445882026e-02 1.04134659896885e+05 
5.77032025679385e-02 1.03539637732552e+05 
5.81030966783550e-02 1.02956987325013e+05 
5.85029172681415e-02 1.02416885497398e+05 
5.89024832127356e-02 1.01895971245981e+05 
5.93017702575854e-02 1.01401616293273e+05 
5.97006701425216e-02 1.00928906389749e+05 
6.00994879823384e-02 1.00475525748678e+05 
6.04984419956794e-02 1.00026932186970e+05 
6.08971878872705e-02 9.96105981138768e+04 
6.12956947469050e-02 9.92125021609986e+04 
6.16939474193744e-02 9.88331741456801e+04 
6.20918423701393e-02 9.84685510379223e+04 
6.24896599938548e-02 9.81184559519649e+04 
6.28876260202094e-02 9.77713164742179e+04 
6.32853782893720e-02 9.74537796058841e+04 
6.36829274414287e-02 9.71539721901251e+04 
6.40802500381282e-02 9.68689890347968e+04 
6.44772498790963e-02 9.65998394570156e+04 
6.48741936526444e-02 9.63393144715331e+04 
6.52712948116218e-02 9.60881863298527e+04 
6.56682454982134e-02 9.58674992049007e+04 
6.60650851355185e-02 9.56607617092954e+04 
6.64618361334078e-02 9.54762761027098e+04 
6.68584252800946e-02 9.53022237854415e+04 
6.72551167155672e-02 9.51427189333987e+04 
6.76521269910997e-02 9.49985339501693e+04 
6.80491362601663e-02 9.48834877978055e+04 
6.84462445045066e-02 9.47867560969358e+04 
6.88434016559267e-02 9.47186423217177e+04 
6.92405853748898e-02 9.46651364695267e+04 
6.96379720622296e-02 9.46495090440766e+04 
7.00358014854009e-02 9.46644920188205e+04 
7.04337455403347e-02 9.47137899783768e+04 
7.08318479117564e-02 9.47667932271791e+04 
7.12300926784187e-02 9.48291293338120e+04 
7.16282433184177e-02 9.48976846237182e+04 
7.20264294181333e-02 9.49886638631497e+04 
7.24249875226110e-02 9.51059637237582e+04 
7.28237277533342e-02 9.52463237386399e+04 
7.32226496400841e-02 9.53970638795761e+04 
7.36216349483602e-02 9.55603423651794e+04 
7.40205845470413e-02 9.57289567532097e+04 
7.44197375074081e-02 9.59005640677034e+04 
7.48193599317651e-02 9.60837024908907e+04 
7.52191949935286e-02 9.62635458682033e+04 
7.56191932603261e-02 9.64418805736555e+04 
7.60192484580091e-02 9.66190171249358e+04 
7.64192940134513e-02 9.67865654537014e+04 
7.68195220347668e-02 9.69451856618743e+04 
7.72201534924135e-02 9.71028343247165e+04 
7.76209485831798e-02 9.72419052073028e+04 
7.80218308545153e-02 9.73765062360730e+04 
7.84227261907576e-02 9.74977478829995e+04 
7.88235878405053e-02 9.76101327027091e+04 
7.92245686032331e-02 9.77176188858888e+04 
7.96258665889890e-02 9.78218386837582e+04 
8.00272737585515e-02 9.79101559800549e+04 
8.04286983199148e-02 9.79998756703865e+04 
8.08301050745548e-02 9.80804325189932e+04 
8.12314643143800e-02 9.81587373515309e+04 
8.16328767978136e-02 9.82394098617185e+04 
8.20345588589375e-02 9.83202550889664e+04 
8.24362843984349e-02 9.83925219196201e+04 
8.28379845021055e-02 9.84703012455307e+04 
8.32395845014820e-02 9.85448266563644e+04 
8.36410895472393e-02 9.86223998621707e+04 
8.40425972818863e-02 9.87045502810666e+04 
8.44442919878932e-02 9.87888531669922e+04 
8.48459658242505e-02 9.88641894696195e+04 
8.52475660891866e-02 9.89445679111607e+04 
8.56490361131384e-02 9.90208583674781e+04 
8.60504065498523e-02 9.90977963596291e+04 
8.64517946254996e-02 9.91741413235678e+04 
8.68533620980626e-02 9.92503058357945e+04 
8.72549141229164e-02 9.93185773954506e+04 
8.76564480912471e-02 9.93826040960951e+04 
8.80579092902184e-02 9.94408472101247e+04 
8.84593529655025e-02 9.94966428552054e+04 
8.88608945106468e-02 9.95519107709601e+04 
8.92626781720894e-02 9.96058552441735e+04 
8.96645056714713e-02 9.96497974909335e+04 
9.00664256511747e-02 9.96900041667777e+04 
9.04683662578340e-02 9.97253729505992e+04 
9.08703828418724e-02 9.97556678493739e+04 
9.12725597098675e-02 9.97860625974381e+04 
9.16750156265530e-02 9.98169335610476e+04 
9.20775687793262e-02 9.98464983852877e+04 
9.24802195549170e-02 9.98739844050931e+04 
9.28828957602369e-02 9.99008231216104e+04 
9.32856656291339e-02 9.99286711727120e+04 
9.36885601967062e-02 9.99596328680918e+04 
9.40916719498217e-02 9.99923323204626e+04 
9.44948376153130e-02 1.00026001399527e+05 
9.48980438552375e-02 1.00056279609567e+05 
9.53012250533526e-02 1.00087367488235e+05 
9.57044613209802e-02 1.00118042321464e+05 
9.61077756919431e-02 1.00150643106942e+05 
9.65112446467980e-02 1.00186304032333e+05 
9.69147309884508e-02 1.00224200170995e+05 
9.73182415165113e-02 1.00258014408339e+05 
9.77217110223767e-02 1.00290472127130e+05 
9.81252345564218e-02 1.00320479176259e+05 
9.85288114634222e-02 1.00350888806034e+05 
9.89324975933667e-02 1.00382416983714e+05 
9.93361890495051e-02 1.00414081331114e+05 
9.97399050280939e-02 1.00441546464627e+05 
1.00143504966251e-01 1.00467255880308e+05 
1.00547041303532e-01 1.00489800553713e+05 
1.00950541443824e-01 1.00511407616656e+05 
1.01354073218834e-01 1.00529980403683e+05 
1.01757503694708e-01 1.00548626981458e+05 
1.02160886769079e-01 1.00564112140104e+05 
1.02564131967552e-01 1.00574740600900e+05 
1.02967296881325e-01 1.00583722399524e+05 
1.03370435241786e-01 1.00593969786752e+05 
1.03773596041763e-01 1.00600438463168e+05 
1.04176647514437e-01 1.00607922825893e+05 
1.04579638627376e-01 1.00611875832929e+05 
1.04982498182923e-01 1.00612288755138e+05 
1.05385278675243e-01 1.00610862743550e+05 
1.05788017121329e-01 1.00610031217920e+05 
1.06190738716255e-01 1.00605950336602e+05 
1.06593335607810e-01 1.00603997345671e+05 
1.06995873164757e-01 1.00599891969491e+05 
1.07398285721415e-01 1.00593016041103e+05 
1.07800620750644e-01 1.00585975158734e+05 
1.08202934822930e-01 1.00580226175855e+05 
1.08605254644418e-01 1.00571608775549e+05 
1.09007461595079e-01 1.00565802714150e+05 
1.09409634461098e-01 1.00557890277678e+05 
1.09811722601799e-01 1.00548235740806e+05 
1.10213772825797e-01 1.00537800338867e+05 
1.10615839325372e-01 1.00528881930256e+05 
1.11017947245646e-01 1.00516134666751e+05 
1.11419965272563e-01 1.00507029459661e+05 
1.11821998436841e-01 1.00495412889157e+05 
1.12223975604067e-01 1.00481722322960e+05 
1.12625982886674e-01 1.00467575147070e+05 
1.13028031282381e-01 1.00455766055420e+05 
1.13430131426281e-01 1.00441232984590e+05 
1.13832163891582e-01 1.00429015772313e+05 
1.14234235311513e-01 1.00415894404500e+05 
1.14636266915438e-01 1.00400344156478e+05 
1.15038353010036e-01 1.00383936177521e+05 
1.15440494372761e-01 1.00368342824081e+05 
1.15842682875608e-01 1.00352235386323e+05 
1.16244813787996e-01 1.00336695360847e+05 
1.16647010059150e-01 1.00319822417091e+05 
1.17049187373331e-01 1.00301963477618e+05 
1.17451454616394e-01 1.00282699752320e+05 
1.17853662511922e-01 1.00263807847790e+05 
1.18255790934705e-01 1.00240418121490e+05 
1.18657808880198e-01 1.00219812714065e+05 
1.19059876036873e-01 1.00198520642940e+05 
1.19461934899357e-01 1.00176592877668e+05 
1.19864062178965e-01 1.00154348293522e+05 
1.20266092795100e-01 1.00134549783848e+05 
1.20668017027255e-01 1.00111661962585e+05 
1.21069805032790e-01 1.00092405998572e+05 
1.21471605898858e-01 1.00071996569681e+05 
1.21873385779068e-01 1.00050053327360e+05 
1.22275214449757e-01 1.00027429665710e+05 
1.22676932330982e-01 1.00005861129088e+05 
1.23078527305379e-01 9.99812335637810e+04 
1.23479991065109e-01 9.99609852680115e+04 
1.23881494014443e-01 9.99430552286084e+04 
1.24282993079972e-01 9.99274427772263e+04 
1.24684586689475e-01 9.99131589835491e+04 
1.25086084335379e-01 9.99022369456722e+04 
1.25487485575406e-01 9.98897716999075e+04 
1.25888769553609e-01 9.98821283865866e+04 
1.26290040380591e-01 9.98746738564567e+04 
1.26691271267390e-01 9.98667218677629e+04 
1.27092517499982e-01 9.98602952169320e+04 
1.27493670628767e-01 9.98574275337614e+04 
1.27894710771472e-01 9.98537532010818e+04 
1.28295598804963e-01 9.98541696898749e+04 
1.28696493394415e-01 9.98556362504448e+04 
1.29097355060666e-01 9.98564991033903e+04 
1.29498249296304e-01 9.98588163846145e+04 
1.29899040237748e-01 9.98639900859736e+04 
1.30299695540343e-01 9.98666552369928e+04 
1.30700177205502e-01 9.98726888107515e+04 
1.31100658478532e-01 9.98797225450207e+04 
1.31501104086934e-01 9.98874358303848e+04 
1.31901575079196e-01 9.98977453651604e+04 
1.32301921416542e-01 9.99139348923544e+04 
1.32702104833775e-01 9.99287897444731e+04 
1.33102106421597e-01 9.99508948280326e+04 
1.33502107198144e-01 9.99756133766813e+04 
1.33902065678918e-01 1.00000467936086e+05 
1.34302052202623e-01 1.00027738389323e+05 
1.34701912384764e-01 1.00060109681655e+05 
1.35101603822549e-01 1.00090776514793e+05 
1.35501122552112e-01 1.00127158934892e+05 
1.35900654264007e-01 1.00164644956565e+05 
1.36300177121933e-01 1.00199516058037e+05 
1.36699755732453e-01 1.00234509668985e+05 
1.37099236020786e-01 1.00271858106181e+05 
1.37498568388278e-01 1.00305192601172e+05 
1.37897762461591e-01 1.00339968759205e+05 
1.38297020004385e-01 1.00372847441951e+05 
1.38696326059012e-01 1.00401566399992e+05 
1.39095735415752e-01 1.00426357558987e+05 
1.39495080147979e-01 1.00449185608342e+05 
1.39894322622926e-01 1.00465303310213e+05 
1.40293495597031e-01 1.00479527870036e+05 
1.40692785823056e-01 1.00489249167092e+05 
1.41092185761366e-01 1.00493598180824e+05 
1.41491777991295e-01 1.00494910559302e+05 
1.41891362252898e-01 1.00495072666906e+05 
1.42290929067417e-01 1.00492756436688e+05 
1.42690483091982e-01 1.00489255785056e+05 
1.43090234559453e-01 1.00485837497224e+05 
1.43490167224429e-01 1.00479313171962e+05 
1.43890199294440e-01 1.00470887071172e+05 
1.44290260045927e-01 1.00462416751635e+05 
1.44690287781035e-01 1.00451383271785e+05 
1.45090218117662e-01 1.00441306031286e+05 
1.45490287659172e-01 1.00431056089245e+05 
1.45890536950689e-01 1.00418043074147e+05 
1.46290919285675e-01 1.00402906477973e+05 
1.46691347163344e-01 1.00386197409492e+05 
1.47091748362360e-01 1.00366692800517e+05 
1.47492074231895e-01 1.00346631328421e+05 
1.47892549773459e-01 1.00326263385449e+05 
1.48293206329854e-01 1.00302941037534e+05 
1.48693992129456e-01 1.00277723024501e+05 
1.49094802775913e-01 1.00251940190198e+05 
1.49495566129204e-01 1.00223922461453e+05 
1.49896250248985e-01 1.00197708707937e+05 
1.50297070405487e-01 1.00172961601350e+05 
1.50698056051628e-01 1.00147351490563e+05 
1.51099163142899e-01 1.00121204171185e+05 
1.51500282136616e-01 1.00095559594009e+05 
1.51901339376501e-01 1.00068308418117e+05 
1.52302321186973e-01 1.00042264706857e+05 
1.52703441524541e-01 1.00018370250874e+05 
1.53104736404482e-01 9.99929404249508e+04 
1.53506158885435e-01 9.99676516693354e+04 
1.53907590603848e-01 9.99427025581044e+04 
1.54308954918213e-01 9.99184352021505e+04 
1.54710257798345e-01 9.98951129725250e+04 
1.55111709402665e-01 9.98752722991614e+04 
1.55513336344943e-01 9.98543092887322e+04 
1.55915091092098e-01 9.98336185975675e+04 
1.56316853071618e-01 9.98131695201566e+04 
1.56718528753058e-01 9.97920529349350e+04 
1.57120140708709e-01 9.97723436038294e+04 
1.57521924358732e-01 9.97543522598927e+04 
1.57923882086007e-01 9.97355271776518e+04 
1.58325990026106e-01 9.97166488683991e+04 
1.58728099788957e-01 9.96994087764722e+04 
1.59130134239062e-01 9.96806046508588e+04 
1.59532116103249e-01 9.96663382229221e+04 
1.59934306361954e-01 9.96533414755738e+04 
1.60336686088093e-01 9.96386817262820e+04 
1.60739246675875e-01 9.96256751819640e+04 
1.61141820344362e-01 9.96154273543894e+04 
1.61544330499696e-01 9.96023688004572e+04 
1.61946814585943e-01 9.95926498347479e+04 
1.62349560486448e-01 9.95856743180122e+04 
1.62752469965627e-01 9.95752224627873e+04 
1.63155367053760e-01 9.95653031924289e+04 
1.63558206911142e-01 9.95584948543553e+04 
1.63961072972178e-01 9.95490944730036e+04 
1.64363844331436e-01 9.95426084099280e+04 
1.64766808796297e-01 9.95394392151374e+04 
1.65169946858059e-01 9.95325117100318e+04 
1.65573110073312e-01 9.95291234903041e+04 
1.65976233977254e-01 9.95293945764612e+04 
1.66379380636696e-01 9.95263838954217e+04 
1.66782456182916e-01 9.95258389416167e+04 
1.67185742464140e-01 9.95268876498953e+04 
1.67589196080735e-01 9.95250905961938e+04 
1.67992704897978e-01 9.95229678075647e+04 
1.68396160416526e-01 9.95252760945541e+04 
1.68799630704548e-01 9.95254808468151e+04 
1.69203041139795e-01 9.95285856383592e+04 
1.69606663251916e-01 9.95339616684018e+04 
1.70010449952408e-01 9.95364344426123e+04 
1.70414297969624e-01 9.95395331923707e+04 
1.70818083133709e-01 9.95459445154843e+04 
1.71221854322611e-01 9.95502328251244e+04 
1.71625582027499e-01 9.95563492298852e+04 
1.72029512706254e-01 9.95640837798546e+04 
1.72433598689507e-01 9.95691370784488e+04 
1.72837754591908e-01 9.95742796732378e+04 
1.73241846951894e-01 9.95808362255175e+04 
1.73645915959496e-01 9.95867635279677e+04 
1.74049948427067e-01 9.95937358074337e+04 
1.74454184151972e-01 9.96022893294887e+04 
1.74858578030237e-01 9.96085779643729e+04 
1.75263055089124e-01 9.96150569357367e+04 
1.75667465950992e-01 9.96253935869359e+04 
1.76071849767731e-01 9.96331263311308e+04 
1.76476203287341e-01 9.96423464031574e+04 
1.76880770126486e-01 9.96527738104280e+04 
1.77285500877151e-01 9.96599772795515e+04 
1.77690335869033e-01 9.96669274302398e+04 
1.78095123222200e-01 9.96741843544487e+04 
1.78499906139711e-01 9.96801817399765e+04 
1.78904679581249e-01 9.96860973216214e+04 
1.79309693181826e-01 9.96928984302562e+04 
1.79714894353807e-01 9.96977816259960e+04 
1.80120228426007e-01 9.97026072062405e+04 
1.80525535718146e-01 9.97087725107705e+04 
1.80930856311070e-01 9.97142414507757e+04 
1.81336167886483e-01 9.97196311223712e+04 
1.81741717744263e-01 9.97264525639138e+04 
1.82147470609645e-01 9.97322669825847e+04 
1.82553344550238e-01 9.97368912729130e+04 
1.82959183657182e-01 9.97408965753376e+04 
1.83365022615864e-01 9.97441798713261e+04 
1.83770841271696e-01 9.97470986308688e+04 
1.84176883040696e-01 9.97500001937000e+04 
1.84583111112941e-01 9.97507938752086e+04 
1.84989447462828e-01 9.97504898088614e+04 
1.85395719976668e-01 9.97504847284493e+04 
1.85801953832491e-01 9.97494629046640e+04 
1.86208161292163e-01 9.97494850342497e+04 
1.86614563918659e-01 9.97500326692643e+04 
1.87020998894167e-01 9.97490206006441e+04 
1.87427553218735e-01 9.97470561373477e+04 
1.87833991266049e-01 9.97454524689515e+04 
1.88240260612244e-01 9.97431705370823e+04 
1.88646418902464e-01 9.97407052112990e+04 
1.89052649331408e-01 9.97389791998283e+04 
1.89458896487790e-01 9.97361628418607e+04 
1.89865239463514e-01 9.97329020188190e+04 
1.90271448698610e-01 9.97309137992646e+04 
1.90677465556483e-01 9.97283310771843e+04 
1.91083370095364e-01 9.97266025504596e+04 
1.91489352699484e-01 9.97279288541305e+04 
1.91895363565865e-01 9.97284632285117e+04 
1.92301493680159e-01 9.97284982049425e+04 
1.92707494411171e-01 9.97297481900189e+04 
1.93113304010429e-01 9.97293527165591e+04 
1.93519016175035e-01 9.97321585287807e+04 
1.93924814459470e-01 9.97353927804867e+04 
1.94330585768073e-01 9.97364914447861e+04 
1.94736303619082e-01 9.97377188607512e+04 
1.95141838488050e-01 9.97413468157220e+04 
1.95547228797575e-01 9.97423499203674e+04 
1.95952454509455e-01 9.97455896929412e+04 
1.96357748978180e-01 9.97494798616109e+04 
1.96763022839176e-01 9.97513408150846e+04 
1.97168247783655e-01 9.97535647906265e+04 
1.97573291473750e-01 9.97573363937633e+04 
1.97978190290764e-01 9.97596287552477e+04 
1.98382942704728e-01 9.97632003221475e+04 
1.98787786013242e-01 9.97681937467204e+04 
1.99192644172735e-01 9.97725714357674e+04 
1.99597458031094e-01 9.97771368708563e+04 
2.00002105008989e-01 9.97834933130773e+04 
2.00406619838493e-01 9.97882002378148e+04 
