# Liste des scalaires : TEMPS pmat 
0.00000000000000e+00 1.00000000000000e+05 
7.22956891292051e-05 1.00000000000000e+05 
1.51820947171331e-04 1.00000000000000e+05 
2.39298731017669e-04 1.00000000000000e+05 
3.35524293248641e-04 1.00000000000000e+05 
4.41372411702710e-04 1.00000000000000e+05 
5.57805342002186e-04 1.00000000000000e+05 
6.85881565331610e-04 1.00000000000000e+05 
8.26765410993976e-04 1.00000000000000e+05 
9.81737641222579e-04 1.00000000000000e+05 
1.14588119092296e-03 1.00000000000000e+05 
1.31644506890771e-03 1.00000000000000e+05 
1.49572409128170e-03 1.00000000000000e+05 
1.68602176226831e-03 1.00000000000000e+05 
1.88328324765382e-03 1.00000000000000e+05 
2.09120986440592e-03 1.00000000000000e+05 
2.31237305882568e-03 1.00000000000000e+05 
2.54447041840013e-03 1.00000000000000e+05 
2.78866309293545e-03 1.00000000000000e+05 
3.04866416415974e-03 1.00000000000000e+05 
3.32064839612264e-03 1.00000000000000e+05 
3.60775369319022e-03 1.00000000000000e+05 
3.91271064964741e-03 1.00000000000000e+05 
4.23688833802474e-03 1.00000000000000e+05 
4.57800329233158e-03 1.00000000000000e+05 
4.93107068874717e-03 1.00000000000000e+05 
5.29131712785885e-03 1.00000000000000e+05 
5.66738732116103e-03 1.00000000000000e+05 
6.03471164121029e-03 1.00000000000000e+05 
6.40335438320059e-03 1.00000000000000e+05 
6.77607190092023e-03 1.00000000000000e+05 
7.15224426446923e-03 1.00000000000000e+05 
7.53384313655744e-03 1.00000000000000e+05 
7.91908786445669e-03 1.00000000000000e+05 
8.31093776502111e-03 1.00000000000000e+05 
8.70704138050424e-03 1.00000000000000e+05 
9.10593619596818e-03 1.00000000000000e+05 
9.50307806011657e-03 1.00000000000000e+05 
9.90177310430245e-03 1.00000000000000e+05 
1.03018065944682e-02 1.00000000000000e+05 
1.07023200819047e-02 1.00000000000000e+05 
1.11023605677618e-02 1.00000000000000e+05 
1.15059809381074e-02 1.00000000000000e+05 
1.19086297950081e-02 1.00000000000000e+05 
1.23137956811182e-02 1.00000000000000e+05 
1.27206645346908e-02 1.00000000000000e+05 
1.31247051946014e-02 1.00000000000000e+05 
1.35273007592650e-02 1.00000000000000e+05 
1.39314869827378e-02 1.00000000000000e+05 
1.43336197824194e-02 1.00000000000000e+05 
1.47370515952302e-02 1.00000000000000e+05 
1.51412766950792e-02 1.00000000000000e+05 
1.55423913727032e-02 1.00000000000000e+05 
1.59425142241377e-02 1.00000000000000e+05 
1.63441537835807e-02 1.00000000000000e+05 
1.67448839474124e-02 1.00000000000000e+05 
1.71473854720222e-02 1.00000000000000e+05 
1.75512728620110e-02 1.00000000000000e+05 
1.79526069253339e-02 1.00000000000000e+05 
1.83530643503745e-02 1.00000000000000e+05 
1.87548078357847e-02 1.00000000000000e+05 
1.91553637201434e-02 1.00000000000000e+05 
1.95569942160657e-02 1.00000000000000e+05 
1.99594740593504e-02 1.00000000000000e+05 
2.03597974956930e-02 1.00000000000000e+05 
2.07593755831810e-02 1.00000000000000e+05 
2.11601756748132e-02 1.00000000000000e+05 
2.15604651023099e-02 1.00000000000000e+05 
2.19622589377820e-02 1.00000000000000e+05 
2.23652974082085e-02 1.00000000000000e+05 
2.27669821432959e-02 1.00000000000000e+05 
2.31679916009192e-02 1.00000000000000e+05 
2.35696815399164e-02 1.00000000000000e+05 
2.39709540022823e-02 1.00000000000000e+05 
2.43733833348214e-02 1.00000000000000e+05 
2.47759282337136e-02 1.00000000000000e+05 
2.51778738883208e-02 1.00000000000000e+05 
2.55796161820283e-02 1.00000000000000e+05 
2.59815200004942e-02 1.00000000000000e+05 
2.63833719731485e-02 1.00000000000000e+05 
2.67845513367576e-02 1.00000000000000e+05 
2.71855741917906e-02 1.00000000000000e+05 
2.75863254215994e-02 1.00000000000000e+05 
2.79869732022474e-02 1.00000000000000e+05 
2.83876032704493e-02 1.00000000000000e+05 
2.87881611300811e-02 1.00000000000000e+05 
2.91881692641026e-02 1.00000000000000e+05 
2.95880477280409e-02 1.00000000000000e+05 
2.99877917231234e-02 1.00000000000000e+05 
3.03875495433247e-02 1.00000000000000e+05 
3.07872893510753e-02 1.00000000000000e+05 
3.11870372535568e-02 1.00000000000000e+05 
3.15863538222184e-02 1.00000000000000e+05 
3.19856789559791e-02 1.00000000000000e+05 
3.23850104773792e-02 1.00000000000000e+05 
3.27844972244734e-02 1.00000000000000e+05 
3.31840270051347e-02 1.00000000000000e+05 
3.35836409304827e-02 1.00000000000000e+05 
3.39828961693347e-02 1.00000000000000e+05 
3.43821924503420e-02 1.00000000000000e+05 
3.47815676116167e-02 1.00000000000000e+05 
3.51811495064996e-02 1.00000000000000e+05 
3.55807691174316e-02 1.00000000000000e+05 
3.59805230690690e-02 1.00000000000000e+05 
3.63800056667979e-02 1.00000000000000e+05 
3.67795881723525e-02 1.00000000000000e+05 
3.71793538876207e-02 1.00000000000000e+05 
3.75794367827274e-02 1.00000000000000e+05 
3.79795844787210e-02 1.00000000000000e+05 
3.83799164501761e-02 1.00000000000000e+05 
3.87800668891166e-02 1.00000000000000e+05 
3.91803657460855e-02 1.00000000000000e+05 
3.95809410850710e-02 1.00000000000000e+05 
3.99818560570683e-02 1.00000000000000e+05 
4.03828135554216e-02 1.00000000000000e+05 
4.07839628626100e-02 1.00000000000000e+05 
4.11849829044941e-02 1.00000000000000e+05 
4.15861721174852e-02 1.00000000000000e+05 
4.19877007898722e-02 1.00000000000000e+05 
4.23896427464876e-02 1.00000000000000e+05 
4.27916308661779e-02 1.00000000000000e+05 
4.31938407324097e-02 1.00000000000000e+05 
4.35959922122292e-02 1.00000000000000e+05 
4.39983480324385e-02 1.00000000000000e+05 
4.44010880152138e-02 1.00000000000000e+05 
4.48041597209097e-02 1.00000000000000e+05 
4.52067968702137e-02 1.00000000000000e+05 
4.56096466145558e-02 1.00000000000000e+05 
4.60122946523398e-02 1.00000000000000e+05 
4.64149699481788e-02 1.00000000000000e+05 
4.68179583702660e-02 1.00000000000000e+05 
4.72211614665320e-02 1.00000000000000e+05 
4.76240959269547e-02 1.00000000000000e+05 
4.80272629330320e-02 1.00000000000000e+05 
4.84303506049821e-02 1.00000000000000e+05 
4.88333581964433e-02 1.00000000000000e+05 
4.92365340685337e-02 1.00000000000000e+05 
4.96399405467076e-02 1.00000000000000e+05 
5.00431813249721e-02 1.00000000000000e+05 
5.04465236716499e-02 1.00000000000000e+05 
5.08498080168922e-02 1.00000000000000e+05 
5.12530241493516e-02 1.00000000000000e+05 
5.16564549816378e-02 1.00000000000000e+05 
5.20601442650739e-02 1.00000000000000e+05 
5.24637021476929e-02 1.00000000000000e+05 
5.28674134768758e-02 1.00000000000000e+05 
5.32711015559544e-02 1.00000000000000e+05 
5.36747946260685e-02 1.00000000000000e+05 
5.40787469781358e-02 1.00000000000000e+05 
5.44830081295497e-02 1.00000000000000e+05 
5.48870104916280e-02 1.00000000000000e+05 
5.52911289933833e-02 1.00000000000000e+05 
5.56948976651760e-02 1.00000000000000e+05 
5.60985388007102e-02 1.00000000000000e+05 
5.65024803403000e-02 1.00000000000000e+05 
5.69066634433301e-02 1.00000000000000e+05 
5.73105134390719e-02 1.00000000000000e+05 
5.77145368252597e-02 1.00000000000000e+05 
5.81183122722855e-02 1.00000000000000e+05 
5.85220696524035e-02 1.00000000000000e+05 
5.89261868590549e-02 1.00000000000000e+05 
5.93306235192431e-02 1.00000000000000e+05 
5.97348836191660e-02 1.00000000000000e+05 
6.01394142139477e-02 1.00000000000000e+05 
6.05437353098523e-02 1.00000000000000e+05 
6.09478973175234e-02 1.00000000000000e+05 
6.13523181059807e-02 1.00000000000000e+05 
6.17568080016806e-02 1.00000000000000e+05 
6.21610322593704e-02 1.00000000000000e+05 
6.25654778144531e-02 1.00000000000000e+05 
6.29696885361877e-02 1.00000000000000e+05 
6.33737719143596e-02 1.00000000000000e+05 
6.37781264853216e-02 1.00000000000000e+05 
6.41825697120911e-02 1.00000000000000e+05 
6.45867849350203e-02 1.00000000000000e+05 
6.49912633734294e-02 1.00000000000000e+05 
6.53955334489959e-02 1.00000000000000e+05 
6.57997495043086e-02 1.00000000000000e+05 
6.62042361636041e-02 1.00000000000000e+05 
6.66088619771116e-02 1.00000000000000e+05 
6.70132788679207e-02 1.00000000000000e+05 
6.74179800911390e-02 1.00000000000000e+05 
6.78224671543890e-02 1.00000000000000e+05 
6.82269093674482e-02 1.00000000000000e+05 
6.86316477737360e-02 1.00000000000000e+05 
6.90365053057798e-02 1.00000000000000e+05 
6.94411393862490e-02 1.00000000000000e+05 
6.98460352285413e-02 1.00000000000000e+05 
7.02506692775883e-02 1.00000000000000e+05 
7.06552108334272e-02 1.00000000000000e+05 
7.10598546352838e-02 1.00000000000000e+05 
7.14644340817685e-02 1.00000000000000e+05 
7.18687088242804e-02 1.00000000000000e+05 
7.22729221471193e-02 1.00000000000000e+05 
7.26769789090430e-02 1.00000000000000e+05 
7.30808669683505e-02 1.00000000000000e+05 
7.34846598537093e-02 1.00000000000000e+05 
7.38881949134320e-02 1.00000000000000e+05 
7.42912712055860e-02 1.00000000000000e+05 
7.46941037373107e-02 1.00000000000000e+05 
7.50965496129113e-02 1.00000000000000e+05 
7.54987264070872e-02 1.00000000000000e+05 
7.59008010414532e-02 1.00000000000000e+05 
7.63028355814176e-02 1.00000000000000e+05 
7.67047108123601e-02 1.00000000000000e+05 
7.71066986192747e-02 1.00000000000000e+05 
7.75086040681065e-02 1.00000000000000e+05 
7.79105716054924e-02 1.00000000000000e+05 
7.83127816308397e-02 1.00000000000000e+05 
7.87151171488543e-02 1.00000000000000e+05 
7.91175705204593e-02 1.00000000000000e+05 
7.95204019503091e-02 1.00000000000000e+05 
7.99231750311426e-02 1.00000000000000e+05 
8.03259870429879e-02 1.00000000000000e+05 
8.07292102233065e-02 1.00000000000000e+05 
8.11327886856647e-02 1.00000000000000e+05 
8.15363742036565e-02 1.00000000000000e+05 
8.19402863380851e-02 1.00000000000000e+05 
8.23442857233392e-02 1.00000000000000e+05 
8.27483838610658e-02 1.00000000000000e+05 
8.31528846974010e-02 1.00000000000000e+05 
8.35577167918366e-02 1.00000000000000e+05 
8.39625740312635e-02 1.00000000000000e+05 
8.43677843145507e-02 1.00000000000000e+05 
8.47731017427858e-02 1.00000000000000e+05 
8.51785024784136e-02 1.00000000000000e+05 
8.55842634114434e-02 1.00000000000000e+05 
8.59902989736323e-02 1.00000000000000e+05 
8.63963784640921e-02 1.00000000000000e+05 
8.68027526036356e-02 1.00000000000000e+05 
8.72092316445224e-02 1.00000000000000e+05 
8.76157568732371e-02 1.00000000000000e+05 
8.80225704019454e-02 1.00000000000000e+05 
8.84295481292915e-02 1.00000000000000e+05 
8.88365193072410e-02 1.00000000000000e+05 
8.92437666944462e-02 1.00000000000000e+05 
8.96510671933160e-02 1.00000000000000e+05 
9.00583395968580e-02 1.00000000000000e+05 
9.04658218937074e-02 1.00000000000000e+05 
9.08733824004222e-02 1.00000000000000e+05 
9.12808670498157e-02 1.00000000000000e+05 
9.16885596664472e-02 1.00000000000000e+05 
9.20962515558707e-02 1.00000000000000e+05 
9.25038558757903e-02 1.00000000000000e+05 
9.29116092033933e-02 1.00000000000000e+05 
9.33193923761615e-02 1.00000000000000e+05 
9.37271061524186e-02 1.00000000000000e+05 
9.41349608362528e-02 1.00000000000000e+05 
9.45427416730597e-02 1.00000000000000e+05 
9.49503286015235e-02 1.00000000000000e+05 
9.53579788255494e-02 1.00000000000000e+05 
9.57656391835764e-02 1.00000000000000e+05 
9.61730896861178e-02 1.00000000000000e+05 
9.65806075027849e-02 1.00000000000000e+05 
9.69880964525515e-02 1.00000000000000e+05 
9.73954320851252e-02 1.00000000000000e+05 
9.78028576307526e-02 1.00000000000000e+05 
9.82103291647495e-02 1.00000000000000e+05 
9.86176655340427e-02 1.00000000000000e+05 
9.90250476019812e-02 1.00000000000000e+05 
9.94324026640546e-02 1.00000000000000e+05 
9.98396035693345e-02 1.00000000000000e+05 
1.00246899753707e-01 1.00000000000000e+05 
1.00654260359412e-01 1.00000000000000e+05 
1.01061534775997e-01 1.00000000000000e+05 
1.01468860886260e-01 1.00000000000000e+05 
1.01876181929717e-01 1.00000000000000e+05 
1.02283352059720e-01 1.00000000000000e+05 
1.02690646379566e-01 1.00000000000000e+05 
1.03098071276105e-01 1.00000000000000e+05 
1.03505363318938e-01 1.00000000000000e+05 
1.03912714567064e-01 1.00000000000000e+05 
1.04320020851375e-01 1.00000000000000e+05 
1.04727164829708e-01 1.00000000000000e+05 
1.05134439585739e-01 1.00000000000000e+05 
1.05541823747985e-01 1.00000000000000e+05 
1.05949061250411e-01 1.00000000000000e+05 
1.06356350624848e-01 1.00000000000000e+05 
1.06763577014360e-01 1.00000000000000e+05 
1.07170645132688e-01 1.00000000000000e+05 
1.07577872249636e-01 1.00000000000000e+05 
1.07985203827169e-01 1.00000000000000e+05 
1.08392385372895e-01 1.00000000000000e+05 
1.08799423013476e-01 1.00000000000000e+05 
1.09206410751271e-01 1.00000000000000e+05 
1.09613122298138e-01 1.00000000000000e+05 
1.10019974314584e-01 1.00000000000000e+05 
1.10426835952046e-01 1.00000000000000e+05 
1.10833398781541e-01 1.00000000000000e+05 
1.11239850234880e-01 1.00000000000000e+05 
1.11646286741028e-01 1.00000000000000e+05 
1.12052476117200e-01 1.00000000000000e+05 
1.12458832410189e-01 1.00000000000000e+05 
1.12865218278970e-01 1.00000000000000e+05 
1.13271365563705e-01 1.00000000000000e+05 
1.13677460628202e-01 1.00000000000000e+05 
1.14083615055084e-01 1.00000000000000e+05 
1.14489580927855e-01 1.00000000000000e+05 
1.14895773416950e-01 1.00000000000000e+05 
1.15302051466473e-01 1.00000000000000e+05 
1.15708108502096e-01 1.00000000000000e+05 
1.16114137431060e-01 1.00000000000000e+05 
1.16520294011553e-01 1.00000000000000e+05 
1.16926274522923e-01 1.00000000000000e+05 
1.17332528524521e-01 1.00000000000000e+05 
1.17738903014633e-01 1.00000000000000e+05 
1.18145098447083e-01 1.00000000000000e+05 
1.18551333763242e-01 1.00000000000000e+05 
1.18957756117609e-01 1.00000000000000e+05 
1.19364062316416e-01 1.00000000000000e+05 
1.19770695730674e-01 1.00000000000000e+05 
1.20177517106818e-01 1.00000000000000e+05 
1.20584215889298e-01 1.00000000000000e+05 
1.20991039867184e-01 1.00000000000000e+05 
1.21398108728485e-01 1.00000000000000e+05 
1.21805127505009e-01 1.00000000000000e+05 
1.22212485572080e-01 1.00000000000000e+05 
1.22620014878377e-01 1.00000000000000e+05 
1.23027563950411e-01 1.00000000000000e+05 
1.23435172927548e-01 1.00000000000000e+05 
1.23842933839730e-01 1.00000000000000e+05 
1.24250706166085e-01 1.00000000000000e+05 
1.24658676345184e-01 1.00000000000000e+05 
1.25066813710577e-01 1.00000000000000e+05 
1.25474964788544e-01 1.00000000000000e+05 
1.25883177950665e-01 1.00000000000000e+05 
1.26291437666286e-01 1.00000000000000e+05 
1.26699667147047e-01 1.00000000000000e+05 
1.27108111153411e-01 1.00000000000000e+05 
1.27516672157730e-01 1.00000000000000e+05 
1.27925189603042e-01 1.00000000000000e+05 
1.28333712553545e-01 1.00000000000000e+05 
1.28742372240880e-01 1.00000000000000e+05 
1.29150940664275e-01 1.00000000000000e+05 
1.29559665854569e-01 1.00000000000000e+05 
1.29968524488102e-01 1.00000000000000e+05 
1.30377178586742e-01 1.00000000000000e+05 
1.30785767011358e-01 1.00000000000000e+05 
1.31194393076015e-01 1.00000000000000e+05 
1.31602852104928e-01 1.00000000000000e+05 
1.32011474486812e-01 1.00000000000000e+05 
1.32420194729682e-01 1.00000000000000e+05 
1.32828710849730e-01 1.00000000000000e+05 
1.33237160502700e-01 1.00000000000000e+05 
1.33645663190046e-01 1.00000000000000e+05 
1.34054014901077e-01 1.00000000000000e+05 
1.34462574327925e-01 1.00000000000000e+05 
1.34871240477821e-01 1.00000000000000e+05 
1.35279702896888e-01 1.00000000000002e+05 
1.35688157298217e-01 1.00000000000005e+05 
1.36096716134138e-01 1.00000000000007e+05 
1.36505182501695e-01 1.00000000000018e+05 
1.36913913401837e-01 1.00000000000027e+05 
1.37322627805511e-01 1.00000000000037e+05 
1.37731211375384e-01 1.00000000000112e+05 
1.38139690048699e-01 1.00000000000221e+05 
1.38548228037636e-01 1.00000000000417e+05 
1.38956618589715e-01 1.00000000005112e+05 
1.39365092712245e-01 1.00000000022845e+05 
1.39773571113768e-01 1.00000000056522e+05 
1.40181926321548e-01 1.00000000217600e+05 
1.40590214627041e-01 1.00000000396467e+05 
1.40998609413210e-01 1.00000000600974e+05 
1.41406885397797e-01 1.00000000744856e+05 
1.41815321150047e-01 1.00000000934749e+05 
1.42223788373363e-01 1.00000001258369e+05 
1.42632164490701e-01 1.00000001633165e+05 
1.43040543237610e-01 1.00000002105524e+05 
1.43449071397493e-01 1.00000002589954e+05 
1.43857526986716e-01 1.00000003389854e+05 
1.44266179530439e-01 1.00000004455075e+05 
1.44674892416166e-01 1.00000006002321e+05 
1.45083569178780e-01 1.00000008198648e+05 
1.45492310460171e-01 1.00000011138490e+05 
1.45901229824739e-01 1.00000014988255e+05 
1.46310147756995e-01 1.00000020273174e+05 
1.46719282587398e-01 1.00000027138874e+05 
1.47128540744629e-01 1.00000036006714e+05 
1.47537816857532e-01 1.00000047857165e+05 
1.47947147741035e-01 1.00000063094175e+05 
1.48356546698418e-01 1.00000082373186e+05 
1.48765963149028e-01 1.00000107627693e+05 
1.49175585149285e-01 1.00000139778421e+05 
1.49585347156514e-01 1.00000181012943e+05 
1.49995124712795e-01 1.00000233690573e+05 
1.50404924064413e-01 1.00000301017040e+05 
1.50814794932679e-01 1.00000384364497e+05 
1.51224686499955e-01 1.00000489397425e+05 
1.51634768500926e-01 1.00000619927584e+05 
1.52044989520698e-01 1.00000784585419e+05 
1.52455145978181e-01 1.00000990499726e+05 
1.52865265524929e-01 1.00001250350220e+05 
1.53275462701355e-01 1.00001565419566e+05 
1.53685573054652e-01 1.00001950555996e+05 
1.54095839046620e-01 1.00002425622584e+05 
1.54506281605105e-01 1.00003006812213e+05 
1.54916651348257e-01 1.00003719559974e+05 
1.55326990336349e-01 1.00004578926095e+05 
1.55737430992782e-01 1.00005605684838e+05 
1.56147804310912e-01 1.00006850310149e+05 
1.56558338613997e-01 1.00008314126447e+05 
1.56969068692140e-01 1.00010032151979e+05 
1.57379742763342e-01 1.00012084641885e+05 
1.57790417155690e-01 1.00014454931752e+05 
1.58201135106635e-01 1.00017175763672e+05 
1.58611790502762e-01 1.00020285943442e+05 
1.59022545082464e-01 1.00023805379251e+05 
1.59433412140713e-01 1.00027837737604e+05 
1.59844171822724e-01 1.00032332503807e+05 
1.60254867294533e-01 1.00037400975027e+05 
1.60665555863265e-01 1.00043005808517e+05 
1.61076166355035e-01 1.00049383063292e+05 
1.61486861838670e-01 1.00056687455759e+05 
1.61897663137581e-01 1.00065101650869e+05 
1.62308346943906e-01 1.00074831722185e+05 
1.62718955479938e-01 1.00086169952796e+05 
1.63129555973057e-01 1.00098967126570e+05 
1.63540085436077e-01 1.00113633649665e+05 
1.63950701311513e-01 1.00129782744672e+05 
1.64361425748783e-01 1.00148263247634e+05 
1.64772035981777e-01 1.00168915481538e+05 
1.65182576680992e-01 1.00191787479802e+05 
1.65593112297678e-01 1.00215938766939e+05 
1.66003585622919e-01 1.00241728351173e+05 
1.66414152492484e-01 1.00268742954200e+05 
1.66824839315777e-01 1.00296384929028e+05 
1.67235434486051e-01 1.00324623643244e+05 
1.67645965410598e-01 1.00353994668725e+05 
1.68056503478985e-01 1.00381711376089e+05 
1.68467004442670e-01 1.00409355774924e+05 
1.68877623363527e-01 1.00435638880579e+05 
1.69288370250722e-01 1.00460085034597e+05 
1.69699007206155e-01 1.00482763192408e+05 
1.70109603213129e-01 1.00505682044160e+05 
1.70520239701266e-01 1.00523948963839e+05 
1.70930764992295e-01 1.00542313367146e+05 
1.71341454746412e-01 1.00558990120392e+05 
1.71752270656629e-01 1.00573901776723e+05 
1.72162991749473e-01 1.00587778177772e+05 
1.72573706597729e-01 1.00603258237818e+05 
1.72984411430824e-01 1.00616301007417e+05 
1.73395000887985e-01 1.00628912890263e+05 
1.73805686020639e-01 1.00640119736414e+05 
1.74216458938743e-01 1.00650069326371e+05 
1.74627148602360e-01 1.00658526953573e+05 
1.75037851185910e-01 1.00667069177930e+05 
1.75448558272149e-01 1.00673722468504e+05 
1.75859178058407e-01 1.00678712341596e+05 
1.76269925015082e-01 1.00681410473905e+05 
1.76680786742429e-01 1.00681421855801e+05 
1.77091594377352e-01 1.00677436867502e+05 
1.77502446258255e-01 1.00670080307645e+05 
1.77913330244700e-01 1.00658188337360e+05 
1.78324153632542e-01 1.00641688388154e+05 
1.78735130375272e-01 1.00620619883406e+05 
1.79146251276874e-01 1.00595796830163e+05 
1.79557355718126e-01 1.00567266213035e+05 
1.79968535009652e-01 1.00537859630635e+05 
1.80379779133717e-01 1.00507605533624e+05 
1.80790998513730e-01 1.00474573257501e+05 
1.81202377738791e-01 1.00439413370040e+05 
1.81613925261270e-01 1.00402638049851e+05 
1.82025476792931e-01 1.00362905279826e+05 
1.82437098087576e-01 1.00320266027283e+05 
1.82848784465933e-01 1.00276746883965e+05 
1.83260435158665e-01 1.00230735125439e+05 
1.83672195843407e-01 1.00184212052175e+05 
1.84084110078322e-01 1.00137593116398e+05 
1.84495990554437e-01 1.00089377159686e+05 
1.84907888292972e-01 1.00040316231552e+05 
1.85319812016070e-01 9.99924426555584e+04 
1.85731656584652e-01 9.99439044091714e+04 
1.86143562914587e-01 9.98970463376539e+04 
1.86555566332590e-01 9.98524877549160e+04 
1.86967472867044e-01 9.98087154390805e+04 
1.87379337395919e-01 9.97650509612859e+04 
1.87791179885991e-01 9.97241088550372e+04 
1.88202898178815e-01 9.96835167022534e+04 
1.88614645621672e-01 9.96456749986451e+04 
1.89026449482156e-01 9.96111083470548e+04 
1.89438124892913e-01 9.95781556694290e+04 
1.89849718245165e-01 9.95464212996204e+04 
1.90261265103834e-01 9.95181741347265e+04 
1.90672644396158e-01 9.94911969831745e+04 
1.91084029621171e-01 9.94671984837295e+04 
1.91495376349569e-01 9.94470132315103e+04 
1.91906554388547e-01 9.94294937933338e+04 
1.92317686909716e-01 9.94137304163052e+04 
1.92728743533868e-01 9.94025810339857e+04 
1.93139605178387e-01 9.93944343348713e+04 
1.93550516723923e-01 9.93894793229116e+04 
1.93961469175208e-01 9.93912673048424e+04 
1.94372260719973e-01 9.93995264997971e+04 
1.94783054342901e-01 9.94084104014883e+04 
1.95193822546570e-01 9.94191206643267e+04 
1.95604445719176e-01 9.94315826267804e+04 
1.96015191828826e-01 9.94463767266904e+04 
1.96426064066561e-01 9.94631833622261e+04 
1.96836856850657e-01 9.94818065687109e+04 
1.97247709787118e-01 9.95009563983574e+04 
1.97658617506731e-01 9.95211372301904e+04 
1.98069463996557e-01 9.95418292776237e+04 
1.98480457130798e-01 9.95627635305766e+04 
1.98891625888049e-01 9.95842031864660e+04 
1.99302799400457e-01 9.96064161217620e+04 
1.99714089773274e-01 9.96285133852591e+04 
2.00125464493815e-01 9.96500758750178e+04 
