# Liste des scalaires : TEMPS pmat 
0.00000000000000e+00 1.00000000000000e+05 
7.22956891292051e-05 1.00000000000000e+05 
1.23348715794650e-04 1.00000000000000e+05 
1.72144559752755e-04 1.00000000000000e+05 
2.20671828586134e-04 1.00000000000000e+05 
2.70964553376613e-04 1.00000000000000e+05 
3.22957772015880e-04 1.00000000000000e+05 
3.76472872573681e-04 1.00000000000000e+05 
4.31707446036381e-04 1.00000000000000e+05 
4.89776250845735e-04 1.00000000000000e+05 
5.51546532749561e-04 1.00000000000000e+05 
6.16658057492293e-04 1.00000000000000e+05 
6.82244802464482e-04 1.00000000000000e+05 
7.49360766071519e-04 1.00000000000000e+05 
8.17545548024793e-04 1.00000000000000e+05 
8.87963501964349e-04 1.00000000000000e+05 
9.60831570895637e-04 1.00000000000000e+05 
1.03062837261185e-03 1.00000000000000e+05 
1.10225765469154e-03 1.00000000000000e+05 
1.17593511925636e-03 1.00000000000000e+05 
1.25118842126901e-03 1.00000000000000e+05 
1.32415877626187e-03 1.00000000000000e+05 
1.39836150248815e-03 1.00000000000000e+05 
1.47465428039263e-03 1.00000000000000e+05 
1.55328783107276e-03 1.00000000000000e+05 
1.63112495293638e-03 1.00000000000000e+05 
1.71028633557244e-03 1.00000000000000e+05 
1.79094679792993e-03 1.00000000000000e+05 
1.87337723056455e-03 1.00000000000000e+05 
1.95774694385373e-03 1.00000000000000e+05 
2.04273075746225e-03 1.00000000000000e+05 
2.12879600076783e-03 1.00000000000000e+05 
2.21635728164524e-03 1.00000000000000e+05 
2.30537141255537e-03 1.00000000000000e+05 
2.39594928330822e-03 1.00000000000000e+05 
2.48836011671891e-03 1.00000000000000e+05 
2.57951835264451e-03 1.00000000000000e+05 
2.67182530384457e-03 1.00000000000000e+05 
2.76541966224093e-03 1.00000000000000e+05 
2.86027249748086e-03 1.00000000000000e+05 
2.95649850006401e-03 1.00000000000000e+05 
3.05438438835936e-03 1.00000000000000e+05 
3.15393480056845e-03 1.00000000000000e+05 
3.25438088871893e-03 1.00000000000000e+05 
3.35496454206602e-03 1.00000000000000e+05 
3.45683743337583e-03 1.00000000000000e+05 
3.56006488976972e-03 1.00000000000000e+05 
3.66484184879315e-03 1.00000000000000e+05 
3.77122998514244e-03 1.00000000000000e+05 
3.87933894310746e-03 1.00000000000000e+05 
3.98934032577388e-03 1.00000000000000e+05 
4.10060716806544e-03 1.00000000000000e+05 
4.21321144624101e-03 1.00000000000000e+05 
4.32735569886127e-03 1.00000000000000e+05 
4.44309007781134e-03 1.00000000000000e+05 
4.56049691879073e-03 1.00000000000000e+05 
4.67973961235445e-03 1.00000000000000e+05 
4.80079908348397e-03 1.00000000000000e+05 
4.92366021074376e-03 1.00000000000000e+05 
5.04803681179748e-03 1.00000000000000e+05 
5.17405006311175e-03 1.00000000000000e+05 
5.30178899727251e-03 1.00000000000000e+05 
5.43139485551937e-03 1.00000000000000e+05 
5.56274873970757e-03 1.00000000000000e+05 
5.69560371837897e-03 1.00000000000000e+05 
5.83134753048639e-03 1.00000000000000e+05 
5.96680612290077e-03 1.00000000000000e+05 
6.10183222227206e-03 1.00000000000000e+05 
6.23640058680122e-03 1.00000000000000e+05 
6.37065859172910e-03 1.00000000000000e+05 
6.50447534659485e-03 1.00000000000000e+05 
6.63903709732638e-03 1.00000000000000e+05 
6.77311980777409e-03 1.00000000000000e+05 
6.90649358065699e-03 1.00000000000000e+05 
7.03905206337977e-03 1.00000000000000e+05 
7.17094634668764e-03 1.00000000000000e+05 
7.30204759941402e-03 1.00000000000000e+05 
7.43205090977505e-03 1.00000000000000e+05 
7.56115742106586e-03 1.00000000000000e+05 
7.68942521952549e-03 1.00000000000000e+05 
7.81688939713550e-03 1.00000000000000e+05 
7.94385552254550e-03 1.00000000000000e+05 
8.07639159032240e-03 1.00000000000000e+05 
8.20784533317702e-03 1.00000000000000e+05 
8.33857450475835e-03 1.00000000000000e+05 
8.46878726307317e-03 1.00000000000000e+05 
8.59853226001144e-03 1.00000000000000e+05 
8.72732779716728e-03 1.00000000000000e+05 
8.85626520997651e-03 1.00000000000000e+05 
8.98496318494210e-03 1.00000000000000e+05 
9.11384081313486e-03 1.00000000000000e+05 
9.24264497961461e-03 1.00000000000000e+05 
9.37160700556414e-03 1.00000000000000e+05 
9.50037274692585e-03 1.00000000000000e+05 
9.62858794647869e-03 1.00000000000000e+05 
9.75659283587908e-03 1.00000000000000e+05 
9.88448626775419e-03 1.00000000000000e+05 
1.00116501557008e-02 1.00000000000000e+05 
1.01378715140109e-02 1.00000000000000e+05 
1.02652009807232e-02 1.00000000000000e+05 
1.03906101602640e-02 1.00000000000000e+05 
1.05168140774000e-02 1.00000000000000e+05 
1.06439943383663e-02 1.00000000000000e+05 
1.07699698174166e-02 1.00000000000000e+05 
1.08945109220053e-02 1.00000000000000e+05 
1.10199921726872e-02 1.00000000000000e+05 
1.11443838989525e-02 1.00000000000000e+05 
1.12700183849448e-02 1.00000000000000e+05 
1.13970404987662e-02 1.00000000000000e+05 
1.15230576678014e-02 1.00000000000000e+05 
1.16480904440273e-02 1.00000000000000e+05 
1.17764601655964e-02 1.00000000000000e+05 
1.19038411515268e-02 1.00000000000000e+05 
1.20303428522005e-02 1.00000000000000e+05 
1.21580096449684e-02 1.00000000000000e+05 
1.22848910389699e-02 1.00000000000000e+05 
1.24141206215235e-02 1.00000000000000e+05 
1.25436271982911e-02 1.00000000000000e+05 
1.26722313317131e-02 1.00000000000000e+05 
1.28000154816662e-02 1.00000000000000e+05 
1.29290231437885e-02 1.00000000000000e+05 
1.30573352946634e-02 1.00000000000000e+05 
1.31880749730643e-02 1.00000000000000e+05 
1.33181355429918e-02 1.00000000000000e+05 
1.34483554287262e-02 1.00000000000000e+05 
1.35777708471659e-02 1.00000000000000e+05 
1.37098062294454e-02 1.00000000000000e+05 
1.38420725443705e-02 1.00000000000000e+05 
1.39745865909502e-02 1.00000000000000e+05 
1.41071261276633e-02 1.00000000000000e+05 
1.42399268394673e-02 1.00000000000000e+05 
1.43728096286887e-02 1.00000000000000e+05 
1.45059085390902e-02 1.00000000000000e+05 
1.46392259926886e-02 1.00000000000000e+05 
1.47728338469125e-02 1.00000000000000e+05 
1.49064982115387e-02 1.00000000000000e+05 
1.50404741789920e-02 1.00000000000000e+05 
1.51742689405601e-02 1.00000000000000e+05 
1.53079862688765e-02 1.00000000000000e+05 
1.54419361064376e-02 1.00000000000000e+05 
1.55769125301562e-02 1.00000000000000e+05 
1.57111116359431e-02 1.00000000000000e+05 
1.58459196105107e-02 1.00000000000000e+05 
1.59815795024996e-02 1.00000000000000e+05 
1.61173879218854e-02 1.00000000000000e+05 
1.62531386533477e-02 1.00000000000000e+05 
1.63891493329464e-02 1.00000000000000e+05 
1.65244039680241e-02 1.00000000000000e+05 
1.66602578222395e-02 1.00000000000000e+05 
1.67959907617349e-02 1.00000000000000e+05 
1.69318694571197e-02 1.00000000000000e+05 
1.70679938559208e-02 1.00000000000000e+05 
1.72046287505695e-02 1.00000000000000e+05 
1.73403760877020e-02 1.00000000000000e+05 
1.74765308309853e-02 1.00000000000000e+05 
1.76127666117361e-02 1.00000000000000e+05 
1.77493761672115e-02 1.00000000000000e+05 
1.78862681289354e-02 1.00000000000000e+05 
1.80236575087452e-02 1.00000000000000e+05 
1.81610969864106e-02 1.00000000000000e+05 
1.82988389788293e-02 1.00000000000000e+05 
1.84364218434064e-02 1.00000000000000e+05 
1.85741588424850e-02 1.00000000000000e+05 
1.87118795205102e-02 1.00000000000000e+05 
1.88497051536521e-02 1.00000000000000e+05 
1.89873880401750e-02 1.00000000000000e+05 
1.91251406388803e-02 1.00000000000000e+05 
1.92628377244807e-02 1.00000000000000e+05 
1.94006397790767e-02 1.00000000000000e+05 
1.95384246923396e-02 1.00000000000000e+05 
1.96762749682438e-02 1.00000000000000e+05 
1.98140271788112e-02 1.00000000000000e+05 
1.99517710316221e-02 1.00000000000000e+05 
2.00895061443987e-02 1.00000000000000e+05 
2.02273630978014e-02 1.00000000000000e+05 
2.03651949832794e-02 1.00000000000000e+05 
2.05028232758709e-02 1.00000000000000e+05 
2.06402004147363e-02 1.00000000000000e+05 
2.07775025575615e-02 1.00000000000000e+05 
2.09148716328452e-02 1.00000000000000e+05 
2.10525062887739e-02 1.00000000000000e+05 
2.11905059305989e-02 1.00000000000000e+05 
2.13283623270298e-02 1.00000000000000e+05 
2.14662495207915e-02 1.00000000000000e+05 
2.16040509560123e-02 1.00000000000000e+05 
2.17416771445719e-02 1.00000000000000e+05 
2.18793981971867e-02 1.00000000000000e+05 
2.20170371807734e-02 1.00000000000000e+05 
2.21547073254291e-02 1.00000000000000e+05 
2.22922569423147e-02 1.00000000000000e+05 
2.24298306676824e-02 1.00000000000000e+05 
2.25673245127327e-02 1.00000000000000e+05 
2.27048067481671e-02 1.00000000000000e+05 
2.28421720427718e-02 1.00000000000000e+05 
2.29795148467740e-02 1.00000000000000e+05 
2.31167989368899e-02 1.00000000000000e+05 
2.32540042479456e-02 1.00000000000000e+05 
2.33911611606102e-02 1.00000000000000e+05 
2.35285190128137e-02 1.00000000000000e+05 
2.36658014713539e-02 1.00000000000000e+05 
2.38031788345325e-02 1.00000000000000e+05 
2.39406396197955e-02 1.00000000000000e+05 
2.40782051760905e-02 1.00000000000000e+05 
2.42158080309204e-02 1.00000000000000e+05 
2.43531647869654e-02 1.00000000000000e+05 
2.44903142441954e-02 1.00000000000000e+05 
2.46275775525080e-02 1.00000000000000e+05 
2.47648260140213e-02 1.00000000000000e+05 
2.49020889217029e-02 1.00000000000000e+05 
2.50393297370782e-02 1.00000000000000e+05 
2.51765055768749e-02 1.00000000000000e+05 
2.53136025999146e-02 1.00000000000000e+05 
2.54506059691324e-02 1.00000000000000e+05 
2.55875676715522e-02 1.00000000000000e+05 
2.57244799069897e-02 1.00000000000000e+05 
2.58614621428302e-02 1.00000000000000e+05 
2.59985991978427e-02 1.00000000000000e+05 
2.61359694826780e-02 1.00000000000000e+05 
2.62735574741918e-02 1.00000000000000e+05 
2.64114085495379e-02 1.00000000000000e+05 
2.65493342407778e-02 1.00000000000000e+05 
2.66871092572794e-02 1.00000000000000e+05 
2.68247576588121e-02 1.00000000000000e+05 
2.69622569894082e-02 1.00000000000000e+05 
2.70997151344253e-02 1.00000000000000e+05 
2.72370785120307e-02 1.00000000000000e+05 
2.73744346932218e-02 1.00000000000000e+05 
2.75119219371825e-02 1.00000000000000e+05 
2.76497456234098e-02 1.00000000000000e+05 
2.77879151836547e-02 1.00000000000000e+05 
2.79263729287208e-02 1.00000000000000e+05 
2.80654684957254e-02 1.00000000000000e+05 
2.82047700360049e-02 1.00000000000000e+05 
2.83428481917020e-02 1.00000000000000e+05 
2.84821622272631e-02 1.00000000000000e+05 
2.86205598133750e-02 1.00000000000000e+05 
2.87595984808612e-02 1.00000000000000e+05 
2.88989618440428e-02 1.00000000000000e+05 
2.90384685381361e-02 1.00000000000000e+05 
2.91773666438066e-02 1.00000000000000e+05 
2.93164975250186e-02 1.00000000000000e+05 
2.94557165606648e-02 1.00000000000000e+05 
2.95954622825506e-02 1.00000000000000e+05 
2.97349932127549e-02 1.00000000000000e+05 
2.98748447018908e-02 1.00000000000000e+05 
3.00143599245372e-02 1.00000000000000e+05 
3.01527079577872e-02 1.00000000000000e+05 
3.02921893127236e-02 1.00000000000000e+05 
3.04318208297339e-02 1.00000000000000e+05 
3.05700262924286e-02 1.00000000000000e+05 
3.07095506310619e-02 1.00000000000000e+05 
3.08477660400318e-02 1.00000000000000e+05 
3.09859588080949e-02 1.00000000000000e+05 
3.11242739806645e-02 1.00000000000000e+05 
3.12635822003404e-02 1.00000000000000e+05 
3.14020672509794e-02 1.00000000000000e+05 
3.15414383566482e-02 1.00000000000000e+05 
3.16804947468158e-02 1.00000000000000e+05 
3.18197333140274e-02 1.00000000000000e+05 
3.19594234019476e-02 1.00000000000000e+05 
3.20991439952140e-02 1.00000000000000e+05 
3.22389707037303e-02 1.00000000000000e+05 
3.23787838375429e-02 1.00000000000000e+05 
3.25187720062538e-02 1.00000000000000e+05 
3.26590747516828e-02 1.00000000000000e+05 
3.27997604897256e-02 1.00000000000000e+05 
3.29407338520090e-02 1.00000000000000e+05 
3.30818516082799e-02 1.00000000000000e+05 
3.32229779807041e-02 1.00000000000000e+05 
3.33640871712308e-02 1.00000000000000e+05 
3.35051693510071e-02 1.00000000000000e+05 
3.36448516359058e-02 1.00000000000000e+05 
3.37857667590530e-02 1.00000000000000e+05 
3.39265827298678e-02 1.00000000000000e+05 
3.40673746358576e-02 1.00000000000000e+05 
3.42074413693896e-02 1.00000000000000e+05 
3.43482735258347e-02 1.00000000000000e+05 
3.44885476856178e-02 1.00000000000000e+05 
3.46293914026581e-02 1.00000000000000e+05 
3.47702831236952e-02 1.00000000000000e+05 
3.49102035040155e-02 1.00000000000000e+05 
3.50501942320027e-02 1.00000000000000e+05 
3.51902004584135e-02 1.00000000000000e+05 
3.53302353859660e-02 1.00000000000000e+05 
3.54702314087306e-02 1.00000000000000e+05 
3.56102165412048e-02 1.00000000000000e+05 
3.57501477404336e-02 1.00000000000000e+05 
3.58900936057527e-02 1.00000000000000e+05 
3.60300045185504e-02 1.00000000000000e+05 
3.61699186391053e-02 1.00000000000000e+05 
3.63097865871975e-02 1.00000000000000e+05 
3.64496506487863e-02 1.00000000000000e+05 
3.65894987933748e-02 1.00000000000000e+05 
3.67293629857076e-02 1.00000000000000e+05 
3.68692521286151e-02 1.00000000000000e+05 
3.70091843248413e-02 1.00000000000000e+05 
3.71491562091599e-02 1.00000000000000e+05 
3.72892247872709e-02 1.00000000000000e+05 
3.74294070755088e-02 1.00000000000000e+05 
3.75698069820034e-02 1.00000000000000e+05 
3.77104738921430e-02 1.00000000000000e+05 
3.78514468126868e-02 1.00000000000000e+05 
3.79927376452212e-02 1.00000000000000e+05 
3.81344203540887e-02 1.00000000000000e+05 
3.82751535873378e-02 1.00000000000000e+05 
3.84172337824346e-02 1.00000000000000e+05 
3.85595231545481e-02 1.00000000000000e+05 
3.87023610578502e-02 1.00000000000000e+05 
3.88458389269549e-02 1.00000000000000e+05 
3.89896818360222e-02 1.00000000000000e+05 
3.91344630385236e-02 1.00000000000000e+05 
3.92798911987202e-02 1.00000000000000e+05 
3.94264582529142e-02 1.00000000000000e+05 
3.95683375292717e-02 1.00000000000000e+05 
3.97102238484385e-02 1.00000000000000e+05 
3.98521503539825e-02 1.00000000000000e+05 
3.99941871414519e-02 1.00000000000000e+05 
4.01363465770085e-02 1.00000000000000e+05 
4.02785428883591e-02 1.00000000000000e+05 
4.04208243536137e-02 1.00000000000000e+05 
4.05631758188462e-02 1.00000000000000e+05 
4.07056590134941e-02 1.00000000000000e+05 
4.08482565957388e-02 1.00000000000000e+05 
4.09909482136952e-02 1.00000000000000e+05 
4.11336576297428e-02 1.00000000000000e+05 
4.12763919777731e-02 1.00000000000000e+05 
4.14191066558984e-02 1.00000000000000e+05 
4.15617571724848e-02 1.00000000000000e+05 
4.17043427265396e-02 1.00000000000000e+05 
4.18469249018112e-02 1.00000000000000e+05 
4.19895101720577e-02 1.00000000000000e+05 
4.21320905882309e-02 1.00000000000000e+05 
4.22746703047000e-02 1.00000000000000e+05 
4.24172905362953e-02 1.00000000000000e+05 
4.25600095970634e-02 1.00000000000000e+05 
4.27029118567030e-02 1.00000000000000e+05 
4.28459995732099e-02 1.00000000000000e+05 
4.29893045247746e-02 1.00000000000000e+05 
4.31328124492987e-02 1.00000000000000e+05 
4.32765514601272e-02 1.00000000000000e+05 
4.34205483470531e-02 1.00000000000000e+05 
4.35648207242611e-02 1.00000000000000e+05 
4.37094325656201e-02 1.00000000000000e+05 
4.38544404910377e-02 1.00000000000000e+05 
4.39983353199563e-02 1.00000000000000e+05 
4.41437932935582e-02 1.00000000000000e+05 
4.42894990635913e-02 1.00000000000000e+05 
4.44352390031837e-02 1.00000000000000e+05 
4.45808288359727e-02 1.00000000000000e+05 
4.47246158030918e-02 1.00000000000000e+05 
4.48683663585670e-02 1.00000000000000e+05 
4.50121411356812e-02 1.00000000000000e+05 
4.51558967147797e-02 1.00000000000000e+05 
4.52994828382328e-02 1.00000000000000e+05 
4.54430561839758e-02 1.00000000000000e+05 
4.55868718720540e-02 1.00000000000000e+05 
4.57308963291950e-02 1.00000000000000e+05 
4.58751612103867e-02 1.00000000000000e+05 
4.60196057771193e-02 1.00000000000000e+05 
4.61641537990777e-02 1.00000000000000e+05 
4.63087656591332e-02 1.00000000000000e+05 
4.64533949298911e-02 1.00000000000000e+05 
4.65980202863435e-02 1.00000000000000e+05 
4.67426482693326e-02 1.00000000000000e+05 
4.68872393938813e-02 1.00000000000000e+05 
4.70317746069740e-02 1.00000000000000e+05 
4.71762961985642e-02 1.00000000000000e+05 
4.73208337316441e-02 1.00000000000000e+05 
4.74653788826223e-02 1.00000000000000e+05 
4.76099886310730e-02 1.00000000000000e+05 
4.77546271367321e-02 1.00000000000000e+05 
4.78991814595522e-02 1.00000000000000e+05 
4.80437166763400e-02 1.00000000000000e+05 
4.81882445876766e-02 1.00000000000000e+05 
4.83328178406443e-02 1.00000000000000e+05 
4.84775953125818e-02 1.00000000000000e+05 
4.86225982601211e-02 1.00000000000000e+05 
4.87678041397142e-02 1.00000000000000e+05 
4.89132902921205e-02 1.00000000000000e+05 
4.90590747415935e-02 1.00000000000000e+05 
4.92051653257875e-02 1.00000000000000e+05 
4.93516747744516e-02 1.00000000000000e+05 
4.94961014149251e-02 1.00000000000000e+05 
4.96424875336030e-02 1.00000000000000e+05 
4.97885976978818e-02 1.00000000000000e+05 
4.99346020162110e-02 1.00000000000000e+05 
5.00804880934636e-02 1.00000000000000e+05 
5.02262912649357e-02 1.00000000000000e+05 
5.03720899944449e-02 1.00000000000000e+05 
5.05178245158805e-02 1.00000000000000e+05 
5.06634933097631e-02 1.00000000000000e+05 
5.08091461753005e-02 1.00000000000000e+05 
5.09548063737430e-02 1.00000000000000e+05 
5.11005474563132e-02 1.00000000000000e+05 
5.12466001720652e-02 1.00000000000000e+05 
5.13929853895415e-02 1.00000000000000e+05 
5.15396534918215e-02 1.00000000000000e+05 
5.16866846869620e-02 1.00000000000000e+05 
5.18340464918522e-02 1.00000000000000e+05 
5.19817360131564e-02 1.00000000000000e+05 
5.21297547010526e-02 1.00000000000000e+05 
5.22780734043217e-02 1.00000000000000e+05 
5.24266827716297e-02 1.00000000000000e+05 
5.25752668586715e-02 1.00000000000000e+05 
5.27237991774015e-02 1.00000000000000e+05 
5.28723437136124e-02 1.00000000000000e+05 
5.30208647886499e-02 1.00000000000000e+05 
5.31693381970407e-02 1.00000000000000e+05 
5.33177972935758e-02 1.00000000000000e+05 
5.34662659927610e-02 1.00000000000000e+05 
5.36147284477036e-02 1.00000000000000e+05 
5.37632539999687e-02 1.00000000000000e+05 
5.39118285299224e-02 1.00000000000000e+05 
5.40604534042040e-02 1.00000000000000e+05 
5.42091576086358e-02 1.00000000000000e+05 
5.43579819229819e-02 1.00000000000000e+05 
5.45068790877332e-02 1.00000000000000e+05 
5.46559109005539e-02 1.00000000000000e+05 
5.48051193976667e-02 1.00000000000000e+05 
5.49545672881721e-02 1.00000000000000e+05 
5.51043245566006e-02 1.00000000000000e+05 
5.52544126771273e-02 1.00000000000000e+05 
5.54048792195426e-02 1.00000000000000e+05 
5.55557687496851e-02 1.00000000000000e+05 
5.57071760504847e-02 1.00000000000000e+05 
5.58591664113444e-02 1.00000000000000e+05 
5.60118664124664e-02 1.00000000000000e+05 
5.61653111450162e-02 1.00000000000000e+05 
5.63189861640851e-02 1.00000000000000e+05 
5.64730033515819e-02 1.00000000000000e+05 
5.66273234680878e-02 1.00000000000000e+05 
5.67808677057296e-02 1.00000000000000e+05 
5.69355841837316e-02 1.00000000000000e+05 
5.70909789248448e-02 1.00000000000000e+05 
5.72470240821344e-02 1.00000000000000e+05 
5.74029034958920e-02 1.00000000000000e+05 
5.75586310801810e-02 1.00000000000000e+05 
5.77145082231803e-02 1.00000000000000e+05 
5.78705140633126e-02 1.00000000000000e+05 
5.80265645079139e-02 1.00000000000000e+05 
5.81827852212960e-02 1.00000000000000e+05 
5.83390721475846e-02 1.00000000000000e+05 
5.84954707060510e-02 1.00000000000000e+05 
5.86519592146795e-02 1.00000000000000e+05 
5.88084968964554e-02 1.00000000000000e+05 
5.89650445220156e-02 1.00000000000000e+05 
5.91216705101163e-02 1.00000000000000e+05 
5.92728862684038e-02 1.00000000000000e+05 
5.94240601878946e-02 1.00000000000000e+05 
5.95751853312057e-02 1.00000000000000e+05 
5.97262757587854e-02 1.00000000000000e+05 
5.98773335018793e-02 1.00000000000000e+05 
6.00283511066464e-02 1.00000000000000e+05 
6.01793832015064e-02 1.00000000000000e+05 
6.03304407965043e-02 1.00000000000000e+05 
6.04814911534410e-02 1.00000000000000e+05 
6.06325349479064e-02 1.00000000000000e+05 
6.07836003431375e-02 1.00000000000000e+05 
6.09346482916754e-02 1.00000000000000e+05 
6.10857207983518e-02 1.00000000000000e+05 
6.12367971265394e-02 1.00000000000000e+05 
6.13878682703569e-02 1.00000000000000e+05 
6.15389657824503e-02 1.00000000000000e+05 
6.16901198625906e-02 1.00000000000000e+05 
6.18413196567354e-02 1.00000000000000e+05 
6.19926250239293e-02 1.00000000000000e+05 
6.21440160027696e-02 1.00000000000000e+05 
6.22954975443601e-02 1.00000000000000e+05 
6.24470001648510e-02 1.00000000000000e+05 
6.25987731945509e-02 1.00000000000000e+05 
6.27508798651032e-02 1.00000000000000e+05 
6.29032963521855e-02 1.00000000000000e+05 
6.30555018297320e-02 1.00000000000000e+05 
6.32080882881798e-02 1.00000000000000e+05 
6.33610885364542e-02 1.00000000000000e+05 
6.35144364588122e-02 1.00000000000000e+05 
6.36681781257328e-02 1.00000000000000e+05 
6.38221858303769e-02 1.00000000000000e+05 
6.39755380822670e-02 1.00000000000000e+05 
6.41295724585285e-02 1.00000000000000e+05 
6.42843655070448e-02 1.00000000000000e+05 
6.44398346224644e-02 1.00000000000000e+05 
6.45960333766902e-02 1.00000000000000e+05 
6.47527288214979e-02 1.00000000000000e+05 
6.49087926075787e-02 1.00000000000000e+05 
6.50655631797911e-02 1.00000000000000e+05 
6.52238941210130e-02 1.00000000000000e+05 
6.53833235918811e-02 1.00000000000000e+05 
6.55438081187276e-02 1.00000000000000e+05 
6.57046977318128e-02 1.00000000000000e+05 
6.58660256282662e-02 1.00000000000000e+05 
6.60274118320401e-02 1.00000000000000e+05 
6.61894393700522e-02 1.00000000000000e+05 
6.63521995945130e-02 1.00000000000000e+05 
6.65155245192155e-02 1.00000000000000e+05 
6.66794504661710e-02 1.00000000000000e+05 
6.68439392465134e-02 1.00000000000000e+05 
6.70088522839730e-02 1.00000000000000e+05 
6.71743082961000e-02 1.00000000000000e+05 
6.73405002938184e-02 1.00000000000000e+05 
6.75075420071670e-02 1.00000000000000e+05 
6.76756074846873e-02 1.00000000000000e+05 
6.78447073622318e-02 1.00000000000000e+05 
6.80151367977025e-02 1.00000000000000e+05 
6.81869926139257e-02 1.00000000000000e+05 
6.83607329962727e-02 1.00000000000000e+05 
6.85366623549894e-02 1.00000000000000e+05 
6.87150503678838e-02 1.00000000000000e+05 
6.88939072898093e-02 1.00000000000000e+05 
6.90731173340020e-02 1.00000000000000e+05 
6.92524987452227e-02 1.00000000000000e+05 
6.94319404719816e-02 1.00000000000000e+05 
6.96111617596972e-02 1.00000000000000e+05 
6.97905246465146e-02 1.00000000000000e+05 
6.99636437482139e-02 1.00000000000000e+05 
7.01431228803500e-02 1.00000000000000e+05 
7.03227339011301e-02 1.00000000000000e+05 
7.05024830211490e-02 1.00000000000000e+05 
7.06821964236977e-02 1.00000000000000e+05 
7.08621337712324e-02 1.00000000000000e+05 
7.10420879704677e-02 1.00000000000000e+05 
7.12222557325578e-02 1.00000000000000e+05 
7.14025996709650e-02 1.00000000000000e+05 
7.15830655719950e-02 1.00000000000000e+05 
7.17636096534476e-02 1.00000000000000e+05 
7.19443948924927e-02 1.00000000000000e+05 
7.21252358902186e-02 1.00000000000000e+05 
7.23065006824427e-02 1.00000000000000e+05 
7.24877422252660e-02 1.00000000000000e+05 
7.26690980644103e-02 1.00000000000000e+05 
7.28505070990515e-02 1.00000000000000e+05 
7.30312845393384e-02 1.00000000000000e+05 
7.32120300348582e-02 1.00000000000000e+05 
7.33931062557130e-02 1.00000000000000e+05 
7.35745142310169e-02 1.00000000000000e+05 
7.37550867375899e-02 1.00000000000000e+05 
7.39358340113849e-02 1.00000000000000e+05 
7.41176067489796e-02 1.00000000000000e+05 
7.43003707212306e-02 1.00000000000000e+05 
7.44824602941813e-02 1.00000000000000e+05 
7.46657277814137e-02 1.00000000000000e+05 
7.48504296991147e-02 1.00000000000000e+05 
7.50364789987080e-02 1.00000000000000e+05 
7.52233721374959e-02 1.00000000000000e+05 
7.54113951187379e-02 1.00000000000000e+05 
7.55997795202746e-02 1.00000000000000e+05 
7.57884241761990e-02 1.00000000000000e+05 
7.59769504904631e-02 1.00000000000000e+05 
7.61654564423569e-02 1.00000000000000e+05 
7.63539707151065e-02 1.00000000000000e+05 
7.65425906366459e-02 1.00000000000000e+05 
7.67315647582421e-02 1.00000000000000e+05 
7.69210294875977e-02 1.00000000000000e+05 
7.71105176902218e-02 1.00000000000000e+05 
7.72939438615842e-02 1.00000000000000e+05 
7.74747871826111e-02 1.00000000000000e+05 
7.76634287880178e-02 1.00000000000000e+05 
7.78515819866503e-02 1.00000000000000e+05 
7.80394580524020e-02 1.00000000000000e+05 
7.82272270512999e-02 1.00000000000000e+05 
7.84149572119676e-02 1.00000000000000e+05 
7.86028404851336e-02 1.00000000000000e+05 
7.87908614157348e-02 1.00000000000000e+05 
7.89791176221698e-02 1.00000000000000e+05 
7.91676216561985e-02 1.00000000000000e+05 
7.93548022813765e-02 1.00000000000000e+05 
7.95438857109605e-02 1.00000000000000e+05 
7.97334924689452e-02 1.00000000000000e+05 
7.99233764095997e-02 1.00000000000000e+05 
8.01135587856817e-02 1.00000000000000e+05 
8.03045872451748e-02 1.00000000000000e+05 
8.04963121576995e-02 1.00000000000000e+05 
8.06885884276666e-02 1.00000000000000e+05 
8.08816653500096e-02 1.00000000000000e+05 
8.10754849098301e-02 1.00000000000000e+05 
8.12707622522695e-02 1.00000000000000e+05 
8.14660518160468e-02 1.00000000000000e+05 
8.16613559912903e-02 1.00000000000000e+05 
8.18566717814561e-02 1.00000000000000e+05 
8.20520101484880e-02 1.00000000000000e+05 
8.22473635454298e-02 1.00000000000000e+05 
8.24427340972111e-02 1.00000000000000e+05 
8.26381310972165e-02 1.00000000000000e+05 
8.28339009845872e-02 1.00000000000000e+05 
8.30296911352374e-02 1.00000000000000e+05 
8.32255104743532e-02 1.00000000000000e+05 
8.34213439903161e-02 1.00000000000000e+05 
8.36171836065620e-02 1.00000000000000e+05 
8.38130255123864e-02 1.00000000000000e+05 
8.40088757986031e-02 1.00000000000000e+05 
8.42047278328917e-02 1.00000000000000e+05 
8.43978177240419e-02 1.00000000000000e+05 
8.45912186839788e-02 1.00000000000000e+05 
8.47847763964763e-02 1.00000000000000e+05 
8.49783160247696e-02 1.00000000000000e+05 
8.51719275210992e-02 1.00000000000000e+05 
8.53656079988422e-02 1.00000000000000e+05 
8.55594900241178e-02 1.00000000000000e+05 
8.57536332981800e-02 1.00000000000000e+05 
8.59480806822262e-02 1.00000000000000e+05 
8.61427837588349e-02 1.00000000000000e+05 
8.63378183785744e-02 1.00000000000000e+05 
8.65331165590811e-02 1.00000000000000e+05 
8.67286197198057e-02 1.00000000000000e+05 
8.69243715298534e-02 1.00000000000000e+05 
8.71201614046989e-02 1.00000000000000e+05 
8.73159223771551e-02 1.00000000000000e+05 
8.75116676067456e-02 1.00000000000000e+05 
8.77017538675474e-02 1.00000000000000e+05 
8.78974741592701e-02 1.00000000000000e+05 
8.80931822101869e-02 1.00000000000000e+05 
8.82888701298319e-02 1.00000000000000e+05 
8.84845385829089e-02 1.00000000000000e+05 
8.86802032994678e-02 1.00000000000000e+05 
8.88758628426222e-02 1.00000000000000e+05 
8.90715307209223e-02 1.00000000000000e+05 
8.92672055934431e-02 1.00000000000000e+05 
8.94628763937209e-02 1.00000000000000e+05 
8.96585380082841e-02 1.00000000000000e+05 
8.98541964137945e-02 1.00000000000000e+05 
9.00498734435872e-02 1.00000000000000e+05 
9.02455540836974e-02 1.00000000000000e+05 
9.04412601950766e-02 1.00000000000000e+05 
9.06369671994380e-02 1.00000000000000e+05 
9.08326735626504e-02 1.00000000000000e+05 
9.10283908584649e-02 1.00000000000000e+05 
9.12241472533094e-02 1.00000000000000e+05 
9.14199191518414e-02 1.00000000000000e+05 
9.16157187806712e-02 1.00000000000000e+05 
9.18115295576419e-02 1.00000000000000e+05 
9.20073539998703e-02 1.00000000000000e+05 
9.22031942364125e-02 1.00000000000000e+05 
9.23990648523738e-02 1.00000000000000e+05 
9.25887252222775e-02 1.00000000000000e+05 
9.27842714557922e-02 1.00000000000000e+05 
9.29798629036599e-02 1.00000000000000e+05 
9.31757133319117e-02 1.00000000000000e+05 
9.33716487341276e-02 1.00000000000000e+05 
9.35675780363197e-02 1.00000000000000e+05 
9.37635854498512e-02 1.00000000000000e+05 
9.39596109999382e-02 1.00000000000000e+05 
9.41556973409131e-02 1.00000000000000e+05 
9.43518719559829e-02 1.00000000000000e+05 
9.45480819533964e-02 1.00000000000000e+05 
9.47442742170400e-02 1.00000000000000e+05 
9.49404703677419e-02 1.00000000000000e+05 
9.51366542331829e-02 1.00000000000000e+05 
9.53328442007279e-02 1.00000000000000e+05 
9.55290610159623e-02 1.00000000000000e+05 
9.57252961420042e-02 1.00000000000000e+05 
9.59215326270699e-02 1.00000000000000e+05 
9.61177821475513e-02 1.00000000000000e+05 
9.63140360636199e-02 1.00000000000000e+05 
9.65102961465734e-02 1.00000000000000e+05 
9.67065710500701e-02 1.00000000000000e+05 
9.69028578746036e-02 1.00000000000000e+05 
9.70991517603445e-02 1.00000000000000e+05 
9.72954587948290e-02 1.00000000000000e+05 
9.74917733692007e-02 1.00000000000000e+05 
9.76880902815352e-02 1.00000000000000e+05 
9.78844184966832e-02 1.00000000000000e+05 
9.80807591267047e-02 1.00000000000000e+05 
9.82771115041334e-02 1.00000000000000e+05 
9.84734753349684e-02 1.00000000000000e+05 
9.86698430086184e-02 1.00000000000000e+05 
9.88662120201005e-02 1.00000000000000e+05 
9.90625839632351e-02 1.00000000000000e+05 
9.92589612596426e-02 1.00000000000000e+05 
9.94553420362984e-02 1.00000000000000e+05 
9.96517220724326e-02 1.00000000000000e+05 
9.98480966425721e-02 1.00000000000000e+05 
1.00044453848069e-01 1.00000000000000e+05 
1.00240797422010e-01 1.00000000000000e+05 
1.00437131301156e-01 1.00000000000000e+05 
1.00633454943504e-01 1.00000000000000e+05 
1.00829767286398e-01 1.00000000000000e+05 
1.01026066041646e-01 1.00000000000000e+05 
1.01222340828884e-01 1.00000000000000e+05 
1.01418597607989e-01 1.00000000000000e+05 
1.01614845485700e-01 1.00000000000000e+05 
1.01811087298198e-01 1.00000000000000e+05 
1.02007326642346e-01 1.00000000000000e+05 
1.02203558046071e-01 1.00000000000000e+05 
1.02399781357424e-01 1.00000000000000e+05 
1.02596004459494e-01 1.00000000000000e+05 
1.02792228623454e-01 1.00000000000000e+05 
1.02988452566552e-01 1.00000000000000e+05 
1.03184678551626e-01 1.00000000000000e+05 
1.03380902567724e-01 1.00000000000000e+05 
1.03577131402662e-01 1.00000000000000e+05 
1.03773373955373e-01 1.00000000000000e+05 
1.03969626721115e-01 1.00000000000000e+05 
1.04165888306565e-01 1.00000000000000e+05 
1.04362159383769e-01 1.00000000000000e+05 
1.04558433532708e-01 1.00000000000000e+05 
1.04754714731583e-01 1.00000000000000e+05 
1.04951012432417e-01 1.00000000000000e+05 
1.05147321995678e-01 1.00000000000000e+05 
1.05343640507254e-01 1.00000000000000e+05 
1.05539959559545e-01 1.00000000000000e+05 
1.05736254124652e-01 1.00000000000000e+05 
1.05932516304339e-01 1.00000000000000e+05 
1.06128756940640e-01 1.00000000000000e+05 
1.06324975435503e-01 1.00000000000000e+05 
1.06521181872821e-01 1.00000000000000e+05 
1.06717398440667e-01 1.00000000000000e+05 
1.06913634208924e-01 1.00000000000000e+05 
1.07109905073234e-01 1.00000000000000e+05 
1.07306224062718e-01 1.00000000000000e+05 
1.07502584451843e-01 1.00000000000000e+05 
1.07698976482813e-01 1.00000000000000e+05 
1.07895395902680e-01 1.00000000000000e+05 
1.08091829878408e-01 1.00000000000000e+05 
1.08288279071847e-01 1.00000000000000e+05 
1.08484721862871e-01 1.00000000000000e+05 
1.08681127633997e-01 1.00000000000000e+05 
1.08877472599785e-01 1.00000000000000e+05 
1.09073762121655e-01 1.00000000000000e+05 
1.09270011993641e-01 1.00000000000000e+05 
1.09466246238142e-01 1.00000000000000e+05 
1.09662479126868e-01 1.00000000000000e+05 
1.09858718254670e-01 1.00000000000000e+05 
1.10054954928049e-01 1.00000000000000e+05 
1.10251186831713e-01 1.00000000000000e+05 
1.10447404751379e-01 1.00000000000000e+05 
1.10643606181432e-01 1.00000000000000e+05 
1.10839796893612e-01 1.00000000000000e+05 
1.11035975562992e-01 1.00000000000000e+05 
1.11232143911692e-01 1.00000000000000e+05 
1.11428306654263e-01 1.00000000000000e+05 
1.11624456148318e-01 1.00000000000000e+05 
1.11820586746838e-01 1.00000000000000e+05 
1.12016705032306e-01 1.00000000000000e+05 
1.12212810516666e-01 1.00000000000000e+05 
1.12408896680221e-01 1.00000000000000e+05 
1.12604965068452e-01 1.00000000000000e+05 
1.12800970011551e-01 1.00000000000000e+05 
1.12996952521223e-01 1.00000000000000e+05 
1.13192892187214e-01 1.00000000000000e+05 
1.13388862214776e-01 1.00000000000000e+05 
1.13584832676559e-01 1.00000000000000e+05 
1.13780715325230e-01 1.00000000000000e+05 
1.13976573826405e-01 1.00000000000000e+05 
1.14172444241016e-01 1.00000000000000e+05 
1.14368371765227e-01 1.00000000000000e+05 
1.14564326859206e-01 1.00000000000000e+05 
1.14760323176581e-01 1.00000000000000e+05 
1.14956335284014e-01 1.00000000000000e+05 
1.15152352847678e-01 1.00000000000000e+05 
1.15348368319907e-01 1.00000000000000e+05 
1.15544388451912e-01 1.00000000000000e+05 
1.15740412133866e-01 1.00000000000000e+05 
1.15936430495678e-01 1.00000000000000e+05 
1.16132442591872e-01 1.00000000000000e+05 
1.16328446439516e-01 1.00000000000000e+05 
1.16524445882946e-01 1.00000000000000e+05 
1.16720445656992e-01 1.00000000000000e+05 
1.16916446149156e-01 1.00000000000000e+05 
1.17112448827135e-01 1.00000000000000e+05 
1.17308462402134e-01 1.00000000000000e+05 
1.17504484040039e-01 1.00000000000000e+05 
1.17700517780552e-01 1.00000000000000e+05 
1.17896577591355e-01 1.00000000000000e+05 
1.18092671697731e-01 1.00000000000000e+05 
1.18288791095955e-01 1.00000000000000e+05 
1.18473557081290e-01 1.00000000000000e+05 
1.18669014329513e-01 1.00000000000000e+05 
1.18864918323615e-01 1.00000000000000e+05 
1.19060899450657e-01 1.00000000000000e+05 
1.19256950456482e-01 1.00000000000000e+05 
1.19453054469075e-01 1.00000000000000e+05 
1.19649129103725e-01 1.00000000000000e+05 
1.19845221441677e-01 1.00000000000000e+05 
1.20041327299741e-01 1.00000000000000e+05 
1.20237414091852e-01 1.00000000000000e+05 
1.20433500090768e-01 1.00000000000000e+05 
1.20629590244927e-01 1.00000000000000e+05 
1.20825676638120e-01 1.00000000000000e+05 
1.21021772442538e-01 1.00000000000000e+05 
1.21217868343382e-01 1.00000000000000e+05 
1.21413950534516e-01 1.00000000000000e+05 
1.21610025825983e-01 1.00000000000000e+05 
1.21806101004903e-01 1.00000000000000e+05 
1.22002172807317e-01 1.00000000000000e+05 
1.22198254700585e-01 1.00000000000000e+05 
1.22394345503598e-01 1.00000000000000e+05 
1.22590441250784e-01 1.00000000000000e+05 
1.22786545076090e-01 1.00000000000000e+05 
1.22982657754734e-01 1.00000000000000e+05 
1.23178769485384e-01 1.00000000000000e+05 
1.23374883931392e-01 1.00000000000000e+05 
1.23570998081333e-01 1.00000000000000e+05 
1.23767110481940e-01 1.00000000000000e+05 
1.23963226349658e-01 1.00000000000000e+05 
1.24159349252052e-01 1.00000000000000e+05 
1.24355473143362e-01 1.00000000000000e+05 
1.24551601390133e-01 1.00000000000000e+05 
1.24747731958412e-01 1.00000000000000e+05 
1.24943863758450e-01 1.00000000000000e+05 
1.25140002354287e-01 1.00000000000000e+05 
1.25336149031587e-01 1.00000000000000e+05 
1.25532302233341e-01 1.00000000000000e+05 
1.25728464267647e-01 1.00000000000000e+05 
1.25924631120541e-01 1.00000000000000e+05 
1.26120802034030e-01 1.00000000000000e+05 
1.26316982701067e-01 1.00000000000000e+05 
1.26513178843222e-01 1.00000000000000e+05 
1.26709393546122e-01 1.00000000000000e+05 
1.26905631633428e-01 1.00000000000000e+05 
1.27101893218284e-01 1.00000000000000e+05 
1.27298181085010e-01 1.00000000000000e+05 
1.27494498201475e-01 1.00000000000000e+05 
1.27690845387450e-01 1.00000000000000e+05 
1.27887220420945e-01 1.00000000000000e+05 
1.28083620967205e-01 1.00000000000000e+05 
1.28280042635135e-01 1.00000000000000e+05 
1.28476486698563e-01 1.00000000000000e+05 
1.28672955181250e-01 1.00000000000000e+05 
1.28869449892246e-01 1.00000000000000e+05 
1.29065970063001e-01 1.00000000000000e+05 
1.29262513092412e-01 1.00000000000000e+05 
1.29459074858563e-01 1.00000000000000e+05 
1.29655658211835e-01 1.00000000000000e+05 
1.29852261335065e-01 1.00000000000000e+05 
1.30048887565652e-01 1.00000000000000e+05 
1.30245532681573e-01 1.00000000000000e+05 
1.30442195886060e-01 1.00000000000000e+05 
1.30638874511875e-01 1.00000000000000e+05 
1.30835572151375e-01 1.00000000000000e+05 
1.31032290684123e-01 1.00000000000000e+05 
1.31229030863819e-01 1.00000000000000e+05 
1.31425784512208e-01 1.00000000000000e+05 
1.31622551840566e-01 1.00000000000000e+05 
1.31819327121787e-01 1.00000000000000e+05 
1.32016109705657e-01 1.00000000000000e+05 
1.32212899861523e-01 1.00000000000000e+05 
1.32409698820063e-01 1.00000000000000e+05 
1.32606498774258e-01 1.00000000000000e+05 
1.32803299072042e-01 1.00000000000000e+05 
1.33000095043605e-01 1.00000000000000e+05 
1.33196888099685e-01 1.00000000000000e+05 
1.33393683347669e-01 1.00000000000000e+05 
1.33590483356499e-01 1.00000000000000e+05 
1.33787285585922e-01 1.00000000000000e+05 
1.33984093715476e-01 1.00000000000000e+05 
1.34180905669379e-01 1.00000000000000e+05 
1.34377722440284e-01 1.00000000000000e+05 
1.34574547790883e-01 1.00000000000000e+05 
1.34771381194849e-01 1.00000000000000e+05 
1.34968218323845e-01 1.00000000000000e+05 
1.35165060494710e-01 1.00000000000000e+05 
1.35361904634861e-01 1.00000000000000e+05 
1.35558753012651e-01 1.00000000000000e+05 
1.35755609975062e-01 1.00000000000000e+05 
1.35952476075268e-01 1.00000000000000e+05 
1.36149348960569e-01 1.00000000000000e+05 
1.36346229375870e-01 1.00000000000000e+05 
1.36543114612034e-01 1.00000000000000e+05 
1.36740010654701e-01 1.00000000000000e+05 
1.36936922766700e-01 1.00000000000000e+05 
1.37133850950651e-01 1.00000000000000e+05 
1.37330793664539e-01 1.00000000000000e+05 
1.37527749449829e-01 1.00000000000000e+05 
1.37724714395479e-01 1.00000000000000e+05 
1.37921694373106e-01 1.00000000000000e+05 
1.38118692569594e-01 1.00000000000000e+05 
1.38315708790946e-01 1.00000000000000e+05 
1.38512740242445e-01 1.00000000000000e+05 
1.38709784724837e-01 1.00000000000000e+05 
1.38906837973544e-01 1.00000000000000e+05 
1.39103904861088e-01 1.00000000000000e+05 
1.39300988392305e-01 1.00000000000000e+05 
1.39498088412233e-01 1.00000000000000e+05 
1.39695201402241e-01 1.00000000000000e+05 
1.39892327585394e-01 1.00000000000000e+05 
1.40089464236139e-01 1.00000000000000e+05 
1.40286614880172e-01 1.00000000000000e+05 
1.40483782776565e-01 1.00000000000000e+05 
1.40680969810201e-01 1.00000000000000e+05 
1.40878171850822e-01 1.00000000000000e+05 
1.41075389422757e-01 1.00000000000000e+05 
1.41272619477141e-01 1.00000000000000e+05 
1.41469864152463e-01 1.00000000000000e+05 
1.41667127211012e-01 1.00000000000000e+05 
1.41864409329250e-01 1.00000000000000e+05 
1.42061705656635e-01 1.00000000000000e+05 
1.42259017725531e-01 1.00000000000000e+05 
1.42456342709691e-01 1.00000000000000e+05 
1.42653681799776e-01 1.00000000000000e+05 
1.42851039522757e-01 1.00000000000000e+05 
1.43048415275727e-01 1.00000000000000e+05 
1.43245804245692e-01 1.00000000000000e+05 
1.43443207834155e-01 1.00000000000000e+05 
1.43640623215809e-01 1.00000000000000e+05 
1.43838049348549e-01 1.00000000000000e+05 
1.44035485911852e-01 1.00000000000000e+05 
1.44232931658267e-01 1.00000000000000e+05 
1.44430385048007e-01 1.00000000000000e+05 
1.44627846588631e-01 1.00000000000000e+05 
1.44825310885369e-01 1.00000000000000e+05 
1.45022778808126e-01 1.00000000000000e+05 
1.45220256960461e-01 1.00000000000000e+05 
1.45417743585450e-01 1.00000000000000e+05 
1.45615238659440e-01 1.00000000000000e+05 
1.45812741595881e-01 1.00000000000000e+05 
1.46010247339867e-01 1.00000000000000e+05 
1.46207758518303e-01 1.00000000000000e+05 
1.46405280799570e-01 1.00000000000000e+05 
1.46602811597774e-01 1.00000000000000e+05 
1.46800352359270e-01 1.00000000000000e+05 
1.46997900352258e-01 1.00000000000000e+05 
1.47195450836395e-01 1.00000000000000e+05 
1.47393007274562e-01 1.00000000000000e+05 
1.47590573513479e-01 1.00000000000000e+05 
1.47788147400570e-01 1.00000000000000e+05 
1.47985730211626e-01 1.00000000000000e+05 
1.48183318984235e-01 1.00000000000000e+05 
1.48380908602486e-01 1.00000000000000e+05 
1.48578502044734e-01 1.00000000000000e+05 
1.48776103599009e-01 1.00000000000000e+05 
1.48973712892946e-01 1.00000000000000e+05 
1.49171330244911e-01 1.00000000000000e+05 
1.49368954572291e-01 1.00000000000000e+05 
1.49566580554791e-01 1.00000000000000e+05 
1.49764210263493e-01 1.00000000000000e+05 
1.49961849142406e-01 1.00000000000000e+05 
1.50159497877589e-01 1.00000000000000e+05 
1.50357156272093e-01 1.00000000000000e+05 
1.50554824502385e-01 1.00000000000000e+05 
1.50752497424228e-01 1.00000000000000e+05 
1.50950176966312e-01 1.00000000000000e+05 
1.51147868333361e-01 1.00000000000000e+05 
1.51345571703693e-01 1.00000000000000e+05 
1.51543286363252e-01 1.00000000000000e+05 
1.51741011742890e-01 1.00000000000000e+05 
1.51938742531458e-01 1.00000000000000e+05 
1.52136480107828e-01 1.00000000000000e+05 
1.52334228841759e-01 1.00000000000000e+05 
1.52531988136829e-01 1.00000000000000e+05 
1.52729756862433e-01 1.00000000000000e+05 
1.52927534148958e-01 1.00000000000000e+05 
1.53125314557799e-01 1.00000000000000e+05 
1.53323099204625e-01 1.00000000000000e+05 
1.53520892801433e-01 1.00000000000000e+05 
1.53718694636162e-01 1.00000000000000e+05 
1.53916503872024e-01 1.00000000000000e+05 
1.54114319514364e-01 1.00000000000000e+05 
1.54312135927902e-01 1.00000000000000e+05 
1.54509954639700e-01 1.00000000000000e+05 
1.54707780155001e-01 1.00000000000000e+05 
1.54905611664983e-01 1.00000000000000e+05 
1.55103448443793e-01 1.00000000000000e+05 
1.55301289029117e-01 1.00000000000000e+05 
1.55499127874059e-01 1.00000000000000e+05 
1.55696966833923e-01 1.00000000000000e+05 
1.55894810097472e-01 1.00000000000000e+05 
1.56092657308175e-01 1.00000000000000e+05 
1.56290508227165e-01 1.00000000000000e+05 
1.56488361422499e-01 1.00000000000000e+05 
1.56686211737625e-01 1.00000000000000e+05 
1.56884061770697e-01 1.00000000000000e+05 
1.57081914988910e-01 1.00000000000000e+05 
1.57279771899334e-01 1.00000000000000e+05 
1.57477631973898e-01 1.00000000000000e+05 
1.57675493806321e-01 1.00000000000000e+05 
1.57873352127494e-01 1.00000000000000e+05 
1.58071208931242e-01 1.00000000000000e+05 
1.58269067608452e-01 1.00000000000000e+05 
1.58466928781753e-01 1.00000000000000e+05 
1.58664790813391e-01 1.00000000000000e+05 
1.58862653635447e-01 1.00000000000000e+05 
1.59060511757205e-01 1.00000000000000e+05 
1.59258366393462e-01 1.00000000000000e+05 
1.59456221842642e-01 1.00000000000000e+05 
1.59654078736783e-01 1.00000000000000e+05 
1.59851935463735e-01 1.00000000000000e+05 
1.60049792805566e-01 1.00000000000000e+05 
1.60247646046632e-01 1.00000000000000e+05 
1.60445497118035e-01 1.00000000000000e+05 
1.60643350671997e-01 1.00000000000000e+05 
1.60841207185172e-01 1.00000000000000e+05 
1.61039066253447e-01 1.00000000000000e+05 
1.61236927742728e-01 1.00000000000000e+05 
1.61434787558379e-01 1.00000000000000e+05 
1.61632647820101e-01 1.00000000000000e+05 
1.61830512443117e-01 1.00000000000000e+05 
1.62028381872896e-01 1.00000000000000e+05 
1.62226256019884e-01 1.00000000000000e+05 
1.62424134105627e-01 1.00000000000000e+05 
1.62622012333796e-01 1.00000000000000e+05 
1.62819893351468e-01 1.00000000000000e+05 
1.63017780918288e-01 1.00000000000000e+05 
1.63215676113166e-01 1.00000000000000e+05 
1.63413579089807e-01 1.00000000000000e+05 
1.63611488851641e-01 1.00000000000000e+05 
1.63809401289563e-01 1.00000000000000e+05 
1.64007318457342e-01 1.00000000000000e+05 
1.64205243527516e-01 1.00000000000000e+05 
1.64403177857351e-01 1.00000000000000e+05 
1.64601121100891e-01 1.00000000000000e+05 
1.64799071983073e-01 1.00000000000000e+05 
1.64997025970422e-01 1.00000000000000e+05 
1.65194984469781e-01 1.00000000000000e+05 
1.65392950066769e-01 1.00000000000000e+05 
1.65590923833169e-01 1.00000000000000e+05 
1.65788904513901e-01 1.00000000000000e+05 
1.65986891113283e-01 1.00000000000000e+05 
1.66184878650410e-01 1.00000000000000e+05 
1.66382868026899e-01 1.00000000000000e+05 
1.66580862098516e-01 1.00000000000000e+05 
1.66778861775074e-01 1.00000000000000e+05 
1.66976865382009e-01 1.00000000000000e+05 
1.67174872551347e-01 1.00000000000000e+05 
1.67372878227956e-01 1.00000000000000e+05 
1.67570883469705e-01 1.00000000000000e+05 
1.67768891188289e-01 1.00000000000000e+05 
1.67966901814668e-01 1.00000000000000e+05 
1.68164913439827e-01 1.00000000000000e+05 
1.68362926283403e-01 1.00000000000000e+05 
1.68560935761829e-01 1.00000000000000e+05 
1.68758943196097e-01 1.00000000000000e+05 
1.68956952191320e-01 1.00000000000000e+05 
1.69154962945660e-01 1.00000000000000e+05 
1.69352974271175e-01 1.00000000000000e+05 
1.69550986797913e-01 1.00000000000000e+05 
1.69748996375610e-01 1.00000000000000e+05 
1.69947004731504e-01 1.00000000000000e+05 
1.70145015553862e-01 1.00000000000000e+05 
1.70343029065210e-01 1.00000000000000e+05 
1.70541044318687e-01 1.00000000000000e+05 
1.70739061605547e-01 1.00000000000000e+05 
1.70937076900829e-01 1.00000000000000e+05 
1.71135092026473e-01 1.00000000000000e+05 
1.71333110481195e-01 1.00000000000000e+05 
1.71531132536138e-01 1.00000000000000e+05 
1.71729157672295e-01 1.00000000000000e+05 
1.71927186058269e-01 1.00000000000000e+05 
1.72125213826406e-01 1.00000000000000e+05 
1.72323242751602e-01 1.00000000000000e+05 
1.72521276374567e-01 1.00000000000000e+05 
1.72719315276895e-01 1.00000000000000e+05 
1.72917359361330e-01 1.00000000000000e+05 
1.73115408644108e-01 1.00000000000000e+05 
1.73313459464188e-01 1.00000000000000e+05 
1.73511513518639e-01 1.00000000000000e+05 
1.73709573970941e-01 1.00000000000000e+05 
1.73907641242229e-01 1.00000000000000e+05 
1.74105715212560e-01 1.00000000000000e+05 
1.74303795588699e-01 1.00000000000000e+05 
1.74501879017238e-01 1.00000000000000e+05 
1.74699967064472e-01 1.00000000000000e+05 
1.74898062830909e-01 1.00000000000000e+05 
1.75096166399941e-01 1.00000000000000e+05 
1.75294277650047e-01 1.00000000000000e+05 
1.75492396247031e-01 1.00000000000000e+05 
1.75690518954018e-01 1.00000000000000e+05 
1.75888647268853e-01 1.00000000000000e+05 
1.76086784505718e-01 1.00000000000000e+05 
1.76284930628070e-01 1.00000000000000e+05 
1.76483085641492e-01 1.00000000000000e+05 
1.76681249295309e-01 1.00000000000000e+05 
1.76879418270812e-01 1.00000000000000e+05 
1.77077594104074e-01 1.00000000000000e+05 
1.77275780425606e-01 1.00000000000000e+05 
1.77473977421273e-01 1.00000000000000e+05 
1.77672185307190e-01 1.00000000000000e+05 
1.77870403351545e-01 1.00000000000000e+05 
1.78068627715279e-01 1.00000000000000e+05 
1.78266859247822e-01 1.00000000000000e+05 
1.78465100372774e-01 1.00000000000000e+05 
1.78663350273603e-01 1.00000000000000e+05 
1.78861607853676e-01 1.00000000000000e+05 
1.79059871874649e-01 1.00000000000000e+05 
1.79258138140142e-01 1.00000000000000e+05 
1.79456407943350e-01 1.00000000000000e+05 
1.79654684454104e-01 1.00000000000000e+05 
1.79852967625757e-01 1.00000000000000e+05 
1.80051257376761e-01 1.00000000000000e+05 
1.80249553840170e-01 1.00000000000000e+05 
1.80447853615019e-01 1.00000000000000e+05 
1.80646158140331e-01 1.00000000000000e+05 
1.80844470610324e-01 1.00000000000000e+05 
1.81042790814399e-01 1.00000000000000e+05 
1.81241118432107e-01 1.00000000000000e+05 
1.81439453188495e-01 1.00000000000000e+05 
1.81637791135861e-01 1.00000000000000e+05 
1.81836133383084e-01 1.00000000000000e+05 
1.82034482768647e-01 1.00000000000000e+05 
1.82232838683142e-01 1.00000000000000e+05 
1.82431200321960e-01 1.00000000000000e+05 
1.82629567506400e-01 1.00000000000000e+05 
1.82827936416276e-01 1.00000000000000e+05 
1.83026307917294e-01 1.00000000000000e+05 
1.83224684960131e-01 1.00000000000000e+05 
1.83423066547714e-01 1.00000000000000e+05 
1.83621451984042e-01 1.00000000000000e+05 
1.83819841733346e-01 1.00000000000000e+05 
1.84018232740309e-01 1.00000000000000e+05 
1.84216626000467e-01 1.00000000000000e+05 
1.84415024731018e-01 1.00000000000000e+05 
1.84613423726598e-01 1.00000000000000e+05 
1.84811824181958e-01 1.00000000000000e+05 
1.85010222164703e-01 1.00000000000000e+05 
1.85208617435324e-01 1.00000000000000e+05 
1.85407012372920e-01 1.00000000000000e+05 
1.85605409428684e-01 1.00000000000000e+05 
1.85803807266422e-01 1.00000000000000e+05 
1.86002207278849e-01 1.00000000000000e+05 
1.86200604874550e-01 1.00000000000000e+05 
1.86368174475409e-01 1.00000000000000e+05 
1.86542931044128e-01 1.00000000000000e+05 
1.86726018862041e-01 1.00000000000000e+05 
1.86918814277945e-01 1.00000000000000e+05 
1.87117217096433e-01 1.00000000000000e+05 
1.87279983285223e-01 1.00000000000000e+05 
1.87451603817921e-01 1.00000000000000e+05 
1.87632639487176e-01 1.00000000000000e+05 
1.87806367875907e-01 1.00000000000000e+05 
1.87988647034865e-01 1.00000000000000e+05 
1.88181624546625e-01 1.00000000000000e+05 
1.88350497347882e-01 1.00000000000000e+05 
1.88533789995889e-01 1.00000000000000e+05 
1.88730739747885e-01 1.00000000000000e+05 
1.88929114448668e-01 1.00000000000000e+05 
1.89100931049403e-01 1.00000000000000e+05 
1.89289929310211e-01 1.00000000000000e+05 
1.89488276884741e-01 1.00000000000000e+05 
1.89686613334534e-01 1.00000000000000e+05 
1.89875681830569e-01 1.00000000000000e+05 
1.90073963795304e-01 1.00000000000000e+05 
1.90272279584070e-01 1.00000000000000e+05 
1.90466780758479e-01 1.00000000000000e+05 
1.90665092556311e-01 1.00000000000000e+05 
1.90863401151184e-01 1.00000000000000e+05 
1.91061707632869e-01 1.00000000000000e+05 
1.91260012100308e-01 1.00000000000000e+05 
1.91458312376381e-01 1.00000000000000e+05 
1.91656609248406e-01 1.00000000000000e+05 
1.91854899658546e-01 1.00000000000000e+05 
1.92053185853832e-01 1.00000000000000e+05 
1.92251471760849e-01 1.00000000000000e+05 
1.92449762030148e-01 1.00000000000000e+05 
1.92648057925007e-01 1.00000000000000e+05 
1.92846362364048e-01 1.00000000000000e+05 
1.93044671865137e-01 1.00000000000000e+05 
1.93242985286766e-01 1.00000000000000e+05 
1.93441303506357e-01 1.00000000000000e+05 
1.93639626716408e-01 1.00000000000000e+05 
1.93837952942047e-01 1.00000000000000e+05 
1.94036281575407e-01 1.00000000000000e+05 
1.94234605817212e-01 1.00000000000000e+05 
1.94432923498792e-01 1.00000000000000e+05 
1.94631235580976e-01 1.00000000000000e+05 
1.94829542956771e-01 1.00000000000000e+05 
1.95027845921841e-01 1.00000000000000e+05 
1.95226147832396e-01 1.00000000000000e+05 
1.95424445718203e-01 1.00000000000000e+05 
1.95622740222257e-01 1.00000000000000e+05 
1.95821033771388e-01 1.00000000000000e+05 
1.96019327739470e-01 1.00000000000000e+05 
1.96217621143039e-01 1.00000000000000e+05 
1.96415915257923e-01 1.00000000000000e+05 
1.96614203363132e-01 1.00000000000000e+05 
1.96812483267913e-01 1.00000000000000e+05 
1.97010755754568e-01 1.00000000000000e+05 
1.97209020534773e-01 1.00000000000000e+05 
1.97407277033586e-01 1.00000000000000e+05 
1.97605527939299e-01 1.00000000000000e+05 
1.97803769220793e-01 1.00000000000000e+05 
1.98002001576365e-01 1.00000000000000e+05 
1.98200227232698e-01 1.00000000000000e+05 
1.98398447641023e-01 1.00000000000000e+05 
1.98596663321428e-01 1.00000000000000e+05 
1.98794877519995e-01 1.00000000000000e+05 
1.98993086381653e-01 1.00000000000000e+05 
1.99191290632695e-01 1.00000000000000e+05 
1.99389492358920e-01 1.00000000000000e+05 
1.99587692549981e-01 1.00000000000000e+05 
1.99785891449421e-01 1.00000000000000e+05 
1.99984091383350e-01 1.00000000000000e+05 
2.00182287978360e-01 1.00000000000000e+05 
