# Liste des scalaires : TEMPS pmat 
0.00000000000000e+00 1.00000000000000e+05 
7.22956891292051e-05 1.00000000000000e+05 
1.27424992988343e-04 1.00000000000000e+05 
1.85805741866850e-04 1.00000000000000e+05 
2.42642788242476e-04 1.00000000000000e+05 
3.00840259852936e-04 1.00000000000000e+05 
3.59456619577077e-04 1.00000000000000e+05 
4.20260489364510e-04 1.00000000000000e+05 
4.82959920788583e-04 1.00000000000000e+05 
5.48014021905211e-04 1.00000000000000e+05 
6.15683044025757e-04 1.00000000000000e+05 
6.86770452037972e-04 1.00000000000000e+05 
7.59962633928378e-04 1.00000000000000e+05 
8.33794584592404e-04 1.00000000000000e+05 
9.08812907489531e-04 1.00000000000000e+05 
9.85311735426036e-04 1.00000000000000e+05 
1.06149721439599e-03 1.00000000000000e+05 
1.14003760191345e-03 1.00000000000000e+05 
1.22116346422223e-03 1.00000000000000e+05 
1.30514203136675e-03 1.00000000000000e+05 
1.38507441346621e-03 1.00000000000000e+05 
1.46706539500069e-03 1.00000000000000e+05 
1.55126232403319e-03 1.00000000000000e+05 
1.63763603777934e-03 1.00000000000000e+05 
1.72632143154101e-03 1.00000000000000e+05 
1.81751953288277e-03 1.00000000000000e+05 
1.91148665807555e-03 1.00000000000000e+05 
2.00751761770104e-03 1.00000000000000e+05 
2.10568082158861e-03 1.00000000000000e+05 
2.20569222771109e-03 1.00000000000000e+05 
2.30488257340231e-03 1.00000000000000e+05 
2.40654235175622e-03 1.00000000000000e+05 
2.51286727651947e-03 1.00000000000000e+05 
2.62159975942190e-03 1.00000000000000e+05 
2.73187332610765e-03 1.00000000000000e+05 
2.84341073025340e-03 1.00000000000000e+05 
2.95702053286183e-03 1.00000000000000e+05 
3.07075443115537e-03 1.00000000000000e+05 
3.18655460032969e-03 1.00000000000000e+05 
3.29868561282547e-03 1.00000000000000e+05 
3.41255243037654e-03 1.00000000000000e+05 
3.52810598743797e-03 1.00000000000000e+05 
3.64533369706006e-03 1.00000000000000e+05 
3.76414266878734e-03 1.00000000000000e+05 
3.88445993920385e-03 1.00000000000000e+05 
4.00626016138990e-03 1.00000000000000e+05 
4.12942182815661e-03 1.00000000000000e+05 
4.25101112064658e-03 1.00000000000000e+05 
4.37369139321272e-03 1.00000000000000e+05 
4.49735381271170e-03 1.00000000000000e+05 
4.62197863465380e-03 1.00000000000000e+05 
4.74670934736739e-03 1.00000000000000e+05 
4.87108227409182e-03 1.00000000000000e+05 
4.99522284599285e-03 1.00000000000000e+05 
5.11914569485933e-03 1.00000000000000e+05 
5.24289871233482e-03 1.00000000000000e+05 
5.36645248356990e-03 1.00000000000000e+05 
5.48988523246158e-03 1.00000000000000e+05 
5.61332666480279e-03 1.00000000000000e+05 
5.73691707933805e-03 1.00000000000000e+05 
5.86075165246866e-03 1.00000000000000e+05 
5.98479484400375e-03 1.00000000000000e+05 
6.10904706091622e-03 1.00000000000000e+05 
6.23359156416245e-03 1.00000000000000e+05 
6.35826596558035e-03 1.00000000000000e+05 
6.48282277129078e-03 1.00000000000000e+05 
6.60735657452305e-03 1.00000000000000e+05 
6.73181049321473e-03 1.00000000000000e+05 
6.85610965341701e-03 1.00000000000000e+05 
6.98032080951303e-03 1.00000000000000e+05 
7.10448698948430e-03 1.00000000000000e+05 
7.22860023384981e-03 1.00000000000000e+05 
7.35273487796254e-03 1.00000000000000e+05 
7.47698249975538e-03 1.00000000000000e+05 
7.60146973057456e-03 1.00000000000000e+05 
7.72622738349315e-03 1.00000000000000e+05 
7.85120830561279e-03 1.00000000000000e+05 
7.97613130818486e-03 1.00000000000000e+05 
8.10091900181333e-03 1.00000000000000e+05 
8.22556050967779e-03 1.00000000000000e+05 
8.35009978475808e-03 1.00000000000000e+05 
8.47453885658880e-03 1.00000000000000e+05 
8.59890688822287e-03 1.00000000000000e+05 
8.72318730862373e-03 1.00000000000000e+05 
8.84745654099916e-03 1.00000000000000e+05 
8.97202380942067e-03 1.00000000000000e+05 
9.09690214089771e-03 1.00000000000000e+05 
9.22208384997627e-03 1.00000000000000e+05 
9.34728064346470e-03 1.00000000000000e+05 
9.47255692985114e-03 1.00000000000000e+05 
9.59792620824392e-03 1.00000000000000e+05 
9.72334321647637e-03 1.00000000000000e+05 
9.84880712791613e-03 1.00000000000000e+05 
9.97426966901521e-03 1.00000000000000e+05 
1.00997427037995e-02 1.00000000000000e+05 
1.02252697206742e-02 1.00000000000000e+05 
1.03508752944953e-02 1.00000000000000e+05 
1.04765799971376e-02 1.00000000000000e+05 
1.06024034033777e-02 1.00000000000000e+05 
1.07284841277524e-02 1.00000000000000e+05 
1.08548713876368e-02 1.00000000000000e+05 
1.09815998053101e-02 1.00000000000000e+05 
1.11085047608434e-02 1.00000000000000e+05 
1.12354318460409e-02 1.00000000000000e+05 
1.13624102606695e-02 1.00000000000000e+05 
1.14894133759933e-02 1.00000000000000e+05 
1.16163885815006e-02 1.00000000000000e+05 
1.17432837701064e-02 1.00000000000000e+05 
1.18701284017016e-02 1.00000000000000e+05 
1.19969490287298e-02 1.00000000000000e+05 
1.21238346364731e-02 1.00000000000000e+05 
1.22507806209467e-02 1.00000000000000e+05 
1.23780922146668e-02 1.00000000000000e+05 
1.25058049079396e-02 1.00000000000000e+05 
1.26338501083149e-02 1.00000000000000e+05 
1.27622936653424e-02 1.00000000000000e+05 
1.28908658814576e-02 1.00000000000000e+05 
1.30194195863865e-02 1.00000000000000e+05 
1.31480945911410e-02 1.00000000000000e+05 
1.32770271038538e-02 1.00000000000000e+05 
1.34062217107045e-02 1.00000000000000e+05 
1.35355366651420e-02 1.00000000000000e+05 
1.36615885516610e-02 1.00000000000000e+05 
1.37889125627151e-02 1.00000000000000e+05 
1.39151655552723e-02 1.00000000000000e+05 
1.40434304490923e-02 1.00000000000000e+05 
1.41732434098897e-02 1.00000000000000e+05 
1.43021244829931e-02 1.00000000000000e+05 
1.44269731026269e-02 1.00000000000000e+05 
1.45532717034150e-02 1.00000000000000e+05 
1.46783171088031e-02 1.00000000000000e+05 
1.48060144444733e-02 1.00000000000000e+05 
1.49356110324856e-02 1.00000000000000e+05 
1.50647369588926e-02 1.00000000000000e+05 
1.51901700913990e-02 1.00000000000000e+05 
1.53173079199431e-02 1.00000000000000e+05 
1.54430075841811e-02 1.00000000000000e+05 
1.55737633985025e-02 1.00000000000000e+05 
1.57039169240158e-02 1.00000000000000e+05 
1.58339444173562e-02 1.00000000000000e+05 
1.59609136432874e-02 1.00000000000000e+05 
1.60921432133624e-02 1.00000000000000e+05 
1.62195935044615e-02 1.00000000000000e+05 
1.63506313676662e-02 1.00000000000000e+05 
1.64819565635979e-02 1.00000000000000e+05 
1.66103712553272e-02 1.00000000000000e+05 
1.67343447731339e-02 1.00000000000000e+05 
1.68594278933651e-02 1.00000000000000e+05 
1.69825899994878e-02 1.00000000000000e+05 
1.71093503801836e-02 1.00000000000000e+05 
1.72378394858604e-02 1.00000000000000e+05 
1.73662378309594e-02 1.00000000000000e+05 
1.74897271800133e-02 1.00000000000000e+05 
1.76189872317145e-02 1.00000000000000e+05 
1.77421175157069e-02 1.00000000000000e+05 
1.78679005108783e-02 1.00000000000000e+05 
1.79954497868652e-02 1.00000000000000e+05 
1.81229066955546e-02 1.00000000000000e+05 
1.82471331073996e-02 1.00000000000000e+05 
1.83729502913324e-02 1.00000000000000e+05 
1.84977330207515e-02 1.00000000000000e+05 
1.86243391397986e-02 1.00000000000000e+05 
1.87532164509366e-02 1.00000000000000e+05 
1.88883955742951e-02 1.00000000000000e+05 
1.90141542742699e-02 1.00000000000000e+05 
1.91396708615726e-02 1.00000000000000e+05 
1.92642206987010e-02 1.00000000000000e+05 
1.93948033913177e-02 1.00000000000000e+05 
1.95248717785301e-02 1.00000000000000e+05 
1.96549701056845e-02 1.00000000000000e+05 
1.97791342640998e-02 1.00000000000000e+05 
1.99049391223190e-02 1.00000000000000e+05 
2.00299071764660e-02 1.00000000000000e+05 
2.01574906089955e-02 1.00000000000000e+05 
2.02865131034064e-02 1.00000000000000e+05 
2.04157357281471e-02 1.00000000000000e+05 
2.05414598482658e-02 1.00000000000000e+05 
2.06682334880983e-02 1.00000000000000e+05 
2.07942521066960e-02 1.00000000000000e+05 
2.09225512165628e-02 1.00000000000000e+05 
2.10564148622685e-02 1.00000000000000e+05 
2.11865038282610e-02 1.00000000000000e+05 
2.13134398768290e-02 1.00000000000000e+05 
2.14452937457781e-02 1.00000000000000e+05 
2.15822482902091e-02 1.00000000000000e+05 
2.17116813982502e-02 1.00000000000000e+05 
2.18471948514035e-02 1.00000000000000e+05 
2.19794483888228e-02 1.00000000000000e+05 
2.21083601182449e-02 1.00000000000000e+05 
2.22441992844437e-02 1.00000000000000e+05 
2.23743887330437e-02 1.00000000000000e+05 
2.25130552370498e-02 1.00000000000000e+05 
2.26563201785802e-02 1.00000000000000e+05 
2.27963477267659e-02 1.00000000000000e+05 
2.29315809085055e-02 1.00000000000000e+05 
2.30744902527476e-02 1.00000000000000e+05 
2.32125092803955e-02 1.00000000000000e+05 
2.33578323842975e-02 1.00000000000000e+05 
2.35031124223529e-02 1.00000000000000e+05 
2.36497997692412e-02 1.00000000000000e+05 
2.37917388664846e-02 1.00000000000000e+05 
2.39375648492661e-02 1.00000000000000e+05 
2.40811346427833e-02 1.00000000000000e+05 
2.42276881390749e-02 1.00000000000000e+05 
2.43772957549502e-02 1.00000000000000e+05 
2.45282898764972e-02 1.00000000000000e+05 
2.46754070141517e-02 1.00000000000000e+05 
2.48275444535476e-02 1.00000000000000e+05 
2.49759868388641e-02 1.00000000000000e+05 
2.51309571480417e-02 1.00000000000000e+05 
2.52860239892067e-02 1.00000000000000e+05 
2.54413346514706e-02 1.00000000000000e+05 
2.55961145784496e-02 1.00000000000000e+05 
2.57396874091213e-02 1.00000000000000e+05 
2.58830141200398e-02 1.00000000000000e+05 
2.60261045393680e-02 1.00000000000000e+05 
2.61691735908005e-02 1.00000000000000e+05 
2.63122629413545e-02 1.00000000000000e+05 
2.64554078072077e-02 1.00000000000000e+05 
2.65986653928617e-02 1.00000000000000e+05 
2.67419102612143e-02 1.00000000000000e+05 
2.68851420518581e-02 1.00000000000000e+05 
2.70284853888459e-02 1.00000000000000e+05 
2.71718222340679e-02 1.00000000000000e+05 
2.73151854870630e-02 1.00000000000000e+05 
2.74586260008534e-02 1.00000000000000e+05 
2.76020905952010e-02 1.00000000000000e+05 
2.77456154541711e-02 1.00000000000000e+05 
2.78893542241646e-02 1.00000000000000e+05 
2.80332955789914e-02 1.00000000000000e+05 
2.81774699239573e-02 1.00000000000000e+05 
2.83219448670111e-02 1.00000000000000e+05 
2.84666981787904e-02 1.00000000000000e+05 
2.86117087755724e-02 1.00000000000000e+05 
2.87570644290298e-02 1.00000000000000e+05 
2.89027644048138e-02 1.00000000000000e+05 
2.90489137371859e-02 1.00000000000000e+05 
2.91955497699677e-02 1.00000000000000e+05 
2.93427031656225e-02 1.00000000000000e+05 
2.94903757946207e-02 1.00000000000000e+05 
2.96387393685330e-02 1.00000000000000e+05 
2.97878639751348e-02 1.00000000000000e+05 
2.99380461203699e-02 1.00000000000000e+05 
3.00894081151502e-02 1.00000000000000e+05 
3.02421632758587e-02 1.00000000000000e+05 
3.03955394261330e-02 1.00000000000000e+05 
3.05493267405217e-02 1.00000000000000e+05 
3.07036747641657e-02 1.00000000000000e+05 
3.08445310314245e-02 1.00000000000000e+05 
3.09959879639083e-02 1.00000000000000e+05 
3.11412973544217e-02 1.00000000000000e+05 
3.12979286366038e-02 1.00000000000000e+05 
3.14550296574867e-02 1.00000000000000e+05 
3.16155791099006e-02 1.00000000000000e+05 
3.17642097478368e-02 1.00000000000000e+05 
3.19232169418121e-02 1.00000000000000e+05 
3.20758166213227e-02 1.00000000000000e+05 
3.22384774098993e-02 1.00000000000000e+05 
3.24021332151317e-02 1.00000000000000e+05 
3.25673458024229e-02 1.00000000000000e+05 
3.27286801544040e-02 1.00000000000000e+05 
3.28955465176685e-02 1.00000000000000e+05 
3.30609753958076e-02 1.00000000000000e+05 
3.32280791121433e-02 1.00000000000000e+05 
3.33950486382558e-02 1.00000000000000e+05 
3.35620641904783e-02 1.00000000000000e+05 
3.37123095502129e-02 1.00000000000000e+05 
3.38627024927643e-02 1.00000000000000e+05 
3.40130689470118e-02 1.00000000000000e+05 
3.41633383204324e-02 1.00000000000000e+05 
3.43136478633998e-02 1.00000000000000e+05 
3.44638546426560e-02 1.00000000000000e+05 
3.46140314203677e-02 1.00000000000000e+05 
3.47642307965638e-02 1.00000000000000e+05 
3.49143794742665e-02 1.00000000000000e+05 
3.50645027800894e-02 1.00000000000000e+05 
3.52147645631311e-02 1.00000000000000e+05 
3.53651199696906e-02 1.00000000000000e+05 
3.55156037754620e-02 1.00000000000000e+05 
3.56662740552540e-02 1.00000000000000e+05 
3.58170422222938e-02 1.00000000000000e+05 
3.59678969812676e-02 1.00000000000000e+05 
3.61189576611786e-02 1.00000000000000e+05 
3.62701453432572e-02 1.00000000000000e+05 
3.64214995682908e-02 1.00000000000000e+05 
3.65730656644858e-02 1.00000000000000e+05 
3.67247452039751e-02 1.00000000000000e+05 
3.68766131063390e-02 1.00000000000000e+05 
3.70288479340901e-02 1.00000000000000e+05 
3.71813892101171e-02 1.00000000000000e+05 
3.73343411280378e-02 1.00000000000000e+05 
3.74878050595676e-02 1.00000000000000e+05 
3.76416939688440e-02 1.00000000000000e+05 
3.77962263288674e-02 1.00000000000000e+05 
3.79517207365344e-02 1.00000000000000e+05 
3.81082419665025e-02 1.00000000000000e+05 
3.82660119512715e-02 1.00000000000000e+05 
3.84255685996608e-02 1.00000000000000e+05 
3.85862709111068e-02 1.00000000000000e+05 
3.87476649491616e-02 1.00000000000000e+05 
3.89097891315473e-02 1.00000000000000e+05 
3.90729372777618e-02 1.00000000000000e+05 
3.92224159706153e-02 1.00000000000000e+05 
3.93868425327542e-02 1.00000000000000e+05 
3.95436302692414e-02 1.00000000000000e+05 
3.97131957245835e-02 1.00000000000000e+05 
3.98811464442939e-02 1.00000000000000e+05 
4.00527961360445e-02 1.00000000000000e+05 
4.02114118822202e-02 1.00000000000000e+05 
4.03847568076408e-02 1.00000000000000e+05 
4.05504358655693e-02 1.00000000000000e+05 
4.07266334803969e-02 1.00000000000000e+05 
4.09029643589435e-02 1.00000000000000e+05 
4.10792832078131e-02 1.00000000000000e+05 
4.12552243832692e-02 1.00000000000000e+05 
4.14317448404602e-02 1.00000000000000e+05 
4.16083815237328e-02 1.00000000000000e+05 
4.17851358071270e-02 1.00000000000000e+05 
4.19620176410259e-02 1.00000000000000e+05 
4.21391155929455e-02 1.00000000000000e+05 
4.22975964489478e-02 1.00000000000000e+05 
4.24560316602556e-02 1.00000000000000e+05 
4.26143403704030e-02 1.00000000000000e+05 
4.27725390408851e-02 1.00000000000000e+05 
4.29307959254429e-02 1.00000000000000e+05 
4.30889642647917e-02 1.00000000000000e+05 
4.32471367843620e-02 1.00000000000000e+05 
4.34053261562596e-02 1.00000000000000e+05 
4.35635560449123e-02 1.00000000000000e+05 
4.37219102310983e-02 1.00000000000000e+05 
4.38804792478240e-02 1.00000000000000e+05 
4.40392288396962e-02 1.00000000000000e+05 
4.41981481840539e-02 1.00000000000000e+05 
4.43572300503796e-02 1.00000000000000e+05 
4.45164401167542e-02 1.00000000000000e+05 
4.46758243918243e-02 1.00000000000000e+05 
4.48354753010647e-02 1.00000000000000e+05 
4.49953499411803e-02 1.00000000000000e+05 
4.51554843790193e-02 1.00000000000000e+05 
4.53159264890368e-02 1.00000000000000e+05 
4.54766861811832e-02 1.00000000000000e+05 
4.56379058222370e-02 1.00000000000000e+05 
4.57997064668533e-02 1.00000000000000e+05 
4.59621032876649e-02 1.00000000000000e+05 
4.61252172894492e-02 1.00000000000000e+05 
4.62891909465093e-02 1.00000000000000e+05 
4.64541269888111e-02 1.00000000000000e+05 
4.66204087667566e-02 1.00000000000000e+05 
4.67880524861652e-02 1.00000000000000e+05 
4.69562488118851e-02 1.00000000000000e+05 
4.71251080496251e-02 1.00000000000000e+05 
4.72948331681540e-02 1.00000000000000e+05 
4.74657521542918e-02 1.00000000000000e+05 
4.76384244142802e-02 1.00000000000000e+05 
4.78132303229101e-02 1.00000000000000e+05 
4.79903600446296e-02 1.00000000000000e+05 
4.81511047134232e-02 1.00000000000000e+05 
4.83279238490963e-02 1.00000000000000e+05 
4.84999031336217e-02 1.00000000000000e+05 
4.86768442317775e-02 1.00000000000000e+05 
4.88538589539043e-02 1.00000000000000e+05 
4.90307964562244e-02 1.00000000000000e+05 
4.92077753989434e-02 1.00000000000000e+05 
4.93847574233563e-02 1.00000000000000e+05 
4.95616321744442e-02 1.00000000000000e+05 
4.97384477680866e-02 1.00000000000000e+05 
4.99153256003077e-02 1.00000000000000e+05 
5.00921546576545e-02 1.00000000000000e+05 
5.02589555735537e-02 1.00000000000000e+05 
5.04258706853909e-02 1.00000000000000e+05 
5.05928064484818e-02 1.00000000000000e+05 
5.07597438397883e-02 1.00000000000000e+05 
5.09267180886601e-02 1.00000000000000e+05 
5.10936666559732e-02 1.00000000000000e+05 
5.12606183017021e-02 1.00000000000000e+05 
5.14275922637099e-02 1.00000000000000e+05 
5.15945762441949e-02 1.00000000000000e+05 
5.17616555114953e-02 1.00000000000000e+05 
5.19289714450831e-02 1.00000000000000e+05 
5.20964702847812e-02 1.00000000000000e+05 
5.22642395281327e-02 1.00000000000000e+05 
5.24323766987488e-02 1.00000000000000e+05 
5.26008017128750e-02 1.00000000000000e+05 
5.27696548824286e-02 1.00000000000000e+05 
5.29391382306496e-02 1.00000000000000e+05 
5.31091983519755e-02 1.00000000000000e+05 
5.32800132010081e-02 1.00000000000000e+05 
5.34517710231214e-02 1.00000000000000e+05 
5.36245073226172e-02 1.00000000000000e+05 
5.37985572862289e-02 1.00000000000000e+05 
5.39735595408589e-02 1.00000000000000e+05 
5.41489905605145e-02 1.00000000000000e+05 
5.43249797411737e-02 1.00000000000000e+05 
5.45016417146674e-02 1.00000000000000e+05 
5.46787384741797e-02 1.00000000000000e+05 
5.48557672378136e-02 1.00000000000000e+05 
5.50328364597760e-02 1.00000000000000e+05 
5.52098520532719e-02 1.00000000000000e+05 
5.53869448368988e-02 1.00000000000000e+05 
5.55640046592625e-02 1.00000000000000e+05 
5.57409934469546e-02 1.00000000000000e+05 
5.59169499936095e-02 1.00000000000000e+05 
5.60939030646450e-02 1.00000000000000e+05 
5.62708096120390e-02 1.00000000000000e+05 
5.64478198214448e-02 1.00000000000000e+05 
5.66248181388022e-02 1.00000000000000e+05 
5.68017547708509e-02 1.00000000000000e+05 
5.69785644664161e-02 1.00000000000000e+05 
5.71554396073426e-02 1.00000000000000e+05 
5.73322866190787e-02 1.00000000000000e+05 
5.75092705439509e-02 1.00000000000000e+05 
5.76863098606563e-02 1.00000000000000e+05 
5.78621614019783e-02 1.00000000000000e+05 
5.80365097843185e-02 1.00000000000000e+05 
5.82125025377016e-02 1.00000000000000e+05 
5.83869575437502e-02 1.00000000000000e+05 
5.85631426572188e-02 1.00000000000000e+05 
5.87394517900266e-02 1.00000000000000e+05 
5.89157620644300e-02 1.00000000000000e+05 
5.90911494519073e-02 1.00000000000000e+05 
5.92681499844322e-02 1.00000000000000e+05 
5.94445251425903e-02 1.00000000000000e+05 
5.96217169830034e-02 1.00000000000000e+05 
5.97989398565439e-02 1.00000000000000e+05 
5.99761418825516e-02 1.00000000000000e+05 
6.01532981151443e-02 1.00000000000000e+05 
6.03304349599707e-02 1.00000000000000e+05 
6.05075463566761e-02 1.00000000000000e+05 
6.06847662307072e-02 1.00000000000000e+05 
6.08620120292314e-02 1.00000000000000e+05 
6.10392555867344e-02 1.00000000000000e+05 
6.12164545804300e-02 1.00000000000000e+05 
6.13936307302823e-02 1.00000000000000e+05 
6.15707895646443e-02 1.00000000000000e+05 
6.17480457444470e-02 1.00000000000000e+05 
6.19253254124007e-02 1.00000000000000e+05 
6.21026034430731e-02 1.00000000000000e+05 
6.22798369589205e-02 1.00000000000000e+05 
6.24570505882962e-02 1.00000000000000e+05 
6.26342940668951e-02 1.00000000000000e+05 
6.28116558592056e-02 1.00000000000000e+05 
6.29890454706976e-02 1.00000000000000e+05 
6.31664376481026e-02 1.00000000000000e+05 
6.33437694928130e-02 1.00000000000000e+05 
6.35210579401678e-02 1.00000000000000e+05 
6.36983642814830e-02 1.00000000000000e+05 
6.38757680640897e-02 1.00000000000000e+05 
6.40531632284420e-02 1.00000000000000e+05 
6.42305544383457e-02 1.00000000000000e+05 
6.44078948523958e-02 1.00000000000000e+05 
6.45851926155375e-02 1.00000000000000e+05 
6.47624980555198e-02 1.00000000000000e+05 
6.49398838249859e-02 1.00000000000000e+05 
6.51172574838321e-02 1.00000000000000e+05 
6.52946271532694e-02 1.00000000000000e+05 
6.54719504808625e-02 1.00000000000000e+05 
6.56492377069702e-02 1.00000000000000e+05 
6.58265362634506e-02 1.00000000000000e+05 
6.60039189047387e-02 1.00000000000000e+05 
6.61812644496851e-02 1.00000000000000e+05 
6.63585434524398e-02 1.00000000000000e+05 
6.65357189159716e-02 1.00000000000000e+05 
6.67129094267055e-02 1.00000000000000e+05 
6.68901635690403e-02 1.00000000000000e+05 
6.70674778166182e-02 1.00000000000000e+05 
6.72449014433882e-02 1.00000000000000e+05 
6.74222946340488e-02 1.00000000000000e+05 
6.75997561706091e-02 1.00000000000000e+05 
6.77771730097758e-02 1.00000000000000e+05 
6.79545595735699e-02 1.00000000000000e+05 
6.81320119290127e-02 1.00000000000000e+05 
6.83094248795568e-02 1.00000000000000e+05 
6.84867831025329e-02 1.00000000000000e+05 
6.86642033096169e-02 1.00000000000000e+05 
6.88416791606257e-02 1.00000000000000e+05 
6.90191588133548e-02 1.00000000000000e+05 
6.91966499483216e-02 1.00000000000000e+05 
6.93741789894292e-02 1.00000000000000e+05 
6.95516453898529e-02 1.00000000000000e+05 
6.97291410004665e-02 1.00000000000000e+05 
6.99066866395182e-02 1.00000000000000e+05 
7.00841655822918e-02 1.00000000000000e+05 
7.02616417571193e-02 1.00000000000000e+05 
7.04391426849231e-02 1.00000000000000e+05 
7.06165900637770e-02 1.00000000000000e+05 
7.07940831920548e-02 1.00000000000000e+05 
7.09716282004920e-02 1.00000000000000e+05 
7.11491112771722e-02 1.00000000000000e+05 
7.13265942018053e-02 1.00000000000000e+05 
7.15041156993731e-02 1.00000000000000e+05 
7.16816110484338e-02 1.00000000000000e+05 
7.18591778054273e-02 1.00000000000000e+05 
7.20368074599843e-02 1.00000000000000e+05 
7.22143911280830e-02 1.00000000000000e+05 
7.23919845496837e-02 1.00000000000000e+05 
7.25696199326997e-02 1.00000000000000e+05 
7.27472175723754e-02 1.00000000000000e+05 
7.29248775599901e-02 1.00000000000000e+05 
7.31025869872179e-02 1.00000000000000e+05 
7.32802340969211e-02 1.00000000000000e+05 
7.34578702111768e-02 1.00000000000000e+05 
7.36355445962902e-02 1.00000000000000e+05 
7.38132078444241e-02 1.00000000000000e+05 
7.39909557677828e-02 1.00000000000000e+05 
7.41687550913399e-02 1.00000000000000e+05 
7.43464962269404e-02 1.00000000000000e+05 
7.45242452280633e-02 1.00000000000000e+05 
7.47020435544216e-02 1.00000000000000e+05 
7.48798373504572e-02 1.00000000000000e+05 
7.50576976991897e-02 1.00000000000000e+05 
7.52355987726764e-02 1.00000000000000e+05 
7.54134492158921e-02 1.00000000000000e+05 
7.55913047046184e-02 1.00000000000000e+05 
7.57691708792765e-02 1.00000000000000e+05 
7.59470156696384e-02 1.00000000000000e+05 
7.61249040076175e-02 1.00000000000000e+05 
7.63028197596237e-02 1.00000000000000e+05 
7.64806992863230e-02 1.00000000000000e+05 
7.66585983804257e-02 1.00000000000000e+05 
7.68365079704132e-02 1.00000000000000e+05 
7.70144153185205e-02 1.00000000000000e+05 
7.71923790911666e-02 1.00000000000000e+05 
7.73703649910950e-02 1.00000000000000e+05 
7.75483159835245e-02 1.00000000000000e+05 
7.77262966291200e-02 1.00000000000000e+05 
7.79043015809453e-02 1.00000000000000e+05 
7.80823104393821e-02 1.00000000000000e+05 
7.82603761399535e-02 1.00000000000000e+05 
7.84384457901990e-02 1.00000000000000e+05 
7.86164610333280e-02 1.00000000000000e+05 
7.87944905438878e-02 1.00000000000000e+05 
7.89725478166004e-02 1.00000000000000e+05 
7.91506241748530e-02 1.00000000000000e+05 
7.93287660276410e-02 1.00000000000000e+05 
7.95069146407113e-02 1.00000000000000e+05 
7.96850370240844e-02 1.00000000000000e+05 
7.98631574445142e-02 1.00000000000000e+05 
8.00413007791483e-02 1.00000000000000e+05 
8.02194781941007e-02 1.00000000000000e+05 
8.03977267873553e-02 1.00000000000000e+05 
8.05759948123134e-02 1.00000000000000e+05 
8.07542703764953e-02 1.00000000000000e+05 
8.09325721318934e-02 1.00000000000000e+05 
8.11109490109448e-02 1.00000000000000e+05 
8.12893895669282e-02 1.00000000000000e+05 
8.14679136497967e-02 1.00000000000000e+05 
8.16464636647227e-02 1.00000000000000e+05 
8.18250128347494e-02 1.00000000000000e+05 
8.20035741301546e-02 1.00000000000000e+05 
8.21822142318715e-02 1.00000000000000e+05 
8.23609088990712e-02 1.00000000000000e+05 
8.25396742400637e-02 1.00000000000000e+05 
8.27184429333720e-02 1.00000000000000e+05 
8.28971864851963e-02 1.00000000000000e+05 
8.30759271519842e-02 1.00000000000000e+05 
8.32547206028981e-02 1.00000000000000e+05 
8.34335444136026e-02 1.00000000000000e+05 
8.36124450799440e-02 1.00000000000000e+05 
8.37913689404084e-02 1.00000000000000e+05 
8.39702754659661e-02 1.00000000000000e+05 
8.41491846309680e-02 1.00000000000000e+05 
8.43281242724937e-02 1.00000000000000e+05 
8.45070715662160e-02 1.00000000000000e+05 
8.46860720449930e-02 1.00000000000000e+05 
8.48650871345463e-02 1.00000000000000e+05 
8.50440791738451e-02 1.00000000000000e+05 
8.52230791856418e-02 1.00000000000000e+05 
8.54020890849234e-02 1.00000000000000e+05 
8.55810935310000e-02 1.00000000000000e+05 
8.57601414586439e-02 1.00000000000000e+05 
8.59392081049998e-02 1.00000000000000e+05 
8.61182570600979e-02 1.00000000000000e+05 
8.62973256635427e-02 1.00000000000000e+05 
8.64764067134989e-02 1.00000000000000e+05 
8.66554836498747e-02 1.00000000000000e+05 
8.68346040963430e-02 1.00000000000000e+05 
8.70137459764419e-02 1.00000000000000e+05 
8.71928689210057e-02 1.00000000000000e+05 
8.73720104500607e-02 1.00000000000000e+05 
8.75511664004721e-02 1.00000000000000e+05 
8.77303113593808e-02 1.00000000000000e+05 
8.79094816934467e-02 1.00000000000000e+05 
8.80886963313927e-02 1.00000000000000e+05 
8.82678511439690e-02 1.00000000000000e+05 
8.84470115129458e-02 1.00000000000000e+05 
8.86261585771956e-02 1.00000000000000e+05 
8.88052521523592e-02 1.00000000000000e+05 
8.89843188649891e-02 1.00000000000000e+05 
8.91634300732418e-02 1.00000000000000e+05 
8.93424769488419e-02 1.00000000000000e+05 
8.95215311898455e-02 1.00000000000000e+05 
8.97005817382982e-02 1.00000000000000e+05 
8.98795929831441e-02 1.00000000000000e+05 
9.00585890925669e-02 1.00000000000000e+05 
9.02376460564439e-02 1.00000000000000e+05 
9.04166493938373e-02 1.00000000000000e+05 
9.05956820011736e-02 1.00000000000000e+05 
9.07747406505381e-02 1.00000000000000e+05 
9.09537869761043e-02 1.00000000000000e+05 
9.11328423972153e-02 1.00000000000000e+05 
9.13119772432433e-02 1.00000000000000e+05 
9.14910658067143e-02 1.00000000000000e+05 
9.16701772690127e-02 1.00000000000000e+05 
9.18493138818769e-02 1.00000000000000e+05 
9.20284518490452e-02 1.00000000000000e+05 
9.22076164891752e-02 1.00000000000000e+05 
9.23868811944122e-02 1.00000000000000e+05 
9.25661128184197e-02 1.00000000000000e+05 
9.27453708040739e-02 1.00000000000000e+05 
9.29246556535048e-02 1.00000000000000e+05 
9.31039423265345e-02 1.00000000000000e+05 
9.32832417946240e-02 1.00000000000000e+05 
9.34626163738320e-02 1.00000000000000e+05 
9.36419443792556e-02 1.00000000000000e+05 
9.38212928682541e-02 1.00000000000000e+05 
9.40006886977132e-02 1.00000000000000e+05 
9.41801229415761e-02 1.00000000000000e+05 
9.43596052714394e-02 1.00000000000000e+05 
9.45391901801770e-02 1.00000000000000e+05 
9.47187551710074e-02 1.00000000000000e+05 
9.48983565366243e-02 1.00000000000000e+05 
9.50780033398506e-02 1.00000000000000e+05 
9.52576802422352e-02 1.00000000000000e+05 
9.54374070138425e-02 1.00000000000000e+05 
9.56172450466982e-02 1.00000000000000e+05 
9.57970740317101e-02 1.00000000000000e+05 
9.59769465621257e-02 1.00000000000000e+05 
9.61568771540069e-02 1.00000000000000e+05 
9.63368601586297e-02 1.00000000000000e+05 
9.65169168285097e-02 1.00000000000000e+05 
9.66970512300918e-02 1.00000000000000e+05 
9.68771064579262e-02 1.00000000000000e+05 
9.70570966910925e-02 1.00000000000000e+05 
9.72370753093705e-02 1.00000000000000e+05 
9.74170696097251e-02 1.00000000000000e+05 
9.75971107599336e-02 1.00000000000000e+05 
9.77771549156165e-02 1.00000000000000e+05 
9.79571206529415e-02 1.00000000000000e+05 
9.81370316167791e-02 1.00000000000000e+05 
9.83169401388865e-02 1.00000000000000e+05 
9.84968796599686e-02 1.00000000000000e+05 
9.86768748615902e-02 1.00000000000000e+05 
9.88568723985443e-02 1.00000000000000e+05 
9.90367985946017e-02 1.00000000000000e+05 
9.92166944495771e-02 1.00000000000000e+05 
9.93966101872106e-02 1.00000000000000e+05 
9.95765811935784e-02 1.00000000000000e+05 
9.97566189171220e-02 1.00000000000000e+05 
9.99366628839045e-02 1.00000000000000e+05 
1.00116655244392e-01 1.00000000000000e+05 
1.00296648071597e-01 1.00000000000000e+05 
1.00476687010374e-01 1.00000000000000e+05 
1.00656802747862e-01 1.00000000000000e+05 
1.00836985298633e-01 1.00000000000000e+05 
1.01017175652714e-01 1.00000000000000e+05 
1.01197329409837e-01 1.00000000000000e+05 
1.01377512121309e-01 1.00000000000000e+05 
1.01557763163584e-01 1.00000000000000e+05 
1.01738083480579e-01 1.00000000000001e+05 
1.01918460794174e-01 1.00000000000001e+05 
1.02098884775070e-01 1.00000000000001e+05 
1.02279310737440e-01 1.00000000000002e+05 
1.02459718229893e-01 1.00000000000002e+05 
1.02640122172486e-01 1.00000000000003e+05 
1.02820554515492e-01 1.00000000000004e+05 
1.03001065505347e-01 1.00000000000005e+05 
1.03181603613721e-01 1.00000000000007e+05 
1.03361984662430e-01 1.00000000000010e+05 
1.03542298633000e-01 1.00000000000013e+05 
1.03722644767820e-01 1.00000000000018e+05 
1.03902937516805e-01 1.00000000000024e+05 
1.04083090421853e-01 1.00000000000030e+05 
1.04263100478181e-01 1.00000000000041e+05 
1.04443002556813e-01 1.00000000000056e+05 
1.04622929091959e-01 1.00000000000074e+05 
1.04802935366610e-01 1.00000000000099e+05 
1.04982910837211e-01 1.00000000000127e+05 
1.05162727598665e-01 1.00000000000159e+05 
1.05342432371825e-01 1.00000000000206e+05 
1.05522091012487e-01 1.00000000000276e+05 
1.05701860715296e-01 1.00000000000356e+05 
1.05881759441496e-01 1.00000000000471e+05 
1.06061652723723e-01 1.00000000000545e+05 
1.06241387204872e-01 1.00000000000604e+05 
1.06421050138222e-01 1.00000000000718e+05 
1.06600729342012e-01 1.00000000000936e+05 
1.06780594492610e-01 1.00000000001293e+05 
1.06960621678468e-01 1.00000000001877e+05 
1.07140660498774e-01 1.00000000002858e+05 
1.07320546947494e-01 1.00000000004417e+05 
1.07500408496296e-01 1.00000000006664e+05 
1.07680354595931e-01 1.00000000012491e+05 
1.07860562986127e-01 1.00000000023869e+05 
1.08040974098180e-01 1.00000000040155e+05 
1.08221430149051e-01 1.00000000064276e+05 
1.08401764425257e-01 1.00000000095332e+05 
1.08582135628061e-01 1.00000000136632e+05 
1.08762657238128e-01 1.00000000191261e+05 
1.08943476100297e-01 1.00000000376809e+05 
1.09124542127957e-01 1.00000000570502e+05 
1.09305672308198e-01 1.00000000778999e+05 
1.09486707280161e-01 1.00000001092288e+05 
1.09667833205484e-01 1.00000001406786e+05 
1.09849081010646e-01 1.00000001721636e+05 
1.10030577650631e-01 1.00000001926051e+05 
1.10212377747135e-01 1.00000002153692e+05 
1.10394363325887e-01 1.00000002299945e+05 
1.10576308868907e-01 1.00000002474552e+05 
1.10758305798282e-01 1.00000002707160e+05 
1.10940483417032e-01 1.00000003001068e+05 
1.11122958368445e-01 1.00000003373995e+05 
1.11305764515417e-01 1.00000003821681e+05 
1.11488775108204e-01 1.00000004341995e+05 
1.11671776034610e-01 1.00000004961092e+05 
1.11854875502238e-01 1.00000005698642e+05 
1.12038205217232e-01 1.00000006561566e+05 
1.12221855420658e-01 1.00000007528910e+05 
1.12405785806262e-01 1.00000008650801e+05 
1.12589723077765e-01 1.00000009904261e+05 
1.12773489600344e-01 1.00000011298782e+05 
1.12957317196662e-01 1.00000012849880e+05 
1.13141290900010e-01 1.00000014549286e+05 
1.13325426118516e-01 1.00000016405399e+05 
1.13509646965542e-01 1.00000018463247e+05 
1.13693886988422e-01 1.00000020705770e+05 
1.13877976744865e-01 1.00000023126457e+05 
1.14062147256970e-01 1.00000025890305e+05 
1.14246490347762e-01 1.00000028863185e+05 
1.14431008333083e-01 1.00000032126797e+05 
1.14615591238406e-01 1.00000035793153e+05 
1.14800159667898e-01 1.00000039858434e+05 
1.14984632975762e-01 1.00000044368105e+05 
1.15169017031878e-01 1.00000049532508e+05 
1.15353353927731e-01 1.00000055388912e+05 
1.15537712337997e-01 1.00000062105558e+05 
1.15722116872316e-01 1.00000069942314e+05 
1.15906513207830e-01 1.00000078970393e+05 
1.16090821468973e-01 1.00000089327934e+05 
1.16275045700523e-01 1.00000101548366e+05 
1.16459215696871e-01 1.00000115681625e+05 
1.16643399722389e-01 1.00000132051531e+05 
1.16827624268129e-01 1.00000151236884e+05 
1.17011848407809e-01 1.00000173443602e+05 
1.17196000044792e-01 1.00000199119526e+05 
1.17380081213522e-01 1.00000229084927e+05 
1.17564107819307e-01 1.00000263786204e+05 
1.17748145599435e-01 1.00000303934832e+05 
1.17932218610354e-01 1.00000350486816e+05 
1.18116298535077e-01 1.00000403932463e+05 
1.18300316021715e-01 1.00000465086942e+05 
1.18484272239090e-01 1.00000535432404e+05 
1.18668172760692e-01 1.00000615551666e+05 
1.18852078990142e-01 1.00000706573302e+05 
1.19036013474658e-01 1.00000809926297e+05 
1.19219955013027e-01 1.00000925931087e+05 
1.19403839879227e-01 1.00001055478114e+05 
1.19587669317111e-01 1.00001201100622e+05 
1.19771440430221e-01 1.00001362861085e+05 
1.19955206119207e-01 1.00001542216773e+05 
1.20138989116235e-01 1.00001741683515e+05 
1.20322772960908e-01 1.00001960920651e+05 
1.20506502703487e-01 1.00002200715376e+05 
1.20690181721955e-01 1.00002463457534e+05 
1.20874000283587e-01 1.00002749399332e+05 
1.21057728890650e-01 1.00003058130852e+05 
1.21241349440448e-01 1.00003393090848e+05 
1.21424827153226e-01 1.00003753336548e+05 
1.21608139111510e-01 1.00004138858715e+05 
1.21791446798902e-01 1.00004553125726e+05 
1.21974764839371e-01 1.00004996544279e+05 
1.22158126743555e-01 1.00005469261852e+05 
1.22341550597252e-01 1.00005976857603e+05 
1.22525018375893e-01 1.00006520661438e+05 
1.22708493660859e-01 1.00007099596364e+05 
1.22891964703729e-01 1.00007728859824e+05 
1.23075397846394e-01 1.00008397700196e+05 
1.23258810310169e-01 1.00009117333095e+05 
1.23442226227221e-01 1.00009881762467e+05 
1.23625651990350e-01 1.00010729009009e+05 
1.23809071587341e-01 1.00011666149479e+05 
1.23992483453822e-01 1.00012714778534e+05 
1.24175859392169e-01 1.00013887569393e+05 
1.24359209644334e-01 1.00015208206295e+05 
1.24542558638224e-01 1.00016704925864e+05 
1.24725918992546e-01 1.00018401355249e+05 
1.24909285999342e-01 1.00020334199151e+05 
1.25092659733344e-01 1.00022566928054e+05 
1.25276006527684e-01 1.00025127174035e+05 
1.25459329477716e-01 1.00028094685861e+05 
1.25642653375946e-01 1.00031525897027e+05 
1.25825994504804e-01 1.00035493250357e+05 
1.26009355331117e-01 1.00040088283587e+05 
1.26192736605697e-01 1.00045472243685e+05 
1.26376098008197e-01 1.00051670384525e+05 
1.26559437836644e-01 1.00058800539779e+05 
1.26742778178364e-01 1.00067005345805e+05 
1.26926135426849e-01 1.00076407135209e+05 
1.27109518426139e-01 1.00087166369307e+05 
1.27292932211384e-01 1.00099451442078e+05 
1.27476335046885e-01 1.00113466168409e+05 
1.27659721381262e-01 1.00129360686800e+05 
1.27843111010638e-01 1.00147316342630e+05 
1.28026511720479e-01 1.00167537005166e+05 
1.28209932973885e-01 1.00190260023840e+05 
1.28393393695088e-01 1.00215618150753e+05 
1.28576868984844e-01 1.00243956553760e+05 
1.28760307183450e-01 1.00275337481541e+05 
1.28943724496143e-01 1.00309875121156e+05 
1.29127128136615e-01 1.00347845254809e+05 
1.29310565110561e-01 1.00389536796906e+05 
1.29494050323443e-01 1.00434831293884e+05 
1.29677559360619e-01 1.00484149611513e+05 
1.29861040451984e-01 1.00537348998260e+05 
1.30044507506914e-01 1.00594393060045e+05 
1.30227967427549e-01 1.00655436181571e+05 
1.30411466390086e-01 1.00720652125322e+05 
1.30595015452156e-01 1.00789535427827e+05 
1.30778591434280e-01 1.00862363179242e+05 
1.30962141194035e-01 1.00938762032402e+05 
1.31145679262147e-01 1.01017925708814e+05 
1.31329214441022e-01 1.01100433822397e+05 
1.31512792670187e-01 1.01185898039333e+05 
1.31696423520155e-01 1.01273377227331e+05 
1.31880085837519e-01 1.01363288806445e+05 
1.32063727485229e-01 1.01454129572361e+05 
1.32247362489001e-01 1.01545660976952e+05 
1.32431002787472e-01 1.01637297213381e+05 
1.32614693705517e-01 1.01728567051877e+05 
1.32798443132602e-01 1.01818668982393e+05 
1.32982231243937e-01 1.01907992521469e+05 
1.33166010600759e-01 1.01994821728860e+05 
1.33349792867573e-01 1.02078966497082e+05 
1.33533591737906e-01 1.02159432180167e+05 
1.33717448577129e-01 1.02236323613135e+05 
1.33901368323698e-01 1.02308886295035e+05 
1.34085331385933e-01 1.02377982495503e+05 
1.34269293868057e-01 1.02441519919861e+05 
1.34453264716752e-01 1.02499301563273e+05 
1.34637257782109e-01 1.02549171086424e+05 
1.34821312046666e-01 1.02598499851976e+05 
1.35005430074966e-01 1.02634515956470e+05 
1.35189592911070e-01 1.02660326684579e+05 
1.35373758775716e-01 1.02676138067787e+05 
1.35557934554590e-01 1.02682314305427e+05 
1.35742133131041e-01 1.02672975374937e+05 
1.35926390885873e-01 1.02663849004647e+05 
1.36110709304648e-01 1.02652739183506e+05 
1.36295071924287e-01 1.02641062504498e+05 
1.36479437944790e-01 1.02626273881216e+05 
1.36663813999062e-01 1.02606953203656e+05 
1.36848214053807e-01 1.02586371554427e+05 
1.37032672778153e-01 1.02563305961067e+05 
1.37217190781010e-01 1.02536708095317e+05 
1.37401755718694e-01 1.02506531954329e+05 
1.37586328525941e-01 1.02472125730666e+05 
1.37770913707268e-01 1.02433677599688e+05 
1.37955525629782e-01 1.02391149904730e+05 
1.38140186158699e-01 1.02345180594980e+05 
1.38324882938988e-01 1.02295058775678e+05 
1.38509618262552e-01 1.02243123945371e+05 
1.38694369661529e-01 1.02187618595198e+05 
1.38879138517192e-01 1.02129184726279e+05 
1.39063923295078e-01 1.02068402548205e+05 
1.39248743373679e-01 1.02005602659377e+05 
1.39433604873099e-01 1.01939629889976e+05 
1.39618510603248e-01 1.01873789850638e+05 
1.39803443320160e-01 1.01804546964184e+05 
1.39988402987531e-01 1.01734586440110e+05 
1.40173389305882e-01 1.01663133714056e+05 
1.40358418995214e-01 1.01590782242749e+05 
1.40543494565808e-01 1.01516477978329e+05 
1.40728618413632e-01 1.01443059419487e+05 
1.40913774445163e-01 1.01368146020508e+05 
1.41098960988410e-01 1.01292559398795e+05 
1.41284178729014e-01 1.01216173652687e+05 
1.41469442605227e-01 1.01139756385006e+05 
1.41654752758016e-01 1.01063113009336e+05 
1.41840112595402e-01 1.00987771053824e+05 
1.42025506623361e-01 1.00912028944072e+05 
1.42210932359086e-01 1.00836820651847e+05 
1.42396391905052e-01 1.00762192639459e+05 
1.42581899744833e-01 1.00688484242469e+05 
1.42767454557561e-01 1.00615017189800e+05 
1.42953057910687e-01 1.00544243924396e+05 
1.43138694377103e-01 1.00474086411826e+05 
1.43324360425124e-01 1.00405121315604e+05 
1.43510057737149e-01 1.00336961303580e+05 
1.43695799619622e-01 1.00269887772411e+05 
1.43881584688339e-01 1.00203207299703e+05 
1.44067413341170e-01 1.00139137387485e+05 
1.44253270930179e-01 1.00075598249645e+05 
1.44439153266606e-01 1.00013148515364e+05 
1.44625062391269e-01 9.99512876142002e+04 
1.44811008147154e-01 9.98902187737648e+04 
1.44996991131340e-01 9.98293855932493e+04 
1.45183014418669e-01 9.97708349526762e+04 
1.45369063614504e-01 9.97127266292396e+04 
1.45555133997899e-01 9.96555093667404e+04 
1.45741228863353e-01 9.95987752970568e+04 
1.45927356295343e-01 9.95434303916852e+04 
1.46113515241535e-01 9.94875627531616e+04 
1.46299707735115e-01 9.94337754062409e+04 
1.46485918241720e-01 9.93808471320353e+04 
1.46672143837837e-01 9.93289748688324e+04 
1.46858387416359e-01 9.92779345336810e+04 
1.47044653910381e-01 9.92288717367525e+04 
1.47230943661754e-01 9.91795914822190e+04 
1.47417259155447e-01 9.91321713515742e+04 
1.47603585858088e-01 9.90862441258516e+04 
1.47789922519675e-01 9.90417390170726e+04 
1.47976273161196e-01 9.89985806691687e+04 
1.48162639246798e-01 9.89576783353478e+04 
1.48349022457816e-01 9.89175567501681e+04 
1.48535427816198e-01 9.88786979802417e+04 
1.48721843310116e-01 9.88421942662569e+04 
1.48908267623916e-01 9.88069894021584e+04 
1.49094704437528e-01 9.87727854986077e+04 
1.49281150738310e-01 9.87399827279038e+04 
1.49467607318597e-01 9.87083762282951e+04 
1.49654080139730e-01 9.86788681936589e+04 
1.49840558728000e-01 9.86509229978758e+04 
1.50027042367745e-01 9.86244073510829e+04 
1.50213534252632e-01 9.85990605388892e+04 
1.50400029025546e-01 9.85754343175834e+04 
1.50586527748166e-01 9.85529850401655e+04 
1.50773037174254e-01 9.85326695061540e+04 
1.50959548303370e-01 9.85144920000787e+04 
1.51146061969789e-01 9.84980817586888e+04 
1.51332581921596e-01 9.84835581885171e+04 
1.51519101043163e-01 9.84694471999878e+04 
1.51705620489168e-01 9.84592020724160e+04 
1.51892147711226e-01 9.84521353185987e+04 
1.52078674996191e-01 9.84483810338910e+04 
1.52265203633900e-01 9.84469347364885e+04 
1.52451737277636e-01 9.84502873621591e+04 
1.52638267250566e-01 9.84542309508419e+04 
1.52824795312452e-01 9.84583339763989e+04 
1.53011329868562e-01 9.84624406994604e+04 
1.53197863771796e-01 9.84677331850490e+04 
1.53384399415590e-01 9.84732651050867e+04 
1.53570938957376e-01 9.84793112698498e+04 
1.53757473171279e-01 9.84861722006034e+04 
1.53944004786358e-01 9.84940741348022e+04 
1.54130542242703e-01 9.85028353371940e+04 
1.54317077169940e-01 9.85131822259506e+04 
1.54503613726420e-01 9.85251466228706e+04 
1.54690153643254e-01 9.85381019711456e+04 
1.54876689199819e-01 9.85519306953382e+04 
1.55063225306095e-01 9.85663653142563e+04 
1.55249771500277e-01 9.85812829164816e+04 
1.55436320366439e-01 9.85965080173513e+04 
1.55622876306811e-01 9.86116608254259e+04 
1.55809440792806e-01 9.86268336138343e+04 
1.55996006356461e-01 9.86415616188282e+04 
1.56182578056057e-01 9.86563905946357e+04 
1.56369164758956e-01 9.86707005064211e+04 
1.56555759355983e-01 9.86853288905506e+04 
1.56742365586536e-01 9.86998254740456e+04 
1.56928984637215e-01 9.87144582700202e+04 
1.57115609566013e-01 9.87293717797077e+04 
1.57302244812562e-01 9.87445721386347e+04 
1.57488897982123e-01 9.87594628287577e+04 
1.57675562176031e-01 9.87748338090423e+04 
1.57862240712283e-01 9.87906213176937e+04 
1.58048934568624e-01 9.88064684101413e+04 
1.58235636431029e-01 9.88230554437685e+04 
1.58422350153594e-01 9.88400631700455e+04 
1.58609082087504e-01 9.88565789509362e+04 
1.58795825520850e-01 9.88741728789027e+04 
1.58982583869692e-01 9.88918912364708e+04 
1.59169357680656e-01 9.89104667748901e+04 
1.59356139573577e-01 9.89291239464199e+04 
1.59542933307529e-01 9.89483578648392e+04 
1.59729744247613e-01 9.89677269546013e+04 
1.59916565837493e-01 9.89874266266247e+04 
1.60103402169659e-01 9.90077014655715e+04 
1.60290252557826e-01 9.90292515957593e+04 
1.60477109373290e-01 9.90506929956856e+04 
1.60663976737098e-01 9.90723023657575e+04 
1.60850860335723e-01 9.90936509942420e+04 
1.61037753055840e-01 9.91154819791386e+04 
1.61224660003189e-01 9.91381008126718e+04 
1.61411579305014e-01 9.91606997948091e+04 
1.61598503438365e-01 9.91832076317883e+04 
1.61785437209128e-01 9.92062269559716e+04 
1.61972387362048e-01 9.92294248467149e+04 
1.62159347491814e-01 9.92532940330979e+04 
1.62346323858742e-01 9.92771615612990e+04 
1.62533314599889e-01 9.93014907788469e+04 
1.62720311806086e-01 9.93265487768556e+04 
1.62907320090284e-01 9.93520884037989e+04 
1.63094346912021e-01 9.93773436402224e+04 
1.63281387329225e-01 9.94033640810564e+04 
1.63468447770128e-01 9.94294377593043e+04 
1.63655526202208e-01 9.94560667907037e+04 
1.63842613329526e-01 9.94832492552037e+04 
1.64029712216490e-01 9.95105848401441e+04 
1.64216830145367e-01 9.95373688498634e+04 
1.64403964201138e-01 9.95643678988413e+04 
1.64591120286603e-01 9.95910436963155e+04 
1.64778295802385e-01 9.96177387381349e+04 
1.64965480034297e-01 9.96444252815487e+04 
1.65152674316821e-01 9.96710632099992e+04 
1.65339884803160e-01 9.96971273128891e+04 
1.65527108000526e-01 9.97230903763559e+04 
1.65714350229839e-01 9.97489098430955e+04 
1.65901608249051e-01 9.97746362795872e+04 
1.66088872897912e-01 9.98001387693510e+04 
1.66276145692813e-01 9.98255173705098e+04 
1.66463432365750e-01 9.98504570538749e+04 
1.66650728579427e-01 9.98753471913334e+04 
1.66838033516994e-01 9.99001123687663e+04 
1.67025340988697e-01 9.99249107944576e+04 
1.67212646425324e-01 9.99497335916497e+04 
1.67399953231719e-01 9.99746499044243e+04 
1.67587260413163e-01 9.99993489996908e+04 
1.67774565763158e-01 1.00024018075394e+05 
1.67961878062968e-01 1.00048471889315e+05 
1.68149191005217e-01 1.00072923586669e+05 
1.68336502695938e-01 1.00097364053436e+05 
1.68523817305667e-01 1.00121489159738e+05 
1.68711134473811e-01 1.00145016650438e+05 
1.68898451508282e-01 1.00168124087846e+05 
1.69085776872980e-01 1.00190677975970e+05 
1.69273103178939e-01 1.00212764595395e+05 
1.69460429782489e-01 1.00234329547388e+05 
1.69647761124076e-01 1.00255228855622e+05 
1.69835096819179e-01 1.00275292360377e+05 
1.70022434098659e-01 1.00294501260131e+05 
1.70209781184796e-01 1.00312685914777e+05 
1.70397130396257e-01 1.00330235457445e+05 
1.70584482153305e-01 1.00347002893046e+05 
1.70771841080637e-01 1.00363017828948e+05 
1.70959207051194e-01 1.00377831716647e+05 
1.71146577906947e-01 1.00391597733371e+05 
1.71333961483334e-01 1.00404606005121e+05 
1.71521350184096e-01 1.00416687521971e+05 
1.71708744557869e-01 1.00427691251684e+05 
1.71896148611134e-01 1.00437732854157e+05 
1.72083562161545e-01 1.00446914419012e+05 
1.72270983990659e-01 1.00454945604929e+05 
1.72458420979721e-01 1.00461841030754e+05 
1.72645864636082e-01 1.00467611315884e+05 
1.72833313745966e-01 1.00472414258395e+05 
1.73020771823489e-01 1.00476240932777e+05 
1.73208237927386e-01 1.00479353309074e+05 
1.73395710761232e-01 1.00481580134583e+05 
1.73583196956219e-01 1.00483235324917e+05 
1.73770686413364e-01 1.00484443158103e+05 
1.73958178205661e-01 1.00484575092517e+05 
1.74145676742396e-01 1.00484493057476e+05 
1.74333180768066e-01 1.00484462009472e+05 
1.74520689445075e-01 1.00483936953873e+05 
1.74708210173823e-01 1.00483509948010e+05 
1.74895732467796e-01 1.00482918831991e+05 
1.75083256061316e-01 1.00482079139252e+05 
1.75270786063700e-01 1.00481237531099e+05 
1.75458321464559e-01 1.00480405787340e+05 
1.75645862731958e-01 1.00479271182466e+05 
1.75833416473673e-01 1.00478010345391e+05 
1.76020970764084e-01 1.00476507862705e+05 
1.76208523613832e-01 1.00474673508212e+05 
1.76396079198343e-01 1.00472697004004e+05 
1.76583635048864e-01 1.00470683821717e+05 
1.76771188968435e-01 1.00468163643305e+05 
1.76958748407795e-01 1.00465559784470e+05 
1.77146300866223e-01 1.00462563319516e+05 
1.77333847917524e-01 1.00459225801699e+05 
1.77521396126184e-01 1.00455576022824e+05 
1.77708944848711e-01 1.00451738305190e+05 
1.77896493115830e-01 1.00447474084427e+05 
1.78084048699343e-01 1.00443030602738e+05 
1.78271598936242e-01 1.00438106491614e+05 
1.78459145677343e-01 1.00432673261730e+05 
1.78646695059536e-01 1.00426898555755e+05 
1.78834246337932e-01 1.00421036882129e+05 
1.79021798053193e-01 1.00414564519040e+05 
1.79209357681866e-01 1.00407869763636e+05 
1.79396911789708e-01 1.00400557767495e+05 
1.79584462328646e-01 1.00392701949009e+05 
1.79772015812746e-01 1.00384468738025e+05 
1.79959572405200e-01 1.00376217119651e+05 
1.80147130808761e-01 1.00367431520183e+05 
1.80334699151701e-01 1.00358442434887e+05 
1.80522264558846e-01 1.00349022450676e+05 
1.80709829810878e-01 1.00339263098143e+05 
1.80897401207149e-01 1.00329279199812e+05 
1.81084979007765e-01 1.00319275307160e+05 
1.81272562075942e-01 1.00308972827620e+05 
1.81460158236504e-01 1.00298566021737e+05 
1.81647754656216e-01 1.00287682455867e+05 
1.81835354344830e-01 1.00276736663879e+05 
1.82022963082722e-01 1.00265711116096e+05 
1.82210580758359e-01 1.00254780232149e+05 
1.82398205537062e-01 1.00243623265541e+05 
1.82585844753305e-01 1.00232333575192e+05 
1.82773485134407e-01 1.00220814161203e+05 
1.82961130258676e-01 1.00209250607889e+05 
1.83148785792693e-01 1.00197219800396e+05 
1.83336451556522e-01 1.00185433198265e+05 
1.83524124806100e-01 1.00173312641413e+05 
1.83711813457229e-01 1.00161248720274e+05 
1.83899504109025e-01 1.00148991874300e+05 
1.84087201124278e-01 1.00136485931837e+05 
1.84274910486386e-01 1.00123945736817e+05 
1.84462632294149e-01 1.00111646831295e+05 
1.84650364008418e-01 1.00098888604702e+05 
1.84838113915702e-01 1.00086242440852e+05 
1.85025868514696e-01 1.00073306610584e+05 
1.85213631830420e-01 1.00060224182986e+05 
1.85401409639673e-01 1.00047173101274e+05 
1.85589202180715e-01 1.00034293810194e+05 
1.85777006916216e-01 1.00021160012321e+05 
1.85964829196652e-01 1.00008194267101e+05 
1.86152658811374e-01 9.99950918757421e+04 
1.86340496898926e-01 9.99818715550452e+04 
1.86528351614340e-01 9.99687269737675e+04 
1.86716218985127e-01 9.99557706928370e+04 
1.86904097109277e-01 9.99426735404963e+04 
1.87091989553337e-01 9.99297721031902e+04 
1.87279890132268e-01 9.99168004217348e+04 
1.87467800785232e-01 9.99038219948129e+04 
1.87655730570353e-01 9.98910074452455e+04 
1.87843675763070e-01 9.98784183543230e+04 
1.88031634938882e-01 9.98657909439431e+04 
1.88219611428564e-01 9.98533873119097e+04 
1.88407599780855e-01 9.98409110605092e+04 
1.88584317491114e-01 9.98293120500204e+04 
1.88772340266455e-01 9.98171644445927e+04 
1.88960381505613e-01 9.98052545929994e+04 
1.89137483016023e-01 9.97940932243141e+04 
1.89325560403716e-01 9.97823645457664e+04 
1.89513652157753e-01 9.97707999216553e+04 
1.89701758959888e-01 9.97593666264052e+04 
1.89889888483996e-01 9.97480778826407e+04 
1.90078037038067e-01 9.97369361855466e+04 
1.90266202879255e-01 9.97258716284558e+04 
1.90454388452081e-01 9.97148884955510e+04 
1.90642587147446e-01 9.97040287842554e+04 
1.90830799966515e-01 9.96934557352727e+04 
1.91019035429001e-01 9.96830633314742e+04 
1.91207290348947e-01 9.96729160187010e+04 
1.91395562972689e-01 9.96629609236225e+04 
1.91583855905058e-01 9.96532264685584e+04 
1.91772162474573e-01 9.96436117029259e+04 
1.91960483586972e-01 9.96341950478139e+04 
1.92148827486043e-01 9.96250112315266e+04 
1.92337190849249e-01 9.96160811661461e+04 
1.92525572222640e-01 9.96072541922711e+04 
1.92713974134285e-01 9.95987112131766e+04 
1.92902390243770e-01 9.95903273235378e+04 
1.93090820748793e-01 9.95821292318187e+04 
1.93279273030046e-01 9.95742314818245e+04 
1.93467744207843e-01 9.95666586260720e+04 
1.93656233788669e-01 9.95592196186844e+04 
1.93844745340653e-01 9.95521153772058e+04 
1.94033273367664e-01 9.95451946253632e+04 
1.94221817725955e-01 9.95385214302689e+04 
1.94410385024053e-01 9.95321965830412e+04 
1.94598972811258e-01 9.95262358868812e+04 
1.94787580099467e-01 9.95204531097123e+04 
1.94976210540912e-01 9.95150889343942e+04 
1.95164858281378e-01 9.95096099677873e+04 
1.95353522738610e-01 9.95045450520216e+04 
1.95542209597970e-01 9.95000687849947e+04 
1.95730916256743e-01 9.94960151294398e+04 
1.95919641206486e-01 9.94922420236523e+04 
1.96108388680041e-01 9.94888061050997e+04 
1.96297153073196e-01 9.94856260883538e+04 
1.96485933581796e-01 9.94826704690810e+04 
1.96674735141077e-01 9.94799958953795e+04 
1.96863555309975e-01 9.94777328613143e+04 
1.97052392406204e-01 9.94753690110660e+04 
1.97241251048008e-01 9.94732326682025e+04 
1.97430125793070e-01 9.94711991383584e+04 
1.97619015512398e-01 9.94692096975203e+04 
1.97807924498783e-01 9.94672389079031e+04 
1.97996850586689e-01 9.94654237285640e+04 
1.98185791782365e-01 9.94637100280628e+04 
1.98374753458806e-01 9.94622125847260e+04 
1.98563730531591e-01 9.94609207637303e+04 
1.98752722140382e-01 9.94599124024449e+04 
1.98941732292100e-01 9.94592214546193e+04 
1.99130759121565e-01 9.94588640995296e+04 
1.99319800294927e-01 9.94588642662272e+04 
1.99508861551991e-01 9.94590850004368e+04 
1.99697937956542e-01 9.94596803240279e+04 
1.99887029053126e-01 9.94607132231912e+04 
2.00076138775264e-01 9.94620886093750e+04 
2.00265265392751e-01 9.94638090040249e+04 
