# Liste des scalaires : TEMPS pmat 
0.00000000000000e+00 1.00000000000000e+05 
5.42217668469038e-05 1.00000000000000e+05 
1.00821478578487e-04 1.00000000000000e+05 
1.36357409066234e-04 1.00000000000000e+05 
1.63414609388400e-04 1.00000000000000e+05 
1.85397873919505e-04 1.00000000000000e+05 
2.04369642400685e-04 1.00000000000000e+05 
2.21548627161053e-04 1.00000000000000e+05 
2.37661623995808e-04 1.00000000000000e+05 
2.55385920514038e-04 1.00000000000000e+05 
2.74882646684090e-04 1.00000000000000e+05 
2.96329045471149e-04 1.00000000000000e+05 
3.19920084136913e-04 1.00000000000000e+05 
3.45870226669253e-04 1.00000000000000e+05 
3.74415383454827e-04 1.00000000000000e+05 
4.05815055918959e-04 1.00000000000000e+05 
4.40354695629504e-04 1.00000000000000e+05 
4.78348299311104e-04 1.00000000000000e+05 
5.20141263360863e-04 1.00000000000000e+05 
5.66113523815599e-04 1.00000000000000e+05 
6.11766519519193e-04 1.00000000000000e+05 
6.58581622022395e-04 1.00000000000000e+05 
7.06792108821593e-04 1.00000000000000e+05 
7.56679480949659e-04 1.00000000000000e+05 
8.08630492651537e-04 1.00000000000000e+05 
8.62115123789848e-04 1.00000000000000e+05 
9.13244591904380e-04 1.00000000000000e+05 
9.66034410435551e-04 1.00000000000000e+05 
1.02046089551137e-03 1.00000000000000e+05 
1.07671400304134e-03 1.00000000000000e+05 
1.13483618443487e-03 1.00000000000000e+05 
1.19019593030358e-03 1.00000000000000e+05 
1.24706772759727e-03 1.00000000000000e+05 
1.30555240275839e-03 1.00000000000000e+05 
1.36566406173080e-03 1.00000000000000e+05 
1.42752382184823e-03 1.00000000000000e+05 
1.49140094031850e-03 1.00000000000000e+05 
1.55731426889088e-03 1.00000000000000e+05 
1.62068368542527e-03 1.00000000000000e+05 
1.68418692763907e-03 1.00000000000000e+05 
1.74904544430166e-03 1.00000000000000e+05 
1.81574902999635e-03 1.00000000000000e+05 
1.88369204926735e-03 1.00000000000000e+05 
1.95352014706148e-03 1.00000000000000e+05 
2.02188917896326e-03 1.00000000000000e+05 
2.09009511279257e-03 1.00000000000000e+05 
2.15903613548102e-03 1.00000000000000e+05 
2.22933545019330e-03 1.00000000000000e+05 
2.30103883049817e-03 1.00000000000000e+05 
2.37413449120733e-03 1.00000000000000e+05 
2.44889610151581e-03 1.00000000000000e+05 
2.52531087074723e-03 1.00000000000000e+05 
2.60211407443517e-03 1.00000000000000e+05 
2.67630398872536e-03 1.00000000000000e+05 
2.75158051448397e-03 1.00000000000000e+05 
2.82808913266869e-03 1.00000000000000e+05 
2.90591861695341e-03 1.00000000000000e+05 
2.98511331493795e-03 1.00000000000000e+05 
3.06478521726611e-03 1.00000000000000e+05 
3.14183563092447e-03 1.00000000000000e+05 
3.22036771498657e-03 1.00000000000000e+05 
3.30035615825901e-03 1.00000000000000e+05 
3.38139624401755e-03 1.00000000000000e+05 
3.46336356979996e-03 1.00000000000000e+05 
3.54537062390966e-03 1.00000000000000e+05 
3.62859929712625e-03 1.00000000000000e+05 
3.71280086221587e-03 1.00000000000000e+05 
3.79806805779795e-03 1.00000000000000e+05 
3.88443057873814e-03 1.00000000000000e+05 
3.97187352724134e-03 1.00000000000000e+05 
4.05930817226802e-03 1.00000000000000e+05 
4.14806580169549e-03 1.00000000000000e+05 
4.23817552129693e-03 1.00000000000000e+05 
4.32961090321533e-03 1.00000000000000e+05 
4.42251676265662e-03 1.00000000000000e+05 
4.51690491725638e-03 1.00000000000000e+05 
4.61125271702518e-03 1.00000000000000e+05 
4.70735251736516e-03 1.00000000000000e+05 
4.80390673324133e-03 1.00000000000000e+05 
4.89982871776579e-03 1.00000000000000e+05 
4.99364035244768e-03 1.00000000000000e+05 
5.08788719973348e-03 1.00000000000000e+05 
5.18170121052995e-03 1.00000000000000e+05 
5.27636016554413e-03 1.00000000000000e+05 
5.37177050715636e-03 1.00000000000000e+05 
5.46702224384101e-03 1.00000000000000e+05 
5.56050738238990e-03 1.00000000000000e+05 
5.65480511056267e-03 1.00000000000000e+05 
5.74841434707001e-03 1.00000000000000e+05 
5.84292503491081e-03 1.00000000000000e+05 
5.93743696583242e-03 1.00000000000000e+05 
6.03215840946333e-03 1.00000000000000e+05 
6.12668776456438e-03 1.00000000000000e+05 
6.22172003999570e-03 1.00000000000000e+05 
6.31670220596399e-03 1.00000000000000e+05 
6.41201405272334e-03 1.00000000000000e+05 
6.50744379772976e-03 1.00000000000000e+05 
6.60305105944995e-03 1.00000000000000e+05 
6.69871072641912e-03 1.00000000000000e+05 
6.79438205576129e-03 1.00000000000000e+05 
6.89008988361544e-03 1.00000000000000e+05 
6.98581607490466e-03 1.00000000000000e+05 
7.08162591876773e-03 1.00000000000000e+05 
7.17746112063715e-03 1.00000000000000e+05 
7.27337360069733e-03 1.00000000000000e+05 
7.36930184131569e-03 1.00000000000000e+05 
7.46526176713235e-03 1.00000000000000e+05 
7.56098771400526e-03 1.00000000000000e+05 
7.65703623601105e-03 1.00000000000000e+05 
7.75310296870995e-03 1.00000000000000e+05 
7.84923537168643e-03 1.00000000000000e+05 
7.94536083629906e-03 1.00000000000000e+05 
8.04149531848078e-03 1.00000000000000e+05 
8.13836891846638e-03 1.00000000000000e+05 
8.23538367639694e-03 1.00000000000000e+05 
8.33244158043405e-03 1.00000000000000e+05 
8.42954600382386e-03 1.00000000000000e+05 
8.52650641784390e-03 1.00000000000000e+05 
8.62344653878929e-03 1.00000000000000e+05 
8.72030768987836e-03 1.00000000000000e+05 
8.81708847636669e-03 1.00000000000000e+05 
8.91383638599080e-03 1.00000000000000e+05 
9.01061837816415e-03 1.00000000000000e+05 
9.10727160911250e-03 1.00000000000000e+05 
9.20409758494399e-03 1.00000000000000e+05 
9.30084108431210e-03 1.00000000000000e+05 
9.39763081721621e-03 1.00000000000000e+05 
9.49437515722912e-03 1.00000000000000e+05 
9.59113493660532e-03 1.00000000000000e+05 
9.68768168871694e-03 1.00000000000000e+05 
9.78426793345124e-03 1.00000000000000e+05 
9.88083946110949e-03 1.00000000000000e+05 
9.97751520977341e-03 1.00000000000000e+05 
1.00741797405717e-02 1.00000000000000e+05 
1.01708876647850e-02 1.00000000000000e+05 
1.02674052250460e-02 1.00000000000000e+05 
1.03639608930384e-02 1.00000000000000e+05 
1.04604871843090e-02 1.00000000000000e+05 
1.05571216482605e-02 1.00000000000000e+05 
1.06537551019673e-02 1.00000000000000e+05 
1.07504223229316e-02 1.00000000000000e+05 
1.08469063634917e-02 1.00000000000000e+05 
1.09434395911730e-02 1.00000000000000e+05 
1.10399816617267e-02 1.00000000000000e+05 
1.11366192524779e-02 1.00000000000000e+05 
1.12332595911300e-02 1.00000000000000e+05 
1.13297900520005e-02 1.00000000000000e+05 
1.14263945390033e-02 1.00000000000000e+05 
1.15230434413723e-02 1.00000000000000e+05 
1.16196908267393e-02 1.00000000000000e+05 
1.17163185913663e-02 1.00000000000000e+05 
1.18129124709782e-02 1.00000000000000e+05 
1.19093887733518e-02 1.00000000000000e+05 
1.20059770216642e-02 1.00000000000000e+05 
1.21026188367920e-02 1.00000000000000e+05 
1.21992489736901e-02 1.00000000000000e+05 
1.22958775617841e-02 1.00000000000000e+05 
1.23924659149536e-02 1.00000000000000e+05 
1.24889738563923e-02 1.00000000000000e+05 
1.25855008544949e-02 1.00000000000000e+05 
1.26820369931959e-02 1.00000000000000e+05 
1.27785735273731e-02 1.00000000000000e+05 
1.28751348316010e-02 1.00000000000000e+05 
1.29711605404583e-02 1.00000000000000e+05 
1.30676302012415e-02 1.00000000000000e+05 
1.31637066512404e-02 1.00000000000000e+05 
1.32598063714908e-02 1.00000000000000e+05 
1.33559392919156e-02 1.00000000000000e+05 
1.34526563598586e-02 1.00000000000000e+05 
1.35488371615418e-02 1.00000000000000e+05 
1.36451300983408e-02 1.00000000000000e+05 
1.37413644677127e-02 1.00000000000000e+05 
1.38376297741078e-02 1.00000000000000e+05 
1.39339292036788e-02 1.00000000000000e+05 
1.40302610875430e-02 1.00000000000000e+05 
1.41266215412010e-02 1.00000000000000e+05 
1.42231035438288e-02 1.00000000000000e+05 
1.43195107289391e-02 1.00000000000000e+05 
1.44159352428363e-02 1.00000000000000e+05 
1.45123943653039e-02 1.00000000000000e+05 
1.46088794338205e-02 1.00000000000000e+05 
1.47053932658327e-02 1.00000000000000e+05 
1.48020084908215e-02 1.00000000000000e+05 
1.48985638120793e-02 1.00000000000000e+05 
1.49951380974206e-02 1.00000000000000e+05 
1.50917536270182e-02 1.00000000000000e+05 
1.51883859538621e-02 1.00000000000000e+05 
1.52850320315105e-02 1.00000000000000e+05 
1.53816979940644e-02 1.00000000000000e+05 
1.54783671006771e-02 1.00000000000000e+05 
1.55750401533418e-02 1.00000000000000e+05 
1.56717454918546e-02 1.00000000000000e+05 
1.57684598013711e-02 1.00000000000000e+05 
1.58651862051128e-02 1.00000000000000e+05 
1.59618513007935e-02 1.00000000000000e+05 
1.60585611270490e-02 1.00000000000000e+05 
1.61552884733619e-02 1.00000000000000e+05 
1.62520353180193e-02 1.00000000000000e+05 
1.63488023385054e-02 1.00000000000000e+05 
1.64455463414228e-02 1.00000000000000e+05 
1.65422164890120e-02 1.00000000000000e+05 
1.66389426975691e-02 1.00000000000000e+05 
1.67356970254917e-02 1.00000000000000e+05 
1.68324631881087e-02 1.00000000000000e+05 
1.69292413403124e-02 1.00000000000000e+05 
1.70259911773853e-02 1.00000000000000e+05 
1.71226569851282e-02 1.00000000000000e+05 
1.72193955122376e-02 1.00000000000000e+05 
1.73161601799618e-02 1.00000000000000e+05 
1.74129238428227e-02 1.00000000000000e+05 
1.75096781705005e-02 1.00000000000000e+05 
1.76063821376223e-02 1.00000000000000e+05 
1.77029953208307e-02 1.00000000000000e+05 
1.77996880317806e-02 1.00000000000000e+05 
1.78964116445482e-02 1.00000000000000e+05 
1.79931418705229e-02 1.00000000000000e+05 
1.80898687445123e-02 1.00000000000000e+05 
1.81865461994372e-02 1.00000000000000e+05 
1.82831271040539e-02 1.00000000000000e+05 
1.83797683596518e-02 1.00000000000000e+05 
1.84764413460396e-02 1.00000000000000e+05 
1.85731305092576e-02 1.00000000000000e+05 
1.86698188957350e-02 1.00000000000000e+05 
1.87664804396097e-02 1.00000000000000e+05 
1.88630437521496e-02 1.00000000000000e+05 
1.89596832983299e-02 1.00000000000000e+05 
1.90563542488070e-02 1.00000000000000e+05 
1.91530379387786e-02 1.00000000000000e+05 
1.92497178542231e-02 1.00000000000000e+05 
1.93463658457843e-02 1.00000000000000e+05 
1.94429049685535e-02 1.00000000000000e+05 
1.95395177230373e-02 1.00000000000000e+05 
1.96361600220748e-02 1.00000000000000e+05 
1.97327503769202e-02 1.00000000000000e+05 
1.98293276264721e-02 1.00000000000000e+05 
1.99259095565097e-02 1.00000000000000e+05 
2.00224336343896e-02 1.00000000000000e+05 
2.01189594552706e-02 1.00000000000000e+05 
2.02154828297869e-02 1.00000000000000e+05 
2.03120075223769e-02 1.00000000000000e+05 
2.04085333456887e-02 1.00000000000000e+05 
2.05050345892687e-02 1.00000000000000e+05 
2.06014323935255e-02 1.00000000000000e+05 
2.06979258006529e-02 1.00000000000000e+05 
2.07944548743464e-02 1.00000000000000e+05 
2.08910107706769e-02 1.00000000000000e+05 
2.09875795047220e-02 1.00000000000000e+05 
2.10841289918724e-02 1.00000000000000e+05 
2.11805800014471e-02 1.00000000000000e+05 
2.12771375615058e-02 1.00000000000000e+05 
2.13737395649520e-02 1.00000000000000e+05 
2.14703734652642e-02 1.00000000000000e+05 
2.15670202702477e-02 1.00000000000000e+05 
2.16636579696965e-02 1.00000000000000e+05 
2.17602208183740e-02 1.00000000000000e+05 
2.18568163094905e-02 1.00000000000000e+05 
2.19534097452335e-02 1.00000000000000e+05 
2.20500101038533e-02 1.00000000000000e+05 
2.21466147132432e-02 1.00000000000000e+05 
2.22432045820692e-02 1.00000000000000e+05 
2.23396978031151e-02 1.00000000000000e+05 
2.24363030479854e-02 1.00000000000000e+05 
2.25328470123832e-02 1.00000000000000e+05 
2.26294963559624e-02 1.00000000000000e+05 
2.27261437293743e-02 1.00000000000000e+05 
2.28227688291014e-02 1.00000000000000e+05 
2.29192935817287e-02 1.00000000000000e+05 
2.30159352232024e-02 1.00000000000000e+05 
2.31126115778957e-02 1.00000000000000e+05 
2.32093190084888e-02 1.00000000000000e+05 
2.33060436522265e-02 1.00000000000000e+05 
2.34027646285753e-02 1.00000000000000e+05 
2.34993956769175e-02 1.00000000000000e+05 
2.35961596768249e-02 1.00000000000000e+05 
2.36929644963879e-02 1.00000000000000e+05 
2.37897143602041e-02 1.00000000000000e+05 
2.38864623005997e-02 1.00000000000000e+05 
2.39833355431694e-02 1.00000000000000e+05 
2.40801244754468e-02 1.00000000000000e+05 
2.41770549500270e-02 1.00000000000000e+05 
2.42740397884076e-02 1.00000000000000e+05 
2.43708496553011e-02 1.00000000000000e+05 
2.44676579436113e-02 1.00000000000000e+05 
2.45644603393932e-02 1.00000000000000e+05 
2.46613301810611e-02 1.00000000000000e+05 
2.47584353482198e-02 1.00000000000000e+05 
2.48555531775664e-02 1.00000000000000e+05 
2.49523874450505e-02 1.00000000000000e+05 
2.50492229818775e-02 1.00000000000000e+05 
2.51460195064258e-02 1.00000000000000e+05 
2.52429103916783e-02 1.00000000000000e+05 
2.53401640114911e-02 1.00000000000000e+05 
2.54374286419657e-02 1.00000000000000e+05 
2.55347608208672e-02 1.00000000000000e+05 
2.56321423076359e-02 1.00000000000000e+05 
2.57295780619308e-02 1.00000000000000e+05 
2.58269786227023e-02 1.00000000000000e+05 
2.59240215319590e-02 1.00000000000000e+05 
2.60215742999147e-02 1.00000000000000e+05 
2.61191996535805e-02 1.00000000000000e+05 
2.62162738470633e-02 1.00000000000000e+05 
2.63139927342158e-02 1.00000000000000e+05 
2.64111725499444e-02 1.00000000000000e+05 
2.65083118827966e-02 1.00000000000000e+05 
2.66061705596313e-02 1.00000000000000e+05 
2.67041257982413e-02 1.00000000000000e+05 
2.68012911021523e-02 1.00000000000000e+05 
2.68993849920776e-02 1.00000000000000e+05 
2.69966528481694e-02 1.00000000000000e+05 
2.70938738671653e-02 1.00000000000000e+05 
2.71921867172151e-02 1.00000000000000e+05 
2.72906275187561e-02 1.00000000000000e+05 
2.73879038074088e-02 1.00000000000000e+05 
2.74856105732384e-02 1.00000000000000e+05 
2.75830318042909e-02 1.00000000000000e+05 
2.76804185275995e-02 1.00000000000000e+05 
2.77782135589889e-02 1.00000000000000e+05 
2.78760307117448e-02 1.00000000000000e+05 
2.79734821377431e-02 1.00000000000000e+05 
2.80713472122633e-02 1.00000000000000e+05 
2.81689366377011e-02 1.00000000000000e+05 
2.82664887851363e-02 1.00000000000000e+05 
2.83640430266718e-02 1.00000000000000e+05 
2.84612685821758e-02 1.00000000000000e+05 
2.85588780261007e-02 1.00000000000000e+05 
2.86564910414507e-02 1.00000000000000e+05 
2.87531152687229e-02 1.00000000000000e+05 
2.88508186630839e-02 1.00000000000000e+05 
2.89475406875041e-02 1.00000000000000e+05 
2.90452804103733e-02 1.00000000000000e+05 
2.91430850013477e-02 1.00000000000000e+05 
2.92409181510222e-02 1.00000000000000e+05 
2.93380349878851e-02 1.00000000000000e+05 
2.94359754997437e-02 1.00000000000000e+05 
2.95332178234227e-02 1.00000000000000e+05 
2.96311926601781e-02 1.00000000000000e+05 
2.97291949742126e-02 1.00000000000000e+05 
2.98272102935864e-02 1.00000000000000e+05 
2.99249030267499e-02 1.00000000000000e+05 
3.00230022628969e-02 1.00000000000000e+05 
3.01208811712645e-02 1.00000000000000e+05 
3.02190191600844e-02 1.00000000000000e+05 
3.03171708418376e-02 1.00000000000000e+05 
3.04153390731732e-02 1.00000000000000e+05 
3.05136307506360e-02 1.00000000000000e+05 
3.06118814189527e-02 1.00000000000000e+05 
3.07101673381584e-02 1.00000000000000e+05 
3.08085025675440e-02 1.00000000000000e+05 
3.09068399328516e-02 1.00000000000000e+05 
3.10052080404508e-02 1.00000000000000e+05 
3.11036983586794e-02 1.00000000000000e+05 
3.12021347000688e-02 1.00000000000000e+05 
3.13006450946052e-02 1.00000000000000e+05 
3.13979947817937e-02 1.00000000000000e+05 
3.14954333242142e-02 1.00000000000000e+05 
3.15928692574142e-02 1.00000000000000e+05 
3.16904019497899e-02 1.00000000000000e+05 
3.17881178476425e-02 1.00000000000000e+05 
3.18858407357541e-02 1.00000000000000e+05 
3.19833552281208e-02 1.00000000000000e+05 
3.20809595821805e-02 1.00000000000000e+05 
3.21785621411211e-02 1.00000000000005e+05 
3.22762652969911e-02 1.00000000001826e+05 
3.23739185662004e-02 1.00000000014521e+05 
3.24716182315595e-02 1.00000000040033e+05 
3.25693039985190e-02 1.00000000084199e+05 
3.26671189342628e-02 1.00000000147360e+05 
3.27649451576579e-02 1.00000000338448e+05 
3.28628803785829e-02 1.00000000662212e+05 
3.29607617368442e-02 1.00000001007780e+05 
3.30587617935153e-02 1.00000001387231e+05 
3.31567652586034e-02 1.00000001792145e+05 
3.32548363863323e-02 1.00000002212908e+05 
3.33529375796233e-02 1.00000002645344e+05 
3.34511292875536e-02 1.00000002876406e+05 
3.35493580134128e-02 1.00000003108554e+05 
3.36476101460140e-02 1.00000003347146e+05 
3.37458323384419e-02 1.00000003554834e+05 
3.38440955700314e-02 1.00000003764083e+05 
3.39423262504467e-02 1.00000003987964e+05 
3.40406011534488e-02 1.00000004225973e+05 
3.41388191375723e-02 1.00000004469288e+05 
3.42370493333698e-02 1.00000004689279e+05 
3.43352622960654e-02 1.00000004883032e+05 
3.44335318642517e-02 1.00000005061691e+05 
3.45318099488183e-02 1.00000005295018e+05 
3.46301730521999e-02 1.00000005518284e+05 
3.47285190101129e-02 1.00000005701113e+05 
3.48271526462581e-02 1.00000005856627e+05 
3.49257905854068e-02 1.00000006238364e+05 
3.50244600506293e-02 1.00000006710744e+05 
3.51231357320626e-02 1.00000008630474e+05 
3.52219164589768e-02 1.00000013643433e+05 
3.53207547200419e-02 1.00000025187257e+05 
3.54196199917325e-02 1.00000045146808e+05 
3.55185328792534e-02 1.00000074965872e+05 
3.56175224004802e-02 1.00000115889623e+05 
3.57165957382139e-02 1.00000169462532e+05 
3.58157506607072e-02 1.00000236873435e+05 
3.59151219479037e-02 1.00000319397308e+05 
3.60142627719723e-02 1.00000415045339e+05 
3.61139090579277e-02 1.00000524928496e+05 
3.62137705775138e-02 1.00000649471373e+05 
3.63138764889293e-02 1.00000789787626e+05 
3.64128312467165e-02 1.00000944128639e+05 
3.65117560660484e-02 1.00001113991111e+05 
3.66107485744024e-02 1.00001299897779e+05 
3.67097881346496e-02 1.00001501961454e+05 
3.68089342519863e-02 1.00001720222749e+05 
3.69081491588879e-02 1.00001954471970e+05 
3.70075055492187e-02 1.00002205031778e+05 
3.71068587259942e-02 1.00002469017984e+05 
3.72062891917110e-02 1.00002745398753e+05 
3.73057498575258e-02 1.00003033636008e+05 
3.74052815873003e-02 1.00003330793868e+05 
3.75048400448654e-02 1.00003634831220e+05 
3.76045372029386e-02 1.00003943143766e+05 
3.77042481033719e-02 1.00004250612843e+05 
3.78040277292212e-02 1.00004552919130e+05 
3.79038288137463e-02 1.00004847684197e+05 
3.80037048676276e-02 1.00005132444921e+05 
3.81036215582387e-02 1.00005402569324e+05 
3.82036372990349e-02 1.00005654148609e+05 
3.83036653695734e-02 1.00005888068377e+05 
3.84037521632065e-02 1.00006051824036e+05 
3.85038474658319e-02 1.00006226617760e+05 
3.86040083766674e-02 1.00006413666065e+05 
3.87042146398753e-02 1.00006617962395e+05 
3.88045480567923e-02 1.00006835042121e+05 
3.89048915164702e-02 1.00007056606891e+05 
3.90052957671367e-02 1.00007251331009e+05 
3.91057291312528e-02 1.00007420781031e+05 
3.92062245492942e-02 1.00007560980214e+05 
3.93067806965785e-02 1.00007778328631e+05 
3.94074810237377e-02 1.00007944239095e+05 
3.95082232253443e-02 1.00008282365548e+05 
3.96090563221343e-02 1.00008675580235e+05 
3.97099390898867e-02 1.00009031791520e+05 
3.98108830444538e-02 1.00009952818046e+05 
3.99119001946681e-02 1.00026320610924e+05 
4.00130642559040e-02 1.00061895318152e+05 
4.01142659040428e-02 1.00121398040077e+05 
4.02155722271018e-02 1.00208228587555e+05 
4.03169520242681e-02 1.00326474256097e+05 
4.04184225544434e-02 1.00480457126533e+05 
4.05199967818279e-02 1.00672833064042e+05 
4.06217608589547e-02 1.00904333085337e+05 
4.07235910781569e-02 1.01168312314106e+05 
4.08255742085799e-02 1.01464668793112e+05 
4.09276303299285e-02 1.01793507048367e+05 
4.10298094196787e-02 1.02153265600177e+05 
4.11321643250690e-02 1.02542486724472e+05 
4.12347859422575e-02 1.02959500384171e+05 
4.13376154214175e-02 1.03400441204754e+05 
4.14407867088320e-02 1.03864493518185e+05 
4.15441380027912e-02 1.04348033918647e+05 
4.16475336681903e-02 1.04846657197765e+05 
4.17509689370096e-02 1.05355650974504e+05 
4.18544362563217e-02 1.05869579275309e+05 
4.19577841370134e-02 1.06382926510300e+05 
4.20612147560254e-02 1.06892378625814e+05 
4.21647658257405e-02 1.07405785300488e+05 
4.22683098427379e-02 1.07904221543003e+05 
4.23719111080198e-02 1.08381663115387e+05 
4.24755506585370e-02 1.08831523074099e+05 
4.25790608860947e-02 1.09247668583828e+05 
4.26826755688382e-02 1.09639081553492e+05 
4.27864390796406e-02 1.10002541432134e+05 
4.28902487973273e-02 1.10384274915466e+05 
4.29941408838276e-02 1.10700233364129e+05 
4.30980615609357e-02 1.10955589429184e+05 
4.32018912243073e-02 1.11158294680833e+05 
4.33058177893653e-02 1.11314873659882e+05 
4.34097964387999e-02 1.11432241537269e+05 
4.35137704472828e-02 1.11511407781658e+05 
4.36177575528451e-02 1.11547801229652e+05 
4.37217481841955e-02 1.11514151621564e+05 
4.38257566302979e-02 1.11471032952265e+05 
4.39297923033018e-02 1.11428997006959e+05 
4.40338478529663e-02 1.11384881937796e+05 
4.41379024160871e-02 1.11341257834741e+05 
4.42419725327488e-02 1.11290821464475e+05 
4.43460525346028e-02 1.11233680045961e+05 
4.44501416241291e-02 1.11167401621542e+05 
4.45542669141347e-02 1.11092133728060e+05 
4.46584298831667e-02 1.11005369801471e+05 
4.47626154144515e-02 1.10905083293083e+05 
4.48668269726131e-02 1.10792051170093e+05 
4.49710540090536e-02 1.10665229296928e+05 
4.50752836161200e-02 1.10526713302654e+05 
4.51795302479589e-02 1.10379874125897e+05 
4.52837773644782e-02 1.10224333670168e+05 
4.53879946894959e-02 1.10061438517547e+05 
4.54921931960095e-02 1.09890210496186e+05 
4.55963739475484e-02 1.09712155035650e+05 
4.57005621884661e-02 1.09527792217443e+05 
4.58047875646941e-02 1.09337651803816e+05 
4.59090519236372e-02 1.09142920667947e+05 
4.60133353306827e-02 1.08944568928549e+05 
4.61176473454782e-02 1.08742961316743e+05 
4.62219652883827e-02 1.08539586319189e+05 
4.63262965588131e-02 1.08334772195478e+05 
4.64306726621264e-02 1.08128748071860e+05 
4.65351016388137e-02 1.07922176007532e+05 
4.66395578205761e-02 1.07715799591828e+05 
4.67440705413582e-02 1.07509885993094e+05 
4.68486525258990e-02 1.07305057328391e+05 
4.69532993478811e-02 1.07101483033171e+05 
4.70579774680753e-02 1.06899358160844e+05 
4.71627353080215e-02 1.06698977161916e+05 
4.72675357166592e-02 1.06501505456367e+05 
4.73723719440026e-02 1.06307094853289e+05 
4.74772717741616e-02 1.06116335173250e+05 
4.75822451663427e-02 1.05929242755294e+05 
4.76872908947532e-02 1.05745765170170e+05 
4.77924251884172e-02 1.05563553681975e+05 
4.78976262829507e-02 1.05386665800200e+05 
4.80028865199378e-02 1.05214706409178e+05 
4.81082021093568e-02 1.05047842083939e+05 
4.82135724511719e-02 1.04885514798273e+05 
4.83189750537132e-02 1.04727358358719e+05 
4.84244298596299e-02 1.04573221136003e+05 
4.85299186133704e-02 1.04423216270896e+05 
4.86354350286846e-02 1.04280113908794e+05 
4.87409845306119e-02 1.04140103080670e+05 
4.88465711944692e-02 1.04002017539584e+05 
4.89521806975749e-02 1.03866074205079e+05 
4.90578390574757e-02 1.03732516217412e+05 
4.91635417944325e-02 1.03601269997396e+05 
4.92692914409314e-02 1.03471735105924e+05 
4.93750872259752e-02 1.03345541072850e+05 
4.94809372792648e-02 1.03221909720452e+05 
4.95868305445213e-02 1.03100999229933e+05 
4.96927992188744e-02 1.02983030526879e+05 
4.97988275676026e-02 1.02867841874743e+05 
4.99048182222318e-02 1.02755185352686e+05 
5.00108105029433e-02 1.02645349814879e+05 
5.01168792685988e-02 1.02538627986578e+05 
5.02229597039412e-02 1.02434167546404e+05 
5.03291873045767e-02 1.02332627863884e+05 
5.04355743106342e-02 1.02234772585389e+05 
5.05421133177010e-02 1.02138849605449e+05 
5.06487283863320e-02 1.02045322509615e+05 
5.07554520510996e-02 1.01953853451433e+05 
5.08623597850858e-02 1.01864177742282e+05 
5.09693645396933e-02 1.01776175470537e+05 
5.10764636582136e-02 1.01690100923917e+05 
5.11836127915548e-02 1.01604988090582e+05 
5.12908860854684e-02 1.01521438981756e+05 
5.13981359073003e-02 1.01439283055866e+05 
5.15054401075664e-02 1.01358470485658e+05 
5.16128350326939e-02 1.01278806396645e+05 
5.17203365574133e-02 1.01200378875126e+05 
5.18279252946687e-02 1.01122576155518e+05 
5.19356834344687e-02 1.01045822996840e+05 
5.20434933539187e-02 1.00970054124912e+05 
5.21513904829263e-02 1.00895186376951e+05 
5.22594112034940e-02 1.00821076291770e+05 
5.23675805670606e-02 1.00747909886066e+05 
5.24758772761770e-02 1.00675161463742e+05 
5.25810481309649e-02 1.00605654129507e+05 
5.26871149031390e-02 1.00536544799717e+05 
5.27923406044645e-02 1.00468931419132e+05 
5.28998372655715e-02 1.00400751712136e+05 
5.30080160223713e-02 1.00333258113926e+05 
5.31161922414186e-02 1.00266407811691e+05 
5.32215902610413e-02 1.00202394324467e+05 
5.33260106063653e-02 1.00139979317151e+05 
5.34315138385439e-02 1.00078017835445e+05 
5.35389617705169e-02 1.00015989537394e+05 
5.36434821687350e-02 9.99568982052200e+04 
5.37517483715054e-02 9.98965120923848e+04 
5.38563244255912e-02 9.98395120251505e+04 
5.39609148957660e-02 9.97837872441612e+04 
5.40665123314822e-02 9.97287807525847e+04 
5.41736994010548e-02 9.96740094088105e+04 
5.42783420945149e-02 9.96218725020488e+04 
5.43865056293145e-02 9.95688759768093e+04 
5.44911861695887e-02 9.95188955403060e+04 
5.45958817095529e-02 9.94705525557235e+04 
5.47016014191598e-02 9.94226380047144e+04 
5.48087642940321e-02 9.93749823939826e+04 
5.49135065275613e-02 9.93294546978883e+04 
5.50217637780960e-02 9.92833670814486e+04 
5.51265305965020e-02 9.92398025951996e+04 
5.52313058470206e-02 9.91974307208085e+04 
5.53372660849616e-02 9.91556784507432e+04 
5.54446186777772e-02 9.91140241515752e+04 
5.55494289273096e-02 9.90750138061350e+04 
5.56579976511249e-02 9.90347846147814e+04 
5.57628190347541e-02 9.89975470589623e+04 
5.58676275324712e-02 9.89613710761698e+04 
5.59722036014545e-02 9.89260874608271e+04 
5.60768351817963e-02 9.88913580130417e+04 
5.61815245419799e-02 9.88571927512462e+04 
5.62862798546495e-02 9.88236276214384e+04 
5.63911291406439e-02 9.87904524502914e+04 
5.64959997660590e-02 9.87576874122581e+04 
5.66009315818548e-02 9.87255873593742e+04 
5.67059030519555e-02 9.86940233561287e+04 
5.68108508370182e-02 9.86631010352247e+04 
5.69158671844497e-02 9.86324301452635e+04 
5.70208618337391e-02 9.86022898854544e+04 
5.71258729970872e-02 9.85727421186434e+04 
5.72309026645035e-02 9.85436908584708e+04 
5.73360430914315e-02 9.85149577103695e+04 
5.74411318600696e-02 9.84866968666687e+04 
5.75462358438368e-02 9.84582661447383e+04 
5.76513778345870e-02 9.84305161213267e+04 
5.77565421130304e-02 9.84027701743664e+04 
5.78617206154287e-02 9.83755619757383e+04 
5.79669302082313e-02 9.83482850507341e+04 
5.80721783579815e-02 9.83213013040743e+04 
5.81774472528729e-02 9.82945806667810e+04 
5.82827614453423e-02 9.82677485504434e+04 
5.83881163283621e-02 9.82414853034021e+04 
5.84935076945650e-02 9.82152919039340e+04 
5.85989458459267e-02 9.81888487434015e+04 
5.87044410232509e-02 9.81626763130828e+04 
5.88099639156721e-02 9.81366940575382e+04 
5.89155360814534e-02 9.81106761888291e+04 
5.90211322702960e-02 9.80850985178357e+04 
5.91267394955104e-02 9.80596002651769e+04 
5.92323658130576e-02 9.80339721253344e+04 
5.93380175535399e-02 9.80086326103003e+04 
5.94436606434648e-02 9.79835461926774e+04 
5.95493492986690e-02 9.79584896430048e+04 
5.96550386744512e-02 9.79339141188615e+04 
5.97607010826482e-02 9.79094683863725e+04 
5.98663373002064e-02 9.78849399161331e+04 
5.99720066422086e-02 9.78607251698576e+04 
6.00776072712818e-02 9.78367965277409e+04 
6.01832717690992e-02 9.78129195374810e+04 
6.02889273296928e-02 9.77895280180210e+04 
6.03945380745587e-02 9.77662747579928e+04 
6.05000648766525e-02 9.77429540229657e+04 
6.06056713634461e-02 9.77199177356666e+04 
6.07111370665396e-02 9.76971138573675e+04 
6.08166897043554e-02 9.76743108002073e+04 
6.09222180282135e-02 9.76519320914435e+04 
6.10276998389258e-02 9.76296573046220e+04 
6.11330485509289e-02 9.76072706712375e+04 
6.12385301971141e-02 9.75850781935565e+04 
6.13438712316813e-02 9.75629475859997e+04 
6.14493641042479e-02 9.75408448027195e+04 
6.15548459110396e-02 9.75189535549257e+04 
6.16602897692209e-02 9.74972015424072e+04 
6.17657825135819e-02 9.74753790275767e+04 
6.18713388200719e-02 9.74537246526888e+04 
6.19769935419287e-02 9.74319504701496e+04 
6.20827320407536e-02 9.74102137169336e+04 
6.21884854007596e-02 9.73886163655850e+04 
6.22942644254297e-02 9.73669608150354e+04 
6.24000751668689e-02 9.73450754281478e+04 
6.25059423320401e-02 9.73232778215913e+04 
6.26118189382050e-02 9.73014010656086e+04 
6.27177267801158e-02 9.72794706882086e+04 
6.28236341037706e-02 9.72577628246244e+04 
6.29295106329502e-02 9.72360864424438e+04 
6.30354039443990e-02 9.72142428129811e+04 
6.31413559661634e-02 9.71925332149635e+04 
6.32473124306761e-02 9.71708121670161e+04 
6.33533084243801e-02 9.71489939493327e+04 
6.34592976248997e-02 9.71274094752590e+04 
6.35652631551235e-02 9.71058891257482e+04 
6.36712291935602e-02 9.70842434078561e+04 
6.37772337729791e-02 9.70626746803105e+04 
6.38832450049744e-02 9.70414133009448e+04 
6.39893114658534e-02 9.70201740347455e+04 
6.40953473107177e-02 9.69997299853308e+04 
6.42013807068892e-02 9.69793497236254e+04 
6.43073856399266e-02 9.69587929426365e+04 
6.44134513419289e-02 9.69386512592911e+04 
6.45195532951918e-02 9.69185855027213e+04 
6.46257645886249e-02 9.68986753453983e+04 
6.47319185472754e-02 9.68793694948022e+04 
6.48382895398932e-02 9.68602018320974e+04 
6.49448372691016e-02 9.68409282317813e+04 
6.50513880556066e-02 9.68221895791829e+04 
6.51582350690066e-02 9.68036451382050e+04 
6.52655711634317e-02 9.67852915904630e+04 
6.53730455828520e-02 9.67676367819386e+04 
6.54811508796802e-02 9.67501951886243e+04 
6.55899499805942e-02 9.67329240364640e+04 
6.56995429346901e-02 9.67160140875315e+04 
6.58100533817276e-02 9.66995517397597e+04 
6.59193107485486e-02 9.66836494474761e+04 
6.60286171726235e-02 9.66682981518821e+04 
6.61379515935333e-02 9.66540128032933e+04 
6.62473770969167e-02 9.66403061078021e+04 
6.63568292459478e-02 9.66268793168838e+04 
6.64663269411769e-02 9.66143382113334e+04 
6.65745177979211e-02 9.66026957754570e+04 
6.66842243772897e-02 9.65918780777472e+04 
6.67926201499636e-02 9.65820953167261e+04 
6.69026658838195e-02 9.65731607770634e+04 
6.70128693572759e-02 9.65653540017180e+04 
6.71231513709385e-02 9.65586016865295e+04 
6.72320132180234e-02 9.65528458595884e+04 
6.73419419580887e-02 9.65481745232188e+04 
6.74509560632028e-02 9.65452408675981e+04 
6.75613181126273e-02 9.65433155298322e+04 
6.76717263255141e-02 9.65426044348647e+04 
6.77822137248041e-02 9.65432644024024e+04 
6.78915808043974e-02 9.65451155263465e+04 
6.80022802485955e-02 9.65465536810178e+04 
6.81118803605442e-02 9.65503659261406e+04 
6.82226492954347e-02 9.65560397746434e+04 
6.83338622870926e-02 9.65634379765071e+04 
6.84452713636186e-02 9.65727507107884e+04 
6.85539830591237e-02 9.65825082196626e+04 
6.86657362276576e-02 9.65952426482898e+04 
6.87744852311627e-02 9.66072515323797e+04 
6.88850615910549e-02 9.66187107326894e+04 
6.89975795108542e-02 9.66303354979638e+04 
6.91097217508537e-02 9.66421846968317e+04 
6.92186937000505e-02 9.66534703493099e+04 
6.93289946112743e-02 9.66656246062582e+04 
6.94380809655733e-02 9.66780572247812e+04 
6.95484914325281e-02 9.66905262500424e+04 
6.96603027176956e-02 9.67038469239927e+04 
6.97721209043125e-02 9.67173788387129e+04 
6.98814655459066e-02 9.67312503443093e+04 
6.99920823191371e-02 9.67455404693859e+04 
7.01016393559644e-02 9.67602319338022e+04 
7.02125611388953e-02 9.67761033524573e+04 
7.03249823423163e-02 9.67931607256195e+04 
7.04375984825250e-02 9.68110045507508e+04 
7.05477255424356e-02 9.68298808926778e+04 
7.06593966141096e-02 9.68501890425756e+04 
7.07699530123779e-02 9.68712086035100e+04 
7.08818421671359e-02 9.68928601027770e+04 
7.09959280854053e-02 9.69154502645215e+04 
7.11104936738466e-02 9.69387320388948e+04 
7.12215993090332e-02 9.69616105638495e+04 
7.13354815417228e-02 9.69858489330721e+04 
7.14468021616737e-02 9.70098819755438e+04 
7.15595441195588e-02 9.70346650003068e+04 
7.16745661153294e-02 9.70601516647942e+04 
7.17899614635156e-02 9.70856677542052e+04 
7.19017288235064e-02 9.71109238637627e+04 
7.20156457161911e-02 9.71370439100981e+04 
7.21276769702877e-02 9.71626868209774e+04 
7.22412851759169e-02 9.71884063800886e+04 
7.23565980598148e-02 9.72143325026129e+04 
7.24722933381016e-02 9.72398016908055e+04 
7.25849726810270e-02 9.72646296073194e+04 
7.26992824648597e-02 9.72893485691949e+04 
7.28125811128846e-02 9.73140608454820e+04 
7.29278502640199e-02 9.73384403674201e+04 
7.30453512931996e-02 9.73630252913057e+04 
7.31628928969691e-02 9.73871924232904e+04 
7.32773271625257e-02 9.74104769642954e+04 
7.33927636680569e-02 9.74340556451050e+04 
7.35072404904119e-02 9.74571000838211e+04 
7.36239440991798e-02 9.74797094556924e+04 
7.37426819556335e-02 9.75023923638869e+04 
7.38601715985491e-02 9.75248435568071e+04 
7.39748011940642e-02 9.75461022919958e+04 
7.40942873837614e-02 9.75681007382185e+04 
7.42089576899515e-02 9.75890955035773e+04 
7.43254568695563e-02 9.76099702024696e+04 
7.44435733603527e-02 9.76309242808742e+04 
7.45622265101806e-02 9.76524533941705e+04 
7.46775496298253e-02 9.76728848777264e+04 
7.47955683065840e-02 9.76940902319404e+04 
7.49114669871807e-02 9.77148440890293e+04 
7.50293284126835e-02 9.77356193060215e+04 
7.51486368209072e-02 9.77565509554924e+04 
7.52686232097902e-02 9.77780182822029e+04 
7.53855122091372e-02 9.77986655740641e+04 
7.55043900293685e-02 9.78198082136457e+04 
7.56219538954216e-02 9.78406673490220e+04 
7.57409178219008e-02 9.78617119967114e+04 
7.58619162231645e-02 9.78830669343248e+04 
7.59833390723000e-02 9.79044241028088e+04 
7.61017629200497e-02 9.79253241448473e+04 
7.62224266990826e-02 9.79466643115564e+04 
7.63414612893808e-02 9.79680105914615e+04 
7.64611259638388e-02 9.79894845271044e+04 
7.65838091855509e-02 9.80116079457583e+04 
7.67064015328817e-02 9.80342747213422e+04 
7.68257016849152e-02 9.80563875406495e+04 
7.69471404464135e-02 9.80796146655501e+04 
7.70664036843364e-02 9.81028022866040e+04 
7.71875259711772e-02 9.81265380834674e+04 
7.73112924012582e-02 9.81510745562404e+04 
7.74353631188056e-02 9.81764685124103e+04 
7.75558052133049e-02 9.82011127218901e+04 
7.76786216147751e-02 9.82268883299969e+04 
7.77996221512472e-02 9.82527183565896e+04 
7.79221397022856e-02 9.82790375837488e+04 
7.80467394380590e-02 9.83060579887295e+04 
7.81717285251303e-02 9.83336741736501e+04 
7.82935201188101e-02 9.83605961347230e+04 
7.84174541055098e-02 9.83883769847265e+04 
7.85396422655488e-02 9.84160480142963e+04 
7.86637129039803e-02 9.84439899567820e+04 
7.87898502918521e-02 9.84723524669547e+04 
7.89163928934266e-02 9.85011660907073e+04 
7.90397049372189e-02 9.85286972001927e+04 
7.91651616585820e-02 9.85569556656793e+04 
7.92892669996913e-02 9.85847727587974e+04 
7.94156057024599e-02 9.86125447364167e+04 
7.95444986327621e-02 9.86406201680025e+04 
7.96741585619791e-02 9.86690812480356e+04 
7.98000719595671e-02 9.86959030826683e+04 
7.99279587014098e-02 9.87229777086631e+04 
8.00544886550372e-02 9.87497223532158e+04 
8.01850621696122e-02 9.87765581684853e+04 
8.03160759359865e-02 9.88030032735463e+04 
8.04463003742197e-02 9.88286442489636e+04 
8.05729645165271e-02 9.88528394880876e+04 
8.07005661162445e-02 9.88780481055471e+04 
8.08272398323728e-02 9.89029300687294e+04 
8.09561615249817e-02 9.89274923718116e+04 
8.10871217357689e-02 9.89523576529159e+04 
8.12183362816108e-02 9.89779361415216e+04 
8.13466387630073e-02 9.90022353525561e+04 
8.14771359343836e-02 9.90274210030033e+04 
8.16065637499963e-02 9.90523453951913e+04 
8.17377481315017e-02 9.90772316401218e+04 
8.18688867212606e-02 9.91023441451725e+04 
8.19999672557721e-02 9.91282908908404e+04 
8.21311376183768e-02 9.91529886980135e+04 
8.22623274217770e-02 9.91795328969469e+04 
8.23935562428110e-02 9.92068984575638e+04 
8.25248424770192e-02 9.92347899019928e+04 
8.26562199034997e-02 9.92631287371353e+04 
8.27877463008604e-02 9.92925505956330e+04 
8.29193540390562e-02 9.93223726356675e+04 
8.30509484721267e-02 9.93537529264864e+04 
8.31825344556673e-02 9.93864753963604e+04 
8.33140868199273e-02 9.94200447577738e+04 
8.34456825772000e-02 9.94546176488313e+04 
8.35773374075319e-02 9.94906742013264e+04 
8.37091107584100e-02 9.95268575166102e+04 
8.38409310803707e-02 9.95639966285285e+04 
8.39727395127824e-02 9.96013514387848e+04 
8.41044928934561e-02 9.96381060310548e+04 
8.42362341727881e-02 9.96749648076709e+04 
8.43679541089436e-02 9.97121559601096e+04 
8.44996794164085e-02 9.97476770564576e+04 
8.46313896046837e-02 9.97828717496680e+04 
8.47630635598373e-02 9.98167308570734e+04 
8.48946844022533e-02 9.98483149111933e+04 
8.50262435659953e-02 9.98782396625822e+04 
8.51577718386463e-02 9.99070904638726e+04 
8.52892955218111e-02 9.99338226529392e+04 
8.54207998458271e-02 9.99580218411950e+04 
8.55523256192821e-02 9.99804394892737e+04 
8.56838496536875e-02 1.00001286373734e+05 
8.58091997938661e-02 1.00020227087109e+05 
8.59406521163557e-02 1.00039832721592e+05 
8.60613613569691e-02 1.00055979762957e+05 
8.61891526076052e-02 1.00072368213220e+05 
8.63208483688386e-02 1.00087700441473e+05 
8.64501423476443e-02 1.00100872396182e+05 
8.65820246023426e-02 1.00112851508400e+05 
8.67141679528548e-02 1.00125374579158e+05 
8.68455126385481e-02 1.00134809181223e+05 
8.69781893959822e-02 1.00142445116901e+05 
8.71112765231889e-02 1.00148705173488e+05 
8.72446232407646e-02 1.00153955116179e+05 
8.73782112030978e-02 1.00156475507611e+05 
8.75122356484426e-02 1.00158701126484e+05 
8.76468652498504e-02 1.00160272275048e+05 
8.77816471181712e-02 1.00161312343487e+05 
8.79172007727354e-02 1.00161730441154e+05 
8.80534577983854e-02 1.00160363015858e+05 
8.81906488154249e-02 1.00157637571169e+05 
8.83285770672013e-02 1.00154352995320e+05 
8.84666524658925e-02 1.00148508441231e+05 
8.86048214596757e-02 1.00141908779818e+05 
8.87430465860467e-02 1.00133614693494e+05 
8.88812885254745e-02 1.00123719623882e+05 
8.90195456631091e-02 1.00112565288063e+05 
8.91578114701302e-02 1.00100635349566e+05 
8.92961009766847e-02 1.00086692783236e+05 
8.94312205558965e-02 1.00071954219815e+05 
8.95665354398082e-02 1.00055556500426e+05 
8.97020806761321e-02 1.00037227664211e+05 
8.98377850392407e-02 1.00017230824091e+05 
8.99734867566392e-02 9.99962609368023e+04 
9.01091289074154e-02 9.99732962945400e+04 
9.02446929163860e-02 9.99494772740475e+04 
9.03801713626490e-02 9.99244823339690e+04 
9.05155594723748e-02 9.98982311759838e+04 
9.06508979088383e-02 9.98709837521549e+04 
9.07861937097866e-02 9.98434707601252e+04 
9.09036876903089e-02 9.98185294305283e+04 
9.10329310688836e-02 9.97912520296482e+04 
9.11681224586807e-02 9.97621040319075e+04 
9.13032463725208e-02 9.97322258191530e+04 
9.14383419523833e-02 9.97024017771745e+04 
9.15734359975665e-02 9.96734489706932e+04 
9.17085869668456e-02 9.96439719996268e+04 
9.18438066180721e-02 9.96155108007836e+04 
9.19790680998453e-02 9.95876068237118e+04 
9.21143288541326e-02 9.95600027222196e+04 
9.22496477405208e-02 9.95333756938035e+04 
9.23850173878141e-02 9.95083286331340e+04 
9.25204580221106e-02 9.94841028993555e+04 
9.26559566216099e-02 9.94617574711078e+04 
9.27914730408019e-02 9.94384956479961e+04 
9.29269525385135e-02 9.94179653685087e+04 
9.30623688674526e-02 9.94001139478801e+04 
9.31977315690521e-02 9.93851345494783e+04 
9.33330512850588e-02 9.93715824835251e+04 
9.34683537454665e-02 9.93605284073428e+04 
9.36036753557391e-02 9.93511862767333e+04 
9.37389777330994e-02 9.93448415324328e+04 
9.38742731220647e-02 9.93387373106799e+04 
9.40095939064827e-02 9.93334534086375e+04 
9.41449399985128e-02 9.93279384925599e+04 
9.42803571261272e-02 9.93236656027820e+04 
9.44080053514875e-02 9.93201936113352e+04 
9.45434640411555e-02 9.93167375487120e+04 
9.46789074250336e-02 9.93140463758843e+04 
9.48074188858767e-02 9.93129578607826e+04 
9.49428643443178e-02 9.93125536031674e+04 
9.50775194599278e-02 9.93138129285790e+04 
9.52129822572031e-02 9.93162277882119e+04 
9.53484306554820e-02 9.93192326708520e+04 
9.54838802990036e-02 9.93231956380060e+04 
9.56193833979328e-02 9.93285905990956e+04 
9.57509096600190e-02 9.93339607825000e+04 
9.58866311129350e-02 9.93406131071497e+04 
9.60225296327732e-02 9.93479288842233e+04 
9.61585696623610e-02 9.93554482759145e+04 
9.62947341017741e-02 9.93635025024305e+04 
9.64310627886444e-02 9.93727446538895e+04 
9.65675758108370e-02 9.93816489317058e+04 
9.67041995212035e-02 9.93911446840795e+04 
9.68302676927406e-02 9.94004343645638e+04 
9.69672377682443e-02 9.94104256324858e+04 
9.71042982906082e-02 9.94203273801146e+04 
9.72415646909586e-02 9.94302071257239e+04 
9.73790801552286e-02 9.94396673382886e+04 
9.75167942676425e-02 9.94490476156703e+04 
9.76549747129481e-02 9.94585885901570e+04 
9.77938307510917e-02 9.94674196063597e+04 
9.79334268009353e-02 9.94758325559104e+04 
9.80633036413855e-02 9.94832176670694e+04 
9.82018737055079e-02 9.94903815099628e+04 
9.83380461229182e-02 9.94968097464337e+04 
9.84735452956929e-02 9.95026705685323e+04 
9.86140152998189e-02 9.95079931169011e+04 
9.87543584361613e-02 9.95125072550369e+04 
9.88946049054556e-02 9.95159674806574e+04 
9.90323995072871e-02 9.95184664026942e+04 
9.91725412432128e-02 9.95202130786038e+04 
9.93032501697974e-02 9.95212389234941e+04 
9.94431596974112e-02 9.95213822499844e+04 
9.95830746841600e-02 9.95208606306029e+04 
9.97232091714413e-02 9.95199914667960e+04 
9.98635609028536e-02 9.95181000514741e+04 
1.00004079094418e-01 9.95157155128067e+04 
1.00144713496239e-01 9.95128546684689e+04 
1.00285361623740e-01 9.95093179905717e+04 
1.00426005665185e-01 9.95052634309082e+04 
1.00566650203078e-01 9.95010585074077e+04 
1.00707317596530e-01 9.94959851427084e+04 
1.00848002285889e-01 9.94906200799716e+04 
1.00988703207471e-01 9.94848922183800e+04 
1.01129390110978e-01 9.94781407920704e+04 
1.01270031551758e-01 9.94716718565619e+04 
1.01410723397232e-01 9.94651022482994e+04 
1.01551498369151e-01 9.94579742322072e+04 
1.01692357305429e-01 9.94513014995683e+04 
1.01833334528233e-01 9.94447786771641e+04 
1.01974396991426e-01 9.94378621384608e+04 
1.02115524357093e-01 9.94310054931353e+04 
1.02256722855859e-01 9.94247125387482e+04 
1.02378333013526e-01 9.94188995084833e+04 
1.02512104186960e-01 9.94128677464992e+04 
1.02653440068567e-01 9.94064902124147e+04 
1.02794805960499e-01 9.94000365299038e+04 
1.02936246109140e-01 9.93933382342893e+04 
1.03077775278300e-01 9.93868931640075e+04 
1.03219092334493e-01 9.93800608899967e+04 
1.03360825799550e-01 9.93737109307893e+04 
1.03498233777129e-01 9.93676927564167e+04 
1.03640160900588e-01 9.93613334248769e+04 
1.03782212159761e-01 9.93551978531560e+04 
1.03924419793658e-01 9.93497995028144e+04 
1.04066857489972e-01 9.93442291780081e+04 
1.04209564034022e-01 9.93393341931815e+04 
1.04352555717240e-01 9.93347888846164e+04 
1.04495815029629e-01 9.93302552726198e+04 
1.04639450861148e-01 9.93261156957352e+04 
1.04782653954547e-01 9.93228841446555e+04 
1.04911706769081e-01 9.93199233439949e+04 
1.05053664865069e-01 9.93173720520212e+04 
1.05199031974965e-01 9.93149733755255e+04 
1.05344494180121e-01 9.93126912618626e+04 
1.05490148632320e-01 9.93109960999666e+04 
1.05635868962072e-01 9.93097603863092e+04 
1.05781500494857e-01 9.93094256475676e+04 
1.05927012170844e-01 9.93098724241260e+04 
1.06072435392361e-01 9.93111568180311e+04 
1.06217683252607e-01 9.93127335123732e+04 
1.06362765135000e-01 9.93153376019428e+04 
1.06507826170972e-01 9.93185970784062e+04 
1.06644141941247e-01 9.93215613788957e+04 
1.06789513131344e-01 9.93252426011673e+04 
1.06935221897738e-01 9.93291955912250e+04 
1.07081203258586e-01 9.93328361511147e+04 
1.07227377106089e-01 9.93372775187725e+04 
1.07373735433563e-01 9.93429716634761e+04 
1.07520280031686e-01 9.93489385171173e+04 
1.07666966542040e-01 9.93566701222342e+04 
1.07813776837870e-01 9.93655558260527e+04 
1.07960657290580e-01 9.93755846101795e+04 
1.08107553367658e-01 9.93866660304024e+04 
1.08254460679438e-01 9.93995288787941e+04 
1.08401384254220e-01 9.94133311480435e+04 
1.08548318246290e-01 9.94284693946107e+04 
1.08695256998128e-01 9.94448969188011e+04 
1.08842198369819e-01 9.94624537475167e+04 
1.08989151871593e-01 9.94811478170134e+04 
1.09136115376332e-01 9.95013375363629e+04 
1.09283095875209e-01 9.95224695341089e+04 
1.09430089605452e-01 9.95449280950583e+04 
1.09577090902490e-01 9.95685659803082e+04 
1.09724098840827e-01 9.95932089789183e+04 
1.09871123180805e-01 9.96188847586458e+04 
1.10018159846228e-01 9.96459121035349e+04 
1.10165216675240e-01 9.96737356023304e+04 
1.10312288437499e-01 9.97027556508166e+04 
1.10459367352088e-01 9.97328543938704e+04 
1.10606450479766e-01 9.97638556177840e+04 
1.10753552074029e-01 9.97957918432040e+04 
1.10900661523215e-01 9.98289357080723e+04 
1.11047791338642e-01 9.98627504282107e+04 
1.11194936559275e-01 9.98975616245346e+04 
1.11342089902915e-01 9.99332944476828e+04 
1.11489254126910e-01 9.99697331600672e+04 
1.11636439424684e-01 1.00006508920225e+05 
1.11783637666893e-01 1.00044492556175e+05 
1.11930856394867e-01 1.00083061699208e+05 
1.12078087368412e-01 1.00122544104702e+05 
1.12225323890282e-01 1.00162780898328e+05 
1.12372573728968e-01 1.00203647804664e+05 
1.12519827557592e-01 1.00245261064249e+05 
1.12667100476492e-01 1.00287675708390e+05 
1.12814387992062e-01 1.00330478093867e+05 
1.12961685836664e-01 1.00374072022692e+05 
1.13108987797233e-01 1.00418191815806e+05 
1.13256294170294e-01 1.00462732142826e+05 
1.13403608562280e-01 1.00507606571625e+05 
1.13550931716865e-01 1.00553245675747e+05 
1.13698265458908e-01 1.00599124028977e+05 
1.13845609978563e-01 1.00645494779810e+05 
1.13992958953594e-01 1.00692274181796e+05 
1.14140312690665e-01 1.00739357744171e+05 
1.14287675033122e-01 1.00786615219357e+05 
1.14435046603948e-01 1.00834347732619e+05 
1.14582429772261e-01 1.00882033068583e+05 
1.14729824821086e-01 1.00929876288372e+05 
1.14877225559370e-01 1.00977797556012e+05 
1.15024631732608e-01 1.01025759495000e+05 
1.15172047138071e-01 1.01073596873652e+05 
1.15319472424375e-01 1.01121625316792e+05 
1.15466910737699e-01 1.01169369424690e+05 
1.15614362288906e-01 1.01216955490336e+05 
1.15761821165435e-01 1.01264329438188e+05 
1.15909286203645e-01 1.01311439258206e+05 
1.16056761244202e-01 1.01358037318691e+05 
1.16204247202537e-01 1.01404187710451e+05 
1.16351748124220e-01 1.01449423011298e+05 
1.16499264218796e-01 1.01493766035401e+05 
1.16646789878270e-01 1.01536862361245e+05 
1.16794322983044e-01 1.01578720277243e+05 
1.16941867293766e-01 1.01618496082227e+05 
1.17089423054973e-01 1.01655889991686e+05 
1.17236986254984e-01 1.01689765067254e+05 
1.17384556724635e-01 1.01720286857356e+05 
1.17532129911870e-01 1.01748772933403e+05 
1.17679705120703e-01 1.01771170407555e+05 
1.17827287916774e-01 1.01787753362736e+05 
1.17974880230982e-01 1.01800426018762e+05 
1.18122482591431e-01 1.01808531216802e+05 
1.18270093400889e-01 1.01811507940394e+05 
1.18417709734871e-01 1.01814477797877e+05 
1.18565331750027e-01 1.01816350726472e+05 
1.18712964867794e-01 1.01816824895847e+05 
1.18860610147161e-01 1.01814357307778e+05 
1.19008267326697e-01 1.01808395375983e+05 
1.19155935001851e-01 1.01798402344564e+05 
1.19303610889808e-01 1.01783495488632e+05 
1.19451295276097e-01 1.01765176431333e+05 
1.19587791159660e-01 1.01744926757989e+05 
1.19733645241950e-01 1.01720793486374e+05 
1.19854605383277e-01 1.01698706917145e+05 
1.19987661538737e-01 1.01672212034068e+05 
1.20129614803587e-01 1.01641916359169e+05 
1.20268512474259e-01 1.01611144648386e+05 
1.20412343595913e-01 1.01577743144684e+05 
1.20555893159537e-01 1.01543570602854e+05 
1.20696083103906e-01 1.01509976816874e+05 
1.20841625967865e-01 1.01474863379612e+05 
1.20982885610768e-01 1.01441421068539e+05 
1.21130168651585e-01 1.01407178738582e+05 
1.21277809380472e-01 1.01373227991000e+05 
1.21425652989849e-01 1.01340603916021e+05 
1.21570322460006e-01 1.01310108129612e+05 
1.21718186858279e-01 1.01279874106545e+05 
1.21865827349516e-01 1.01251288323922e+05 
1.22013709557505e-01 1.01224475601170e+05 
1.22161605268130e-01 1.01198952535717e+05 
1.22309512712604e-01 1.01174274431722e+05 
1.22457428624743e-01 1.01150770315769e+05 
1.22605350513560e-01 1.01127954076226e+05 
1.22753277186060e-01 1.01106189146328e+05 
1.22901207604465e-01 1.01085272257333e+05 
1.23049147047461e-01 1.01064969091711e+05 
1.23197094962666e-01 1.01044694641745e+05 
1.23345049602988e-01 1.01025068431410e+05 
1.23493009752628e-01 1.01005629290172e+05 
1.23640975886246e-01 1.00986662080913e+05 
1.23788948328514e-01 1.00967922708763e+05 
1.23936933136348e-01 1.00949239003628e+05 
1.24084929126014e-01 1.00930200082581e+05 
1.24232933800604e-01 1.00911267374379e+05 
1.24380945154081e-01 1.00892111307282e+05 
1.24528963361822e-01 1.00873043631198e+05 
1.24676988681950e-01 1.00854072702928e+05 
1.24825026999953e-01 1.00834977345615e+05 
1.24973076603918e-01 1.00815296941989e+05 
1.25121134656141e-01 1.00795855733731e+05 
1.25269198767032e-01 1.00776135180871e+05 
1.25417269242818e-01 1.00756360628507e+05 
1.25565346529912e-01 1.00737115349652e+05 
1.25713436950806e-01 1.00717784583116e+05 
1.25861538858677e-01 1.00697735236889e+05 
1.26009649232326e-01 1.00678127509310e+05 
1.26157765477582e-01 1.00658158598813e+05 
1.26305887675313e-01 1.00638486018460e+05 
1.26454016100582e-01 1.00618720904485e+05 
1.26602157220783e-01 1.00598543668132e+05 
1.26750309224587e-01 1.00577229426205e+05 
1.26898468693851e-01 1.00555961131982e+05 
1.27046632547727e-01 1.00533890596713e+05 
1.27194800554317e-01 1.00511670419344e+05 
1.27342972736888e-01 1.00488948667325e+05 
1.27491155788999e-01 1.00465511704873e+05 
1.27639348301439e-01 1.00440777773309e+05 
1.27787547077107e-01 1.00416190880639e+05 
1.27935748995565e-01 1.00390666974799e+05 
1.28083953965213e-01 1.00365105197916e+05 
1.28232162136688e-01 1.00339050526231e+05 
1.28380380466859e-01 1.00312693798432e+05 
1.28528607869007e-01 1.00285705778146e+05 
1.28663610365734e-01 1.00261556867940e+05 
1.28811845817420e-01 1.00235230300395e+05 
1.28960083805953e-01 1.00209657337040e+05 
1.29108324863607e-01 1.00184685739738e+05 
1.29256575847378e-01 1.00160252643690e+05 
1.29404835754830e-01 1.00136215161433e+05 
1.29553101424350e-01 1.00113376227560e+05 
1.29701369326344e-01 1.00091349943529e+05 
1.29849639448198e-01 1.00070680597596e+05 
1.29997911999182e-01 1.00051340988316e+05 
1.30146194059521e-01 1.00033193066709e+05 
1.30294485191880e-01 1.00015475162886e+05 
1.30442782516549e-01 9.99992186460523e+04 
1.30591082459539e-01 9.99837734591322e+04 
1.30739384690722e-01 9.99696618844281e+04 
1.30887688805009e-01 9.99567401301599e+04 
1.31036001370685e-01 9.99447399897683e+04 
1.31184322148799e-01 9.99329510641305e+04 
1.31332648235331e-01 9.99223538747683e+04 
1.31480976188603e-01 9.99123083873164e+04 
1.31629306000108e-01 9.99033516283062e+04 
1.31777637882997e-01 9.98952603816389e+04 
1.31925979085475e-01 9.98879390247607e+04 
1.32074330087004e-01 9.98806556919814e+04 
1.32216261089549e-01 9.98744638126887e+04 
1.32364622110583e-01 9.98685947609622e+04 
1.32512986014095e-01 9.98637409663389e+04 
1.32661352600803e-01 9.98593707045279e+04 
1.32809728362657e-01 9.98555823465267e+04 
1.32958113341770e-01 9.98517612028583e+04 
1.33106504023698e-01 9.98485671935931e+04 
1.33254896763362e-01 9.98456537549135e+04 
1.33403290777477e-01 9.98432179721171e+04 
1.33551685534206e-01 9.98414779527213e+04 
1.33700087645865e-01 9.98400691213998e+04 
1.33848497631207e-01 9.98396381930060e+04 
1.33996912098176e-01 9.98385976418852e+04 
1.34145327409536e-01 9.98379317527476e+04 
1.34293742361438e-01 9.98367833688386e+04 
1.34442155810855e-01 9.98360937997303e+04 
1.34590574030774e-01 9.98355627241711e+04 
1.34738997726305e-01 9.98340507722706e+04 
1.34887278427258e-01 9.98324022237408e+04 
1.35035702841528e-01 9.98305086915080e+04 
1.35184124730670e-01 9.98291255929193e+04 
1.35332543259083e-01 9.98278138119891e+04 
1.35480965319307e-01 9.98265395646433e+04 
1.35629392399410e-01 9.98245394039340e+04 
1.35777821736873e-01 9.98227454886694e+04 
1.35926249700553e-01 9.98210912762635e+04 
1.36074674914881e-01 9.98200619667405e+04 
1.36223096278893e-01 9.98191323773941e+04 
1.36371520413793e-01 9.98181637450655e+04 
1.36519948790450e-01 9.98166643194313e+04 
1.36668378536085e-01 9.98155420709145e+04 
1.36816805685098e-01 9.98146596121182e+04 
1.36965228515910e-01 9.98144574516566e+04 
1.37113645524506e-01 9.98142722457969e+04 
1.37262063164376e-01 9.98141486128995e+04 
1.37410483206353e-01 9.98138061230976e+04 
1.37530823639046e-01 9.98138655695425e+04 
1.37660174483634e-01 9.98143122947567e+04 
1.37777022695775e-01 9.98150269166473e+04 
1.37901458043942e-01 9.98160135861786e+04 
1.38031817974312e-01 9.98173758218302e+04 
1.38160178099592e-01 9.98187119130410e+04 
1.38278348693479e-01 9.98199554820381e+04 
1.38404799749032e-01 9.98213033713159e+04 
1.38526310886899e-01 9.98226982089761e+04 
1.38658782473119e-01 9.98241133916611e+04 
1.38785743387478e-01 9.98254457255363e+04 
1.38920970906044e-01 9.98265721744716e+04 
1.39045889237259e-01 9.98275719717538e+04 
1.39175780226154e-01 9.98286650137697e+04 
1.39301140559598e-01 9.98295983480010e+04 
1.39434018607239e-01 9.98304992143138e+04 
1.39567998106460e-01 9.98314361986814e+04 
1.39704237908009e-01 9.98320984370561e+04 
1.39839489296617e-01 9.98325537623455e+04 
1.39976731257343e-01 9.98330163042636e+04 
1.40113851786340e-01 9.98333156641223e+04 
1.40253083136095e-01 9.98332565639095e+04 
1.40394412629756e-01 9.98330916492395e+04 
1.40536789696594e-01 9.98328757762520e+04 
1.40677006766811e-01 9.98324195181610e+04 
1.40819834281730e-01 9.98321839471874e+04 
1.40962377131823e-01 9.98312690231773e+04 
1.41109614842238e-01 9.98301127065412e+04 
1.41256842193423e-01 9.98290069915666e+04 
1.41404184058524e-01 9.98271024847687e+04 
1.41550973140890e-01 9.98256228420658e+04 
1.41685750999610e-01 9.98242769855333e+04 
1.41832582229059e-01 9.98230729209753e+04 
1.41980249425580e-01 9.98216710619745e+04 
1.42128027293729e-01 9.98206921441984e+04 
1.42275879485940e-01 9.98192036658012e+04 
1.42423799598075e-01 9.98177703853381e+04 
1.42571777291095e-01 9.98168121792538e+04 
1.42719799937922e-01 9.98157172200132e+04 
1.42867831492528e-01 9.98144877251731e+04 
1.43015900204035e-01 9.98134153870189e+04 
1.43163994572554e-01 9.98124348539227e+04 
1.43312096467264e-01 9.98113324736439e+04 
1.43460203308607e-01 9.98107187891269e+04 
1.43608292960487e-01 9.98099177048143e+04 
1.43756361634443e-01 9.98090585725281e+04 
1.43904406866585e-01 9.98086214802463e+04 
1.44052442688960e-01 9.98075754731192e+04 
1.44200440438835e-01 9.98070645695016e+04 
1.44348415634015e-01 9.98064865323571e+04 
1.44496379609204e-01 9.98063478843765e+04 
1.44644329126658e-01 9.98065041380733e+04 
1.44792261402196e-01 9.98069076580802e+04 
1.44940191887869e-01 9.98075668109574e+04 
1.45088097322737e-01 9.98086110795681e+04 
1.45235992236739e-01 9.98105039655615e+04 
1.45383889117481e-01 9.98130260865787e+04 
1.45531785249758e-01 9.98162552675638e+04 
1.45679676675398e-01 9.98204031261546e+04 
1.45827575639824e-01 9.98257491119534e+04 
1.45975458487691e-01 9.98323063390247e+04 
1.46123338126462e-01 9.98396927846338e+04 
1.46271224468923e-01 9.98479230177405e+04 
1.46419113643124e-01 9.98567260921998e+04 
1.46567002009949e-01 9.98661026360377e+04 
1.46714899619890e-01 9.98763097066211e+04 
1.46862782182618e-01 9.98871059660810e+04 
1.47010662753248e-01 9.98986236340984e+04 
1.47158549983090e-01 9.99107555788569e+04 
1.47306439712896e-01 9.99233038859951e+04 
1.47454329330640e-01 9.99360696079207e+04 
1.47602227852463e-01 9.99494041727116e+04 
1.47750110351344e-01 9.99627602768696e+04 
1.47897990785905e-01 9.99763781319244e+04 
1.48045877490336e-01 9.99902983754203e+04 
1.48193767069935e-01 1.00003790040090e+05 
1.48341657754891e-01 1.00016933098828e+05 
1.48489558080632e-01 1.00029819321502e+05 
1.48637442853750e-01 1.00041952394173e+05 
1.48785326986845e-01 1.00053930281294e+05 
1.48933218607908e-01 1.00065166091046e+05 
1.49081114870744e-01 1.00075016712183e+05 
1.49229013903522e-01 1.00083701441039e+05 
1.49376923472860e-01 1.00091450322770e+05 
1.49524817868276e-01 1.00099038596061e+05 
1.49672713121154e-01 1.00104568069548e+05 
1.49820617099783e-01 1.00107968435025e+05 
1.49968527591004e-01 1.00109263157312e+05 
1.50116442635157e-01 1.00109271110827e+05 
1.50264369226185e-01 1.00107842376532e+05 
1.50412281218953e-01 1.00104170770906e+05 
1.50560195849912e-01 1.00100856872096e+05 
1.50708120450680e-01 1.00097826787971e+05 
1.50856053416024e-01 1.00094035729831e+05 
1.51003992632005e-01 1.00089691486023e+05 
1.51151944244698e-01 1.00084643942474e+05 
1.51299881790831e-01 1.00078454447538e+05 
1.51447823573525e-01 1.00071433756787e+05 
1.51595776289371e-01 1.00063587433146e+05 
1.51743738833099e-01 1.00054873609311e+05 
1.51891708843505e-01 1.00045522116046e+05 
1.52039691836991e-01 1.00035720601120e+05 
1.52168556484933e-01 1.00026745727376e+05 
1.52310307597670e-01 1.00016888733409e+05 
1.52438548790996e-01 1.00007935294242e+05 
1.52577486688535e-01 9.99980680855836e+04 
1.52725488023863e-01 9.99876964005195e+04 
1.52861726673225e-01 9.99784529091168e+04 
1.53004884660256e-01 9.99692440780294e+04 
1.53144368623335e-01 9.99611749808921e+04 
1.53289279744300e-01 9.99535770562108e+04 
1.53437312227534e-01 9.99455819982698e+04 
1.53585354551033e-01 9.99395768579142e+04 
1.53733411595861e-01 9.99337017253353e+04 
1.53881457312147e-01 9.99288124610989e+04 
1.54029509701267e-01 9.99249749866229e+04 
1.54177570069281e-01 9.99218192894745e+04 
1.54325633294736e-01 9.99191767176892e+04 
1.54473699342194e-01 9.99169061262009e+04 
1.54621779666934e-01 9.99150322748911e+04 
1.54769857836236e-01 9.99133354517267e+04 
1.54917953134018e-01 9.99117325187054e+04 
1.55052120233895e-01 9.99103577220677e+04 
1.55199704043759e-01 9.99087552858672e+04 
1.55339556879286e-01 9.99071476922536e+04 
1.55487739745796e-01 9.99053443496416e+04 
1.55631214697302e-01 9.99033697149274e+04 
1.55779414241434e-01 9.99013117044164e+04 
1.55926301767322e-01 9.98990577828593e+04 
1.56074536118720e-01 9.98963239861769e+04 
1.56222784113093e-01 9.98933407452463e+04 
1.56371046278870e-01 9.98897771696546e+04 
1.56519293298447e-01 9.98857655739582e+04 
1.56664356440131e-01 9.98815212402045e+04 
1.56812619716719e-01 9.98767002647053e+04 
1.56960892482347e-01 9.98711637189057e+04 
1.57109174009866e-01 9.98651208214064e+04 
1.57257468236036e-01 9.98583624092691e+04 
1.57390026082162e-01 9.98518919365809e+04 
1.57535839712900e-01 9.98445142854851e+04 
1.57684137305817e-01 9.98366384569061e+04 
1.57832445597116e-01 9.98282471541391e+04 
1.57980763308908e-01 9.98196829590633e+04 
1.58129095843422e-01 9.98108310293436e+04 
1.58277420333297e-01 9.98019689574541e+04 
1.58425758199005e-01 9.97934209485958e+04 
1.58574112816262e-01 9.97853767424004e+04 
1.58722484718334e-01 9.97777639298210e+04 
1.58870872095920e-01 9.97704445256001e+04 
1.59019279998284e-01 9.97640361780942e+04 
1.59167685083380e-01 9.97589483415851e+04 
1.59316108403245e-01 9.97552880269172e+04 
1.59464549474044e-01 9.97526408763048e+04 
1.59613007341280e-01 9.97519245634577e+04 
1.59761480038318e-01 9.97513519958205e+04 
1.59909972144777e-01 9.97509332910780e+04 
1.60058460414855e-01 9.97508774171297e+04 
1.60206968370578e-01 9.97518659071225e+04 
1.60355495238881e-01 9.97545147836844e+04 
1.60504041124159e-01 9.97588724266676e+04 
1.60652604890008e-01 9.97653955142758e+04 
1.60801188613213e-01 9.97746007784912e+04 
1.60949766502901e-01 9.97866511517155e+04 
1.61098362852280e-01 9.98013452678720e+04 
1.61246975021214e-01 9.98180369802556e+04 
1.61395603761069e-01 9.98363790347107e+04 
1.61544248949120e-01 9.98561487377802e+04 
1.61692911754001e-01 9.98765051081782e+04 
1.61841566826135e-01 9.98976482432149e+04 
1.61990237269794e-01 9.99192875903219e+04 
1.62138920290188e-01 9.99413876681911e+04 
1.62287616474458e-01 9.99628357877351e+04 
1.62436326442404e-01 9.99841444543990e+04 
1.62585052122653e-01 1.00004354399706e+05 
1.62733770406029e-01 1.00022776477857e+05 
1.62882503102030e-01 1.00040246916716e+05 
1.63031248065356e-01 1.00056043105199e+05 
1.63180006157309e-01 1.00071966302198e+05 
1.63328778308063e-01 1.00084260294943e+05 
1.63477564436557e-01 1.00093112587901e+05 
1.63626341292380e-01 1.00099202907818e+05 
1.63775132302073e-01 1.00103342984776e+05 
1.63923930577383e-01 1.00105191037277e+05 
1.64072737929492e-01 1.00103892083679e+05 
1.64221562889954e-01 1.00102656996602e+05 
1.64370403675384e-01 1.00100862895177e+05 
1.64519249834396e-01 1.00098410657223e+05 
1.64668104955996e-01 1.00094966970113e+05 
1.64816968872219e-01 1.00090083649705e+05 
1.64965842513090e-01 1.00083776825058e+05 
1.65114733303971e-01 1.00075884857391e+05 
1.65263638665458e-01 1.00066623165840e+05 
1.65412552712394e-01 1.00056154964292e+05 
1.65561474948003e-01 1.00044781447478e+05 
1.65710406255228e-01 1.00032615309722e+05 
1.65859347389178e-01 1.00019629847113e+05 
1.66008305170257e-01 1.00006095196781e+05 
1.66157277183302e-01 9.99921867803871e+04 
1.66306259522256e-01 9.99779758960748e+04 
1.66455250031869e-01 9.99638465201272e+04 
1.66604249891971e-01 9.99499819208723e+04 
1.66753259606895e-01 9.99364290898290e+04 
1.66902285499844e-01 9.99233854218018e+04 
1.67051325268536e-01 9.99108242437598e+04 
1.67200376060401e-01 9.98990000541884e+04 
1.67349434964579e-01 9.98883462867344e+04 
1.67498503216683e-01 9.98790674984307e+04 
1.67647581182152e-01 9.98696096614450e+04 
1.67796674897620e-01 9.98625177087692e+04 
1.67945782181084e-01 9.98571915040173e+04 
1.68094900832870e-01 9.98533754812092e+04 
1.68244027554617e-01 9.98508793856897e+04 
1.68393163637805e-01 9.98494564677829e+04 
1.68542309353921e-01 9.98501557788673e+04 
1.68691470425113e-01 9.98507750918419e+04 
1.68840644824650e-01 9.98511811870737e+04 
1.68989830702018e-01 9.98517949876895e+04 
1.69139024549187e-01 9.98531207570665e+04 
1.69288227687717e-01 9.98549753395921e+04 
1.69437440268921e-01 9.98569704396614e+04 
1.69586667774691e-01 9.98594305130502e+04 
1.69735908390691e-01 9.98627009267976e+04 
1.69862864335746e-01 9.98654815676265e+04 
1.69999663215735e-01 9.98690645203536e+04 
1.70143019590747e-01 9.98730446411302e+04 
1.70277753619414e-01 9.98763159056450e+04 
1.70420807751881e-01 9.98794660290245e+04 
1.70557538205921e-01 9.98823045306304e+04 
1.70693651455225e-01 9.98850285040842e+04 
1.70836077221145e-01 9.98868343842091e+04 
1.70979379809699e-01 9.98875006879952e+04 
1.71127953816770e-01 9.98866180006621e+04 
1.71277300134883e-01 9.98849497080347e+04 
1.71426652105539e-01 9.98821076518427e+04 
1.71560912397943e-01 9.98794411073427e+04 
1.71708598719588e-01 9.98769022334873e+04 
1.71847036290126e-01 9.98739708131999e+04 
1.71990186453815e-01 9.98688372209866e+04 
1.72139470618125e-01 9.98612709348872e+04 
1.72287310021117e-01 9.98516862037001e+04 
1.72415675860759e-01 9.98412243735775e+04 
1.72553962870478e-01 9.98285858005178e+04 
1.72699138033590e-01 9.98135110612582e+04 
1.72836756768645e-01 9.97971570562494e+04 
1.72986144396364e-01 9.97777699604560e+04 
1.73135558697620e-01 9.97569917583097e+04 
1.73267977924526e-01 9.97372651744505e+04 
1.73412382159507e-01 9.97151773071866e+04 
1.73547475323687e-01 9.96939743659477e+04 
1.73696077804284e-01 9.96696057063409e+04 
1.73845546527210e-01 9.96443842312009e+04 
1.73994989269523e-01 9.96189200518818e+04 
1.74144403774257e-01 9.95928003549453e+04 
1.74293795826639e-01 9.95668633408078e+04 
1.74443179418407e-01 9.95409705059744e+04 
1.74592565643354e-01 9.95150162808086e+04 
1.74741975318638e-01 9.94894324213189e+04 
1.74891417753336e-01 9.94643641192897e+04 
1.75040891102999e-01 9.94397482395679e+04 
1.75190402452225e-01 9.94161483557066e+04 
1.75339947262544e-01 9.93934924828150e+04 
1.75489529035761e-01 9.93717659475526e+04 
1.75639150719739e-01 9.93513590846807e+04 
1.75788804816147e-01 9.93321403149781e+04 
1.75938470993051e-01 9.93140853027448e+04 
1.76088147715739e-01 9.92975833829600e+04 
1.76237825559227e-01 9.92826974252990e+04 
1.76387503099300e-01 9.92694666529568e+04 
1.76537188698931e-01 9.92581852064489e+04 
1.76686886964695e-01 9.92488760717947e+04 
1.76836590257724e-01 9.92414218717242e+04 
1.76986304118337e-01 9.92366511148479e+04 
1.77136023206913e-01 9.92322299793224e+04 
1.77285747776929e-01 9.92309502897388e+04 
1.77435484889164e-01 9.92325534749886e+04 
1.77585236220410e-01 9.92362583289996e+04 
1.77734991479750e-01 9.92413747173581e+04 
1.77884754314667e-01 9.92483803539563e+04 
1.78034518895898e-01 9.92580308926567e+04 
1.78184285513596e-01 9.92673719688316e+04 
1.78334062911391e-01 9.92769932095381e+04 
1.78483854973497e-01 9.92865014773758e+04 
1.78633652732412e-01 9.92959200481513e+04 
1.78783460789815e-01 9.93060717792136e+04 
1.78933272705239e-01 9.93167503677318e+04 
1.79083088395341e-01 9.93275280804648e+04 
1.79232915544160e-01 9.93390824637904e+04 
1.79382757011215e-01 9.93515358581967e+04 
1.79532602769623e-01 9.93648714261185e+04 
1.79682456771724e-01 9.93799766762702e+04 
1.79832312178870e-01 9.93969463714706e+04 
1.79982168861929e-01 9.94158868938203e+04 
1.80132035381373e-01 9.94371121009456e+04 
1.80281915707437e-01 9.94602730432288e+04 
1.80431800750605e-01 9.94850317238564e+04 
1.80581695004017e-01 9.95122130848822e+04 
1.80730989231205e-01 9.95415862719799e+04 
1.80880602069191e-01 9.95728728314565e+04 
1.81030512693542e-01 9.96062683294811e+04 
1.81170356991901e-01 9.96391655778845e+04 
1.81314033594641e-01 9.96745224539737e+04 
1.81463974091153e-01 9.97133682325489e+04 
1.81613917141906e-01 9.97539772589331e+04 
1.81753920256817e-01 9.97930785936294e+04 
1.81903661467620e-01 9.98361752613847e+04 
1.82053633178726e-01 9.98802835899651e+04 
1.82203608299830e-01 9.99250262259024e+04 
1.82353582504142e-01 9.99705561669271e+04 
1.82503540066830e-01 1.00016230625908e+05 
1.82653461135874e-01 1.00061465120417e+05 
1.82803346694927e-01 1.00106256500770e+05 
1.82953207709362e-01 1.00149907067845e+05 
1.83103045946513e-01 1.00191973637887e+05 
1.83252865558622e-01 1.00232413779330e+05 
1.83396707927717e-01 1.00269718264893e+05 
1.83546540504232e-01 1.00305675168496e+05 
1.83696382518768e-01 1.00338256403571e+05 
1.83846204525410e-01 1.00367489702641e+05 
1.83996023259045e-01 1.00392808355395e+05 
1.84145847114926e-01 1.00415886862631e+05 
1.84295686034905e-01 1.00432357753072e+05 
1.84445551743001e-01 1.00444469071865e+05 
1.84595453314955e-01 1.00452040151858e+05 
1.84745390919967e-01 1.00454940477245e+05 
1.84895370916314e-01 1.00453045233511e+05 
1.85045383817289e-01 1.00450349975877e+05 
1.85195422548257e-01 1.00448066046259e+05 
1.85345482424837e-01 1.00445066820615e+05 
1.85495555660393e-01 1.00440987212940e+05 
1.85645630329111e-01 1.00435868893696e+05 
1.85795704007301e-01 1.00429427289406e+05 
1.85945773296803e-01 1.00420756458442e+05 
1.86095835390885e-01 1.00410015397849e+05 
1.86245894699241e-01 1.00397634897895e+05 
1.86395955699168e-01 1.00384881894987e+05 
1.86546015114934e-01 1.00372213232091e+05 
1.86696079885738e-01 1.00360111005637e+05 
1.86846148146274e-01 1.00347350779950e+05 
1.86996218954569e-01 1.00336565871419e+05 
1.87146296187940e-01 1.00327391708432e+05 
1.87296381557786e-01 1.00319458363028e+05 
1.87446470273185e-01 1.00312406035191e+05 
1.87596566839813e-01 1.00306401630921e+05 
1.87746667889546e-01 1.00302277941296e+05 
1.87896771504677e-01 1.00297830786363e+05 
1.88046880945627e-01 1.00293232213247e+05 
1.88196995054772e-01 1.00289031038442e+05 
1.88347107124872e-01 1.00285084169166e+05 
1.88497222726970e-01 1.00281679733967e+05 
1.88647338922096e-01 1.00278880224040e+05 
1.88797453477593e-01 1.00276811015562e+05 
1.88947570274214e-01 1.00275600566577e+05 
1.89097689821687e-01 1.00274672450960e+05 
1.89247806113011e-01 1.00273682287071e+05 
1.89397924738498e-01 1.00273688735432e+05 
1.89548043284164e-01 1.00273829439100e+05 
1.89698159389375e-01 1.00274039967158e+05 
1.89848277369845e-01 1.00274507340408e+05 
1.89998397176128e-01 1.00275288601712e+05 
1.90148512227882e-01 1.00276010046237e+05 
1.90298628172707e-01 1.00276814836444e+05 
1.90448743922083e-01 1.00277560592598e+05 
1.90591550973368e-01 1.00278225307287e+05 
1.90741669722904e-01 1.00278598097858e+05 
1.90891794297671e-01 1.00279046647261e+05 
1.91041920764337e-01 1.00279151142487e+05 
1.91192054555248e-01 1.00279204055901e+05 
1.91342192889616e-01 1.00279063579101e+05 
1.91492334216638e-01 1.00278796707808e+05 
1.91642481519326e-01 1.00278372591399e+05 
1.91792634188922e-01 1.00277683785252e+05 
1.91942786850969e-01 1.00275938089399e+05 
1.92092941926976e-01 1.00274114456689e+05 
1.92243095596547e-01 1.00271916760548e+05 
1.92393243786300e-01 1.00270047116686e+05 
1.92543388045571e-01 1.00267306763162e+05 
1.92693528562267e-01 1.00264254058798e+05 
1.92843660515745e-01 1.00260540983726e+05 
1.92993789193029e-01 1.00256723928002e+05 
1.93143915264353e-01 1.00252218755610e+05 
1.93294039125633e-01 1.00248292006897e+05 
1.93444166656270e-01 1.00244855339975e+05 
1.93594301115757e-01 1.00241263648270e+05 
1.93744439929970e-01 1.00236479702515e+05 
1.93894590365678e-01 1.00230502357398e+05 
1.94044751139391e-01 1.00222607232094e+05 
1.94194921613337e-01 1.00212685501776e+05 
1.94345105705942e-01 1.00200968815299e+05 
1.94495303444971e-01 1.00187867036968e+05 
1.94645510825182e-01 1.00173671232557e+05 
1.94795732883420e-01 1.00158680408697e+05 
1.94945966893266e-01 1.00142710840348e+05 
1.95096210885259e-01 1.00125870224605e+05 
1.95246466824163e-01 1.00108603017641e+05 
1.95396732725784e-01 1.00090912643840e+05 
1.95547003549846e-01 1.00072687448448e+05 
1.95697282514054e-01 1.00054239185213e+05 
1.95847567349987e-01 1.00035372807924e+05 
1.95997857673605e-01 1.00016612499276e+05 
1.96148156339828e-01 9.99979412515455e+04 
1.96298461884094e-01 9.99799467434718e+04 
1.96448772046450e-01 9.99622290207345e+04 
1.96599090970246e-01 9.99454408201994e+04 
1.96749416858855e-01 9.99292465333234e+04 
1.96899749434253e-01 9.99139869893376e+04 
1.97050091215556e-01 9.99002823283759e+04 
1.97200440536574e-01 9.98859732692057e+04 
1.97350795337354e-01 9.98729943500949e+04 
1.97501160389735e-01 9.98618527853693e+04 
1.97651534279186e-01 9.98521403065043e+04 
1.97801917174871e-01 9.98438008808815e+04 
1.97952311959810e-01 9.98372498937608e+04 
1.98102716586168e-01 9.98323797329148e+04 
1.98253124219322e-01 9.98269772992114e+04 
1.98403535498008e-01 9.98217647326979e+04 
1.98553947001706e-01 9.98168120059599e+04 
1.98704360556801e-01 9.98123135736397e+04 
1.98854777479849e-01 9.98085267722303e+04 
1.99005195901754e-01 9.98053230697515e+04 
1.99155614760083e-01 9.98025039661665e+04 
1.99306036856833e-01 9.98005611943893e+04 
1.99456458768404e-01 9.97992791185421e+04 
1.99606882425042e-01 9.97987172547754e+04 
1.99757309192590e-01 9.97987156495376e+04 
1.99907737239453e-01 9.97994806778655e+04 
2.00058165577794e-01 9.98010493659412e+04 
2.00208597117627e-01 9.98019605178449e+04 
