# Liste des scalaires : TEMPS pmat 
0.00000000000000e+00 1.00000000000000e+05 
7.22956891292051e-05 1.00000000000000e+05 
1.35359240093460e-04 1.00000000000000e+05 
1.99320719813974e-04 1.00000000000000e+05 
2.63387159693473e-04 1.00000000000000e+05 
3.26799343695275e-04 1.00000000000000e+05 
3.90879130837076e-04 1.00000000000000e+05 
4.55557531538379e-04 1.00000000000000e+05 
5.20528248949855e-04 1.00000000000000e+05 
5.87095861597727e-04 1.00000000000000e+05 
6.54592047447113e-04 1.00000000000000e+05 
7.22442659441930e-04 1.00000000000000e+05 
7.91747416158199e-04 1.00000000000000e+05 
8.62715219674006e-04 1.00000000000000e+05 
9.34509501847805e-04 1.00000000000000e+05 
1.00715418819396e-03 1.00000000000000e+05 
1.08143154601972e-03 1.00000000000000e+05 
1.15765886270129e-03 1.00000000000000e+05 
1.23597505228165e-03 1.00000000000000e+05 
1.31506448778417e-03 1.00000000000000e+05 
1.39529037105409e-03 1.00000000000000e+05 
1.47680755919102e-03 1.00000000000000e+05 
1.56019341275363e-03 1.00000000000000e+05 
1.64608719811458e-03 1.00000000000000e+05 
1.73335751776564e-03 1.00000000000000e+05 
1.82164545704053e-03 1.00000000000000e+05 
1.91104614669056e-03 1.00000000000000e+05 
2.00269099792284e-03 1.00000000000000e+05 
2.09730657744977e-03 1.00000000000000e+05 
2.19320863426829e-03 1.00000000000000e+05 
2.29056559047089e-03 1.00000000000000e+05 
2.39043608460348e-03 1.00000000000000e+05 
2.49418820824204e-03 1.00000000000000e+05 
2.60045726083485e-03 1.00000000000000e+05 
2.70547483912686e-03 1.00000000000000e+05 
2.81588430352073e-03 1.00000000000000e+05 
2.92400148726030e-03 1.00000000000000e+05 
3.03421729195873e-03 1.00000000000000e+05 
3.14658359816039e-03 1.00000000000000e+05 
3.26130544584070e-03 1.00000000000000e+05 
3.37777931386426e-03 1.00000000000000e+05 
3.49657497749919e-03 1.00000000000000e+05 
3.61767877699084e-03 1.00000000000000e+05 
3.74136720413456e-03 1.00000000000000e+05 
3.86665338263596e-03 1.00000000000000e+05 
3.99216238947828e-03 1.00000000000000e+05 
4.11881487364074e-03 1.00000000000000e+05 
4.24945750926540e-03 1.00000000000000e+05 
4.38152612236416e-03 1.00000000000000e+05 
4.51481253658383e-03 1.00000000000000e+05 
4.64723199800782e-03 1.00000000000000e+05 
4.78112470174951e-03 1.00000000000000e+05 
4.91645978648299e-03 1.00000000000000e+05 
5.05343818088057e-03 1.00000000000000e+05 
5.19208567937264e-03 1.00000000000000e+05 
5.33152734991911e-03 1.00000000000000e+05 
5.47230872877187e-03 1.00000000000000e+05 
5.61454289502033e-03 1.00000000000000e+05 
5.75818462242153e-03 1.00000000000000e+05 
5.90318731564274e-03 1.00000000000000e+05 
6.04934841477409e-03 1.00000000000000e+05 
6.19643330829087e-03 1.00000000000000e+05 
6.34247878365628e-03 1.00000000000000e+05 
6.49085106052488e-03 1.00000000000000e+05 
6.63826468386312e-03 1.00000000000000e+05 
6.78718138957377e-03 1.00000000000000e+05 
6.93641186387869e-03 1.00000000000000e+05 
7.08598193888914e-03 1.00000000000000e+05 
7.23490175570519e-03 1.00000000000000e+05 
7.38516877260586e-03 1.00000000000000e+05 
7.53173658271807e-03 1.00000000000000e+05 
7.67968610445997e-03 1.00000000000000e+05 
7.83130076767470e-03 1.00000000000000e+05 
7.98307689862052e-03 1.00000000000000e+05 
8.12956997470038e-03 1.00000000000000e+05 
8.27938898583305e-03 1.00000000000000e+05 
8.42601235634356e-03 1.00000000000000e+05 
8.57536899204285e-03 1.00000000000000e+05 
8.72638774201039e-03 1.00000000000000e+05 
8.87760852461606e-03 1.00000000000000e+05 
9.02506722192914e-03 1.00000000000000e+05 
9.17493056012622e-03 1.00000000000000e+05 
9.32386585855177e-03 1.00000000000000e+05 
9.47618986082938e-03 1.00000000000000e+05 
9.62867267791861e-03 1.00000000000000e+05 
9.78155797037140e-03 1.00000000000000e+05 
9.93353239412285e-03 1.00000000000000e+05 
1.00870332568978e-02 1.00000000000000e+05 
1.02389985822595e-02 1.00000000000000e+05 
1.03935388101380e-02 1.00000000000000e+05 
1.05480251381904e-02 1.00000000000000e+05 
1.07025549739804e-02 1.00000000000000e+05 
1.08545993442454e-02 1.00000000000000e+05 
1.10067448011089e-02 1.00000000000000e+05 
1.11588348839895e-02 1.00000000000000e+05 
1.13108702327652e-02 1.00000000000000e+05 
1.14629008307222e-02 1.00000000000000e+05 
1.16149085185425e-02 1.00000000000000e+05 
1.17667758206393e-02 1.00000000000000e+05 
1.19186281029648e-02 1.00000000000000e+05 
1.20703413124575e-02 1.00000000000000e+05 
1.22219288229831e-02 1.00000000000000e+05 
1.23734789092084e-02 1.00000000000000e+05 
1.25250789150299e-02 1.00000000000000e+05 
1.26766084075765e-02 1.00000000000000e+05 
1.28281120965105e-02 1.00000000000000e+05 
1.29794968941594e-02 1.00000000000000e+05 
1.31307670838137e-02 1.00000000000000e+05 
1.32819875314749e-02 1.00000000000000e+05 
1.34331512894130e-02 1.00000000000000e+05 
1.35842011391859e-02 1.00000000000000e+05 
1.37352498563828e-02 1.00000000000000e+05 
1.38861976638651e-02 1.00000000000000e+05 
1.40373107473122e-02 1.00000000000000e+05 
1.41883200009482e-02 1.00000000000000e+05 
1.43397003800627e-02 1.00000000000000e+05 
1.44913692460116e-02 1.00000000000000e+05 
1.46432081894303e-02 1.00000000000000e+05 
1.47922510668726e-02 1.00000000000000e+05 
1.49440221386355e-02 1.00000000000000e+05 
1.50957811030212e-02 1.00000000000000e+05 
1.52475702615596e-02 1.00000000000000e+05 
1.53993686426069e-02 1.00000000000000e+05 
1.55513833929683e-02 1.00000000000000e+05 
1.57008375760979e-02 1.00000000000000e+05 
1.58532696678476e-02 1.00000000000000e+05 
1.60051777976737e-02 1.00000000000000e+05 
1.61572428241916e-02 1.00000000000000e+05 
1.63088368886782e-02 1.00000000000000e+05 
1.64609948855043e-02 1.00000000000000e+05 
1.66113622453752e-02 1.00000000000000e+05 
1.67634881975355e-02 1.00000000000000e+05 
1.69156353318924e-02 1.00000000000000e+05 
1.70678653668200e-02 1.00000000000000e+05 
1.72185378927439e-02 1.00000000000000e+05 
1.73708733609236e-02 1.00000000000000e+05 
1.75200244325469e-02 1.00000000000000e+05 
1.76723968754466e-02 1.00000000000000e+05 
1.78247364160290e-02 1.00000000000000e+05 
1.79771124101168e-02 1.00000000000000e+05 
1.81294738324760e-02 1.00000000000000e+05 
1.82818577888080e-02 1.00000000000000e+05 
1.84343012983630e-02 1.00000000000000e+05 
1.85866450931832e-02 1.00000000000000e+05 
1.87389739364222e-02 1.00000000000000e+05 
1.88913460006319e-02 1.00000000000000e+05 
1.90437264538413e-02 1.00000000000000e+05 
1.91961664035825e-02 1.00000000000000e+05 
1.93472595921452e-02 1.00000000000000e+05 
1.94997906825058e-02 1.00000000000000e+05 
1.96524680328310e-02 1.00000000000000e+05 
1.98055087832491e-02 1.00000000000000e+05 
1.99586467701805e-02 1.00000000000000e+05 
2.01125117195911e-02 1.00000000000000e+05 
2.02642612232880e-02 1.00000000000000e+05 
2.04178980606552e-02 1.00000000000000e+05 
2.05714269635168e-02 1.00000000000000e+05 
2.07249160796592e-02 1.00000000000000e+05 
2.08783849111980e-02 1.00000000000000e+05 
2.10320078172823e-02 1.00000000000000e+05 
2.11852755603233e-02 1.00000000000000e+05 
2.13393693809781e-02 1.00000000000000e+05 
2.14935878065564e-02 1.00000000000000e+05 
2.16478704743579e-02 1.00000000000000e+05 
2.18022005702748e-02 1.00000000000000e+05 
2.19566591167902e-02 1.00000000000000e+05 
2.21112668423687e-02 1.00000000000000e+05 
2.22660944539370e-02 1.00000000000000e+05 
2.24209137310091e-02 1.00000000000000e+05 
2.25758954350106e-02 1.00000000000000e+05 
2.27308753995675e-02 1.00000000000000e+05 
2.28859505162957e-02 1.00000000000000e+05 
2.30385908801084e-02 1.00000000000000e+05 
2.31939544855638e-02 1.00000000000000e+05 
2.33494888616347e-02 1.00000000000000e+05 
2.35052589825903e-02 1.00000000000000e+05 
2.36610346146681e-02 1.00000000000000e+05 
2.38167553905559e-02 1.00000000000000e+05 
2.39724706655079e-02 1.00000000000000e+05 
2.41281586079079e-02 1.00000000000000e+05 
2.42837735065680e-02 1.00000000000000e+05 
2.44394228291779e-02 1.00000000000000e+05 
2.45950307888247e-02 1.00000000000000e+05 
2.47507042742177e-02 1.00000000000000e+05 
2.49065468360108e-02 1.00000000000000e+05 
2.50626233892195e-02 1.00000000000000e+05 
2.52189281520242e-02 1.00000000000000e+05 
2.53755924827183e-02 1.00000000000000e+05 
2.55326532592879e-02 1.00000000000000e+05 
2.56902680835113e-02 1.00000000000000e+05 
2.58477667235397e-02 1.00000000000000e+05 
2.60060828357648e-02 1.00000000000000e+05 
2.61642398061605e-02 1.00000000000000e+05 
2.63220272740371e-02 1.00000000000000e+05 
2.64798621127260e-02 1.00000000000000e+05 
2.66376381097775e-02 1.00000000000000e+05 
2.67954426073930e-02 1.00000000000000e+05 
2.69532523003450e-02 1.00000000000000e+05 
2.71109566811794e-02 1.00000000000000e+05 
2.72692300692794e-02 1.00000000000000e+05 
2.74270741814597e-02 1.00000000000000e+05 
2.75861566953464e-02 1.00000000000000e+05 
2.77452922399023e-02 1.00000000000000e+05 
2.79044006571341e-02 1.00000000000000e+05 
2.80634336097191e-02 1.00000000000000e+05 
2.82225889900877e-02 1.00000000000000e+05 
2.83818398836354e-02 1.00000000000000e+05 
2.85412655432978e-02 1.00000000000000e+05 
2.87010309672513e-02 1.00000000000000e+05 
2.88612184972882e-02 1.00000000000000e+05 
2.90218991200477e-02 1.00000000000000e+05 
2.91827592637087e-02 1.00000000000000e+05 
2.93435234781255e-02 1.00000000000000e+05 
2.95042562768555e-02 1.00000000000000e+05 
2.96651057185731e-02 1.00000000000000e+05 
2.98260614796895e-02 1.00000000000000e+05 
2.99871132379124e-02 1.00000000000000e+05 
3.01483960828381e-02 1.00000000000000e+05 
3.03099115402146e-02 1.00000000000000e+05 
3.04717666883416e-02 1.00000000000000e+05 
3.06341206550258e-02 1.00000000000000e+05 
3.07971744491199e-02 1.00000000000000e+05 
3.09603472175326e-02 1.00000000000000e+05 
3.11235522388859e-02 1.00000000000000e+05 
3.12867735173796e-02 1.00000000000000e+05 
3.14501210261398e-02 1.00000000000000e+05 
3.16131501938170e-02 1.00000000000000e+05 
3.17767748974521e-02 1.00000000000000e+05 
3.19405009709843e-02 1.00000000000000e+05 
3.21042277753462e-02 1.00000000000000e+05 
3.22679237197041e-02 1.00000000000000e+05 
3.24316515628804e-02 1.00000000000000e+05 
3.25953564607407e-02 1.00000000000000e+05 
3.27593932850170e-02 1.00000000000000e+05 
3.29235830105039e-02 1.00000000000000e+05 
3.30880440304211e-02 1.00000000000000e+05 
3.32528299706155e-02 1.00000000000000e+05 
3.34181038152521e-02 1.00000000000000e+05 
3.35837427626498e-02 1.00000000000000e+05 
3.37498168219717e-02 1.00000000000000e+05 
3.39157172582899e-02 1.00000000000000e+05 
3.40815356675228e-02 1.00000000000000e+05 
3.42472007251678e-02 1.00000000000000e+05 
3.44131118665797e-02 1.00000000000000e+05 
3.45793189937701e-02 1.00000000000000e+05 
3.47459907909554e-02 1.00000000000000e+05 
3.49125966786950e-02 1.00000000000000e+05 
3.50794292737038e-02 1.00000000000000e+05 
3.52459302738160e-02 1.00000000000000e+05 
3.54125605666118e-02 1.00000000000000e+05 
3.55794484545833e-02 1.00000000000000e+05 
3.57467053892676e-02 1.00000000000000e+05 
3.59140294705656e-02 1.00000000000000e+05 
3.60817059905033e-02 1.00000000000000e+05 
3.62492831555202e-02 1.00000000000000e+05 
3.64170746529896e-02 1.00000000000000e+05 
3.65851053161604e-02 1.00000000000000e+05 
3.67536367193112e-02 1.00000000000000e+05 
3.69219797495800e-02 1.00000000000000e+05 
3.70904963601897e-02 1.00000000000000e+05 
3.72587910387138e-02 1.00000000000000e+05 
3.74273186473822e-02 1.00000000000000e+05 
3.75960130736594e-02 1.00000000000000e+05 
3.77645355703479e-02 1.00000000000000e+05 
3.79332435321059e-02 1.00000000000000e+05 
3.81023785343060e-02 1.00000000000000e+05 
3.82716593503710e-02 1.00000000000000e+05 
3.84410807652117e-02 1.00000000000000e+05 
3.86110423538385e-02 1.00000000000000e+05 
3.87817895124815e-02 1.00000000000000e+05 
3.89527407152149e-02 1.00000000000000e+05 
3.91240447503382e-02 1.00000000000000e+05 
3.92952293602403e-02 1.00000000000000e+05 
3.94652612360305e-02 1.00000000000000e+05 
3.96351539642626e-02 1.00000000000000e+05 
3.98057797697786e-02 1.00000000000000e+05 
3.99764397269100e-02 1.00000000000000e+05 
4.01473046143127e-02 1.00000000000000e+05 
4.03184953597048e-02 1.00000000000000e+05 
4.04895234379345e-02 1.00000000000000e+05 
4.06608184050383e-02 1.00000000000000e+05 
4.08316184959795e-02 1.00000000000000e+05 
4.10021684436483e-02 1.00000000000000e+05 
4.11733652892647e-02 1.00000000000000e+05 
4.13450820161649e-02 1.00000000000000e+05 
4.15171426170460e-02 1.00000000000000e+05 
4.16892028459497e-02 1.00000000000000e+05 
4.18613456372472e-02 1.00000000000000e+05 
4.20340915822520e-02 1.00000000000000e+05 
4.22069154671642e-02 1.00000000000000e+05 
4.23802529574409e-02 1.00000000000000e+05 
4.25546838003160e-02 1.00000000000000e+05 
4.27294217767241e-02 1.00000000000000e+05 
4.29040489189000e-02 1.00000000000000e+05 
4.30791973432214e-02 1.00000000000000e+05 
4.32542060450119e-02 1.00000000000000e+05 
4.34287917849299e-02 1.00000000000000e+05 
4.36038503701313e-02 1.00000000000000e+05 
4.37798539557746e-02 1.00000000000000e+05 
4.39551264798464e-02 1.00000000000000e+05 
4.41308841437595e-02 1.00000000000000e+05 
4.43072536885259e-02 1.00000000000000e+05 
4.44841619854262e-02 1.00000000000000e+05 
4.46609676246644e-02 1.00000000000000e+05 
4.48381801841522e-02 1.00000000000000e+05 
4.50153325712657e-02 1.00000000000000e+05 
4.51929841615529e-02 1.00000000000000e+05 
4.53717886334792e-02 1.00000000000000e+05 
4.55509098425569e-02 1.00000000000000e+05 
4.57292813210008e-02 1.00000000000000e+05 
4.59078599753484e-02 1.00000000000000e+05 
4.60863243636035e-02 1.00000000000000e+05 
4.62653909795090e-02 1.00000000000000e+05 
4.64446580005942e-02 1.00000000000000e+05 
4.66243749551295e-02 1.00000000000000e+05 
4.68054859129133e-02 1.00000000000000e+05 
4.69870255020971e-02 1.00000000000000e+05 
4.71686445635816e-02 1.00000000000000e+05 
4.73501386946765e-02 1.00000000000000e+05 
4.75318318717328e-02 1.00000000000000e+05 
4.77142928308081e-02 1.00000000000000e+05 
4.78872956784186e-02 1.00000000000000e+05 
4.80706619426726e-02 1.00000000000000e+05 
4.82472858843445e-02 1.00000000000000e+05 
4.84305670665909e-02 1.00000000000000e+05 
4.86136898711073e-02 1.00000000000000e+05 
4.87911170838804e-02 1.00000000000000e+05 
4.89765541627462e-02 1.00000000000000e+05 
4.91567522961671e-02 1.00000000000000e+05 
4.93420359947784e-02 1.00000000000000e+05 
4.95155846685794e-02 1.00000000000000e+05 
4.96975562582092e-02 1.00000000000000e+05 
4.98679266860408e-02 1.00000000000000e+05 
5.00461235461255e-02 1.00000000000000e+05 
5.02320894990652e-02 1.00000000000000e+05 
5.04067339220642e-02 1.00000000000000e+05 
5.05900583256041e-02 1.00000000000000e+05 
5.07775584161195e-02 1.00000000000000e+05 
5.09508867431528e-02 1.00000000000000e+05 
5.11342985992594e-02 1.00000000000000e+05 
5.13226956117399e-02 1.00000000000000e+05 
5.15021581969714e-02 1.00000000000000e+05 
5.16913449658136e-02 1.00000000000000e+05 
5.18784096338665e-02 1.00000000000000e+05 
5.20658416507008e-02 1.00000000000000e+05 
5.22522320110415e-02 1.00000000000000e+05 
5.24426471218096e-02 1.00000000000000e+05 
5.26306873766284e-02 1.00000000000000e+05 
5.28215380396365e-02 1.00000000000000e+05 
5.30130279095459e-02 1.00000000000000e+05 
5.32041266768987e-02 1.00000000000000e+05 
5.33962279768096e-02 1.00000000000000e+05 
5.35789293455753e-02 1.00000000000000e+05 
5.37682101994497e-02 1.00000000000000e+05 
5.39530685616152e-02 1.00000000000000e+05 
5.41459560904538e-02 1.00000000000000e+05 
5.43255467272240e-02 1.00000000000000e+05 
5.45160764166656e-02 1.00000000000000e+05 
5.47001188047732e-02 1.00000000000000e+05 
5.48907166315959e-02 1.00000000000000e+05 
5.50800510880662e-02 1.00000000000000e+05 
5.52652163685897e-02 1.00000000000000e+05 
5.54505091364656e-02 1.00000000000000e+05 
5.56435240893066e-02 1.00000000000000e+05 
5.58243893513631e-02 1.00000000000000e+05 
5.60123995198355e-02 1.00000000000000e+05 
5.62001710082768e-02 1.00000000000000e+05 
5.63898251925395e-02 1.00000000000000e+05 
5.65842863459207e-02 1.00000000000000e+05 
5.67793463481918e-02 1.00000000000000e+05 
5.69665344763108e-02 1.00000000000000e+05 
5.71628376159126e-02 1.00000000000000e+05 
5.73510388681586e-02 1.00000000000000e+05 
5.75487455668550e-02 1.00000000000000e+05 
5.77329485177735e-02 1.00000000000000e+05 
5.79257800897878e-02 1.00000000000000e+05 
5.81114669029758e-02 1.00000000000000e+05 
5.83056020655483e-02 1.00000000000000e+05 
5.84970505516906e-02 1.00000000000000e+05 
5.86945438261125e-02 1.00000000000000e+05 
5.88818226980872e-02 1.00000000000000e+05 
5.90789257175262e-02 1.00000000000000e+05 
5.92674934374852e-02 1.00000000000000e+05 
5.94664924243996e-02 1.00000000000000e+05 
5.96647669613605e-02 1.00000000000000e+05 
5.98651136107057e-02 1.00000000000000e+05 
6.00572636046174e-02 1.00000000000000e+05 
6.02585142508084e-02 1.00000000000000e+05 
6.04549160941866e-02 1.00000000000000e+05 
6.06564210118765e-02 1.00000000000000e+05 
6.08579541540464e-02 1.00000000000000e+05 
6.10596459948851e-02 1.00000000000000e+05 
6.12509412445677e-02 1.00000000000000e+05 
6.14446392451936e-02 1.00000000000000e+05 
6.16468604238598e-02 1.00000000000000e+05 
6.18491230854154e-02 1.00000000000000e+05 
6.20515767937210e-02 1.00000000000000e+05 
6.22543838032508e-02 1.00000000000000e+05 
6.24576163606106e-02 1.00000000000000e+05 
6.26614605221777e-02 1.00000000000000e+05 
6.28659868252823e-02 1.00000000000000e+05 
6.30714284148980e-02 1.00000000000000e+05 
6.32776780222177e-02 1.00000000000000e+05 
6.34842583610871e-02 1.00000000000000e+05 
6.36910017328159e-02 1.00000000000000e+05 
6.38975942683208e-02 1.00000000000000e+05 
6.41038284276354e-02 1.00000000000000e+05 
6.43096192037696e-02 1.00000000000000e+05 
6.45150030203613e-02 1.00000000000000e+05 
6.47202865371155e-02 1.00000000000000e+05 
6.49259016897485e-02 1.00000000000000e+05 
6.51321137434515e-02 1.00000000000000e+05 
6.53387588536039e-02 1.00000000000000e+05 
6.55458287790706e-02 1.00000000000000e+05 
6.57530534657887e-02 1.00000000000000e+05 
6.59604144132739e-02 1.00000000000000e+05 
6.61679543930952e-02 1.00000000000000e+05 
6.63758461597040e-02 1.00000000000000e+05 
6.65840286697773e-02 1.00000000000000e+05 
6.67925540832468e-02 1.00000000000000e+05 
6.70014316008874e-02 1.00000000000000e+05 
6.72107824222473e-02 1.00000000000000e+05 
6.74206117018378e-02 1.00000000000000e+05 
6.76309841552536e-02 1.00000000000000e+05 
6.78420101042978e-02 1.00000000000000e+05 
6.80538324077379e-02 1.00000000000000e+05 
6.82664598340969e-02 1.00000000000000e+05 
6.84799875574162e-02 1.00000000000000e+05 
6.86932098224411e-02 1.00000000000000e+05 
6.89061418713059e-02 1.00000000000000e+05 
6.91185186110995e-02 1.00000000000000e+05 
6.93302826634213e-02 1.00000000000000e+05 
6.95413742644629e-02 1.00000000000000e+05 
6.97523190135574e-02 1.00000000000000e+05 
6.99633345598789e-02 1.00000000000000e+05 
7.01747997094806e-02 1.00000000000000e+05 
7.03868252341949e-02 1.00000000000000e+05 
7.05996073086079e-02 1.00000000000000e+05 
7.08131182730032e-02 1.00000000000000e+05 
7.10274500933109e-02 1.00000000000000e+05 
7.12425693407601e-02 1.00000000000000e+05 
7.14580657247967e-02 1.00000000000000e+05 
7.16738095566220e-02 1.00000000000000e+05 
7.18895887789158e-02 1.00000000000000e+05 
7.20665070100872e-02 1.00000000000000e+05 
7.22541965451437e-02 1.00000000000000e+05 
7.24530437539800e-02 1.00000000000000e+05 
7.26293012237062e-02 1.00000000000000e+05 
7.28177043660465e-02 1.00000000000000e+05 
7.29975032649506e-02 1.00000000000000e+05 
7.31906336728068e-02 1.00000000000000e+05 
7.33798220099978e-02 1.00000000000000e+05 
7.35607073601862e-02 1.00000000000000e+05 
7.37564027009473e-02 1.00000000000000e+05 
7.39412072842106e-02 1.00000000000000e+05 
7.41355943071483e-02 1.00000000000000e+05 
7.43138797501394e-02 1.00000000000000e+05 
7.45012439663117e-02 1.00000000000000e+05 
7.46931957375511e-02 1.00000000000000e+05 
7.48934683531841e-02 1.00000000000000e+05 
7.50678296420893e-02 1.00000000000000e+05 
7.52519809978006e-02 1.00000000000000e+05 
7.54460052034343e-02 1.00000000000000e+05 
7.56304050995746e-02 1.00000000000000e+05 
7.58257498250468e-02 1.00000000000000e+05 
7.60324611260907e-02 1.00000000000000e+05 
7.62108423866342e-02 1.00000000000000e+05 
7.64035218759136e-02 1.00000000000000e+05 
7.66096212363298e-02 1.00000000000000e+05 
7.68049247405241e-02 1.00000000000000e+05 
7.69916610494867e-02 1.00000000000000e+05 
7.71903855674434e-02 1.00000000000000e+05 
7.73823871411520e-02 1.00000000000000e+05 
7.75833717023412e-02 1.00000000000000e+05 
7.77895889499621e-02 1.00000000000000e+05 
7.79708098936125e-02 1.00000000000000e+05 
7.81601768734446e-02 1.00000000000000e+05 
7.83585848744844e-02 1.00000000000000e+05 
7.85602744714727e-02 1.00000000000000e+05 
7.87406427104555e-02 1.00000000000000e+05 
7.89280517017829e-02 1.00000000000000e+05 
7.91243777412149e-02 1.00000000000000e+05 
7.93031658388385e-02 1.00000000000000e+05 
7.94900358411722e-02 1.00000000000000e+05 
7.96853809937762e-02 1.00000000000000e+05 
7.98688351050351e-02 1.00000000000000e+05 
8.00604820419462e-02 1.00000000000000e+05 
8.02485777310598e-02 1.00000000000000e+05 
8.04467032476133e-02 1.00000000000000e+05 
8.06337845568846e-02 1.00000000000000e+05 
8.08326930151781e-02 1.00000000000000e+05 
8.10230017025006e-02 1.00000000000000e+05 
8.12039383201136e-02 1.00000000000000e+05 
8.13835746256533e-02 1.00000000000000e+05 
8.15608142510160e-02 1.00000000000000e+05 
8.17512360650054e-02 1.00000000000000e+05 
8.19270441861402e-02 1.00000000000000e+05 
8.21088645285480e-02 1.00000000000000e+05 
8.22894393186400e-02 1.00000000000000e+05 
8.24689428156726e-02 1.00000000000000e+05 
8.26564257323078e-02 1.00000000000000e+05 
8.28522913180680e-02 1.00000000000000e+05 
8.30281500834855e-02 1.00000000000000e+05 
8.32118315352139e-02 1.00000000000000e+05 
8.33897365531066e-02 1.00000000000000e+05 
8.35710989806418e-02 1.00000000000000e+05 
8.37534501068792e-02 1.00000000000000e+05 
8.39510147084013e-02 1.00000000000000e+05 
8.41246816148762e-02 1.00000000000000e+05 
8.43064372375065e-02 1.00000000000000e+05 
8.44855918583681e-02 1.00000000000000e+05 
8.46594087311702e-02 1.00000000000000e+05 
8.48349504697208e-02 1.00000000000000e+05 
8.50192407166034e-02 1.00000000000000e+05 
8.51961731104978e-02 1.00000000000000e+05 
8.53690001106360e-02 1.00000000000000e+05 
8.55516348044386e-02 1.00000000000000e+05 
8.57362560374761e-02 1.00000000000000e+05 
8.59168488968250e-02 1.00000000000000e+05 
8.60936801449295e-02 1.00000000000000e+05 
8.62758632781493e-02 1.00000000000000e+05 
8.64646631953381e-02 1.00000000000000e+05 
8.66521311493663e-02 1.00000000000000e+05 
8.68242746337164e-02 1.00000000000000e+05 
8.69915566583902e-02 1.00000000000000e+05 
8.71663821591981e-02 1.00000000000000e+05 
8.73333731931059e-02 1.00000000000000e+05 
8.75077501907061e-02 1.00000000000000e+05 
8.76792623812203e-02 1.00000000000000e+05 
8.78588658380238e-02 1.00000000000000e+05 
8.80324784131101e-02 1.00000000000000e+05 
8.82038250413717e-02 1.00000000000000e+05 
8.83734615177000e-02 1.00000000000000e+05 
8.85511059271101e-02 1.00000000000000e+05 
8.87295189505390e-02 1.00000000000000e+05 
8.89084890461219e-02 1.00000000000000e+05 
8.90811293118552e-02 1.00000000000000e+05 
8.92594373277598e-02 1.00000000000000e+05 
8.94419573929987e-02 1.00000000000000e+05 
8.96237425453409e-02 1.00000000000000e+05 
8.98080428550946e-02 1.00000000000000e+05 
8.99880417391107e-02 1.00000000000000e+05 
9.01673361175840e-02 1.00000000000000e+05 
9.03504434872098e-02 1.00000000000000e+05 
9.05375601564905e-02 1.00000000000000e+05 
9.07341673525311e-02 1.00000000000000e+05 
9.09162553111206e-02 1.00000000000000e+05 
9.11076419717530e-02 1.00000000000000e+05 
9.12930618951776e-02 1.00000000000000e+05 
9.14953102386114e-02 1.00000000000000e+05 
9.16854332240782e-02 1.00000000000000e+05 
9.18863701927345e-02 1.00000000000000e+05 
9.20626447431943e-02 1.00000000000000e+05 
9.22464584438700e-02 1.00000000000000e+05 
9.24239768613854e-02 1.00000000000000e+05 
9.26103316624001e-02 1.00000000000000e+05 
9.27858692378952e-02 1.00000000000000e+05 
9.29686212477778e-02 1.00000000000000e+05 
9.31559888849819e-02 1.00000000000000e+05 
9.33450882768568e-02 1.00000000000000e+05 
9.35450415752102e-02 1.00000000000000e+05 
9.37339653659151e-02 1.00000000000000e+05 
9.39161357100021e-02 1.00000000000000e+05 
9.41078981721805e-02 1.00000000000000e+05 
9.42854991459281e-02 1.00000000000000e+05 
9.44668671873452e-02 1.00000000000000e+05 
9.46406366138092e-02 1.00000000000000e+05 
9.48204614037665e-02 1.00000000000000e+05 
9.49944270112814e-02 1.00000000000000e+05 
9.51754788649320e-02 1.00000000000000e+05 
9.53640449998287e-02 1.00000000000000e+05 
9.55441685795748e-02 1.00000000000000e+05 
9.57323888059548e-02 1.00000000000000e+05 
9.59298346915747e-02 1.00000000000000e+05 
9.61045949524056e-02 1.00000000000000e+05 
9.62871095988735e-02 1.00000000000000e+05 
9.64738411063107e-02 1.00000000000000e+05 
9.66719501431253e-02 1.00000000000000e+05 
9.68482318612238e-02 1.00000000000000e+05 
9.70335504169078e-02 1.00000000000000e+05 
9.72284274681282e-02 1.00000000000000e+05 
9.74103228338731e-02 1.00000000000000e+05 
9.76023533842380e-02 1.00000000000000e+05 
9.78054369564395e-02 1.00000000000000e+05 
9.79851408847598e-02 1.00000000000000e+05 
9.81773696446407e-02 1.00000000000000e+05 
9.83823131542120e-02 1.00000000000000e+05 
9.85713387471019e-02 1.00000000000000e+05 
9.87751446817426e-02 1.00000000000000e+05 
9.89936278863038e-02 1.00000000000000e+05 
9.91790322315308e-02 1.00000000000000e+05 
9.93816032293564e-02 1.00000000000000e+05 
9.96018368604046e-02 1.00000000000000e+05 
9.98001115837125e-02 1.00000000000000e+05 
1.00007999095141e-01 1.00000000000000e+05 
1.00221784738269e-01 1.00000000000000e+05 
1.00423021732371e-01 1.00000000000000e+05 
1.00633748156158e-01 1.00000000000000e+05 
1.00850210470183e-01 1.00000000000000e+05 
1.01060417708399e-01 1.00000000000000e+05 
1.01277467455599e-01 1.00000000000000e+05 
1.01497403751066e-01 1.00000000000000e+05 
1.01704151261665e-01 1.00000000000000e+05 
1.01921639253166e-01 1.00000000000000e+05 
1.02141652539212e-01 1.00000000000000e+05 
1.02358408533974e-01 1.00000000000000e+05 
1.02578318492351e-01 1.00000000000000e+05 
1.02798192431133e-01 1.00000000000000e+05 
1.03010691378213e-01 1.00000000000000e+05 
1.03230683613321e-01 1.00000000000000e+05 
1.03450683438105e-01 1.00000000000000e+05 
1.03670651242077e-01 1.00000000000000e+05 
1.03890605823310e-01 1.00000000000000e+05 
1.04110557362927e-01 1.00000000000000e+05 
1.04330588210533e-01 1.00000000000000e+05 
1.04550706220458e-01 1.00000000000000e+05 
1.04770855508674e-01 1.00000000000000e+05 
1.04991003149182e-01 1.00000000000000e+05 
1.05211154628694e-01 1.00000000000000e+05 
1.05431315758856e-01 1.00000000000000e+05 
1.05651549090962e-01 1.00000000000000e+05 
1.05871865116651e-01 1.00000000000000e+05 
1.06092208724785e-01 1.00000000000000e+05 
1.06312563172545e-01 1.00000000000000e+05 
1.06532943042730e-01 1.00000000000000e+05 
1.06753348109716e-01 1.00000000000000e+05 
1.06973839431711e-01 1.00000000000000e+05 
1.07194427459179e-01 1.00000000000000e+05 
1.07415056921149e-01 1.00000000000000e+05 
1.07635711831671e-01 1.00000000000000e+05 
1.07856408303587e-01 1.00000000000000e+05 
1.08077143293506e-01 1.00000000000000e+05 
1.08297969702148e-01 1.00000000000000e+05 
1.08518890228874e-01 1.00000000000000e+05 
1.08739846172610e-01 1.00000000000000e+05 
1.08960830822158e-01 1.00000000000000e+05 
1.09181856754838e-01 1.00000000000000e+05 
1.09402915858852e-01 1.00000000000000e+05 
1.09624042749917e-01 1.00000000000000e+05 
1.09845250416387e-01 1.00000000000000e+05 
1.10066480613516e-01 1.00000000000000e+05 
1.10287735896058e-01 1.00000000000000e+05 
1.10509034048768e-01 1.00000000000000e+05 
1.10730363447534e-01 1.00000000000000e+05 
1.10951750641517e-01 1.00000000000000e+05 
1.11173211673773e-01 1.00000000000000e+05 
1.11394688157717e-01 1.00000000000000e+05 
1.11616183004260e-01 1.00000000000000e+05 
1.11837717600706e-01 1.00000000000000e+05 
1.12059278597458e-01 1.00000000000000e+05 
1.12280888529983e-01 1.00000000000000e+05 
1.12502564468812e-01 1.00000000000000e+05 
1.12724250773066e-01 1.00000000000000e+05 
1.12945955408026e-01 1.00000000000000e+05 
1.13167702410261e-01 1.00000000000000e+05 
1.13389477621107e-01 1.00000000000000e+05 
1.13611296216335e-01 1.00000000000000e+05 
1.13833178233502e-01 1.00000000000000e+05 
1.14055071307859e-01 1.00000000000000e+05 
1.14276984223846e-01 1.00000000000000e+05 
1.14498940225544e-01 1.00000000000000e+05 
1.14720923766858e-01 1.00000000000000e+05 
1.14942944482452e-01 1.00000000000000e+05 
1.15165019371416e-01 1.00000000000000e+05 
1.15387088798517e-01 1.00000000000000e+05 
1.15609195581275e-01 1.00000000000000e+05 
1.15831340229767e-01 1.00000000000000e+05 
1.16053510086172e-01 1.00000000000000e+05 
1.16275670036133e-01 1.00000000000000e+05 
1.16497872616196e-01 1.00000000000000e+05 
1.16720071370923e-01 1.00000000000000e+05 
1.16942306847165e-01 1.00000000000000e+05 
1.17164566755429e-01 1.00000000000000e+05 
1.17386826987887e-01 1.00000000000000e+05 
1.17609072815478e-01 1.00000000000000e+05 
1.17831350523068e-01 1.00000000000000e+05 
1.18053616905544e-01 1.00000000000000e+05 
1.18275906103592e-01 1.00000000000000e+05 
1.18498215179265e-01 1.00000000000000e+05 
1.18720517532435e-01 1.00000000000000e+05 
1.18942807796386e-01 1.00000000000000e+05 
1.19165129614786e-01 1.00000000000000e+05 
1.19387438824762e-01 1.00000000000000e+05 
1.19609763341788e-01 1.00000000000000e+05 
1.19832104922257e-01 1.00000000000000e+05 
1.20054436166861e-01 1.00000000000000e+05 
1.20276759350196e-01 1.00000000000000e+05 
1.20499112111579e-01 1.00000000000000e+05 
1.20721451135757e-01 1.00000000000000e+05 
1.20943799411993e-01 1.00000000000000e+05 
1.21166161469038e-01 1.00000000000000e+05 
1.21388507867545e-01 1.00000000000000e+05 
1.21610845247876e-01 1.00000000000000e+05 
1.21833209536316e-01 1.00000000000000e+05 
1.22055556671632e-01 1.00000000000000e+05 
1.22277911103084e-01 1.00000000000000e+05 
1.22500282324096e-01 1.00000000000000e+05 
1.22722639246089e-01 1.00000000000000e+05 
1.22944991220873e-01 1.00000000000000e+05 
1.23167371891604e-01 1.00000000000001e+05 
1.23389736182846e-01 1.00000000000001e+05 
1.23612108039400e-01 1.00000000000001e+05 
1.23834498632358e-01 1.00000000000001e+05 
1.24056876436655e-01 1.00000000000002e+05 
1.24279251825269e-01 1.00000000000003e+05 
1.24501654398330e-01 1.00000000000005e+05 
1.24724039821803e-01 1.00000000000007e+05 
1.24946431520693e-01 1.00000000000009e+05 
1.25168840304431e-01 1.00000000000014e+05 
1.25391234863621e-01 1.00000000000021e+05 
1.25613626424181e-01 1.00000000000030e+05 
1.25836042872208e-01 1.00000000000044e+05 
1.26058441187688e-01 1.00000000000060e+05 
1.26280842211730e-01 1.00000000000079e+05 
1.26503257436280e-01 1.00000000000112e+05 
1.26725657072059e-01 1.00000000000165e+05 
1.26948053247615e-01 1.00000000000223e+05 
1.27170473717242e-01 1.00000000000313e+05 
1.27392874943037e-01 1.00000000000374e+05 
1.27615278247861e-01 1.00000000000419e+05 
1.27837694284827e-01 1.00000000000546e+05 
1.28060094068856e-01 1.00000000000805e+05 
1.28282488212123e-01 1.00000000001254e+05 
1.28504908266202e-01 1.00000000002156e+05 
1.28727310709316e-01 1.00000000003797e+05 
1.28949717869453e-01 1.00000000007535e+05 
1.29172140838395e-01 1.00000000017418e+05 
1.29394552305090e-01 1.00000000034079e+05 
1.29616961006823e-01 1.00000000059369e+05 
1.29839401762240e-01 1.00000000097326e+05 
1.30061830685039e-01 1.00000000148123e+05 
1.30284269080692e-01 1.00000000319407e+05 
1.30506726756720e-01 1.00000000515042e+05 
1.30729178813872e-01 1.00000000722352e+05 
1.30951634681405e-01 1.00000000962773e+05 
1.31174128967543e-01 1.00000001304422e+05 
1.31396619475978e-01 1.00000001546588e+05 
1.31619123109741e-01 1.00000001778050e+05 
1.31841645171761e-01 1.00000002032696e+05 
1.32064163584963e-01 1.00000002222183e+05 
1.32286686546375e-01 1.00000002481640e+05 
1.32509249136581e-01 1.00000002814179e+05 
1.32731809185550e-01 1.00000003237249e+05 
1.32954382440730e-01 1.00000003743775e+05 
1.33176975661557e-01 1.00000004346737e+05 
1.33399567076099e-01 1.00000005071355e+05 
1.33622161782757e-01 1.00000005938870e+05 
1.33844799165965e-01 1.00000006989877e+05 
1.34067435149473e-01 1.00000008210417e+05 
1.34290085835316e-01 1.00000009606456e+05 
1.34512759042364e-01 1.00000011279493e+05 
1.34735433991273e-01 1.00000013211463e+05 
1.34958113039558e-01 1.00000015462077e+05 
1.35180837018691e-01 1.00000018153346e+05 
1.35403559842492e-01 1.00000021251043e+05 
1.35626296210857e-01 1.00000024786640e+05 
1.35849052621769e-01 1.00000029023892e+05 
1.36071809452927e-01 1.00000034022665e+05 
1.36294565389200e-01 1.00000039912486e+05 
1.36517363893400e-01 1.00000047074178e+05 
1.36740156873423e-01 1.00000055601275e+05 
1.36962960417559e-01 1.00000065689975e+05 
1.37185784024728e-01 1.00000077953910e+05 
1.37408608059808e-01 1.00000092709373e+05 
1.37631429475467e-01 1.00000110399638e+05 
1.37854295929541e-01 1.00000131799607e+05 
1.38077158604315e-01 1.00000157439897e+05 
1.38300031708198e-01 1.00000188045133e+05 
1.38522925637122e-01 1.00000224892912e+05 
1.38745822254967e-01 1.00000268902196e+05 
1.38968720821880e-01 1.00000321046560e+05 
1.39191666211333e-01 1.00000383044980e+05 
1.39414611394635e-01 1.00000455739579e+05 
1.39637570541385e-01 1.00000540541257e+05 
1.39860553066829e-01 1.00000639776920e+05 
1.40083540765081e-01 1.00000755109907e+05 
1.40306528074023e-01 1.00000887594984e+05 
1.40529565396269e-01 1.00001040508822e+05 
1.40752606502343e-01 1.00001214684734e+05 
1.40975664347565e-01 1.00001411976652e+05 
1.41198750186939e-01 1.00001636363995e+05 
1.41421846517933e-01 1.00001889896520e+05 
1.41644947603539e-01 1.00002173520048e+05 
1.41868100837369e-01 1.00002493279628e+05 
1.42091261378751e-01 1.00002849500762e+05 
1.42314437417298e-01 1.00003245024425e+05 
1.42537641349901e-01 1.00003688026343e+05 
1.42760856128018e-01 1.00004181045128e+05 
1.42984078094078e-01 1.00004727395622e+05 
1.43207351294554e-01 1.00005338685832e+05 
1.43430631312653e-01 1.00006014018867e+05 
1.43653922604458e-01 1.00006760047575e+05 
1.43877236944830e-01 1.00007596321821e+05 
1.44100558236666e-01 1.00008530220452e+05 
1.44323882024724e-01 1.00009570509899e+05 
1.44547253735577e-01 1.00010743638660e+05 
1.44770630908023e-01 1.00012053135656e+05 
1.44994017997889e-01 1.00013518389617e+05 
1.45217426364187e-01 1.00015186048867e+05 
1.45440839578781e-01 1.00017085398916e+05 
1.45664252260870e-01 1.00019231828465e+05 
1.45887710016487e-01 1.00021690272500e+05 
1.46111171696108e-01 1.00024480695171e+05 
1.46334640997757e-01 1.00027662435998e+05 
1.46558129276980e-01 1.00031318565896e+05 
1.46781619788148e-01 1.00035543240114e+05 
1.47005107741307e-01 1.00040380838302e+05 
1.47228639173871e-01 1.00045948993116e+05 
1.47452173141272e-01 1.00052347706412e+05 
1.47675717588610e-01 1.00059689951653e+05 
1.47899286055408e-01 1.00068139802432e+05 
1.48122861824322e-01 1.00077893366714e+05 
1.48346438106569e-01 1.00089046874189e+05 
1.48570060231240e-01 1.00101834717254e+05 
1.48793688038570e-01 1.00116421571043e+05 
1.49017329717088e-01 1.00133060520078e+05 
1.49240996951257e-01 1.00151951965681e+05 
1.49464672205842e-01 1.00173463816942e+05 
1.49688345936424e-01 1.00197672327189e+05 
1.49912063751739e-01 1.00224864533748e+05 
1.50135787786332e-01 1.00255255943420e+05 
1.50359526159963e-01 1.00289157003041e+05 
1.50583291632590e-01 1.00326686021377e+05 
1.50807066023599e-01 1.00368311950605e+05 
1.51030842767708e-01 1.00413931358471e+05 
1.51254664280477e-01 1.00463732059843e+05 
1.51478493619364e-01 1.00517783227033e+05 
1.51702338885810e-01 1.00576291105795e+05 
1.51926213984198e-01 1.00638960657193e+05 
1.52150100688909e-01 1.00706131158975e+05 
1.52373994746715e-01 1.00777327956387e+05 
1.52597934361016e-01 1.00852234490452e+05 
1.52821884604021e-01 1.00930631404600e+05 
1.53045849403423e-01 1.01012379565243e+05 
1.53269840980028e-01 1.01096608646742e+05 
1.53493842825125e-01 1.01183568086878e+05 
1.53717850971705e-01 1.01271348350217e+05 
1.53941902487505e-01 1.01360094151130e+05 
1.54165965687378e-01 1.01448584062780e+05 
1.54390043525623e-01 1.01536325303189e+05 
1.54614146727589e-01 1.01622252743866e+05 
1.54838259578872e-01 1.01706724824662e+05 
1.55062376988218e-01 1.01787952599849e+05 
1.55286533439242e-01 1.01865470648914e+05 
1.55510699249959e-01 1.01938369508227e+05 
1.55734877384800e-01 1.02006389090117e+05 
1.55959078124003e-01 1.02067981388451e+05 
1.56183286929159e-01 1.02125473053135e+05 
1.56407497528600e-01 1.02174894571457e+05 
1.56631742771386e-01 1.02215585422943e+05 
1.56855994812391e-01 1.02251643371178e+05 
1.57080256564024e-01 1.02273454335343e+05 
1.57304537528109e-01 1.02283016058201e+05 
1.57528824635355e-01 1.02280119378832e+05 
1.57753110634732e-01 1.02269552774651e+05 
1.57977427167998e-01 1.02257344427368e+05 
1.58201748597477e-01 1.02241384477780e+05 
1.58426077430664e-01 1.02223646959518e+05 
1.58650421740792e-01 1.02202696747000e+05 
1.58874769970681e-01 1.02178690077834e+05 
1.59099113503303e-01 1.02150507832294e+05 
1.59323482740352e-01 1.02116896131330e+05 
1.59547853476422e-01 1.02078471391633e+05 
1.59772227582895e-01 1.02035227434439e+05 
1.59996612781052e-01 1.01986667269921e+05 
1.60220998711616e-01 1.01935949594492e+05 
1.60445375889394e-01 1.01880764389929e+05 
1.60669774141186e-01 1.01822481354510e+05 
1.60894170807388e-01 1.01761262265984e+05 
1.61118569109657e-01 1.01697592140769e+05 
1.61342977334383e-01 1.01630437935499e+05 
1.61567385879635e-01 1.01562820163607e+05 
1.61791785199307e-01 1.01492211166623e+05 
1.62016204363045e-01 1.01421505326847e+05 
1.62240621875620e-01 1.01350519274802e+05 
1.62465040266458e-01 1.01279016491984e+05 
1.62689466651337e-01 1.01205616409639e+05 
1.62913892400439e-01 1.01133783192954e+05 
1.63138306620055e-01 1.01061071768840e+05 
1.63362738627881e-01 1.00988061129260e+05 
1.63587167868065e-01 1.00915191487181e+05 
1.63811597105572e-01 1.00842847420255e+05 
1.64036033261656e-01 1.00770537591299e+05 
1.64260468367445e-01 1.00700204699958e+05 
1.64484890783005e-01 1.00630018265342e+05 
1.64709329455593e-01 1.00561215525756e+05 
1.64933764888048e-01 1.00493759044080e+05 
1.65158199948933e-01 1.00427929824480e+05 
1.65382641358909e-01 1.00362769212084e+05 
1.65607081863440e-01 1.00301064419429e+05 
1.65831509215725e-01 1.00240342205732e+05 
1.66055951567712e-01 1.00181263477675e+05 
1.66280390957252e-01 1.00123390681148e+05 
1.66504829935347e-01 1.00066905338513e+05 
1.66729274886871e-01 1.00010927481694e+05 
1.66953719426340e-01 9.99579477849351e+04 
1.67178150702097e-01 9.99057995679602e+04 
1.67402596297182e-01 9.98547707008155e+04 
1.67627039722339e-01 9.98044506161539e+04 
1.67814423733823e-01 9.97636859274810e+04 
1.68012638483076e-01 9.97202931388365e+04 
1.68207474390860e-01 9.96791557117962e+04 
1.68409270431767e-01 9.96370207777927e+04 
1.68599595971183e-01 9.95981105127869e+04 
1.68799530968308e-01 9.95573188671407e+04 
1.68994303368831e-01 9.95178679217181e+04 
1.69203346119122e-01 9.94756751802624e+04 
1.69399678929889e-01 9.94381453413111e+04 
1.69603021745585e-01 9.93995435313340e+04 
1.69814815889419e-01 9.93605551775167e+04 
1.70002583770682e-01 9.93265122004474e+04 
1.70199104247516e-01 9.92913613287160e+04 
1.70394086400050e-01 9.92570037101356e+04 
1.70597458648510e-01 9.92231610871142e+04 
1.70787880974464e-01 9.91920947367119e+04 
1.70987621148513e-01 9.91606619127625e+04 
1.71179440072936e-01 9.91311241085289e+04 
1.71373966009120e-01 9.91018723448941e+04 
1.71574074314254e-01 9.90725417060300e+04 
1.71772696015699e-01 9.90451717339250e+04 
1.71966953011458e-01 9.90192020120224e+04 
1.72165188837482e-01 9.89938999267994e+04 
1.72357610816426e-01 9.89700540306494e+04 
1.72556597924349e-01 9.89463052377761e+04 
1.72754369335228e-01 9.89236562485256e+04 
1.72959603570378e-01 9.89018446716667e+04 
1.73154846553332e-01 9.88821507795674e+04 
1.73358477791727e-01 9.88628895653119e+04 
1.73550815569166e-01 9.88456352306722e+04 
1.73751313818142e-01 9.88286964325505e+04 
1.73948905485239e-01 9.88133721370068e+04 
1.74148712998755e-01 9.87998263816174e+04 
1.74348266914542e-01 9.87880002376992e+04 
1.74545641040151e-01 9.87766386696005e+04 
1.74743016549507e-01 9.87677492171477e+04 
1.74939791695952e-01 9.87612070072557e+04 
1.75144946042070e-01 9.87565769918636e+04 
1.75342926056960e-01 9.87543875805622e+04 
1.75540500078901e-01 9.87536697685463e+04 
1.75744338496087e-01 9.87559517452582e+04 
1.75938048878403e-01 9.87578372361095e+04 
1.76140206446861e-01 9.87601704219465e+04 
1.76323194869006e-01 9.87628719962453e+04 
1.76521150523199e-01 9.87655952812974e+04 
1.76699630022058e-01 9.87693174684770e+04 
1.76894491496516e-01 9.87735786093007e+04 
1.77090644551272e-01 9.87788688935209e+04 
1.77289834361198e-01 9.87855717441222e+04 
1.77487158118117e-01 9.87931713957555e+04 
1.77689378220675e-01 9.88019369461657e+04 
1.77884788029965e-01 9.88120282001198e+04 
1.78087673776617e-01 9.88242368825439e+04 
1.78288679951702e-01 9.88369612117510e+04 
1.78499045528399e-01 9.88515363125677e+04 
1.78700671211039e-01 9.88661856793612e+04 
1.78903266827234e-01 9.88807591806091e+04 
1.79101260484517e-01 9.88961790356061e+04 
1.79309325340578e-01 9.89128358967194e+04 
1.79507642949638e-01 9.89291708195380e+04 
1.79717315096210e-01 9.89476946170073e+04 
1.79916800895975e-01 9.89654867977399e+04 
1.80119119154720e-01 9.89824968160846e+04 
1.80321412650317e-01 9.90004105639119e+04 
1.80535962320526e-01 9.90190311435515e+04 
1.80732584806924e-01 9.90365093671242e+04 
1.80941191399485e-01 9.90558787314924e+04 
1.81143081760887e-01 9.90750540197813e+04 
1.81351019345025e-01 9.90939812126842e+04 
1.81545928064199e-01 9.91128928066529e+04 
1.81750029487327e-01 9.91325695642480e+04 
1.81955282897328e-01 9.91528719758991e+04 
1.82165593559401e-01 9.91750286760151e+04 
1.82375406529327e-01 9.91977153189970e+04 
1.82583450520127e-01 9.92194614923159e+04 
1.82787668926772e-01 9.92420084169506e+04 
1.83001524587003e-01 9.92655479652537e+04 
1.83199019053725e-01 9.92888249008549e+04 
1.83403934054579e-01 9.93128968019250e+04 
1.83604847039337e-01 9.93366867264299e+04 
1.83810676044206e-01 9.93603713218551e+04 
1.84026087494002e-01 9.93857034015316e+04 
1.84234387747928e-01 9.94103812665207e+04 
1.84433805400164e-01 9.94346272170784e+04 
1.84637341652562e-01 9.94602149751389e+04 
1.84841702824492e-01 9.94864435120632e+04 
1.85054617487358e-01 9.95131223369760e+04 
1.85267240413009e-01 9.95406856900841e+04 
1.85471768969361e-01 9.95669082380632e+04 
1.85672135626611e-01 9.95931956916185e+04 
1.85886832232905e-01 9.96218934422119e+04 
1.86086521452452e-01 9.96481714380723e+04 
1.86298537889389e-01 9.96748207807019e+04 
1.86500189745754e-01 9.97001245901415e+04 
1.86710986187364e-01 9.97255739288897e+04 
1.86919096947742e-01 9.97503503706369e+04 
1.87124852754077e-01 9.97745321523765e+04 
1.87329296428728e-01 9.97979563801733e+04 
1.87542833063942e-01 9.98210939724685e+04 
1.87741200778792e-01 9.98424086574103e+04 
1.87948189682774e-01 9.98638365326770e+04 
1.88165794681389e-01 9.98862074002461e+04 
1.88378620730087e-01 9.99079347795302e+04 
1.88582595018850e-01 9.99284134647413e+04 
1.88787883468042e-01 9.99480930227911e+04 
1.88991199658294e-01 9.99676710790103e+04 
1.89205279912066e-01 9.99878652350167e+04 
1.89405563070565e-01 1.00006687536394e+05 
1.89618918241908e-01 1.00026743326642e+05 
1.89824949896322e-01 1.00045879956325e+05 
1.90029751311613e-01 1.00064636404012e+05 
1.90231728882623e-01 1.00082910534962e+05 
1.90442074865285e-01 1.00101721629499e+05 
1.90645074418460e-01 1.00119844531119e+05 
1.90857110316814e-01 1.00138534771010e+05 
1.91079557572254e-01 1.00157671351874e+05 
1.91285572420897e-01 1.00174501955868e+05 
1.91491952150478e-01 1.00190965536204e+05 
1.91709437036505e-01 1.00207641200692e+05 
1.91910991988414e-01 1.00222810287401e+05 
1.92118930904605e-01 1.00237937145812e+05 
1.92321327441738e-01 1.00252104593603e+05 
1.92519558701250e-01 1.00265147050143e+05 
1.92725219974264e-01 1.00277858151962e+05 
1.92939321036156e-01 1.00290398287716e+05 
1.93144053060982e-01 1.00301897550112e+05 
1.93343530348447e-01 1.00312297759478e+05 
1.93553607512143e-01 1.00322476094122e+05 
1.93764465500638e-01 1.00331718961183e+05 
1.93971043756073e-01 1.00339728332430e+05 
1.94188942292503e-01 1.00347122553039e+05 
1.94386661405000e-01 1.00352837246016e+05 
1.94595779958830e-01 1.00357810505107e+05 
1.94815503353243e-01 1.00361945442599e+05 
1.95030294997444e-01 1.00364341704824e+05 
1.95245039592966e-01 1.00365241032600e+05 
1.95460651991233e-01 1.00365474432316e+05 
1.95669902777773e-01 1.00365276221790e+05 
1.95888034922135e-01 1.00364982778898e+05 
1.96112616033276e-01 1.00364179876396e+05 
1.96319522147716e-01 1.00362904794349e+05 
1.96522960560321e-01 1.00361094958882e+05 
1.96729205350107e-01 1.00358762952865e+05 
1.96947410044293e-01 1.00355980682534e+05 
1.97157415924343e-01 1.00352665866102e+05 
1.97380452372887e-01 1.00348445252654e+05 
1.97605004432262e-01 1.00343456815819e+05 
1.97812215659286e-01 1.00338282293991e+05 
1.98029343913917e-01 1.00332289714316e+05 
1.98253905501915e-01 1.00325675632078e+05 
1.98469795635404e-01 1.00318814196249e+05 
1.98694376233050e-01 1.00311048213532e+05 
1.98901414735317e-01 1.00303502733108e+05 
1.99111151628634e-01 1.00295473695573e+05 
1.99335794631367e-01 1.00286485314099e+05 
1.99538783289315e-01 1.00278385560385e+05 
1.99757734353548e-01 1.00269292409011e+05 
1.99982471302345e-01 1.00259544469250e+05 
2.00204431078060e-01 1.00249549408895e+05 
