# Liste des scalaires : TEMPS pmat 
0.00000000000000e+00 1.00000000000000e+05 
7.22956891292051e-05 1.00000000000000e+05 
1.31714063638037e-04 1.00000000000000e+05 
1.91561357759841e-04 1.00000000000000e+05 
2.52611410563686e-04 1.00000000000000e+05 
3.15498542999466e-04 1.00000000000000e+05 
3.80121691261763e-04 1.00000000000000e+05 
4.47622379149254e-04 1.00000000000000e+05 
5.15368592750677e-04 1.00000000000000e+05 
5.81573377886465e-04 1.00000000000000e+05 
6.49792738168711e-04 1.00000000000000e+05 
7.20460127641344e-04 1.00000000000000e+05 
7.93738867072294e-04 1.00000000000000e+05 
8.69144025016123e-04 1.00000000000000e+05 
9.47429586117730e-04 1.00000000000000e+05 
1.02856443797665e-03 1.00000000000000e+05 
1.11007140411971e-03 1.00000000000000e+05 
1.19450725516202e-03 1.00000000000000e+05 
1.28119378886266e-03 1.00000000000000e+05 
1.36979943525605e-03 1.00000000000000e+05 
1.45904423539762e-03 1.00000000000000e+05 
1.54983574305105e-03 1.00000000000000e+05 
1.64240414368231e-03 1.00000000000000e+05 
1.73790143460966e-03 1.00000000000000e+05 
1.83477040161785e-03 1.00000000000000e+05 
1.93483729795924e-03 1.00000000000000e+05 
2.03663290781231e-03 1.00000000000000e+05 
2.14090768230466e-03 1.00000000000000e+05 
2.24765100262826e-03 1.00000000000000e+05 
2.35616173406928e-03 1.00000000000000e+05 
2.46698664522763e-03 1.00000000000000e+05 
2.57890920299081e-03 1.00000000000000e+05 
2.69407876723505e-03 1.00000000000000e+05 
2.81088464908741e-03 1.00000000000000e+05 
2.93030931315686e-03 1.00000000000000e+05 
3.05032861253477e-03 1.00000000000000e+05 
3.17342864447351e-03 1.00000000000000e+05 
3.29755463324794e-03 1.00000000000000e+05 
3.42566267427565e-03 1.00000000000000e+05 
3.55567732245762e-03 1.00000000000000e+05 
3.68849893266385e-03 1.00000000000000e+05 
3.82183968902012e-03 1.00000000000000e+05 
3.95835146447313e-03 1.00000000000000e+05 
4.09524984054801e-03 1.00000000000000e+05 
4.22737298421450e-03 1.00000000000000e+05 
4.35869326463988e-03 1.00000000000000e+05 
4.48922432037167e-03 1.00000000000000e+05 
4.61905470446197e-03 1.00000000000000e+05 
4.74841972216934e-03 1.00000000000000e+05 
4.87742359410903e-03 1.00000000000000e+05 
5.00618937511521e-03 1.00000000000000e+05 
5.13471548571369e-03 1.00000000000000e+05 
5.26272952888760e-03 1.00000000000000e+05 
5.39036178461841e-03 1.00000000000000e+05 
5.51779345625754e-03 1.00000000000000e+05 
5.64514552962429e-03 1.00000000000000e+05 
5.77253477976132e-03 1.00000000000000e+05 
5.90001434784479e-03 1.00000000000000e+05 
6.02769329008670e-03 1.00000000000000e+05 
6.15559246803749e-03 1.00000000000000e+05 
6.28372349922866e-03 1.00000000000000e+05 
6.41205646535712e-03 1.00000000000000e+05 
6.53990225328931e-03 1.00000000000000e+05 
6.66745156393144e-03 1.00000000000000e+05 
6.79476409326665e-03 1.00000000000000e+05 
6.92206189727446e-03 1.00000000000000e+05 
7.04941631721296e-03 1.00000000000000e+05 
7.17695273572917e-03 1.00000000000000e+05 
7.30493620964213e-03 1.00000000000000e+05 
7.43321854357563e-03 1.00000000000000e+05 
7.56155208462697e-03 1.00000000000000e+05 
7.68996804825396e-03 1.00000000000000e+05 
7.81867195270661e-03 1.00000000000000e+05 
7.94744923835432e-03 1.00000000000000e+05 
8.07652088851712e-03 1.00000000000000e+05 
8.20579313464675e-03 1.00000000000000e+05 
8.33522417821934e-03 1.00000000000000e+05 
8.46476057165582e-03 1.00000000000000e+05 
8.59465306773518e-03 1.00000000000000e+05 
8.72468414068185e-03 1.00000000000000e+05 
8.85504372973031e-03 1.00000000000000e+05 
8.98529839183353e-03 1.00000000000000e+05 
9.11575241268046e-03 1.00000000000000e+05 
9.24641485879049e-03 1.00000000000000e+05 
9.37724853295319e-03 1.00000000000000e+05 
9.50823953001543e-03 1.00000000000000e+05 
9.63930844363790e-03 1.00000000000000e+05 
9.77052710629851e-03 1.00000000000000e+05 
9.90177927639188e-03 1.00000000000000e+05 
1.00331082550508e-02 1.00000000000000e+05 
1.01645718907844e-02 1.00000000000000e+05 
1.02963534693522e-02 1.00000000000000e+05 
1.04283712999368e-02 1.00000000000000e+05 
1.05607264117262e-02 1.00000000000000e+05 
1.06933907773281e-02 1.00000000000000e+05 
1.08258332979536e-02 1.00000000000000e+05 
1.09589796142601e-02 1.00000000000000e+05 
1.10917257622331e-02 1.00000000000000e+05 
1.12250056683110e-02 1.00000000000000e+05 
1.13582734342704e-02 1.00000000000000e+05 
1.14901980988937e-02 1.00000000000000e+05 
1.16209073837037e-02 1.00000000000000e+05 
1.17528171478250e-02 1.00000000000000e+05 
1.18835268991944e-02 1.00000000000000e+05 
1.20164261513222e-02 1.00000000000000e+05 
1.21491198019574e-02 1.00000000000000e+05 
1.22811747294951e-02 1.00000000000000e+05 
1.24119313378491e-02 1.00000000000000e+05 
1.25436674179584e-02 1.00000000000000e+05 
1.26740882875273e-02 1.00000000000000e+05 
1.28042732268266e-02 1.00000000000000e+05 
1.29342308296701e-02 1.00000000000000e+05 
1.30640489706967e-02 1.00000000000000e+05 
1.31936686656511e-02 1.00000000000000e+05 
1.33232356736670e-02 1.00000000000000e+05 
1.34530019575505e-02 1.00000000000000e+05 
1.35826819848358e-02 1.00000000000000e+05 
1.37122645044157e-02 1.00000000000000e+05 
1.38417357887183e-02 1.00000000000000e+05 
1.39711217173842e-02 1.00000000000000e+05 
1.41006081758964e-02 1.00000000000000e+05 
1.42302641387447e-02 1.00000000000000e+05 
1.43600723614164e-02 1.00000000000000e+05 
1.44901103886678e-02 1.00000000000000e+05 
1.46202978711296e-02 1.00000000000000e+05 
1.47506664237109e-02 1.00000000000000e+05 
1.48812516288549e-02 1.00000000000000e+05 
1.50120064744860e-02 1.00000000000000e+05 
1.51427913945510e-02 1.00000000000000e+05 
1.52735900402921e-02 1.00000000000000e+05 
1.54043909469217e-02 1.00000000000000e+05 
1.55352073390580e-02 1.00000000000000e+05 
1.56659454466321e-02 1.00000000000000e+05 
1.57966823289397e-02 1.00000000000000e+05 
1.59272258917415e-02 1.00000000000000e+05 
1.60576538911006e-02 1.00000000000000e+05 
1.61881236093173e-02 1.00000000000000e+05 
1.63171395269537e-02 1.00000000000000e+05 
1.64475648634446e-02 1.00000000000000e+05 
1.65761514019377e-02 1.00000000000000e+05 
1.67063803857231e-02 1.00000000000000e+05 
1.68366119232439e-02 1.00000000000000e+05 
1.69660373380456e-02 1.00000000000000e+05 
1.70943116388716e-02 1.00000000000000e+05 
1.72245856029940e-02 1.00000000000000e+05 
1.73531573502550e-02 1.00000000000000e+05 
1.74813017240731e-02 1.00000000000000e+05 
1.76107177549672e-02 1.00000000000000e+05 
1.77400440833280e-02 1.00000000000000e+05 
1.78690325332386e-02 1.00000000000000e+05 
1.79979159184892e-02 1.00000000000000e+05 
1.81263783267628e-02 1.00000000000000e+05 
1.82546723490275e-02 1.00000000000000e+05 
1.83827388133520e-02 1.00000000000000e+05 
1.85107508080144e-02 1.00000000000000e+05 
1.86388526870683e-02 1.00000000000000e+05 
1.87670823971328e-02 1.00000000000000e+05 
1.88955689289036e-02 1.00000000000000e+05 
1.90242054766018e-02 1.00000000000000e+05 
1.91528883654179e-02 1.00000000000000e+05 
1.92815668568791e-02 1.00000000000000e+05 
1.94105248858079e-02 1.00000000000000e+05 
1.95396294859639e-02 1.00000000000000e+05 
1.96688184179707e-02 1.00000000000000e+05 
1.97980039344890e-02 1.00000000000000e+05 
1.99271799893088e-02 1.00000000000000e+05 
2.00564185078268e-02 1.00000000000000e+05 
2.01856268879482e-02 1.00000000000000e+05 
2.03147659799471e-02 1.00000000000000e+05 
2.04439505712729e-02 1.00000000000000e+05 
2.05731295570484e-02 1.00000000000000e+05 
2.07022899276625e-02 1.00000000000000e+05 
2.08315315920674e-02 1.00000000000000e+05 
2.09606926144136e-02 1.00000000000000e+05 
2.10896673775956e-02 1.00000000000000e+05 
2.12187078227369e-02 1.00000000000000e+05 
2.13477271343096e-02 1.00000000000000e+05 
2.14769037635300e-02 1.00000000000000e+05 
2.16038458210655e-02 1.00000000000000e+05 
2.17312852040172e-02 1.00000000000000e+05 
2.18584454641119e-02 1.00000000000000e+05 
2.19855416332236e-02 1.00000000000000e+05 
2.21126756435355e-02 1.00000000000000e+05 
2.22399467930149e-02 1.00000000000000e+05 
2.23674841499049e-02 1.00000000000000e+05 
2.24952370733826e-02 1.00000000000000e+05 
2.26231069551298e-02 1.00000000000000e+05 
2.27511588921631e-02 1.00000000000000e+05 
2.28792684748222e-02 1.00000000000000e+05 
2.30073980618823e-02 1.00000000000000e+05 
2.31356852778725e-02 1.00000000000000e+05 
2.32641201829737e-02 1.00000000000000e+05 
2.33927842434071e-02 1.00000000000000e+05 
2.35216799012614e-02 1.00000000000000e+05 
2.36508495320373e-02 1.00000000000000e+05 
2.37803339964101e-02 1.00000000000000e+05 
2.39102202223709e-02 1.00000000000000e+05 
2.40383791095738e-02 1.00000000000000e+05 
2.41667579794799e-02 1.00000000000000e+05 
2.42948254122252e-02 1.00000000000000e+05 
2.44230178275719e-02 1.00000000000000e+05 
2.45511052428292e-02 1.00000000000000e+05 
2.46790888500933e-02 1.00000000000000e+05 
2.48067893495736e-02 1.00000000000000e+05 
2.49344152179936e-02 1.00000000000000e+05 
2.50620550657983e-02 1.00000000000000e+05 
2.51875449671866e-02 1.00000000000000e+05 
2.53152267988102e-02 1.00000000000000e+05 
2.54421827348492e-02 1.00000000000000e+05 
2.55680527136620e-02 1.00000000000000e+05 
2.56949934206812e-02 1.00000000000000e+05 
2.58209103762086e-02 1.00000000000000e+05 
2.59484566807399e-02 1.00000000000000e+05 
2.60760067494576e-02 1.00000000000000e+05 
2.62032200266536e-02 1.00000000000000e+05 
2.63292959056758e-02 1.00000000000000e+05 
2.64564064768891e-02 1.00000000000000e+05 
2.65826718871436e-02 1.00000000000000e+05 
2.67103353027032e-02 1.00000000000000e+05 
2.68381534484358e-02 1.00000000000000e+05 
2.69661500540491e-02 1.00000000000000e+05 
2.70934587197893e-02 1.00000000000000e+05 
2.72219081444036e-02 1.00000000000000e+05 
2.73498593518477e-02 1.00000000000000e+05 
2.74786849947023e-02 1.00000000000000e+05 
2.76077880119826e-02 1.00000000000000e+05 
2.77371367585914e-02 1.00000000000000e+05 
2.78665832893441e-02 1.00000000000000e+05 
2.79967343270755e-02 1.00000000000000e+05 
2.81258898658424e-02 1.00000000000000e+05 
2.82565347779839e-02 1.00000000000000e+05 
2.83870985336179e-02 1.00000000000000e+05 
2.85124760040226e-02 1.00000000000000e+05 
2.86404234613041e-02 1.00000000000000e+05 
2.87701236674165e-02 1.00000000000000e+05 
2.88993640661727e-02 1.00000000000000e+05 
2.90260425071481e-02 1.00000000000000e+05 
2.91541921663648e-02 1.00000000000000e+05 
2.92810035416749e-02 1.00000000000000e+05 
2.94089105820898e-02 1.00000000000000e+05 
2.95365997194214e-02 1.00000000000000e+05 
2.96641980119295e-02 1.00000000000000e+05 
2.97917012584346e-02 1.00000000000000e+05 
2.99192162828655e-02 1.00000000000000e+05 
3.00467232348373e-02 1.00000000000000e+05 
3.01742497512167e-02 1.00000000000000e+05 
3.03017417202348e-02 1.00000000000000e+05 
3.04292732421307e-02 1.00000000000000e+05 
3.05568120536443e-02 1.00000000000000e+05 
3.06842968139291e-02 1.00000000000000e+05 
3.08117466170545e-02 1.00000000000000e+05 
3.09392617770524e-02 1.00000000000000e+05 
3.10665762215919e-02 1.00000000000000e+05 
3.11938237991353e-02 1.00000000000000e+05 
3.13215091519414e-02 1.00000000000000e+05 
3.14493150063166e-02 1.00000000000000e+05 
3.15772205145436e-02 1.00000000000000e+05 
3.17052713783487e-02 1.00000000000000e+05 
3.18334615019243e-02 1.00000000000000e+05 
3.19617752790437e-02 1.00000000000000e+05 
3.20901929384552e-02 1.00000000000000e+05 
3.22187561342375e-02 1.00000000000000e+05 
3.23474730223341e-02 1.00000000000000e+05 
3.24764012682302e-02 1.00000000000000e+05 
3.26055997048886e-02 1.00000000000000e+05 
3.27350157588922e-02 1.00000000000000e+05 
3.28645867454360e-02 1.00000000000000e+05 
3.29942749668622e-02 1.00000000000000e+05 
3.31240722846861e-02 1.00000000000000e+05 
3.32540142168969e-02 1.00000000000000e+05 
3.33841324471218e-02 1.00000000000000e+05 
3.35144359286544e-02 1.00000000000000e+05 
3.36449353088210e-02 1.00000000000000e+05 
3.37756370066927e-02 1.00000000000000e+05 
3.39065658783339e-02 1.00000000000000e+05 
3.40377594491868e-02 1.00000000000000e+05 
3.41692692146438e-02 1.00000000000000e+05 
3.43009959822523e-02 1.00000000000000e+05 
3.44294133991472e-02 1.00000000000000e+05 
3.45610786433905e-02 1.00000000000000e+05 
3.46905948764047e-02 1.00000000000000e+05 
3.48220777868261e-02 1.00000000000000e+05 
3.49524673028833e-02 1.00000000000000e+05 
3.50828907445554e-02 1.00000000000000e+05 
3.52133556861131e-02 1.00000000000000e+05 
3.53421343915315e-02 1.00000000000000e+05 
3.54709268952301e-02 1.00000000000000e+05 
3.55996821838369e-02 1.00000000000000e+05 
3.57284372089995e-02 1.00000000000000e+05 
3.58571508054169e-02 1.00000000000000e+05 
3.59859192024157e-02 1.00000000000000e+05 
3.61147057567800e-02 1.00000000000000e+05 
3.62435204557878e-02 1.00000000000000e+05 
3.63723029307250e-02 1.00000000000000e+05 
3.65013094552197e-02 1.00000000000000e+05 
3.66304662756725e-02 1.00000000000000e+05 
3.67598811953516e-02 1.00000000000000e+05 
3.68894186853374e-02 1.00000000000000e+05 
3.70190620825099e-02 1.00000000000000e+05 
3.71485242291028e-02 1.00000000000000e+05 
3.72780743143308e-02 1.00000000000000e+05 
3.74075115810309e-02 1.00000000000000e+05 
3.75371036932641e-02 1.00000000000000e+05 
3.76667788951757e-02 1.00000000000000e+05 
3.77964730635704e-02 1.00000000000000e+05 
3.79261152573242e-02 1.00000000000000e+05 
3.80558292057420e-02 1.00000000000000e+05 
3.81854649523628e-02 1.00000000000000e+05 
3.83145341279411e-02 1.00000000000000e+05 
3.84435331509797e-02 1.00000000000000e+05 
3.85724662664180e-02 1.00000000000000e+05 
3.87012121061050e-02 1.00000000000000e+05 
3.88299080933984e-02 1.00000000000000e+05 
3.89584587076736e-02 1.00000000000000e+05 
3.90869902603635e-02 1.00000000000000e+05 
3.92154641768215e-02 1.00000000000000e+05 
3.93439002973435e-02 1.00000000000000e+05 
3.94722079112029e-02 1.00000000000000e+05 
3.96006222703587e-02 1.00000000000000e+05 
3.97289481540865e-02 1.00000000000000e+05 
3.98573808460122e-02 1.00000000000000e+05 
3.99856459140185e-02 1.00000000000000e+05 
4.01140056630107e-02 1.00000000000000e+05 
4.02422515072417e-02 1.00000000000000e+05 
4.03706157937210e-02 1.00000000000000e+05 
4.04990230371001e-02 1.00000000000000e+05 
4.06277193451167e-02 1.00000000000000e+05 
4.07566769255958e-02 1.00000000000000e+05 
4.08857668568261e-02 1.00000000000000e+05 
4.10149863894998e-02 1.00000000000000e+05 
4.11446056834748e-02 1.00000000000000e+05 
4.12743686247700e-02 1.00000000000000e+05 
4.14043404920910e-02 1.00000000000000e+05 
4.15342802576983e-02 1.00000000000000e+05 
4.16641577863723e-02 1.00000000000000e+05 
4.17939508918452e-02 1.00000000000000e+05 
4.19236049848800e-02 1.00000000000000e+05 
4.20532398063574e-02 1.00000000000000e+05 
4.21827531035936e-02 1.00000000000000e+05 
4.23122671420085e-02 1.00000000000000e+05 
4.24417844299091e-02 1.00000000000000e+05 
4.25713459861302e-02 1.00000000000000e+05 
4.27007987881890e-02 1.00000000000000e+05 
4.28302986075441e-02 1.00000000000000e+05 
4.29597834978574e-02 1.00000000000000e+05 
4.30885907947286e-02 1.00000000000000e+05 
4.32174214878065e-02 1.00000000000000e+05 
4.33462990935005e-02 1.00000000000000e+05 
4.34752294757072e-02 1.00000000000000e+05 
4.36042328010250e-02 1.00000000000000e+05 
4.37332240113256e-02 1.00000000000000e+05 
4.38622643090733e-02 1.00000000000000e+05 
4.39913577360054e-02 1.00000000000000e+05 
4.41205394363129e-02 1.00000000000000e+05 
4.42497502527383e-02 1.00000000000000e+05 
4.43791152174946e-02 1.00000000000000e+05 
4.45084929602389e-02 1.00000000000000e+05 
4.46379715123338e-02 1.00000000000000e+05 
4.47675878604452e-02 1.00000000000000e+05 
4.48972865160493e-02 1.00000000000000e+05 
4.50267891367684e-02 1.00000000000000e+05 
4.51564166089169e-02 1.00000000000000e+05 
4.52861651256672e-02 1.00000000000000e+05 
4.54155118846572e-02 1.00000000000000e+05 
4.55452620378884e-02 1.00000000000000e+05 
4.56753352542890e-02 1.00000000000000e+05 
4.58055850873406e-02 1.00000000000000e+05 
4.59360052580487e-02 1.00000000000000e+05 
4.60664441850617e-02 1.00000000000000e+05 
4.61968103522672e-02 1.00000000000000e+05 
4.63271152447952e-02 1.00000000000000e+05 
4.64573601141405e-02 1.00000000000000e+05 
4.65874052003626e-02 1.00000000000000e+05 
4.67172404524476e-02 1.00000000000000e+05 
4.68468265683002e-02 1.00000000000000e+05 
4.69763849225591e-02 1.00000000000000e+05 
4.71060026214243e-02 1.00000000000000e+05 
4.72357878873568e-02 1.00000000000000e+05 
4.73655940415597e-02 1.00000000000000e+05 
4.74958327297563e-02 1.00000000000000e+05 
4.76264968944614e-02 1.00000000000000e+05 
4.77572940249323e-02 1.00000000000000e+05 
4.78882904259111e-02 1.00000000000000e+05 
4.80194870689056e-02 1.00000000000000e+05 
4.81508182817988e-02 1.00000000000000e+05 
4.82823791514674e-02 1.00000000000000e+05 
4.84141020762164e-02 1.00000000000000e+05 
4.85460437176268e-02 1.00000000000000e+05 
4.86782738328622e-02 1.00000000000000e+05 
4.88108260841510e-02 1.00000000000000e+05 
4.89436701735730e-02 1.00000000000000e+05 
4.90767503309617e-02 1.00000000000000e+05 
4.92102702567248e-02 1.00000000000000e+05 
4.93440853908189e-02 1.00000000000000e+05 
4.94778996185651e-02 1.00000000000000e+05 
4.96118999851472e-02 1.00000000000000e+05 
4.97450396075315e-02 1.00000000000000e+05 
4.98768404753247e-02 1.00000000000000e+05 
5.00087241816908e-02 1.00000000000000e+05 
5.01406445848755e-02 1.00000000000000e+05 
5.02725007975107e-02 1.00000000000000e+05 
5.04042790017574e-02 1.00000000000000e+05 
5.05359455171136e-02 1.00000000000000e+05 
5.06677209556302e-02 1.00000000000000e+05 
5.07995042733120e-02 1.00000000000000e+05 
5.09311786272021e-02 1.00000000000000e+05 
5.10629293714458e-02 1.00000000000000e+05 
5.11947845311088e-02 1.00000000000000e+05 
5.13266406283865e-02 1.00000000000000e+05 
5.14587569179773e-02 1.00000000000000e+05 
5.15911001971984e-02 1.00000000000000e+05 
5.17237664209285e-02 1.00000000000000e+05 
5.18568487742866e-02 1.00000000000000e+05 
5.19903513913679e-02 1.00000000000000e+05 
5.21241763867642e-02 1.00000000000000e+05 
5.22584130735047e-02 1.00000000000000e+05 
5.23929047107199e-02 1.00000000000000e+05 
5.25277006075098e-02 1.00000000000000e+05 
5.26629011769214e-02 1.00000000000000e+05 
5.27985327675277e-02 1.00000000000000e+05 
5.29345750144635e-02 1.00000000000000e+05 
5.30712593523343e-02 1.00000000000000e+05 
5.32080711274163e-02 1.00000000000000e+05 
5.33440855518351e-02 1.00000000000000e+05 
5.34818533387787e-02 1.00000000000000e+05 
5.36195769097931e-02 1.00000000000000e+05 
5.37564505878971e-02 1.00000000000000e+05 
5.38942478596705e-02 1.00000000000000e+05 
5.40308824868314e-02 1.00000000000000e+05 
5.41682944865533e-02 1.00000000000000e+05 
5.43064822061631e-02 1.00000000000000e+05 
5.44451728585525e-02 1.00000000000000e+05 
5.45838090133566e-02 1.00000000000000e+05 
5.47240270833382e-02 1.00000000000000e+05 
5.48592531428108e-02 1.00000000000000e+05 
5.49945754696439e-02 1.00000000000000e+05 
5.51299869360581e-02 1.00000000000000e+05 
5.52653667635299e-02 1.00000000000000e+05 
5.54005038732150e-02 1.00000000000000e+05 
5.55355312475224e-02 1.00000000000000e+05 
5.56704339178628e-02 1.00000000000000e+05 
5.58052654087193e-02 1.00000000000000e+05 
5.59402144058820e-02 1.00000000000000e+05 
5.60753318146817e-02 1.00000000000000e+05 
5.62106206552152e-02 1.00000000000000e+05 
5.63461682354460e-02 1.00000000000000e+05 
5.64818840393052e-02 1.00000000000000e+05 
5.66178312979755e-02 1.00000000000000e+05 
5.67540390485060e-02 1.00000000000000e+05 
5.68905038527283e-02 1.00000000000000e+05 
5.70271177399088e-02 1.00000000000000e+05 
5.71639989717287e-02 1.00000000000000e+05 
5.73009813681827e-02 1.00000000000000e+05 
5.74381572218911e-02 1.00000000000000e+05 
5.75756355425028e-02 1.00000000000000e+05 
5.77134266439760e-02 1.00000000000000e+05 
5.78514136351772e-02 1.00000000000000e+05 
5.79899091792702e-02 1.00000000000000e+05 
5.81287435590214e-02 1.00000000000000e+05 
5.82682321936456e-02 1.00000000000000e+05 
5.84086488766999e-02 1.00000000000000e+05 
5.85501180066979e-02 1.00000000000000e+05 
5.86925878722584e-02 1.00000000000000e+05 
5.88363231020745e-02 1.00000000000000e+05 
5.89703759514020e-02 1.00000000000000e+05 
5.91149604428592e-02 1.00000000000000e+05 
5.92579846640129e-02 1.00000000000000e+05 
5.94037467698184e-02 1.00000000000000e+05 
5.95506289469647e-02 1.00000000000000e+05 
5.96990772952856e-02 1.00000000000000e+05 
5.98389504456130e-02 1.00000000000000e+05 
5.99782050999869e-02 1.00000000000000e+05 
6.01177149303916e-02 1.00000000000000e+05 
6.02573263508532e-02 1.00000000000000e+05 
6.03968962354159e-02 1.00000000000000e+05 
6.05365595658086e-02 1.00000000000000e+05 
6.06762402881549e-02 1.00000000000000e+05 
6.08158923893441e-02 1.00000000000000e+05 
6.09553927639921e-02 1.00000000000000e+05 
6.10949339971581e-02 1.00000000000000e+05 
6.12344707559346e-02 1.00000000000000e+05 
6.13741664731118e-02 1.00000000000000e+05 
6.15139341821986e-02 1.00000000000000e+05 
6.16538620698661e-02 1.00000000000000e+05 
6.17939800344076e-02 1.00000000000000e+05 
6.19342548616248e-02 1.00000000000000e+05 
6.20746295825074e-02 1.00000000000000e+05 
6.22151849932952e-02 1.00000000000000e+05 
6.23558858036898e-02 1.00000000000000e+05 
6.24967625641486e-02 1.00000000000000e+05 
6.26379253332854e-02 1.00000000000000e+05 
6.27793801848080e-02 1.00000000000000e+05 
6.29211397863856e-02 1.00000000000000e+05 
6.30633285969225e-02 1.00000000000000e+05 
6.32059459573333e-02 1.00000000000000e+05 
6.33491262404566e-02 1.00000000000000e+05 
6.34930164084412e-02 1.00000000000000e+05 
6.36377339222569e-02 1.00000000000000e+05 
6.37833463215762e-02 1.00000000000000e+05 
6.39291992555153e-02 1.00000000000000e+05 
6.40706532026857e-02 1.00000000000000e+05 
6.42164674856061e-02 1.00000000000000e+05 
6.43628947616427e-02 1.00000000000000e+05 
6.45099621775947e-02 1.00000000000000e+05 
6.46580415595292e-02 1.00000000000000e+05 
6.48071991613819e-02 1.00000000000000e+05 
6.49581894483280e-02 1.00000000000000e+05 
6.51104336614833e-02 1.00000000000000e+05 
6.52648558902763e-02 1.00000000000000e+05 
6.54197330565247e-02 1.00000000000000e+05 
6.55644502330970e-02 1.00000000000000e+05 
6.57105851424776e-02 1.00000000000000e+05 
6.58579366114554e-02 1.00000000000000e+05 
6.60028856015256e-02 1.00000000000000e+05 
6.61505328653923e-02 1.00000000000000e+05 
6.62982390957694e-02 1.00000000000000e+05 
6.64432566142612e-02 1.00000000000000e+05 
6.65907597537108e-02 1.00000000000000e+05 
6.67377979439824e-02 1.00000000000000e+05 
6.68828273868637e-02 1.00000000000000e+05 
6.70304868955923e-02 1.00000000000000e+05 
6.71781831586895e-02 1.00000000000000e+05 
6.73234413710894e-02 1.00000000000000e+05 
6.74710615369305e-02 1.00000000000000e+05 
6.76180546098143e-02 1.00000000000000e+05 
6.77636004533151e-02 1.00000000000000e+05 
6.79111995062178e-02 1.00000000000000e+05 
6.80588868198132e-02 1.00000000000000e+05 
6.82050926817405e-02 1.00000000000000e+05 
6.83528219749200e-02 1.00000000000000e+05 
6.85004158495916e-02 1.00000000000000e+05 
6.86476848348162e-02 1.00000000000000e+05 
6.87955445498905e-02 1.00000000000000e+05 
6.89435773714613e-02 1.00000000000000e+05 
6.90916067056149e-02 1.00000000000000e+05 
6.92400548875104e-02 1.00000000000000e+05 
6.93885464721569e-02 1.00000000000000e+05 
6.95362781708693e-02 1.00000000000000e+05 
6.96857923757106e-02 1.00000000000000e+05 
6.98356647326884e-02 1.00000000000000e+05 
6.99827612639279e-02 1.00000000000000e+05 
7.01310279402010e-02 1.00000000000000e+05 
7.02758608693368e-02 1.00000000000000e+05 
7.04225167227876e-02 1.00000000000000e+05 
7.05696042410461e-02 1.00000000000000e+05 
7.07202657139728e-02 1.00000000000000e+05 
7.08671615210913e-02 1.00000000000000e+05 
7.10163647816013e-02 1.00000000000000e+05 
7.11638571018248e-02 1.00000000000000e+05 
7.13113809707187e-02 1.00000000000000e+05 
7.14592004573232e-02 1.00000000000000e+05 
7.16105400267758e-02 1.00000000000000e+05 
7.17585037620224e-02 1.00000000000000e+05 
7.19086019052225e-02 1.00000000000000e+05 
7.20590217629050e-02 1.00000000000000e+05 
7.22079122453299e-02 1.00000000000000e+05 
7.23609163771488e-02 1.00000000000000e+05 
7.25143582051347e-02 1.00000000000000e+05 
7.26642808579796e-02 1.00000000000000e+05 
7.28167165763231e-02 1.00000000000000e+05 
7.29697779696729e-02 1.00000000000000e+05 
7.31211476684382e-02 1.00000000000000e+05 
7.32777138793667e-02 1.00000000000000e+05 
7.34343595192522e-02 1.00000000000000e+05 
7.35877454482864e-02 1.00000000000000e+05 
7.37449542612641e-02 1.00000000000000e+05 
7.39024697244642e-02 1.00000000000000e+05 
7.40600433568025e-02 1.00000000000000e+05 
7.42190173563067e-02 1.00000000000000e+05 
7.43785644239687e-02 1.00000000000000e+05 
7.45392603458609e-02 1.00000000000000e+05 
7.47006359877962e-02 1.00000000000000e+05 
7.48618679416951e-02 1.00000000000000e+05 
7.50230105029898e-02 1.00000000000000e+05 
7.51840972121905e-02 1.00000000000000e+05 
7.53451546092624e-02 1.00000000000000e+05 
7.55060615070330e-02 1.00000000000000e+05 
7.56669018613670e-02 1.00000000000000e+05 
7.58275287769711e-02 1.00000000000000e+05 
7.59880033213532e-02 1.00000000000000e+05 
7.61441342151501e-02 1.00000000000000e+05 
7.63045275911956e-02 1.00000000000000e+05 
7.64648848185582e-02 1.00000000000000e+05 
7.66254118738443e-02 1.00000000000000e+05 
7.67860484568176e-02 1.00000000000000e+05 
7.69469049099211e-02 1.00000000000000e+05 
7.70939491963232e-02 1.00000000000000e+05 
7.72505444371785e-02 1.00000000000000e+05 
7.74126211587731e-02 1.00000000000000e+05 
7.75716813442903e-02 1.00000000000000e+05 
7.77262347129286e-02 1.00000000000000e+05 
7.78910567052455e-02 1.00000000000000e+05 
7.80487755362725e-02 1.00000000000000e+05 
7.82156921660036e-02 1.00000000000000e+05 
7.83833130315251e-02 1.00000000000000e+05 
7.85526229126449e-02 1.00000000000000e+05 
7.87218581896152e-02 1.00000000000000e+05 
7.88862934373349e-02 1.00000000000000e+05 
7.90505406895960e-02 1.00000000000000e+05 
7.92145855566373e-02 1.00000000000000e+05 
7.93787645266986e-02 1.00000000000000e+05 
7.95425746830531e-02 1.00000000000000e+05 
7.97066360098619e-02 1.00000000000000e+05 
7.98706598933620e-02 1.00000000000000e+05 
8.00345754681397e-02 1.00000000000000e+05 
8.01982285399114e-02 1.00000000000000e+05 
8.03670282663141e-02 1.00000000000000e+05 
8.05359842422541e-02 1.00000000000000e+05 
8.07048445234387e-02 1.00000000000000e+05 
8.08734191365990e-02 1.00000000000000e+05 
8.10421705696504e-02 1.00000000000000e+05 
8.12108160912628e-02 1.00000000000000e+05 
8.13791087054441e-02 1.00000000000000e+05 
8.15476408760923e-02 1.00000000000000e+05 
8.17161289879629e-02 1.00000000000000e+05 
8.18843385742394e-02 1.00000000000000e+05 
8.20528302246810e-02 1.00000000000000e+05 
8.22213417481056e-02 1.00000000000000e+05 
8.23896224329719e-02 1.00000000000000e+05 
8.25583326865505e-02 1.00000000000000e+05 
8.27271406798505e-02 1.00000000000000e+05 
8.28959460205329e-02 1.00000000000000e+05 
8.30652133208491e-02 1.00000000000000e+05 
8.32348418816870e-02 1.00000000000000e+05 
8.34047661919015e-02 1.00000000000000e+05 
8.35670657718511e-02 1.00000000000000e+05 
8.37276706431304e-02 1.00000000000000e+05 
8.38904759993023e-02 1.00000000000000e+05 
8.40519734281160e-02 1.00000000000000e+05 
8.42125923925835e-02 1.00000000000000e+05 
8.43744977189161e-02 1.00000000000000e+05 
8.45351038233951e-02 1.00000000000000e+05 
8.46962694470908e-02 1.00000000000000e+05 
8.48583706873320e-02 1.00000000000000e+05 
8.50204390130697e-02 1.00000000000000e+05 
8.51826446572275e-02 1.00000000000000e+05 
8.53456915825504e-02 1.00000000000000e+05 
8.55086532538217e-02 1.00000000000000e+05 
8.56720882666868e-02 1.00000000000000e+05 
8.58355988651065e-02 1.00000000000000e+05 
8.59993202331725e-02 1.00000000000000e+05 
8.61631329450134e-02 1.00000000000000e+05 
8.63269542508006e-02 1.00000000000000e+05 
8.64911271807324e-02 1.00000000000000e+05 
8.66555191882563e-02 1.00000000000000e+05 
8.68200485838273e-02 1.00000000000000e+05 
8.69847083220686e-02 1.00000000000000e+05 
8.71496617277559e-02 1.00000000000000e+05 
8.73148517683404e-02 1.00000000000000e+05 
8.74804400110164e-02 1.00000000000000e+05 
8.76461436668770e-02 1.00000000000000e+05 
8.78120064855472e-02 1.00000000000000e+05 
8.79781404466021e-02 1.00000000000000e+05 
8.81444516660823e-02 1.00000000000000e+05 
8.83108693537622e-02 1.00000000000000e+05 
8.84775743829765e-02 1.00000000000000e+05 
8.86444318650420e-02 1.00000000000000e+05 
8.88116363348940e-02 1.00000000000000e+05 
8.89790650808285e-02 1.00000000000000e+05 
8.91466724608544e-02 1.00000000000000e+05 
8.93145971993547e-02 1.00000000000000e+05 
8.94830358581610e-02 1.00000000000000e+05 
8.96517129175475e-02 1.00000000000000e+05 
8.98209266671110e-02 1.00000000000000e+05 
8.99904752486162e-02 1.00000000000000e+05 
9.01607393617406e-02 1.00000000000000e+05 
9.03311095363544e-02 1.00000000000000e+05 
9.05022943222407e-02 1.00000000000000e+05 
9.06733936406416e-02 1.00000000000000e+05 
9.08448393024133e-02 1.00000000000000e+05 
9.10166213550386e-02 1.00000000000000e+05 
9.11889777821687e-02 1.00000000000000e+05 
9.13611942383292e-02 1.00000000000000e+05 
9.15338110531159e-02 1.00000000000000e+05 
9.17065564807116e-02 1.00000000000000e+05 
9.18791905703260e-02 1.00000000000000e+05 
9.20523053058860e-02 1.00000000000000e+05 
9.22253910836518e-02 1.00000000000000e+05 
9.23983960527166e-02 1.00000000000000e+05 
9.25719017873216e-02 1.00000000000000e+05 
9.27458870785157e-02 1.00000000000000e+05 
9.29198293326169e-02 1.00000000000000e+05 
9.30947269931994e-02 1.00000000000000e+05 
9.32694637358297e-02 1.00000000000000e+05 
9.34438759105584e-02 1.00000000000000e+05 
9.36187794407893e-02 1.00000000000000e+05 
9.37948055539666e-02 1.00000000000000e+05 
9.39704185263504e-02 1.00000000000000e+05 
9.41472639073438e-02 1.00000000000000e+05 
9.43238317029108e-02 1.00000000000000e+05 
9.45006957692114e-02 1.00000000000000e+05 
9.46780780002783e-02 1.00000000000000e+05 
9.48562981270612e-02 1.00000000000000e+05 
9.50342364774024e-02 1.00000000000000e+05 
9.52131087571248e-02 1.00000000000000e+05 
9.53918437789663e-02 1.00000000000000e+05 
9.55706682431447e-02 1.00000000000000e+05 
9.57499772009296e-02 1.00000000000000e+05 
9.59299928123248e-02 1.00000000000000e+05 
9.61093627092661e-02 1.00000000000000e+05 
9.62898904338075e-02 1.00000000000000e+05 
9.64701154247133e-02 1.00000000000000e+05 
9.66500588438502e-02 1.00000000000000e+05 
9.68306974655049e-02 1.00000000000000e+05 
9.70120497119410e-02 1.00000000000000e+05 
9.71927019121240e-02 1.00000000000000e+05 
9.73726214716721e-02 1.00000000000000e+05 
9.75548288450211e-02 1.00000000000000e+05 
9.77368839755687e-02 1.00000000000000e+05 
9.79200342665915e-02 1.00000000000000e+05 
9.81010376168774e-02 1.00000000000000e+05 
9.82847285878419e-02 1.00000000000000e+05 
9.84669097178152e-02 1.00000000000000e+05 
9.86517220108086e-02 1.00000000000000e+05 
9.88366437449208e-02 1.00000000000000e+05 
9.90220668642729e-02 1.00000000000000e+05 
9.92064405499663e-02 1.00000000000000e+05 
9.93920246119936e-02 1.00000000000000e+05 
9.95778233428632e-02 1.00000000000000e+05 
9.97640109024819e-02 1.00000000000000e+05 
9.99499928932703e-02 1.00000000000000e+05 
1.00136358070880e-01 1.00000000000000e+05 
1.00323067096454e-01 1.00000000000000e+05 
1.00509433812523e-01 1.00000000000000e+05 
1.00696496618248e-01 1.00000000000000e+05 
1.00883385503498e-01 1.00000000000000e+05 
1.01070110011087e-01 1.00000000000000e+05 
1.01257202874359e-01 1.00000000000000e+05 
1.01444711586344e-01 1.00000000000000e+05 
1.01631834942532e-01 1.00000000000000e+05 
1.01819932441455e-01 1.00000000000000e+05 
1.02007879684587e-01 1.00000000000000e+05 
1.02196039316386e-01 1.00000000000000e+05 
1.02384814815490e-01 1.00000000000000e+05 
1.02574082901851e-01 1.00000000000000e+05 
1.02763026240845e-01 1.00000000000000e+05 
1.02952553636420e-01 1.00000000000000e+05 
1.03142204293465e-01 1.00000000000000e+05 
1.03331719988965e-01 1.00000000000000e+05 
1.03522219309938e-01 1.00000000000000e+05 
1.03712615681048e-01 1.00000000000000e+05 
1.03902691135949e-01 1.00000000000000e+05 
1.04092788911541e-01 1.00000000000000e+05 
1.04283192204821e-01 1.00000000000000e+05 
1.04473320100875e-01 1.00000000000000e+05 
1.04663716049867e-01 1.00000000000000e+05 
1.04854301240973e-01 1.00000000000000e+05 
1.05044806634153e-01 1.00000000000000e+05 
1.05235656760734e-01 1.00000000000000e+05 
1.05426694907199e-01 1.00000000000000e+05 
1.05617597984295e-01 1.00000000000000e+05 
1.05808846139415e-01 1.00000000000000e+05 
1.06000044030907e-01 1.00000000000000e+05 
1.06191317495090e-01 1.00000000000000e+05 
1.06382614195318e-01 1.00000000000000e+05 
1.06573939153056e-01 1.00000000000000e+05 
1.06765225322356e-01 1.00000000000000e+05 
1.06956460469329e-01 1.00000000000000e+05 
1.07147716071667e-01 1.00000000000000e+05 
1.07338972183324e-01 1.00000000000000e+05 
1.07530257123435e-01 1.00000000000000e+05 
1.07721573665960e-01 1.00000000000000e+05 
1.07912875370425e-01 1.00000000000000e+05 
1.08104147143012e-01 1.00000000000000e+05 
1.08294962476382e-01 1.00000000000000e+05 
1.08485410028816e-01 1.00000000000000e+05 
1.08676077287140e-01 1.00000000000000e+05 
1.08866968926007e-01 1.00000000000000e+05 
1.09057599188161e-01 1.00000000000000e+05 
1.09248378275181e-01 1.00000000000000e+05 
1.09438961347080e-01 1.00000000000000e+05 
1.09629398742424e-01 1.00000000000000e+05 
1.09819941487953e-01 1.00000000000000e+05 
1.10010622903439e-01 1.00000000000000e+05 
1.10201221543584e-01 1.00000000000000e+05 
1.10391870664430e-01 1.00000000000000e+05 
1.10582427907937e-01 1.00000000000000e+05 
1.10772904902013e-01 1.00000000000000e+05 
1.10963435447363e-01 1.00000000000000e+05 
1.11154069483536e-01 1.00000000000000e+05 
1.11344664870986e-01 1.00000000000000e+05 
1.11535294742251e-01 1.00000000000000e+05 
1.11725890178349e-01 1.00000000000000e+05 
1.11916423001124e-01 1.00000000000000e+05 
1.12106978480976e-01 1.00000000000000e+05 
1.12297611456537e-01 1.00000000000000e+05 
1.12488232745646e-01 1.00000000000000e+05 
1.12678878388502e-01 1.00000000000000e+05 
1.12869523203385e-01 1.00000000000000e+05 
1.13060123395172e-01 1.00000000000000e+05 
1.13250744628057e-01 1.00000000000000e+05 
1.13441409792464e-01 1.00000000000000e+05 
1.13632069936339e-01 1.00000000000000e+05 
1.13822744687067e-01 1.00000000000000e+05 
1.14013424993257e-01 1.00000000000000e+05 
1.14204053387089e-01 1.00000000000000e+05 
1.14394695087223e-01 1.00000000000000e+05 
1.14585355866574e-01 1.00000000000000e+05 
1.14776009047115e-01 1.00000000000000e+05 
1.14966672135639e-01 1.00000000000000e+05 
1.15157347495787e-01 1.00000000000000e+05 
1.15347976960866e-01 1.00000000000000e+05 
1.15538610075523e-01 1.00000000000000e+05 
1.15729254332773e-01 1.00000000000000e+05 
1.15919866447166e-01 1.00000000000000e+05 
1.16110429279244e-01 1.00000000000000e+05 
1.16301042115055e-01 1.00000000000000e+05 
1.16491676456096e-01 1.00000000000000e+05 
1.16682325903169e-01 1.00000000000000e+05 
1.16873007199109e-01 1.00000000000000e+05 
1.17063649762394e-01 1.00000000000000e+05 
1.17254259550839e-01 1.00000000000000e+05 
1.17444923914249e-01 1.00000000000000e+05 
1.17635620327070e-01 1.00000000000000e+05 
1.17826339941753e-01 1.00000000000000e+05 
1.18017070248214e-01 1.00000000000000e+05 
1.18207780486975e-01 1.00000000000000e+05 
1.18398467273853e-01 1.00000000000000e+05 
1.18589222505116e-01 1.00000000000000e+05 
1.18780008355612e-01 1.00000000000000e+05 
1.18970815385649e-01 1.00000000000000e+05 
1.19161630669695e-01 1.00000000000000e+05 
1.19352410860161e-01 1.00000000000000e+05 
1.19543174802909e-01 1.00000000000000e+05 
1.19733975778214e-01 1.00000000000000e+05 
1.19924823727898e-01 1.00000000000000e+05 
1.20115679293067e-01 1.00000000000000e+05 
1.20306582110676e-01 1.00000000000000e+05 
1.20497450044802e-01 1.00000000000000e+05 
1.20688324457620e-01 1.00000000000000e+05 
1.20879240701610e-01 1.00000000000000e+05 
1.21070228883917e-01 1.00000000000000e+05 
1.21261243768551e-01 1.00000000000000e+05 
1.21452307837928e-01 1.00000000000000e+05 
1.21643346021804e-01 1.00000000000000e+05 
1.21834375045352e-01 1.00000000000000e+05 
1.22025351934034e-01 1.00000000000000e+05 
1.22216485613520e-01 1.00000000000000e+05 
1.22407620329545e-01 1.00000000000000e+05 
1.22598811412831e-01 1.00000000000000e+05 
1.22789998053246e-01 1.00000000000000e+05 
1.22981172577803e-01 1.00000000000000e+05 
1.23172343206432e-01 1.00000000000000e+05 
1.23363604120712e-01 1.00000000000000e+05 
1.23554868353233e-01 1.00000000000000e+05 
1.23746188903335e-01 1.00000000000000e+05 
1.23937507823059e-01 1.00000000000000e+05 
1.24128819103906e-01 1.00000000000000e+05 
1.24320175089216e-01 1.00000000000000e+05 
1.24511584679684e-01 1.00000000000000e+05 
1.24703031797979e-01 1.00000000000000e+05 
1.24894498617708e-01 1.00000000000000e+05 
1.25085951994568e-01 1.00000000000000e+05 
1.25277401069597e-01 1.00000000000000e+05 
1.25468831348068e-01 1.00000000000000e+05 
1.25660347526457e-01 1.00000000000000e+05 
1.25851874079389e-01 1.00000000000000e+05 
1.26043419335092e-01 1.00000000000000e+05 
1.26234947630026e-01 1.00000000000000e+05 
1.26426475866652e-01 1.00000000000000e+05 
1.26618015431479e-01 1.00000000000000e+05 
1.26809579232461e-01 1.00000000000000e+05 
1.27001121347101e-01 1.00000000000000e+05 
1.27192686106707e-01 1.00000000000000e+05 
1.27384230414333e-01 1.00000000000000e+05 
1.27575771193730e-01 1.00000000000000e+05 
1.27767321518427e-01 1.00000000000000e+05 
1.27958918814683e-01 1.00000000000000e+05 
1.28150501135625e-01 1.00000000000000e+05 
1.28342125026638e-01 1.00000000000000e+05 
1.28533743480689e-01 1.00000000000000e+05 
1.28725358813311e-01 1.00000000000000e+05 
1.28917014334522e-01 1.00000000000000e+05 
1.29108715403822e-01 1.00000000000000e+05 
1.29300425843927e-01 1.00000000000000e+05 
1.29492168255601e-01 1.00000000000000e+05 
1.29683899123018e-01 1.00000000000000e+05 
1.29875617068614e-01 1.00000000000000e+05 
1.30067368350708e-01 1.00000000000000e+05 
1.30259151659964e-01 1.00000000000000e+05 
1.30450925768258e-01 1.00000000000000e+05 
1.30642740570307e-01 1.00000000000000e+05 
1.30834544895108e-01 1.00000000000000e+05 
1.31026337306223e-01 1.00000000000000e+05 
1.31218164159759e-01 1.00000000000000e+05 
1.31410023646327e-01 1.00000000000000e+05 
1.31601874768702e-01 1.00000000000000e+05 
1.31793760305929e-01 1.00000000000000e+05 
1.31985629409637e-01 1.00000000000000e+05 
1.32177483889810e-01 1.00000000000000e+05 
1.32369367031789e-01 1.00000000000000e+05 
1.32561278156917e-01 1.00000000000000e+05 
1.32753180490190e-01 1.00000000000000e+05 
1.32945117882081e-01 1.00000000000000e+05 
1.33137043982816e-01 1.00000000000000e+05 
1.33328965928584e-01 1.00000000000000e+05 
1.33520928906597e-01 1.00000000000000e+05 
1.33712930051068e-01 1.00000000000000e+05 
1.33904930477206e-01 1.00000000000000e+05 
1.34096976628181e-01 1.00000000000000e+05 
1.34289015276895e-01 1.00000000000000e+05 
1.34481052188634e-01 1.00000000000000e+05 
1.34673119301696e-01 1.00000000000000e+05 
1.34865231027446e-01 1.00000000000000e+05 
1.35057339815160e-01 1.00000000000000e+05 
1.35249490734332e-01 1.00000000000000e+05 
1.35441637087584e-01 1.00000000000000e+05 
1.35633782881823e-01 1.00000000000000e+05 
1.35825969633542e-01 1.00000000000000e+05 
1.36018195418983e-01 1.00000000000000e+05 
1.36210425724050e-01 1.00000000000000e+05 
1.36402691383163e-01 1.00000000000000e+05 
1.36594953598017e-01 1.00000000000000e+05 
1.36787214995339e-01 1.00000000000000e+05 
1.36979528594007e-01 1.00000000000000e+05 
1.37171863654289e-01 1.00000000000000e+05 
1.37364195061898e-01 1.00000000000000e+05 
1.37556556757093e-01 1.00000000000000e+05 
1.37748917128168e-01 1.00000000000000e+05 
1.37941274279096e-01 1.00000000000000e+05 
1.38133681557424e-01 1.00000000000000e+05 
1.38326113352119e-01 1.00000000000000e+05 
1.38518534518887e-01 1.00000000000000e+05 
1.38710989763884e-01 1.00000000000000e+05 
1.38903442403119e-01 1.00000000000000e+05 
1.39095885900833e-01 1.00000000000000e+05 
1.39288381383606e-01 1.00000000000000e+05 
1.39480893513651e-01 1.00000000000000e+05 
1.39673386870011e-01 1.00000000000000e+05 
1.39865913054614e-01 1.00000000000000e+05 
1.40058422967618e-01 1.00000000000000e+05 
1.40250928111884e-01 1.00000000000000e+05 
1.40443476851733e-01 1.00000000000000e+05 
1.40636051286537e-01 1.00000000000000e+05 
1.40828607811514e-01 1.00000000000000e+05 
1.41021204947955e-01 1.00000000000000e+05 
1.41213781314089e-01 1.00000000000001e+05 
1.41406359326410e-01 1.00000000000001e+05 
1.41598997176983e-01 1.00000000000002e+05 
1.41791665858396e-01 1.00000000000003e+05 
1.41984340627101e-01 1.00000000000004e+05 
1.42177044723950e-01 1.00000000000005e+05 
1.42369721558003e-01 1.00000000000007e+05 
1.42562410984877e-01 1.00000000000012e+05 
1.42755149959323e-01 1.00000000000016e+05 
1.42947920474390e-01 1.00000000000024e+05 
1.43140699990379e-01 1.00000000000032e+05 
1.43333496873746e-01 1.00000000000042e+05 
1.43526259775669e-01 1.00000000000060e+05 
1.43719039762132e-01 1.00000000000092e+05 
1.43911861112192e-01 1.00000000000125e+05 
1.44104717995704e-01 1.00000000000178e+05 
1.44297585325290e-01 1.00000000000203e+05 
1.44490463277699e-01 1.00000000000212e+05 
1.44683296876064e-01 1.00000000000242e+05 
1.44876146878278e-01 1.00000000000346e+05 
1.45069029699924e-01 1.00000000000527e+05 
1.45261942284488e-01 1.00000000000860e+05 
1.45454871835075e-01 1.00000000001428e+05 
1.45647799560639e-01 1.00000000002495e+05 
1.45840660512347e-01 1.00000000004209e+05 
1.46033531574355e-01 1.00000000006576e+05 
1.46226439626065e-01 1.00000000012883e+05 
1.46419381485447e-01 1.00000000028515e+05 
1.46612341882997e-01 1.00000000056045e+05 
1.46805303944886e-01 1.00000000098751e+05 
1.46998200532395e-01 1.00000000268104e+05 
1.47191108216253e-01 1.00000000475928e+05 
1.47384049731712e-01 1.00000000734150e+05 
1.47577020973469e-01 1.00000001012013e+05 
1.47770012751900e-01 1.00000001427704e+05 
1.47963004064959e-01 1.00000001861002e+05 
1.48155930301166e-01 1.00000002186079e+05 
1.48348867805220e-01 1.00000002532121e+05 
1.48541844615397e-01 1.00000002875419e+05 
1.48734849443844e-01 1.00000003163370e+05 
1.48927835217253e-01 1.00000003464418e+05 
1.49120845971786e-01 1.00000003790397e+05 
1.49313802805180e-01 1.00000004130445e+05 
1.49506764484255e-01 1.00000004479986e+05 
1.49699677235814e-01 1.00000004845147e+05 
1.49892645177574e-01 1.00000005254150e+05 
1.50085575364899e-01 1.00000005735177e+05 
1.50278542516101e-01 1.00000006250862e+05 
1.50471540150353e-01 1.00000006886596e+05 
1.50664465686362e-01 1.00000007607174e+05 
1.50857352742569e-01 1.00000008473414e+05 
1.51050301474529e-01 1.00000009560918e+05 
1.51243217238162e-01 1.00000010814342e+05 
1.51436173350313e-01 1.00000012175336e+05 
1.51629159057948e-01 1.00000013849243e+05 
1.51822071098674e-01 1.00000015928271e+05 
1.52014948728867e-01 1.00000018395976e+05 
1.52207885885691e-01 1.00000021620375e+05 
1.52400789806411e-01 1.00000025433449e+05 
1.52593731510259e-01 1.00000030368744e+05 
1.52786699495549e-01 1.00000037282173e+05 
1.52979594532030e-01 1.00000046719970e+05 
1.53172456488918e-01 1.00000059363538e+05 
1.53365373373118e-01 1.00000077078434e+05 
1.53558256684880e-01 1.00000101068708e+05 
1.53751173482148e-01 1.00000133788421e+05 
1.53944112694545e-01 1.00000177061290e+05 
1.54136979803649e-01 1.00000232861796e+05 
1.54329814502549e-01 1.00000303982987e+05 
1.54522704006234e-01 1.00000392922188e+05 
1.54715558677075e-01 1.00000501834581e+05 
1.54908445161897e-01 1.00000633787325e+05 
1.55101353330203e-01 1.00000792393611e+05 
1.55294188474836e-01 1.00000981717420e+05 
1.55486989569926e-01 1.00001203741250e+05 
1.55679841807505e-01 1.00001463100744e+05 
1.55872650896361e-01 1.00001761480237e+05 
1.56065498344933e-01 1.00002103169160e+05 
1.56258358247320e-01 1.00002493920008e+05 
1.56451143660832e-01 1.00002940257982e+05 
1.56643892493235e-01 1.00003442057536e+05 
1.56836712121042e-01 1.00004008642823e+05 
1.57029495623581e-01 1.00004639338955e+05 
1.57222330095682e-01 1.00005341706822e+05 
1.57415189466184e-01 1.00006123576705e+05 
1.57607977502844e-01 1.00006994280224e+05 
1.57800722161739e-01 1.00007950456303e+05 
1.57993538081795e-01 1.00009006322418e+05 
1.58186316788030e-01 1.00010159217429e+05 
1.58379143411759e-01 1.00011417273605e+05 
1.58571994847972e-01 1.00012794167468e+05 
1.58764778177812e-01 1.00014306849139e+05 
1.58957523096636e-01 1.00015944989969e+05 
1.59150332696728e-01 1.00017734923606e+05 
1.59343108119669e-01 1.00019669847728e+05 
1.59535926768889e-01 1.00021764907700e+05 
1.59728763192877e-01 1.00024044626907e+05 
1.59921530848057e-01 1.00026532568786e+05 
1.60114268075528e-01 1.00029225503738e+05 
1.60307063863740e-01 1.00032162549584e+05 
1.60499826582389e-01 1.00035357490847e+05 
1.60692625435256e-01 1.00038829167440e+05 
1.60885437463346e-01 1.00042608044603e+05 
1.61078181626868e-01 1.00046741320913e+05 
1.61270893729861e-01 1.00051225990082e+05 
1.61463665906706e-01 1.00056129958294e+05 
1.61656408095869e-01 1.00061466769439e+05 
1.61849190886710e-01 1.00067284419692e+05 
1.62041992599058e-01 1.00073644295771e+05 
1.62234732227307e-01 1.00080634222371e+05 
1.62427447469920e-01 1.00088253171070e+05 
1.62620231313927e-01 1.00096603569013e+05 
1.62812994884040e-01 1.00105719656864e+05 
1.63005805506233e-01 1.00115681670477e+05 
1.63198641980637e-01 1.00126569749454e+05 
1.63391421118388e-01 1.00138527213780e+05 
1.63584183684759e-01 1.00151548457434e+05 
1.63777012661694e-01 1.00165769994501e+05 
1.63969823149397e-01 1.00181237405773e+05 
1.64162677212882e-01 1.00198067943771e+05 
1.64355558310029e-01 1.00216336421014e+05 
1.64548386906815e-01 1.00236229241389e+05 
1.64741207261824e-01 1.00257705977591e+05 
1.64934092353091e-01 1.00280911351201e+05 
1.65126967190083e-01 1.00305901874029e+05 
1.65319886465487e-01 1.00332783162680e+05 
1.65512837501553e-01 1.00361555855740e+05 
1.65705744811117e-01 1.00392448733167e+05 
1.65898646608576e-01 1.00425341791155e+05 
1.66091606622753e-01 1.00460304706378e+05 
1.66284557155084e-01 1.00497371088587e+05 
1.66477544894131e-01 1.00536593449423e+05 
1.66670564719426e-01 1.00577849973911e+05 
1.66863541155496e-01 1.00621375146577e+05 
1.67056512508070e-01 1.00666878660411e+05 
1.67249537378914e-01 1.00714330708317e+05 
1.67442552492394e-01 1.00763660436113e+05 
1.67635601573760e-01 1.00814782920406e+05 
1.67828679869176e-01 1.00867369015086e+05 
1.68021711048692e-01 1.00921632145231e+05 
1.68214726550572e-01 1.00977065413748e+05 
1.68407785503363e-01 1.01033475425086e+05 
1.68600824192192e-01 1.01090675470649e+05 
1.68793891618091e-01 1.01148483111912e+05 
1.68986976382948e-01 1.01206341520103e+05 
1.69180005082894e-01 1.01264639702809e+05 
1.69373018095062e-01 1.01322391969673e+05 
1.69566082678953e-01 1.01379632532915e+05 
1.69759133971193e-01 1.01435908646339e+05 
1.69952224522412e-01 1.01491198275427e+05 
1.70145340535455e-01 1.01544504747131e+05 
1.70338408267734e-01 1.01595934580331e+05 
1.70531471059142e-01 1.01644785119672e+05 
1.70724590542040e-01 1.01690925633555e+05 
1.70917704249422e-01 1.01734204402101e+05 
1.71110859742075e-01 1.01774125029361e+05 
1.71304045035045e-01 1.01810332082724e+05 
1.71497185917906e-01 1.01843341432112e+05 
1.71690324017827e-01 1.01872361887275e+05 
1.71883518925554e-01 1.01898218869899e+05 
1.72076709403659e-01 1.01918638368715e+05 
1.72269941022949e-01 1.01936545222648e+05 
1.72463204755767e-01 1.01947810790778e+05 
1.72656425958091e-01 1.01953333544316e+05 
1.72849647915456e-01 1.01951578956134e+05 
1.73042928714934e-01 1.01941668704354e+05 
1.73236209035383e-01 1.01931730844153e+05 
1.73429531157008e-01 1.01922040000594e+05 
1.73622886897860e-01 1.01909802072743e+05 
1.73816203416543e-01 1.01897147860705e+05 
1.74009525181798e-01 1.01881675649412e+05 
1.74202906739823e-01 1.01863527701052e+05 
1.74396293971209e-01 1.01841573925594e+05 
1.74589719075505e-01 1.01815439905487e+05 
1.74783174980446e-01 1.01785157832799e+05 
1.74976589747678e-01 1.01753414228844e+05 
1.75170001196325e-01 1.01718790307746e+05 
1.75363470962567e-01 1.01681713035813e+05 
1.75556943562557e-01 1.01642552116471e+05 
1.75750459916925e-01 1.01601479245042e+05 
1.75944014918107e-01 1.01558011160964e+05 
1.76137534467376e-01 1.01513933730932e+05 
1.76331057855290e-01 1.01468046183702e+05 
1.76524644694021e-01 1.01420783533632e+05 
1.76718234313956e-01 1.01372041378815e+05 
1.76911866614425e-01 1.01321901345059e+05 
1.77105533813819e-01 1.01269469065112e+05 
1.77299163812585e-01 1.01217338863043e+05 
1.77492797703483e-01 1.01163814848283e+05 
1.77686485553817e-01 1.01109527301550e+05 
1.77880190522005e-01 1.01053792284124e+05 
1.78073924225296e-01 1.00997023245151e+05 
1.78267679768156e-01 1.00938530707012e+05 
1.78461431255365e-01 1.00880385943406e+05 
1.78655191835971e-01 1.00820857128489e+05 
1.78848985311641e-01 1.00760339540859e+05 
1.79042820261707e-01 1.00698933321619e+05 
1.79236665725402e-01 1.00637503999828e+05 
1.79430535481544e-01 1.00574825216356e+05 
1.79624403696872e-01 1.00512483135797e+05 
1.79818274930644e-01 1.00449697188126e+05 
1.80012180529251e-01 1.00387096390782e+05 
1.80206124474204e-01 1.00324600068175e+05 
1.80400076614905e-01 1.00262555065385e+05 
1.80594048867214e-01 1.00200515529202e+05 
1.80788017457722e-01 1.00140116756468e+05 
1.80981976890254e-01 1.00080227397875e+05 
1.81175963662217e-01 1.00021236210088e+05 
1.81369986115321e-01 9.99630894363694e+04 
1.81564015465820e-01 9.99060622587273e+04 
1.81758063605303e-01 9.98497847354355e+04 
1.81952109107367e-01 9.97957405684501e+04 
1.82146143759998e-01 9.97428909213863e+04 
1.82340206160736e-01 9.96915886261769e+04 
1.82534307044089e-01 9.96416618661166e+04 
1.82728421249238e-01 9.95933008727269e+04 
1.82922557921931e-01 9.95465667328666e+04 
1.83116696232319e-01 9.95016791369570e+04 
1.83310825678570e-01 9.94588128304541e+04 
1.83504987190286e-01 9.94175274583385e+04 
1.83699189972446e-01 9.93776883981259e+04 
1.83893408566781e-01 9.93391295483350e+04 
1.84087648953119e-01 9.93018748155937e+04 
1.84281890868224e-01 9.92671200882876e+04 
1.84476124315017e-01 9.92336354448066e+04 
1.84670390202865e-01 9.92019208877081e+04 
1.84864698347480e-01 9.91714311210581e+04 
1.85059023446513e-01 9.91422460174482e+04 
1.85253367522527e-01 9.91142808192641e+04 
1.85447713918719e-01 9.90884423381475e+04 
1.85642050811676e-01 9.90637010448722e+04 
1.85836417342400e-01 9.90404181265082e+04 
1.86030827603433e-01 9.90180729996288e+04 
1.86225253593937e-01 9.89967686380816e+04 
1.86419693526520e-01 9.89765043355641e+04 
1.86614135915405e-01 9.89579485629076e+04 
1.86808564088411e-01 9.89403397207851e+04 
1.87003011542838e-01 9.89239684558123e+04 
1.87197497182673e-01 9.89083624502233e+04 
1.87391990073924e-01 9.88935905213507e+04 
1.87586487665065e-01 9.88797413669065e+04 
1.87780987012454e-01 9.88674480285454e+04 
1.87975472937371e-01 9.88564132103808e+04 
1.88169979420513e-01 9.88467236599842e+04 
1.88364529172313e-01 9.88367561023159e+04 
1.88559090181209e-01 9.88290959358152e+04 
1.88753658123731e-01 9.88234057017422e+04 
1.88948232530354e-01 9.88198749192188e+04 
1.89142797248923e-01 9.88175942180098e+04 
1.89337388191721e-01 9.88168720775688e+04 
1.89532023973290e-01 9.88181941279914e+04 
1.89726672335159e-01 9.88193413408865e+04 
1.89921329767172e-01 9.88205762978415e+04 
1.90115995091964e-01 9.88215788740734e+04 
1.90310648251227e-01 9.88233557079143e+04 
1.90505328532331e-01 9.88257244694565e+04 
1.90700051720279e-01 9.88289560097834e+04 
1.90894785326299e-01 9.88334852732225e+04 
1.91089526827772e-01 9.88385497588267e+04 
1.91284274311037e-01 9.88467309713564e+04 
1.91479004228054e-01 9.88573119221315e+04 
1.91673756958038e-01 9.88704483938691e+04 
1.91868550853337e-01 9.88863423964328e+04 
1.92063353342400e-01 9.89030823466396e+04 
1.92258160431163e-01 9.89211328975295e+04 
1.92452971314059e-01 9.89415232661683e+04 
1.92647762612972e-01 9.89650728864992e+04 
1.92842572697594e-01 9.89924942998851e+04 
1.93037421111581e-01 9.90241276933631e+04 
1.93232275400757e-01 9.90597493097627e+04 
1.93427129778662e-01 9.90995276886071e+04 
1.93621985063924e-01 9.91431030356442e+04 
1.93816818071203e-01 9.91921305897879e+04 
1.94011664649783e-01 9.92455222416118e+04 
1.94206546909416e-01 9.93042714785762e+04 
1.94401431211546e-01 9.93681583032078e+04 
1.94596311700711e-01 9.94372110867810e+04 
1.94791192614959e-01 9.95111036742818e+04 
1.94986052517223e-01 9.95898934833998e+04 
1.95180923600395e-01 9.96728544929991e+04 
1.95375829563635e-01 9.97601130821531e+04 
1.95570735761539e-01 9.98514405335981e+04 
1.95765636857839e-01 9.99463914655770e+04 
1.95960539033686e-01 1.00043680541301e+05 
1.96155422612977e-01 1.00143307100554e+05 
1.96350318129105e-01 1.00244640962032e+05 
1.96545248774062e-01 1.00347586606133e+05 
1.96740179374837e-01 1.00451221254018e+05 
1.96935105635576e-01 1.00554281659852e+05 
1.97130033728403e-01 1.00655295221066e+05 
1.97324944063839e-01 1.00754460001718e+05 
1.97519867491360e-01 1.00850219134774e+05 
1.97714826702941e-01 1.00942123040480e+05 
1.97909786420651e-01 1.01029458784754e+05 
1.98104743749214e-01 1.01111414866497e+05 
1.98299704307515e-01 1.01188244848554e+05 
1.98494649583805e-01 1.01258398534376e+05 
1.98689610832694e-01 1.01321053997732e+05 
1.98884609319807e-01 1.01380182118772e+05 
1.99079609967476e-01 1.01428093036485e+05 
1.99274609617330e-01 1.01468021398460e+05 
1.99469613021307e-01 1.01500653003303e+05 
1.99664601808315e-01 1.01527703590289e+05 
1.99859606666783e-01 1.01543419005040e+05 
2.00054648799357e-01 1.01558374744671e+05 
2.00249693541358e-01 1.01575861593618e+05 
