# Liste des scalaires : TEMPS pmat 
0.00000000000000e+00 1.00000000000000e+05 
7.22956891292051e-05 1.00000000000000e+05 
1.51820947171331e-04 1.00000000000000e+05 
2.39298731017669e-04 1.00000000000000e+05 
3.35524293248641e-04 1.00000000000000e+05 
4.41372411702710e-04 1.00000000000000e+05 
5.57805342002186e-04 1.00000000000000e+05 
6.85881565331610e-04 1.00000000000000e+05 
8.26765410993976e-04 1.00000000000000e+05 
9.79196487124379e-04 1.00000000000000e+05 
1.13532522364220e-03 1.00000000000000e+05 
1.29602169617479e-03 1.00000000000000e+05 
1.46493681658132e-03 1.00000000000000e+05 
1.64341322473239e-03 1.00000000000000e+05 
1.82968917513302e-03 1.00000000000000e+05 
2.02640517199928e-03 1.00000000000000e+05 
2.23440051791190e-03 1.00000000000000e+05 
2.45111935672092e-03 1.00000000000000e+05 
2.67992842950172e-03 1.00000000000000e+05 
2.92138086282851e-03 1.00000000000000e+05 
3.17418236875575e-03 1.00000000000000e+05 
3.44063595937572e-03 1.00000000000000e+05 
3.72285335939337e-03 1.00000000000000e+05 
4.02146263619741e-03 1.00000000000000e+05 
4.33793745767218e-03 1.00000000000000e+05 
4.67279900472465e-03 1.00000000000000e+05 
5.02697461778742e-03 1.00000000000000e+05 
5.39951644464916e-03 1.00000000000000e+05 
5.78280848556575e-03 1.00000000000000e+05 
6.16286651607842e-03 1.00000000000000e+05 
6.54294430081403e-03 1.00000000000000e+05 
6.92074031042102e-03 1.00000000000000e+05 
7.30000213616638e-03 1.00000000000000e+05 
7.68061320309108e-03 1.00000000000000e+05 
8.06079677763243e-03 1.00000000000000e+05 
8.44151914661812e-03 1.00000000000000e+05 
8.82590953160779e-03 1.00000000000000e+05 
9.21108118873367e-03 1.00000000000000e+05 
9.59990950546873e-03 1.00000000000000e+05 
9.99266643662900e-03 1.00000000000000e+05 
1.03857972581210e-02 1.00000000000000e+05 
1.07740470852489e-02 1.00000000000000e+05 
1.11594527950080e-02 1.00000000000000e+05 
1.15421139910108e-02 1.00000000000000e+05 
1.19295189321392e-02 1.00000000000000e+05 
1.23168643309675e-02 1.00000000000000e+05 
1.27039979445193e-02 1.00000000000000e+05 
1.30904179096111e-02 1.00000000000000e+05 
1.34796334632680e-02 1.00000000000000e+05 
1.38713591164156e-02 1.00000000000000e+05 
1.42629256521532e-02 1.00000000000000e+05 
1.46541399787217e-02 1.00000000000000e+05 
1.50436233322321e-02 1.00000000000000e+05 
1.54308983311230e-02 1.00000000000000e+05 
1.58167210676064e-02 1.00000000000000e+05 
1.61987843117893e-02 1.00000000000000e+05 
1.65783818507241e-02 1.00000000000000e+05 
1.69562438618617e-02 1.00000000000000e+05 
1.73311067675567e-02 1.00000000000000e+05 
1.77042684940053e-02 1.00000000000000e+05 
1.80769982567250e-02 1.00000000000000e+05 
1.84477652197705e-02 1.00000000000000e+05 
1.88183071825243e-02 1.00000000000000e+05 
1.91889657110822e-02 1.00000000000000e+05 
1.95582937646455e-02 1.00000000000000e+05 
1.99268527460500e-02 1.00000000000000e+05 
2.02961293088582e-02 1.00000000000000e+05 
2.06647675185974e-02 1.00000000000000e+05 
2.10350282168353e-02 1.00000000000000e+05 
2.14060574094261e-02 1.00000000000000e+05 
2.17766365941055e-02 1.00000000000000e+05 
2.21469516621244e-02 1.00000000000000e+05 
2.25177066244898e-02 1.00000000000000e+05 
2.28886127554743e-02 1.00000000000000e+05 
2.32609652185046e-02 1.00000000000000e+05 
2.36347901085595e-02 1.00000000000000e+05 
2.40086159083125e-02 1.00000000000000e+05 
2.43825480627688e-02 1.00000000000000e+05 
2.47570180970570e-02 1.00000000000000e+05 
2.51314191161480e-02 1.00000000000000e+05 
2.55068177861982e-02 1.00000000000000e+05 
2.58831334960750e-02 1.00000000000000e+05 
2.62595926847379e-02 1.00000000000000e+05 
2.66360552657329e-02 1.00000000000000e+05 
2.70128021155451e-02 1.00000000000000e+05 
2.73897946722990e-02 1.00000000000000e+05 
2.77675024603420e-02 1.00000000000000e+05 
2.81460549781208e-02 1.00000000000000e+05 
2.85250039757218e-02 1.00000000000000e+05 
2.89038192109489e-02 1.00000000000000e+05 
2.92833320831907e-02 1.00000000000000e+05 
2.96631012264834e-02 1.00000000000000e+05 
3.00439755279338e-02 1.00000000000000e+05 
3.04259362476564e-02 1.00000000000000e+05 
3.08084782916977e-02 1.00000000000000e+05 
3.11909669712559e-02 1.00000000000000e+05 
3.15743075137202e-02 1.00000000000000e+05 
3.19580469103489e-02 1.00000000000000e+05 
3.23427843996937e-02 1.00000000000000e+05 
3.27285509357777e-02 1.00000000000000e+05 
3.31148074477494e-02 1.00000000000000e+05 
3.35004593710600e-02 1.00000000000000e+05 
3.38866539535100e-02 1.00000000000000e+05 
3.42723368435095e-02 1.00000000000000e+05 
3.46589349762617e-02 1.00000000000000e+05 
3.50460502492892e-02 1.00000000000000e+05 
3.54325517702134e-02 1.00000000000000e+05 
3.58184094124256e-02 1.00000000000000e+05 
3.62048921285469e-02 1.00000000000000e+05 
3.65911583235886e-02 1.00000000000000e+05 
3.69783534329914e-02 1.00000000000000e+05 
3.73663996735962e-02 1.00000000000000e+05 
3.77542422907374e-02 1.00000000000000e+05 
3.81418063064800e-02 1.00000000000000e+05 
3.85302184204309e-02 1.00000000000000e+05 
3.89189020638312e-02 1.00000000000000e+05 
3.93087801472151e-02 1.00000000000000e+05 
3.96991724434475e-02 1.00000000000000e+05 
4.00896282236201e-02 1.00000000000000e+05 
4.04798336358674e-02 1.00000000000000e+05 
4.08699486687505e-02 1.00000000000000e+05 
4.12599238915718e-02 1.00000000000000e+05 
4.16501516891161e-02 1.00000000000000e+05 
4.20406165618796e-02 1.00000000000000e+05 
4.24310355552014e-02 1.00000000000000e+05 
4.28211042195450e-02 1.00000000000000e+05 
4.32110640525933e-02 1.00000000000000e+05 
4.36008562470368e-02 1.00000000000000e+05 
4.39908807191321e-02 1.00000000000000e+05 
4.43811837936478e-02 1.00000000000000e+05 
4.47713861967305e-02 1.00000000000000e+05 
4.51612044804495e-02 1.00000000000000e+05 
4.55509779072465e-02 1.00000000000000e+05 
4.59406814103033e-02 1.00000000000000e+05 
4.63306498676501e-02 1.00000000000000e+05 
4.67210755416229e-02 1.00000000000000e+05 
4.71114703671011e-02 1.00000000000000e+05 
4.75015206112504e-02 1.00000000000000e+05 
4.78912664855130e-02 1.00000000000000e+05 
4.82808115665204e-02 1.00000000000000e+05 
4.86704819485126e-02 1.00000000000000e+05 
4.90603300434639e-02 1.00000000000000e+05 
4.94502167961501e-02 1.00000000000000e+05 
4.98397356553916e-02 1.00000000000000e+05 
5.02290714708763e-02 1.00000000000000e+05 
5.06182694270991e-02 1.00000000000000e+05 
5.10076790753940e-02 1.00000000000000e+05 
5.13973692912982e-02 1.00000000000000e+05 
5.17870922988364e-02 1.00000000000000e+05 
5.21765443991973e-02 1.00000000000000e+05 
5.25659458373820e-02 1.00000000000000e+05 
5.29553046066879e-02 1.00000000000000e+05 
5.33449940075810e-02 1.00000000000000e+05 
5.37351080259182e-02 1.00000000000000e+05 
5.41253380609016e-02 1.00000000000000e+05 
5.45154256109284e-02 1.00000000000000e+05 
5.49056322930831e-02 1.00000000000000e+05 
5.52959346204195e-02 1.00000000000000e+05 
5.56866623960614e-02 1.00000000000000e+05 
5.60776525255112e-02 1.00000000000000e+05 
5.64687528461523e-02 1.00000000000000e+05 
5.68596377792985e-02 1.00000000000000e+05 
5.72504013222955e-02 1.00000000000000e+05 
5.76410103560019e-02 1.00000000000000e+05 
5.80316826560571e-02 1.00000000000000e+05 
5.84225128900185e-02 1.00000000000000e+05 
5.88133540838057e-02 1.00000000000000e+05 
5.92039641183980e-02 1.00000000000000e+05 
5.95944464613184e-02 1.00000000000000e+05 
5.99847755015384e-02 1.00000000000000e+05 
6.03753046497182e-02 1.00000000000000e+05 
6.07660673072630e-02 1.00000000000000e+05 
6.11568683079480e-02 1.00000000000000e+05 
6.15474635787821e-02 1.00000000000000e+05 
6.19380354230020e-02 1.00000000000000e+05 
6.23285032657755e-02 1.00000000000000e+05 
6.27192641040237e-02 1.00000000000000e+05 
6.31103855734550e-02 1.00000000000000e+05 
6.35016293411884e-02 1.00000000000000e+05 
6.38928129114952e-02 1.00000000000000e+05 
6.42841448634497e-02 1.00000000000000e+05 
6.46755006493356e-02 1.00000000000000e+05 
6.50671933966106e-02 1.00000000000000e+05 
6.54589899895215e-02 1.00000000000000e+05 
6.58506774601014e-02 1.00000000000000e+05 
6.62421116377479e-02 1.00000000000000e+05 
6.66334257475252e-02 1.00000000000000e+05 
6.70245480997652e-02 1.00000000000000e+05 
6.74157847190472e-02 1.00000000000000e+05 
6.78071941576074e-02 1.00000000000000e+05 
6.81985686535589e-02 1.00000000000000e+05 
6.85897490729969e-02 1.00000000000000e+05 
6.89809488101811e-02 1.00000000000000e+05 
6.93721212585438e-02 1.00000000000000e+05 
6.97636277588562e-02 1.00000000000000e+05 
7.01554071621115e-02 1.00000000000000e+05 
7.05472261908421e-02 1.00000000000000e+05 
7.09389896503084e-02 1.00000000000000e+05 
7.13309230948905e-02 1.00000000000000e+05 
7.17229866911005e-02 1.00000000000000e+05 
7.21156029028765e-02 1.00000000000000e+05 
7.25086888536995e-02 1.00000000000000e+05 
7.29020739699756e-02 1.00000000000000e+05 
7.32955339659151e-02 1.00000000000000e+05 
7.36893039271351e-02 1.00000000000000e+05 
7.40834001873078e-02 1.00000000000000e+05 
7.44782278118196e-02 1.00000000000000e+05 
7.48732939473010e-02 1.00000000000000e+05 
7.52684488434913e-02 1.00000000000000e+05 
7.56634121176081e-02 1.00000000000000e+05 
7.60582621172674e-02 1.00000000000000e+05 
7.64529765100785e-02 1.00000000000000e+05 
7.68477879257687e-02 1.00000000000000e+05 
7.72428492460324e-02 1.00000000000000e+05 
7.76380054909136e-02 1.00000000000000e+05 
7.80329942809273e-02 1.00000000000000e+05 
7.84279409401738e-02 1.00000000000000e+05 
7.88228152250522e-02 1.00000000000000e+05 
7.92179038545702e-02 1.00000000000000e+05 
7.96132332075066e-02 1.00000000000000e+05 
8.00086039544223e-02 1.00000000000000e+05 
8.04038303592468e-02 1.00000000000000e+05 
8.07991209221353e-02 1.00000000000000e+05 
8.11944287166676e-02 1.00000000000000e+05 
8.15901052265446e-02 1.00000000000000e+05 
8.19861240463567e-02 1.00000000000000e+05 
8.23822492569785e-02 1.00000000000000e+05 
8.27782804987345e-02 1.00000000000000e+05 
8.31744997046164e-02 1.00000000000000e+05 
8.35709358746001e-02 1.00000000000000e+05 
8.39679992355757e-02 1.00000000000000e+05 
8.43656300892652e-02 1.00000000000000e+05 
8.47635345512436e-02 1.00000000000000e+05 
8.51615520139377e-02 1.00000000000000e+05 
8.55599712883860e-02 1.00000000000000e+05 
8.59584272586369e-02 1.00000000000000e+05 
8.63567502216611e-02 1.00000000000000e+05 
8.67552271231197e-02 1.00000000000000e+05 
8.71537637356858e-02 1.00000000000000e+05 
8.75520832223083e-02 1.00000000000000e+05 
8.79501434441770e-02 1.00000000000000e+05 
8.83478819978483e-02 1.00000000000000e+05 
8.87455600994900e-02 1.00000000000000e+05 
8.91435072992348e-02 1.00000000000000e+05 
8.95416100654273e-02 1.00000000000000e+05 
8.99396620433839e-02 1.00000000000000e+05 
9.03376384792217e-02 1.00000000000000e+05 
9.07354736140456e-02 1.00000000000000e+05 
9.11334507075413e-02 1.00000000000000e+05 
9.15318759118314e-02 1.00000000000000e+05 
9.19306527411813e-02 1.00000000000000e+05 
9.23295415037042e-02 1.00000000000000e+05 
9.27284889283221e-02 1.00000000000000e+05 
9.31274565797948e-02 1.00000000000000e+05 
9.35267802972798e-02 1.00000000000000e+05 
9.39267101470844e-02 1.00000000000000e+05 
9.43271007118722e-02 1.00000000000000e+05 
9.47277926722977e-02 1.00000000000000e+05 
9.51287461080361e-02 1.00000000000000e+05 
9.55299035613926e-02 1.00000000000000e+05 
9.59316750502147e-02 1.00000000000000e+05 
9.63342410745420e-02 1.00000000000000e+05 
9.67373725125485e-02 1.00000000000000e+05 
9.71410182358232e-02 1.00000000000000e+05 
9.75451967752257e-02 1.00000000000000e+05 
9.79498896072199e-02 1.00000000000000e+05 
9.83551481198879e-02 1.00000000000000e+05 
9.87605978223468e-02 1.00000000000000e+05 
9.91661920465561e-02 1.00000000000000e+05 
9.95717934360593e-02 1.00000000000000e+05 
9.99772045970540e-02 1.00000000000000e+05 
1.00382379356592e-01 1.00000000000000e+05 
1.00787373740175e-01 1.00000000000000e+05 
1.01192579461553e-01 1.00000000000000e+05 
1.01598011909960e-01 1.00000000000000e+05 
1.02003379533542e-01 1.00000000000000e+05 
1.02408606249416e-01 1.00000000000000e+05 
1.02813682062966e-01 1.00000000000000e+05 
1.03218699514751e-01 1.00000000000000e+05 
1.03624056292194e-01 1.00000000000000e+05 
1.04029807103249e-01 1.00000000000000e+05 
1.04435669473437e-01 1.00000000000000e+05 
1.04841576668857e-01 1.00000000000000e+05 
1.05247511177953e-01 1.00000000000000e+05 
1.05653606428953e-01 1.00000000000000e+05 
1.06060220923899e-01 1.00000000000000e+05 
1.06467393695936e-01 1.00000000000000e+05 
1.06874862691259e-01 1.00000000000000e+05 
1.07282539094715e-01 1.00000000000000e+05 
1.07690399173336e-01 1.00000000000000e+05 
1.08098636118747e-01 1.00000000000000e+05 
1.08507559694306e-01 1.00000000000000e+05 
1.08917090616284e-01 1.00000000000000e+05 
1.09326345842602e-01 1.00000000000000e+05 
1.09735529568192e-01 1.00000000000000e+05 
1.10144713254029e-01 1.00000000000000e+05 
1.10554094444743e-01 1.00000000000000e+05 
1.10963552694017e-01 1.00000000000000e+05 
1.11373010609225e-01 1.00000000000000e+05 
1.11782165915934e-01 1.00000000000000e+05 
1.12191265038887e-01 1.00000000000000e+05 
1.12600389274178e-01 1.00000000000000e+05 
1.13009804517211e-01 1.00000000000000e+05 
1.13419326087322e-01 1.00000000000000e+05 
1.13828879037396e-01 1.00000000000000e+05 
1.14238184143606e-01 1.00000000000000e+05 
1.14647526582963e-01 1.00000000000000e+05 
1.15056972649024e-01 1.00000000000000e+05 
1.15466838425448e-01 1.00000000000000e+05 
1.15876905207237e-01 1.00000000000000e+05 
1.16287066648642e-01 1.00000000000000e+05 
1.16697028985730e-01 1.00000000000000e+05 
1.17107109037840e-01 1.00000000000000e+05 
1.17517385085074e-01 1.00000000000000e+05 
1.17928206177167e-01 1.00000000000000e+05 
1.18339321084804e-01 1.00000000000000e+05 
1.18750604595776e-01 1.00000000000000e+05 
1.19161749598633e-01 1.00000000000000e+05 
1.19573095734228e-01 1.00000000000000e+05 
1.19984717795513e-01 1.00000000000000e+05 
1.20397005220930e-01 1.00000000000000e+05 
1.20809680281164e-01 1.00000000000000e+05 
1.21222574946293e-01 1.00000000000000e+05 
1.21635390048959e-01 1.00000000000000e+05 
1.22048489493402e-01 1.00000000000000e+05 
1.22461965453723e-01 1.00000000000000e+05 
1.22876241879912e-01 1.00000000000000e+05 
1.23291024228393e-01 1.00000000000000e+05 
1.23706112862449e-01 1.00000000000000e+05 
1.24121218845541e-01 1.00000000000000e+05 
1.24536514460170e-01 1.00000000000000e+05 
1.24951942222981e-01 1.00000000000000e+05 
1.25367553913895e-01 1.00000000000000e+05 
1.25783393697819e-01 1.00000000000000e+05 
1.26199315249010e-01 1.00000000000000e+05 
1.26615098348335e-01 1.00000000000000e+05 
1.27030753758670e-01 1.00000000000000e+05 
1.27446270290109e-01 1.00000000000000e+05 
1.27861880260692e-01 1.00000000000000e+05 
1.28277699392430e-01 1.00000000000000e+05 
1.28693579618559e-01 1.00000000000000e+05 
1.29109305044254e-01 1.00000000000000e+05 
1.29524896422427e-01 1.00000000000000e+05 
1.29940354836754e-01 1.00000000000000e+05 
1.30355941398545e-01 1.00000000000000e+05 
1.30771745902646e-01 1.00000000000000e+05 
1.31187633362817e-01 1.00000000000000e+05 
1.31603405006564e-01 1.00000000000000e+05 
1.32019101488204e-01 1.00000000000000e+05 
1.32434705559443e-01 1.00000000000000e+05 
1.32850524402885e-01 1.00000000000000e+05 
1.33266606528231e-01 1.00000000000000e+05 
1.33682809796109e-01 1.00000000000000e+05 
1.34098946920512e-01 1.00000000000000e+05 
1.34515087126029e-01 1.00000000000000e+05 
1.34931183370424e-01 1.00000000000000e+05 
1.35347608774542e-01 1.00000000000000e+05 
1.35764360830562e-01 1.00000000000000e+05 
1.36181272055748e-01 1.00000000000000e+05 
1.36598184729166e-01 1.00000000000000e+05 
1.37015187949542e-01 1.00000000000000e+05 
1.37432208256868e-01 1.00000000000000e+05 
1.37849676464780e-01 1.00000000000000e+05 
1.38267551208784e-01 1.00000000000000e+05 
1.38685642407538e-01 1.00000000000000e+05 
1.39103810176263e-01 1.00000000000000e+05 
1.39522165982010e-01 1.00000000000000e+05 
1.39940609211474e-01 1.00000000000000e+05 
1.40359636150588e-01 1.00000000000000e+05 
1.40779163065162e-01 1.00000000000000e+05 
1.41198990915269e-01 1.00000000000000e+05 
1.41618929286764e-01 1.00000000000000e+05 
1.42038895190964e-01 1.00000000000000e+05 
1.42458769754592e-01 1.00000000000000e+05 
1.42878727072935e-01 1.00000000000000e+05 
1.43298858164549e-01 1.00000000000000e+05 
1.43719228875991e-01 1.00000000000000e+05 
1.44139729868150e-01 1.00000000000000e+05 
1.44560325897262e-01 1.00000000000000e+05 
1.44980873238549e-01 1.00000000000000e+05 
1.45401586203128e-01 1.00000000000000e+05 
1.45822520697693e-01 1.00000000000000e+05 
1.46243729674814e-01 1.00000000000000e+05 
1.46665115147583e-01 1.00000000000000e+05 
1.47086670542211e-01 1.00000000000000e+05 
1.47508225070838e-01 1.00000000000000e+05 
1.47930019391755e-01 1.00000000000000e+05 
1.48352077724515e-01 1.00000000000000e+05 
1.48774447785827e-01 1.00000000000000e+05 
1.49197028403668e-01 1.00000000000000e+05 
1.49619847270956e-01 1.00000000000000e+05 
1.50042723227606e-01 1.00000000000000e+05 
1.50465913244987e-01 1.00000000000000e+05 
1.50889407534511e-01 1.00000000000000e+05 
1.51313235923982e-01 1.00000000000000e+05 
1.51737325823609e-01 1.00000000000000e+05 
1.52161712243499e-01 1.00000000000000e+05 
1.52586085490583e-01 1.00000000000000e+05 
1.53010296487260e-01 1.00000000000000e+05 
1.53434775547062e-01 1.00000000000000e+05 
1.53859402506075e-01 1.00000000000000e+05 
1.54284282866472e-01 1.00000000000000e+05 
1.54709468182109e-01 1.00000000000000e+05 
1.55134480702615e-01 1.00000000000000e+05 
1.55559434128914e-01 1.00000000000000e+05 
1.55984692487294e-01 1.00000000000000e+05 
1.56410149810055e-01 1.00000000000000e+05 
1.56835913548296e-01 1.00000000000000e+05 
1.57262039699645e-01 1.00000000000000e+05 
1.57688061066430e-01 1.00000000000000e+05 
1.58114123715194e-01 1.00000000000000e+05 
1.58540540200521e-01 1.00000000000000e+05 
1.58967192976735e-01 1.00000000000000e+05 
1.59394218258826e-01 1.00000000000000e+05 
1.59821415967666e-01 1.00000000000000e+05 
1.60248463741821e-01 1.00000000000000e+05 
1.60675255143541e-01 1.00000000000000e+05 
1.61102032853305e-01 1.00000000000000e+05 
1.61528912760858e-01 1.00000000000000e+05 
1.61955963562733e-01 1.00000000000000e+05 
1.62383049736981e-01 1.00000000000000e+05 
1.62809984608212e-01 1.00000000000000e+05 
1.63236688966245e-01 1.00000000000000e+05 
1.63663376571385e-01 1.00000000000000e+05 
1.64090166680237e-01 1.00000000000000e+05 
1.64517130741789e-01 1.00000000000000e+05 
1.64944152788767e-01 1.00000000000000e+05 
1.65371055691599e-01 1.00000000000000e+05 
1.65797797396508e-01 1.00000000000000e+05 
1.66224555919838e-01 1.00000000000000e+05 
1.66651467293061e-01 1.00000000000000e+05 
1.67078581023801e-01 1.00000000000000e+05 
1.67505797131497e-01 1.00000000000000e+05 
1.67932939711443e-01 1.00000000000000e+05 
1.68359989158951e-01 1.00000000000000e+05 
1.68787093694127e-01 1.00000000000000e+05 
1.69214407279219e-01 1.00000000000000e+05 
1.69641959350825e-01 1.00000000000000e+05 
1.70069674044811e-01 1.00000000000000e+05 
1.70497365849648e-01 1.00000000000000e+05 
1.70925023225523e-01 1.00000000000000e+05 
1.71352779371104e-01 1.00000000000000e+05 
1.71780801865865e-01 1.00000000000000e+05 
1.72209096390486e-01 1.00000000000000e+05 
1.72637610577595e-01 1.00000000000000e+05 
1.73066139113395e-01 1.00000000000000e+05 
1.73494691153746e-01 1.00000000000000e+05 
1.73923384937489e-01 1.00000000000000e+05 
1.74352378291134e-01 1.00000000000000e+05 
1.74781687926906e-01 1.00000000000000e+05 
1.75211274905465e-01 1.00000000000000e+05 
1.75640936935997e-01 1.00000000000000e+05 
1.76070704293836e-01 1.00000000000000e+05 
1.76500665854301e-01 1.00000000000000e+05 
1.76930970436034e-01 1.00000000000000e+05 
1.77361644807493e-01 1.00000000000000e+05 
1.77792661797043e-01 1.00000000000000e+05 
1.78223818461442e-01 1.00000000000000e+05 
1.78655167170257e-01 1.00000000000000e+05 
1.79086769654528e-01 1.00000000000000e+05 
1.79518755925601e-01 1.00000000000000e+05 
1.79951160269888e-01 1.00000000000000e+05 
1.80383974724893e-01 1.00000000000000e+05 
1.80816999658402e-01 1.00000000000000e+05 
1.81250308090275e-01 1.00000000000000e+05 
1.81683935285920e-01 1.00000000000000e+05 
1.82117997078952e-01 1.00000000000000e+05 
1.82552529703104e-01 1.00000000000000e+05 
1.82987535015311e-01 1.00000000000000e+05 
1.83422817225746e-01 1.00000000000000e+05 
1.83858468068026e-01 1.00000000000000e+05 
1.84294501884752e-01 1.00000000000000e+05 
1.84731021990461e-01 1.00000000000000e+05 
1.85168077698286e-01 1.00000000000000e+05 
1.85605697492131e-01 1.00000000000000e+05 
1.86043689020728e-01 1.00000000000000e+05 
1.86481842275728e-01 1.00000000000000e+05 
1.86919934414960e-01 1.00000000000000e+05 
1.87357990114251e-01 1.00000000000000e+05 
1.87796085005807e-01 1.00000000000000e+05 
1.88234340257839e-01 1.00000000000000e+05 
1.88672705782874e-01 1.00000000000001e+05 
1.89110919716637e-01 1.00000000000001e+05 
1.89549076970283e-01 1.00000000000003e+05 
1.89987183550307e-01 1.00000000000004e+05 
1.90425308131635e-01 1.00000000000004e+05 
1.90863577818547e-01 1.00000000000033e+05 
1.91301949175146e-01 1.00000000000098e+05 
1.91740187266462e-01 1.00000000000135e+05 
1.92178370208776e-01 1.00000000005188e+05 
1.92616485667445e-01 1.00000000035476e+05 
1.93054590943070e-01 1.00000000296441e+05 
1.93492831718097e-01 1.00000000692010e+05 
1.93931163714695e-01 1.00000001248317e+05 
1.94369387981547e-01 1.00000001796703e+05 
1.94807568221970e-01 1.00000002453705e+05 
1.95245685581080e-01 1.00000003192698e+05 
1.95683800864461e-01 1.00000003989648e+05 
1.96122072468611e-01 1.00000004770457e+05 
1.96560471595303e-01 1.00000005630774e+05 
1.96998847211962e-01 1.00000006852855e+05 
1.97437235677392e-01 1.00000008465637e+05 
1.97875609197287e-01 1.00000010520453e+05 
1.98314018417588e-01 1.00000013423236e+05 
1.98752628338819e-01 1.00000017679419e+05 
1.99191414893919e-01 1.00000023549982e+05 
1.99630258189525e-01 1.00000031645539e+05 
2.00069171132880e-01 1.00000042980173e+05 
2.00508120693870e-01 1.00000058177513e+05 
