# Liste des scalaires : TEMPS pmat 
0.00000000000000e+00 1.00000000000000e+05 
5.42217668469038e-05 1.00000000000000e+05 
9.81374370602202e-05 1.00000000000000e+05 
1.40065886929668e-04 1.00000000000000e+05 
1.80227277619007e-04 1.00000000000000e+05 
2.20174589477711e-04 1.00000000000000e+05 
2.59984809444783e-04 1.00000000000000e+05 
2.99430159397425e-04 1.00000000000000e+05 
3.39974590533061e-04 1.00000000000000e+05 
3.82172346260736e-04 1.00000000000000e+05 
4.25041509720703e-04 1.00000000000000e+05 
4.66874435918584e-04 1.00000000000000e+05 
5.10307100947196e-04 1.00000000000000e+05 
5.55120124111790e-04 1.00000000000000e+05 
6.00489597043229e-04 1.00000000000000e+05 
6.46715320503163e-04 1.00000000000000e+05 
6.93682804221342e-04 1.00000000000000e+05 
7.40745150183167e-04 1.00000000000000e+05 
7.88462843706363e-04 1.00000000000000e+05 
8.36815063216991e-04 1.00000000000000e+05 
8.86151902220309e-04 1.00000000000000e+05 
9.36328299557930e-04 1.00000000000000e+05 
9.86794356255902e-04 1.00000000000000e+05 
1.03807209156210e-03 1.00000000000000e+05 
1.09019090415247e-03 1.00000000000000e+05 
1.14292097202092e-03 1.00000000000000e+05 
1.19700141809841e-03 1.00000000000000e+05 
1.25141027586860e-03 1.00000000000000e+05 
1.30649623355650e-03 1.00000000000000e+05 
1.36135558478517e-03 1.00000000000000e+05 
1.41715332629966e-03 1.00000000000000e+05 
1.47272748284762e-03 1.00000000000000e+05 
1.52979411612981e-03 1.00000000000000e+05 
1.58668003553452e-03 1.00000000000000e+05 
1.64504429058010e-03 1.00000000000000e+05 
1.70266618853124e-03 1.00000000000000e+05 
1.76020551780859e-03 1.00000000000000e+05 
1.81891775742990e-03 1.00000000000000e+05 
1.87900369726591e-03 1.00000000000000e+05 
1.93883115084354e-03 1.00000000000000e+05 
2.00009208019843e-03 1.00000000000000e+05 
2.06075765475772e-03 1.00000000000000e+05 
2.12138360348864e-03 1.00000000000000e+05 
2.18312052543110e-03 1.00000000000000e+05 
2.24613730891481e-03 1.00000000000000e+05 
2.30981528967226e-03 1.00000000000000e+05 
2.37382112726029e-03 1.00000000000000e+05 
2.43746922127418e-03 1.00000000000000e+05 
2.50225587343701e-03 1.00000000000000e+05 
2.56697945132893e-03 1.00000000000000e+05 
2.63283084741186e-03 1.00000000000000e+05 
2.69952881070988e-03 1.00000000000000e+05 
2.76633829498136e-03 1.00000000000000e+05 
2.83348489761348e-03 1.00000000000000e+05 
2.90130529290509e-03 1.00000000000000e+05 
2.97034570243644e-03 1.00000000000000e+05 
3.03918866207822e-03 1.00000000000000e+05 
3.10914998356521e-03 1.00000000000000e+05 
3.17879062805095e-03 1.00000000000000e+05 
3.24956537571133e-03 1.00000000000000e+05 
3.32154695428198e-03 1.00000000000000e+05 
3.39346650704201e-03 1.00000000000000e+05 
3.46448915148689e-03 1.00000000000000e+05 
3.53652604752919e-03 1.00000000000000e+05 
3.60989957205477e-03 1.00000000000000e+05 
3.68465635839961e-03 1.00000000000000e+05 
3.76039264764025e-03 1.00000000000000e+05 
3.83384872964568e-03 1.00000000000000e+05 
3.90836702089763e-03 1.00000000000000e+05 
3.98417652018134e-03 1.00000000000000e+05 
4.06156830638530e-03 1.00000000000000e+05 
4.14072452708008e-03 1.00000000000000e+05 
4.21677787327095e-03 1.00000000000000e+05 
4.29370411576020e-03 1.00000000000000e+05 
4.37180246522304e-03 1.00000000000000e+05 
4.45146120071464e-03 1.00000000000000e+05 
4.53276322498123e-03 1.00000000000000e+05 
4.61142181086129e-03 1.00000000000000e+05 
4.69085647195391e-03 1.00000000000000e+05 
4.77129216867678e-03 1.00000000000000e+05 
4.85307098095133e-03 1.00000000000000e+05 
4.93657587092509e-03 1.00000000000000e+05 
5.02146310880638e-03 1.00000000000000e+05 
5.10355832132727e-03 1.00000000000000e+05 
5.18648149414215e-03 1.00000000000000e+05 
5.27049984743082e-03 1.00000000000000e+05 
5.35592793195187e-03 1.00000000000000e+05 
5.44281621888974e-03 1.00000000000000e+05 
5.53083921642834e-03 1.00000000000000e+05 
5.61641188448860e-03 1.00000000000000e+05 
5.70280912401211e-03 1.00000000000000e+05 
5.79028260909742e-03 1.00000000000000e+05 
5.87911859086966e-03 1.00000000000000e+05 
5.96946079325125e-03 1.00000000000000e+05 
6.06095880215449e-03 1.00000000000000e+05 
6.15318317478192e-03 1.00000000000000e+05 
6.24323423804840e-03 1.00000000000000e+05 
6.33430226834164e-03 1.00000000000000e+05 
6.42666500926825e-03 1.00000000000000e+05 
6.52049252728622e-03 1.00000000000000e+05 
6.61508533046482e-03 1.00000000000000e+05 
6.70949296211981e-03 1.00000000000000e+05 
6.80365571506571e-03 1.00000000000000e+05 
6.89765006574293e-03 1.00000000000000e+05 
6.99208456891345e-03 1.00000000000000e+05 
7.08695289091258e-03 1.00000000000000e+05 
7.18257041525954e-03 1.00000000000000e+05 
7.27944600542707e-03 1.00000000000000e+05 
7.37745773044494e-03 1.00000000000000e+05 
7.47620901385581e-03 1.00000000000000e+05 
7.57629415364288e-03 1.00000000000000e+05 
7.67767742396860e-03 1.00000000000000e+05 
7.78029217302139e-03 1.00000000000000e+05 
7.88238412762880e-03 1.00000000000000e+05 
7.98576600742100e-03 1.00000000000000e+05 
8.08949128104581e-03 1.00000000000000e+05 
8.19362040449978e-03 1.00000000000000e+05 
8.29815993389717e-03 1.00000000000000e+05 
8.40271863449440e-03 1.00000000000000e+05 
8.50759106080048e-03 1.00000000000000e+05 
8.61281835884281e-03 1.00000000000000e+05 
8.71849806384500e-03 1.00000000000000e+05 
8.82475681506066e-03 1.00000000000000e+05 
8.93139080464173e-03 1.00000000000000e+05 
9.03783998576992e-03 1.00000000000000e+05 
9.14421593178795e-03 1.00000000000000e+05 
9.25024468165002e-03 1.00000000000000e+05 
9.35625176521882e-03 1.00000000000000e+05 
9.46219541276508e-03 1.00000000000000e+05 
9.56820068989851e-03 1.00000000000000e+05 
9.67380491404329e-03 1.00000000000000e+05 
9.77898233061039e-03 1.00000000000000e+05 
9.88375174280169e-03 1.00000000000000e+05 
9.98815904589240e-03 1.00000000000000e+05 
1.00921214690339e-02 1.00000000000000e+05 
1.01958127414927e-02 1.00000000000000e+05 
1.02992418776697e-02 1.00000000000000e+05 
1.04024457567245e-02 1.00000000000000e+05 
1.05049124774274e-02 1.00000000000000e+05 
1.06070798153962e-02 1.00000000000000e+05 
1.07090398455628e-02 1.00000000000000e+05 
1.08110588203432e-02 1.00000000000000e+05 
1.09131344366758e-02 1.00000000000000e+05 
1.10149869696064e-02 1.00000000000000e+05 
1.11170511509203e-02 1.00000000000000e+05 
1.12194898291761e-02 1.00000000000000e+05 
1.13222762490691e-02 1.00000000000000e+05 
1.14255155395903e-02 1.00000000000000e+05 
1.15291327577953e-02 1.00000000000000e+05 
1.16331177734181e-02 1.00000000000000e+05 
1.17373532434229e-02 1.00000000000000e+05 
1.18404767574722e-02 1.00000000000000e+05 
1.19436958202704e-02 1.00000000000000e+05 
1.20470351864680e-02 1.00000000000000e+05 
1.21505190217203e-02 1.00000000000000e+05 
1.22541429641772e-02 1.00000000000000e+05 
1.23577907587498e-02 1.00000000000000e+05 
1.24615290502353e-02 1.00000000000000e+05 
1.25654292075768e-02 1.00000000000000e+05 
1.26695731878789e-02 1.00000000000000e+05 
1.27739798416034e-02 1.00000000000000e+05 
1.28783438796344e-02 1.00000000000000e+05 
1.29826596981788e-02 1.00000000000000e+05 
1.30871402629301e-02 1.00000000000000e+05 
1.31915352267757e-02 1.00000000000000e+05 
1.32943381250653e-02 1.00000000000000e+05 
1.33972981528147e-02 1.00000000000000e+05 
1.35001801994417e-02 1.00000000000000e+05 
1.36033531652476e-02 1.00000000000000e+05 
1.37065810533845e-02 1.00000000000000e+05 
1.38095215542048e-02 1.00000000000000e+05 
1.39129934073510e-02 1.00000000000000e+05 
1.40155745072572e-02 1.00000000000000e+05 
1.41179330814054e-02 1.00000000000000e+05 
1.42213828393912e-02 1.00000000000000e+05 
1.43240601047433e-02 1.00000000000000e+05 
1.44272143929693e-02 1.00000000000000e+05 
1.45307980279529e-02 1.00000000000000e+05 
1.46343819332098e-02 1.00000000000000e+05 
1.47379286619173e-02 1.00000000000000e+05 
1.48418930455914e-02 1.00000000000000e+05 
1.49458852329718e-02 1.00000000000000e+05 
1.50503129378784e-02 1.00000000000000e+05 
1.51550612480341e-02 1.00000000000000e+05 
1.52597449665697e-02 1.00000000000000e+05 
1.53647234610101e-02 1.00000000000000e+05 
1.54696985828497e-02 1.00000000000000e+05 
1.55750280930263e-02 1.00000000000000e+05 
1.56806701802505e-02 1.00000000000000e+05 
1.57862611027876e-02 1.00000000000000e+05 
1.58920560011028e-02 1.00000000000000e+05 
1.59980533527066e-02 1.00000000000000e+05 
1.61038956867833e-02 1.00000000000000e+05 
1.62099614993590e-02 1.00000000000000e+05 
1.63162729110432e-02 1.00000000000000e+05 
1.64223901171387e-02 1.00000000000000e+05 
1.65286727972536e-02 1.00000000000000e+05 
1.66351251157128e-02 1.00000000000000e+05 
1.67413533184221e-02 1.00000000000000e+05 
1.68478417501149e-02 1.00000000000000e+05 
1.69545658496114e-02 1.00000000000000e+05 
1.70609673504346e-02 1.00000000000000e+05 
1.71672479354091e-02 1.00000000000000e+05 
1.72735135112152e-02 1.00000000000000e+05 
1.73793908474580e-02 1.00000000000000e+05 
1.74858090307809e-02 1.00000000000000e+05 
1.75928079422029e-02 1.00000000000000e+05 
1.76998729757697e-02 1.00000000000000e+05 
1.78072843577974e-02 1.00000000000000e+05 
1.79146984693548e-02 1.00000000000000e+05 
1.80218133821771e-02 1.00000000000000e+05 
1.81290357823594e-02 1.00000000000000e+05 
1.82363654463907e-02 1.00000000000000e+05 
1.83435293734046e-02 1.00000000000000e+05 
1.84506563562737e-02 1.00000000000000e+05 
1.85575912135224e-02 1.00000000000000e+05 
1.86644739589854e-02 1.00000000000000e+05 
1.87713418472462e-02 1.00000000000000e+05 
1.88785318396991e-02 1.00000000000000e+05 
1.89857483050104e-02 1.00000000000000e+05 
1.90928055070846e-02 1.00000000000000e+05 
1.91998496815480e-02 1.00000000000000e+05 
1.93068523988116e-02 1.00000000000000e+05 
1.94138968887267e-02 1.00000000000000e+05 
1.95207421385957e-02 1.00000000000000e+05 
1.96280230664524e-02 1.00000000000000e+05 
1.97355151784025e-02 1.00000000000000e+05 
1.98431569106338e-02 1.00000000000000e+05 
1.99511296209080e-02 1.00000000000000e+05 
2.00587231108017e-02 1.00000000000000e+05 
2.01665537961463e-02 1.00000000000000e+05 
2.02747240299621e-02 1.00000000000000e+05 
2.03828355334270e-02 1.00000000000000e+05 
2.04906125862130e-02 1.00000000000000e+05 
2.05983145269253e-02 1.00000000000000e+05 
2.07059991131949e-02 1.00000000000000e+05 
2.08140883432288e-02 1.00000000000000e+05 
2.09217123790529e-02 1.00000000000000e+05 
2.10293265341287e-02 1.00000000000000e+05 
2.11369038959935e-02 1.00000000000000e+05 
2.12443845540525e-02 1.00000000000000e+05 
2.13518840469453e-02 1.00000000000000e+05 
2.14595012522168e-02 1.00000000000000e+05 
2.15671674529463e-02 1.00000000000000e+05 
2.16749437529527e-02 1.00000000000000e+05 
2.17827407687461e-02 1.00000000000000e+05 
2.18904943362912e-02 1.00000000000000e+05 
2.19982927257082e-02 1.00000000000000e+05 
2.21062578924705e-02 1.00000000000000e+05 
2.22143026470249e-02 1.00000000000000e+05 
2.23224858531353e-02 1.00000000000000e+05 
2.24307399197820e-02 1.00000000000000e+05 
2.25391248167730e-02 1.00000000000000e+05 
2.26476903349379e-02 1.00000000000000e+05 
2.27564101646745e-02 1.00000000000000e+05 
2.28650763277914e-02 1.00000000000000e+05 
2.29739115893709e-02 1.00000000000000e+05 
2.30824973844286e-02 1.00000000000000e+05 
2.31909390231506e-02 1.00000000000000e+05 
2.32994766595780e-02 1.00000000000000e+05 
2.34081617951751e-02 1.00000000000000e+05 
2.35158956349707e-02 1.00000000000000e+05 
2.36237412786761e-02 1.00000000000000e+05 
2.37314822414523e-02 1.00000000000000e+05 
2.38389776346248e-02 1.00000000000000e+05 
2.39464440522673e-02 1.00000000000000e+05 
2.40540761992237e-02 1.00000000000000e+05 
2.41616048686887e-02 1.00000000000000e+05 
2.42692929941110e-02 1.00000000000000e+05 
2.43769594892906e-02 1.00000000000000e+05 
2.44845790426638e-02 1.00000000000000e+05 
2.45923239104857e-02 1.00000000000000e+05 
2.47004410957526e-02 1.00000000000000e+05 
2.48086568415966e-02 1.00000000000000e+05 
2.49169708798746e-02 1.00000000000000e+05 
2.50253620409836e-02 1.00000000000000e+05 
2.51336850928833e-02 1.00000000000000e+05 
2.52420254754805e-02 1.00000000000000e+05 
2.53503902090869e-02 1.00000000000000e+05 
2.54588597391169e-02 1.00000000000000e+05 
2.55673353639764e-02 1.00000000000000e+05 
2.56758685866301e-02 1.00000000000000e+05 
2.57843886617084e-02 1.00000000000000e+05 
2.58929058981420e-02 1.00000000000000e+05 
2.60014240549797e-02 1.00000000000000e+05 
2.61102097576937e-02 1.00000000000000e+05 
2.62190010582468e-02 1.00000000000000e+05 
2.63279937083245e-02 1.00000000000000e+05 
2.64369984123228e-02 1.00000000000000e+05 
2.65461452328920e-02 1.00000000000000e+05 
2.66556986215768e-02 1.00000000000000e+05 
2.67656500291622e-02 1.00000000000000e+05 
2.68751396524143e-02 1.00000000000000e+05 
2.69842924839801e-02 1.00000000000000e+05 
2.70933608591666e-02 1.00000000000000e+05 
2.72025982299029e-02 1.00000000000000e+05 
2.73121305544512e-02 1.00000000000000e+05 
2.74215577633630e-02 1.00000000000000e+05 
2.75320833937432e-02 1.00000000000000e+05 
2.76412985299540e-02 1.00000000000000e+05 
2.77504364794122e-02 1.00000000000000e+05 
2.78582729539879e-02 1.00000000000000e+05 
2.79690267488763e-02 1.00000000000000e+05 
2.80772384285728e-02 1.00000000000000e+05 
2.81873415009372e-02 1.00000000000000e+05 
2.82963514414532e-02 1.00000000000000e+05 
2.84056597964941e-02 1.00000000000000e+05 
2.85149312047229e-02 1.00000000000000e+05 
2.86244913831963e-02 1.00000000000000e+05 
2.87341891189408e-02 1.00000000000000e+05 
2.88440427903209e-02 1.00000000000000e+05 
2.89541800060149e-02 1.00000000000000e+05 
2.90641463387087e-02 1.00000000000000e+05 
2.91740310243766e-02 1.00000000000000e+05 
2.92839450280769e-02 1.00000000000000e+05 
2.93940965011370e-02 1.00000000000000e+05 
2.95042384756971e-02 1.00000000000000e+05 
2.96141695194753e-02 1.00000000000000e+05 
2.97243020374595e-02 1.00000000000000e+05 
2.98342354681535e-02 1.00000000000000e+05 
2.99439684119684e-02 1.00000000000000e+05 
3.00542411302760e-02 1.00000000000000e+05 
3.01643423441555e-02 1.00000000000000e+05 
3.02743128399321e-02 1.00000000000000e+05 
3.03842496759184e-02 1.00000000000000e+05 
3.04942141001613e-02 1.00000000000000e+05 
3.06036895528030e-02 1.00000000000000e+05 
3.07120306606992e-02 1.00000000000000e+05 
3.08189572129735e-02 1.00000000000000e+05 
3.09260074902072e-02 1.00000000000000e+05 
3.10318125720040e-02 1.00000000000000e+05 
3.11375912474677e-02 1.00000000000000e+05 
3.12424183100809e-02 1.00000000000000e+05 
3.13462830819044e-02 1.00000000000000e+05 
3.14489230364994e-02 1.00000000000000e+05 
3.15520662088769e-02 1.00000000000000e+05 
3.16544587811867e-02 1.00000000000000e+05 
3.17573505958144e-02 1.00000000000000e+05 
3.18596241490979e-02 1.00000000000000e+05 
3.19617262805609e-02 1.00000000000000e+05 
3.20631924487326e-02 1.00000000000000e+05 
3.21654672091208e-02 1.00000000000000e+05 
3.22677716969217e-02 1.00000000000000e+05 
3.23711418408492e-02 1.00000000000000e+05 
3.24740290533526e-02 1.00000000000000e+05 
3.25777010631101e-02 1.00000000000000e+05 
3.26807999284867e-02 1.00000000000000e+05 
3.27850341130748e-02 1.00000000000000e+05 
3.28884843619224e-02 1.00000000000000e+05 
3.29918847455574e-02 1.00000000000000e+05 
3.30956176232877e-02 1.00000000000000e+05 
3.31987141107321e-02 1.00000000000000e+05 
3.33020636471105e-02 1.00000000000000e+05 
3.34050255979757e-02 1.00000000000000e+05 
3.35071240845885e-02 1.00000000000000e+05 
3.36091621375453e-02 1.00000000000000e+05 
3.37118706813428e-02 1.00000000000000e+05 
3.38138490599812e-02 1.00000000000000e+05 
3.39161670275156e-02 1.00000000000000e+05 
3.40179382559030e-02 1.00000000000000e+05 
3.41187731656295e-02 1.00000000000000e+05 
3.42198132157515e-02 1.00000000000000e+05 
3.43220642088009e-02 1.00000000000000e+05 
3.44238804648803e-02 1.00000000000000e+05 
3.45266356880053e-02 1.00000000000000e+05 
3.46297748015606e-02 1.00000000000000e+05 
3.47342696984372e-02 1.00000000000000e+05 
3.48402900675788e-02 1.00000000000000e+05 
3.49443860057758e-02 1.00000000000000e+05 
3.50484757647534e-02 1.00000000000000e+05 
3.51527236747015e-02 1.00000000000000e+05 
3.52568835523846e-02 1.00000000000000e+05 
3.53606814313046e-02 1.00000000000000e+05 
3.54642582447996e-02 1.00000000000000e+05 
3.55682376591903e-02 1.00000000000000e+05 
3.56725448551232e-02 1.00000000000000e+05 
3.57772431120297e-02 1.00000000000000e+05 
3.58821937870016e-02 1.00000000000000e+05 
3.59872791961411e-02 1.00000000000000e+05 
3.60927772513337e-02 1.00000000000000e+05 
3.61992924394300e-02 1.00000000000000e+05 
3.63070102099534e-02 1.00000000000000e+05 
3.64162090864505e-02 1.00000000000000e+05 
3.65271397171711e-02 1.00000000000000e+05 
3.66359580196863e-02 1.00000000000000e+05 
3.67444399636939e-02 1.00000000000000e+05 
3.68512813452374e-02 1.00000000000000e+05 
3.69590272274853e-02 1.00000000000000e+05 
3.70662383688217e-02 1.00000000000000e+05 
3.71747655323771e-02 1.00000000000000e+05 
3.72848464009584e-02 1.00000000000000e+05 
3.73957119977639e-02 1.00000000000000e+05 
3.75049580607112e-02 1.00000000000000e+05 
3.76166984998713e-02 1.00000000000000e+05 
3.77280514883211e-02 1.00000000000000e+05 
3.78400941848057e-02 1.00000000000000e+05 
3.79521827793321e-02 1.00000000000000e+05 
3.80643253156842e-02 1.00000000000000e+05 
3.81767091753407e-02 1.00000000000000e+05 
3.82893687526164e-02 1.00000000000000e+05 
3.84021686762044e-02 1.00000000000000e+05 
3.85150034822240e-02 1.00000000000000e+05 
3.86275437799177e-02 1.00000000000000e+05 
3.87400219289146e-02 1.00000000000000e+05 
3.88525533100853e-02 1.00000000000000e+05 
3.89650496520715e-02 1.00000000000000e+05 
3.90775717846592e-02 1.00000000000000e+05 
3.91901145351125e-02 1.00000000000000e+05 
3.93026047755192e-02 1.00000000000000e+05 
3.94150914217929e-02 1.00000000000000e+05 
3.95276474100022e-02 1.00000000000000e+05 
3.96401758446620e-02 1.00000000000000e+05 
3.97527295647598e-02 1.00000000000000e+05 
3.98651055464957e-02 1.00000000000000e+05 
3.99774296974135e-02 1.00000000000000e+05 
4.00899017025617e-02 1.00000000000000e+05 
4.02025186142845e-02 1.00000000000000e+05 
4.03152425702512e-02 1.00000000000000e+05 
4.04280705312665e-02 1.00000000000000e+05 
4.05410849356895e-02 1.00000000000000e+05 
4.06541354004286e-02 1.00000000000000e+05 
4.07673637457193e-02 1.00000000000000e+05 
4.08807779157665e-02 1.00000000000000e+05 
4.09943390067494e-02 1.00000000000000e+05 
4.11081467183976e-02 1.00000000000000e+05 
4.12222784388395e-02 1.00000000000000e+05 
4.13366351734541e-02 1.00000000000000e+05 
4.14510739794806e-02 1.00000000000000e+05 
4.15656434346474e-02 1.00000000000000e+05 
4.16802473531660e-02 1.00000000000000e+05 
4.17949367106111e-02 1.00000000000000e+05 
4.19095300994212e-02 1.00000000000000e+05 
4.20240567663782e-02 1.00000000000000e+05 
4.21385488545684e-02 1.00000000000000e+05 
4.22531621717515e-02 1.00000000000000e+05 
4.23678391485092e-02 1.00000000000000e+05 
4.24824501386682e-02 1.00000000000000e+05 
4.25968789463712e-02 1.00000000000000e+05 
4.27110897986753e-02 1.00000000000000e+05 
4.28253919741394e-02 1.00000000000000e+05 
4.29396685334050e-02 1.00000000000000e+05 
4.30539491911500e-02 1.00000000000000e+05 
4.31679203019387e-02 1.00000000000000e+05 
4.32823586622842e-02 1.00000000000000e+05 
4.33962939757456e-02 1.00000000000000e+05 
4.35105288018298e-02 1.00000000000000e+05 
4.36242345782568e-02 1.00000000000000e+05 
4.37379676067169e-02 1.00000000000000e+05 
4.38516030969614e-02 1.00000000000000e+05 
4.39654761817575e-02 1.00000000000000e+05 
4.40788958478702e-02 1.00000000000000e+05 
4.41925948113937e-02 1.00000000000000e+05 
4.43058327236743e-02 1.00000000000000e+05 
4.44178329353526e-02 1.00000000000000e+05 
4.45305332679432e-02 1.00000000000000e+05 
4.46411725068753e-02 1.00000000000000e+05 
4.47514521172454e-02 1.00000000000000e+05 
4.48632280750091e-02 1.00000000000000e+05 
4.49752421969399e-02 1.00000000000000e+05 
4.50874958810227e-02 1.00000000000000e+05 
4.51999767834317e-02 1.00000000000000e+05 
4.53133557972257e-02 1.00000000000000e+05 
4.54267023001410e-02 1.00000000000000e+05 
4.55398611940602e-02 1.00000000000000e+05 
4.56529434799422e-02 1.00000000000000e+05 
4.57662052934154e-02 1.00000000000000e+05 
4.58795282442392e-02 1.00000000000000e+05 
4.59932332210016e-02 1.00000000000000e+05 
4.61067269656508e-02 1.00000000000000e+05 
4.62188210720641e-02 1.00000000000000e+05 
4.63310788569858e-02 1.00000000000000e+05 
4.64437859472298e-02 1.00000000000000e+05 
4.65567267561483e-02 1.00000000000000e+05 
4.66702881231481e-02 1.00000000000000e+05 
4.67835932272213e-02 1.00000000000000e+05 
4.68957736075411e-02 1.00000000000000e+05 
4.70080865096951e-02 1.00000000000000e+05 
4.71208416346346e-02 1.00000000000000e+05 
4.72337774296137e-02 1.00000000000000e+05 
4.73472483093344e-02 1.00000000000000e+05 
4.74603554603500e-02 1.00000000000000e+05 
4.75737481756120e-02 1.00000000000000e+05 
4.76864490241363e-02 1.00000000000000e+05 
4.77994580900209e-02 1.00000000000000e+05 
4.79120567127296e-02 1.00000000000000e+05 
4.80249894437105e-02 1.00000000000000e+05 
4.81376382979068e-02 1.00000000000000e+05 
4.82504632037395e-02 1.00000000000000e+05 
4.83626797900747e-02 1.00000000000000e+05 
4.84751166850024e-02 1.00000000000000e+05 
4.85872741206585e-02 1.00000000000000e+05 
4.86997843307101e-02 1.00000000000000e+05 
4.88120021963038e-02 1.00000000000000e+05 
4.89244269216250e-02 1.00000000000000e+05 
4.90362476365229e-02 1.00000000000000e+05 
4.91483206659969e-02 1.00000000000000e+05 
4.92600992626703e-02 1.00000000000000e+05 
4.93748993005585e-02 1.00000000000000e+05 
4.94937362549964e-02 1.00000000000000e+05 
4.96133093356902e-02 1.00000000000000e+05 
4.97334177051358e-02 1.00000000000000e+05 
4.98509490719684e-02 1.00000000000000e+05 
4.99684804135370e-02 1.00000000000000e+05 
5.00859901200654e-02 1.00000000000000e+05 
5.02033379280518e-02 1.00000000000000e+05 
5.03187172149707e-02 1.00000000000000e+05 
5.04360785964424e-02 1.00000000000000e+05 
5.05533391946955e-02 1.00000000000000e+05 
5.06699616879133e-02 1.00000000000000e+05 
5.07858541260335e-02 1.00000000000000e+05 
5.09032584284178e-02 1.00000000000000e+05 
5.10195218126880e-02 1.00000000000000e+05 
5.11360799098755e-02 1.00000000000000e+05 
5.12536676649009e-02 1.00000000000000e+05 
5.13706088131975e-02 1.00000000000000e+05 
5.14878956026801e-02 1.00000000000000e+05 
5.16050572056420e-02 1.00000000000000e+05 
5.17221752269041e-02 1.00000000000000e+05 
5.18395801916111e-02 1.00000000000000e+05 
5.19570963539034e-02 1.00000000000000e+05 
5.20749155826451e-02 1.00000000000000e+05 
5.21928358823439e-02 1.00000000000000e+05 
5.23111702967983e-02 1.00000000000000e+05 
5.24297594607058e-02 1.00000000000000e+05 
5.25479603166769e-02 1.00000000000000e+05 
5.26661750704148e-02 1.00000000000000e+05 
5.27840930290795e-02 1.00000000000000e+05 
5.29022113234528e-02 1.00000000000000e+05 
5.30198784090072e-02 1.00000000000000e+05 
5.31376690535859e-02 1.00000000000000e+05 
5.32548193668816e-02 1.00000000000000e+05 
5.33720062831327e-02 1.00000000000000e+05 
5.34888948655093e-02 1.00000000000000e+05 
5.36059884456566e-02 1.00000000000000e+05 
5.37226648176193e-02 1.00000000000000e+05 
5.38394673416588e-02 1.00000000000000e+05 
5.39556627979918e-02 1.00000000000000e+05 
5.40719246392507e-02 1.00000000000000e+05 
5.41878863756949e-02 1.00000000000000e+05 
5.43040284005471e-02 1.00000000000000e+05 
5.44198445906607e-02 1.00000000000000e+05 
5.45357049349677e-02 1.00000000000000e+05 
5.46510566687379e-02 1.00000000000000e+05 
5.47664888996677e-02 1.00000000000000e+05 
5.48816422805634e-02 1.00000000000000e+05 
5.49969363508239e-02 1.00000000000000e+05 
5.51119710783048e-02 1.00000000000000e+05 
5.52270369840685e-02 1.00000000000000e+05 
5.53416412102419e-02 1.00000000000000e+05 
5.54563379270312e-02 1.00000000000000e+05 
5.55707708159850e-02 1.00000000000000e+05 
5.56853482366450e-02 1.00000000000000e+05 
5.57996846363832e-02 1.00000000000000e+05 
5.59140650086440e-02 1.00000000000000e+05 
5.60279918820825e-02 1.00000000000000e+05 
5.61420400334882e-02 1.00000000000000e+05 
5.62558172987500e-02 1.00000000000000e+05 
5.63697663051866e-02 1.00000000000000e+05 
5.64834826122684e-02 1.00000000000000e+05 
5.65972647273753e-02 1.00000000000000e+05 
5.67105831948776e-02 1.00000000000000e+05 
5.68240422764511e-02 1.00000000000000e+05 
5.69372366790537e-02 1.00000000000000e+05 
5.70506344531581e-02 1.00000000000000e+05 
5.71637801891132e-02 1.00000000000000e+05 
5.72770260530199e-02 1.00000000000000e+05 
5.73898163032892e-02 1.00000000000000e+05 
5.75027317002527e-02 1.00000000000000e+05 
5.76154229498820e-02 1.00000000000000e+05 
5.77283170681320e-02 1.00000000000000e+05 
5.78409365966810e-02 1.00000000000000e+05 
5.79536939909552e-02 1.00000000000000e+05 
5.80660242457325e-02 1.00000000000000e+05 
5.81784506917883e-02 1.00000000000000e+05 
5.82906979885230e-02 1.00000000000000e+05 
5.84031442917939e-02 1.00000000000000e+05 
5.85153012373404e-02 1.00000000000000e+05 
5.86276278758052e-02 1.00000000000000e+05 
5.87395479387406e-02 1.00000000000000e+05 
5.88515440847962e-02 1.00000000000000e+05 
5.89633974868659e-02 1.00000000000000e+05 
5.90754425098995e-02 1.00000000000000e+05 
5.91871826652737e-02 1.00000000000000e+05 
5.92990756225729e-02 1.00000000000000e+05 
5.94106842032200e-02 1.00000000000000e+05 
5.95222651398712e-02 1.00000000000000e+05 
5.96338179886772e-02 1.00000000000000e+05 
5.97454768375070e-02 1.00000000000000e+05 
5.98568545090209e-02 1.00000000000000e+05 
5.99684429929390e-02 1.00000000000000e+05 
6.00797212147312e-02 1.00000000000000e+05 
6.01910144919551e-02 1.00000000000000e+05 
6.03022445624126e-02 1.00000000000000e+05 
6.04136472004600e-02 1.00000000000000e+05 
6.05247310480878e-02 1.00000000000000e+05 
6.06360598695637e-02 1.00000000000000e+05 
6.07470358930645e-02 1.00000000000000e+05 
6.08580436961413e-02 1.00000000000000e+05 
6.09689856512002e-02 1.00000000000000e+05 
6.10826152588172e-02 1.00000000000000e+05 
6.11985738582591e-02 1.00000000000000e+05 
6.13164048041228e-02 1.00000000000000e+05 
6.14331319699986e-02 1.00000000000000e+05 
6.15493484136722e-02 1.00000000000000e+05 
6.16646048165605e-02 1.00000000000000e+05 
6.17796972407326e-02 1.00000000000000e+05 
6.18942273695158e-02 1.00000000000000e+05 
6.20086382572435e-02 1.00000000000000e+05 
6.21224181892289e-02 1.00000000000000e+05 
6.22361471762912e-02 1.00000000000000e+05 
6.23496727353836e-02 1.00000000000000e+05 
6.24633800724408e-02 1.00000000000000e+05 
6.25766369734403e-02 1.00000000000000e+05 
6.26901306101266e-02 1.00000000000000e+05 
6.28031643983211e-02 1.00000000000000e+05 
6.29161356211744e-02 1.00000000000000e+05 
6.30290512394183e-02 1.00000000000000e+05 
6.31421181485662e-02 1.00000000000000e+05 
6.32547490573865e-02 1.00000000000000e+05 
6.33676370503597e-02 1.00000000000000e+05 
6.34801531670736e-02 1.00000000000000e+05 
6.35925744813297e-02 1.00000000000000e+05 
6.37049961688904e-02 1.00000000000000e+05 
6.38175184810145e-02 1.00000000000000e+05 
6.39296781911614e-02 1.00000000000000e+05 
6.40420369385741e-02 1.00000000000000e+05 
6.41540950150185e-02 1.00000000000000e+05 
6.42660362288650e-02 1.00000000000000e+05 
6.43780200946135e-02 1.00000000000000e+05 
6.44900876509997e-02 1.00000000000000e+05 
6.46018073050430e-02 1.00000000000000e+05 
6.47137427527500e-02 1.00000000000000e+05 
6.48253986512991e-02 1.00000000000000e+05 
6.49369432818447e-02 1.00000000000000e+05 
6.50485409308567e-02 1.00000000000000e+05 
6.51602328393179e-02 1.00000000000000e+05 
6.52715739377684e-02 1.00000000000000e+05 
6.53831560237109e-02 1.00000000000000e+05 
6.54944549865172e-02 1.00000000000000e+05 
6.56056553862102e-02 1.00000000000000e+05 
6.57169076339994e-02 1.00000000000000e+05 
6.58282819368729e-02 1.00000000000000e+05 
6.59392946433974e-02 1.00000000000000e+05 
6.60505746375443e-02 1.00000000000000e+05 
6.61615531369475e-02 1.00000000000000e+05 
6.62717716570801e-02 1.00000000000000e+05 
6.63873692464002e-02 1.00000000000000e+05 
6.65042724077109e-02 1.00000000000000e+05 
6.66208134108641e-02 1.00000000000000e+05 
6.67370396554655e-02 1.00000000000000e+05 
6.68524875487214e-02 1.00000000000000e+05 
6.69672556767224e-02 1.00000000000000e+05 
6.70817311979848e-02 1.00000000000000e+05 
6.71958642008032e-02 1.00000000000000e+05 
6.73094910694668e-02 1.00000000000000e+05 
6.74232682444280e-02 1.00000000000000e+05 
6.75367814886716e-02 1.00000000000000e+05 
6.76499975771232e-02 1.00000000000000e+05 
6.77633474316496e-02 1.00000000000000e+05 
6.78767597609355e-02 1.00000000000000e+05 
6.79896262191743e-02 1.00000000000000e+05 
6.81028199601215e-02 1.00000000000000e+05 
6.82157344156044e-02 1.00000000000000e+05 
6.83283993665673e-02 1.00000000000000e+05 
6.84411985705705e-02 1.00000000000000e+05 
6.85540910860872e-02 1.00000000000000e+05 
6.86664497496274e-02 1.00000000000000e+05 
6.87791419955868e-02 1.00000000000000e+05 
6.88915493529608e-02 1.00000000000000e+05 
6.90037396393816e-02 1.00000000000000e+05 
6.91160515922496e-02 1.00000000000000e+05 
6.92284814031282e-02 1.00000000000000e+05 
6.93403856243370e-02 1.00000000000000e+05 
6.94526316696256e-02 1.00000000000000e+05 
6.95645947306904e-02 1.00000000000000e+05 
6.96756786720330e-02 1.00000000000000e+05 
6.97932640502438e-02 1.00000000000000e+05 
6.99123597164810e-02 1.00000000000000e+05 
7.00310780252472e-02 1.00000000000000e+05 
7.01521101072782e-02 1.00000000000000e+05 
7.02773940806669e-02 1.00000000000000e+05 
7.04033681142097e-02 1.00000000000000e+05 
7.05288568763366e-02 1.00000000000000e+05 
7.06571747432035e-02 1.00000000000000e+05 
7.07863586748689e-02 1.00000000000000e+05 
7.09144927995610e-02 1.00000000000000e+05 
7.10409649393339e-02 1.00000000000000e+05 
7.11660302401447e-02 1.00000000000000e+05 
7.12884261169352e-02 1.00000000000000e+05 
7.14145618161310e-02 1.00000000000000e+05 
7.15464414435521e-02 1.00000000000000e+05 
7.16811163422890e-02 1.00000000000000e+05 
7.18127977211209e-02 1.00000000000000e+05 
7.19436930438129e-02 1.00000000000000e+05 
7.20714139974050e-02 1.00000000000000e+05 
7.21971337629937e-02 1.00000000000000e+05 
7.23218217948054e-02 1.00000000000000e+05 
7.24450248835030e-02 1.00000000000000e+05 
7.25672927990016e-02 1.00000000000000e+05 
7.26890819481616e-02 1.00000000000000e+05 
7.28104084041863e-02 1.00000000000000e+05 
7.29315971616946e-02 1.00000000000000e+05 
7.30521606225642e-02 1.00000000000000e+05 
7.31726473727507e-02 1.00000000000000e+05 
7.32925465732380e-02 1.00000000000000e+05 
7.34121676433885e-02 1.00000000000000e+05 
7.35315346194671e-02 1.00000000000000e+05 
7.36509086984701e-02 1.00000000000000e+05 
7.37696900555004e-02 1.00000000000000e+05 
7.38884974432550e-02 1.00000000000000e+05 
7.40067300540259e-02 1.00000000000000e+05 
7.41247596794643e-02 1.00000000000000e+05 
7.42425596006396e-02 1.00000000000000e+05 
7.43604392185819e-02 1.00000000000000e+05 
7.44777356090759e-02 1.00000000000000e+05 
7.45951087334319e-02 1.00000000000000e+05 
7.47119668700603e-02 1.00000000000000e+05 
7.48286445990659e-02 1.00000000000000e+05 
7.49451504576223e-02 1.00000000000000e+05 
7.50617112437821e-02 1.00000000000000e+05 
7.51777736457658e-02 1.00000000000000e+05 
7.52939547931384e-02 1.00000000000000e+05 
7.54096816192718e-02 1.00000000000000e+05 
7.55252419014075e-02 1.00000000000000e+05 
7.56406858410096e-02 1.00000000000000e+05 
7.57561644305052e-02 1.00000000000000e+05 
7.58711167096948e-02 1.00000000000000e+05 
7.59861032502119e-02 1.00000000000000e+05 
7.61009545889101e-02 1.00000000000000e+05 
7.62156516428062e-02 1.00000000000000e+05 
7.63302929919598e-02 1.00000000000000e+05 
7.64448893489489e-02 1.00000000000000e+05 
7.65591610961452e-02 1.00000000000000e+05 
7.66735020973549e-02 1.00000000000000e+05 
7.67875879688048e-02 1.00000000000000e+05 
7.69015179267359e-02 1.00000000000000e+05 
7.70154180568413e-02 1.00000000000000e+05 
7.71292789335255e-02 1.00000000000000e+05 
7.72428244952524e-02 1.00000000000000e+05 
7.73564871947141e-02 1.00000000000000e+05 
7.74698987446152e-02 1.00000000000000e+05 
7.75831695884167e-02 1.00000000000000e+05 
7.76964278430855e-02 1.00000000000000e+05 
7.78096788880302e-02 1.00000000000000e+05 
7.79226089516599e-02 1.00000000000000e+05 
7.80356919255242e-02 1.00000000000000e+05 
7.81485164510548e-02 1.00000000000000e+05 
7.82612193593360e-02 1.00000000000000e+05 
7.83739158300261e-02 1.00000000000000e+05 
7.84866407466142e-02 1.00000000000000e+05 
7.85990341401879e-02 1.00000000000000e+05 
7.87116125702367e-02 1.00000000000000e+05 
7.88239204446231e-02 1.00000000000000e+05 
7.89361261298957e-02 1.00000000000000e+05 
7.90483272580056e-02 1.00000000000000e+05 
7.91605865910479e-02 1.00000000000000e+05 
7.92725073248297e-02 1.00000000000000e+05 
7.93846398979832e-02 1.00000000000000e+05 
7.94964918337832e-02 1.00000000000000e+05 
7.96082559666484e-02 1.00000000000000e+05 
7.97200182450828e-02 1.00000000000000e+05 
7.98318590692225e-02 1.00000000000000e+05 
7.99433581060519e-02 1.00000000000000e+05 
8.00550846496108e-02 1.00000000000000e+05 
8.01665314063311e-02 1.00000000000000e+05 
8.02779018576041e-02 1.00000000000000e+05 
8.03892742314561e-02 1.00000000000000e+05 
8.05007370060148e-02 1.00000000000000e+05 
8.06118616749363e-02 1.00000000000000e+05 
8.07232226063723e-02 1.00000000000000e+05 
8.08343096546533e-02 1.00000000000000e+05 
8.09453309303588e-02 1.00000000000000e+05 
8.10563569294845e-02 1.00000000000000e+05 
8.11697732768025e-02 1.00000000000000e+05 
8.12853656906810e-02 1.00000000000000e+05 
8.14026988240011e-02 1.00000000000000e+05 
8.15191456011307e-02 1.00000000000000e+05 
8.16349639048450e-02 1.00000000000000e+05 
8.17499664008374e-02 1.00000000000000e+05 
8.18647124621674e-02 1.00000000000000e+05 
8.19788582650333e-02 1.00000000000000e+05 
8.20928873477273e-02 1.00000000000000e+05 
8.22063718290418e-02 1.00000000000000e+05 
8.23196941722223e-02 1.00000000000000e+05 
8.24329041152004e-02 1.00000000000000e+05 
8.25461650645682e-02 1.00000000000000e+05 
8.26590309559696e-02 1.00000000000000e+05 
8.27720883039203e-02 1.00000000000000e+05 
8.28847973419411e-02 1.00000000000000e+05 
8.29973790245052e-02 1.00000000000000e+05 
8.31099550980167e-02 1.00000000000000e+05 
8.32226073315811e-02 1.00000000000000e+05 
8.33348520339999e-02 1.00000000000000e+05 
8.34473282676411e-02 1.00000000000000e+05 
8.35594977347966e-02 1.00000000000000e+05 
8.36715310188923e-02 1.00000000000000e+05 
8.37835896003294e-02 1.00000000000000e+05 
8.38957148302339e-02 1.00000000000000e+05 
8.40074517284831e-02 1.00000000000000e+05 
8.41194353585254e-02 1.00000000000000e+05 
8.42311297632805e-02 1.00000000000000e+05 
8.43427035392323e-02 1.00000000000000e+05 
8.44543069537537e-02 1.00000000000000e+05 
8.45659855409873e-02 1.00000000000000e+05 
8.46772882943652e-02 1.00000000000000e+05 
8.47888470438032e-02 1.00000000000000e+05 
8.49001281517937e-02 1.00000000000000e+05 
8.50112926023111e-02 1.00000000000000e+05 
8.51224993362869e-02 1.00000000000000e+05 
8.52338014469568e-02 1.00000000000000e+05 
8.53447109103434e-02 1.00000000000000e+05 
8.54559080334947e-02 1.00000000000000e+05 
8.55668199243350e-02 1.00000000000000e+05 
8.56769376342126e-02 1.00000000000000e+05 
8.57924907005200e-02 1.00000000000000e+05 
8.59093227321453e-02 1.00000000000000e+05 
8.60258111839604e-02 1.00000000000000e+05 
8.61419480821085e-02 1.00000000000000e+05 
8.62572902466100e-02 1.00000000000000e+05 
8.63719397421610e-02 1.00000000000000e+05 
8.64862778447196e-02 1.00000000000000e+05 
8.66002539827396e-02 1.00000000000000e+05 
8.67136887649541e-02 1.00000000000000e+05 
8.68272872087956e-02 1.00000000000000e+05 
8.69406263835389e-02 1.00000000000000e+05 
8.70536572446387e-02 1.00000000000000e+05 
8.71668080958086e-02 1.00000000000000e+05 
8.72800057445842e-02 1.00000000000000e+05 
8.73926604619968e-02 1.00000000000000e+05 
8.75056267460364e-02 1.00000000000000e+05 
8.76183171432838e-02 1.00000000000000e+05 
8.77307476571946e-02 1.00000000000000e+05 
8.78433085861481e-02 1.00000000000000e+05 
8.79559482283793e-02 1.00000000000000e+05 
8.80680567797346e-02 1.00000000000000e+05 
8.81804896930949e-02 1.00000000000000e+05 
8.82926441528104e-02 1.00000000000000e+05 
8.84045702611997e-02 1.00000000000000e+05 
8.85166191781393e-02 1.00000000000000e+05 
8.86287731696253e-02 1.00000000000000e+05 
8.87404060471532e-02 1.00000000000000e+05 
8.88523744121104e-02 1.00000000000000e+05 
8.89640702549048e-02 1.00000000000000e+05 
8.90748653656754e-02 1.00000000000000e+05 
8.91921120117671e-02 1.00000000000000e+05 
8.93108535420733e-02 1.00000000000000e+05 
8.94292098352991e-02 1.00000000000000e+05 
8.95469534293218e-02 1.00000000000000e+05 
8.96639451113822e-02 1.00000000000000e+05 
8.97799259484887e-02 1.00000000000000e+05 
8.98955042914331e-02 1.00000000000000e+05 
9.00106364376910e-02 1.00000000000000e+05 
9.01252089809640e-02 1.00000000000000e+05 
9.02399162511133e-02 1.00000000000000e+05 
9.03544764217966e-02 1.00000000000000e+05 
9.04685709138519e-02 1.00000000000000e+05 
9.05828702589520e-02 1.00000000000000e+05 
9.06970951234086e-02 1.00000000000000e+05 
9.08107509127894e-02 1.00000000000000e+05 
9.09246962223999e-02 1.00000000000000e+05 
9.10384550908453e-02 1.00000000000000e+05 
9.11518185013761e-02 1.00000000000000e+05 
9.12654028450841e-02 1.00000000000000e+05 
9.13789410819653e-02 1.00000000000000e+05 
9.14919315440739e-02 1.00000000000000e+05 
9.16052283651702e-02 1.00000000000000e+05 
9.17183184113616e-02 1.00000000000000e+05 
9.18310736985048e-02 1.00000000000000e+05 
9.19440215222031e-02 1.00000000000000e+05 
9.20569792774085e-02 1.00000000000000e+05 
9.21694020927898e-02 1.00000000000000e+05 
9.22821468607111e-02 1.00000000000000e+05 
9.23946649588490e-02 1.00000000000000e+05 
9.25068966792883e-02 1.00000000000000e+05 
9.26192995158342e-02 1.00000000000000e+05 
9.27317560674872e-02 1.00000000000000e+05 
9.28436876588922e-02 1.00000000000000e+05 
9.29559536636480e-02 1.00000000000000e+05 
9.30679788095429e-02 1.00000000000000e+05 
9.31797553232015e-02 1.00000000000000e+05 
9.32916866024232e-02 1.00000000000000e+05 
9.34037045080203e-02 1.00000000000000e+05 
9.35152067399563e-02 1.00000000000000e+05 
9.36270546930408e-02 1.00000000000000e+05 
9.37386527150881e-02 1.00000000000000e+05 
9.38493485505390e-02 1.00000000000000e+05 
9.39659867872831e-02 1.00000000000000e+05 
9.40841243290590e-02 1.00000000000000e+05 
9.42017406443187e-02 1.00000000000000e+05 
9.43217122574228e-02 1.00000000000000e+05 
9.44459829693469e-02 1.00000000000000e+05 
9.45710303527506e-02 1.00000000000000e+05 
9.46957434502490e-02 1.00000000000000e+05 
9.48231312801427e-02 1.00000000000000e+05 
9.49509890777160e-02 1.00000000000000e+05 
9.50782525971029e-02 1.00000000000000e+05 
9.52039240437420e-02 1.00000000000000e+05 
9.53282011584816e-02 1.00000000000000e+05 
9.54499065483846e-02 1.00000000000000e+05 
9.55701397079805e-02 1.00000000000000e+05 
9.56895490113030e-02 1.00000000000000e+05 
9.58082923601958e-02 1.00000000000000e+05 
9.59263887512045e-02 1.00000000000000e+05 
9.60345267125000e-02 1.00000000000000e+05 
9.61481884614600e-02 1.00000000000000e+05 
9.62673378528306e-02 1.00000000000000e+05 
9.63816434130831e-02 1.00000000000000e+05 
9.65073795293609e-02 1.00000000000000e+05 
9.66419844286757e-02 1.00000000000000e+05 
9.67763350665411e-02 1.00000000000000e+05 
9.69084542828950e-02 1.00000000000000e+05 
9.70389610191077e-02 1.00000000000000e+05 
9.71679952559651e-02 1.00000000000000e+05 
9.72940112827489e-02 1.00000000000000e+05 
9.74185391462044e-02 1.00000000000000e+05 
9.75425067114007e-02 1.00000000000000e+05 
9.76655086303978e-02 1.00000000000000e+05 
9.77882061131458e-02 1.00000000000000e+05 
9.79104400605822e-02 1.00000000000000e+05 
9.80323972696852e-02 1.00000000000000e+05 
9.81536610418563e-02 1.00000000000000e+05 
9.82745903980898e-02 1.00000000000000e+05 
9.83952455298533e-02 1.00000000000000e+05 
9.85157469684692e-02 1.00000000000000e+05 
9.86357164012908e-02 1.00000000000000e+05 
9.87556502489321e-02 1.00000000000000e+05 
9.88750672412054e-02 1.00000000000000e+05 
9.89943569346713e-02 1.00000000000000e+05 
9.91133159426034e-02 1.00000000000000e+05 
9.92323110763059e-02 1.00000000000000e+05 
9.93507366205473e-02 1.00000000000000e+05 
9.94691980009990e-02 1.00000000000000e+05 
9.95871086090558e-02 1.00000000000000e+05 
9.97048700364353e-02 1.00000000000000e+05 
9.98223755629134e-02 1.00000000000000e+05 
9.99393935772860e-02 1.00000000000000e+05 
1.00056199889633e-01 1.00000000000000e+05 
1.00173036668872e-01 1.00000000000000e+05 
1.00289717745912e-01 1.00000000000000e+05 
1.00406147155395e-01 1.00000000000000e+05 
1.00522506788063e-01 1.00000000000000e+05 
1.00638855542335e-01 1.00000000000000e+05 
1.00754512112923e-01 1.00000000000000e+05 
1.00870152330518e-01 1.00000000000000e+05 
1.00985897247035e-01 1.00000000000000e+05 
1.01101480752569e-01 1.00000000000000e+05 
1.01216994840124e-01 1.00000000000000e+05 
1.01332473450173e-01 1.00000000000000e+05 
1.01447566314876e-01 1.00000000000000e+05 
1.01562798062177e-01 1.00000000000000e+05 
1.01677664736308e-01 1.00000000000000e+05 
1.01792314290623e-01 1.00000000000000e+05 
1.01906959334304e-01 1.00000000000000e+05 
1.02021596583739e-01 1.00000000000000e+05 
1.02135773928391e-01 1.00000000000000e+05 
1.02250170083353e-01 1.00000000000000e+05 
1.02364248431621e-01 1.00000000000000e+05 
1.02478080569980e-01 1.00000000000000e+05 
1.02591974283777e-01 1.00000000000000e+05 
1.02705874048183e-01 1.00000000000000e+05 
1.02819301953776e-01 1.00000000000000e+05 
1.02932995779820e-01 1.00000000000000e+05 
1.03046384406891e-01 1.00000000000000e+05 
1.03159530659965e-01 1.00000000000000e+05 
1.03272764356658e-01 1.00000000000000e+05 
1.03386024189576e-01 1.00000000000000e+05 
1.03498799413726e-01 1.00000000000000e+05 
1.03611862920752e-01 1.00000000000000e+05 
1.03724648876145e-01 1.00000000000000e+05 
1.03837185313168e-01 1.00000000000000e+05 
1.03949841621283e-01 1.00000000000000e+05 
1.04062537583233e-01 1.00000000000000e+05 
1.04174733357745e-01 1.00000000000000e+05 
1.04287237011796e-01 1.00000000000000e+05 
1.04399489841377e-01 1.00000000000000e+05 
1.04511485850920e-01 1.00000000000000e+05 
1.04623629168945e-01 1.00000000000000e+05 
1.04735823124781e-01 1.00000000000000e+05 
1.04847508620019e-01 1.00000000000000e+05 
1.04959518441648e-01 1.00000000000000e+05 
1.05071297229357e-01 1.00000000000000e+05 
1.05182130381028e-01 1.00000000000000e+05 
1.05299619283470e-01 1.00000000000000e+05 
1.05418697152707e-01 1.00000000000000e+05 
1.05537352352557e-01 1.00000000000000e+05 
1.05658356475019e-01 1.00000000000000e+05 
1.05783694931951e-01 1.00000000000000e+05 
1.05909710741613e-01 1.00000000000000e+05 
1.06035492542457e-01 1.00000000000000e+05 
1.06161962400081e-01 1.00000000000000e+05 
1.06290883811972e-01 1.00000000000000e+05 
1.06419929437440e-01 1.00000000000000e+05 
1.06547468244220e-01 1.00000000000000e+05 
1.06671389319769e-01 1.00000000000000e+05 
1.06802499148406e-01 1.00000000000000e+05 
1.06934719661269e-01 1.00000000000000e+05 
1.07065737634370e-01 1.00000000000000e+05 
1.07194801263600e-01 1.00000000000000e+05 
1.07322498126689e-01 1.00000000000000e+05 
1.07446566881871e-01 1.00000000000000e+05 
1.07581294470927e-01 1.00000000000000e+05 
1.07718230706274e-01 1.00000000000000e+05 
1.07853269197426e-01 1.00000000000000e+05 
1.07986373973728e-01 1.00000000000000e+05 
1.08118456125052e-01 1.00000000000000e+05 
1.08248234525146e-01 1.00000000000000e+05 
1.08375820947396e-01 1.00000000000000e+05 
1.08501416574365e-01 1.00000000000000e+05 
1.08626129348705e-01 1.00000000000000e+05 
1.08750280078355e-01 1.00000000000000e+05 
1.08874336499879e-01 1.00000000000000e+05 
1.08997440277445e-01 1.00000000000000e+05 
1.09120601885906e-01 1.00000000000000e+05 
1.09243246668358e-01 1.00000000000000e+05 
1.09365105365840e-01 1.00000000000000e+05 
1.09486858422633e-01 1.00000000000000e+05 
1.09608431223771e-01 1.00000000000000e+05 
1.09729240495975e-01 1.00000000000000e+05 
1.09850093916982e-01 1.00000000000000e+05 
1.09970571780824e-01 1.00000000000000e+05 
1.10090318823253e-01 1.00000000000000e+05 
1.10210110548637e-01 1.00000000000000e+05 
1.10329797342944e-01 1.00000000000000e+05 
1.10448745732638e-01 1.00000000000000e+05 
1.10567897989915e-01 1.00000000000000e+05 
1.10686779382944e-01 1.00000000000000e+05 
1.10805012120890e-01 1.00000000000000e+05 
1.10923373817183e-01 1.00000000000000e+05 
1.11041646194873e-01 1.00000000000000e+05 
1.11159233345727e-01 1.00000000000000e+05 
1.11276961591071e-01 1.00000000000000e+05 
1.11394461959291e-01 1.00000000000000e+05 
1.11511345804040e-01 1.00000000000000e+05 
1.11628389780409e-01 1.00000000000000e+05 
1.11745353141529e-01 1.00000000000000e+05 
1.11861660971170e-01 1.00000000000000e+05 
1.11978204151881e-01 1.00000000000000e+05 
1.12094608388884e-01 1.00000000000000e+05 
1.12210410901520e-01 1.00000000000000e+05 
1.12326429492003e-01 1.00000000000000e+05 
1.12442376453471e-01 1.00000000000000e+05 
1.12557713727978e-01 1.00000000000000e+05 
1.12673246669038e-01 1.00000000000000e+05 
1.12788648874197e-01 1.00000000000000e+05 
1.12903469882623e-01 1.00000000000000e+05 
1.13018544324003e-01 1.00000000000000e+05 
1.13133563884180e-01 1.00000000000000e+05 
1.13247992649790e-01 1.00000000000000e+05 
1.13362638897066e-01 1.00000000000000e+05 
1.13477195161069e-01 1.00000000000000e+05 
1.13591206786933e-01 1.00000000000000e+05 
1.13705479695374e-01 1.00000000000000e+05 
1.13819684135683e-01 1.00000000000000e+05 
1.13933353798000e-01 1.00000000000000e+05 
1.14047247968869e-01 1.00000000000000e+05 
1.14161078137406e-01 1.00000000000000e+05 
1.14274370292709e-01 1.00000000000000e+05 
1.14387950488414e-01 1.00000000000000e+05 
1.14501471989338e-01 1.00000000000000e+05 
1.14614483678711e-01 1.00000000000000e+05 
1.14727727471165e-01 1.00000000000000e+05 
1.14840930820119e-01 1.00000000000000e+05 
1.14953604062269e-01 1.00000000000000e+05 
1.15066585268860e-01 1.00000000000000e+05 
1.15179516563574e-01 1.00000000000000e+05 
1.15291266780500e-01 1.00000000000000e+05 
1.15410842797978e-01 1.00000000000000e+05 
1.15533415084119e-01 1.00000000000000e+05 
1.15655641971183e-01 1.00000000000000e+05 
1.15779541298780e-01 1.00000000000000e+05 
1.15906983516721e-01 1.00000000000000e+05 
1.16034448380517e-01 1.00000000000000e+05 
1.16161206696600e-01 1.00000000000000e+05 
1.16285786321154e-01 1.00000000000000e+05 
1.16407297386473e-01 1.00000000000000e+05 
1.16537446823203e-01 1.00000000000000e+05 
1.16669924531976e-01 1.00000000000000e+05 
1.16801305294636e-01 1.00000000000000e+05 
1.16931106463858e-01 1.00000000000000e+05 
1.17058361743867e-01 1.00000000000000e+05 
1.17183860340561e-01 1.00000000000000e+05 
1.17313435169692e-01 1.00000000000000e+05 
1.17449315523367e-01 1.00000000000000e+05 
1.17579030368931e-01 1.00000000000000e+05 
1.17714622268690e-01 1.00000000000000e+05 
1.17853369641013e-01 1.00000000000000e+05 
1.17992389413395e-01 1.00000000000000e+05 
1.18129056389753e-01 1.00000000000000e+05 
1.18263410008560e-01 1.00000000000000e+05 
1.18396315925023e-01 1.00000000000000e+05 
1.18526184534491e-01 1.00000000000000e+05 
1.18653191161327e-01 1.00000000000000e+05 
1.18779528334521e-01 1.00000000000000e+05 
1.18905162152070e-01 1.00000000000000e+05 
1.19030383916286e-01 1.00000000000000e+05 
1.19154680643974e-01 1.00000000000000e+05 
1.19278829764160e-01 1.00000000000000e+05 
1.19402502486151e-01 1.00000000000000e+05 
1.19525538042375e-01 1.00000000000000e+05 
1.19648459509189e-01 1.00000000000000e+05 
1.19771203367729e-01 1.00000000000000e+05 
1.19893181977089e-01 1.00000000000000e+05 
1.20015127776569e-01 1.00000000000000e+05 
1.20136694086138e-01 1.00000000000000e+05 
1.20257608210891e-01 1.00000000000000e+05 
1.20378490790528e-01 1.00000000000000e+05 
1.20499231123054e-01 1.00000000000000e+05 
1.20619237009164e-01 1.00000000000000e+05 
1.20739285993854e-01 1.00000000000000e+05 
1.20859021294983e-01 1.00000000000000e+05 
1.20978114423317e-01 1.00000000000000e+05 
1.21097264303855e-01 1.00000000000000e+05 
1.21216308366198e-01 1.00000000000000e+05 
1.21334669097264e-01 1.00000000000000e+05 
1.21453130029884e-01 1.00000000000000e+05 
1.21571351398114e-01 1.00000000000000e+05 
1.21688853469833e-01 1.00000000000000e+05 
1.21806656386446e-01 1.00000000000000e+05 
1.21924408784788e-01 1.00000000000000e+05 
1.22041492575640e-01 1.00000000000000e+05 
1.22158743643023e-01 1.00000000000000e+05 
1.22275809493215e-01 1.00000000000000e+05 
1.22392325327506e-01 1.00000000000000e+05 
1.22508988786683e-01 1.00000000000000e+05 
1.22625545720516e-01 1.00000000000000e+05 
1.22741505140955e-01 1.00000000000000e+05 
1.22857638567505e-01 1.00000000000000e+05 
1.22973636512683e-01 1.00000000000000e+05 
1.23089087371159e-01 1.00000000000000e+05 
1.23204735561082e-01 1.00000000000000e+05 
1.23320293707630e-01 1.00000000000000e+05 
1.23435287598117e-01 1.00000000000000e+05 
1.23550475894980e-01 1.00000000000000e+05 
1.23665566550445e-01 1.00000000000000e+05 
1.23780117049490e-01 1.00000000000000e+05 
1.23894903347574e-01 1.00000000000000e+05 
1.24009613157685e-01 1.00000000000000e+05 
1.24123788260705e-01 1.00000000000000e+05 
1.24238171397969e-01 1.00000000000000e+05 
1.24352486713436e-01 1.00000000000000e+05 
1.24466269184173e-01 1.00000000000000e+05 
1.24580314234712e-01 1.00000000000000e+05 
1.24694290838221e-01 1.00000000000000e+05 
1.24807754792823e-01 1.00000000000000e+05 
1.24921437453914e-01 1.00000000000000e+05 
1.25035074696871e-01 1.00000000000000e+05 
1.25148185149376e-01 1.00000000000000e+05 
1.25261582820146e-01 1.00000000000000e+05 
1.25374915405614e-01 1.00000000000000e+05 
1.25487761224551e-01 1.00000000000000e+05 
1.25600835669676e-01 1.00000000000000e+05 
1.25713883823672e-01 1.00000000000000e+05 
1.25826412415220e-01 1.00000000000000e+05 
1.25939256979843e-01 1.00000000000000e+05 
1.26052039775444e-01 1.00000000000000e+05 
1.26163653659098e-01 1.00000000000000e+05 
1.26282704162528e-01 1.00000000000000e+05 
1.26404395669678e-01 1.00000000000000e+05 
1.26525703562175e-01 1.00000000000000e+05 
1.26648645635510e-01 1.00000000000000e+05 
1.26775425915173e-01 1.00000000000000e+05 
1.26902525069524e-01 1.00000000000000e+05 
1.27029278112864e-01 1.00000000000000e+05 
1.27153959413496e-01 1.00000000000000e+05 
1.27275514572999e-01 1.00000000000000e+05 
1.27405512761287e-01 1.00000000000000e+05 
1.27537773467734e-01 1.00000000000000e+05 
1.27669043756640e-01 1.00000000000000e+05 
1.27798648844001e-01 1.00000000000000e+05 
1.27925685283930e-01 1.00000000000000e+05 
1.28051068274156e-01 1.00000000000000e+05 
1.28180549414916e-01 1.00000000000000e+05 
1.28316389333475e-01 1.00000000000000e+05 
1.28453464266889e-01 1.00000000000000e+05 
1.28589082905643e-01 1.00000000000000e+05 
1.28722223624048e-01 1.00000000000000e+05 
1.28851617652849e-01 1.00000000000000e+05 
1.28990379611929e-01 1.00000000000000e+05 
1.29128682096344e-01 1.00000000000000e+05 
1.29267224414715e-01 1.00000000000000e+05 
1.29403295363360e-01 1.00000000000000e+05 
1.29537037563827e-01 1.00000000000000e+05 
1.29669143791495e-01 1.00000000000000e+05 
1.29798209166430e-01 1.00000000000000e+05 
1.29926250658813e-01 1.00000000000000e+05 
1.30053086331805e-01 1.00000000000000e+05 
1.30179330978421e-01 1.00000000000000e+05 
1.30304878837098e-01 1.00000000000000e+05 
1.30429768134298e-01 1.00000000000000e+05 
1.30554425015807e-01 1.00000000000000e+05 
1.30678899609366e-01 1.00000000000000e+05 
1.30802457636346e-01 1.00000000000000e+05 
1.30925990378999e-01 1.00000000000000e+05 
1.31049155268054e-01 1.00000000000000e+05 
1.31171653832780e-01 1.00000000000000e+05 
1.31294113013647e-01 1.00000000000000e+05 
1.31416451091430e-01 1.00000000000000e+05 
1.31537922770298e-01 1.00000000000000e+05 
1.31659449526600e-01 1.00000000000000e+05 
1.31780579128844e-01 1.00000000000000e+05 
1.31901094996712e-01 1.00000000000000e+05 
1.32021579605666e-01 1.00000000000000e+05 
1.32141948401888e-01 1.00000000000000e+05 
1.32261557472449e-01 1.00000000000000e+05 
1.32381264085847e-01 1.00000000000000e+05 
1.32500663370188e-01 1.00000000000000e+05 
1.32619460389864e-01 1.00000000000000e+05 
1.32738314444647e-01 1.00000000000000e+05 
1.32857057564420e-01 1.00000000000000e+05 
1.32975102550242e-01 1.00000000000000e+05 
1.33093254608119e-01 1.00000000000000e+05 
1.33211177411451e-01 1.00000000000000e+05 
1.33328491862083e-01 1.00000000000000e+05 
1.33445956793942e-01 1.00000000000000e+05 
1.33563349091685e-01 1.00000000000000e+05 
1.33680098433459e-01 1.00000000000000e+05 
1.33797023578542e-01 1.00000000000000e+05 
1.33913732779617e-01 1.00000000000000e+05 
1.34029929075584e-01 1.00000000000000e+05 
1.34146346347497e-01 1.00000000000000e+05 
1.34262668536991e-01 1.00000000000000e+05 
1.34378388015595e-01 1.00000000000000e+05 
1.34494290012635e-01 1.00000000000000e+05 
1.34610046066205e-01 1.00000000000000e+05 
1.34725251855445e-01 1.00000000000000e+05 
1.34840690640809e-01 1.00000000000000e+05 
1.34956044886620e-01 1.00000000000000e+05 
1.35070838626646e-01 1.00000000000000e+05 
1.35185829690550e-01 1.00000000000000e+05 
1.35300728717744e-01 1.00000000000000e+05 
1.35415075900931e-01 1.00000000000000e+05 
1.35529683036406e-01 1.00000000000000e+05 
1.35644218847794e-01 1.00000000000000e+05 
1.35758221531039e-01 1.00000000000000e+05 
1.35872437690982e-01 1.00000000000000e+05 
1.35986589818125e-01 1.00000000000000e+05 
1.36100199436677e-01 1.00000000000000e+05 
1.36214103591813e-01 1.00000000000000e+05 
1.36327962980485e-01 1.00000000000000e+05 
1.36441277011937e-01 1.00000000000000e+05 
1.36554831356428e-01 1.00000000000000e+05 
1.36668352645743e-01 1.00000000000000e+05 
1.36781348022141e-01 1.00000000000000e+05 
1.36894657690076e-01 1.00000000000000e+05 
1.37007933219193e-01 1.00000000000000e+05 
1.37119995736685e-01 9.99999999999999e+04 
1.37239816883252e-01 9.99999999999999e+04 
1.37362613230850e-01 9.99999999999999e+04 
1.37485108496239e-01 9.99999999999998e+04 
1.37609000566409e-01 9.99999999999998e+04 
1.37736539016739e-01 9.99999999999998e+04 
1.37864228443527e-01 9.99999999999998e+04 
1.37991458930414e-01 9.99999999999997e+04 
1.38116654914068e-01 1.00000000000003e+05 
1.38238702183272e-01 1.00000000000007e+05 
1.38369423513729e-01 1.00000000007185e+05 
1.38502443092464e-01 1.00000000060909e+05 
1.38634431057193e-01 1.00000000395881e+05 
1.38764729003731e-01 1.00000000901148e+05 
1.38892556348596e-01 1.00000001716251e+05 
1.39018629972801e-01 1.00000002733629e+05 
1.39148695947257e-01 1.00000003985813e+05 
1.39285092213581e-01 1.00000005264867e+05 
1.39422564123276e-01 1.00000006742876e+05 
1.39558601477382e-01 1.00000008356760e+05 
1.39692048781537e-01 1.00000010089288e+05 
1.39821740509559e-01 1.00000011831656e+05 
1.39961837530433e-01 1.00000013864249e+05 
1.40092848617091e-01 1.00000015927283e+05 
1.40232407658824e-01 1.00000018298818e+05 
1.40374327003232e-01 1.00000020922955e+05 
1.40516790885286e-01 1.00000023777601e+05 
1.40657400026727e-01 1.00000026826093e+05 
1.40794616858486e-01 1.00000030036089e+05 
1.40930322053043e-01 1.00000033452997e+05 
1.41064180887415e-01 1.00000037055022e+05 
1.41195317666411e-01 1.00000040819651e+05 
1.41324787665192e-01 1.00000044764765e+05 
1.41453294875788e-01 1.00000048903397e+05 
1.41581092886114e-01 1.00000053239982e+05 
1.41708522744526e-01 1.00000057799321e+05 
1.41835005797612e-01 1.00000062499639e+05 
1.41961308735357e-01 1.00000067339989e+05 
1.42087021410727e-01 1.00000072319838e+05 
1.42212002487845e-01 1.00000077450281e+05 
1.42336830028016e-01 1.00000082748020e+05 
1.42461488317296e-01 1.00000088233609e+05 
1.42585272735741e-01 1.00000093897435e+05 
1.42709046356103e-01 1.00000099817285e+05 
1.42832492007579e-01 1.00000106010508e+05 
1.42955285737394e-01 1.00000112499956e+05 
1.43078046843627e-01 1.00000119342098e+05 
