# Liste des scalaires : TEMPS pmat 
0.00000000000000e+00 1.00000000000000e+05 
7.22956891292051e-05 1.00000000000000e+05 
1.21103293034437e-04 1.00000000000000e+05 
1.72400844602379e-04 1.00000000000000e+05 
2.25425354681840e-04 1.00000000000000e+05 
2.81104287856204e-04 1.00000000000000e+05 
3.38067585419942e-04 1.00000000000000e+05 
3.94851881547995e-04 1.00000000000000e+05 
4.52288188758361e-04 1.00000000000000e+05 
5.11840584836962e-04 1.00000000000000e+05 
5.72548893510805e-04 1.00000000000000e+05 
6.33696273113653e-04 1.00000000000000e+05 
6.95014309364510e-04 1.00000000000000e+05 
7.58440405184815e-04 1.00000000000000e+05 
8.21648588758626e-04 1.00000000000000e+05 
8.86790656139356e-04 1.00000000000000e+05 
9.52132134757592e-04 1.00000000000000e+05 
1.01947151370286e-03 1.00000000000000e+05 
1.08620680716001e-03 1.00000000000000e+05 
1.15371743551945e-03 1.00000000000000e+05 
1.22263826806788e-03 1.00000000000000e+05 
1.29309430449686e-03 1.00000000000000e+05 
1.36272210796386e-03 1.00000000000000e+05 
1.43405155572279e-03 1.00000000000000e+05 
1.50712569399516e-03 1.00000000000000e+05 
1.58148853054834e-03 1.00000000000000e+05 
1.65702447258550e-03 1.00000000000000e+05 
1.73246840475525e-03 1.00000000000000e+05 
1.81001142421395e-03 1.00000000000000e+05 
1.88990193970442e-03 1.00000000000000e+05 
1.97035882066684e-03 1.00000000000000e+05 
2.05238854788722e-03 1.00000000000000e+05 
2.13510260224228e-03 1.00000000000000e+05 
2.21887084499902e-03 1.00000000000000e+05 
2.30351206476313e-03 1.00000000000000e+05 
2.38925217289063e-03 1.00000000000000e+05 
2.47623856304419e-03 1.00000000000000e+05 
2.56456703481820e-03 1.00000000000000e+05 
2.65440805697803e-03 1.00000000000000e+05 
2.74590993248490e-03 1.00000000000000e+05 
2.83880467680586e-03 1.00000000000000e+05 
2.93352759283650e-03 1.00000000000000e+05 
3.02986420332412e-03 1.00000000000000e+05 
3.12786570519912e-03 1.00000000000000e+05 
3.22590570409287e-03 1.00000000000000e+05 
3.32528461342807e-03 1.00000000000000e+05 
3.42619418929043e-03 1.00000000000000e+05 
3.52866971750299e-03 1.00000000000000e+05 
3.63270112413358e-03 1.00000000000000e+05 
3.73828313739704e-03 1.00000000000000e+05 
3.84546983367656e-03 1.00000000000000e+05 
3.95432875034090e-03 1.00000000000000e+05 
4.06496941834990e-03 1.00000000000000e+05 
4.17747066482613e-03 1.00000000000000e+05 
4.29026126324516e-03 1.00000000000000e+05 
4.40438963492951e-03 1.00000000000000e+05 
4.51765946846939e-03 1.00000000000000e+05 
4.63014608534736e-03 1.00000000000000e+05 
4.74665167816229e-03 1.00000000000000e+05 
4.85665187642573e-03 1.00000000000000e+05 
4.96888083864965e-03 1.00000000000000e+05 
5.08473176180585e-03 1.00000000000000e+05 
5.20038970155921e-03 1.00000000000000e+05 
5.31624047930456e-03 1.00000000000000e+05 
5.43193786090792e-03 1.00000000000000e+05 
5.54297517083403e-03 1.00000000000000e+05 
5.65434911545904e-03 1.00000000000000e+05 
5.76607352603367e-03 1.00000000000000e+05 
5.87944064247871e-03 1.00000000000000e+05 
5.99146170920633e-03 1.00000000000000e+05 
6.10383363231832e-03 1.00000000000000e+05 
6.21647934083282e-03 1.00000000000000e+05 
6.32940933630564e-03 1.00000000000000e+05 
6.44260351225146e-03 1.00000000000000e+05 
6.55583756711757e-03 1.00000000000000e+05 
6.66920771333114e-03 1.00000000000000e+05 
6.78290529135681e-03 1.00000000000000e+05 
6.89688564935099e-03 1.00000000000000e+05 
7.01113340734901e-03 1.00000000000000e+05 
7.12564713800055e-03 1.00000000000000e+05 
7.24019081252721e-03 1.00000000000000e+05 
7.35480814791751e-03 1.00000000000000e+05 
7.46967260006453e-03 1.00000000000000e+05 
7.58474314789284e-03 1.00000000000000e+05 
7.69999201435011e-03 1.00000000000000e+05 
7.81524357040084e-03 1.00000000000000e+05 
7.93056191640357e-03 1.00000000000000e+05 
8.04590350150613e-03 1.00000000000000e+05 
8.16151070266823e-03 1.00000000000000e+05 
8.27739956331170e-03 1.00000000000000e+05 
8.39350988009781e-03 1.00000000000000e+05 
8.50963881095562e-03 1.00000000000000e+05 
8.62585691256785e-03 1.00000000000000e+05 
8.74213969199295e-03 1.00000000000000e+05 
8.85836882368890e-03 1.00000000000000e+05 
8.97472656531770e-03 1.00000000000000e+05 
9.09125804684348e-03 1.00000000000000e+05 
9.20782601705023e-03 1.00000000000000e+05 
9.32444942525684e-03 1.00000000000000e+05 
9.44117440927079e-03 1.00000000000000e+05 
9.55802956296959e-03 1.00000000000000e+05 
9.67502589017795e-03 1.00000000000000e+05 
9.79208256014276e-03 1.00000000000000e+05 
9.90918576008853e-03 1.00000000000000e+05 
1.00264061444302e-02 1.00000000000000e+05 
1.01437452486391e-02 1.00000000000000e+05 
1.02610855361606e-02 1.00000000000000e+05 
1.03785829414896e-02 1.00000000000000e+05 
1.04960871489254e-02 1.00000000000000e+05 
1.06137311383432e-02 1.00000000000000e+05 
1.07313261056095e-02 1.00000000000000e+05 
1.08490006096738e-02 1.00000000000000e+05 
1.09667246456613e-02 1.00000000000000e+05 
1.10845544839765e-02 1.00000000000000e+05 
1.12023973047574e-02 1.00000000000000e+05 
1.13203243577381e-02 1.00000000000000e+05 
1.14380829113324e-02 1.00000000000000e+05 
1.15559158924207e-02 1.00000000000000e+05 
1.16738039595471e-02 1.00000000000000e+05 
1.17918497489693e-02 1.00000000000000e+05 
1.19099491637386e-02 1.00000000000000e+05 
1.20281430080269e-02 1.00000000000000e+05 
1.21462742837129e-02 1.00000000000000e+05 
1.22644812315331e-02 1.00000000000000e+05 
1.23826913930647e-02 1.00000000000000e+05 
1.25010025614925e-02 1.00000000000000e+05 
1.26193214618928e-02 1.00000000000000e+05 
1.27376525335713e-02 1.00000000000000e+05 
1.28559179573346e-02 1.00000000000000e+05 
1.29742950363703e-02 1.00000000000000e+05 
1.30928627489896e-02 1.00000000000000e+05 
1.32118400080504e-02 1.00000000000000e+05 
1.33309359359029e-02 1.00000000000000e+05 
1.34501058443113e-02 1.00000000000000e+05 
1.35691857827673e-02 1.00000000000000e+05 
1.36883429130384e-02 1.00000000000000e+05 
1.38076211503309e-02 1.00000000000000e+05 
1.39271442115266e-02 1.00000000000000e+05 
1.40469930436870e-02 1.00000000000000e+05 
1.41669011961583e-02 1.00000000000000e+05 
1.42867752841190e-02 1.00000000000000e+05 
1.44068440550032e-02 1.00000000000000e+05 
1.45271693062496e-02 1.00000000000000e+05 
1.46479736639774e-02 1.00000000000000e+05 
1.47693762470248e-02 1.00000000000000e+05 
1.48906874888344e-02 1.00000000000000e+05 
1.50071395545689e-02 1.00000000000000e+05 
1.51238489169144e-02 1.00000000000000e+05 
1.52398013592554e-02 1.00000000000000e+05 
1.53563583661912e-02 1.00000000000000e+05 
1.54727430301325e-02 1.00000000000000e+05 
1.55891744443873e-02 1.00000000000000e+05 
1.57051716832968e-02 1.00000000000000e+05 
1.58215101373698e-02 1.00000000000000e+05 
1.59377018432569e-02 1.00000000000000e+05 
1.60543610854334e-02 1.00000000000000e+05 
1.61694570406496e-02 1.00000000000000e+05 
1.62859169729868e-02 1.00000000000000e+05 
1.64012806472064e-02 1.00000000000000e+05 
1.65168143949599e-02 1.00000000000000e+05 
1.66325167533956e-02 1.00000000000000e+05 
1.67482212208264e-02 1.00000000000000e+05 
1.68639875946788e-02 1.00000000000000e+05 
1.69797881750387e-02 1.00000000000000e+05 
1.70954554032480e-02 1.00000000000000e+05 
1.72112807391158e-02 1.00000000000000e+05 
1.73271790765017e-02 1.00000000000000e+05 
1.74430739267172e-02 1.00000000000000e+05 
1.75591274894299e-02 1.00000000000000e+05 
1.76752359484182e-02 1.00000000000000e+05 
1.77914457830148e-02 1.00000000000000e+05 
1.79070875117701e-02 1.00000000000000e+05 
1.80232091843016e-02 1.00000000000000e+05 
1.81392265453908e-02 1.00000000000000e+05 
1.82552605158033e-02 1.00000000000000e+05 
1.83711458083700e-02 1.00000000000000e+05 
1.84877268477324e-02 1.00000000000000e+05 
1.86037681385984e-02 1.00000000000000e+05 
1.87202034868262e-02 1.00000000000000e+05 
1.88359380485779e-02 1.00000000000000e+05 
1.89521366515856e-02 1.00000000000000e+05 
1.90678510813465e-02 1.00000000000000e+05 
1.91858168970716e-02 1.00000000000000e+05 
1.93027904267088e-02 1.00000000000000e+05 
1.94211380746876e-02 1.00000000000000e+05 
1.95380610143722e-02 1.00000000000000e+05 
1.96560459756793e-02 1.00000000000000e+05 
1.97742506948147e-02 1.00000000000000e+05 
1.98946603025285e-02 1.00000000000000e+05 
2.00149607713912e-02 1.00000000000000e+05 
2.01367727290225e-02 1.00000000000000e+05 
2.02588509116843e-02 1.00000000000000e+05 
2.03810826899593e-02 1.00000000000000e+05 
2.05024630316523e-02 1.00000000000000e+05 
2.06248299878238e-02 1.00000000000000e+05 
2.07485755947075e-02 1.00000000000000e+05 
2.08732300438795e-02 1.00000000000000e+05 
2.09960011786918e-02 1.00000000000000e+05 
2.11192083005628e-02 1.00000000000000e+05 
2.12415245353417e-02 1.00000000000000e+05 
2.13665140421471e-02 1.00000000000000e+05 
2.14894210087295e-02 1.00000000000000e+05 
2.16136638773341e-02 1.00000000000000e+05 
2.17394154611201e-02 1.00000000000000e+05 
2.18621502201957e-02 1.00000000000000e+05 
2.19860749262754e-02 1.00000000000000e+05 
2.21105164145334e-02 1.00000000000000e+05 
2.22337301498888e-02 1.00000000000000e+05 
2.23585190925300e-02 1.00000000000000e+05 
2.24832648306338e-02 1.00000000000000e+05 
2.26075088346286e-02 1.00000000000000e+05 
2.27333090761909e-02 1.00000000000000e+05 
2.28594390489996e-02 1.00000000000000e+05 
2.29837033967347e-02 1.00000000000000e+05 
2.31091827373184e-02 1.00000000000000e+05 
2.32360051108045e-02 1.00000000000000e+05 
2.33626640228522e-02 1.00000000000000e+05 
2.34915558003670e-02 1.00000000000000e+05 
2.36213959237380e-02 1.00000000000000e+05 
2.37516441260866e-02 1.00000000000000e+05 
2.38824885290740e-02 1.00000000000000e+05 
2.40139465294383e-02 1.00000000000000e+05 
2.41450273799866e-02 1.00000000000000e+05 
2.42759934048583e-02 1.00000000000000e+05 
2.44065623118068e-02 1.00000000000000e+05 
2.45365569793586e-02 1.00000000000000e+05 
2.46665919171729e-02 1.00000000000000e+05 
2.47968918887747e-02 1.00000000000000e+05 
2.49278248099484e-02 1.00000000000000e+05 
2.50586669479476e-02 1.00000000000000e+05 
2.51885507097329e-02 1.00000000000000e+05 
2.53184664785847e-02 1.00000000000000e+05 
2.54482348228554e-02 1.00000000000000e+05 
2.55780399763367e-02 1.00000000000000e+05 
2.57080872556321e-02 1.00000000000000e+05 
2.58382925166688e-02 1.00000000000000e+05 
2.59684183104160e-02 1.00000000000000e+05 
2.61001705560448e-02 1.00000000000000e+05 
2.62324440398585e-02 1.00000000000000e+05 
2.63649179680487e-02 1.00000000000000e+05 
2.64976117170135e-02 1.00000000000000e+05 
2.66302213785246e-02 1.00000000000000e+05 
2.67650233370853e-02 1.00000000000000e+05 
2.69012268520811e-02 1.00000000000000e+05 
2.70382931469116e-02 1.00000000000000e+05 
2.71737165315187e-02 1.00000000000000e+05 
2.73124522523253e-02 1.00000000000000e+05 
2.74510190694219e-02 1.00000000000000e+05 
2.75900842127595e-02 1.00000000000000e+05 
2.77295198285806e-02 1.00000000000000e+05 
2.78694036032400e-02 1.00000000000000e+05 
2.80104455146266e-02 1.00000000000000e+05 
2.81524323114205e-02 1.00000000000000e+05 
2.82943545868720e-02 1.00000000000000e+05 
2.84374500675092e-02 1.00000000000000e+05 
2.85780786407109e-02 1.00000000000000e+05 
2.87191054049785e-02 1.00000000000000e+05 
2.88605325009807e-02 1.00000000000000e+05 
2.90021116163651e-02 1.00000000000000e+05 
2.91436447333987e-02 1.00000000000000e+05 
2.92855460773572e-02 1.00000000000000e+05 
2.94279200155934e-02 1.00000000000000e+05 
2.95686103490897e-02 1.00000000000000e+05 
2.97089761098202e-02 1.00000000000000e+05 
2.98495353218458e-02 1.00000000000000e+05 
2.99904751773884e-02 1.00000000000000e+05 
3.01318745905300e-02 1.00000000000000e+05 
3.02766932643346e-02 1.00000000000000e+05 
3.04230970938347e-02 1.00000000000000e+05 
3.05707859170657e-02 1.00000000000000e+05 
3.07187110326037e-02 1.00000000000000e+05 
3.08662134670353e-02 1.00000000000000e+05 
3.10142063107559e-02 1.00000000000000e+05 
3.11624632393270e-02 1.00000000000000e+05 
3.13108930745414e-02 1.00000000000000e+05 
3.14599206650952e-02 1.00000000000000e+05 
3.16081331856318e-02 1.00000000000000e+05 
3.17562710733021e-02 1.00000000000000e+05 
3.19049636237566e-02 1.00000000000000e+05 
3.20540500765737e-02 1.00000000000000e+05 
3.22029243513769e-02 1.00000000000000e+05 
3.23516446520004e-02 1.00000000000000e+05 
3.24997166440924e-02 1.00000000000000e+05 
3.26474385650691e-02 1.00000000000000e+05 
3.27954344123928e-02 1.00000000000000e+05 
3.29441204573773e-02 1.00000000000000e+05 
3.30947624836332e-02 1.00000000000000e+05 
3.32477896381185e-02 1.00000000000000e+05 
3.34021775029164e-02 1.00000000000000e+05 
3.35573561532129e-02 1.00000000000000e+05 
3.37110069624186e-02 1.00000000000000e+05 
3.38698052665376e-02 1.00000000000000e+05 
3.40281292482520e-02 1.00000000000000e+05 
3.41872456397152e-02 1.00000000000000e+05 
3.43456878127138e-02 1.00000000000000e+05 
3.45044508880404e-02 1.00000000000000e+05 
3.46640175666456e-02 1.00000000000000e+05 
3.48241636414206e-02 1.00000000000000e+05 
3.49842109093086e-02 1.00000000000000e+05 
3.51444479280545e-02 1.00000000000000e+05 
3.53048953086507e-02 1.00000000000000e+05 
3.54653148634776e-02 1.00000000000000e+05 
3.56260137587341e-02 1.00000000000000e+05 
3.57871636427482e-02 1.00000000000000e+05 
3.59499599821597e-02 1.00000000000000e+05 
3.61134086914916e-02 1.00000000000000e+05 
3.62774338002866e-02 1.00000000000000e+05 
3.64416723176018e-02 1.00000000000000e+05 
3.66062115534688e-02 1.00000000000000e+05 
3.67710851347456e-02 1.00000000000000e+05 
3.69362004445446e-02 1.00000000000000e+05 
3.71013486204317e-02 1.00000000000000e+05 
3.72665761704117e-02 1.00000000000000e+05 
3.74318553101065e-02 1.00000000000000e+05 
3.75972547511791e-02 1.00000000000000e+05 
3.77627730461587e-02 1.00000000000000e+05 
3.79283686991226e-02 1.00000000000000e+05 
3.80940372473026e-02 1.00000000000000e+05 
3.82597889625395e-02 1.00000000000000e+05 
3.84255692347077e-02 1.00000000000000e+05 
3.85915082476686e-02 1.00000000000000e+05 
3.87575600021125e-02 1.00000000000000e+05 
3.89238631772452e-02 1.00000000000000e+05 
3.90905714707609e-02 1.00000000000000e+05 
3.92577484805579e-02 1.00000000000000e+05 
3.94253823709186e-02 1.00000000000000e+05 
3.95937001492703e-02 1.00000000000000e+05 
3.97625829857857e-02 1.00000000000000e+05 
3.99320817224800e-02 1.00000000000000e+05 
4.01020360635228e-02 1.00000000000000e+05 
4.02720928990634e-02 1.00000000000000e+05 
4.04422084461325e-02 1.00000000000000e+05 
4.06123644480500e-02 1.00000000000000e+05 
4.07825841044075e-02 1.00000000000000e+05 
4.09528322614786e-02 1.00000000000000e+05 
4.11230520516574e-02 1.00000000000000e+05 
4.12933097196310e-02 1.00000000000000e+05 
4.14636475807251e-02 1.00000000000000e+05 
4.16340456403287e-02 1.00000000000000e+05 
4.18045411669273e-02 1.00000000000000e+05 
4.19751119323272e-02 1.00000000000000e+05 
4.21457360550700e-02 1.00000000000000e+05 
4.23164236003916e-02 1.00000000000000e+05 
4.24872226232654e-02 1.00000000000000e+05 
4.26580978063125e-02 1.00000000000000e+05 
4.28290820289124e-02 1.00000000000000e+05 
4.30001412496928e-02 1.00000000000000e+05 
4.31712537739582e-02 1.00000000000000e+05 
4.33424460549133e-02 1.00000000000000e+05 
4.35137642070137e-02 1.00000000000000e+05 
4.36851645756736e-02 1.00000000000000e+05 
4.38566834684626e-02 1.00000000000000e+05 
4.40282809229676e-02 1.00000000000000e+05 
4.41999165888939e-02 1.00000000000000e+05 
4.43716262038694e-02 1.00000000000000e+05 
4.45434712305441e-02 1.00000000000000e+05 
4.47154064592008e-02 1.00000000000000e+05 
4.48874723394958e-02 1.00000000000000e+05 
4.50596244111766e-02 1.00000000000000e+05 
4.52318273683006e-02 1.00000000000000e+05 
4.54041347231280e-02 1.00000000000000e+05 
4.55766134905255e-02 1.00000000000000e+05 
4.57492047641692e-02 1.00000000000000e+05 
4.59219509054260e-02 1.00000000000000e+05 
4.60948061564776e-02 1.00000000000000e+05 
4.62677458399370e-02 1.00000000000000e+05 
4.64408223756182e-02 1.00000000000000e+05 
4.66140897890949e-02 1.00000000000000e+05 
4.67874789690670e-02 1.00000000000000e+05 
4.69610360369886e-02 1.00000000000000e+05 
4.71346880499659e-02 1.00000000000000e+05 
4.73084275717885e-02 1.00000000000000e+05 
4.74822619688689e-02 1.00000000000000e+05 
4.76562203057837e-02 1.00000000000000e+05 
4.78302332856366e-02 1.00000000000000e+05 
4.80043224975935e-02 1.00000000000000e+05 
4.81785161358710e-02 1.00000000000000e+05 
4.83528174346752e-02 1.00000000000000e+05 
4.85272322634410e-02 1.00000000000000e+05 
4.87017734589511e-02 1.00000000000000e+05 
4.88763736150730e-02 1.00000000000000e+05 
4.90510470085407e-02 1.00000000000000e+05 
4.92258291772848e-02 1.00000000000000e+05 
4.94007277803244e-02 1.00000000000000e+05 
4.95757526597867e-02 1.00000000000000e+05 
4.97509289085320e-02 1.00000000000000e+05 
4.99261628442818e-02 1.00000000000000e+05 
5.01014791802539e-02 1.00000000000000e+05 
5.02769358331453e-02 1.00000000000000e+05 
5.04525474869643e-02 1.00000000000000e+05 
5.06282966640925e-02 1.00000000000000e+05 
5.08042018270373e-02 1.00000000000000e+05 
5.09801533612519e-02 1.00000000000000e+05 
5.11561921153676e-02 1.00000000000000e+05 
5.13324295336847e-02 1.00000000000000e+05 
5.15088181458635e-02 1.00000000000000e+05 
5.16852977372367e-02 1.00000000000000e+05 
5.18618301585909e-02 1.00000000000000e+05 
5.20383286773965e-02 1.00000000000000e+05 
5.22148238693267e-02 1.00000000000000e+05 
5.23913322255689e-02 1.00000000000000e+05 
5.25678548402196e-02 1.00000000000000e+05 
5.27443422099491e-02 1.00000000000000e+05 
5.29208740922073e-02 1.00000000000000e+05 
5.30973674879185e-02 1.00000000000000e+05 
5.32738551829555e-02 1.00000000000000e+05 
5.34503602342375e-02 1.00000000000000e+05 
5.36268896428585e-02 1.00000000000000e+05 
5.38033886221551e-02 1.00000000000000e+05 
5.39799389715246e-02 1.00000000000000e+05 
5.41564544391567e-02 1.00000000000000e+05 
5.43329635528848e-02 1.00000000000000e+05 
5.45094881102828e-02 1.00000000000000e+05 
5.46860355384173e-02 1.00000000000000e+05 
5.48625454865733e-02 1.00000000000000e+05 
5.50390997308679e-02 1.00000000000000e+05 
5.52156117929484e-02 1.00000000000000e+05 
5.53921160363213e-02 1.00000000000000e+05 
5.55686378975969e-02 1.00000000000000e+05 
5.57451863628651e-02 1.00000000000000e+05 
5.59216969072548e-02 1.00000000000000e+05 
5.60982507858627e-02 1.00000000000000e+05 
5.62747675876715e-02 1.00000000000000e+05 
5.64512798287550e-02 1.00000000000000e+05 
5.66278401491472e-02 1.00000000000000e+05 
5.68044785528056e-02 1.00000000000000e+05 
5.69811302040824e-02 1.00000000000000e+05 
5.71578723146025e-02 1.00000000000000e+05 
5.73346398819659e-02 1.00000000000000e+05 
5.75114650385455e-02 1.00000000000000e+05 
5.76884089780185e-02 1.00000000000000e+05 
5.78655037449522e-02 1.00000000000000e+05 
5.80426846328674e-02 1.00000000000000e+05 
5.82200300603154e-02 1.00000000000000e+05 
5.83974743484230e-02 1.00000000000000e+05 
5.85750453076823e-02 1.00000000000000e+05 
5.87528063580734e-02 1.00000000000000e+05 
5.89307243673935e-02 1.00000000000000e+05 
5.91086359243763e-02 1.00000000000000e+05 
5.92866517370540e-02 1.00000000000000e+05 
5.94646857249583e-02 1.00000000000000e+05 
5.96427403320792e-02 1.00000000000000e+05 
5.98209392262665e-02 1.00000000000000e+05 
5.99992266611759e-02 1.00000000000000e+05 
6.01775325267681e-02 1.00000000000000e+05 
6.03559600673332e-02 1.00000000000000e+05 
6.05344272133992e-02 1.00000000000000e+05 
6.07129319326071e-02 1.00000000000000e+05 
6.08915917774679e-02 1.00000000000000e+05 
6.10703555947553e-02 1.00000000000000e+05 
6.12491565816435e-02 1.00000000000000e+05 
6.14280879509662e-02 1.00000000000000e+05 
6.16070681758368e-02 1.00000000000000e+05 
6.17860911335560e-02 1.00000000000000e+05 
6.19652642743868e-02 1.00000000000000e+05 
6.21445369939806e-02 1.00000000000000e+05 
6.23238465578426e-02 1.00000000000000e+05 
6.25032760312371e-02 1.00000000000000e+05 
6.26827534426815e-02 1.00000000000000e+05 
6.28622732250506e-02 1.00000000000000e+05 
6.30419361619005e-02 1.00000000000000e+05 
6.32216980429535e-02 1.00000000000000e+05 
6.34015006537929e-02 1.00000000000000e+05 
6.35814178359451e-02 1.00000000000000e+05 
6.37613803896090e-02 1.00000000000000e+05 
6.39413803013274e-02 1.00000000000000e+05 
6.41215097616723e-02 1.00000000000000e+05 
6.43017314184903e-02 1.00000000000000e+05 
6.44819948816158e-02 1.00000000000000e+05 
6.46623710062988e-02 1.00000000000000e+05 
6.48427916953389e-02 1.00000000000000e+05 
6.50232451839337e-02 1.00000000000000e+05 
6.52038132733323e-02 1.00000000000000e+05 
6.53844613826592e-02 1.00000000000000e+05 
6.55651456667772e-02 1.00000000000000e+05 
6.57459371974382e-02 1.00000000000000e+05 
6.59267722021481e-02 1.00000000000000e+05 
6.61076401273949e-02 1.00000000000000e+05 
6.62886106167217e-02 1.00000000000000e+05 
6.64696486166369e-02 1.00000000000000e+05 
6.66507233951439e-02 1.00000000000000e+05 
6.68319077051844e-02 1.00000000000000e+05 
6.70131429531384e-02 1.00000000000000e+05 
6.71944216232481e-02 1.00000000000000e+05 
6.73758022316909e-02 1.00000000000000e+05 
6.75572494440147e-02 1.00000000000000e+05 
6.77387405638831e-02 1.00000000000000e+05 
6.79203394820328e-02 1.00000000000000e+05 
6.81019913152152e-02 1.00000000000000e+05 
6.82836902132442e-02 1.00000000000000e+05 
6.84654824398282e-02 1.00000000000000e+05 
6.86473353961259e-02 1.00000000000000e+05 
6.88292370506404e-02 1.00000000000000e+05 
6.90112449782134e-02 1.00000000000000e+05 
6.91933069560332e-02 1.00000000000000e+05 
6.93754145689634e-02 1.00000000000000e+05 
6.95576025292096e-02 1.00000000000000e+05 
6.97398442619246e-02 1.00000000000000e+05 
6.99221417906097e-02 1.00000000000000e+05 
7.01045480770682e-02 1.00000000000000e+05 
7.02870149909630e-02 1.00000000000000e+05 
7.04695307211260e-02 1.00000000000000e+05 
7.06521173757784e-02 1.00000000000000e+05 
7.08347480814831e-02 1.00000000000000e+05 
7.10174324359895e-02 1.00000000000000e+05 
7.12002142181894e-02 1.00000000000000e+05 
7.13830518359032e-02 1.00000000000000e+05 
7.15659335131490e-02 1.00000000000000e+05 
7.17488722819124e-02 1.00000000000000e+05 
7.19318443506150e-02 1.00000000000000e+05 
7.21148682662466e-02 1.00000000000000e+05 
7.22979789732249e-02 1.00000000000000e+05 
7.24811406332127e-02 1.00000000000000e+05 
7.26643406807946e-02 1.00000000000000e+05 
7.28475847350042e-02 1.00000000000000e+05 
7.30308529021703e-02 1.00000000000000e+05 
7.32141734214899e-02 1.00000000000000e+05 
7.33975737574295e-02 1.00000000000000e+05 
7.35810217717015e-02 1.00000000000000e+05 
7.37645042842472e-02 1.00000000000000e+05 
7.39480210129860e-02 1.00000000000000e+05 
7.41315547741045e-02 1.00000000000000e+05 
7.43151404649928e-02 1.00000000000000e+05 
7.44987975174366e-02 1.00000000000000e+05 
7.46824796994149e-02 1.00000000000000e+05 
7.48661251681966e-02 1.00000000000000e+05 
7.50498075991494e-02 1.00000000000000e+05 
7.52335437271872e-02 1.00000000000000e+05 
7.54172978729467e-02 1.00000000000000e+05 
7.56010867724179e-02 1.00000000000000e+05 
7.57848835186470e-02 1.00000000000000e+05 
7.59686537583703e-02 1.00000000000000e+05 
7.61524544607430e-02 1.00000000000000e+05 
7.63363110103154e-02 1.00000000000000e+05 
7.65202016751892e-02 1.00000000000000e+05 
7.67041261792574e-02 1.00000000000000e+05 
7.68880723218802e-02 1.00000000000000e+05 
7.70719985296949e-02 1.00000000000000e+05 
7.72559469989891e-02 1.00000000000000e+05 
7.74399450128024e-02 1.00000000000000e+05 
7.76239842602959e-02 1.00000000000000e+05 
7.78080534400700e-02 1.00000000000000e+05 
7.79921358787424e-02 1.00000000000000e+05 
7.81762194274264e-02 1.00000000000000e+05 
7.83603002256441e-02 1.00000000000000e+05 
7.85443825202014e-02 1.00000000000000e+05 
7.87285002166378e-02 1.00000000000000e+05 
7.89126317275195e-02 1.00000000000000e+05 
7.90967663283946e-02 1.00000000000000e+05 
7.92809027985414e-02 1.00000000000000e+05 
7.94650318945735e-02 1.00000000000000e+05 
7.96491677221441e-02 1.00000000000000e+05 
7.98333358411853e-02 1.00000000000000e+05 
8.00175151989779e-02 1.00000000000000e+05 
8.02016923213356e-02 1.00000000000000e+05 
8.03858688648806e-02 1.00000000000000e+05 
8.05700388423237e-02 1.00000000000000e+05 
8.07542222709539e-02 1.00000000000000e+05 
8.09384377040449e-02 1.00000000000000e+05 
8.11226691309833e-02 1.00000000000000e+05 
8.13068977715121e-02 1.00000000000000e+05 
8.14911273142937e-02 1.00000000000000e+05 
8.16753546641390e-02 1.00000000000000e+05 
8.18596042060233e-02 1.00000000000000e+05 
8.20438913140799e-02 1.00000000000000e+05 
8.22281995089084e-02 1.00000000000000e+05 
8.24125063300635e-02 1.00000000000000e+05 
8.25968152882814e-02 1.00000000000000e+05 
8.27811296019152e-02 1.00000000000000e+05 
8.29654763179729e-02 1.00000000000000e+05 
8.31498688573305e-02 1.00000000000000e+05 
8.33342893856594e-02 1.00000000000000e+05 
8.35187114171813e-02 1.00000000000000e+05 
8.37031383682562e-02 1.00000000000000e+05 
8.38875760758401e-02 1.00000000000000e+05 
8.40720529957377e-02 1.00000000000000e+05 
8.42565816485363e-02 1.00000000000000e+05 
8.44411418178206e-02 1.00000000000000e+05 
8.46257062713204e-02 1.00000000000000e+05 
8.48102784517811e-02 1.00000000000000e+05 
8.49948671295745e-02 1.00000000000000e+05 
8.51794679188868e-02 1.00000000000000e+05 
8.53640980731432e-02 1.00000000000000e+05 
8.55487338924099e-02 1.00000000000000e+05 
8.57333933654779e-02 1.00000000000000e+05 
8.59180496959848e-02 1.00000000000000e+05 
8.61026859506197e-02 1.00000000000000e+05 
8.62873262340578e-02 1.00000000000000e+05 
8.64719948488723e-02 1.00000000000000e+05 
8.66566745745833e-02 1.00000000000000e+05 
8.68413770469091e-02 1.00000000000000e+05 
8.70260758407668e-02 1.00000000000000e+05 
8.72107582377750e-02 1.00000000000000e+05 
8.73954481024506e-02 1.00000000000000e+05 
8.75801683521392e-02 1.00000000000000e+05 
8.77649069844164e-02 1.00000000000000e+05 
8.79496696448810e-02 1.00000000000000e+05 
8.81344300040021e-02 1.00000000000000e+05 
8.83191781493302e-02 1.00000000000000e+05 
8.85039382241395e-02 1.00000000000000e+05 
8.86887310879827e-02 1.00000000000000e+05 
8.88735494912754e-02 1.00000000000000e+05 
8.90583919780203e-02 1.00000000000000e+05 
8.92432307658492e-02 1.00000000000000e+05 
8.94280542098446e-02 1.00000000000000e+05 
8.96128795493287e-02 1.00000000000000e+05 
8.97977192652782e-02 1.00000000000000e+05 
8.99825705642442e-02 1.00000000000000e+05 
9.01674374175082e-02 1.00000000000000e+05 
9.03522912701034e-02 1.00000000000000e+05 
9.05371369029601e-02 1.00000000000000e+05 
9.07219954523350e-02 1.00000000000000e+05 
9.09068917845458e-02 1.00000000000000e+05 
9.10918360131795e-02 1.00000000000000e+05 
9.12768246880913e-02 1.00000000000000e+05 
9.14618290293631e-02 1.00000000000000e+05 
9.16468455750165e-02 1.00000000000000e+05 
9.18318876495255e-02 1.00000000000000e+05 
9.20169869542799e-02 1.00000000000000e+05 
9.22021503414771e-02 1.00000000000000e+05 
9.23873548605115e-02 1.00000000000000e+05 
9.25725729472215e-02 1.00000000000000e+05 
9.27578046041573e-02 1.00000000000000e+05 
9.29430627676269e-02 1.00000000000000e+05 
9.31283747562275e-02 1.00000000000000e+05 
9.33137524868575e-02 1.00000000000000e+05 
9.34991637982617e-02 1.00000000000000e+05 
9.36845839527291e-02 1.00000000000000e+05 
9.38700198705811e-02 1.00000000000000e+05 
9.40554861973382e-02 1.00000000000000e+05 
9.42410100993252e-02 1.00000000000000e+05 
9.44266092202892e-02 1.00000000000000e+05 
9.46121917900479e-02 1.00000000000000e+05 
9.47977566846593e-02 1.00000000000000e+05 
9.49833695227559e-02 1.00000000000000e+05 
9.51690222018987e-02 1.00000000000000e+05 
9.53546649160903e-02 1.00000000000000e+05 
9.55403579044100e-02 1.00000000000000e+05 
9.57260146847126e-02 1.00000000000000e+05 
9.59116521833156e-02 1.00000000000000e+05 
9.60973409747545e-02 1.00000000000000e+05 
9.62830699651067e-02 1.00000000000000e+05 
9.64687858687776e-02 1.00000000000000e+05 
9.66545539558271e-02 1.00000000000000e+05 
9.68402817899698e-02 1.00000000000000e+05 
9.70259921055327e-02 1.00000000000000e+05 
9.72117582668101e-02 1.00000000000000e+05 
9.73975708359195e-02 1.00000000000000e+05 
9.75833705574557e-02 1.00000000000000e+05 
9.77692296719232e-02 1.00000000000000e+05 
9.79550520476719e-02 1.00000000000000e+05 
9.81408609322679e-02 1.00000000000000e+05 
9.83267344626020e-02 1.00000000000000e+05 
9.85126596543159e-02 1.00000000000000e+05 
9.86985748873009e-02 1.00000000000000e+05 
9.88845561964071e-02 1.00000000000000e+05 
9.90705052669499e-02 1.00000000000000e+05 
9.92564461680945e-02 1.00000000000000e+05 
9.94424590459524e-02 1.00000000000000e+05 
9.96285275319143e-02 1.00000000000000e+05 
9.98145862397602e-02 1.00000000000000e+05 
1.00000716346287e-01 1.00000000000000e+05 
1.00186816443004e-01 1.00000000000000e+05 
1.00372910985574e-01 1.00000000000000e+05 
1.00559083755318e-01 1.00000000000000e+05 
1.00745315434200e-01 1.00000000000000e+05 
1.00931538104525e-01 1.00000000000000e+05 
1.01117838451512e-01 1.00000000000000e+05 
1.01304112477310e-01 1.00000000000000e+05 
1.01490383935492e-01 1.00000000000000e+05 
1.01676740332875e-01 1.00000000000000e+05 
1.01863151474273e-01 1.00000000000000e+05 
1.02049565998010e-01 1.00000000000000e+05 
1.02236061015994e-01 1.00000000000000e+05 
1.02422538079064e-01 1.00000000000000e+05 
1.02609016766412e-01 1.00000000000000e+05 
1.02795586419708e-01 1.00000000000000e+05 
1.02982198296369e-01 1.00000000000000e+05 
1.03168838121882e-01 1.00000000000000e+05 
1.03355545714530e-01 1.00000000000000e+05 
1.03542263480164e-01 1.00000000000000e+05 
1.03728989190895e-01 1.00000000000000e+05 
1.03915798553609e-01 1.00000000000000e+05 
1.04102655164583e-01 1.00000000000000e+05 
1.04289552578384e-01 1.00000000000000e+05 
1.04476523285108e-01 1.00000000000000e+05 
1.04663528723613e-01 1.00000000000000e+05 
1.04850551174291e-01 1.00000000000000e+05 
1.05037656113250e-01 1.00000000000000e+05 
1.05224818355929e-01 1.00000000000000e+05 
1.05412031370121e-01 1.00000000000000e+05 
1.05599328600684e-01 1.00000000000000e+05 
1.05786676882121e-01 1.00000000000000e+05 
1.05974051467324e-01 1.00000000000000e+05 
1.06161513359959e-01 1.00000000000000e+05 
1.06349039238049e-01 1.00000000000000e+05 
1.06536622227001e-01 1.00000000000000e+05 
1.06724295740982e-01 1.00000000000000e+05 
1.06912033265333e-01 1.00000000000000e+05 
1.07099805212596e-01 1.00000000000000e+05 
1.07287664184924e-01 1.00000000000000e+05 
1.07475590882557e-01 1.00000000000000e+05 
1.07663579693745e-01 1.00000000000000e+05 
1.07851663019044e-01 1.00000000000000e+05 
1.08039831163985e-01 1.00000000000000e+05 
1.08228041903547e-01 1.00000000000000e+05 
1.08416329716091e-01 1.00000000000000e+05 
1.08604687572930e-01 1.00000000000000e+05 
1.08793111269563e-01 1.00000000000000e+05 
1.08981631006552e-01 1.00000000000000e+05 
1.09170243678910e-01 1.00000000000000e+05 
1.09358913935068e-01 1.00000000000000e+05 
1.09547650715091e-01 1.00000000000000e+05 
1.09736458178755e-01 1.00000000000000e+05 
1.09925334555743e-01 1.00000000000000e+05 
1.10114307228849e-01 1.00000000000000e+05 
1.10303378001092e-01 1.00000000000000e+05 
1.10492511351796e-01 1.00000000000000e+05 
1.10681675127532e-01 1.00000000000000e+05 
1.10870834374991e-01 1.00000000000000e+05 
1.11060015476232e-01 1.00000000000000e+05 
1.11249218141844e-01 1.00000000000000e+05 
1.11438421617849e-01 1.00000000000000e+05 
1.11627618124571e-01 1.00000000000000e+05 
1.11816803311338e-01 1.00000000000000e+05 
1.12005985633046e-01 1.00000000000000e+05 
1.12195188402105e-01 1.00000000000000e+05 
1.12384412269787e-01 1.00000000000000e+05 
1.12573637953095e-01 1.00000000000000e+05 
1.12762855969343e-01 1.00000000000000e+05 
1.12952064319068e-01 1.00000000000000e+05 
1.13141270919911e-01 1.00000000000000e+05 
1.13330496376406e-01 1.00000000000000e+05 
1.13519741994726e-01 1.00000000000000e+05 
1.13708989442511e-01 1.00000000000000e+05 
1.13898227861956e-01 1.00000000000000e+05 
1.14087457472017e-01 1.00000000000000e+05 
1.14276685381329e-01 1.00000000000000e+05 
1.14465929610715e-01 1.00000000000000e+05 
1.14655192268094e-01 1.00000000000000e+05 
1.14844456276654e-01 1.00000000000000e+05 
1.15033709699146e-01 1.00000000000000e+05 
1.15222954729964e-01 1.00000000000000e+05 
1.15412198128727e-01 1.00000000000000e+05 
1.15601455580946e-01 1.00000000000000e+05 
1.15790730075812e-01 1.00000000000000e+05 
1.15980006108044e-01 1.00000000000000e+05 
1.16169269742982e-01 1.00000000000000e+05 
1.16358524990099e-01 1.00000000000000e+05 
1.16547777807008e-01 1.00000000000000e+05 
1.16737034623885e-01 1.00000000000000e+05 
1.16926287087138e-01 1.00000000000000e+05 
1.17115529377780e-01 1.00000000000000e+05 
1.17304741370246e-01 1.00000000000000e+05 
1.17493932734262e-01 1.00000000000000e+05 
1.17683103432778e-01 1.00000000000000e+05 
1.17872260692094e-01 1.00000000000000e+05 
1.18061415395643e-01 1.00000000000000e+05 
1.18250561876255e-01 1.00000000000000e+05 
1.18439679672549e-01 1.00000000000000e+05 
1.18628778932274e-01 1.00000000000000e+05 
1.18817859588848e-01 1.00000000000000e+05 
1.19006927875966e-01 1.00000000000000e+05 
1.19195995010267e-01 1.00000000000000e+05 
1.19385055368560e-01 1.00000000000000e+05 
1.19574088301514e-01 1.00000000000000e+05 
1.19763104501812e-01 1.00000000000000e+05 
1.19952104145597e-01 1.00000000000000e+05 
1.20141092955706e-01 1.00000000000000e+05 
1.20330082425143e-01 1.00000000000000e+05 
1.20519067365863e-01 1.00000000000000e+05 
1.20708026985930e-01 1.00000000000000e+05 
1.20896972580087e-01 1.00000000000000e+05 
1.21085904168181e-01 1.00000000000000e+05 
1.21274826688747e-01 1.00000000000000e+05 
1.21463751622784e-01 1.00000000000000e+05 
1.21652674399353e-01 1.00000000000000e+05 
1.21841573846224e-01 1.00000000000000e+05 
1.22030461600764e-01 1.00000000000000e+05 
1.22219337619605e-01 1.00000000000000e+05 
1.22408205681545e-01 1.00000000000000e+05 
1.22597076997777e-01 1.00000000000000e+05 
1.22785947719929e-01 1.00000000000000e+05 
1.22974796090095e-01 1.00000000000000e+05 
1.23163634013400e-01 1.00000000000000e+05 
1.23352461193787e-01 1.00000000000000e+05 
1.23541280556897e-01 1.00000000000000e+05 
1.23730102943608e-01 1.00000000000000e+05 
1.23918925826020e-01 1.00000000000000e+05 
1.24107726709291e-01 1.00000000000000e+05 
1.24296517282945e-01 1.00000000000000e+05 
1.24485297051168e-01 1.00000000000000e+05 
1.24672909391704e-01 1.00000000000000e+05 
1.24861682373205e-01 1.00000000000000e+05 
1.25050455229659e-01 1.00000000000000e+05 
1.25239205994464e-01 1.00000000000000e+05 
1.25427946035699e-01 1.00000000000000e+05 
1.25598770562845e-01 1.00000000000000e+05 
1.25786677542705e-01 1.00000000000000e+05 
1.25975398460095e-01 1.00000000000000e+05 
1.26164118127152e-01 1.00000000000000e+05 
1.26352813841264e-01 1.00000000000000e+05 
1.26541493392103e-01 1.00000000000000e+05 
1.26730152805882e-01 1.00000000000000e+05 
1.26918789921384e-01 1.00000000000000e+05 
1.27093263937290e-01 1.00000000000000e+05 
1.27281871884685e-01 1.00000000000000e+05 
1.27470448949450e-01 1.00000000000000e+05 
1.27659007894996e-01 1.00000000000000e+05 
1.27847551702472e-01 1.00000000000000e+05 
1.28036083656234e-01 1.00000000000000e+05 
1.28224615897030e-01 1.00000000000000e+05 
1.28413150841058e-01 1.00000000000000e+05 
1.28601671996741e-01 1.00000000000000e+05 
1.28790194685567e-01 1.00000000000000e+05 
1.28978721292257e-01 1.00000000000000e+05 
1.29167256531536e-01 1.00000000000000e+05 
1.29355810119600e-01 1.00000000000000e+05 
1.29544380547318e-01 1.00000000000000e+05 
1.29732940722267e-01 1.00000000000000e+05 
1.29921493967297e-01 1.00000000000000e+05 
1.30110035565715e-01 1.00000000000000e+05 
1.30298567120913e-01 1.00000000000000e+05 
1.30487097766921e-01 1.00000000000000e+05 
1.30675630298560e-01 1.00000000000000e+05 
1.30864150708439e-01 1.00000000000000e+05 
1.31052672384629e-01 1.00000000000000e+05 
1.31241199179339e-01 1.00000000000000e+05 
1.31429737805526e-01 1.00000000000000e+05 
1.31618298567052e-01 1.00000000000000e+05 
1.31806882180265e-01 1.00000000000000e+05 
1.31995465201609e-01 1.00000000000000e+05 
1.32184052094813e-01 1.00000000000000e+05 
1.32372637075665e-01 1.00000000000000e+05 
1.32561219746041e-01 1.00000000000000e+05 
1.32749803905818e-01 1.00000000000000e+05 
1.32938388230605e-01 1.00000000000000e+05 
1.33126954409976e-01 1.00000000000000e+05 
1.33315512554252e-01 1.00000000000000e+05 
1.33504066446183e-01 1.00000000000000e+05 
1.33692624380218e-01 1.00000000000000e+05 
1.33881200512033e-01 1.00000000000000e+05 
1.34069800068873e-01 1.00000000000000e+05 
1.34258408191303e-01 1.00000000000000e+05 
1.34447035284550e-01 1.00000000000000e+05 
1.34635679998677e-01 1.00000000000000e+05 
1.34824346338625e-01 1.00000000000000e+05 
1.35013040711327e-01 1.00000000000000e+05 
1.35201762987310e-01 1.00000000000000e+05 
1.35390490336390e-01 1.00000000000000e+05 
1.35579225526298e-01 1.00000000000000e+05 
1.35767964987882e-01 1.00000000000000e+05 
1.35956712539714e-01 1.00000000000000e+05 
1.36145473189781e-01 1.00000000000000e+05 
1.36334244292247e-01 1.00000000000000e+05 
1.36523009476275e-01 1.00000000000000e+05 
1.36711773600292e-01 1.00000000000000e+05 
1.36900535522008e-01 1.00000000000000e+05 
1.37089301610239e-01 1.00000000000000e+05 
1.37278080338462e-01 1.00000000000000e+05 
1.37466871074282e-01 1.00000000000000e+05 
1.37655663068112e-01 1.00000000000000e+05 
1.37844463558256e-01 1.00000000000000e+05 
1.38033273606356e-01 1.00000000000000e+05 
1.38222101661763e-01 1.00000000000000e+05 
1.38410955671448e-01 1.00000000000000e+05 
1.38599834200025e-01 1.00000000000000e+05 
1.38788725536047e-01 1.00000000000000e+05 
1.38977632484073e-01 1.00000000000000e+05 
1.39166554122585e-01 1.00000000000000e+05 
1.39355499512000e-01 1.00000000000000e+05 
1.39544474012221e-01 1.00000000000000e+05 
1.39733474255440e-01 1.00000000000000e+05 
1.39922488298152e-01 1.00000000000000e+05 
1.40111516553899e-01 1.00000000000000e+05 
1.40300557368289e-01 1.00000000000000e+05 
1.40489619792941e-01 1.00000000000000e+05 
1.40678707722143e-01 1.00000000000000e+05 
1.40867814716881e-01 1.00000000000000e+05 
1.41056929907423e-01 1.00000000000000e+05 
1.41246051959725e-01 1.00000000000001e+05 
1.41435178722769e-01 1.00000000000001e+05 
1.41624319114307e-01 1.00000000000001e+05 
1.41813478098375e-01 1.00000000000001e+05 
1.42002650760369e-01 1.00000000000002e+05 
1.42191831049118e-01 1.00000000000002e+05 
1.42381021201606e-01 1.00000000000003e+05 
1.42570222468579e-01 1.00000000000004e+05 
1.42759446257830e-01 1.00000000000005e+05 
1.42948699027788e-01 1.00000000000006e+05 
1.43137977539528e-01 1.00000000000008e+05 
1.43327271578981e-01 1.00000000000010e+05 
1.43516580447619e-01 1.00000000000012e+05 
1.43705902432835e-01 1.00000000000016e+05 
1.43895246286538e-01 1.00000000000020e+05 
1.44084615708757e-01 1.00000000000025e+05 
1.44274005935098e-01 1.00000000000032e+05 
1.44463406293030e-01 1.00000000000041e+05 
1.44652816610776e-01 1.00000000000050e+05 
1.44842237848742e-01 1.00000000000063e+05 
1.45031680541732e-01 1.00000000000078e+05 
1.45221151232493e-01 1.00000000000097e+05 
1.45410647213742e-01 1.00000000000121e+05 
1.45600157469287e-01 1.00000000000147e+05 
1.45789682477774e-01 1.00000000000179e+05 
1.45979221345787e-01 1.00000000000224e+05 
1.46168782555898e-01 1.00000000000278e+05 
1.46358371998757e-01 1.00000000000326e+05 
1.46547984979487e-01 1.00000000000388e+05 
1.46737608491613e-01 1.00000000000451e+05 
1.46927241971364e-01 1.00000000000587e+05 
1.47116885612258e-01 1.00000000000818e+05 
1.47306548194236e-01 1.00000000001204e+05 
1.47496237407498e-01 1.00000000003029e+05 
1.47685949752724e-01 1.00000000014976e+05 
1.47875673882837e-01 1.00000000047552e+05 
1.48065411149540e-01 1.00000000208593e+05 
1.48255162043635e-01 1.00000000438674e+05 
1.48444935381716e-01 1.00000000728337e+05 
1.48634739037453e-01 1.00000001200216e+05 
1.48824569091729e-01 1.00000001726935e+05 
1.49014412666141e-01 1.00000002319645e+05 
1.49204270543414e-01 1.00000002823174e+05 
1.49394142368944e-01 1.00000003356417e+05 
1.49584036292657e-01 1.00000003946697e+05 
1.49773959762012e-01 1.00000004572704e+05 
1.49963908215253e-01 1.00000005104857e+05 
1.50153869062704e-01 1.00000005678610e+05 
1.50343843125984e-01 1.00000006297336e+05 
1.50533830344695e-01 1.00000006955623e+05 
1.50723838581939e-01 1.00000007661664e+05 
1.50913875056300e-01 1.00000008426629e+05 
1.51103934297430e-01 1.00000009253167e+05 
1.51294004511009e-01 1.00000010138473e+05 
1.51484086552612e-01 1.00000011090117e+05 
1.51674180884706e-01 1.00000012120135e+05 
1.51864295115286e-01 1.00000013231011e+05 
1.52054436424898e-01 1.00000014429870e+05 
1.52244598614235e-01 1.00000015711503e+05 
1.52434770391231e-01 1.00000017090857e+05 
1.52624952171365e-01 1.00000018565627e+05 
1.52815145629914e-01 1.00000020130110e+05 
1.53005357514206e-01 1.00000021779168e+05 
1.53195594561011e-01 1.00000023537888e+05 
1.53385849648040e-01 1.00000025414740e+05 
1.53576111933120e-01 1.00000027410662e+05 
1.53766381253407e-01 1.00000029456875e+05 
1.53956660584225e-01 1.00000031639083e+05 
1.54146956456630e-01 1.00000034088744e+05 
1.54337275018857e-01 1.00000036674648e+05 
1.54527608554356e-01 1.00000039444874e+05 
1.54717946922724e-01 1.00000042409928e+05 
1.54908290290052e-01 1.00000045576702e+05 
1.55098642767314e-01 1.00000048933644e+05 
1.55289011524064e-01 1.00000052511576e+05 
1.55479402002677e-01 1.00000056304032e+05 
1.55669806250483e-01 1.00000060366650e+05 
1.55860214841906e-01 1.00000064711503e+05 
1.56050628171965e-01 1.00000069399328e+05 
1.56241050605004e-01 1.00000074423130e+05 
1.56431489622406e-01 1.00000079806446e+05 
1.56621949623410e-01 1.00000085560215e+05 
1.56812421227902e-01 1.00000091704419e+05 
1.57002896563353e-01 1.00000098400462e+05 
1.57193375669598e-01 1.00000105708156e+05 
1.57383862943773e-01 1.00000113605211e+05 
1.57574365840608e-01 1.00000122205560e+05 
1.57764888585404e-01 1.00000131412014e+05 
1.57955420427664e-01 1.00000141288126e+05 
1.58145955130900e-01 1.00000151979486e+05 
1.58336492825900e-01 1.00000163781736e+05 
1.58527037919794e-01 1.00000176563664e+05 
1.58717598016351e-01 1.00000190424835e+05 
1.58908176989752e-01 1.00000205357281e+05 
1.59098763829525e-01 1.00000221732978e+05 
1.59289352468429e-01 1.00000239626388e+05 
1.59479943385531e-01 1.00000259363410e+05 
1.59670540854369e-01 1.00000280849153e+05 
1.59861152323454e-01 1.00000304235853e+05 
1.60051781867052e-01 1.00000329507070e+05 
1.60242418508343e-01 1.00000357326809e+05 
1.60433055871421e-01 1.00000387824189e+05 
1.60623694798471e-01 1.00000421586428e+05 
1.60814339085708e-01 1.00000458438343e+05 
1.61004996854141e-01 1.00000498627222e+05 
1.61195672890352e-01 1.00000542105375e+05 
1.61386356319807e-01 1.00000590071126e+05 
1.61577039860573e-01 1.00000642717945e+05 
1.61767724640685e-01 1.00000701111702e+05 
1.61958414560441e-01 1.00000764910558e+05 
1.62149118113371e-01 1.00000834538293e+05 
1.62339840249873e-01 1.00000909895274e+05 
1.62530570546209e-01 1.00000993079217e+05 
1.62721300805964e-01 1.00001084433324e+05 
1.62912032282334e-01 1.00001185835009e+05 
1.63102769158101e-01 1.00001296642035e+05 
1.63293520438476e-01 1.00001417580178e+05 
1.63484291033974e-01 1.00001548475738e+05 
1.63675070791112e-01 1.00001692930304e+05 
1.63865851316282e-01 1.00001851534716e+05 
1.64056634115648e-01 1.00002027534974e+05 
1.64247423194978e-01 1.00002219777530e+05 
1.64438227645062e-01 1.00002429458277e+05 
1.64629052069073e-01 1.00002656373624e+05 
1.64819886860313e-01 1.00002906608867e+05 
1.65010722890378e-01 1.00003181189901e+05 
1.65201561278511e-01 1.00003485481779e+05 
1.65392405060175e-01 1.00003817437549e+05 
1.65583262623938e-01 1.00004179143315e+05 
1.65774137954146e-01 1.00004570236640e+05 
1.65965022691421e-01 1.00005000687835e+05 
1.66155908543891e-01 1.00005472265057e+05 
1.66346797538951e-01 1.00005993412737e+05 
1.66537693212815e-01 1.00006560562947e+05 
1.66728604168831e-01 1.00007177000007e+05 
1.66919533785990e-01 1.00007841785051e+05 
1.67110474385798e-01 1.00008570488140e+05 
1.67301416920803e-01 1.00009365716896e+05 
1.67492362818437e-01 1.00010240355483e+05 
1.67683314695965e-01 1.00011187967555e+05 
1.67874281712449e-01 1.00012213279118e+05 
1.68065267233312e-01 1.00013314229445e+05 
1.68256264942296e-01 1.00014514460369e+05 
1.68447265877198e-01 1.00015817231134e+05 
1.68638270342569e-01 1.00017240905220e+05 
1.68829280217529e-01 1.00018773925065e+05 
1.69020305007560e-01 1.00020422121235e+05 
1.69211347499170e-01 1.00022181806870e+05 
1.69402402415528e-01 1.00024085713090e+05 
1.69593461083657e-01 1.00026136525668e+05 
1.69784523269284e-01 1.00028358361539e+05 
1.69975590945533e-01 1.00030733282328e+05 
1.70166674560828e-01 1.00033269316941e+05 
1.70357776407930e-01 1.00035957811346e+05 
1.70548891071336e-01 1.00038844799781e+05 
1.70740009976589e-01 1.00041933164576e+05 
1.70931131952721e-01 1.00045247282935e+05 
1.71122258263908e-01 1.00048767172348e+05 
1.71313400440882e-01 1.00052497315604e+05 
1.71504561461870e-01 1.00056442483719e+05 
1.71695736948637e-01 1.00060634361237e+05 
1.71886919150672e-01 1.00065074146860e+05 
1.72078106669916e-01 1.00069764869396e+05 
1.72269301014654e-01 1.00074687435764e+05 
1.72460514232675e-01 1.00079858787726e+05 
1.72651748910730e-01 1.00085262972917e+05 
1.72843000062768e-01 1.00090958860758e+05 
1.73034259105159e-01 1.00096943605650e+05 
1.73225523786464e-01 1.00103246101506e+05 
1.73416795435852e-01 1.00109807682951e+05 
1.73608086106261e-01 1.00116633087695e+05 
1.73799398687452e-01 1.00123671527729e+05 
1.73990728437006e-01 1.00131026377944e+05 
1.74182067011948e-01 1.00138717244003e+05 
1.74373412075559e-01 1.00146722340889e+05 
1.74564766057347e-01 1.00154965739360e+05 
1.74756141066393e-01 1.00163450927631e+05 
1.74947540350988e-01 1.00172087271417e+05 
1.75138959199260e-01 1.00181103292844e+05 
1.75330389208585e-01 1.00190379622859e+05 
1.75521828984680e-01 1.00199933910060e+05 
1.75713282479335e-01 1.00209673304061e+05 
1.75904762671135e-01 1.00219598340342e+05 
1.76096274471840e-01 1.00229678992707e+05 
1.76287813010758e-01 1.00239978427984e+05 
1.76479367841981e-01 1.00250481219112e+05 
1.76670934432513e-01 1.00261177776054e+05 
1.76862512268657e-01 1.00271993788773e+05 
1.77054109309432e-01 1.00282874409853e+05 
1.77245727615274e-01 1.00293806164335e+05 
1.77437361412986e-01 1.00304856797205e+05 
1.77629002967389e-01 1.00315998169795e+05 
1.77820652298123e-01 1.00327219987545e+05 
1.78012313951581e-01 1.00338323345765e+05 
1.78204000173422e-01 1.00349424071794e+05 
1.78395718038211e-01 1.00360529048961e+05 
1.78587463638294e-01 1.00371626635513e+05 
1.78779228848871e-01 1.00382689600686e+05 
1.78971012281670e-01 1.00393655033428e+05 
1.79162816334195e-01 1.00404430960502e+05 
1.79354649035532e-01 1.00414986920571e+05 
1.79546514139754e-01 1.00425309238439e+05 
1.79738406664643e-01 1.00435453907538e+05 
1.79930316091416e-01 1.00445410561698e+05 
1.80122239414159e-01 1.00455092756496e+05 
1.80314179311580e-01 1.00464426614035e+05 
1.80506143684576e-01 1.00473426726726e+05 
1.80698138382763e-01 1.00482128395954e+05 
1.80890158265094e-01 1.00490547590729e+05 
1.81082195632538e-01 1.00498673526307e+05 
1.81274246985537e-01 1.00506394100361e+05 
1.81466314637048e-01 1.00513655456113e+05 
1.81658407893215e-01 1.00520479141377e+05 
1.81850532702575e-01 1.00526955213056e+05 
1.82042683895733e-01 1.00533041126686e+05 
1.82234854330703e-01 1.00538747106666e+05 
1.82427039279370e-01 1.00543928457793e+05 
1.82619241412353e-01 1.00548562867398e+05 
1.82811470184594e-01 1.00552683121576e+05 
1.83003730513349e-01 1.00556455493768e+05 
1.83196017058438e-01 1.00559665944721e+05 
1.83388323056468e-01 1.00562421716027e+05 
1.83580642173058e-01 1.00564534525494e+05 
1.83772977843816e-01 1.00566109813829e+05 
1.83965340468110e-01 1.00567271054969e+05 
1.84157733466888e-01 1.00567687520925e+05 
1.84350151147257e-01 1.00567461715984e+05 
1.84542587397339e-01 1.00566536726009e+05 
1.84735035208484e-01 1.00564274242073e+05 
1.84927498879645e-01 1.00561965812889e+05 
1.85119989709379e-01 1.00559536117163e+05 
1.85312510363948e-01 1.00557124621119e+05 
1.85505054735427e-01 1.00554543545712e+05 
1.85697618044392e-01 1.00551794658925e+05 
1.85890191766737e-01 1.00548778419022e+05 
1.86082780910571e-01 1.00545629066671e+05 
1.86275397495383e-01 1.00542308571743e+05 
1.86468043371984e-01 1.00538877973822e+05 
1.86660712024920e-01 1.00535363694856e+05 
1.86853399453149e-01 1.00531694314093e+05 
1.87046096693906e-01 1.00527781282711e+05 
1.87238808558391e-01 1.00523914539471e+05 
1.87431547192971e-01 1.00520182302953e+05 
1.87624313979499e-01 1.00516550405901e+05 
1.87817102442878e-01 1.00512853474213e+05 
1.88009909141444e-01 1.00508994094271e+05 
1.88202724786525e-01 1.00504824961834e+05 
1.88395554005037e-01 1.00500589616589e+05 
1.88588409038744e-01 1.00496265164855e+05 
1.88781290787844e-01 1.00492016776111e+05 
1.88974192468657e-01 1.00487714084891e+05 
1.89167111291107e-01 1.00483301825415e+05 
1.89360037986226e-01 1.00478707500737e+05 
1.89552976923206e-01 1.00473995953637e+05 
1.89743539497566e-01 1.00469121507873e+05 
1.89936527587874e-01 1.00464223238869e+05 
1.90129533673655e-01 1.00459322429705e+05 
1.90322555125766e-01 1.00454290739021e+05 
1.90515582663856e-01 1.00448827810857e+05 
1.90708620211256e-01 1.00443312003840e+05 
1.90901679846880e-01 1.00437686421234e+05 
1.91094761995294e-01 1.00432215593008e+05 
1.91287858641156e-01 1.00426656402589e+05 
1.91480967343374e-01 1.00420911319167e+05 
1.91674078170877e-01 1.00414752266973e+05 
1.91867194062835e-01 1.00408454685132e+05 
1.92060325698789e-01 1.00402020050723e+05 
1.92253471199445e-01 1.00395746536112e+05 
1.92446619989861e-01 1.00389468413275e+05 
1.92639769021475e-01 1.00382907613047e+05 
1.92832909155490e-01 1.00375870480251e+05 
1.93026046071283e-01 1.00368747965949e+05 
1.93219194217457e-01 1.00361497629810e+05 
1.93412358489068e-01 1.00354416668397e+05 
1.93605534500922e-01 1.00347316136836e+05 
1.93798723880061e-01 1.00340048489895e+05 
1.93991920938296e-01 1.00332367178215e+05 
1.94185129135493e-01 1.00324678904354e+05 
1.94378359867223e-01 1.00316929374358e+05 
1.94571611945286e-01 1.00309361365134e+05 
1.94764873351714e-01 1.00301798611458e+05 
1.94958137639497e-01 1.00294224565732e+05 
1.95151394610366e-01 1.00286252568456e+05 
1.95344647855359e-01 1.00278275008888e+05 
1.95537908008076e-01 1.00270295313080e+05 
1.95731175943459e-01 1.00262590470271e+05 
1.95924441263507e-01 1.00254825095993e+05 
1.96117702713906e-01 1.00247045957770e+05 
1.96310954322505e-01 1.00238865225268e+05 
1.96504202696441e-01 1.00230690550038e+05 
1.96697458380132e-01 1.00222426578485e+05 
1.96890723606507e-01 1.00214314252133e+05 
1.97083988705145e-01 1.00206357190657e+05 
1.97277250557776e-01 1.00198227687931e+05 
1.97470503755896e-01 1.00189732692771e+05 
1.97663753969100e-01 1.00181299832008e+05 
1.97857011377906e-01 1.00172815020884e+05 
1.98050278160223e-01 1.00164400699808e+05 
1.98243545618126e-01 1.00156077572926e+05 
1.98436809127103e-01 1.00147655401142e+05 
1.98630063725959e-01 1.00138923123159e+05 
1.98823314645658e-01 1.00130216108687e+05 
1.99016572212832e-01 1.00121450637469e+05 
1.99209838599957e-01 1.00112729259331e+05 
1.99403106270655e-01 1.00104109937961e+05 
1.99596369628375e-01 1.00095398886830e+05 
1.99789624074902e-01 1.00086552691055e+05 
1.99982874039720e-01 1.00077782964626e+05 
2.00176130266180e-01 1.00069056899184e+05 
