# Liste des scalaires : TEMPS pmat 
0.00000000000000e+00 1.00000000000000e+05 
7.22956891292051e-05 1.00000000000000e+05 
1.34519395986641e-04 1.00000000000000e+05 
2.02965473529821e-04 1.00000000000000e+05 
2.78256158827319e-04 1.00000000000000e+05 
3.61075912654566e-04 1.00000000000000e+05 
4.52177641864539e-04 1.00000000000000e+05 
5.52389543995508e-04 1.00000000000000e+05 
6.62622636339575e-04 1.00000000000000e+05 
7.83879037918048e-04 1.00000000000000e+05 
9.17261079654369e-04 1.00000000000000e+05 
1.05337101551770e-03 1.00000000000000e+05 
1.19526971922917e-03 1.00000000000000e+05 
1.34805535714204e-03 1.00000000000000e+05 
1.50497533385235e-03 1.00000000000000e+05 
1.66972408756641e-03 1.00000000000000e+05 
1.84228725247179e-03 1.00000000000000e+05 
2.02370861324351e-03 1.00000000000000e+05 
2.21328810260079e-03 1.00000000000000e+05 
2.41259454052723e-03 1.00000000000000e+05 
2.62422305104466e-03 1.00000000000000e+05 
2.85022259995381e-03 1.00000000000000e+05 
3.09208913681037e-03 1.00000000000000e+05 
3.34612322332775e-03 1.00000000000000e+05 
3.61485884183371e-03 1.00000000000000e+05 
3.89712444682010e-03 1.00000000000000e+05 
4.19508905907030e-03 1.00000000000000e+05 
4.50872664583040e-03 1.00000000000000e+05 
4.84052677839951e-03 1.00000000000000e+05 
5.15455422998924e-03 1.00000000000000e+05 
5.46176491015807e-03 1.00000000000000e+05 
5.76793318012490e-03 1.00000000000000e+05 
6.08445301712784e-03 1.00000000000000e+05 
6.40779211194207e-03 1.00000000000000e+05 
6.73604496172471e-03 1.00000000000000e+05 
7.07032047529994e-03 1.00000000000000e+05 
7.41130346496232e-03 1.00000000000000e+05 
7.75621810562621e-03 1.00000000000000e+05 
8.10603458207083e-03 1.00000000000000e+05 
8.45858267190979e-03 1.00000000000000e+05 
8.81689483942363e-03 1.00000000000000e+05 
9.18100896006712e-03 1.00000000000000e+05 
9.54936413291741e-03 1.00000000000000e+05 
9.92551360174778e-03 1.00000000000000e+05 
1.03107164545036e-02 1.00000000000000e+05 
1.06977571581883e-02 1.00000000000000e+05 
1.10830033155785e-02 1.00000000000000e+05 
1.14657107245746e-02 1.00000000000000e+05 
1.18451498659031e-02 1.00000000000000e+05 
1.22234692731039e-02 1.00000000000000e+05 
1.26003949240646e-02 1.00000000000000e+05 
1.29775289803893e-02 1.00000000000000e+05 
1.33564083347771e-02 1.00000000000000e+05 
1.37372055729220e-02 1.00000000000000e+05 
1.41183816831168e-02 1.00000000000000e+05 
1.45006621304937e-02 1.00000000000000e+05 
1.48841557468754e-02 1.00000000000000e+05 
1.52678414933676e-02 1.00000000000000e+05 
1.56531549379874e-02 1.00000000000000e+05 
1.60401921944884e-02 1.00000000000000e+05 
1.64263875444826e-02 1.00000000000000e+05 
1.68126058916694e-02 1.00000000000000e+05 
1.71992377833779e-02 1.00000000000000e+05 
1.75854372088333e-02 1.00000000000000e+05 
1.79725650870188e-02 1.00000000000000e+05 
1.83606663335739e-02 1.00000000000000e+05 
1.87476600885151e-02 1.00000000000000e+05 
1.91342792875272e-02 1.00000000000000e+05 
1.95212744925821e-02 1.00000000000000e+05 
1.99080765115246e-02 1.00000000000000e+05 
2.02960324367572e-02 1.00000000000000e+05 
2.06852459134097e-02 1.00000000000000e+05 
2.10739212562482e-02 1.00000000000000e+05 
2.14627221911631e-02 1.00000000000000e+05 
2.18523357431300e-02 1.00000000000000e+05 
2.22421552070251e-02 1.00000000000000e+05 
2.26333045890888e-02 1.00000000000000e+05 
2.30257714746990e-02 1.00000000000000e+05 
2.34178508714985e-02 1.00000000000000e+05 
2.38100904604042e-02 1.00000000000000e+05 
2.42031778915237e-02 1.00000000000000e+05 
2.45964821378548e-02 1.00000000000000e+05 
2.49909578697917e-02 1.00000000000000e+05 
2.53865229370564e-02 1.00000000000000e+05 
2.57816396897086e-02 1.00000000000000e+05 
2.61769324777182e-02 1.00000000000000e+05 
2.65731332999316e-02 1.00000000000000e+05 
2.69694132189754e-02 1.00000000000000e+05 
2.73652767150261e-02 1.00000000000000e+05 
2.77600290452104e-02 1.00000000000000e+05 
2.81524905760196e-02 1.00000000000000e+05 
2.85443643895309e-02 1.00000000000000e+05 
2.89367719749771e-02 1.00000000000000e+05 
2.93272795183931e-02 1.00000000000000e+05 
2.97163562680860e-02 1.00000000000000e+05 
3.01040792642739e-02 1.00000000000000e+05 
3.04905812557818e-02 1.00000000000000e+05 
3.08768178618062e-02 1.00000000000000e+05 
3.12618985510010e-02 1.00000000000000e+05 
3.16463679335936e-02 1.00000000000000e+05 
3.20314866414969e-02 1.00000000000000e+05 
3.24170239823618e-02 1.00000000000000e+05 
3.28017795100619e-02 1.00000000000000e+05 
3.31873294589163e-02 1.00000000000000e+05 
3.35726038925818e-02 1.00000000000000e+05 
3.39585987411466e-02 1.00000000000000e+05 
3.43462458927178e-02 1.00000000000000e+05 
3.47352685891912e-02 1.00000000000000e+05 
3.51245636734431e-02 1.00000000000000e+05 
3.55147606862047e-02 1.00000000000000e+05 
3.59052702365163e-02 1.00000000000000e+05 
3.62967301432762e-02 1.00000000000000e+05 
3.66895990836982e-02 1.00000000000000e+05 
3.70836212300301e-02 1.00000000000000e+05 
3.74783809640984e-02 1.00000000000000e+05 
3.78749412234428e-02 1.00000000000000e+05 
3.82717957084005e-02 1.00000000000000e+05 
3.86690409435188e-02 1.00000000000000e+05 
3.90673256560566e-02 1.00000000000000e+05 
3.94666873146840e-02 1.00000000000000e+05 
3.98663212640238e-02 1.00000000000000e+05 
4.02667995383463e-02 1.00000000000000e+05 
4.06681295044659e-02 1.00000000000000e+05 
4.10688960066468e-02 1.00000000000000e+05 
4.14691911126689e-02 1.00000000000000e+05 
4.18692570916035e-02 1.00000000000000e+05 
4.22687723644614e-02 1.00000000000000e+05 
4.26678105670126e-02 1.00000000000000e+05 
4.30662939155536e-02 1.00000000000000e+05 
4.34643612565850e-02 1.00000000000000e+05 
4.38622506075721e-02 1.00000000000000e+05 
4.42601952332265e-02 1.00000000000000e+05 
4.46578712737786e-02 1.00000000000000e+05 
4.50553768451537e-02 1.00000000000000e+05 
4.54526681040266e-02 1.00000000000000e+05 
4.58498445375132e-02 1.00000000000000e+05 
4.62471287509896e-02 1.00000000000000e+05 
4.66447351748558e-02 1.00000000000000e+05 
4.70422694173230e-02 1.00000000000000e+05 
4.74398199173862e-02 1.00000000000000e+05 
4.78373030944630e-02 1.00000000000000e+05 
4.82348233361225e-02 1.00000000000000e+05 
4.86325600361735e-02 1.00000000000000e+05 
4.90307136749542e-02 1.00000000000000e+05 
4.94289025009009e-02 1.00000000000000e+05 
4.98271748717350e-02 1.00000000000000e+05 
5.02254410307963e-02 1.00000000000000e+05 
5.06238244625153e-02 1.00000000000000e+05 
5.10224698804422e-02 1.00000000000000e+05 
5.14215574239407e-02 1.00000000000000e+05 
5.18207331965275e-02 1.00000000000000e+05 
5.22200218075215e-02 1.00000000000000e+05 
5.26192932440841e-02 1.00000000000000e+05 
5.30186782337166e-02 1.00000000000000e+05 
5.34183114211729e-02 1.00000000000000e+05 
5.38183696064901e-02 1.00000000000000e+05 
5.42185608530255e-02 1.00000000000000e+05 
5.46189094283101e-02 1.00000000000000e+05 
5.50192640127349e-02 1.00000000000000e+05 
5.54197657970414e-02 1.00000000000000e+05 
5.58205586232375e-02 1.00000000000000e+05 
5.62218223150810e-02 1.00000000000000e+05 
5.66233160027430e-02 1.00000000000000e+05 
5.70250433742803e-02 1.00000000000000e+05 
5.74267394540967e-02 1.00000000000000e+05 
5.78284589819893e-02 1.00000000000000e+05 
5.82304599986451e-02 1.00000000000000e+05 
5.86327565199727e-02 1.00000000000000e+05 
5.90352527675595e-02 1.00000000000000e+05 
5.94378629133920e-02 1.00000000000000e+05 
5.98404369964712e-02 1.00000000000000e+05 
6.02430752180075e-02 1.00000000000000e+05 
6.06460625608338e-02 1.00000000000000e+05 
6.10494089105298e-02 1.00000000000000e+05 
6.14528654582335e-02 1.00000000000000e+05 
6.18565671341514e-02 1.00000000000000e+05 
6.22602607305849e-02 1.00000000000000e+05 
6.26640472127178e-02 1.00000000000000e+05 
6.30682107992259e-02 1.00000000000000e+05 
6.34726836875804e-02 1.00000000000000e+05 
6.38771044208075e-02 1.00000000000000e+05 
6.42817528174313e-02 1.00000000000000e+05 
6.46864469942348e-02 1.00000000000000e+05 
6.50912662742859e-02 1.00000000000000e+05 
6.54964427526977e-02 1.00000000000000e+05 
6.59019563657582e-02 1.00000000000000e+05 
6.63074215447964e-02 1.00000000000000e+05 
6.67130930826780e-02 1.00000000000000e+05 
6.71188348111918e-02 1.00000000000000e+05 
6.75247107952551e-02 1.00000000000000e+05 
6.79304928799065e-02 1.00000000000000e+05 
6.83359498071103e-02 1.00000000000000e+05 
6.87411683726597e-02 1.00000000000000e+05 
6.91463033395154e-02 1.00000000000000e+05 
6.95515146133500e-02 1.00000000000000e+05 
6.99567469033985e-02 1.00000000000000e+05 
7.03619219119060e-02 1.00000000000000e+05 
7.07668342870562e-02 1.00000000000000e+05 
7.11715858802016e-02 1.00000000000000e+05 
7.15763958027563e-02 1.00000000000000e+05 
7.19814284614155e-02 1.00000000000000e+05 
7.23865663167451e-02 1.00000000000000e+05 
7.27917040854178e-02 1.00000000000000e+05 
7.31966266228300e-02 1.00000000000000e+05 
7.36013343044223e-02 1.00000000000000e+05 
7.40060145235964e-02 1.00000000000000e+05 
7.44109643745818e-02 1.00000000000000e+05 
7.48160769351735e-02 1.00000000000000e+05 
7.52213107065572e-02 1.00000000000000e+05 
7.56264393597105e-02 1.00000000000000e+05 
7.60314512460222e-02 1.00000000000000e+05 
7.64365497779894e-02 1.00000000000000e+05 
7.68419978192221e-02 1.00000000000000e+05 
7.72477079918035e-02 1.00000000000000e+05 
7.76536192342342e-02 1.00000000000000e+05 
7.80595175156819e-02 1.00000000000000e+05 
7.84653985223381e-02 1.00000000000000e+05 
7.88713785451736e-02 1.00000000000000e+05 
7.92777325711876e-02 1.00000000000000e+05 
7.96843996779510e-02 1.00000000000000e+05 
8.00912069102360e-02 1.00000000000000e+05 
8.04980394491306e-02 1.00000000000000e+05 
8.09048839525805e-02 1.00000000000000e+05 
8.13117712321593e-02 1.00000000000000e+05 
8.17185260149912e-02 1.00000000000000e+05 
8.21248278959522e-02 1.00000000000000e+05 
8.25307780007673e-02 1.00000000000000e+05 
8.29365320052261e-02 1.00000000000000e+05 
8.33419618773209e-02 1.00000000000000e+05 
8.37470407059915e-02 1.00000000000000e+05 
8.41518857075829e-02 1.00000000000000e+05 
8.45565076463270e-02 1.00000000000000e+05 
8.49610779933311e-02 1.00000000000000e+05 
8.53657146769743e-02 1.00000000000000e+05 
8.57703087342569e-02 1.00000000000000e+05 
8.61749124433884e-02 1.00000000000000e+05 
8.65796521940485e-02 1.00000000000000e+05 
8.69844313751005e-02 1.00000000000000e+05 
8.73894067511878e-02 1.00000000000000e+05 
8.77947579894788e-02 1.00000000000000e+05 
8.82002904403757e-02 1.00000000000000e+05 
8.86060948754555e-02 1.00000000000000e+05 
8.90122749720460e-02 1.00000000000000e+05 
8.94186559465433e-02 1.00000000000000e+05 
8.98255045293247e-02 1.00000000000000e+05 
9.02328306128457e-02 1.00000000000000e+05 
9.06403539865072e-02 1.00000000000000e+05 
9.10482719495447e-02 1.00000000000000e+05 
9.14566546717305e-02 1.00000000000000e+05 
9.18653016660854e-02 1.00000000000000e+05 
9.22744812744384e-02 1.00000000000000e+05 
9.26840294009884e-02 1.00000000000000e+05 
9.30932505564632e-02 1.00000000000000e+05 
9.35023689204356e-02 1.00000000000000e+05 
9.39114993917216e-02 1.00000000000000e+05 
9.43206273321464e-02 1.00000000000000e+05 
9.47297432774252e-02 1.00000000000000e+05 
9.51385266638414e-02 1.00000000000000e+05 
9.55470219991103e-02 1.00000000000000e+05 
9.59552957446107e-02 1.00000000000000e+05 
9.63635577562989e-02 1.00000000000000e+05 
9.67718573515428e-02 1.00000000000000e+05 
9.71801962532807e-02 1.00000000000000e+05 
9.75882765037818e-02 1.00000000000000e+05 
9.79960947386598e-02 1.00000000000000e+05 
9.84037334207103e-02 1.00000000000000e+05 
9.88114238829653e-02 1.00000000000000e+05 
9.92192161207662e-02 1.00000000000000e+05 
9.96270880705258e-02 1.00000000000000e+05 
1.00034778296206e-01 1.00000000000000e+05 
1.00442273876186e-01 1.00000000000000e+05 
1.00849650664226e-01 1.00000000000000e+05 
1.01257134834348e-01 1.00000000000000e+05 
1.01664812833735e-01 1.00000000000000e+05 
1.02072649983439e-01 1.00000000000000e+05 
1.02480388913481e-01 1.00000000000000e+05 
1.02888036789557e-01 1.00000000000000e+05 
1.03295681748802e-01 1.00000000000000e+05 
1.03703529172196e-01 1.00000000000000e+05 
1.04111661839410e-01 1.00000000000000e+05 
1.04520030034546e-01 1.00000000000000e+05 
1.04928403603321e-01 1.00000000000000e+05 
1.05336778052535e-01 1.00000000000000e+05 
1.05745249184387e-01 1.00000000000000e+05 
1.06153991657350e-01 1.00000000000000e+05 
1.06563076174336e-01 1.00000000000000e+05 
1.06972432371605e-01 1.00000000000000e+05 
1.07381975775429e-01 1.00000000000000e+05 
1.07791674265511e-01 1.00000000000000e+05 
1.08201613396205e-01 1.00000000000000e+05 
1.08611980074580e-01 1.00000000000000e+05 
1.09022797733006e-01 1.00000000000000e+05 
1.09434145969858e-01 1.00000000000000e+05 
1.09845978084521e-01 1.00000000000000e+05 
1.10258200921959e-01 1.00000000000000e+05 
1.10670859669865e-01 1.00000000000000e+05 
1.11084032754296e-01 1.00000000000000e+05 
1.11497903404106e-01 1.00000000000000e+05 
1.11912426257888e-01 1.00000000000000e+05 
1.12327485740867e-01 1.00000000000000e+05 
1.12742726274066e-01 1.00000000000000e+05 
1.13157374588170e-01 1.00000000000000e+05 
1.13571707270342e-01 1.00000000000000e+05 
1.13985706154832e-01 1.00000000000000e+05 
1.14399386630980e-01 1.00000000000000e+05 
1.14812902234728e-01 1.00000000000000e+05 
1.15226359343788e-01 1.00000000000000e+05 
1.15639669966988e-01 1.00000000000000e+05 
1.16052965563858e-01 1.00000000000000e+05 
1.16466248678187e-01 1.00000000000000e+05 
1.16879553254683e-01 1.00000000000000e+05 
1.17292948050352e-01 1.00000000000000e+05 
1.17706592512147e-01 1.00000000000000e+05 
1.18120455227298e-01 1.00000000000000e+05 
1.18534654634545e-01 1.00000000000000e+05 
1.18949215472643e-01 1.00000000000000e+05 
1.19364166749465e-01 1.00000000000000e+05 
1.19779516009063e-01 1.00000000000000e+05 
1.20194415554328e-01 1.00000000000000e+05 
1.20608713822330e-01 1.00000000000000e+05 
1.21022574600469e-01 1.00000000000000e+05 
1.21436078688816e-01 1.00000000000000e+05 
1.21849093329265e-01 1.00000000000000e+05 
1.22261523754553e-01 1.00000000000000e+05 
1.22673399749828e-01 1.00000000000000e+05 
1.23084633371860e-01 1.00000000000000e+05 
1.23495464595138e-01 1.00000000000000e+05 
1.23906002841683e-01 1.00000000000000e+05 
1.24316152432728e-01 1.00000000000000e+05 
1.24725799695453e-01 1.00000000000000e+05 
1.25134957620065e-01 1.00000000000000e+05 
1.25543592729339e-01 1.00000000000000e+05 
1.25951978650617e-01 1.00000000000000e+05 
1.26360233214005e-01 1.00000000000000e+05 
1.26768280100152e-01 1.00000000000000e+05 
1.27175999772964e-01 1.00000000000000e+05 
1.27583359419476e-01 1.00000000000000e+05 
1.27990418100383e-01 1.00000000000000e+05 
1.28397400125144e-01 1.00000000000000e+05 
1.28804433771429e-01 1.00000000000000e+05 
1.29211455919314e-01 1.00000000000000e+05 
1.29618278430192e-01 1.00000000000000e+05 
1.30025072069494e-01 1.00000000000000e+05 
1.30431750396527e-01 1.00000000000000e+05 
1.30838485925406e-01 1.00000000000000e+05 
1.31245174738079e-01 1.00000000000000e+05 
1.31651929472521e-01 1.00000000000000e+05 
1.32058599682109e-01 1.00000000000000e+05 
1.32465462703458e-01 1.00000000000000e+05 
1.32872499197699e-01 1.00000000000000e+05 
1.33279665295353e-01 1.00000000000000e+05 
1.33686969954016e-01 1.00000000000000e+05 
1.34094485438450e-01 1.00000000000000e+05 
1.34502114018517e-01 1.00000000000000e+05 
1.34910176597651e-01 1.00000000000000e+05 
1.35318567105058e-01 1.00000000000000e+05 
1.35727249204352e-01 1.00000000000000e+05 
1.36136224035907e-01 1.00000000000000e+05 
1.36545512648909e-01 1.00000000000000e+05 
1.36955057659062e-01 1.00000000000000e+05 
1.37365134843799e-01 1.00000000000000e+05 
1.37775643470921e-01 1.00000000000000e+05 
1.38186538114646e-01 1.00000000000000e+05 
1.38597834886977e-01 1.00000000000000e+05 
1.39009494832843e-01 1.00000000000000e+05 
1.39421502386944e-01 1.00000000000000e+05 
1.39834062098165e-01 1.00000000000000e+05 
1.40247076679840e-01 1.00000000000000e+05 
1.40660533918034e-01 1.00000000000000e+05 
1.41074406104912e-01 1.00000000000000e+05 
1.41488627458891e-01 1.00000000000000e+05 
1.41903191715727e-01 1.00000000000000e+05 
1.42318244356576e-01 1.00000000000000e+05 
1.42733686362279e-01 1.00000000000000e+05 
1.43149535133924e-01 1.00000000000000e+05 
1.43565757359115e-01 1.00000000000000e+05 
1.43982287075769e-01 1.00000000000000e+05 
1.44399128638264e-01 1.00000000000000e+05 
1.44816372395269e-01 1.00000000000000e+05 
1.45233937949791e-01 1.00000000000001e+05 
1.45651867679891e-01 1.00000000000002e+05 
1.46070131531834e-01 1.00000000000003e+05 
1.46488670429383e-01 1.00000000000005e+05 
1.46907483502865e-01 1.00000000000006e+05 
1.47326623645501e-01 1.00000000000010e+05 
1.47746027567957e-01 1.00000000000034e+05 
1.48165721670313e-01 1.00000000024159e+05 
1.48585676498063e-01 1.00000000202150e+05 
1.49005819110198e-01 1.00000000503775e+05 
1.49426144575991e-01 1.00000001114303e+05 
1.49846693957955e-01 1.00000001513044e+05 
1.50267384646528e-01 1.00000002123862e+05 
1.50688227229988e-01 1.00000002982474e+05 
1.51109180687540e-01 1.00000004168892e+05 
1.51530157342398e-01 1.00000005741883e+05 
1.51951136214066e-01 1.00000007841847e+05 
1.52372159654791e-01 1.00000010525901e+05 
1.52793125998103e-01 1.00000013962478e+05 
1.53214052354094e-01 1.00000018417799e+05 
1.53634897052724e-01 1.00000024291241e+05 
1.54055583927357e-01 1.00000032068208e+05 
1.54476080978927e-01 1.00000042464162e+05 
1.54896426999047e-01 1.00000056430078e+05 
1.55316529122459e-01 1.00000075541535e+05 
1.55736451024432e-01 1.00000102052767e+05 
1.56156137725395e-01 1.00000139533612e+05 
1.56575558688305e-01 1.00000192002505e+05 
1.56994651167121e-01 1.00000264585555e+05 
1.57413458550837e-01 1.00000362156826e+05 
1.57831892522445e-01 1.00000491638470e+05 
1.58250073082011e-01 1.00000663320742e+05 
1.58667898828875e-01 1.00000888443225e+05 
1.59085412365452e-01 1.00001177649381e+05 
1.59502530553913e-01 1.00001541139738e+05 
1.59919293868195e-01 1.00001983984217e+05 
1.60335609234185e-01 1.00002518441088e+05 
1.60751632457284e-01 1.00003167038259e+05 
1.61167253243604e-01 1.00003957568094e+05 
1.61582556120226e-01 1.00004921789995e+05 
1.61997457443067e-01 1.00006102677354e+05 
1.62412009028748e-01 1.00007554562337e+05 
1.62826105695565e-01 1.00009398671547e+05 
1.63239947292290e-01 1.00011841599316e+05 
1.63653408474166e-01 1.00015174534553e+05 
1.64066595841183e-01 1.00019792634701e+05 
1.64479427463091e-01 1.00026158069146e+05 
1.64891980019660e-01 1.00034856721273e+05 
1.65304141854370e-01 1.00046662991553e+05 
1.65716141125538e-01 1.00062817683780e+05 
1.66127826803668e-01 1.00084584022842e+05 
1.66539300838271e-01 1.00113596924789e+05 
1.66950470274097e-01 1.00150601854277e+05 
1.67361491218838e-01 1.00196947975684e+05 
1.67772210883208e-01 1.00253797170743e+05 
1.68182874995440e-01 1.00322689762828e+05 
1.68593336499895e-01 1.00403934159725e+05 
1.69003704076561e-01 1.00498717654601e+05 
1.69413879683404e-01 1.00604274014710e+05 
1.69824049001727e-01 1.00718773526373e+05 
1.70234089267139e-01 1.00839777973806e+05 
1.70644188594971e-01 1.00965959941166e+05 
1.71054265362871e-01 1.01092616850113e+05 
1.71464375858733e-01 1.01216158963817e+05 
1.71874457269572e-01 1.01329597311635e+05 
1.72284686335531e-01 1.01429140413242e+05 
1.72694999959318e-01 1.01510592905164e+05 
1.73105523064631e-01 1.01573191794014e+05 
1.73516211491378e-01 1.01610085218216e+05 
1.73927112947448e-01 1.01618027898527e+05 
1.74338181124430e-01 1.01609299304496e+05 
1.74749581702005e-01 1.01594276156957e+05 
1.75161253824895e-01 1.01569417209403e+05 
1.75573315404163e-01 1.01529915351032e+05 
1.75985714542978e-01 1.01477798198149e+05 
1.76398472931145e-01 1.01411280414270e+05 
1.76811555241040e-01 1.01333332419937e+05 
1.77225103739806e-01 1.01246835302624e+05 
1.77639058800951e-01 1.01155276780185e+05 
1.78053508348949e-01 1.01058796491006e+05 
1.78468429783049e-01 1.00959357034995e+05 
1.78883802091175e-01 1.00857640527512e+05 
1.79299566691233e-01 1.00756946285076e+05 
1.79715739998476e-01 1.00658527844494e+05 
1.80132286751420e-01 1.00563133517619e+05 
1.80549218168569e-01 1.00469183903742e+05 
1.80966568112643e-01 1.00378788877140e+05 
1.81384314748195e-01 1.00291636629282e+05 
1.81802431668899e-01 1.00209613495928e+05 
1.82220969410670e-01 1.00132461701281e+05 
1.82639846423277e-01 1.00059958499254e+05 
1.83059092208931e-01 9.99891673291805e+04 
1.83478728706925e-01 9.99221875324934e+04 
1.83898715830221e-01 9.98590514919404e+04 
1.84319021042322e-01 9.98005575663007e+04 
1.84739718250112e-01 9.97460872855271e+04 
1.85160586367685e-01 9.96950332029513e+04 
1.85581367389358e-01 9.96449795207251e+04 
1.86002214857892e-01 9.95976784388068e+04 
1.86423088695040e-01 9.95536067249918e+04 
1.86844045616564e-01 9.95133954342086e+04 
1.87265075489804e-01 9.94767704597285e+04 
1.87686203485234e-01 9.94436130483719e+04 
1.88107282210284e-01 9.94136287601875e+04 
1.88528455014524e-01 9.93884254157385e+04 
1.88949671413665e-01 9.93682171013044e+04 
1.89370979429495e-01 9.93580378226617e+04 
1.89792375500601e-01 9.93540668729201e+04 
1.90213846736825e-01 9.93523226478304e+04 
1.90635292430241e-01 9.93516276704602e+04 
1.91056695586404e-01 9.93544819310865e+04 
1.91478097241366e-01 9.93624783060307e+04 
1.91899515561497e-01 9.93740327858847e+04 
1.92321008291807e-01 9.93889924419193e+04 
1.92742523320925e-01 9.94060394378237e+04 
1.93164023602426e-01 9.94243191610356e+04 
1.93585458915210e-01 9.94433824260627e+04 
1.94006873869155e-01 9.94635482066274e+04 
1.94428284761206e-01 9.94836906570219e+04 
1.94849749896984e-01 9.95032188567806e+04 
1.95271214763723e-01 9.95214199288063e+04 
1.95692681585299e-01 9.95384165252679e+04 
1.96114080260868e-01 9.95538717191160e+04 
1.96535456048752e-01 9.95683312194092e+04 
1.96956797421012e-01 9.95813543749359e+04 
1.97377912620463e-01 9.95927979790542e+04 
1.97798745692398e-01 9.96029021724155e+04 
1.98219386876408e-01 9.96118787480413e+04 
1.98639801527087e-01 9.96194811340118e+04 
1.99059992932308e-01 9.96261326678116e+04 
1.99479883451502e-01 9.96316666661259e+04 
1.99899412786942e-01 9.96360166141379e+04 
2.00318620021090e-01 9.96394402499625e+04 
