# Liste des scalaires : TEMPS pmat 
0.00000000000000e+00 1.00000000000000e+05 
7.22956891292051e-05 1.00000000000000e+05 
1.33479356348257e-04 1.00000000000000e+05 
1.88541061641650e-04 1.00000000000000e+05 
2.46022886118770e-04 1.00000000000000e+05 
3.05920025041197e-04 1.00000000000000e+05 
3.68359787393890e-04 1.00000000000000e+05 
4.27566514589773e-04 1.00000000000000e+05 
4.88874704939773e-04 1.00000000000000e+05 
5.52535496910322e-04 1.00000000000000e+05 
6.18637624844378e-04 1.00000000000000e+05 
6.86657049103644e-04 1.00000000000000e+05 
7.51452230954685e-04 1.00000000000000e+05 
8.19182487412278e-04 1.00000000000000e+05 
8.89550510877173e-04 1.00000000000000e+05 
9.61373931646260e-04 1.00000000000000e+05 
1.03021481394176e-03 1.00000000000000e+05 
1.10097391164712e-03 1.00000000000000e+05 
1.17174104865824e-03 1.00000000000000e+05 
1.24543686421363e-03 1.00000000000000e+05 
1.31984712963269e-03 1.00000000000000e+05 
1.39620217319360e-03 1.00000000000000e+05 
1.47495094846628e-03 1.00000000000000e+05 
1.55638184984336e-03 1.00000000000000e+05 
1.63560315818003e-03 1.00000000000000e+05 
1.71643962533495e-03 1.00000000000000e+05 
1.79841858302555e-03 1.00000000000000e+05 
1.88261303897044e-03 1.00000000000000e+05 
1.96610954036323e-03 1.00000000000000e+05 
2.05090224620149e-03 1.00000000000000e+05 
2.13737727892424e-03 1.00000000000000e+05 
2.22595498083841e-03 1.00000000000000e+05 
2.31631113888533e-03 1.00000000000000e+05 
2.40761617188475e-03 1.00000000000000e+05 
2.50046994567641e-03 1.00000000000000e+05 
2.59546789800030e-03 1.00000000000000e+05 
2.69331821471013e-03 1.00000000000000e+05 
2.79465185440379e-03 1.00000000000000e+05 
2.89716617818079e-03 1.00000000000000e+05 
3.00137734366224e-03 1.00000000000000e+05 
3.10796986660990e-03 1.00000000000000e+05 
3.21787166135567e-03 1.00000000000000e+05 
3.33141996495515e-03 1.00000000000000e+05 
3.44648671872813e-03 1.00000000000000e+05 
3.56265412567660e-03 1.00000000000000e+05 
3.68188349674576e-03 1.00000000000000e+05 
3.80214153703545e-03 1.00000000000000e+05 
3.92859546117656e-03 1.00000000000000e+05 
4.05703409864113e-03 1.00000000000000e+05 
4.18235995723029e-03 1.00000000000000e+05 
4.30154115987928e-03 1.00000000000000e+05 
4.42311742877256e-03 1.00000000000000e+05 
4.54548714758856e-03 1.00000000000000e+05 
4.67427420763315e-03 1.00000000000000e+05 
4.80581702623488e-03 1.00000000000000e+05 
4.94678847816466e-03 1.00000000000000e+05 
5.08677108997377e-03 1.00000000000000e+05 
5.22968605252253e-03 1.00000000000000e+05 
5.36264998986186e-03 1.00000000000000e+05 
5.50240367873145e-03 1.00000000000000e+05 
5.64618121775340e-03 1.00000000000000e+05 
5.79379776085554e-03 1.00000000000000e+05 
5.93643951618409e-03 1.00000000000000e+05 
6.08264923021238e-03 1.00000000000000e+05 
6.21773508801440e-03 1.00000000000000e+05 
6.35936643488914e-03 1.00000000000000e+05 
6.50784494751913e-03 1.00000000000000e+05 
6.65839880813894e-03 1.00000000000000e+05 
6.79303997028915e-03 1.00000000000000e+05 
6.93162569197789e-03 1.00000000000000e+05 
7.06674778766371e-03 1.00000000000000e+05 
7.20566313356404e-03 1.00000000000000e+05 
7.34445833713224e-03 1.00000000000000e+05 
7.48420427721137e-03 1.00000000000000e+05 
7.61879139981644e-03 1.00000000000000e+05 
7.75916810585464e-03 1.00000000000000e+05 
7.89537465496628e-03 1.00000000000000e+05 
8.03664638594937e-03 1.00000000000000e+05 
8.17887237369126e-03 1.00000000000000e+05 
8.32094893905773e-03 1.00000000000000e+05 
8.45741307489374e-03 1.00000000000000e+05 
8.60100274546539e-03 1.00000000000000e+05 
8.73874674817352e-03 1.00000000000000e+05 
8.87784715171210e-03 1.00000000000000e+05 
9.01934410741199e-03 1.00000000000000e+05 
9.16339082071813e-03 1.00000000000000e+05 
9.30165908609019e-03 1.00000000000000e+05 
9.44531875503658e-03 1.00000000000000e+05 
9.58355806419951e-03 1.00000000000000e+05 
9.72839811668741e-03 1.00000000000000e+05 
9.87362848595415e-03 1.00000000000000e+05 
1.00186178033264e-02 1.00000000000000e+05 
1.01611973089451e-02 1.00000000000000e+05 
1.03121875822505e-02 1.00000000000000e+05 
1.04463396735360e-02 1.00000000000000e+05 
1.05861101687501e-02 1.00000000000000e+05 
1.07247799162048e-02 1.00000000000000e+05 
1.08697006430213e-02 1.00000000000000e+05 
1.10056505607261e-02 1.00000000000000e+05 
1.11472805739909e-02 1.00000000000000e+05 
1.12836652388922e-02 1.00000000000000e+05 
1.14264155785392e-02 1.00000000000000e+05 
1.15679739913911e-02 1.00000000000000e+05 
1.17159726049152e-02 1.00000000000000e+05 
1.18542050725796e-02 1.00000000000000e+05 
1.20008206786707e-02 1.00000000000000e+05 
1.21406843379142e-02 1.00000000000000e+05 
1.22901556195474e-02 1.00000000000000e+05 
1.24375496568673e-02 1.00000000000000e+05 
1.25914099131363e-02 1.00000000000000e+05 
1.27343748075744e-02 1.00000000000000e+05 
1.28840466005876e-02 1.00000000000000e+05 
1.30303177806364e-02 1.00000000000000e+05 
1.31839181332574e-02 1.00000000000000e+05 
1.33329962115203e-02 1.00000000000000e+05 
1.34898283581935e-02 1.00000000000000e+05 
1.36350934364141e-02 1.00000000000000e+05 
1.37880362219807e-02 1.00000000000000e+05 
1.39345142279774e-02 1.00000000000000e+05 
1.40898153146895e-02 1.00000000000000e+05 
1.42445889667934e-02 1.00000000000000e+05 
1.44068180026168e-02 1.00000000000000e+05 
1.45571229934864e-02 1.00000000000000e+05 
1.47182700006408e-02 1.00000000000000e+05 
1.48718541090147e-02 1.00000000000000e+05 
1.50339770972867e-02 1.00000000000000e+05 
1.51948768348390e-02 1.00000000000000e+05 
1.53608771208548e-02 1.00000000000000e+05 
1.55177006065605e-02 1.00000000000000e+05 
1.56823604020322e-02 1.00000000000000e+05 
1.58405508000436e-02 1.00000000000000e+05 
1.60064184406588e-02 1.00000000000000e+05 
1.61720237929946e-02 1.00000000000000e+05 
1.63380031031439e-02 1.00000000000000e+05 
1.64801016132905e-02 1.00000000000000e+05 
1.66303409199201e-02 1.00000000000000e+05 
1.67900394108304e-02 1.00000000000000e+05 
1.69565979151823e-02 1.00000000000000e+05 
1.71233483077964e-02 1.00000000000000e+05 
1.72901425843535e-02 1.00000000000000e+05 
1.74358346796654e-02 1.00000000000000e+05 
1.75934385673894e-02 1.00000000000000e+05 
1.77606991101925e-02 1.00000000000000e+05 
1.79174817243477e-02 1.00000000000000e+05 
1.80857973256631e-02 1.00000000000000e+05 
1.82472889080682e-02 1.00000000000000e+05 
1.84119678705797e-02 1.00000000000000e+05 
1.85768912959458e-02 1.00000000000000e+05 
1.87424923658904e-02 1.00000000000000e+05 
1.89135889990905e-02 1.00000000000000e+05 
1.90870411848827e-02 1.00000000000000e+05 
1.92592152691848e-02 1.00000000000000e+05 
1.94284211788430e-02 1.00000000000000e+05 
1.96015376235993e-02 1.00000000000000e+05 
1.97711133634417e-02 1.00000000000000e+05 
1.99468194200860e-02 1.00000000000000e+05 
2.01232690308628e-02 1.00000000000000e+05 
2.03005142706332e-02 1.00000000000000e+05 
2.04744793049566e-02 1.00000000000000e+05 
2.06538225192979e-02 1.00000000000000e+05 
2.08296665989687e-02 1.00000000000000e+05 
2.09926165878478e-02 1.00000000000000e+05 
2.11650245206253e-02 1.00000000000000e+05 
2.13304271762960e-02 1.00000000000000e+05 
2.14911469685902e-02 1.00000000000000e+05 
2.16592583692214e-02 1.00000000000000e+05 
2.18213101538157e-02 1.00000000000000e+05 
2.19889497324235e-02 1.00000000000000e+05 
2.21564847729285e-02 1.00000000000000e+05 
2.23239743252157e-02 1.00000000000000e+05 
2.24894905927342e-02 1.00000000000000e+05 
2.26570132147819e-02 1.00000000000000e+05 
2.28242160172416e-02 1.00000000000000e+05 
2.29915229635944e-02 1.00000000000000e+05 
2.31587649994607e-02 1.00000000000000e+05 
2.33261987875919e-02 1.00000000000000e+05 
2.34938024655424e-02 1.00000000000000e+05 
2.36616539200517e-02 1.00000000000000e+05 
2.38296824715049e-02 1.00000000000000e+05 
2.39978611591442e-02 1.00000000000000e+05 
2.41662473310751e-02 1.00000000000000e+05 
2.43346325174673e-02 1.00000000000000e+05 
2.45030994556568e-02 1.00000000000000e+05 
2.46717853107202e-02 1.00000000000000e+05 
2.48406035814663e-02 1.00000000000000e+05 
2.50096701902098e-02 1.00000000000000e+05 
2.51792084348616e-02 1.00000000000000e+05 
2.53493545239340e-02 1.00000000000000e+05 
2.55202104849796e-02 1.00000000000000e+05 
2.56920042342016e-02 1.00000000000000e+05 
2.58648867217542e-02 1.00000000000000e+05 
2.60391042835157e-02 1.00000000000000e+05 
2.62149118440108e-02 1.00000000000000e+05 
2.63927552306851e-02 1.00000000000000e+05 
2.65720532732329e-02 1.00000000000000e+05 
2.67515419150497e-02 1.00000000000000e+05 
2.69313945044196e-02 1.00000000000000e+05 
2.71118250719569e-02 1.00000000000000e+05 
2.72930244009136e-02 1.00000000000000e+05 
2.74751223566772e-02 1.00000000000000e+05 
2.76386730125780e-02 1.00000000000000e+05 
2.78147597371816e-02 1.00000000000000e+05 
2.79854505932086e-02 1.00000000000000e+05 
2.81723946675002e-02 1.00000000000000e+05 
2.83548235251678e-02 1.00000000000000e+05 
2.85443373065423e-02 1.00000000000000e+05 
2.87206924915964e-02 1.00000000000000e+05 
2.88970986962557e-02 1.00000000000000e+05 
2.90729437403345e-02 1.00000000000000e+05 
2.92596504277439e-02 1.00000000000000e+05 
2.94461835340123e-02 1.00000000000000e+05 
2.96278702407585e-02 1.00000000000000e+05 
2.98095520509351e-02 1.00000000000000e+05 
2.99822597577445e-02 1.00000000000000e+05 
3.01549893512970e-02 1.00000000000000e+05 
3.03270999506629e-02 1.00000000000000e+05 
3.04998041370391e-02 1.00000000000000e+05 
3.06720701550416e-02 1.00000000000000e+05 
3.08448526042965e-02 1.00000000000000e+05 
3.10176966423531e-02 1.00000000000000e+05 
3.11904711704241e-02 1.00000000000000e+05 
3.13634710997944e-02 1.00000000000000e+05 
3.15366389373727e-02 1.00000000000000e+05 
3.17100771527248e-02 1.00000000000000e+05 
3.18835699623127e-02 1.00000000000000e+05 
3.20574074004617e-02 1.00000000000000e+05 
3.22315849490774e-02 1.00000000000000e+05 
3.24067715102114e-02 1.00000000000000e+05 
3.25828188360820e-02 1.00000000000000e+05 
3.27602279282202e-02 1.00000000000000e+05 
3.29390716257516e-02 1.00000000000000e+05 
3.31195159597445e-02 1.00000000000000e+05 
3.33017916909551e-02 1.00000000000000e+05 
3.34871788089066e-02 1.00000000000000e+05 
3.36726510345919e-02 1.00000000000000e+05 
3.38587104482684e-02 1.00000000000000e+05 
3.40454807923518e-02 1.00000000000000e+05 
3.42330615806359e-02 1.00000000000000e+05 
3.44217589114083e-02 1.00000000000000e+05 
3.46113588109193e-02 1.00000000000000e+05 
3.48009340399963e-02 1.00000000000000e+05 
3.49904737757273e-02 1.00000000000000e+05 
3.51799714253238e-02 1.00000000000000e+05 
3.53695134633002e-02 1.00000000000000e+05 
3.55590350522225e-02 1.00000000000000e+05 
3.57485272101319e-02 1.00000000000000e+05 
3.59380276462724e-02 1.00000000000000e+05 
3.61166420417827e-02 1.00000000000000e+05 
3.62951829917494e-02 1.00000000000000e+05 
3.64737738817875e-02 1.00000000000000e+05 
3.66524024704573e-02 1.00000000000000e+05 
3.68311446499264e-02 1.00000000000000e+05 
3.70099795817459e-02 1.00000000000000e+05 
3.71889298442032e-02 1.00000000000000e+05 
3.73677816533008e-02 1.00000000000000e+05 
3.75466431024390e-02 1.00000000000000e+05 
3.77255694684875e-02 1.00000000000000e+05 
3.79047653880300e-02 1.00000000000000e+05 
3.80842530485724e-02 1.00000000000000e+05 
3.82640342184682e-02 1.00000000000000e+05 
3.84439908256463e-02 1.00000000000000e+05 
3.86242439933585e-02 1.00000000000000e+05 
3.88049029882117e-02 1.00000000000000e+05 
3.89861796843474e-02 1.00000000000000e+05 
3.91681481422854e-02 1.00000000000000e+05 
3.93508554921352e-02 1.00000000000000e+05 
3.95344314170616e-02 1.00000000000000e+05 
3.97189432171219e-02 1.00000000000000e+05 
3.99046430214084e-02 1.00000000000000e+05 
4.00917087811779e-02 1.00000000000000e+05 
4.02803312373960e-02 1.00000000000000e+05 
4.04696725219425e-02 1.00000000000000e+05 
4.06506902583763e-02 1.00000000000000e+05 
4.08400614468719e-02 1.00000000000000e+05 
4.10294250707033e-02 1.00000000000000e+05 
4.12187679979642e-02 1.00000000000000e+05 
4.14081129073460e-02 1.00000000000000e+05 
4.15974700435729e-02 1.00000000000000e+05 
4.17868270594852e-02 1.00000000000000e+05 
4.19762221512383e-02 1.00000000000000e+05 
4.21656113443547e-02 1.00000000000000e+05 
4.23549739821384e-02 1.00000000000000e+05 
4.25443250621405e-02 1.00000000000000e+05 
4.27336718165119e-02 1.00000000000000e+05 
4.29230045104106e-02 1.00000000000000e+05 
4.31123485728794e-02 1.00000000000000e+05 
4.33016573939706e-02 1.00000000000000e+05 
4.34909008170003e-02 1.00000000000000e+05 
4.36752479497016e-02 1.00000000000000e+05 
4.38597559764816e-02 1.00000000000000e+05 
4.40443162700984e-02 1.00000000000000e+05 
4.42289786846065e-02 1.00000000000000e+05 
4.44136390828994e-02 1.00000000000000e+05 
4.45983219020070e-02 1.00000000000000e+05 
4.47830518864844e-02 1.00000000000000e+05 
4.49678895982678e-02 1.00000000000000e+05 
4.51527544510429e-02 1.00000000000000e+05 
4.53377152312178e-02 1.00000000000000e+05 
4.55227651977228e-02 1.00000000000000e+05 
4.57079147134461e-02 1.00000000000000e+05 
4.58932265211748e-02 1.00000000000000e+05 
4.60786741729070e-02 1.00000000000000e+05 
4.62642653494857e-02 1.00000000000000e+05 
4.64500689833658e-02 1.00000000000000e+05 
4.66315937201423e-02 1.00000000000000e+05 
4.68182302113993e-02 1.00000000000000e+05 
4.70055784405909e-02 1.00000000000000e+05 
4.71937605561193e-02 1.00000000000000e+05 
4.73782539180203e-02 1.00000000000000e+05 
4.75681832898847e-02 1.00000000000000e+05 
4.77539151741899e-02 1.00000000000000e+05 
4.79439590230228e-02 1.00000000000000e+05 
4.81336799372768e-02 1.00000000000000e+05 
4.83238549156011e-02 1.00000000000000e+05 
4.84875078920824e-02 1.00000000000000e+05 
4.86675261662119e-02 1.00000000000000e+05 
4.88314208862935e-02 1.00000000000000e+05 
4.90100852592324e-02 1.00000000000000e+05 
4.91792775831544e-02 1.00000000000000e+05 
4.93567164166227e-02 1.00000000000000e+05 
4.95441539479366e-02 1.00000000000000e+05 
4.97345850064322e-02 1.00000000000000e+05 
4.99001388076888e-02 1.00000000000000e+05 
5.00772751973532e-02 1.00000000000000e+05 
5.02658466358897e-02 1.00000000000000e+05 
5.04583235870679e-02 1.00000000000000e+05 
5.06188688483483e-02 1.00000000000000e+05 
5.07953719332282e-02 1.00000000000000e+05 
5.09820275220452e-02 1.00000000000000e+05 
5.11743856863197e-02 1.00000000000000e+05 
5.13639580148697e-02 1.00000000000000e+05 
5.15537413089254e-02 1.00000000000000e+05 
5.17436229053250e-02 1.00000000000000e+05 
5.19335618448929e-02 1.00000000000000e+05 
5.21024979523397e-02 1.00000000000000e+05 
5.22801631293897e-02 1.00000000000000e+05 
5.24553446809141e-02 1.00000000000000e+05 
5.26409830639283e-02 1.00000000000000e+05 
5.28134751855681e-02 1.00000000000000e+05 
5.29953476059026e-02 1.00000000000000e+05 
5.31685589810355e-02 1.00000000000000e+05 
5.33523320436996e-02 1.00000000000000e+05 
5.35356125308872e-02 1.00000000000000e+05 
5.37264502991997e-02 1.00000000000000e+05 
5.39048359838040e-02 1.00000000000000e+05 
5.40958989671469e-02 1.00000000000000e+05 
5.42771427947639e-02 1.00000000000000e+05 
5.44691961290621e-02 1.00000000000000e+05 
5.46617556152884e-02 1.00000000000000e+05 
5.48551706920996e-02 1.00000000000000e+05 
5.50471241016491e-02 1.00000000000000e+05 
5.52429726365322e-02 1.00000000000000e+05 
5.54378744363792e-02 1.00000000000000e+05 
5.56345032681185e-02 1.00000000000000e+05 
5.58310489240826e-02 1.00000000000000e+05 
5.60275320484877e-02 1.00000000000001e+05 
5.62239595586114e-02 1.00000000000001e+05 
5.64203684036745e-02 1.00000000000001e+05 
5.66168154304500e-02 1.00000000000002e+05 
5.68132876350437e-02 1.00000000000002e+05 
5.70097788179854e-02 1.00000000000004e+05 
5.72062746482002e-02 1.00000000000005e+05 
5.74027082631970e-02 1.00000000000008e+05 
5.75989314966964e-02 1.00000000000010e+05 
5.77951574384943e-02 1.00000000000012e+05 
5.79912484758063e-02 1.00000000000018e+05 
5.81872820604090e-02 1.00000000000027e+05 
5.83834345392273e-02 1.00000000000040e+05 
5.85800626424597e-02 1.00000000000049e+05 
5.87760360859208e-02 1.00000000000056e+05 
5.89724720093908e-02 1.00000000000062e+05 
5.91686314502703e-02 1.00000000000072e+05 
5.93634039629627e-02 1.00000000000083e+05 
5.95584148171291e-02 1.00000000000094e+05 
5.97534545373983e-02 1.00000000000116e+05 
5.99487066942219e-02 1.00000000000143e+05 
6.01439911342380e-02 1.00000000000886e+05 
6.03393955919889e-02 1.00000000002595e+05 
6.05349509077739e-02 1.00000000005865e+05 
6.07306684936597e-02 1.00000000017580e+05 
6.09265375902658e-02 1.00000000041256e+05 
6.11227167059688e-02 1.00000000080267e+05 
6.13192999754243e-02 1.00000000135400e+05 
6.15164950047467e-02 1.00000000312379e+05 
6.17143369923625e-02 1.00000000512720e+05 
6.19122836327734e-02 1.00000000724756e+05 
6.21101905860902e-02 1.00000001059887e+05 
6.23080628852029e-02 1.00000001408113e+05 
6.25059066629243e-02 1.00000001777899e+05 
6.27036848536489e-02 1.00000001950922e+05 
6.29014426319957e-02 1.00000002161478e+05 
6.30991710452679e-02 1.00000002427724e+05 
6.32969356253344e-02 1.00000002765947e+05 
6.34947125345212e-02 1.00000003189727e+05 
6.36924846226456e-02 1.00000003798489e+05 
6.38902004435282e-02 1.00000004406041e+05 
6.40888445966349e-02 1.00000005126930e+05 
6.42874966965664e-02 1.00000005972688e+05 
6.44861523774013e-02 1.00000006994725e+05 
6.46848467387776e-02 1.00000008227030e+05 
6.48835070498465e-02 1.00000009719008e+05 
6.50821532169035e-02 1.00000011466219e+05 
6.52808296517916e-02 1.00000013499248e+05 
6.54795213399133e-02 1.00000015830638e+05 
6.56782298275280e-02 1.00000018552350e+05 
6.58769824229012e-02 1.00000021715786e+05 
6.60757132045982e-02 1.00000025426781e+05 
6.62744377763222e-02 1.00000029668240e+05 
6.64731972741088e-02 1.00000034496770e+05 
6.66719722575550e-02 1.00000039923206e+05 
6.68707584501445e-02 1.00000046151625e+05 
6.70695780274166e-02 1.00000053281862e+05 
6.72683679023017e-02 1.00000061539057e+05 
6.74671436281633e-02 1.00000070855003e+05 
6.76659400558582e-02 1.00000081344408e+05 
6.78647360010644e-02 1.00000093027274e+05 
6.80635219593144e-02 1.00000106380589e+05 
6.82623224687928e-02 1.00000121638704e+05 
6.84610759334653e-02 1.00000139348340e+05 
6.86598057097380e-02 1.00000159383936e+05 
6.88585518482243e-02 1.00000182083143e+05 
6.90572978358389e-02 1.00000207578110e+05 
6.92560268918454e-02 1.00000237078706e+05 
6.94547590567741e-02 1.00000271238923e+05 
6.96534139824722e-02 1.00000311450809e+05 
6.98520251051269e-02 1.00000357603560e+05 
7.00506480886677e-02 1.00000410651696e+05 
7.02492728893126e-02 1.00000471095434e+05 
7.04478967317839e-02 1.00000541894562e+05 
7.06465370268095e-02 1.00000624665614e+05 
7.08451489227979e-02 1.00000722696609e+05 
7.10437865239013e-02 1.00000835887441e+05 
7.12425066936893e-02 1.00000966417356e+05 
7.14413222567710e-02 1.00001115341526e+05 
7.16402394079488e-02 1.00001289007617e+05 
7.18392586252457e-02 1.00001490546220e+05 
7.20383212745612e-02 1.00001726527703e+05 
7.22374278129397e-02 1.00001996039158e+05 
7.24365843613035e-02 1.00002302655336e+05 
7.26357693831818e-02 1.00002647179750e+05 
7.28349682808563e-02 1.00003041231200e+05 
7.30341723063184e-02 1.00003489061093e+05 
7.32333715368128e-02 1.00004001409641e+05 
7.34325585412756e-02 1.00004573600074e+05 
7.36317298529908e-02 1.00005209287333e+05 
7.38308466070313e-02 1.00005906180755e+05 
7.40298853954122e-02 1.00006682894330e+05 
7.42288820762353e-02 1.00007543073276e+05 
7.44278191552082e-02 1.00008502225418e+05 
7.46267259326045e-02 1.00009546362329e+05 
7.48256224339102e-02 1.00010677523081e+05 
7.50245242896832e-02 1.00011887148920e+05 
7.52234256099478e-02 1.00013206695466e+05 
7.54223574601171e-02 1.00014639711095e+05 
7.56213211805015e-02 1.00016213523782e+05 
7.58203225658890e-02 1.00017900198990e+05 
7.60193631209628e-02 1.00019704622255e+05 
7.62184243977760e-02 1.00021614800177e+05 
7.64174639426718e-02 1.00023696697526e+05 
7.66164806259606e-02 1.00025966069340e+05 
7.68154506081886e-02 1.00028488519478e+05 
7.70143909366806e-02 1.00031227363733e+05 
7.72133194849342e-02 1.00034214428511e+05 
7.74122444646583e-02 1.00037455545960e+05 
7.76111608048768e-02 1.00041107684549e+05 
7.78101011890984e-02 1.00045237160010e+05 
7.80090626327357e-02 1.00050018525276e+05 
7.82080452406316e-02 1.00055426597424e+05 
7.84070485519331e-02 1.00061575559448e+05 
7.86060551611736e-02 1.00068532825269e+05 
7.88050292122980e-02 1.00076666763485e+05 
7.90039826592869e-02 1.00086163449020e+05 
7.92028997086277e-02 1.00097425285308e+05 
7.94017938748572e-02 1.00110453062750e+05 
7.96006767061218e-02 1.00125516093950e+05 
7.97995499460974e-02 1.00142773490385e+05 
7.99984005559126e-02 1.00162947204643e+05 
8.01972585941085e-02 1.00186373712025e+05 
8.03961204038706e-02 1.00213786280895e+05 
8.05949892567531e-02 1.00245149937351e+05 
8.07938696396095e-02 1.00280886999852e+05 
8.09927551652398e-02 1.00321183120084e+05 
8.11916222843348e-02 1.00367159388071e+05 
8.13904916536844e-02 1.00419187436943e+05 
8.15893467483650e-02 1.00478253747985e+05 
8.17881888476136e-02 1.00544002795097e+05 
8.19870241160656e-02 1.00616756930891e+05 
8.21858460211457e-02 1.00696696811294e+05 
8.23846346573169e-02 1.00784327708953e+05 
8.25834166198136e-02 1.00879818880551e+05 
8.27821756994845e-02 1.00984499168684e+05 
8.29809163965235e-02 1.01096998288659e+05 
8.31796504678475e-02 1.01216997803284e+05 
8.33783740158870e-02 1.01343246843521e+05 
8.35770679618162e-02 1.01477459357229e+05 
8.37757624472108e-02 1.01618316051293e+05 
8.39744382926758e-02 1.01765754921357e+05 
8.41731010043394e-02 1.01917681204897e+05 
8.43717644986375e-02 1.02072978646656e+05 
8.45704243716060e-02 1.02230124529975e+05 
8.47690636702413e-02 1.02389110364588e+05 
8.49677130000042e-02 1.02548270582105e+05 
8.51663515208083e-02 1.02706504257458e+05 
8.53649857076338e-02 1.02861555392066e+05 
8.55636313543166e-02 1.03011684849922e+05 
8.57622844224012e-02 1.03155466906518e+05 
8.59609278865754e-02 1.03292254896646e+05 
8.61595907057607e-02 1.03421608938421e+05 
8.63582498299521e-02 1.03540252654265e+05 
8.65569108662144e-02 1.03646163297122e+05 
8.67555908051331e-02 1.03737563365057e+05 
8.69542853448563e-02 1.03828110579960e+05 
8.71529795324630e-02 1.03895787632035e+05 
8.73517054889683e-02 1.03945599387199e+05 
8.75504419086869e-02 1.03980317561766e+05 
8.77491941978154e-02 1.03999797977080e+05 
8.79479779163047e-02 1.03999682544245e+05 
8.81467851126718e-02 1.03991629674021e+05 
8.83455959632463e-02 1.03983709198913e+05 
8.85444439622596e-02 1.03975788384631e+05 
8.87433093752233e-02 1.03963506545119e+05 
8.89421994754389e-02 1.03945735942825e+05 
8.91411316753100e-02 1.03921604390138e+05 
8.93400993628920e-02 1.03890323520477e+05 
8.95390825797255e-02 1.03849379878087e+05 
8.97381133654040e-02 1.03798053210399e+05 
8.99371714519094e-02 1.03736655587806e+05 
9.01362610431270e-02 1.03667739679648e+05 
9.03353990556826e-02 1.03591583075686e+05 
9.05345789727093e-02 1.03508849682422e+05 
9.07337789335830e-02 1.03419273404988e+05 
9.09330312534068e-02 1.03323467669518e+05 
9.11323176948190e-02 1.03220760084802e+05 
9.13316409181657e-02 1.03112594575121e+05 
9.15310182880494e-02 1.03000540694166e+05 
9.17304446690801e-02 1.02887240359976e+05 
9.19298976108888e-02 1.02769319568222e+05 
9.21294085307294e-02 1.02649292947537e+05 
9.23289607502135e-02 1.02526607193116e+05 
9.25285542657369e-02 1.02402674791879e+05 
9.27282065822119e-02 1.02277981170925e+05 
9.29279134002735e-02 1.02153562633351e+05 
9.31276512763183e-02 1.02028820413675e+05 
9.33274510389231e-02 1.01904034269516e+05 
9.35272979943426e-02 1.01778955424513e+05 
9.37271896318864e-02 1.01654552558284e+05 
9.39271433400886e-02 1.01531149084654e+05 
9.41271555279423e-02 1.01409401724930e+05 
9.43272018779479e-02 1.01288454863032e+05 
9.45273120228857e-02 1.01168689351627e+05 
9.47274712220021e-02 1.01049884878320e+05 
9.49276751183641e-02 1.00932731829814e+05 
9.51279408453380e-02 1.00817455964844e+05 
9.53282645046347e-02 1.00704404272322e+05 
9.55286242642017e-02 1.00592829436684e+05 
9.57290476201952e-02 1.00483074248195e+05 
9.59295219237416e-02 1.00375140089360e+05 
9.61300377909601e-02 1.00269502794943e+05 
9.63306150430099e-02 1.00166210328002e+05 
9.65312520188118e-02 1.00065443879375e+05 
9.67319291121567e-02 9.99665883293362e+04 
9.69326696907813e-02 9.98698816406263e+04 
9.71334579347845e-02 9.97754101042679e+04 
9.73342824534988e-02 9.96835497601993e+04 
9.75351639855086e-02 9.95941656632096e+04 
9.77361017817379e-02 9.95073265862269e+04 
9.79370761017508e-02 9.94225403274647e+04 
9.81381109823383e-02 9.93399056641189e+04 
9.83391900726555e-02 9.92597107490137e+04 
9.85403009454692e-02 9.91822538088513e+04 
9.87414646119205e-02 9.91072746635634e+04 
9.89426807946251e-02 9.90348035659129e+04 
9.91439297219385e-02 9.89646265518841e+04 
9.93452356314309e-02 9.88969813054243e+04 
9.95465819942811e-02 9.88323805082012e+04 
9.97479566092065e-02 9.87709760396205e+04 
9.99493725120415e-02 9.87126489957333e+04 
1.00150830034440e-01 9.86575808844423e+04 
1.00352301626302e-01 9.86058528108420e+04 
1.00553789596448e-01 9.85572340195108e+04 
1.00755313183513e-01 9.85131552925731e+04 
1.00956849492712e-01 9.84740014501751e+04 
1.01158416749285e-01 9.84376972808584e+04 
1.01360022487771e-01 9.84045210225428e+04 
1.01561639770311e-01 9.83793319003674e+04 
1.01763271579888e-01 9.83603148944851e+04 
1.01964935227453e-01 9.83473878253954e+04 
1.02166610340774e-01 9.83385419116448e+04 
1.02368315549246e-01 9.83384947095011e+04 
1.02570058445271e-01 9.83377922220015e+04 
1.02771812452141e-01 9.83376422880755e+04 
1.02973580861345e-01 9.83381634531910e+04 
1.03175376785855e-01 9.83409718982466e+04 
1.03377179251885e-01 9.83457973796060e+04 
1.03579005185491e-01 9.83526686733664e+04 
1.03780860333026e-01 9.83621686143368e+04 
1.03982716419231e-01 9.83747300065067e+04 
1.04184577927684e-01 9.83907174782384e+04 
1.04386454887913e-01 9.84100461696303e+04 
1.04588330314002e-01 9.84315985031953e+04 
1.04790223483394e-01 9.84555783310674e+04 
1.04992144033289e-01 9.84809700545122e+04 
1.05194071385758e-01 9.85084982023307e+04 
1.05396015515302e-01 9.85370809256325e+04 
1.05597993506571e-01 9.85674820714032e+04 
1.05799989124283e-01 9.85991216199765e+04 
1.06002019033646e-01 9.86314961425513e+04 
1.06204091532306e-01 9.86632934416833e+04 
1.06406181601618e-01 9.86959517843603e+04 
1.06608290009336e-01 9.87280572162996e+04 
1.06810423422746e-01 9.87603950613326e+04 
1.07012565051520e-01 9.87919124284641e+04 
1.07214731450438e-01 9.88222551993913e+04 
1.07416932712453e-01 9.88508978634376e+04 
1.07619148249245e-01 9.88777736641253e+04 
1.07821378979609e-01 9.89026619364700e+04 
1.08023631723357e-01 9.89260862471538e+04 
1.08225887015501e-01 9.89479640652881e+04 
1.08428157842844e-01 9.89677972794976e+04 
1.08630450431806e-01 9.89852289037447e+04 
1.08832742994078e-01 9.90018798124141e+04 
1.09035040119712e-01 9.90173015170715e+04 
1.09237349652425e-01 9.90319014836583e+04 
1.09439656291518e-01 9.90452131358628e+04 
1.09641974020255e-01 9.90572423309681e+04 
1.09844308877441e-01 9.90673899901679e+04 
1.10046639938379e-01 9.90763105593316e+04 
1.10248972559544e-01 9.90833593238530e+04 
1.10451313395781e-01 9.90888548413709e+04 
1.10653648413495e-01 9.90926945173792e+04 
1.10855991922862e-01 9.90948755344477e+04 
1.11058349479775e-01 9.90951845586623e+04 
1.11260700379570e-01 9.90938032664076e+04 
1.11463050317219e-01 9.90906262606772e+04 
1.11665404735668e-01 9.90858640943719e+04 
1.11867750530990e-01 9.90796148683923e+04 
1.12070102278455e-01 9.90721244046840e+04 
1.12272465101023e-01 9.90632851560308e+04 
1.12474818239981e-01 9.90534385779445e+04 
1.12677168155060e-01 9.90426847570499e+04 
1.12879519017059e-01 9.90311373234812e+04 
1.13081858824295e-01 9.90190692596171e+04 
1.13284202461910e-01 9.90066678991520e+04 
1.13486554699446e-01 9.89939981668045e+04 
1.13688894463900e-01 9.89813169043576e+04 
1.13891229151667e-01 9.89686640637919e+04 
1.14093561452421e-01 9.89560886393661e+04 
1.14295887658650e-01 9.89437779916453e+04 
1.14498215907164e-01 9.89318940196337e+04 
1.14700550549628e-01 9.89203751950190e+04 
1.14902870173032e-01 9.89094160507106e+04 
1.15105187414493e-01 9.88988880266121e+04 
1.15307506124741e-01 9.88889606737424e+04 
1.15509834458397e-01 9.88796729183487e+04 
1.15712171598546e-01 9.88711235210386e+04 
1.15914516013680e-01 9.88630794389880e+04 
1.16116852980861e-01 9.88559212371934e+04 
1.16319203002794e-01 9.88493276126292e+04 
1.16521569612448e-01 9.88433927603841e+04 
1.16723959069445e-01 9.88380393844099e+04 
1.16926370862826e-01 9.88334891496784e+04 
1.17128803101101e-01 9.88296567126385e+04 
1.17331241873710e-01 9.88266226863866e+04 
1.17533706378354e-01 9.88245612228899e+04 
1.17736199890042e-01 9.88233569373503e+04 
1.17938727774282e-01 9.88222362901193e+04 
1.18141289155708e-01 9.88229356222327e+04 
1.18343881516944e-01 9.88249629205464e+04 
1.18546492008584e-01 9.88283389061363e+04 
1.18749139904984e-01 9.88329428998721e+04 
1.18951828103523e-01 9.88388812128836e+04 
1.19154560935647e-01 9.88454536269360e+04 
1.19357338188980e-01 9.88525198939899e+04 
1.19560157228143e-01 9.88600711088842e+04 
1.19763005923112e-01 9.88681664500518e+04 
1.19965902312396e-01 9.88771297565823e+04 
1.20168847908075e-01 9.88868027285564e+04 
1.20371844817534e-01 9.88971818750733e+04 
1.20574893070920e-01 9.89084001607852e+04 
1.20777989470190e-01 9.89203847689330e+04 
1.20981121640499e-01 9.89330071394928e+04 
1.21184306021081e-01 9.89463805669284e+04 
1.21387542443150e-01 9.89601611511923e+04 
1.21590831007783e-01 9.89742860996529e+04 
1.21794172468708e-01 9.89889587328431e+04 
1.21997563526932e-01 9.90042105063061e+04 
1.22200978908396e-01 9.90197654978775e+04 
1.22404406695994e-01 9.90358188753791e+04 
1.22607815023330e-01 9.90519470162247e+04 
1.22811200720104e-01 9.90680970011753e+04 
1.23014588645829e-01 9.90844074747834e+04 
1.23217975259741e-01 9.91009111276249e+04 
1.23421351422486e-01 9.91174206076285e+04 
1.23624743420797e-01 9.91340095577560e+04 
1.23828119878178e-01 9.91503571541213e+04 
1.24031476831562e-01 9.91664979254783e+04 
1.24234839117328e-01 9.91825967781009e+04 
1.24438203119895e-01 9.91987298560117e+04 
1.24641561401787e-01 9.92146581017486e+04 
1.24844938824485e-01 9.92307268729190e+04 
1.25048305070470e-01 9.92466367712432e+04 
1.25251654900017e-01 9.92624125560423e+04 
1.25455012762577e-01 9.92782602391743e+04 
1.25658375102870e-01 9.92941766222796e+04 
1.25861735283230e-01 9.93100501905400e+04 
1.26065116660375e-01 9.93258848275448e+04 
1.26268491060609e-01 9.93414416656337e+04 
1.26471852090361e-01 9.93567536690062e+04 
1.26675223401214e-01 9.93719756606017e+04 
1.26878601606153e-01 9.93873375470216e+04 
1.27081980972336e-01 9.94026482959762e+04 
1.27285382543857e-01 9.94178218779739e+04 
1.27488780431813e-01 9.94327486512877e+04 
1.27692167006313e-01 9.94476483522422e+04 
1.27895564399422e-01 9.94626327279088e+04 
1.28098969939651e-01 9.94777719650489e+04 
1.28302378205971e-01 9.94930174972552e+04 
1.28505807532441e-01 9.95087762088269e+04 
1.28709234781250e-01 9.95247445769636e+04 
1.28912651319831e-01 9.95411978772693e+04 
1.29116077777541e-01 9.95582758795959e+04 
1.29319511919526e-01 9.95762863794825e+04 
1.29522947974095e-01 9.95948871463690e+04 
1.29726402291214e-01 9.96142034349192e+04 
1.29929854706091e-01 9.96339845600158e+04 
1.30133296865917e-01 9.96546232108141e+04 
1.30336748002298e-01 9.96762932444813e+04 
1.30540206176405e-01 9.96991702334668e+04 
1.30743665500315e-01 9.97230110088801e+04 
1.30947139494979e-01 9.97479176341998e+04 
1.31150610675596e-01 9.97737748118148e+04 
1.31354069943175e-01 9.98008513888782e+04 
1.31557535235812e-01 9.98292226165049e+04 
1.31761005593147e-01 9.98588741919518e+04 
1.31964475120045e-01 9.98898198324745e+04 
1.32167955512320e-01 9.99218026157807e+04 
1.32371431876362e-01 9.99547540823788e+04 
1.32574895268011e-01 9.99888768686486e+04 
1.32778361329660e-01 1.00024151554186e+05 
1.32981830082053e-01 1.00060727264201e+05 
1.33185295895641e-01 1.00098550775356e+05 
1.33388768863439e-01 1.00137308929114e+05 
1.33592236855116e-01 1.00176775145710e+05 
1.33795691080377e-01 1.00217211238669e+05 
1.33999145072354e-01 1.00258422444899e+05 
1.34202599481037e-01 1.00300175227372e+05 
1.34406048246481e-01 1.00342990812323e+05 
1.34609500891721e-01 1.00386378857927e+05 
1.34812946385459e-01 1.00429705476743e+05 
1.35016376723680e-01 1.00473133803888e+05 
1.35219804483749e-01 1.00516568552979e+05 
1.35423230173261e-01 1.00559990816432e+05 
1.35626647484532e-01 1.00603369591551e+05 
1.35830066146901e-01 1.00645890307089e+05 
1.36033474877402e-01 1.00687622730292e+05 
1.36236867046973e-01 1.00728776097672e+05 
1.36440254969722e-01 1.00769168539441e+05 
1.36643638485210e-01 1.00808641282448e+05 
1.36847011252915e-01 1.00847305704375e+05 
1.37050383448350e-01 1.00884051454661e+05 
1.37253742687939e-01 1.00919114799538e+05 
1.37457083573050e-01 1.00952701486081e+05 
1.37660419753063e-01 1.00984542142414e+05 
1.37863748179868e-01 1.01014547291481e+05 
1.38067064151406e-01 1.01042571559087e+05 
1.38270378235782e-01 1.01068190101912e+05 
1.38473675568461e-01 1.01091228231710e+05 
1.38676952121680e-01 1.01111993176624e+05 
1.38880223058349e-01 1.01130338488866e+05 
1.39083483861783e-01 1.01146081341934e+05 
1.39286730253152e-01 1.01159461881362e+05 
1.39489973367333e-01 1.01170221090760e+05 
1.39693196758515e-01 1.01179522681418e+05 
1.39896398232478e-01 1.01185582914927e+05 
1.40099593394290e-01 1.01188799817062e+05 
1.40302777476610e-01 1.01189790950342e+05 
1.40505947095638e-01 1.01189300083752e+05 
1.40709115290099e-01 1.01186461897158e+05 
1.40912263833859e-01 1.01182698755741e+05 
1.41115390253061e-01 1.01179131757977e+05 
1.41318509279916e-01 1.01175217504871e+05 
1.41521617222403e-01 1.01170613629446e+05 
1.41724709123080e-01 1.01164750301827e+05 
1.41927799241227e-01 1.01157389285133e+05 
1.42130868392734e-01 1.01148386241595e+05 
1.42333914321155e-01 1.01138061712852e+05 
1.42536951850471e-01 1.01126161134194e+05 
1.42739977787244e-01 1.01112598899605e+05 
1.42942987313453e-01 1.01097720740562e+05 
1.43146001019551e-01 1.01080973488177e+05 
1.43349002564862e-01 1.01062737271240e+05 
1.43551995205086e-01 1.01043294384774e+05 
1.43755000390548e-01 1.01022172456213e+05 
1.43958019666145e-01 1.00999219801691e+05 
1.44161053944529e-01 1.00975279853197e+05 
1.44364133740696e-01 1.00949567062003e+05 
1.44567242045275e-01 1.00922493303068e+05 
1.44770387440429e-01 1.00894774563709e+05 
1.44973605621042e-01 1.00866036096026e+05 
1.45176902846086e-01 1.00836237757486e+05 
1.45380283154518e-01 1.00806002127692e+05 
1.45583804462210e-01 1.00774610251802e+05 
1.45787440433677e-01 1.00741985263836e+05 
1.45991209728217e-01 1.00708854249054e+05 
1.46195195026850e-01 1.00675649105226e+05 
1.46399402089578e-01 1.00642553577172e+05 
1.46603820069513e-01 1.00609644370042e+05 
1.46808407689468e-01 1.00576413053570e+05 
1.47012980193524e-01 1.00542867784321e+05 
1.47217533883880e-01 1.00509611132796e+05 
1.47422093922133e-01 1.00476384778065e+05 
1.47626658245325e-01 1.00443143860839e+05 
1.47831206228974e-01 1.00410023476497e+05 
1.48035745639662e-01 1.00376420444132e+05 
1.48240269933944e-01 1.00342578849177e+05 
1.48444773036829e-01 1.00309177283409e+05 
1.48649279094131e-01 1.00275947986679e+05 
1.48853786720769e-01 1.00242929235965e+05 
1.49058275727310e-01 1.00210491626677e+05 
1.49262754104611e-01 1.00178045389621e+05 
1.49467216067284e-01 1.00145832583473e+05 
1.49671654144199e-01 1.00114584041318e+05 
1.49876092543985e-01 1.00083258712792e+05 
1.50080529993102e-01 1.00053316594544e+05 
1.50284947206337e-01 1.00024343540682e+05 
1.50489352575755e-01 9.99959980309060e+04 
1.50693740172751e-01 9.99680430367607e+04 
1.50898103273674e-01 9.99417685394851e+04 
1.51102465609726e-01 9.99164593040170e+04 
1.51306826337669e-01 9.98923251155372e+04 
1.51511165666471e-01 9.98692412175349e+04 
1.51715492597763e-01 9.98469121705797e+04 
1.51919801349145e-01 9.98255012595632e+04 
1.52124085507246e-01 9.98055694958143e+04 
1.52328369171262e-01 9.97867794737652e+04 
1.52532651958613e-01 9.97681198108428e+04 
1.52736913672917e-01 9.97512921698408e+04 
1.52941163728650e-01 9.97353848664108e+04 
1.53145396347063e-01 9.97204308178432e+04 
1.53349605223675e-01 9.97066768661546e+04 
1.53553814902767e-01 9.96941915669611e+04 
1.53758025081750e-01 9.96821473142064e+04 
1.53962215562226e-01 9.96715181506430e+04 
1.54166395998343e-01 9.96618312885605e+04 
1.54370561005545e-01 9.96526331783177e+04 
1.54574704072253e-01 9.96439634352919e+04 
1.54778850385181e-01 9.96366192310647e+04 
1.54982999844678e-01 9.96297175431328e+04 
1.55187132123285e-01 9.96240393579838e+04 
1.55391257413403e-01 9.96186956876049e+04 
1.55595369881547e-01 9.96137826955022e+04 
1.55799463420105e-01 9.96092756253708e+04 
1.56003564406174e-01 9.96060341937565e+04 
1.56207672051207e-01 9.96028954087761e+04 
1.56411766126669e-01 9.96006128632436e+04 
1.56615857764895e-01 9.95985367093477e+04 
1.56819939146844e-01 9.95967085763862e+04 
1.57024005372107e-01 9.95952477477475e+04 
1.57228086184907e-01 9.95942151878332e+04 
1.57432176986459e-01 9.95931321785053e+04 
1.57636258212414e-01 9.95924301242400e+04 
1.57840329762934e-01 9.95917236440976e+04 
1.58044373539483e-01 9.95910530827878e+04 
1.58248404546366e-01 9.95905910726925e+04 
1.58452464552414e-01 9.95902539208483e+04 
1.58656541414593e-01 9.95896920342236e+04 
1.58860640833114e-01 9.95894835418174e+04 
1.59064763892004e-01 9.95892013908212e+04 
1.59268893313447e-01 9.95888605993959e+04 
1.59473020665385e-01 9.95882413283251e+04 
1.59677169810031e-01 9.95883084632582e+04 
1.59881342428438e-01 9.95876563027225e+04 
1.60085520693821e-01 9.95875297510199e+04 
1.60289718979131e-01 9.95877940467437e+04 
1.60493921160302e-01 9.95872635268072e+04 
1.60698122944418e-01 9.95870736897943e+04 
1.60902345330522e-01 9.95868104193997e+04 
1.61106590789799e-01 9.95864998858347e+04 
1.61310843884481e-01 9.95865853148621e+04 
1.61515117307742e-01 9.95863675731437e+04 
1.61719397304730e-01 9.95856851696596e+04 
1.61923679175521e-01 9.95850821793983e+04 
1.62127982981001e-01 9.95844350496009e+04 
1.62332311217025e-01 9.95838792900348e+04 
1.62536649292009e-01 9.95835364890642e+04 
1.62741009411692e-01 9.95828654854483e+04 
1.62945379480782e-01 9.95817599111773e+04 
1.63149756677240e-01 9.95807454959202e+04 
1.63354158526140e-01 9.95796675595537e+04 
1.63558587653613e-01 9.95787535871471e+04 
1.63763030840404e-01 9.95780119177540e+04 
1.63967498672698e-01 9.95770590659010e+04 
1.64171982087851e-01 9.95757937486065e+04 
1.64376477983645e-01 9.95747408669231e+04 
1.64581001161406e-01 9.95739379731054e+04 
1.64785554518586e-01 9.95731081319576e+04 
1.64990125500176e-01 9.95727628824414e+04 
1.65194723598167e-01 9.95723779930775e+04 
1.65399340069849e-01 9.95718033192062e+04 
1.65603970702260e-01 9.95712979911779e+04 
1.65808622936302e-01 9.95709954407024e+04 
1.66013290119406e-01 9.95705624360015e+04 
1.66221312701993e-01 9.95705532364603e+04 
1.66429348711065e-01 9.95703946153323e+04 
1.66637392227513e-01 9.95701093337270e+04 
1.66845445294436e-01 9.95699162747346e+04 
1.67053525134259e-01 9.95697340979274e+04 
1.67261644918692e-01 9.95691895257519e+04 
1.67469804106366e-01 9.95691991494619e+04 
1.67678000965811e-01 9.95689863169340e+04 
1.67886234264429e-01 9.95685338882642e+04 
1.68094492075575e-01 9.95682185338909e+04 
1.68302780332313e-01 9.95680215942278e+04 
1.68511102600012e-01 9.95677125107727e+04 
1.68719452763597e-01 9.95678685668505e+04 
1.68927831974053e-01 9.95679489166939e+04 
1.69136240931917e-01 9.95678534289070e+04 
1.69344671594286e-01 9.95680426277035e+04 
1.69553131373193e-01 9.95684954829192e+04 
1.69761624511834e-01 9.95690329450648e+04 
1.69970144574828e-01 9.95701099422757e+04 
1.70178693310363e-01 9.95712764818655e+04 
1.70387266765679e-01 9.95722687267045e+04 
1.70595857412215e-01 9.95736102902537e+04 
1.70804469931195e-01 9.95753228996799e+04 
1.71013105226920e-01 9.95771898060768e+04 
1.71221754552360e-01 9.95796782304892e+04 
1.71430428481010e-01 9.95822926831788e+04 
1.71639128488256e-01 9.95848590147887e+04 
1.71847855960376e-01 9.95877567290252e+04 
1.72056617991238e-01 9.95910355408040e+04 
1.72265418782362e-01 9.95943104159173e+04 
1.72474248607885e-01 9.95982086318307e+04 
1.72683111783273e-01 9.96022787955576e+04 
1.72892004976111e-01 9.96063007853933e+04 
1.73100921113028e-01 9.96106591392576e+04 
1.73309864219427e-01 9.96156304500795e+04 
1.73518839329053e-01 9.96207065520362e+04 
1.73727835771948e-01 9.96271352099869e+04 
1.73936861360312e-01 9.96331685616785e+04 
1.74145913698799e-01 9.96388842274562e+04 
1.74354986054654e-01 9.96446640773689e+04 
1.74564081078261e-01 9.96506130798500e+04 
1.74773201129508e-01 9.96561829577565e+04 
1.74982338215294e-01 9.96624288627136e+04 
1.75191499617262e-01 9.96685895729743e+04 
1.75400684591703e-01 9.96746472678696e+04 
1.75609891399724e-01 9.96811523355461e+04 
1.75819116623625e-01 9.96881322890039e+04 
1.76028365818976e-01 9.96950588676045e+04 
1.76237630801690e-01 9.97029024816701e+04 
1.76446919587503e-01 9.97110865192476e+04 
1.76656229697188e-01 9.97195424887282e+04 
1.76865559682738e-01 9.97283536243077e+04 
1.77074907391456e-01 9.97380107280479e+04 
1.77284277102147e-01 9.97482610611264e+04 
1.77493660378724e-01 9.97593647439630e+04 
1.77703065239635e-01 9.97705375612951e+04 
1.77912487512822e-01 9.97817573146057e+04 
1.78121925500021e-01 9.97931469039958e+04 
1.78331378018719e-01 9.98051515068215e+04 
1.78540848822010e-01 9.98171691164423e+04 
1.78750329014910e-01 9.98299707395568e+04 
1.78959826760463e-01 9.98430401680769e+04 
1.79169336953645e-01 9.98562352432936e+04 
1.79378857973411e-01 9.98700459301218e+04 
1.79588389893999e-01 9.98846099749259e+04 
1.79797936113245e-01 9.98994613171923e+04 
1.80007486689715e-01 9.99152551509882e+04 
1.80217050980327e-01 9.99314155175393e+04 
1.80426622658004e-01 9.99478709574791e+04 
1.80636200617486e-01 9.99646830517210e+04 
1.80845786437557e-01 9.99822197231867e+04 
1.81055383573358e-01 9.99998915532210e+04 
1.81264981796255e-01 1.00018397048966e+05 
1.81474590585145e-01 1.00037324806802e+05 
1.81684203756664e-01 1.00055995617907e+05 
1.81893819847618e-01 1.00075127305675e+05 
1.82103441359163e-01 1.00094737469814e+05 
1.82313071786152e-01 1.00114547075908e+05 
1.82522700865710e-01 1.00134847343057e+05 
1.82732337946980e-01 1.00154964740530e+05 
1.82941976804889e-01 1.00174721988600e+05 
1.83151615889603e-01 1.00194516518206e+05 
1.83361258028612e-01 1.00214213398759e+05 
1.83570907046871e-01 1.00233462314243e+05 
1.83780552691211e-01 1.00252955711273e+05 
1.83990203894353e-01 1.00271966133538e+05 
1.84199855336835e-01 1.00290129888043e+05 
1.84409505117920e-01 1.00307857252412e+05 
1.84619155805389e-01 1.00325535498347e+05 
1.84828812051879e-01 1.00342900180566e+05 
1.85038463553069e-01 1.00360249124077e+05 
1.85248118782512e-01 1.00376725183868e+05 
1.85457773461258e-01 1.00392376880339e+05 
1.85667425743424e-01 1.00407607885983e+05 
1.85877077930574e-01 1.00422605252757e+05 
1.86086735154974e-01 1.00436664706935e+05 
1.86296387407537e-01 1.00450609906008e+05 
1.86506043031189e-01 1.00464022194328e+05 
1.86715698495994e-01 1.00475845809115e+05 
1.86925351903230e-01 1.00487999361744e+05 
1.87135005234543e-01 1.00499136316432e+05 
1.87344663604299e-01 1.00508740633344e+05 
1.87554317324477e-01 1.00517740620113e+05 
1.87763974775891e-01 1.00525773875270e+05 
1.87973632665286e-01 1.00532280605860e+05 
1.88183288997988e-01 1.00537813940014e+05 
1.88392945871211e-01 1.00543019804491e+05 
1.88602608288285e-01 1.00546656438114e+05 
1.88812266895593e-01 1.00550322715974e+05 
1.89021929706415e-01 1.00552783460068e+05 
1.89231593390335e-01 1.00553801154415e+05 
1.89441255449817e-01 1.00553157707020e+05 
1.89650918172856e-01 1.00552443783030e+05 
1.89860585931199e-01 1.00551360581101e+05 
1.90070249605977e-01 1.00550544253633e+05 
1.90279917269983e-01 1.00549383570387e+05 
1.90489585285067e-01 1.00547483814425e+05 
1.90699250943334e-01 1.00545364350447e+05 
1.90908916701479e-01 1.00543065989961e+05 
1.91118586513023e-01 1.00540596176341e+05 
1.91328251387569e-01 1.00537871591031e+05 
1.91537919320407e-01 1.00534214285857e+05 
1.91747586328507e-01 1.00529394850857e+05 
1.91957249560718e-01 1.00524132523605e+05 
1.92166911692481e-01 1.00518715226625e+05 
1.92376576309329e-01 1.00511630545667e+05 
1.92586234296134e-01 1.00504312196296e+05 
1.92795893824644e-01 1.00495700423590e+05 
1.93005550680089e-01 1.00486100128477e+05 
1.93215202543384e-01 1.00476134214444e+05 
1.93424852360425e-01 1.00465606048154e+05 
1.93634503354688e-01 1.00453996787497e+05 
1.93844146306647e-01 1.00442459579202e+05 
1.94053789609203e-01 1.00429691059102e+05 
1.94263428885559e-01 1.00415972837058e+05 
1.94473062208029e-01 1.00402058436888e+05 
1.94682692823972e-01 1.00387609837383e+05 
1.94892323724945e-01 1.00372172590355e+05 
1.95101945507318e-01 1.00356840564466e+05 
1.95311566615047e-01 1.00340616466187e+05 
1.95521182529512e-01 1.00323824369606e+05 
1.95730791631736e-01 1.00306984303480e+05 
1.95940397478689e-01 1.00289968138133e+05 
1.96150002677866e-01 1.00272186150577e+05 
1.96359597701021e-01 1.00254861290564e+05 
1.96569190938981e-01 1.00237118514136e+05 
1.96778777524241e-01 1.00218981566843e+05 
1.96988356211098e-01 1.00201152606566e+05 
1.97197930763400e-01 1.00183621460552e+05 
1.97407503335262e-01 1.00166420182416e+05 
1.97617064185148e-01 1.00149592234138e+05 
1.97826621541979e-01 1.00132879790494e+05 
1.98036170233897e-01 1.00115945454388e+05 
1.98245709350490e-01 1.00099437650858e+05 
1.98455242801939e-01 1.00083401774662e+05 
1.98664772505592e-01 1.00067465303577e+05 
1.98874288528975e-01 1.00052272889512e+05 
1.99083798965872e-01 1.00037227629565e+05 
1.99293298533780e-01 1.00022054586335e+05 
1.99502786381133e-01 1.00007449522914e+05 
1.99712266543123e-01 9.99933804950164e+04 
1.99921740634639e-01 9.99793776105472e+04 
2.00131198383156e-01 9.99661086923481e+04 
