# Liste des scalaires : TEMPS pmat 
0.00000000000000e+00 1.00000000000000e+05 
7.22956891292051e-05 1.00000000000000e+05 
1.32794119776641e-04 1.00000000000000e+05 
1.87621029354382e-04 1.00000000000000e+05 
2.44743088909017e-04 1.00000000000000e+05 
3.01388259304225e-04 1.00000000000000e+05 
3.57648912190782e-04 1.00000000000000e+05 
4.14681158193872e-04 1.00000000000000e+05 
4.72980272690578e-04 1.00000000000000e+05 
5.33523136613811e-04 1.00000000000000e+05 
5.93177546073335e-04 1.00000000000000e+05 
6.54270496331075e-04 1.00000000000000e+05 
7.17020755940171e-04 1.00000000000000e+05 
7.81919596344391e-04 1.00000000000000e+05 
8.46593089079591e-04 1.00000000000000e+05 
9.13740928592560e-04 1.00000000000000e+05 
9.80917972345423e-04 1.00000000000000e+05 
1.05035286649292e-03 1.00000000000000e+05 
1.12169036594838e-03 1.00000000000000e+05 
1.19337852293177e-03 1.00000000000000e+05 
1.26754388671317e-03 1.00000000000000e+05 
1.34138920996222e-03 1.00000000000000e+05 
1.41729410342011e-03 1.00000000000000e+05 
1.49559256099750e-03 1.00000000000000e+05 
1.57502452260341e-03 1.00000000000000e+05 
1.65632853907519e-03 1.00000000000000e+05 
1.73955218537451e-03 1.00000000000000e+05 
1.82211416312044e-03 1.00000000000000e+05 
1.90647312593078e-03 1.00000000000000e+05 
1.99293062807282e-03 1.00000000000000e+05 
2.08164608217340e-03 1.00000000000000e+05 
2.17274071816788e-03 1.00000000000000e+05 
2.26618838174355e-03 1.00000000000000e+05 
2.35988975747447e-03 1.00000000000000e+05 
2.45556000471197e-03 1.00000000000000e+05 
2.55339965676594e-03 1.00000000000000e+05 
2.65356555470465e-03 1.00000000000000e+05 
2.75635088255761e-03 1.00000000000000e+05 
2.86186778532831e-03 1.00000000000000e+05 
2.97035391134479e-03 1.00000000000000e+05 
3.07914088550782e-03 1.00000000000000e+05 
3.18570846403272e-03 1.00000000000000e+05 
3.29438017977449e-03 1.00000000000000e+05 
3.40395918523708e-03 1.00000000000000e+05 
3.51530302291065e-03 1.00000000000000e+05 
3.62843507525419e-03 1.00000000000000e+05 
3.74332662984307e-03 1.00000000000000e+05 
3.86014851490756e-03 1.00000000000000e+05 
3.97897109438339e-03 1.00000000000000e+05 
4.09987816239252e-03 1.00000000000000e+05 
4.22281300095881e-03 1.00000000000000e+05 
4.34774503983156e-03 1.00000000000000e+05 
4.47484559783054e-03 1.00000000000000e+05 
4.60412821554645e-03 1.00000000000000e+05 
4.73164041358019e-03 1.00000000000000e+05 
4.85610125618851e-03 1.00000000000000e+05 
4.98169092255423e-03 1.00000000000000e+05 
5.10857679106174e-03 1.00000000000000e+05 
5.23664948918901e-03 1.00000000000000e+05 
5.36607955699909e-03 1.00000000000000e+05 
5.49647950681662e-03 1.00000000000000e+05 
5.62803074736493e-03 1.00000000000000e+05 
5.76074126735765e-03 1.00000000000000e+05 
5.89455820117481e-03 1.00000000000000e+05 
6.02972815666949e-03 1.00000000000000e+05 
6.16608623737645e-03 1.00000000000000e+05 
6.30344896282893e-03 1.00000000000000e+05 
6.44192802196386e-03 1.00000000000000e+05 
6.57932597777020e-03 1.00000000000000e+05 
6.71830074447973e-03 1.00000000000000e+05 
6.85598737770703e-03 1.00000000000000e+05 
6.99654684561365e-03 1.00000000000000e+05 
7.13798323098037e-03 1.00000000000000e+05 
7.28027270906495e-03 1.00000000000000e+05 
7.41913743703022e-03 1.00000000000000e+05 
7.56056923236149e-03 1.00000000000000e+05 
7.69964019283833e-03 1.00000000000000e+05 
7.84010830849293e-03 1.00000000000000e+05 
7.98311488966143e-03 1.00000000000000e+05 
8.12573428702446e-03 1.00000000000000e+05 
8.26528455399804e-03 1.00000000000000e+05 
8.40671727292367e-03 1.00000000000000e+05 
8.54674092412406e-03 1.00000000000000e+05 
8.68735111369943e-03 1.00000000000000e+05 
8.83114302125606e-03 1.00000000000000e+05 
8.97509340202510e-03 1.00000000000000e+05 
9.11080099959229e-03 1.00000000000000e+05 
9.24960313549571e-03 1.00000000000000e+05 
9.38580687781158e-03 1.00000000000000e+05 
9.52376163348315e-03 1.00000000000000e+05 
9.66465210314756e-03 1.00000000000000e+05 
9.80592086553489e-03 1.00000000000000e+05 
9.94366343495022e-03 1.00000000000000e+05 
1.00840355545933e-02 1.00000000000000e+05 
1.02217371093859e-02 1.00000000000000e+05 
1.03605197143824e-02 1.00000000000000e+05 
1.05030663598532e-02 1.00000000000000e+05 
1.06454907214038e-02 1.00000000000000e+05 
1.07835097585493e-02 1.00000000000000e+05 
1.09245392154776e-02 1.00000000000000e+05 
1.10631514955977e-02 1.00000000000000e+05 
1.12028341988743e-02 1.00000000000000e+05 
1.13452426158475e-02 1.00000000000000e+05 
1.14883243910745e-02 1.00000000000000e+05 
1.16281829441953e-02 1.00000000000000e+05 
1.17697996820440e-02 1.00000000000000e+05 
1.19102820980492e-02 1.00000000000000e+05 
1.20536085277479e-02 1.00000000000000e+05 
1.21967546121639e-02 1.00000000000000e+05 
1.23396238644679e-02 1.00000000000000e+05 
1.24788795523656e-02 1.00000000000000e+05 
1.26200911136395e-02 1.00000000000000e+05 
1.27602131098149e-02 1.00000000000000e+05 
1.29023923773329e-02 1.00000000000000e+05 
1.30475744173788e-02 1.00000000000000e+05 
1.31918983223460e-02 1.00000000000000e+05 
1.33325542680953e-02 1.00000000000000e+05 
1.34780064091064e-02 1.00000000000000e+05 
1.36203613537051e-02 1.00000000000000e+05 
1.37661688327865e-02 1.00000000000000e+05 
1.39128042791283e-02 1.00000000000000e+05 
1.40592880409173e-02 1.00000000000000e+05 
1.42030090779856e-02 1.00000000000000e+05 
1.43500471084844e-02 1.00000000000000e+05 
1.44978429876964e-02 1.00000000000000e+05 
1.46455826957917e-02 1.00000000000000e+05 
1.47935350721563e-02 1.00000000000000e+05 
1.49419497344779e-02 1.00000000000000e+05 
1.50889762375909e-02 1.00000000000000e+05 
1.52374179726321e-02 1.00000000000000e+05 
1.53860333313093e-02 1.00000000000000e+05 
1.55346963791175e-02 1.00000000000000e+05 
1.56834556737083e-02 1.00000000000000e+05 
1.58322809662747e-02 1.00000000000000e+05 
1.59811949067355e-02 1.00000000000000e+05 
1.61293953639704e-02 1.00000000000000e+05 
1.62771597450096e-02 1.00000000000000e+05 
1.64247175688730e-02 1.00000000000000e+05 
1.65723001092385e-02 1.00000000000000e+05 
1.67192993847390e-02 1.00000000000000e+05 
1.68661542940437e-02 1.00000000000000e+05 
1.70125060093442e-02 1.00000000000000e+05 
1.71593289030061e-02 1.00000000000000e+05 
1.73065417632099e-02 1.00000000000000e+05 
1.74542447088290e-02 1.00000000000000e+05 
1.76025150999360e-02 1.00000000000000e+05 
1.77513467332074e-02 1.00000000000000e+05 
1.79009208811898e-02 1.00000000000000e+05 
1.80512549852565e-02 1.00000000000000e+05 
1.82010389744242e-02 1.00000000000000e+05 
1.83509499414451e-02 1.00000000000000e+05 
1.85009458261360e-02 1.00000000000000e+05 
1.86489117396398e-02 1.00000000000000e+05 
1.87972876917017e-02 1.00000000000000e+05 
1.89460893374770e-02 1.00000000000000e+05 
1.90952901834212e-02 1.00000000000000e+05 
1.92451205929350e-02 1.00000000000000e+05 
1.93950468797654e-02 1.00000000000000e+05 
1.95427499141176e-02 1.00000000000000e+05 
1.96908749356335e-02 1.00000000000000e+05 
1.98392915483315e-02 1.00000000000000e+05 
1.99871297601408e-02 1.00000000000000e+05 
2.01343856210458e-02 1.00000000000000e+05 
2.02817572297563e-02 1.00000000000000e+05 
2.04278744720142e-02 1.00000000000000e+05 
2.05750125771586e-02 1.00000000000000e+05 
2.07234540174505e-02 1.00000000000000e+05 
2.08731961965442e-02 1.00000000000000e+05 
2.10238101063874e-02 1.00000000000000e+05 
2.11756167421642e-02 1.00000000000000e+05 
2.13283957739945e-02 1.00000000000000e+05 
2.14814989902861e-02 1.00000000000000e+05 
2.16355462966164e-02 1.00000000000000e+05 
2.17907546706580e-02 1.00000000000000e+05 
2.19451949925279e-02 1.00000000000000e+05 
2.21010183554667e-02 1.00000000000000e+05 
2.22527476528337e-02 1.00000000000000e+05 
2.24055818830276e-02 1.00000000000000e+05 
2.25626565096706e-02 1.00000000000000e+05 
2.27199733082868e-02 1.00000000000000e+05 
2.28722622003785e-02 1.00000000000000e+05 
2.30274685665391e-02 1.00000000000000e+05 
2.31828249330147e-02 1.00000000000000e+05 
2.33369624532602e-02 1.00000000000000e+05 
2.34957701942694e-02 1.00000000000000e+05 
2.36546768963721e-02 1.00000000000000e+05 
2.38112913572073e-02 1.00000000000000e+05 
2.39705661130619e-02 1.00000000000000e+05 
2.41284467625776e-02 1.00000000000000e+05 
2.42872274073413e-02 1.00000000000000e+05 
2.44457746134499e-02 1.00000000000000e+05 
2.46041500423636e-02 1.00000000000000e+05 
2.47627120513755e-02 1.00000000000000e+05 
2.49216007322437e-02 1.00000000000000e+05 
2.50808667329562e-02 1.00000000000000e+05 
2.52405817037635e-02 1.00000000000000e+05 
2.54006176994201e-02 1.00000000000000e+05 
2.55609775605057e-02 1.00000000000000e+05 
2.57218018706670e-02 1.00000000000000e+05 
2.58825600256177e-02 1.00000000000000e+05 
2.60432502054601e-02 1.00000000000000e+05 
2.62038996534974e-02 1.00000000000000e+05 
2.63644359755043e-02 1.00000000000000e+05 
2.65248560327341e-02 1.00000000000000e+05 
2.66851368848874e-02 1.00000000000000e+05 
2.68455578238307e-02 1.00000000000000e+05 
2.70060646155840e-02 1.00000000000000e+05 
2.71666897740824e-02 1.00000000000000e+05 
2.73269801355054e-02 1.00000000000000e+05 
2.74875777148103e-02 1.00000000000000e+05 
2.76481259226516e-02 1.00000000000000e+05 
2.78086093803852e-02 1.00000000000000e+05 
2.79683197792470e-02 1.00000000000000e+05 
2.81288130615661e-02 1.00000000000000e+05 
2.82882356505303e-02 1.00000000000000e+05 
2.84484248305643e-02 1.00000000000000e+05 
2.86086386280957e-02 1.00000000000000e+05 
2.87688628109601e-02 1.00000000000000e+05 
2.89276915629001e-02 1.00000000000000e+05 
2.90879221346904e-02 1.00000000000000e+05 
2.92465449721734e-02 1.00000000000000e+05 
2.94073774925192e-02 1.00000000000000e+05 
2.95685999902505e-02 1.00000000000000e+05 
2.97300787827668e-02 1.00000000000000e+05 
2.98885932261855e-02 1.00000000000000e+05 
3.00488473593839e-02 1.00000000000000e+05 
3.02075382845625e-02 1.00000000000000e+05 
3.03684970406930e-02 1.00000000000000e+05 
3.05315760001643e-02 1.00000000000000e+05 
3.06950006790788e-02 1.00000000000000e+05 
3.08543716726203e-02 1.00000000000000e+05 
3.10162297028792e-02 1.00000000000000e+05 
3.11763516829310e-02 1.00000000000000e+05 
3.13395474064315e-02 1.00000000000000e+05 
3.15034915157669e-02 1.00000000000000e+05 
3.16673069610748e-02 1.00000000000000e+05 
3.18298501250478e-02 1.00000000000000e+05 
3.19933134296528e-02 1.00000000000000e+05 
3.21566511091815e-02 1.00000000000000e+05 
3.23201598224017e-02 1.00000000000000e+05 
3.24838759569898e-02 1.00000000000000e+05 
3.26479517861745e-02 1.00000000000000e+05 
3.28123999007425e-02 1.00000000000000e+05 
3.29772662538195e-02 1.00000000000000e+05 
3.31424937755571e-02 1.00000000000000e+05 
3.33079139996560e-02 1.00000000000000e+05 
3.34736709408553e-02 1.00000000000000e+05 
3.36397391038510e-02 1.00000000000000e+05 
3.38063897597627e-02 1.00000000000000e+05 
3.39738411649586e-02 1.00000000000000e+05 
3.41415446516746e-02 1.00000000000000e+05 
3.43088175469973e-02 1.00000000000000e+05 
3.44758353929098e-02 1.00000000000000e+05 
3.46428747296402e-02 1.00000000000000e+05 
3.48099132228782e-02 1.00000000000000e+05 
3.49770580984412e-02 1.00000000000000e+05 
3.51442167233491e-02 1.00000000000000e+05 
3.53110505198488e-02 1.00000000000000e+05 
3.54780344440109e-02 1.00000000000000e+05 
3.56449473180553e-02 1.00000000000000e+05 
3.58116910925018e-02 1.00000000000000e+05 
3.59783253477882e-02 1.00000000000000e+05 
3.61448189994497e-02 1.00000000000000e+05 
3.63112127145943e-02 1.00000000000000e+05 
3.64775676713266e-02 1.00000000000000e+05 
3.66439492054560e-02 1.00000000000000e+05 
3.68102989616497e-02 1.00000000000000e+05 
3.69766870580309e-02 1.00000000000000e+05 
3.71431442533211e-02 1.00000000000000e+05 
3.73097624025746e-02 1.00000000000000e+05 
3.74764959121655e-02 1.00000000000000e+05 
3.76434696877224e-02 1.00000000000000e+05 
3.78106574171097e-02 1.00000000000000e+05 
3.79781135943614e-02 1.00000000000000e+05 
3.81446673938122e-02 1.00000000000000e+05 
3.83123334681306e-02 1.00000000000000e+05 
3.84800780497641e-02 1.00000000000000e+05 
3.86481049148025e-02 1.00000000000000e+05 
3.88162091334805e-02 1.00000000000000e+05 
3.89848483456686e-02 1.00000000000000e+05 
3.91538659958507e-02 1.00000000000000e+05 
3.93225783091132e-02 1.00000000000000e+05 
3.94910307725887e-02 1.00000000000000e+05 
3.96594729480654e-02 1.00000000000000e+05 
3.98279428851257e-02 1.00000000000000e+05 
3.99965982976310e-02 1.00000000000000e+05 
4.01654211856320e-02 1.00000000000000e+05 
4.03342753072932e-02 1.00000000000000e+05 
4.05032186928574e-02 1.00000000000000e+05 
4.06727159094857e-02 1.00000000000000e+05 
4.08426636224994e-02 1.00000000000000e+05 
4.10130931715438e-02 1.00000000000000e+05 
4.11839476533040e-02 1.00000000000000e+05 
4.13551670435594e-02 1.00000000000000e+05 
4.15264272337421e-02 1.00000000000000e+05 
4.16977526807836e-02 1.00000000000000e+05 
4.18691413986635e-02 1.00000000000000e+05 
4.20405146863452e-02 1.00000000000000e+05 
4.22118985648606e-02 1.00000000000000e+05 
4.23832300250785e-02 1.00000000000000e+05 
4.25544015188105e-02 1.00000000000000e+05 
4.27256377178058e-02 1.00000000000000e+05 
4.28968973921060e-02 1.00000000000000e+05 
4.30683131977365e-02 1.00000000000000e+05 
4.32399260415047e-02 1.00000000000000e+05 
4.34115479598288e-02 1.00000000000000e+05 
4.35832141451956e-02 1.00000000000000e+05 
4.37549833995703e-02 1.00000000000000e+05 
4.39268663019913e-02 1.00000000000000e+05 
4.40988570351897e-02 1.00000000000000e+05 
4.42710203246694e-02 1.00000000000000e+05 
4.44432816916691e-02 1.00000000000000e+05 
4.46156282653691e-02 1.00000000000000e+05 
4.47880822183295e-02 1.00000000000000e+05 
4.49606735195663e-02 1.00000000000000e+05 
4.51334154428608e-02 1.00000000000000e+05 
4.53064984716998e-02 1.00000000000000e+05 
4.54798381356432e-02 1.00000000000000e+05 
4.56534090895662e-02 1.00000000000000e+05 
4.58273022951398e-02 1.00000000000000e+05 
4.60015301735339e-02 1.00000000000000e+05 
4.61760119740855e-02 1.00000000000000e+05 
4.63509758884630e-02 1.00000000000000e+05 
4.65263259977040e-02 1.00000000000000e+05 
4.67021283440996e-02 1.00000000000000e+05 
4.68786381314467e-02 1.00000000000000e+05 
4.70559697957816e-02 1.00000000000000e+05 
4.72341847078420e-02 1.00000000000000e+05 
4.74133422701419e-02 1.00000000000000e+05 
4.75933981084158e-02 1.00000000000000e+05 
4.77738653586512e-02 1.00000000000000e+05 
4.79543121664218e-02 1.00000000000000e+05 
4.81316106392813e-02 1.00000000000000e+05 
4.83118296529615e-02 1.00000000000000e+05 
4.84905206604538e-02 1.00000000000000e+05 
4.86704431375883e-02 1.00000000000000e+05 
4.88502651900099e-02 1.00000000000000e+05 
4.90299992596582e-02 1.00000000000000e+05 
4.92096594111593e-02 1.00000000000000e+05 
4.93892805055607e-02 1.00000000000000e+05 
4.95688530149803e-02 1.00000000000000e+05 
4.97483732742631e-02 1.00000000000000e+05 
4.99279713040303e-02 1.00000000000000e+05 
5.01076395949741e-02 1.00000000000000e+05 
5.02875267711777e-02 1.00000000000000e+05 
5.04675797709174e-02 1.00000000000000e+05 
5.06477426353634e-02 1.00000000000000e+05 
5.08279814070401e-02 1.00000000000000e+05 
5.10083885165762e-02 1.00000000000000e+05 
5.11889752509487e-02 1.00000000000000e+05 
5.13698538092549e-02 1.00000000000000e+05 
5.15510868000574e-02 1.00000000000000e+05 
5.17324617822109e-02 1.00000000000000e+05 
5.19140291200912e-02 1.00000000000000e+05 
5.20958520076975e-02 1.00000000000000e+05 
5.22779893986038e-02 1.00000000000000e+05 
5.24605172596571e-02 1.00000000000000e+05 
5.26435696624620e-02 1.00000000000000e+05 
5.28273263708702e-02 1.00000000000000e+05 
5.30119736390462e-02 1.00000000000000e+05 
5.31975295317826e-02 1.00000000000000e+05 
5.33839683154531e-02 1.00000000000000e+05 
5.35712422078080e-02 1.00000000000000e+05 
5.37596232528567e-02 1.00000000000000e+05 
5.39489202828206e-02 1.00000000000000e+05 
5.41396188110405e-02 1.00000000000000e+05 
5.43317427498540e-02 1.00000000000000e+05 
5.45254622742145e-02 1.00000000000000e+05 
5.47054008430952e-02 1.00000000000000e+05 
5.49004564588407e-02 1.00000000000000e+05 
5.50880290356429e-02 1.00000000000000e+05 
5.52830487494388e-02 1.00000000000000e+05 
5.54782027706892e-02 1.00000000000000e+05 
5.56732135159961e-02 1.00000000000000e+05 
5.58683447498040e-02 1.00000000000000e+05 
5.60637558515512e-02 1.00000000000000e+05 
5.62594243027719e-02 1.00000000000000e+05 
5.64554349840900e-02 1.00000000000000e+05 
5.66519427524426e-02 1.00000000000000e+05 
5.68488951688236e-02 1.00000000000000e+05 
5.70463948825100e-02 1.00000000000000e+05 
5.72444029991158e-02 1.00000000000000e+05 
5.74428774244413e-02 1.00000000000000e+05 
5.76418326835790e-02 1.00000000000000e+05 
5.78412984688429e-02 1.00000000000000e+05 
5.80412720161391e-02 1.00000000000000e+05 
5.82419468872045e-02 1.00000000000000e+05 
5.84430616080075e-02 1.00000000000000e+05 
5.86441723643444e-02 1.00000000000000e+05 
5.88453287574004e-02 1.00000000000000e+05 
5.90465135652072e-02 1.00000000000000e+05 
5.92477080161204e-02 1.00000000000000e+05 
5.94489097715199e-02 1.00000000000000e+05 
5.96501175508301e-02 1.00000000000000e+05 
5.98513446678670e-02 1.00000000000000e+05 
6.00526165056262e-02 1.00000000000000e+05 
6.02539119799032e-02 1.00000000000000e+05 
6.04552250994007e-02 1.00000000000000e+05 
6.06565464587786e-02 1.00000000000000e+05 
6.08578601908789e-02 1.00000000000000e+05 
6.10592003766732e-02 1.00000000000000e+05 
6.12526871760486e-02 1.00000000000000e+05 
6.14540542996098e-02 1.00000000000000e+05 
6.16518617304168e-02 1.00000000000000e+05 
6.18455142954976e-02 1.00000000000000e+05 
6.20423302374518e-02 1.00000000000000e+05 
6.22373978107832e-02 1.00000000000000e+05 
6.24361114284347e-02 1.00000000000000e+05 
6.26375142872467e-02 1.00000000000000e+05 
6.28389174363714e-02 1.00000000000000e+05 
6.30374574140978e-02 1.00000000000000e+05 
6.32389385947836e-02 1.00000000000000e+05 
6.34391894155932e-02 1.00000000000000e+05 
6.36407307551320e-02 1.00000000000000e+05 
6.38423498391379e-02 1.00000000000000e+05 
6.40440211001559e-02 1.00000000000000e+05 
6.42457495177268e-02 1.00000000000000e+05 
6.44475314879596e-02 1.00000000000000e+05 
6.46493537965677e-02 1.00000000000000e+05 
6.48512393399848e-02 1.00000000000000e+05 
6.50532069660210e-02 1.00000000000000e+05 
6.52552430421222e-02 1.00000000000000e+05 
6.54573537584016e-02 1.00000000000000e+05 
6.56595236379946e-02 1.00000000000000e+05 
6.58617406036887e-02 1.00000000000000e+05 
6.60640133985608e-02 1.00000000000000e+05 
6.62663454714753e-02 1.00000000000000e+05 
6.64687300000259e-02 1.00000000000000e+05 
6.66711711130662e-02 1.00000000000000e+05 
6.68736604144747e-02 1.00000000000000e+05 
6.70762023097273e-02 1.00000000000000e+05 
6.72788140766207e-02 1.00000000000000e+05 
6.74815049475557e-02 1.00000000000000e+05 
6.76842760316604e-02 1.00000000000000e+05 
6.78871437060529e-02 1.00000000000000e+05 
6.80900809914047e-02 1.00000000000000e+05 
6.82931018054959e-02 1.00000000000000e+05 
6.84962106436427e-02 1.00000000000000e+05 
6.86994067509689e-02 1.00000000000000e+05 
6.89026816404562e-02 1.00000000000000e+05 
6.91060333717645e-02 1.00000000000000e+05 
6.93094512082983e-02 1.00000000000000e+05 
6.95129303536381e-02 1.00000000000000e+05 
6.97164800087276e-02 1.00000000000000e+05 
6.99201049862784e-02 1.00000000000000e+05 
7.01238040518267e-02 1.00000000000000e+05 
7.03275847640036e-02 1.00000000000000e+05 
7.05314391139159e-02 1.00000000000000e+05 
7.07353633429131e-02 1.00000000000000e+05 
7.09393616779166e-02 1.00000000000000e+05 
7.11434354133919e-02 1.00000000000000e+05 
7.13475810397104e-02 1.00000000000000e+05 
7.15518016767831e-02 1.00000000000000e+05 
7.17560921217074e-02 1.00000000000000e+05 
7.19604556439508e-02 1.00000000000000e+05 
7.21649110038117e-02 1.00000000000000e+05 
7.23694645532472e-02 1.00000000000000e+05 
7.25741476101958e-02 1.00000000000000e+05 
7.27787668371929e-02 1.00000000000000e+05 
7.29835084615364e-02 1.00000000000000e+05 
7.31883505703489e-02 1.00000000000000e+05 
7.33932095965788e-02 1.00000000000000e+05 
7.35981032743981e-02 1.00000000000000e+05 
7.38030510825231e-02 1.00000000000000e+05 
7.40080479086248e-02 1.00000000000000e+05 
7.42131251136166e-02 1.00000000000000e+05 
7.44182836916309e-02 1.00000000000000e+05 
7.46235324560934e-02 1.00000000000000e+05 
7.48288348026452e-02 1.00000000000000e+05 
7.50342032879144e-02 1.00000000000000e+05 
7.52396392811091e-02 1.00000000000000e+05 
7.54451327751978e-02 1.00000000000000e+05 
7.56507034363508e-02 1.00000000000000e+05 
7.58562626103546e-02 1.00000000000000e+05 
7.60619451256943e-02 1.00000000000000e+05 
7.62676089772862e-02 1.00000000000000e+05 
7.64733526211409e-02 1.00000000000000e+05 
7.66791574549151e-02 1.00000000000000e+05 
7.68849681006208e-02 1.00000000000000e+05 
7.70908012706973e-02 1.00000000000000e+05 
7.72967016421230e-02 1.00000000000000e+05 
7.75026250840928e-02 1.00000000000000e+05 
7.77086124310218e-02 1.00000000000000e+05 
7.79146583252971e-02 1.00000000000000e+05 
7.81207381085815e-02 1.00000000000000e+05 
7.83268618646167e-02 1.00000000000000e+05 
7.85330614560365e-02 1.00000000000000e+05 
7.87393147623273e-02 1.00000000000000e+05 
7.89456489619860e-02 1.00000000000000e+05 
7.91520634709331e-02 1.00000000000000e+05 
7.93585357713739e-02 1.00000000000000e+05 
7.95650659328096e-02 1.00000000000000e+05 
7.97716689414640e-02 1.00000000000000e+05 
7.99783411188487e-02 1.00000000000000e+05 
8.01851063984336e-02 1.00000000000000e+05 
8.03919761217247e-02 1.00000000000000e+05 
8.05989628040573e-02 1.00000000000000e+05 
8.08060952424560e-02 1.00000000000000e+05 
8.10133869972133e-02 1.00000000000000e+05 
8.12208550483394e-02 1.00000000000000e+05 
8.14285002224931e-02 1.00000000000000e+05 
8.16362194445129e-02 1.00000000000000e+05 
8.18440065010165e-02 1.00000000000000e+05 
8.20518809633757e-02 1.00000000000000e+05 
8.22598109548261e-02 1.00000000000000e+05 
8.24677957954702e-02 1.00000000000000e+05 
8.26758365945418e-02 1.00000000000000e+05 
8.28839194154877e-02 1.00000000000000e+05 
8.30920605306475e-02 1.00000000000000e+05 
8.33002795440958e-02 1.00000000000000e+05 
8.35085583300370e-02 1.00000000000000e+05 
8.37168907556150e-02 1.00000000000000e+05 
8.39252848765571e-02 1.00000000000000e+05 
8.41337241734703e-02 1.00000000000000e+05 
8.43291306624803e-02 1.00000000000000e+05 
8.45376838750779e-02 1.00000000000000e+05 
8.47462865115835e-02 1.00000000000000e+05 
8.49549356403916e-02 1.00000000000000e+05 
8.51636448036658e-02 1.00000000000000e+05 
8.53723952075092e-02 1.00000000000000e+05 
8.55812001016269e-02 1.00000000000000e+05 
8.57900702549878e-02 1.00000000000000e+05 
8.59992069973139e-02 1.00000000000000e+05 
8.62083656491348e-02 1.00000000000001e+05 
8.64174573188983e-02 1.00000000000001e+05 
8.66266134983297e-02 1.00000000000002e+05 
8.68357526797042e-02 1.00000000000002e+05 
8.70449153523696e-02 1.00000000000003e+05 
8.72541053121943e-02 1.00000000000007e+05 
8.74633419244999e-02 1.00000000000014e+05 
8.76726199121413e-02 1.00000000000018e+05 
8.78819774729026e-02 1.00000000000020e+05 
8.80914270726673e-02 1.00000000000021e+05 
8.83009010833884e-02 1.00000000000024e+05 
8.85103585209835e-02 1.00000000000027e+05 
8.87198732584947e-02 1.00000000000030e+05 
8.89293908715267e-02 1.00000000000037e+05 
8.91389700746809e-02 1.00000000000535e+05 
8.93485895301648e-02 1.00000000002031e+05 
8.95582891918648e-02 1.00000000005015e+05 
8.97681576767933e-02 1.00000000023868e+05 
8.99780269434382e-02 1.00000000068654e+05 
9.01879920891679e-02 1.00000000149717e+05 
9.03979297374897e-02 1.00000000408477e+05 
9.06078826053916e-02 1.00000000787813e+05 
9.08178532569894e-02 1.00000001303470e+05 
9.10278382642464e-02 1.00000001841013e+05 
9.12378653456371e-02 1.00000002311442e+05 
9.14479750885658e-02 1.00000002577263e+05 
9.16581335902138e-02 1.00000002935206e+05 
9.18683574712992e-02 1.00000003387210e+05 
9.20786276884399e-02 1.00000003916018e+05 
9.22889184440125e-02 1.00000004556582e+05 
9.24992346631207e-02 1.00000005343009e+05 
9.27095948473349e-02 1.00000006320188e+05 
9.29199710827678e-02 1.00000007539309e+05 
9.31303945015827e-02 1.00000009037948e+05 
9.33408645200514e-02 1.00000010849688e+05 
9.35513668897687e-02 1.00000013019900e+05 
9.37619095786723e-02 1.00000015601323e+05 
9.39725088094573e-02 1.00000018644435e+05 
9.41831367317355e-02 1.00000022232239e+05 
9.43938116217601e-02 1.00000026428363e+05 
9.46045213499168e-02 1.00000031286745e+05 
9.48152467217278e-02 1.00000036889525e+05 
9.50259918461685e-02 1.00000043327867e+05 
9.52367705681527e-02 1.00000050677465e+05 
9.54475595147842e-02 1.00000059123255e+05 
9.56583816202982e-02 1.00000068786041e+05 
9.58692408991731e-02 1.00000079776780e+05 
9.60801153236206e-02 1.00000092321248e+05 
9.62909718039644e-02 1.00000106703319e+05 
9.65018835422021e-02 1.00000123214178e+05 
9.67128158866373e-02 1.00000142497849e+05 
9.69237363648898e-02 1.00000165116035e+05 
9.71346642626171e-02 1.00000191672388e+05 
9.73456310373658e-02 1.00000223194538e+05 
9.75565982397480e-02 1.00000260923685e+05 
9.77675952728781e-02 1.00000306331480e+05 
9.79786268436410e-02 1.00000361779031e+05 
9.81897347294284e-02 1.00000429684961e+05 
9.84009466939517e-02 1.00000512420040e+05 
9.86121715642359e-02 1.00000613439039e+05 
9.88234180827973e-02 1.00000736501849e+05 
9.90347041935564e-02 1.00000886334923e+05 
9.92460119920290e-02 1.00001069027090e+05 
9.94573631302097e-02 1.00001290747573e+05 
9.96687643869209e-02 1.00001556554377e+05 
9.98802049165263e-02 1.00001873518552e+05 
1.00091689800806e-01 1.00002248198702e+05 
1.00303233440272e-01 1.00002688836216e+05 
1.00514809325648e-01 1.00003204917982e+05 
1.00726432048285e-01 1.00003804389800e+05 
1.00938104386111e-01 1.00004490733647e+05 
1.01149812007157e-01 1.00005270171914e+05 
1.01361559182076e-01 1.00006146814535e+05 
1.01573361719739e-01 1.00007124501353e+05 
1.01785200669592e-01 1.00008210941264e+05 
1.01997102174514e-01 1.00009406182820e+05 
1.02209067424382e-01 1.00010701687055e+05 
1.02421062868025e-01 1.00012096703875e+05 
1.02633080949836e-01 1.00013592014634e+05 
1.02845139142099e-01 1.00015184024628e+05 
1.03057197828022e-01 1.00016892454868e+05 
1.03269283071390e-01 1.00018728199777e+05 
1.03481408099518e-01 1.00020696305851e+05 
1.03693552988904e-01 1.00022838175528e+05 
1.03905726566144e-01 1.00025212821837e+05 
1.04117950295664e-01 1.00027923177104e+05 
1.04330187241329e-01 1.00031131219039e+05 
1.04542460220035e-01 1.00035061164818e+05 
1.04754773063958e-01 1.00039916502604e+05 
1.04967099207039e-01 1.00046015916154e+05 
1.05179446468375e-01 1.00053733284754e+05 
1.05391825635925e-01 1.00063720099884e+05 
1.05604205155715e-01 1.00076660149425e+05 
1.05816606819702e-01 1.00093354388649e+05 
1.06029041455101e-01 1.00114577120978e+05 
1.06241489743070e-01 1.00141480141440e+05 
1.06453947601540e-01 1.00175171634373e+05 
1.06666443993955e-01 1.00217172444711e+05 
1.06878955708414e-01 1.00268917290178e+05 
1.07091504118035e-01 1.00332196209663e+05 
1.07304083194957e-01 1.00408076779105e+05 
1.07516675624018e-01 1.00497921408044e+05 
1.07729287216629e-01 1.00602595595543e+05 
1.07941934763370e-01 1.00723946062004e+05 
1.08154588501443e-01 1.00862512235312e+05 
1.08367265953245e-01 1.01019230810020e+05 
1.08579969795444e-01 1.01193624690125e+05 
1.08792687900595e-01 1.01384451010126e+05 
1.09005424822635e-01 1.01590591256917e+05 
1.09218195746815e-01 1.01811244984602e+05 
1.09430971895045e-01 1.02043362632190e+05 
1.09643769026612e-01 1.02285207720108e+05 
1.09856585255150e-01 1.02532279557086e+05 
1.10069412303221e-01 1.02779944664104e+05 
1.10282252452744e-01 1.03024720611938e+05 
1.10495126165715e-01 1.03263344507900e+05 
1.10708007843825e-01 1.03492264729862e+05 
1.10920907701115e-01 1.03705507103156e+05 
1.11133829331609e-01 1.03897189583196e+05 
1.11346770391668e-01 1.04059951283464e+05 
1.11559731954157e-01 1.04209192196889e+05 
1.11772733052436e-01 1.04320607110221e+05 
1.11985750494732e-01 1.04412235810351e+05 
1.12198794082603e-01 1.04463285174628e+05 
1.12411865545842e-01 1.04480072711886e+05 
1.12624961035946e-01 1.04480199982659e+05 
1.12838079067107e-01 1.04464244235579e+05 
1.13051238094843e-01 1.04442306513351e+05 
1.13264412028945e-01 1.04410581503982e+05 
1.13477607577715e-01 1.04368475845299e+05 
1.13690825043806e-01 1.04316449394225e+05 
1.13904061562831e-01 1.04251847812615e+05 
1.14117315747852e-01 1.04175323757292e+05 
1.14330605942058e-01 1.04090392198588e+05 
1.14543907873106e-01 1.03996490681665e+05 
1.14757229861793e-01 1.03893856993092e+05 
1.14970573984605e-01 1.03784233313956e+05 
1.15183938028593e-01 1.03666833028182e+05 
1.15397321475710e-01 1.03544830411532e+05 
1.15610742853116e-01 1.03419368952077e+05 
1.15824177901047e-01 1.03290810521788e+05 
1.16037634574127e-01 1.03159480780516e+05 
1.16251113926423e-01 1.03027026734816e+05 
1.16464613169276e-01 1.02894051026891e+05 
1.16678131845334e-01 1.02761653336520e+05 
1.16891687308653e-01 1.02629931971232e+05 
1.17105255882246e-01 1.02499423692154e+05 
1.17318847158603e-01 1.02370075838491e+05 
1.17532471296585e-01 1.02242925724990e+05 
1.17746128754878e-01 1.02118274868346e+05 
1.17959821966037e-01 1.01996452884717e+05 
1.18173559584503e-01 1.01877137977716e+05 
1.18387308711553e-01 1.01760555574399e+05 
1.18601072186805e-01 1.01646395407992e+05 
1.18814853764293e-01 1.01535071991755e+05 
1.19028654280742e-01 1.01426830530746e+05 
1.19242483037797e-01 1.01321707485806e+05 
1.19456357190556e-01 1.01219171202077e+05 
1.19670251361865e-01 1.01119523569490e+05 
1.19884170734359e-01 1.01022519030357e+05 
1.20098114429857e-01 1.00928184158349e+05 
1.20312075750821e-01 1.00836713417196e+05 
1.20526059818830e-01 1.00747868890692e+05 
1.20740086995081e-01 1.00661558534196e+05 
1.20954139030242e-01 1.00577678149814e+05 
1.21168228036284e-01 1.00496082929902e+05 
1.21382352844144e-01 1.00416773147169e+05 
1.21596500538038e-01 1.00339827712771e+05 
1.21810668966551e-01 1.00265123567512e+05 
1.22024869630321e-01 1.00192166246782e+05 
1.22239082825987e-01 1.00121160078663e+05 
1.22453318440931e-01 1.00051797113123e+05 
1.22667583656941e-01 9.99841560390115e+04 
1.22881874505389e-01 9.99181579885452e+04 
1.23096193899172e-01 9.98534843388904e+04 
1.23310551849297e-01 9.97895995693539e+04 
1.23524930710785e-01 9.97266998876901e+04 
1.23739336177545e-01 9.96646083492799e+04 
1.23953774020880e-01 9.96032302296337e+04 
1.24168242042198e-01 9.95427023888465e+04 
1.24382741963840e-01 9.94828498014706e+04 
1.24597284546690e-01 9.94234395118989e+04 
1.24811853727066e-01 9.93648032706544e+04 
1.25026455123271e-01 9.93070599360763e+04 
1.25241092418680e-01 9.92502846138427e+04 
1.25455761979515e-01 9.91947849092959e+04 
1.25670461584870e-01 9.91405935943498e+04 
1.25885199961045e-01 9.90876122624179e+04 
1.26099960865861e-01 9.90363270022888e+04 
1.26314748421107e-01 9.89868689191301e+04 
1.26529568110848e-01 9.89394070662391e+04 
1.26744419204959e-01 9.88946046352567e+04 
1.26959298500399e-01 9.88520461989890e+04 
1.27174206513507e-01 9.88115729795948e+04 
1.27389122654690e-01 9.87742953703780e+04 
1.27604068774328e-01 9.87386755199880e+04 
1.27819032035871e-01 9.87049840735920e+04 
1.28033980740625e-01 9.86735802609235e+04 
1.28248939408829e-01 9.86442120761128e+04 
1.28463945124342e-01 9.86171300986095e+04 
1.28678959892609e-01 9.85923956603926e+04 
1.28894010160564e-01 9.85701921914751e+04 
1.29109077791337e-01 9.85506840052831e+04 
1.29324129685966e-01 9.85341504776048e+04 
1.29539190835964e-01 9.85194185812255e+04 
1.29754300982656e-01 9.85081048650242e+04 
1.29969415140357e-01 9.85001137014480e+04 
1.30184558817813e-01 9.84953565425319e+04 
1.30399715140501e-01 9.84950233299741e+04 
1.30614852185857e-01 9.84947266620851e+04 
1.30829996086345e-01 9.84945827443798e+04 
1.31045185535412e-01 9.84955292090404e+04 
1.31260378300103e-01 9.84975560812221e+04 
1.31475596808025e-01 9.85010371832095e+04 
1.31690827570336e-01 9.85060878986182e+04 
1.31906040831472e-01 9.85136838717558e+04 
1.32121262536483e-01 9.85229459802927e+04 
1.32336530800863e-01 9.85335193822792e+04 
1.32551805451730e-01 9.85462394192404e+04 
1.32767105876164e-01 9.85610460992338e+04 
1.32982417614160e-01 9.85778024000754e+04 
1.33197712186458e-01 9.85957709691708e+04 
1.33413015893832e-01 9.86144120287667e+04 
1.33628365157846e-01 9.86338749010526e+04 
1.33843722219753e-01 9.86542452289620e+04 
1.34059103744876e-01 9.86752987157085e+04 
1.34274497052804e-01 9.86964746474501e+04 
1.34489877039717e-01 9.87177706401704e+04 
1.34705269318564e-01 9.87386507171060e+04 
1.34920709753463e-01 9.87594894849358e+04 
1.35136162108283e-01 9.87798577999856e+04 
1.35351639942574e-01 9.87999299926542e+04 
1.35567130018077e-01 9.88193044427623e+04 
1.35782608903550e-01 9.88380184441592e+04 
1.35998101649984e-01 9.88554282282421e+04 
1.36213642794277e-01 9.88725062794898e+04 
1.36429196783635e-01 9.88888140862452e+04 
1.36644775594792e-01 9.89050062384137e+04 
1.36860366657994e-01 9.89207617709690e+04 
1.37075948923890e-01 9.89360282084983e+04 
1.37291547995046e-01 9.89505130924883e+04 
1.37507202137304e-01 9.89645613324999e+04 
1.37722874786533e-01 9.89784560737402e+04 
1.37938578970047e-01 9.89922479070044e+04 
1.38154299175809e-01 9.90056699072187e+04 
1.38370012830358e-01 9.90190985198210e+04 
1.38585745696516e-01 9.90322597964213e+04 
1.38801542841008e-01 9.90452555478968e+04 
1.39017357929051e-01 9.90582737318227e+04 
1.39233208489428e-01 9.90711935389218e+04 
1.39449074153578e-01 9.90837891861776e+04 
1.39664928872929e-01 9.90961873902062e+04 
1.39880801813494e-01 9.91087383262464e+04 
1.40096742407576e-01 9.91202103665854e+04 
1.40312695596235e-01 9.91309525483412e+04 
1.40528685629040e-01 9.91408245843187e+04 
1.40744691353506e-01 9.91496931431243e+04 
1.40960681967436e-01 9.91578725693139e+04 
1.41176691218924e-01 9.91651074396456e+04 
1.41392770339505e-01 9.91719750146839e+04 
1.41608859320570e-01 9.91786165122114e+04 
1.41824987519527e-01 9.91845857151631e+04 
1.42041134837763e-01 9.91897741493247e+04 
1.42257267836752e-01 9.91947064214354e+04 
1.42473422633973e-01 9.91988912994216e+04 
1.42689653495098e-01 9.92026237526912e+04 
1.42905896741804e-01 9.92060593455630e+04 
1.43122185267810e-01 9.92091773534704e+04 
1.43338498319481e-01 9.92120011506869e+04 
1.43554799087392e-01 9.92148177620925e+04 
1.43771125161515e-01 9.92175477338839e+04 
1.43987533697331e-01 9.92206592946554e+04 
1.44203955157977e-01 9.92235757886110e+04 
1.44420426212348e-01 9.92268255238504e+04 
1.44636925560818e-01 9.92302516767765e+04 
1.44853413776556e-01 9.92339872819469e+04 
1.45069929163316e-01 9.92380641850864e+04 
1.45286529020763e-01 9.92424152405153e+04 
1.45503141980719e-01 9.92472584161421e+04 
1.45719805761292e-01 9.92524784864842e+04 
1.45936499999368e-01 9.92580636411887e+04 
1.46153184545085e-01 9.92641425394473e+04 
1.46369898201408e-01 9.92706313576286e+04 
1.46586697389789e-01 9.92774525021033e+04 
1.46803512757113e-01 9.92849602345727e+04 
1.47020383226021e-01 9.92927258726548e+04 
1.47237288569778e-01 9.93008363776535e+04 
1.47454186580889e-01 9.93094799839910e+04 
1.47671117299302e-01 9.93187541233148e+04 
1.47888135332230e-01 9.93288753197542e+04 
1.48105172588839e-01 9.93393818966950e+04 
1.48322269392577e-01 9.93515397076109e+04 
1.48539403366334e-01 9.93649186266702e+04 
1.48756531327590e-01 9.93806573934743e+04 
1.48973695756274e-01 9.93965757412622e+04 
1.49190948799254e-01 9.94131018373448e+04 
1.49408225181013e-01 9.94307839147847e+04 
1.49625567697084e-01 9.94501015305612e+04 
1.49842952478770e-01 9.94715260367174e+04 
1.50060335007452e-01 9.94957224781045e+04 
1.50277760623500e-01 9.95229528549735e+04 
1.50495276989867e-01 9.95535490098845e+04 
1.50712821830022e-01 9.95875705786837e+04 
1.50930441008684e-01 9.96253625551866e+04 
1.51148108624976e-01 9.96669779086576e+04 
1.51365778643482e-01 9.97128030396527e+04 
1.51583498532820e-01 9.97626560522183e+04 
1.51801312153062e-01 9.98170976668688e+04 
1.52019159486064e-01 9.98762413640766e+04 
1.52237087020888e-01 9.99404720948156e+04 
1.52455066737651e-01 1.00009681520949e+05 
1.52673052472418e-01 1.00083933183493e+05 
1.52891092081935e-01 1.00162758415087e+05 
1.53109224119068e-01 1.00246616498728e+05 
1.53327392581957e-01 1.00335006902161e+05 
1.53545645951257e-01 1.00428168956699e+05 
1.53763954253852e-01 1.00525007712963e+05 
1.53982271031569e-01 1.00624950571282e+05 
1.54200645606114e-01 1.00726926035422e+05 
1.54419112619071e-01 1.00830605355595e+05 
1.54637618640231e-01 1.00935861277480e+05 
1.54856214037833e-01 1.01042277686619e+05 
1.55074865982751e-01 1.01148538151147e+05 
1.55293528564493e-01 1.01253467449517e+05 
1.55512251280467e-01 1.01355599178631e+05 
1.55731065478535e-01 1.01454725630699e+05 
1.55949920245125e-01 1.01549569529548e+05 
1.56168864371713e-01 1.01639888044436e+05 
1.56387862996834e-01 1.01723716697509e+05 
1.56606871918524e-01 1.01800173426794e+05 
1.56825941624227e-01 1.01869466628592e+05 
1.57045099576315e-01 1.01931964174725e+05 
1.57264297445339e-01 1.01986215089174e+05 
1.57483584565264e-01 1.02034061912688e+05 
1.57702923836882e-01 1.02073911566513e+05 
1.57922272712844e-01 1.02102770378662e+05 
1.58141682378097e-01 1.02123785754741e+05 
1.58361180968785e-01 1.02137875489198e+05 
1.58580719655028e-01 1.02145688316398e+05 
1.58800348176259e-01 1.02149181840083e+05 
1.59020026682967e-01 1.02147187020462e+05 
1.59239714511965e-01 1.02138823538816e+05 
1.59459461268035e-01 1.02123579118127e+05 
1.59679298225749e-01 1.02103456576193e+05 
1.59899173101656e-01 1.02080369298737e+05 
1.60119134516971e-01 1.02052965681365e+05 
1.60339140637610e-01 1.02019062641696e+05 
1.60559152970851e-01 1.01977938255464e+05 
1.60779218870522e-01 1.01931162924195e+05 
1.60999371066370e-01 1.01879607063101e+05 
1.61219558404945e-01 1.01823359330499e+05 
1.61439826863809e-01 1.01763395604332e+05 
1.61660137141165e-01 1.01700180837730e+05 
1.61880454525326e-01 1.01634436695231e+05 
1.62100824422529e-01 1.01566615284313e+05 
1.62321276273752e-01 1.01497897690156e+05 
1.62541764792328e-01 1.01428575926368e+05 
1.62762330874409e-01 1.01359008849247e+05 
1.62982936914041e-01 1.01290030317883e+05 
1.63203549997202e-01 1.01222790357828e+05 
1.63424213772992e-01 1.01157494966112e+05 
1.63644952544129e-01 1.01094386934268e+05 
1.63865727401020e-01 1.01033816985693e+05 
1.64086574936487e-01 1.00975367682678e+05 
1.64307460492427e-01 1.00919663569656e+05 
1.64528353338739e-01 1.00867524201966e+05 
1.64749292807291e-01 1.00818633235924e+05 
1.64970298235757e-01 1.00772797309977e+05 
1.65191312836167e-01 1.00729942302340e+05 
1.65412372999136e-01 1.00689055927420e+05 
1.65633460054269e-01 1.00650481253173e+05 
1.65854591261038e-01 1.00615694440286e+05 
1.66075771643061e-01 1.00583599090645e+05 
1.66296979116985e-01 1.00554402412918e+05 
1.66518197094208e-01 1.00527851798877e+05 
1.66739462792690e-01 1.00503482502476e+05 
1.66960754726128e-01 1.00481245441380e+05 
1.67182087086917e-01 1.00461611601208e+05 
1.67403465920774e-01 1.00444072352826e+05 
1.67624873405896e-01 1.00428417551162e+05 
1.67846291395911e-01 1.00414663754306e+05 
1.68067757136959e-01 1.00402039863077e+05 
1.68289245780648e-01 1.00390361261143e+05 
1.68510768892096e-01 1.00380055789685e+05 
1.68732334583190e-01 1.00370215585971e+05 
1.68953929004988e-01 1.00361125354566e+05 
1.69175533036643e-01 1.00353043691552e+05 
1.69397183839597e-01 1.00345066139825e+05 
1.69618853617257e-01 1.00336627019819e+05 
1.69840552163903e-01 1.00328229186313e+05 
1.70062290115783e-01 1.00319349378144e+05 
1.70284056414606e-01 1.00310121765459e+05 
1.70505831214353e-01 1.00300345085043e+05 
1.70727651148303e-01 1.00289022723032e+05 
1.70949486234878e-01 1.00277197644439e+05 
1.71171344735279e-01 1.00265192193329e+05 
1.71393239253654e-01 1.00252236075472e+05 
1.71615160228784e-01 1.00237810694835e+05 
1.71837087232479e-01 1.00222619521644e+05 
1.72059056170802e-01 1.00205988394326e+05 
1.72281035665949e-01 1.00187337575239e+05 
1.72503032615678e-01 1.00167820195040e+05 
1.72725061107929e-01 1.00147072268461e+05 
1.72947112795481e-01 1.00124931639767e+05 
1.73169166553463e-01 1.00101827983866e+05 
1.73391257404164e-01 1.00076989822604e+05 
1.73613353263981e-01 1.00050856960608e+05 
1.73835460533552e-01 1.00023170710832e+05 
1.74057594003476e-01 9.99942666759801e+04 
1.74279746800829e-01 9.99635060070979e+04 
1.74501897237383e-01 9.99316603256646e+04 
1.74724079028611e-01 9.98979395916502e+04 
1.74946260039683e-01 9.98623667462295e+04 
1.75168447353005e-01 9.98258612437576e+04 
1.75390655986568e-01 9.97884092269821e+04 
1.75612880534074e-01 9.97493493335671e+04 
1.75835099535519e-01 9.97097561313796e+04 
1.76057344850621e-01 9.96689928498858e+04 
1.76279584369258e-01 9.96269122030996e+04 
1.76501825923117e-01 9.95846952999787e+04 
1.76724084073276e-01 9.95419097904649e+04 
1.76946355118968e-01 9.94973980802500e+04 
1.77168617777612e-01 9.94532455293234e+04 
1.77390902148706e-01 9.94091246942124e+04 
1.77613176403235e-01 9.93654059497678e+04 
1.77835448517701e-01 9.93221228614429e+04 
1.78057732049182e-01 9.92790768175126e+04 
1.78280026530782e-01 9.92353983249837e+04 
1.78502310866591e-01 9.91918060054257e+04 
1.78724613386654e-01 9.91477310461729e+04 
1.78946903100301e-01 9.91036239120246e+04 
1.79169187598580e-01 9.90595935357230e+04 
1.79391478909602e-01 9.90171932189905e+04 
1.79613781058002e-01 9.89751156635821e+04 
1.79836072017397e-01 9.89348481989227e+04 
1.80058379619631e-01 9.88952090182877e+04 
1.80280673773334e-01 9.88571566700825e+04 
1.80502961325546e-01 9.88205211671455e+04 
1.80725253187874e-01 9.87855681943574e+04 
1.80947558333512e-01 9.87507520801652e+04 
1.81169852465596e-01 9.87167200439981e+04 
1.81392163751434e-01 9.86839221291235e+04 
1.81614463474575e-01 9.86518824472238e+04 
1.81836756511690e-01 9.86217697733965e+04 
1.82059053806717e-01 9.85938656296828e+04 
1.82281369235783e-01 9.85669571600594e+04 
1.82503674847192e-01 9.85423946584158e+04 
1.82726001454687e-01 9.85196431772703e+04 
1.82948311233807e-01 9.84985286012565e+04 
1.83170611133281e-01 9.84799739475665e+04 
1.83392932745261e-01 9.84637817360591e+04 
1.83615279476495e-01 9.84493672190047e+04 
1.83837620132467e-01 9.84376582349582e+04 
1.84059963949440e-01 9.84282045647077e+04 
1.84282230644920e-01 9.84209818849602e+04 
1.84504494440642e-01 9.84162770912561e+04 
1.84726836813862e-01 9.84135804009120e+04 
1.84949179579039e-01 9.84124752044988e+04 
1.85171486398107e-01 9.84134683528977e+04 
1.85393797532797e-01 9.84163694690357e+04 
1.85616034569943e-01 9.84208946084125e+04 
1.85838271290006e-01 9.84260487261856e+04 
1.86060589034652e-01 9.84310789407334e+04 
1.86282911328103e-01 9.84364635446841e+04 
1.86505200937047e-01 9.84425789969219e+04 
1.86727497009532e-01 9.84500418346053e+04 
1.86949722096272e-01 9.84586253441641e+04 
1.87171947141201e-01 9.84681183081235e+04 
1.87394250853405e-01 9.84784737685332e+04 
1.87616559584929e-01 9.84891438366385e+04 
1.87838835050907e-01 9.85012492915403e+04 
1.88061116529678e-01 9.85147486646747e+04 
1.88283328441137e-01 9.85297043958917e+04 
1.88505540327089e-01 9.85459351158778e+04 
1.88727831783012e-01 9.85636572313339e+04 
1.88950131851778e-01 9.85816809043729e+04 
1.89172401934178e-01 9.86005851480269e+04 
1.89394681518797e-01 9.86204664486712e+04 
1.89616895987928e-01 9.86408882561975e+04 
1.89839111634254e-01 9.86619876183797e+04 
1.90061406616734e-01 9.86834245100603e+04 
1.90283712788628e-01 9.87052156408948e+04 
1.90505991409679e-01 9.87276952638770e+04 
1.90728282186999e-01 9.87510901137063e+04 
1.90950511418846e-01 9.87747708294777e+04 
1.91172743409224e-01 9.87987681326874e+04 
1.91395056122630e-01 9.88226962078212e+04 
1.91617383133364e-01 9.88467378668893e+04 
1.91839685261619e-01 9.88710054225645e+04 
1.92062002184259e-01 9.88957337876277e+04 
1.92284260924382e-01 9.89202149571773e+04 
1.92506524242242e-01 9.89443841383702e+04 
1.92728869662290e-01 9.89678505574580e+04 
1.92951231773297e-01 9.89906898258400e+04 
1.93173571710047e-01 9.90130960910721e+04 
1.93395929100390e-01 9.90352546515587e+04 
1.93618231748348e-01 9.90563969641819e+04 
1.93840541634576e-01 9.90765574904143e+04 
1.94062935445896e-01 9.90951728504935e+04 
1.94285348618966e-01 9.91126143633717e+04 
1.94507742768497e-01 9.91291014711120e+04 
1.94730156811142e-01 9.91449440515077e+04 
1.94952519031074e-01 9.91594184332851e+04 
1.95174890741781e-01 9.91725294207892e+04 
1.95397348067157e-01 9.91836287681563e+04 
1.95619826941976e-01 9.91936227526214e+04 
1.95842289359248e-01 9.92025837032425e+04 
1.96064773403782e-01 9.92109809066153e+04 
1.96287206768745e-01 9.92184129997655e+04 
1.96509651822738e-01 9.92246944223005e+04 
1.96732186120770e-01 9.92296396709477e+04 
1.96954743990849e-01 9.92337700803313e+04 
1.97177287581255e-01 9.92370285404136e+04 
1.97399854050747e-01 9.92399962819791e+04 
1.97622369017844e-01 9.92422332140614e+04 
1.97844897212953e-01 9.92436402824408e+04 
1.98067518720089e-01 9.92438505686770e+04 
1.98290164437606e-01 9.92435041098134e+04 
1.98512796569636e-01 9.92423042744371e+04 
1.98735451573040e-01 9.92407794038274e+04 
1.98958051500977e-01 9.92384710309316e+04 
1.99180664730693e-01 9.92351671983309e+04 
1.99403375282611e-01 9.92305741098233e+04 
1.99626109662241e-01 9.92252669280205e+04 
1.99848830036402e-01 9.92192608195467e+04 
2.00071572254174e-01 9.92129982698272e+04 
2.00294254623324e-01 9.92063240903010e+04 
