# Liste des scalaires : TEMPS pmat 
0.00000000000000e+00 1.00000000000000e+05 
7.22956891292051e-05 1.00000000000000e+05 
1.27424992988343e-04 1.00000000000000e+05 
1.85805741866850e-04 1.00000000000000e+05 
2.42642788242476e-04 1.00000000000000e+05 
3.00840259852936e-04 1.00000000000000e+05 
3.59456619577077e-04 1.00000000000000e+05 
4.20260489364510e-04 1.00000000000000e+05 
4.82959920788583e-04 1.00000000000000e+05 
5.48014021905211e-04 1.00000000000000e+05 
6.15683044025757e-04 1.00000000000000e+05 
6.86770452037972e-04 1.00000000000000e+05 
7.59962633928378e-04 1.00000000000000e+05 
8.33794584592404e-04 1.00000000000000e+05 
9.08812907489531e-04 1.00000000000000e+05 
9.85311735426036e-04 1.00000000000000e+05 
1.06149721439599e-03 1.00000000000000e+05 
1.14003760191345e-03 1.00000000000000e+05 
1.22116346422223e-03 1.00000000000000e+05 
1.30514203136675e-03 1.00000000000000e+05 
1.38507441346621e-03 1.00000000000000e+05 
1.46706539500069e-03 1.00000000000000e+05 
1.55126232403319e-03 1.00000000000000e+05 
1.63763603777934e-03 1.00000000000000e+05 
1.72632143154101e-03 1.00000000000000e+05 
1.81751953288277e-03 1.00000000000000e+05 
1.91148665807555e-03 1.00000000000000e+05 
2.00751761770104e-03 1.00000000000000e+05 
2.10568082158861e-03 1.00000000000000e+05 
2.20569222771109e-03 1.00000000000000e+05 
2.30488257340231e-03 1.00000000000000e+05 
2.40654235175622e-03 1.00000000000000e+05 
2.51286727651947e-03 1.00000000000000e+05 
2.62159975942190e-03 1.00000000000000e+05 
2.73187332610765e-03 1.00000000000000e+05 
2.84341073025340e-03 1.00000000000000e+05 
2.95702053286183e-03 1.00000000000000e+05 
3.07075443115537e-03 1.00000000000000e+05 
3.18655460032969e-03 1.00000000000000e+05 
3.29868561282547e-03 1.00000000000000e+05 
3.41255243037654e-03 1.00000000000000e+05 
3.52810598743797e-03 1.00000000000000e+05 
3.64533369706006e-03 1.00000000000000e+05 
3.76414266878734e-03 1.00000000000000e+05 
3.88445993920385e-03 1.00000000000000e+05 
4.00626016138990e-03 1.00000000000000e+05 
4.12942182815661e-03 1.00000000000000e+05 
4.25101112064658e-03 1.00000000000000e+05 
4.37369139321272e-03 1.00000000000000e+05 
4.49735381271170e-03 1.00000000000000e+05 
4.62197863465380e-03 1.00000000000000e+05 
4.74670934736739e-03 1.00000000000000e+05 
4.87108227409182e-03 1.00000000000000e+05 
4.99522284599285e-03 1.00000000000000e+05 
5.11914569485933e-03 1.00000000000000e+05 
5.24289871233482e-03 1.00000000000000e+05 
5.36645248356990e-03 1.00000000000000e+05 
5.48988523246158e-03 1.00000000000000e+05 
5.61332666480279e-03 1.00000000000000e+05 
5.73691707933805e-03 1.00000000000000e+05 
5.86075165246866e-03 1.00000000000000e+05 
5.98479484400375e-03 1.00000000000000e+05 
6.10904706091622e-03 1.00000000000000e+05 
6.23359156416245e-03 1.00000000000000e+05 
6.35826596558035e-03 1.00000000000000e+05 
6.48282277129078e-03 1.00000000000000e+05 
6.60735657452305e-03 1.00000000000000e+05 
6.73181049321473e-03 1.00000000000000e+05 
6.85610965341701e-03 1.00000000000000e+05 
6.98032080951303e-03 1.00000000000000e+05 
7.10448698948430e-03 1.00000000000000e+05 
7.22860023384981e-03 1.00000000000000e+05 
7.35273487796254e-03 1.00000000000000e+05 
7.47698249975538e-03 1.00000000000000e+05 
7.60146973057456e-03 1.00000000000000e+05 
7.72622738349315e-03 1.00000000000000e+05 
7.85120830561279e-03 1.00000000000000e+05 
7.97613130818486e-03 1.00000000000000e+05 
8.10091900181333e-03 1.00000000000000e+05 
8.22556050967779e-03 1.00000000000000e+05 
8.35009978475808e-03 1.00000000000000e+05 
8.47453885658880e-03 1.00000000000000e+05 
8.59890688822287e-03 1.00000000000000e+05 
8.72318730862373e-03 1.00000000000000e+05 
8.84745654099916e-03 1.00000000000000e+05 
8.97202380942067e-03 1.00000000000000e+05 
9.09690214089771e-03 1.00000000000000e+05 
9.22208384997627e-03 1.00000000000000e+05 
9.34728064346470e-03 1.00000000000000e+05 
9.47255692985114e-03 1.00000000000000e+05 
9.59792620824392e-03 1.00000000000000e+05 
9.72334321647637e-03 1.00000000000000e+05 
9.84880712791613e-03 1.00000000000000e+05 
9.97426966901521e-03 1.00000000000000e+05 
1.00997427037995e-02 1.00000000000000e+05 
1.02252697206742e-02 1.00000000000000e+05 
1.03508752944953e-02 1.00000000000000e+05 
1.04765799971376e-02 1.00000000000000e+05 
1.06024034033777e-02 1.00000000000000e+05 
1.07284841277524e-02 1.00000000000000e+05 
1.08548713876368e-02 1.00000000000000e+05 
1.09815998053101e-02 1.00000000000000e+05 
1.11085047608434e-02 1.00000000000000e+05 
1.12354318460409e-02 1.00000000000000e+05 
1.13624102606695e-02 1.00000000000000e+05 
1.14894133759933e-02 1.00000000000000e+05 
1.16163885815006e-02 1.00000000000000e+05 
1.17432837701064e-02 1.00000000000000e+05 
1.18701284017016e-02 1.00000000000000e+05 
1.19969490287298e-02 1.00000000000000e+05 
1.21238346364731e-02 1.00000000000000e+05 
1.22507806209467e-02 1.00000000000000e+05 
1.23780922146668e-02 1.00000000000000e+05 
1.25058049079396e-02 1.00000000000000e+05 
1.26338501083149e-02 1.00000000000000e+05 
1.27622936653424e-02 1.00000000000000e+05 
1.28908658814576e-02 1.00000000000000e+05 
1.30194195863865e-02 1.00000000000000e+05 
1.31480945911410e-02 1.00000000000000e+05 
1.32770271038538e-02 1.00000000000000e+05 
1.34062217107045e-02 1.00000000000000e+05 
1.35355366651420e-02 1.00000000000000e+05 
1.36615885516610e-02 1.00000000000000e+05 
1.37889125627151e-02 1.00000000000000e+05 
1.39151655552723e-02 1.00000000000000e+05 
1.40434304490923e-02 1.00000000000000e+05 
1.41732434098897e-02 1.00000000000000e+05 
1.43021244829931e-02 1.00000000000000e+05 
1.44269731026269e-02 1.00000000000000e+05 
1.45532717034150e-02 1.00000000000000e+05 
1.46783171088031e-02 1.00000000000000e+05 
1.48060144444733e-02 1.00000000000000e+05 
1.49356110324856e-02 1.00000000000000e+05 
1.50647369588926e-02 1.00000000000000e+05 
1.51901700913990e-02 1.00000000000000e+05 
1.53173079199431e-02 1.00000000000000e+05 
1.54430075841811e-02 1.00000000000000e+05 
1.55737633985025e-02 1.00000000000000e+05 
1.57039169240158e-02 1.00000000000000e+05 
1.58339444173562e-02 1.00000000000000e+05 
1.59609136432874e-02 1.00000000000000e+05 
1.60921432133624e-02 1.00000000000000e+05 
1.62195935044615e-02 1.00000000000000e+05 
1.63506313676662e-02 1.00000000000000e+05 
1.64819565635979e-02 1.00000000000000e+05 
1.66103712553272e-02 1.00000000000000e+05 
1.67343447731339e-02 1.00000000000000e+05 
1.68594278933651e-02 1.00000000000000e+05 
1.69825899994878e-02 1.00000000000000e+05 
1.71093503801836e-02 1.00000000000000e+05 
1.72378394858604e-02 1.00000000000000e+05 
1.73662378309594e-02 1.00000000000000e+05 
1.74897271800133e-02 1.00000000000000e+05 
1.76189872317145e-02 1.00000000000000e+05 
1.77421175157069e-02 1.00000000000000e+05 
1.78679005108783e-02 1.00000000000000e+05 
1.79954497868652e-02 1.00000000000000e+05 
1.81229066955546e-02 1.00000000000000e+05 
1.82471331073996e-02 1.00000000000000e+05 
1.83729502913324e-02 1.00000000000000e+05 
1.84977330207515e-02 1.00000000000000e+05 
1.86243391397986e-02 1.00000000000000e+05 
1.87532164509366e-02 1.00000000000000e+05 
1.88883955742951e-02 1.00000000000000e+05 
1.90141542742699e-02 1.00000000000000e+05 
1.91396708615726e-02 1.00000000000000e+05 
1.92642206987010e-02 1.00000000000000e+05 
1.93948033913177e-02 1.00000000000000e+05 
1.95248717785301e-02 1.00000000000000e+05 
1.96549701056845e-02 1.00000000000000e+05 
1.97791342640998e-02 1.00000000000000e+05 
1.99049391223190e-02 1.00000000000000e+05 
2.00299071764660e-02 1.00000000000000e+05 
2.01574906089955e-02 1.00000000000000e+05 
2.02865131034064e-02 1.00000000000000e+05 
2.04157357281471e-02 1.00000000000000e+05 
2.05414598482658e-02 1.00000000000000e+05 
2.06682334880983e-02 1.00000000000000e+05 
2.07942521066960e-02 1.00000000000000e+05 
2.09225512165628e-02 1.00000000000000e+05 
2.10564148622685e-02 1.00000000000000e+05 
2.11865038282610e-02 1.00000000000000e+05 
2.13134398768290e-02 1.00000000000000e+05 
2.14452937457781e-02 1.00000000000000e+05 
2.15822482902091e-02 1.00000000000000e+05 
2.17116813982502e-02 1.00000000000000e+05 
2.18471948514035e-02 1.00000000000000e+05 
2.19794483888228e-02 1.00000000000000e+05 
2.21083601182449e-02 1.00000000000000e+05 
2.22441992844437e-02 1.00000000000000e+05 
2.23743887330437e-02 1.00000000000000e+05 
2.25130552370498e-02 1.00000000000000e+05 
2.26563201785802e-02 1.00000000000000e+05 
2.27963477267659e-02 1.00000000000000e+05 
2.29315809085055e-02 1.00000000000000e+05 
2.30744902527476e-02 1.00000000000000e+05 
2.32125092803955e-02 1.00000000000000e+05 
2.33578323842975e-02 1.00000000000000e+05 
2.35031124223529e-02 1.00000000000000e+05 
2.36497997692412e-02 1.00000000000000e+05 
2.37917388664846e-02 1.00000000000000e+05 
2.39375648492661e-02 1.00000000000000e+05 
2.40811346427833e-02 1.00000000000000e+05 
2.42276881390749e-02 1.00000000000000e+05 
2.43772957549502e-02 1.00000000000000e+05 
2.45282898764972e-02 1.00000000000000e+05 
2.46754070141517e-02 1.00000000000000e+05 
2.48275444535476e-02 1.00000000000000e+05 
2.49759868388641e-02 1.00000000000000e+05 
2.51309571480417e-02 1.00000000000000e+05 
2.52860239892067e-02 1.00000000000000e+05 
2.54413346514706e-02 1.00000000000000e+05 
2.55961145784496e-02 1.00000000000000e+05 
2.57396874091213e-02 1.00000000000000e+05 
2.58830141200398e-02 1.00000000000000e+05 
2.60261045393680e-02 1.00000000000000e+05 
2.61691735908005e-02 1.00000000000000e+05 
2.63122629413545e-02 1.00000000000000e+05 
2.64554078072077e-02 1.00000000000000e+05 
2.65986653928617e-02 1.00000000000000e+05 
2.67419102612143e-02 1.00000000000000e+05 
2.68851420518581e-02 1.00000000000000e+05 
2.70284853888459e-02 1.00000000000000e+05 
2.71718222340679e-02 1.00000000000000e+05 
2.73151854870630e-02 1.00000000000000e+05 
2.74586260008534e-02 1.00000000000000e+05 
2.76020905952010e-02 1.00000000000000e+05 
2.77456154541711e-02 1.00000000000000e+05 
2.78893542241646e-02 1.00000000000000e+05 
2.80332955789914e-02 1.00000000000000e+05 
2.81774699239573e-02 1.00000000000000e+05 
2.83219448670111e-02 1.00000000000000e+05 
2.84666981787904e-02 1.00000000000000e+05 
2.86117087755724e-02 1.00000000000000e+05 
2.87570644290298e-02 1.00000000000000e+05 
2.89027644048138e-02 1.00000000000000e+05 
2.90489137371859e-02 1.00000000000000e+05 
2.91955497699677e-02 1.00000000000000e+05 
2.93427031656225e-02 1.00000000000000e+05 
2.94903757946207e-02 1.00000000000000e+05 
2.96387393685330e-02 1.00000000000000e+05 
2.97878639751348e-02 1.00000000000000e+05 
2.99380461203699e-02 1.00000000000000e+05 
3.00894081151502e-02 1.00000000000000e+05 
3.02421632758587e-02 1.00000000000000e+05 
3.03955394261330e-02 1.00000000000000e+05 
3.05493267405217e-02 1.00000000000000e+05 
3.07036747641657e-02 1.00000000000000e+05 
3.08445310314245e-02 1.00000000000000e+05 
3.09959879639083e-02 1.00000000000000e+05 
3.11412973544217e-02 1.00000000000000e+05 
3.12979286366038e-02 1.00000000000000e+05 
3.14550296574867e-02 1.00000000000000e+05 
3.16155791099006e-02 1.00000000000000e+05 
3.17642097478368e-02 1.00000000000000e+05 
3.19232169418121e-02 1.00000000000000e+05 
3.20758166213227e-02 1.00000000000000e+05 
3.22384774098993e-02 1.00000000000000e+05 
3.24021332151317e-02 1.00000000000000e+05 
3.25673458024229e-02 1.00000000000000e+05 
3.27286801544040e-02 1.00000000000000e+05 
3.28955465176685e-02 1.00000000000000e+05 
3.30609753958076e-02 1.00000000000000e+05 
3.32280791121433e-02 1.00000000000000e+05 
3.33950486382558e-02 1.00000000000000e+05 
3.35620641904783e-02 1.00000000000000e+05 
3.37123095502129e-02 1.00000000000000e+05 
3.38627024927643e-02 1.00000000000000e+05 
3.40130689470118e-02 1.00000000000000e+05 
3.41633383204324e-02 1.00000000000000e+05 
3.43136478633998e-02 1.00000000000000e+05 
3.44638546426560e-02 1.00000000000000e+05 
3.46140314203677e-02 1.00000000000000e+05 
3.47642307965638e-02 1.00000000000000e+05 
3.49143794742665e-02 1.00000000000000e+05 
3.50645027800894e-02 1.00000000000000e+05 
3.52147645631311e-02 1.00000000000000e+05 
3.53651199696906e-02 1.00000000000000e+05 
3.55156037754620e-02 1.00000000000000e+05 
3.56662740552540e-02 1.00000000000000e+05 
3.58170422222938e-02 1.00000000000000e+05 
3.59678969812676e-02 1.00000000000000e+05 
3.61189576611786e-02 1.00000000000000e+05 
3.62701453432572e-02 1.00000000000000e+05 
3.64214995682908e-02 1.00000000000000e+05 
3.65730656644858e-02 1.00000000000000e+05 
3.67247452039751e-02 1.00000000000000e+05 
3.68766131063390e-02 1.00000000000000e+05 
3.70288479340901e-02 1.00000000000000e+05 
3.71813892101171e-02 1.00000000000000e+05 
3.73343411280378e-02 1.00000000000000e+05 
3.74878050595676e-02 1.00000000000000e+05 
3.76416939688440e-02 1.00000000000000e+05 
3.77962263288674e-02 1.00000000000000e+05 
3.79517207365344e-02 1.00000000000000e+05 
3.81082419665025e-02 1.00000000000000e+05 
3.82660119512715e-02 1.00000000000000e+05 
3.84255685996608e-02 1.00000000000000e+05 
3.85862709111068e-02 1.00000000000000e+05 
3.87476649491616e-02 1.00000000000000e+05 
3.89097891315473e-02 1.00000000000000e+05 
3.90729372777618e-02 1.00000000000000e+05 
3.92224159706153e-02 1.00000000000000e+05 
3.93868425327542e-02 1.00000000000000e+05 
3.95436302692414e-02 1.00000000000000e+05 
3.97131957245835e-02 1.00000000000000e+05 
3.98811464442939e-02 1.00000000000000e+05 
4.00527961360445e-02 1.00000000000000e+05 
4.02114118822202e-02 1.00000000000000e+05 
4.03847568076408e-02 1.00000000000000e+05 
4.05504358655693e-02 1.00000000000000e+05 
4.07266334803969e-02 1.00000000000000e+05 
4.09029643589435e-02 1.00000000000000e+05 
4.10792832078131e-02 1.00000000000000e+05 
4.12552243832692e-02 1.00000000000000e+05 
4.14317448404602e-02 1.00000000000000e+05 
4.16083815237328e-02 1.00000000000000e+05 
4.17851358071270e-02 1.00000000000000e+05 
4.19620176410259e-02 1.00000000000000e+05 
4.21391155929455e-02 1.00000000000000e+05 
4.22975964489478e-02 1.00000000000000e+05 
4.24560316602556e-02 1.00000000000000e+05 
4.26143403704030e-02 1.00000000000000e+05 
4.27725390408851e-02 1.00000000000000e+05 
4.29307959254429e-02 1.00000000000000e+05 
4.30889642647917e-02 1.00000000000000e+05 
4.32471367843620e-02 1.00000000000000e+05 
4.34053261562596e-02 1.00000000000000e+05 
4.35635560449123e-02 1.00000000000000e+05 
4.37219102310983e-02 1.00000000000000e+05 
4.38804792478240e-02 1.00000000000000e+05 
4.40392288396962e-02 1.00000000000000e+05 
4.41981481840539e-02 1.00000000000000e+05 
4.43572300503796e-02 1.00000000000000e+05 
4.45164401167542e-02 1.00000000000000e+05 
4.46758243918243e-02 1.00000000000000e+05 
4.48354753010647e-02 1.00000000000000e+05 
4.49953499411803e-02 1.00000000000000e+05 
4.51554843790193e-02 1.00000000000000e+05 
4.53159264890368e-02 1.00000000000000e+05 
4.54766861811832e-02 1.00000000000000e+05 
4.56379058222370e-02 1.00000000000000e+05 
4.57997064668533e-02 1.00000000000000e+05 
4.59621032876649e-02 1.00000000000000e+05 
4.61252172894492e-02 1.00000000000000e+05 
4.62891909465093e-02 1.00000000000000e+05 
4.64541269888111e-02 1.00000000000000e+05 
4.66204087667566e-02 1.00000000000000e+05 
4.67880524861652e-02 1.00000000000000e+05 
4.69562488118851e-02 1.00000000000000e+05 
4.71251080496251e-02 1.00000000000000e+05 
4.72948331681540e-02 1.00000000000000e+05 
4.74657521542918e-02 1.00000000000000e+05 
4.76384244142802e-02 1.00000000000000e+05 
4.78132303229101e-02 1.00000000000000e+05 
4.79903600446296e-02 1.00000000000000e+05 
4.81511047134232e-02 1.00000000000000e+05 
4.83279238490963e-02 1.00000000000000e+05 
4.84999031336217e-02 1.00000000000000e+05 
4.86768442317775e-02 1.00000000000000e+05 
4.88538589539043e-02 1.00000000000000e+05 
4.90307964562244e-02 1.00000000000000e+05 
4.92077753989434e-02 1.00000000000000e+05 
4.93847574233563e-02 1.00000000000000e+05 
4.95616321744442e-02 1.00000000000000e+05 
4.97384477680866e-02 1.00000000000000e+05 
4.99153256003077e-02 1.00000000000000e+05 
5.00921546576545e-02 1.00000000000000e+05 
5.02589555735537e-02 1.00000000000000e+05 
5.04258706853909e-02 1.00000000000000e+05 
5.05928064484818e-02 1.00000000000000e+05 
5.07597438397883e-02 1.00000000000000e+05 
5.09267180886601e-02 1.00000000000000e+05 
5.10936666559732e-02 1.00000000000000e+05 
5.12606183017021e-02 1.00000000000000e+05 
5.14275922637099e-02 1.00000000000000e+05 
5.15945762441949e-02 1.00000000000000e+05 
5.17616555114953e-02 1.00000000000000e+05 
5.19289714450831e-02 1.00000000000000e+05 
5.20964702847812e-02 1.00000000000000e+05 
5.22642395281327e-02 1.00000000000000e+05 
5.24323766987488e-02 1.00000000000000e+05 
5.26008017128750e-02 1.00000000000000e+05 
5.27696548824286e-02 1.00000000000000e+05 
5.29391382306496e-02 1.00000000000000e+05 
5.31091983519755e-02 1.00000000000000e+05 
5.32800132010081e-02 1.00000000000000e+05 
5.34517710231214e-02 1.00000000000000e+05 
5.36245073226172e-02 1.00000000000000e+05 
5.37985572862289e-02 1.00000000000000e+05 
5.39735595408589e-02 1.00000000000000e+05 
5.41489905605145e-02 1.00000000000000e+05 
5.43249797411737e-02 1.00000000000000e+05 
5.45016417146674e-02 1.00000000000000e+05 
5.46787384741797e-02 1.00000000000000e+05 
5.48557672378136e-02 1.00000000000000e+05 
5.50328364597760e-02 1.00000000000000e+05 
5.52098520532719e-02 1.00000000000000e+05 
5.53869448368988e-02 1.00000000000000e+05 
5.55640046592625e-02 1.00000000000000e+05 
5.57409934469546e-02 1.00000000000000e+05 
5.59169499936095e-02 1.00000000000000e+05 
5.60939030646450e-02 1.00000000000000e+05 
5.62708096120390e-02 1.00000000000000e+05 
5.64478198214448e-02 1.00000000000000e+05 
5.66248181388022e-02 1.00000000000000e+05 
5.68017547708509e-02 1.00000000000000e+05 
5.69785644664161e-02 1.00000000000000e+05 
5.71554396073426e-02 1.00000000000000e+05 
5.73322866190787e-02 1.00000000000000e+05 
5.75092705439509e-02 1.00000000000000e+05 
5.76863098606563e-02 1.00000000000000e+05 
5.78621614019783e-02 1.00000000000000e+05 
5.80365097843185e-02 1.00000000000000e+05 
5.82125025377016e-02 1.00000000000000e+05 
5.83869575437502e-02 1.00000000000000e+05 
5.85631426572188e-02 1.00000000000000e+05 
5.87394517900266e-02 1.00000000000000e+05 
5.89157620644300e-02 1.00000000000000e+05 
5.90911494519073e-02 1.00000000000000e+05 
5.92681499844322e-02 1.00000000000001e+05 
5.94445251425903e-02 1.00000000000002e+05 
5.96217169830034e-02 1.00000000000003e+05 
5.97989398565439e-02 1.00000000000004e+05 
5.99761418825516e-02 1.00000000000004e+05 
6.01532981151443e-02 1.00000000000005e+05 
6.03304349599707e-02 1.00000000000008e+05 
6.05075463566761e-02 1.00000000000010e+05 
6.06847662307072e-02 1.00000000000012e+05 
6.08620120292314e-02 1.00000000000013e+05 
6.10392555867344e-02 1.00000000000014e+05 
6.12164545804300e-02 1.00000000000015e+05 
6.13936307302823e-02 1.00000000000016e+05 
6.15707895646443e-02 1.00000000000184e+05 
6.17480457444470e-02 1.00000000000957e+05 
6.19253254124007e-02 1.00000000002491e+05 
6.21026034430731e-02 1.00000000004850e+05 
6.22798369589205e-02 1.00000000011573e+05 
6.24570505882962e-02 1.00000000031767e+05 
6.26342940668951e-02 1.00000000068897e+05 
6.28116558592056e-02 1.00000000133505e+05 
6.29890454706976e-02 1.00000000335340e+05 
6.31664376481026e-02 1.00000000680158e+05 
6.33437694928130e-02 1.00000001039869e+05 
6.35210579401678e-02 1.00000001442471e+05 
6.36983642814830e-02 1.00000002003498e+05 
6.38757680640897e-02 1.00000002512502e+05 
6.40531632284420e-02 1.00000002932867e+05 
6.42305544383457e-02 1.00000003351456e+05 
6.44078948523958e-02 1.00000003868451e+05 
6.45851926155375e-02 1.00000004498962e+05 
6.47624980555198e-02 1.00000005250461e+05 
6.49398838249859e-02 1.00000006144781e+05 
6.51172574838321e-02 1.00000007227462e+05 
6.52946271532694e-02 1.00000008531995e+05 
6.54719504808625e-02 1.00000010109635e+05 
6.56492377069702e-02 1.00000012001725e+05 
6.58265362634506e-02 1.00000014271049e+05 
6.60039189047387e-02 1.00000016967051e+05 
6.61812644496851e-02 1.00000020170504e+05 
6.63585434524398e-02 1.00000023953954e+05 
6.65357189159716e-02 1.00000028375052e+05 
6.67129094267055e-02 1.00000033515627e+05 
6.68901635690403e-02 1.00000039463639e+05 
6.70674778166182e-02 1.00000046313044e+05 
6.72449014433882e-02 1.00000054221505e+05 
6.74222946340488e-02 1.00000063310652e+05 
6.75997561706091e-02 1.00000073673652e+05 
6.77771730097758e-02 1.00000085441656e+05 
6.79545595735699e-02 1.00000098787945e+05 
6.81320119290127e-02 1.00000113913556e+05 
6.83094248795568e-02 1.00000131164936e+05 
6.84867831025329e-02 1.00000150875150e+05 
6.86642033096169e-02 1.00000173295472e+05 
6.88416791606257e-02 1.00000198843705e+05 
6.90191588133548e-02 1.00000228072747e+05 
6.91966499483216e-02 1.00000261692833e+05 
6.93741789894292e-02 1.00000300824469e+05 
6.95516453898529e-02 1.00000346672556e+05 
6.97291410004665e-02 1.00000400221849e+05 
6.99066866395182e-02 1.00000463032837e+05 
7.00841655822918e-02 1.00000536904511e+05 
7.02616417571193e-02 1.00000624412303e+05 
7.04391426849231e-02 1.00000728871371e+05 
7.06165900637770e-02 1.00000854039217e+05 
7.07940831920548e-02 1.00001002805819e+05 
7.09716282004920e-02 1.00001179500606e+05 
7.11491112771722e-02 1.00001388428382e+05 
7.13265942018053e-02 1.00001636299924e+05 
7.15041156993731e-02 1.00001930428271e+05 
7.16816110484338e-02 1.00002278950135e+05 
7.18591778054273e-02 1.00002687118491e+05 
7.20368074599843e-02 1.00003162778909e+05 
7.22143911280830e-02 1.00003712279258e+05 
7.23919845496837e-02 1.00004347205957e+05 
7.25696199326997e-02 1.00005078345336e+05 
7.27472175723754e-02 1.00005917009312e+05 
7.29248775599901e-02 1.00006866753005e+05 
7.31025869872179e-02 1.00007934800077e+05 
7.32802340969211e-02 1.00009124633268e+05 
7.34578702111768e-02 1.00010448143630e+05 
7.36355445962902e-02 1.00011914716777e+05 
7.38132078444241e-02 1.00013533815227e+05 
7.39909557677828e-02 1.00015298290099e+05 
7.41687550913399e-02 1.00017206429093e+05 
7.43464962269404e-02 1.00019255316346e+05 
7.45242452280633e-02 1.00021455665915e+05 
7.47020435544216e-02 1.00023816673816e+05 
7.48798373504572e-02 1.00026356908557e+05 
7.50576976991897e-02 1.00029060850609e+05 
7.52355987726764e-02 1.00031932975098e+05 
7.54134492158921e-02 1.00034989410980e+05 
7.55913047046184e-02 1.00038289621251e+05 
7.57691708792765e-02 1.00041898330855e+05 
7.59470156696384e-02 1.00045943436693e+05 
7.61249040076175e-02 1.00050461988581e+05 
7.63028197596237e-02 1.00055567603613e+05 
7.64806992863230e-02 1.00061394207283e+05 
7.66585983804257e-02 1.00068281070387e+05 
7.68365079704132e-02 1.00076530081715e+05 
7.70144153185205e-02 1.00086645404429e+05 
7.71923790911666e-02 1.00098905822964e+05 
7.73703649910950e-02 1.00113820448026e+05 
7.75483159835245e-02 1.00131991890177e+05 
7.77262966291200e-02 1.00154277178227e+05 
7.79043015809453e-02 1.00181539608325e+05 
7.80823104393821e-02 1.00214839674173e+05 
7.82603761399535e-02 1.00255061285281e+05 
7.84384457901990e-02 1.00303372347730e+05 
7.86164610333280e-02 1.00360696281266e+05 
7.87944905438878e-02 1.00428867916724e+05 
7.89725478166004e-02 1.00509169427537e+05 
7.91506241748530e-02 1.00603367690943e+05 
7.93287660276410e-02 1.00712113910647e+05 
7.95069146407113e-02 1.00836561074051e+05 
7.96850370240844e-02 1.00976883499320e+05 
7.98631574445142e-02 1.01134949949463e+05 
8.00413007791483e-02 1.01310790646720e+05 
8.02194781941007e-02 1.01506053732278e+05 
8.03977267873553e-02 1.01719659806888e+05 
8.05759948123134e-02 1.01950308013095e+05 
8.07542703764953e-02 1.02195986738930e+05 
8.09325721318934e-02 1.02456807649359e+05 
8.11109490109448e-02 1.02730183974508e+05 
8.12893895669282e-02 1.03014665986671e+05 
8.14679136497967e-02 1.03306429993753e+05 
8.16464636647227e-02 1.03601203477353e+05 
8.18250128347494e-02 1.03894499333626e+05 
8.20035741301546e-02 1.04183786800684e+05 
8.21822142318715e-02 1.04465749754405e+05 
8.23609088990712e-02 1.04734310785104e+05 
8.25396742400637e-02 1.04988546702311e+05 
8.27184429333720e-02 1.05219798480643e+05 
8.28971864851963e-02 1.05426247923490e+05 
8.30759271519842e-02 1.05617638183281e+05 
8.32547206028981e-02 1.05782788771719e+05 
8.34335444136026e-02 1.05897858260253e+05 
8.36124450799440e-02 1.05969305104357e+05 
8.37913689404084e-02 1.06001765256974e+05 
8.39702754659661e-02 1.06016054666252e+05 
8.41491846309680e-02 1.06000595328181e+05 
8.43281242724937e-02 1.05986802718222e+05 
8.45070715662160e-02 1.05970198653716e+05 
8.46860720449930e-02 1.05938804175992e+05 
8.48650871345463e-02 1.05895760995951e+05 
8.50440791738451e-02 1.05840018657546e+05 
8.52230791856418e-02 1.05769377264082e+05 
8.54020890849234e-02 1.05683797125619e+05 
8.55810935310000e-02 1.05584956217184e+05 
8.57601414586439e-02 1.05478441713148e+05 
8.59392081049998e-02 1.05360283760641e+05 
8.61182570600979e-02 1.05232259483881e+05 
8.62973256635427e-02 1.05093805305372e+05 
8.64764067134989e-02 1.04946923517350e+05 
8.66554836498747e-02 1.04791703876744e+05 
8.68346040963430e-02 1.04629988394510e+05 
8.70137459764419e-02 1.04463615921451e+05 
8.71928689210057e-02 1.04295635670038e+05 
8.73720104500607e-02 1.04122875374136e+05 
8.75511664004721e-02 1.03948085769979e+05 
8.77303113593808e-02 1.03771257744248e+05 
8.79094816934467e-02 1.03594057296404e+05 
8.80886963313927e-02 1.03417119452037e+05 
8.82678511439690e-02 1.03241795020911e+05 
8.84470115129458e-02 1.03067872502272e+05 
8.86261585771956e-02 1.02895616403955e+05 
8.88052521523592e-02 1.02724956188234e+05 
8.89843188649891e-02 1.02557052205481e+05 
8.91634300732418e-02 1.02392028499991e+05 
8.93424769488419e-02 1.02230426517976e+05 
8.95215311898455e-02 1.02071690573459e+05 
8.97005817382982e-02 1.01915911713770e+05 
8.98795929831441e-02 1.01762921698829e+05 
9.00585890925669e-02 1.01613305200522e+05 
9.02376460564439e-02 1.01467043877804e+05 
9.04166493938373e-02 1.01324362139519e+05 
9.05956820011736e-02 1.01184680672365e+05 
9.07747406505381e-02 1.01048108660799e+05 
9.09537869761043e-02 1.00914508646842e+05 
9.11328423972153e-02 1.00784222036480e+05 
9.13119772432433e-02 1.00657223196102e+05 
9.14910658067143e-02 1.00533637682554e+05 
9.16701772690127e-02 1.00412926157128e+05 
9.18493138818769e-02 1.00295222500369e+05 
9.20284518490452e-02 1.00181015240224e+05 
9.22076164891752e-02 1.00069083318159e+05 
9.23868811944122e-02 9.99603458865992e+04 
9.25661128184197e-02 9.98544332244360e+04 
9.27453708040739e-02 9.97510087751288e+04 
9.29246556535048e-02 9.96506028349559e+04 
9.31039423265345e-02 9.95524813770537e+04 
9.32832417946240e-02 9.94569689686422e+04 
9.34626163738320e-02 9.93640631309740e+04 
9.36419443792556e-02 9.92739981723057e+04 
9.38212928682541e-02 9.91859446215996e+04 
9.40006886977132e-02 9.91003148875126e+04 
9.41801229415761e-02 9.90167496483068e+04 
9.43596052714394e-02 9.89355209649907e+04 
9.45391901801770e-02 9.88566498580158e+04 
9.47187551710074e-02 9.87803892582805e+04 
9.48983565366243e-02 9.87057815203852e+04 
9.50780033398506e-02 9.86335596943123e+04 
9.52576802422352e-02 9.85632493771317e+04 
9.54374070138425e-02 9.84950040667233e+04 
9.56172450466982e-02 9.84289457950718e+04 
9.57970740317101e-02 9.83648829596471e+04 
9.59769465621257e-02 9.83025251703787e+04 
9.61568771540069e-02 9.82422815232469e+04 
9.63368601586297e-02 9.81844458029574e+04 
9.65169168285097e-02 9.81282117818030e+04 
9.66970512300918e-02 9.80741519684263e+04 
9.68771064579262e-02 9.80222519572174e+04 
9.70570966910925e-02 9.79722045404087e+04 
9.72370753093705e-02 9.79244604723891e+04 
9.74170696097251e-02 9.78794440225894e+04 
9.75971107599336e-02 9.78362692632831e+04 
9.77771549156165e-02 9.77955952791750e+04 
9.79571206529415e-02 9.77574696549024e+04 
9.81370316167791e-02 9.77218750998506e+04 
9.83169401388865e-02 9.76888779951666e+04 
9.84968796599686e-02 9.76590620165753e+04 
9.86768748615902e-02 9.76319701499975e+04 
9.88568723985443e-02 9.76082437184838e+04 
9.90367985946017e-02 9.75863108852967e+04 
9.92166944495771e-02 9.75677381801093e+04 
9.93966101872106e-02 9.75544701892186e+04 
9.95765811935784e-02 9.75456081548554e+04 
9.97566189171220e-02 9.75405348673197e+04 
9.99366628839045e-02 9.75398460354933e+04 
1.00116655244392e-01 9.75425129607256e+04 
1.00296648071597e-01 9.75449546125735e+04 
1.00476687010374e-01 9.75475790253719e+04 
1.00656802747862e-01 9.75517205298695e+04 
1.00836985298633e-01 9.75575856667857e+04 
1.01017175652714e-01 9.75647751433007e+04 
1.01197329409837e-01 9.75734664637778e+04 
1.01377512121309e-01 9.75851269026300e+04 
1.01557763163584e-01 9.76000644110456e+04 
1.01738083480579e-01 9.76183665631956e+04 
1.01918460794174e-01 9.76384011400209e+04 
1.02098884775070e-01 9.76607070150432e+04 
1.02279310737440e-01 9.76848832848151e+04 
1.02459718229893e-01 9.77112450525184e+04 
1.02640122172486e-01 9.77399611211333e+04 
1.02820554515492e-01 9.77711155562535e+04 
1.03001065505347e-01 9.78042173894872e+04 
1.03181603613721e-01 9.78391889042731e+04 
1.03361984662430e-01 9.78754125103765e+04 
1.03542298633000e-01 9.79129431051651e+04 
1.03722644767820e-01 9.79515427563278e+04 
1.03902937516805e-01 9.79910793271346e+04 
1.04083090421853e-01 9.80313228345995e+04 
1.04263100478181e-01 9.80718812164609e+04 
1.04443002556813e-01 9.81123492083242e+04 
1.04622929091959e-01 9.81527837810804e+04 
1.04802935366610e-01 9.81928956379692e+04 
1.04982910837211e-01 9.82326526680942e+04 
1.05162727598665e-01 9.82716540286656e+04 
1.05342432371825e-01 9.83097280904767e+04 
1.05522091012487e-01 9.83465471745155e+04 
1.05701860715296e-01 9.83822577200360e+04 
1.05881759441496e-01 9.84167204362536e+04 
1.06061652723723e-01 9.84498566580589e+04 
1.06241387204872e-01 9.84814761787765e+04 
1.06421050138222e-01 9.85116787703890e+04 
1.06600729342012e-01 9.85403674006388e+04 
1.06780594492610e-01 9.85677524558230e+04 
1.06960621678468e-01 9.85930868805628e+04 
1.07140660498774e-01 9.86176254861592e+04 
1.07320546947494e-01 9.86410745444078e+04 
1.07500408496296e-01 9.86635137731525e+04 
1.07680354595931e-01 9.86850497651555e+04 
1.07860562986127e-01 9.87057868906954e+04 
1.08040974098180e-01 9.87255660444959e+04 
1.08221430149051e-01 9.87446825357664e+04 
1.08401764425257e-01 9.87628453956876e+04 
1.08582135628061e-01 9.87803113213694e+04 
1.08762657238128e-01 9.87972302259882e+04 
1.08943476100297e-01 9.88135666613533e+04 
1.09124542127957e-01 9.88295195767384e+04 
1.09305672308198e-01 9.88449892812390e+04 
1.09486707280161e-01 9.88600370557967e+04 
1.09667833205484e-01 9.88748668561071e+04 
1.09849081010646e-01 9.88893159224327e+04 
1.10030577650631e-01 9.89035155131783e+04 
1.10212377747135e-01 9.89173994543893e+04 
1.10394363325887e-01 9.89309571790461e+04 
1.10576308868907e-01 9.89442621378114e+04 
1.10758305798282e-01 9.89573330081201e+04 
1.10940483417032e-01 9.89701801698278e+04 
1.11122958368445e-01 9.89828560391679e+04 
1.11305764515417e-01 9.89953443833298e+04 
1.11488775108204e-01 9.90076097893204e+04 
1.11671776034610e-01 9.90196895629702e+04 
1.11854875502238e-01 9.90316899467318e+04 
1.12038205217232e-01 9.90436843454775e+04 
1.12221855420658e-01 9.90556109398847e+04 
1.12405785806262e-01 9.90675011298079e+04 
1.12589723077765e-01 9.90792094043796e+04 
1.12773489600344e-01 9.90909592458817e+04 
1.12957317196662e-01 9.91027673452955e+04 
1.13141290900010e-01 9.91146193813091e+04 
1.13325426118516e-01 9.91266644279972e+04 
1.13509646965542e-01 9.91386239346151e+04 
1.13693886988422e-01 9.91505000726063e+04 
1.13877976744865e-01 9.91626823012247e+04 
1.14062147256970e-01 9.91746831488074e+04 
1.14246490347762e-01 9.91866132566321e+04 
1.14431008333083e-01 9.91990721684895e+04 
1.14615591238406e-01 9.92110633439784e+04 
1.14800159667898e-01 9.92230565058592e+04 
1.14984632975762e-01 9.92354096729427e+04 
1.15169017031878e-01 9.92475485577779e+04 
1.15353353927731e-01 9.92596163783503e+04 
1.15537712337997e-01 9.92719260387426e+04 
1.15722116872316e-01 9.92842052202888e+04 
1.15906513207830e-01 9.92964073831905e+04 
1.16090821468973e-01 9.93087012458899e+04 
1.16275045700523e-01 9.93208811848335e+04 
1.16459215696871e-01 9.93332097220182e+04 
1.16643399722389e-01 9.93455050875509e+04 
1.16827624268129e-01 9.93577538065611e+04 
1.17011848407809e-01 9.93699146837117e+04 
1.17196000044792e-01 9.93821813363923e+04 
1.17380081213522e-01 9.93945456194966e+04 
1.17564107819307e-01 9.94069517794915e+04 
1.17748145599435e-01 9.94196330808298e+04 
1.17932218610354e-01 9.94321282129935e+04 
1.18116298535077e-01 9.94441683487625e+04 
1.18300316021715e-01 9.94561343312003e+04 
1.18484272239090e-01 9.94679553419990e+04 
1.18668172760692e-01 9.94799954262634e+04 
1.18852078990142e-01 9.94918688205506e+04 
1.19036013474658e-01 9.95033943751390e+04 
1.19219955013027e-01 9.95144054746113e+04 
1.19403839879227e-01 9.95253112582771e+04 
1.19587669317111e-01 9.95359396983250e+04 
1.19771440430221e-01 9.95464419326832e+04 
1.19955206119207e-01 9.95567886192810e+04 
1.20138989116235e-01 9.95667638342276e+04 
1.20322772960908e-01 9.95760874069251e+04 
1.20506502703487e-01 9.95851628765947e+04 
1.20690181721955e-01 9.95941192505516e+04 
1.20874000283587e-01 9.96027293208576e+04 
1.21057728890650e-01 9.96112729227557e+04 
1.21241349440448e-01 9.96196110044721e+04 
1.21424827153226e-01 9.96276105244034e+04 
1.21608139111510e-01 9.96355413793473e+04 
1.21791446798902e-01 9.96433521103281e+04 
1.21974764839371e-01 9.96509833888836e+04 
1.22158126743555e-01 9.96588536633061e+04 
1.22341550597252e-01 9.96665061207711e+04 
1.22525018375893e-01 9.96737557135488e+04 
1.22708493660859e-01 9.96811549761559e+04 
1.22891964703729e-01 9.96885699742735e+04 
1.23075397846394e-01 9.96956114626888e+04 
1.23258810310169e-01 9.97032264917849e+04 
1.23442226227221e-01 9.97106233625795e+04 
1.23625651990350e-01 9.97174890934940e+04 
1.23809071587341e-01 9.97239130243013e+04 
1.23992483453822e-01 9.97306710367664e+04 
1.24175859392169e-01 9.97372555824053e+04 
1.24359209644334e-01 9.97440593205384e+04 
1.24542558638224e-01 9.97504250609815e+04 
1.24725918992546e-01 9.97566387742948e+04 
1.24909285999342e-01 9.97630126697197e+04 
1.25092659733344e-01 9.97692815763388e+04 
1.25276006527684e-01 9.97754396967466e+04 
1.25459329477716e-01 9.97820725869047e+04 
1.25642653375946e-01 9.97885420999487e+04 
1.25825994504804e-01 9.97950733826216e+04 
1.26009355331117e-01 9.98018309486454e+04 
1.26192736605697e-01 9.98086381965368e+04 
1.26376098008197e-01 9.98155133831162e+04 
1.26559437836644e-01 9.98228380086349e+04 
1.26742778178364e-01 9.98300128168032e+04 
1.26926135426849e-01 9.98371498840852e+04 
1.27109518426139e-01 9.98446159583752e+04 
1.27292932211384e-01 9.98521091577009e+04 
1.27476335046885e-01 9.98596313466750e+04 
1.27659721381262e-01 9.98676858190700e+04 
1.27843111010638e-01 9.98753591211301e+04 
1.28026511720479e-01 9.98828285742771e+04 
1.28209932973885e-01 9.98908464477649e+04 
1.28393393695088e-01 9.98991422963026e+04 
1.28576868984844e-01 9.99073435004633e+04 
1.28760307183450e-01 9.99163085518013e+04 
1.28943724496143e-01 9.99250762705819e+04 
1.29127128136615e-01 9.99335332415525e+04 
1.29310565110561e-01 9.99424428228873e+04 
1.29494050323443e-01 9.99516475025839e+04 
1.29677559360619e-01 9.99608196136801e+04 
1.29861040451984e-01 9.99709895609491e+04 
1.30044507506914e-01 9.99806841922494e+04 
1.30227967427549e-01 9.99900956541837e+04 
1.30411466390086e-01 1.00000067825214e+05 
1.30595015452156e-01 1.00010398564032e+05 
1.30778591434280e-01 1.00020806335562e+05 
1.30962141194035e-01 1.00031919223162e+05 
1.31145679262147e-01 1.00042867266463e+05 
1.31329214441022e-01 1.00053417344233e+05 
1.31512792670187e-01 1.00064466456530e+05 
1.31696423520155e-01 1.00075899059011e+05 
1.31880085837519e-01 1.00087489829325e+05 
1.32063727485229e-01 1.00099792510247e+05 
1.32247362489001e-01 1.00112041604608e+05 
1.32431002787472e-01 1.00123925314184e+05 
1.32614693705517e-01 1.00136390795946e+05 
1.32798443132602e-01 1.00149464196758e+05 
1.32982231243937e-01 1.00162912293655e+05 
1.33166010600759e-01 1.00177214636054e+05 
1.33349792867573e-01 1.00192233671569e+05 
1.33533591737906e-01 1.00207445452190e+05 
1.33717448577129e-01 1.00223313510784e+05 
1.33901368323698e-01 1.00240728149337e+05 
1.34085331385933e-01 1.00259420653588e+05 
1.34269293868057e-01 1.00279477367776e+05 
1.34453264716752e-01 1.00300327716073e+05 
1.34637257782109e-01 1.00322107702917e+05 
1.34821312046666e-01 1.00345587540233e+05 
1.35005430074966e-01 1.00370389214214e+05 
1.35189592911070e-01 1.00396505604124e+05 
1.35373758775716e-01 1.00424687723423e+05 
1.35557934554590e-01 1.00453472836419e+05 
1.35742133131041e-01 1.00483155249430e+05 
1.35926390885873e-01 1.00514983049593e+05 
1.36110709304648e-01 1.00548902182998e+05 
1.36295071924287e-01 1.00584108886068e+05 
1.36479437944790e-01 1.00621284518405e+05 
1.36663813999062e-01 1.00659648011547e+05 
1.36848214053807e-01 1.00698087216210e+05 
1.37032672778153e-01 1.00737341491464e+05 
1.37217190781010e-01 1.00777578304657e+05 
1.37401755718694e-01 1.00818303324009e+05 
1.37586328525941e-01 1.00859821214403e+05 
1.37770913707268e-01 1.00901235420752e+05 
1.37955525629782e-01 1.00941856996768e+05 
1.38140186158699e-01 1.00982203343034e+05 
1.38324882938988e-01 1.01022719055766e+05 
1.38509618262552e-01 1.01062409435602e+05 
1.38694369661529e-01 1.01101676341025e+05 
1.38879138517192e-01 1.01139284995119e+05 
1.39063923295078e-01 1.01175854917447e+05 
1.39248743373679e-01 1.01211942436963e+05 
1.39433604873099e-01 1.01247242041559e+05 
1.39618510603248e-01 1.01280139739807e+05 
1.39803443320160e-01 1.01312017227282e+05 
1.39988402987531e-01 1.01342297647255e+05 
1.40173389305882e-01 1.01370213528639e+05 
1.40358418995214e-01 1.01396002328674e+05 
1.40543494565808e-01 1.01420740371771e+05 
1.40728618413632e-01 1.01441619735920e+05 
1.40913774445163e-01 1.01461951524870e+05 
1.41098960988410e-01 1.01478269010201e+05 
1.41284178729014e-01 1.01490695203784e+05 
1.41469442605227e-01 1.01500182694882e+05 
1.41654752758016e-01 1.01506747030496e+05 
1.41840112595402e-01 1.01509766540706e+05 
1.42025506623361e-01 1.01510375893093e+05 
1.42210932359086e-01 1.01507445013116e+05 
1.42396391905052e-01 1.01500702066447e+05 
1.42581899744833e-01 1.01490175566036e+05 
1.42767454557561e-01 1.01478812361764e+05 
1.42953057910687e-01 1.01464982091130e+05 
1.43138694377103e-01 1.01449060009691e+05 
1.43324360425124e-01 1.01430575783545e+05 
1.43510057737149e-01 1.01408800060507e+05 
1.43695799619622e-01 1.01385761862295e+05 
1.43881584688339e-01 1.01362232618602e+05 
1.44067413341170e-01 1.01336807340745e+05 
1.44253270930179e-01 1.01311329555713e+05 
1.44439153266606e-01 1.01284954530658e+05 
1.44625062391269e-01 1.01257674239437e+05 
1.44811008147154e-01 1.01230681165495e+05 
1.44996991131340e-01 1.01203433347142e+05 
1.45183014418669e-01 1.01174795896153e+05 
1.45369063614504e-01 1.01145662180804e+05 
1.45555133997899e-01 1.01115156767208e+05 
1.45741228863353e-01 1.01082933373625e+05 
1.45927356295343e-01 1.01049924680101e+05 
1.46113515241535e-01 1.01016162321806e+05 
1.46299707735115e-01 1.00981017608400e+05 
1.46485918241720e-01 1.00945594225276e+05 
1.46672143837837e-01 1.00908958638317e+05 
1.46858387416359e-01 1.00871064650075e+05 
1.47044653910381e-01 1.00833100550280e+05 
1.47230943661754e-01 1.00795013180539e+05 
1.47417259155447e-01 1.00756173630674e+05 
1.47603585858088e-01 1.00717690135567e+05 
1.47789922519675e-01 1.00678590840213e+05 
1.47976273161196e-01 1.00638756700048e+05 
1.48162639246798e-01 1.00599440890784e+05 
1.48349022457816e-01 1.00560439230440e+05 
1.48535427816198e-01 1.00521058697467e+05 
1.48721843310116e-01 1.00482324477918e+05 
1.48908267623916e-01 1.00443525738784e+05 
1.49094704437528e-01 1.00404485718733e+05 
1.49281150738310e-01 1.00365610988472e+05 
1.49467607318597e-01 1.00327390052640e+05 
1.49654080139730e-01 1.00289109200564e+05 
1.49840558728000e-01 1.00251278058057e+05 
1.50027042367745e-01 1.00213185716641e+05 
1.50213534252632e-01 1.00174852563978e+05 
1.50400029025546e-01 1.00136994305120e+05 
1.50586527748166e-01 1.00098084067390e+05 
1.50773037174254e-01 1.00060255863495e+05 
1.50959548303370e-01 1.00023841799943e+05 
1.51146061969789e-01 9.99879200427408e+04 
1.51332581921596e-01 9.99519565047965e+04 
1.51519101043163e-01 9.99172041413430e+04 
1.51705620489168e-01 9.98835932731462e+04 
1.51892147711226e-01 9.98507649544610e+04 
1.52078674996191e-01 9.98188059679316e+04 
1.52265203633900e-01 9.97872843713514e+04 
1.52451737277636e-01 9.97555661308975e+04 
1.52638267250566e-01 9.97247995930099e+04 
1.52824795312452e-01 9.96947162620081e+04 
1.53011329868562e-01 9.96650552670600e+04 
1.53197863771796e-01 9.96362900389530e+04 
1.53384399415590e-01 9.96077836120383e+04 
1.53570938957376e-01 9.95791800309084e+04 
1.53757473171279e-01 9.95514650280371e+04 
1.53944004786358e-01 9.95245011140582e+04 
1.54130542242703e-01 9.94978439901105e+04 
1.54317077169940e-01 9.94718819563820e+04 
1.54503613726420e-01 9.94459589343737e+04 
1.54690153643254e-01 9.94194407312580e+04 
1.54876689199819e-01 9.93938274859828e+04 
1.55063225306095e-01 9.93689963706475e+04 
1.55249771500277e-01 9.93443745966014e+04 
1.55436320366439e-01 9.93204444782115e+04 
1.55622876306811e-01 9.92960358400229e+04 
1.55809440792806e-01 9.92720578364770e+04 
1.55996006356461e-01 9.92489832989216e+04 
1.56182578056057e-01 9.92263937959420e+04 
1.56369164758956e-01 9.92043384811543e+04 
1.56555759355983e-01 9.91834603622430e+04 
1.56742365586536e-01 9.91629344545261e+04 
1.56928984637215e-01 9.91425651110025e+04 
1.57115609566013e-01 9.91234072900959e+04 
1.57302244812562e-01 9.91054613475529e+04 
1.57488897982123e-01 9.90884717596779e+04 
1.57675562176031e-01 9.90729974616275e+04 
1.57862240712283e-01 9.90583109036154e+04 
1.58048934568624e-01 9.90441508770822e+04 
1.58235636431029e-01 9.90314237610740e+04 
1.58422350153594e-01 9.90200307257258e+04 
1.58609082087504e-01 9.90097930993593e+04 
1.58795825520850e-01 9.90009292287698e+04 
1.58982583869692e-01 9.89929913539954e+04 
1.59169357680656e-01 9.89855487211981e+04 
1.59356139573577e-01 9.89790843691102e+04 
1.59542933307529e-01 9.89737565979719e+04 
1.59729744247613e-01 9.89692316311475e+04 
1.59916565837493e-01 9.89659816136686e+04 
1.60103402169659e-01 9.89632775400866e+04 
1.60290252557826e-01 9.89607262991563e+04 
1.60477109373290e-01 9.89591372244099e+04 
1.60663976737098e-01 9.89583328489002e+04 
1.60850860335723e-01 9.89581637119299e+04 
1.61037753055840e-01 9.89586618484038e+04 
1.61224660003189e-01 9.89591440921846e+04 
1.61411579305014e-01 9.89593795799289e+04 
1.61598503438365e-01 9.89603618290536e+04 
1.61785437209128e-01 9.89621370247769e+04 
1.61972387362048e-01 9.89643895595780e+04 
1.62159347491814e-01 9.89672928512965e+04 
1.62346323858742e-01 9.89702168873271e+04 
1.62533314599889e-01 9.89725314482854e+04 
1.62720311806086e-01 9.89751488167272e+04 
1.62907320090284e-01 9.89781694844081e+04 
1.63094346912021e-01 9.89813846661628e+04 
1.63281387329225e-01 9.89849443935983e+04 
1.63468447770128e-01 9.89882418030115e+04 
1.63655526202208e-01 9.89907102376971e+04 
1.63842613329526e-01 9.89932353002491e+04 
1.64029712216490e-01 9.89959087882335e+04 
1.64216830145367e-01 9.89987317426307e+04 
1.64403964201138e-01 9.90018775517037e+04 
1.64591120286603e-01 9.90047471053479e+04 
1.64778295802385e-01 9.90067410682357e+04 
1.64965480034297e-01 9.90088732319752e+04 
1.65152674316821e-01 9.90112812074238e+04 
1.65339884803160e-01 9.90138115143086e+04 
1.65527108000526e-01 9.90167144328073e+04 
1.65714350229839e-01 9.90193607795936e+04 
1.65901608249051e-01 9.90210514820366e+04 
1.66088872897912e-01 9.90228312339685e+04 
1.66276145692813e-01 9.90248135767220e+04 
1.66463432365750e-01 9.90270023294161e+04 
1.66650728579427e-01 9.90293742054969e+04 
1.66838033516994e-01 9.90317052243431e+04 
1.67025340988697e-01 9.90330244553583e+04 
1.67212646425324e-01 9.90341603960089e+04 
1.67399953231719e-01 9.90359535770564e+04 
1.67587260413163e-01 9.90378925878619e+04 
1.67774565763158e-01 9.90401262561323e+04 
1.67961878062968e-01 9.90420945805916e+04 
1.68149191005217e-01 9.90430521650862e+04 
1.68336502695938e-01 9.90442777435952e+04 
1.68523817305667e-01 9.90457871073317e+04 
1.68711134473811e-01 9.90475183264393e+04 
1.68898451508282e-01 9.90493977309684e+04 
1.69085776872980e-01 9.90512784126338e+04 
1.69273103178939e-01 9.90521967444823e+04 
1.69460429782489e-01 9.90535357598141e+04 
1.69647761124076e-01 9.90552038532065e+04 
1.69835096819179e-01 9.90573193202659e+04 
1.70022434098659e-01 9.90600419612145e+04 
1.70209781184796e-01 9.90622339817508e+04 
1.70397130396257e-01 9.90633967381353e+04 
1.70584482153305e-01 9.90656368272326e+04 
1.70771841080637e-01 9.90683689385091e+04 
1.70959207051194e-01 9.90709374446528e+04 
1.71146577906947e-01 9.90743388874774e+04 
1.71333961483334e-01 9.90775063924422e+04 
1.71521350184096e-01 9.90802621320177e+04 
1.71708744557869e-01 9.90835975406873e+04 
1.71896148611134e-01 9.90871932516573e+04 
1.72083562161545e-01 9.90909443174649e+04 
1.72270983990659e-01 9.90956375084092e+04 
1.72458420979721e-01 9.91003415831129e+04 
1.72645864636082e-01 9.91048333666966e+04 
1.72833313745966e-01 9.91101112416574e+04 
1.73020771823489e-01 9.91160196382878e+04 
1.73208237927386e-01 9.91223837234005e+04 
1.73395710761232e-01 9.91300188970521e+04 
1.73583196956219e-01 9.91377740425950e+04 
1.73770686413364e-01 9.91454071966219e+04 
1.73958178205661e-01 9.91539569035542e+04 
1.74145676742396e-01 9.91635956512964e+04 
1.74333180768066e-01 9.91741902808774e+04 
1.74520689445075e-01 9.91859031259850e+04 
1.74708210173823e-01 9.91986096240408e+04 
1.74895732467796e-01 9.92114592100793e+04 
1.75083256061316e-01 9.92251928453511e+04 
1.75270786063700e-01 9.92401084538478e+04 
1.75458321464559e-01 9.92556996316977e+04 
1.75645862731958e-01 9.92726546502555e+04 
1.75833416473673e-01 9.92905155781160e+04 
1.76020970764084e-01 9.93084766433360e+04 
1.76208523613832e-01 9.93270578891414e+04 
1.76396079198343e-01 9.93465596040757e+04 
1.76583635048864e-01 9.93663880527300e+04 
1.76771188968435e-01 9.93876040498132e+04 
1.76958748407795e-01 9.94093914203624e+04 
1.77146300866223e-01 9.94313001254714e+04 
1.77333847917524e-01 9.94531068289084e+04 
1.77521396126184e-01 9.94750944789105e+04 
1.77708944848711e-01 9.94970040676704e+04 
1.77896493115830e-01 9.95194056941691e+04 
1.78084048699343e-01 9.95417390889207e+04 
1.78271598936242e-01 9.95634617522021e+04 
1.78459145677343e-01 9.95857138537143e+04 
1.78646695059536e-01 9.96088712769617e+04 
1.78834246337932e-01 9.96323817403017e+04 
1.79021798053193e-01 9.96570745076898e+04 
1.79209357681866e-01 9.96820080250940e+04 
1.79396911789708e-01 9.97065361548552e+04 
1.79584462328646e-01 9.97314818175990e+04 
1.79772015812746e-01 9.97570828051716e+04 
1.79959572405200e-01 9.97827711802791e+04 
1.80147130808761e-01 9.98091971104273e+04 
1.80334699151701e-01 9.98355273316524e+04 
1.80522264558846e-01 9.98611053168902e+04 
1.80709829810878e-01 9.98867319982611e+04 
1.80897401207149e-01 9.99127399620571e+04 
1.81084979007765e-01 9.99391922306886e+04 
1.81272562075942e-01 9.99660506728918e+04 
1.81460158236504e-01 9.99930687748551e+04 
1.81647754656216e-01 1.00018792646838e+05 
1.81835354344830e-01 1.00043415088901e+05 
1.82022963082722e-01 1.00067690552299e+05 
1.82210580758359e-01 1.00090884794991e+05 
1.82398205537062e-01 1.00114453564685e+05 
1.82585844753305e-01 1.00136738453434e+05 
1.82773485134407e-01 1.00156605690807e+05 
1.82961130258676e-01 1.00174978003777e+05 
1.83148785792693e-01 1.00192653600780e+05 
1.83336451556522e-01 1.00208974591944e+05 
1.83524124806100e-01 1.00225017251983e+05 
1.83711813457229e-01 1.00240489768366e+05 
1.83899504109025e-01 1.00254251976917e+05 
1.84087201124278e-01 1.00266377600130e+05 
1.84274910486386e-01 1.00276358192139e+05 
1.84462632294149e-01 1.00286634574517e+05 
1.84650364008418e-01 1.00297419975721e+05 
1.84838113915702e-01 1.00308217223234e+05 
1.85025868514696e-01 1.00317847994806e+05 
1.85213631830420e-01 1.00326957302719e+05 
1.85401409639673e-01 1.00336674079268e+05 
1.85589202180715e-01 1.00346012214385e+05 
1.85777006916216e-01 1.00355461970511e+05 
1.85964829196652e-01 1.00364461123541e+05 
1.86152658811374e-01 1.00372180038420e+05 
1.86340496898926e-01 1.00379376552702e+05 
1.86528351614340e-01 1.00386902868319e+05 
1.86716218985127e-01 1.00393581246324e+05 
1.86904097109277e-01 1.00400162068366e+05 
1.87091989553337e-01 1.00405947983028e+05 
1.87279890132268e-01 1.00410775200838e+05 
1.87467800785232e-01 1.00415146529825e+05 
1.87655730570353e-01 1.00419063318210e+05 
1.87843675763070e-01 1.00422404828785e+05 
1.88031634938882e-01 1.00425790062547e+05 
1.88219611428564e-01 1.00429051384452e+05 
1.88407599780855e-01 1.00431105441645e+05 
1.88584317491114e-01 1.00432673080638e+05 
1.88772340266455e-01 1.00434657984289e+05 
1.88960381505613e-01 1.00436297403704e+05 
1.89137483016023e-01 1.00438053153634e+05 
1.89325560403716e-01 1.00440025133770e+05 
1.89513652157753e-01 1.00440831037056e+05 
1.89701758959888e-01 1.00441329297758e+05 
1.89889888483996e-01 1.00442421862729e+05 
1.90078037038067e-01 1.00443534714063e+05 
1.90266202879255e-01 1.00444611033986e+05 
1.90454388452081e-01 1.00446102689732e+05 
1.90642587147446e-01 1.00446618729182e+05 
1.90830799966515e-01 1.00446615957226e+05 
1.91019035429001e-01 1.00447405339356e+05 
1.91207290348947e-01 1.00449029433557e+05 
1.91395562972689e-01 1.00450480111293e+05 
1.91583855905058e-01 1.00452427207311e+05 
1.91772162474573e-01 1.00453309684458e+05 
1.91960483586972e-01 1.00454127366583e+05 
1.92148827486043e-01 1.00455485876755e+05 
1.92337190849249e-01 1.00456643762688e+05 
1.92525572222640e-01 1.00458231555094e+05 
1.92713974134285e-01 1.00459991036507e+05 
1.92902390243770e-01 1.00460633303501e+05 
1.93090820748793e-01 1.00461017278057e+05 
1.93279273030046e-01 1.00461526237481e+05 
1.93467744207843e-01 1.00461689936705e+05 
1.93656233788669e-01 1.00461992515501e+05 
1.93844745340653e-01 1.00461890317105e+05 
1.94033273367664e-01 1.00461112794524e+05 
1.94221817725955e-01 1.00459853228261e+05 
1.94410385024053e-01 1.00458838075452e+05 
1.94598972811258e-01 1.00457180286821e+05 
1.94787580099467e-01 1.00455628134495e+05 
1.94976210540912e-01 1.00453507998862e+05 
1.95164858281378e-01 1.00450947682545e+05 
1.95353522738610e-01 1.00448010251046e+05 
1.95542209597970e-01 1.00445250815635e+05 
1.95730916256743e-01 1.00442197644248e+05 
1.95919641206486e-01 1.00439277612005e+05 
1.96108388680041e-01 1.00436089971330e+05 
1.96297153073196e-01 1.00432396801904e+05 
1.96485933581796e-01 1.00428326988940e+05 
1.96674735141077e-01 1.00424630763340e+05 
1.96863555309975e-01 1.00420698930222e+05 
1.97052392406204e-01 1.00416955500913e+05 
1.97241251048008e-01 1.00413048686895e+05 
1.97430125793070e-01 1.00408687179516e+05 
1.97619015512398e-01 1.00404002724232e+05 
1.97807924498783e-01 1.00399785099598e+05 
1.97996850586689e-01 1.00395430995494e+05 
1.98185791782365e-01 1.00391249816043e+05 
1.98374753458806e-01 1.00386990483773e+05 
1.98563730531591e-01 1.00382352087542e+05 
1.98752722140382e-01 1.00377335411962e+05 
1.98941732292100e-01 1.00372890518740e+05 
1.99130759121565e-01 1.00368261623582e+05 
1.99319800294927e-01 1.00363802458997e+05 
1.99508861551991e-01 1.00359438471218e+05 
1.99697937956542e-01 1.00354671216164e+05 
1.99887029053126e-01 1.00349482369943e+05 
2.00076138775264e-01 1.00344778372276e+05 
2.00265265392751e-01 1.00339208826612e+05 
