# Liste des scalaires : TEMPS pmat 
0.00000000000000e+00 1.00000000000000e+05 
7.22956891292051e-05 1.00000000000000e+05 
1.51820947171331e-04 1.00000000000000e+05 
2.39298731017669e-04 1.00000000000000e+05 
3.35524293248641e-04 1.00000000000000e+05 
4.41372411702710e-04 1.00000000000000e+05 
5.57805342002186e-04 1.00000000000000e+05 
6.85881565331610e-04 1.00000000000000e+05 
8.26765410993976e-04 1.00000000000000e+05 
9.81737641222579e-04 1.00000000000000e+05 
1.14858203090242e-03 1.00000000000000e+05 
1.32407252106923e-03 1.00000000000000e+05 
1.50667596566212e-03 1.00000000000000e+05 
1.69699148707550e-03 1.00000000000000e+05 
1.89764777725630e-03 1.00000000000000e+05 
2.11018209884126e-03 1.00000000000000e+05 
2.33215828023297e-03 1.00000000000000e+05 
2.56756567005839e-03 1.00000000000000e+05 
2.81681606071566e-03 1.00000000000000e+05 
3.07832788585894e-03 1.00000000000000e+05 
3.35621853625255e-03 1.00000000000000e+05 
3.65170590487113e-03 1.00000000000000e+05 
3.96265888716720e-03 1.00000000000000e+05 
4.29347334256899e-03 1.00000000000000e+05 
4.64240288078787e-03 1.00000000000000e+05 
5.01085322844850e-03 1.00000000000000e+05 
5.39962118810212e-03 1.00000000000000e+05 
5.78864196071547e-03 1.00000000000000e+05 
6.17544623471327e-03 1.00000000000000e+05 
6.56245856451824e-03 1.00000000000000e+05 
6.95640539395908e-03 1.00000000000000e+05 
7.35574251528048e-03 1.00000000000000e+05 
7.76335244483609e-03 1.00000000000000e+05 
8.17738524118075e-03 1.00000000000000e+05 
8.58655685799157e-03 1.00000000000000e+05 
8.99176008253266e-03 1.00000000000000e+05 
9.39466017340991e-03 1.00000000000000e+05 
9.79702581607247e-03 1.00000000000000e+05 
1.02006632396625e-02 1.00000000000000e+05 
1.06046707003862e-02 1.00000000000000e+05 
1.10058639174895e-02 1.00000000000000e+05 
1.14029981578238e-02 1.00000000000000e+05 
1.17994754809541e-02 1.00000000000000e+05 
1.21963833594569e-02 1.00000000000000e+05 
1.25956139353395e-02 1.00000000000000e+05 
1.29952705945299e-02 1.00000000000000e+05 
1.33940882350146e-02 1.00000000000000e+05 
1.37905370302454e-02 1.00000000000000e+05 
1.41868195879807e-02 1.00000000000000e+05 
1.45819824948046e-02 1.00000000000000e+05 
1.49770690656291e-02 1.00000000000000e+05 
1.53725917171631e-02 1.00000000000000e+05 
1.57674842273915e-02 1.00000000000000e+05 
1.61612652436472e-02 1.00000000000000e+05 
1.65556819201004e-02 1.00000000000000e+05 
1.69498044945409e-02 1.00000000000000e+05 
1.73450590960347e-02 1.00000000000000e+05 
1.77402184269361e-02 1.00000000000000e+05 
1.81342197535554e-02 1.00000000000000e+05 
1.85272304934888e-02 1.00000000000000e+05 
1.89207685444504e-02 1.00000000000000e+05 
1.93139542855708e-02 1.00000000000000e+05 
1.97077411010836e-02 1.00000000000000e+05 
2.01023888101556e-02 1.00000000000000e+05 
2.04967767881456e-02 1.00000000000000e+05 
2.08908134214946e-02 1.00000000000000e+05 
2.12851706340309e-02 1.00000000000000e+05 
2.16789317631737e-02 1.00000000000000e+05 
2.20730160069329e-02 1.00000000000000e+05 
2.24674659298488e-02 1.00000000000000e+05 
2.28615986266851e-02 1.00000000000000e+05 
2.32554307428163e-02 1.00000000000000e+05 
2.36500956295078e-02 1.00000000000000e+05 
2.40447940988824e-02 1.00000000000000e+05 
2.44401958716851e-02 1.00000000000000e+05 
2.48362420943897e-02 1.00000000000000e+05 
2.52319652714837e-02 1.00000000000000e+05 
2.56267879230135e-02 1.00000000000000e+05 
2.60215963913854e-02 1.00000000000000e+05 
2.64160044721428e-02 1.00000000000000e+05 
2.68109173270121e-02 1.00000000000000e+05 
2.72064179523678e-02 1.00000000000000e+05 
2.76015240238324e-02 1.00000000000000e+05 
2.79963146563595e-02 1.00000000000000e+05 
2.83915784168045e-02 1.00000000000000e+05 
2.87867696027577e-02 1.00000000000000e+05 
2.91825539232312e-02 1.00000000000000e+05 
2.95787380312208e-02 1.00000000000000e+05 
2.99741953215722e-02 1.00000000000000e+05 
3.03691413922040e-02 1.00000000000000e+05 
3.07643565651353e-02 1.00000000000000e+05 
3.11593767295443e-02 1.00000000000000e+05 
3.15550566549307e-02 1.00000000000000e+05 
3.19512280763491e-02 1.00000000000000e+05 
3.23470548831832e-02 1.00000000000000e+05 
3.27427188926691e-02 1.00000000000000e+05 
3.31390801772127e-02 1.00000000000000e+05 
3.35351543107228e-02 1.00000000000000e+05 
3.39320179397622e-02 1.00000000000000e+05 
3.43294246698497e-02 1.00000000000000e+05 
3.47263314781869e-02 1.00000000000000e+05 
3.51228578690264e-02 1.00000000000000e+05 
3.55197569580001e-02 1.00000000000000e+05 
3.59167196553479e-02 1.00000000000000e+05 
3.63142344400085e-02 1.00000000000000e+05 
3.67122894750598e-02 1.00000000000000e+05 
3.71100860878538e-02 1.00000000000000e+05 
3.75075660850124e-02 1.00000000000000e+05 
3.79056470184793e-02 1.00000000000000e+05 
3.83036128126836e-02 1.00000000000000e+05 
3.87024166940983e-02 1.00000000000000e+05 
3.91019441425664e-02 1.00000000000000e+05 
3.95013288928218e-02 1.00000000000000e+05 
3.99003024090955e-02 1.00000000000002e+05 
4.02998319997698e-02 1.00000000000004e+05 
4.06992752784193e-02 1.00000000000007e+05 
4.10993824138557e-02 1.00000000000009e+05 
4.15001428061967e-02 1.00000000000012e+05 
4.19005114717153e-02 1.00000000000081e+05 
4.23005210361209e-02 1.00000000001433e+05 
4.27009552387361e-02 1.00000000005428e+05 
4.31014669153599e-02 1.00000000029109e+05 
4.35026485542402e-02 1.00000000095081e+05 
4.39046131918292e-02 1.00000000471252e+05 
4.43066185715346e-02 1.00000000957671e+05 
4.47085432233433e-02 1.00000001439579e+05 
4.51108873389700e-02 1.00000002137446e+05 
4.55129230832717e-02 1.00000003075012e+05 
4.59158609066624e-02 1.00000004340086e+05 
4.63193408788091e-02 1.00000005965218e+05 
4.67222359213284e-02 1.00000008105471e+05 
4.71245741188803e-02 1.00000011045265e+05 
4.75273246259860e-02 1.00000015370013e+05 
4.79298741327351e-02 1.00000022370876e+05 
4.83332169810382e-02 1.00000034957781e+05 
4.87373857126713e-02 1.00000056659674e+05 
4.91414523574001e-02 1.00000094836033e+05 
4.95454873516760e-02 1.00000156271617e+05 
4.99503964763576e-02 1.00000250421584e+05 
5.03555587005333e-02 1.00000391157810e+05 
5.07614138360424e-02 1.00000604681070e+05 
5.11677811720793e-02 1.00000909812646e+05 
5.15736414276648e-02 1.00001329917021e+05 
5.19788398100966e-02 1.00001873985891e+05 
5.23843153981343e-02 1.00002549909178e+05 
5.27896316783646e-02 1.00003356791039e+05 
5.31958991647977e-02 1.00004377175147e+05 
5.36028411681624e-02 1.00005613292159e+05 
5.40095498890219e-02 1.00007139364460e+05 
5.44161852643740e-02 1.00008966916325e+05 
5.48236145786682e-02 1.00011238131987e+05 
5.52313707063963e-02 1.00014128464933e+05 
5.56403532914213e-02 1.00018660712129e+05 
5.60500535242475e-02 1.00025783343554e+05 
5.64596090054808e-02 1.00037313733773e+05 
5.68690027505138e-02 1.00054654573109e+05 
5.72786743420778e-02 1.00080180515893e+05 
5.76881442799537e-02 1.00116606352166e+05 
5.80983020053795e-02 1.00170199031817e+05 
5.85092411595155e-02 1.00245957992323e+05 
5.89202142521327e-02 1.00350623075029e+05 
5.93312030799714e-02 1.00483843213406e+05 
5.97425798556816e-02 1.00649632210210e+05 
6.01539425682273e-02 1.00847141054014e+05 
6.05660300031996e-02 1.01085107456322e+05 
6.09788356446792e-02 1.01357888350566e+05 
6.13915984014438e-02 1.01660644543329e+05 
6.18047845850823e-02 1.01975913891568e+05 
6.22190565717908e-02 1.02292153820749e+05 
6.26336388476384e-02 1.02597457865720e+05 
6.30496551554303e-02 1.02884298303383e+05 
6.34668543503570e-02 1.03134997758599e+05 
6.38842279256563e-02 1.03342573242026e+05 
6.43021697643510e-02 1.03462630912405e+05 
6.47212968572322e-02 1.03508820132085e+05 
6.51402709002385e-02 1.03499247441022e+05 
6.55597201356485e-02 1.03479151269842e+05 
6.59794664985054e-02 1.03437697678931e+05 
6.63982740368786e-02 1.03348687959140e+05 
6.68163392287369e-02 1.03195477522601e+05 
6.72346113322234e-02 1.02991664695485e+05 
6.76523810866280e-02 1.02756734627273e+05 
6.80704109998341e-02 1.02489023436679e+05 
6.84884364458232e-02 1.02200213593498e+05 
6.89058356700258e-02 1.01884234485973e+05 
6.93227256850338e-02 1.01560283777997e+05 
6.97396706593501e-02 1.01234670831633e+05 
7.01561966184488e-02 1.00914446461419e+05 
7.05729425788836e-02 1.00595021936852e+05 
7.09899734816067e-02 1.00282454511948e+05 
7.14061457824346e-02 9.99786307231481e+04 
7.18213485317996e-02 9.96924255009367e+04 
7.22361986040501e-02 9.94228351137527e+04 
7.26505574510147e-02 9.91713340377788e+04 
7.30651902562436e-02 9.89286124672633e+04 
7.34799413768607e-02 9.87005271937703e+04 
7.38942729708873e-02 9.84928455063352e+04 
7.43082296247889e-02 9.83096137241654e+04 
7.47224685236878e-02 9.81492711824583e+04 
7.51367499577692e-02 9.80092200049926e+04 
7.55515925532132e-02 9.78873814399209e+04 
7.59667163199658e-02 9.77854019781312e+04 
7.63814459414831e-02 9.77053339237348e+04 
7.67957600347575e-02 9.76638701427501e+04 
7.72101765658964e-02 9.76539340714386e+04 
7.76246385301541e-02 9.76671627116772e+04 
7.80398706506032e-02 9.76895069539112e+04 
7.84558744894911e-02 9.77164922701997e+04 
7.88719950300989e-02 9.77586959530712e+04 
7.92880486010002e-02 9.78232395483484e+04 
7.97048634482482e-02 9.79104975466492e+04 
8.01220424777895e-02 9.80117222052368e+04 
8.05404155615531e-02 9.81288721468324e+04 
8.09599242466927e-02 9.82582580197436e+04 
8.13797110240363e-02 9.84024239995790e+04 
8.17996891668224e-02 9.85561438013868e+04 
8.22205583348830e-02 9.87148916866170e+04 
8.26416251222589e-02 9.88721807119361e+04 
8.30636054253475e-02 9.90328238718250e+04 
8.34866064292332e-02 9.91885668454044e+04 
8.39097674052876e-02 9.93389273476100e+04 
8.43328841072825e-02 9.94786345574277e+04 
8.47563249180288e-02 9.96055916723796e+04 
8.51798779309341e-02 9.97174127917383e+04 
8.56039826391917e-02 9.98156279236741e+04 
8.60287734152664e-02 9.98986185262043e+04 
8.64537459277980e-02 9.99668470527265e+04 
8.68785125642415e-02 1.00023656000813e+05 
8.73037461203730e-02 1.00067342220951e+05 
8.77292949339363e-02 1.00097346074951e+05 
8.81556399698956e-02 1.00117061059641e+05 
8.85825195773958e-02 1.00124855179039e+05 
8.90093712222373e-02 1.00116821524016e+05 
8.94359670108820e-02 1.00096961663942e+05 
8.98623279576678e-02 1.00072196532202e+05 
9.02886997117817e-02 1.00042857278432e+05 
9.07153821655761e-02 1.00009796771915e+05 
9.11424302379448e-02 9.99735112755882e+04 
9.15696448515491e-02 9.99337112918204e+04 
9.19964674945246e-02 9.98908913072066e+04 
9.24232494784895e-02 9.98465028775696e+04 
9.28501654254891e-02 9.98006551470657e+04 
9.32776525362124e-02 9.97541450720878e+04 
9.37057140060499e-02 9.97072929019843e+04 
9.41341261103661e-02 9.96595911975698e+04 
9.45623654513329e-02 9.96121360589609e+04 
9.49907045115628e-02 9.95663235651861e+04 
9.54189625933167e-02 9.95215698702524e+04 
9.58474235238764e-02 9.94785993322946e+04 
9.62762884858862e-02 9.94375664749856e+04 
9.67053255006264e-02 9.93973025432617e+04 
9.71340597735968e-02 9.93587837560122e+04 
9.75629990270749e-02 9.93235892884934e+04 
9.79919801435689e-02 9.92914494955352e+04 
9.84213680609732e-02 9.92629240820675e+04 
9.88512725310711e-02 9.92389256452615e+04 
9.92814333329294e-02 9.92202865825942e+04 
9.97114295431925e-02 9.92052563577924e+04 
1.00141732474517e-01 9.91990446325067e+04 
1.00572007269208e-01 9.91993356683410e+04 
1.01002603739069e-01 9.92025302372988e+04 
1.01433665698167e-01 9.92066043264553e+04 
1.01864934048718e-01 9.92126799404913e+04 
1.02296082481239e-01 9.92232740894140e+04 
1.02727349133129e-01 9.92399247171691e+04 
1.03158431155868e-01 9.92617442983762e+04 
1.03589685063591e-01 9.92892885759608e+04 
1.04021275543047e-01 9.93236152785986e+04 
1.04452899897664e-01 9.93636550524959e+04 
1.04884201589399e-01 9.94094995408524e+04 
1.05315522439140e-01 9.94621586674882e+04 
1.05746663611374e-01 9.95216012906468e+04 
1.06177973400077e-01 9.95868543954957e+04 
1.06609655914857e-01 9.96583056370807e+04 
1.07041355713262e-01 9.97354831914877e+04 
1.07472732046930e-01 9.98176106528162e+04 
1.07904208341110e-01 9.99045840247932e+04 
1.08335578070433e-01 9.99950177996121e+04 
1.08767212174591e-01 1.00088005491874e+05 
1.09199305405864e-01 1.00182150488950e+05 
1.09631478890335e-01 1.00276038151446e+05 
1.10063394698835e-01 1.00367275097428e+05 
1.10495531553016e-01 1.00454941300182e+05 
1.10927680529514e-01 1.00536845285175e+05 
1.11359923550458e-01 1.00612954798789e+05 
1.11792392824187e-01 1.00678968822342e+05 
1.12224847763030e-01 1.00735281348867e+05 
1.12657045842204e-01 1.00779399345303e+05 
1.13089248476188e-01 1.00810972439668e+05 
1.13521176372864e-01 1.00832991151429e+05 
1.13953288582647e-01 1.00844413934984e+05 
1.14385766062880e-01 1.00846885291755e+05 
1.14818340601657e-01 1.00847739551721e+05 
1.15250733377241e-01 1.00841583664506e+05 
1.15683308609907e-01 1.00823765511993e+05 
1.16115802537800e-01 1.00795235236104e+05 
1.16548638905666e-01 1.00759236741269e+05 
1.16982017055244e-01 1.00714503046144e+05 
1.17415653141557e-01 1.00662596222692e+05 
1.17849231171209e-01 1.00606771265342e+05 
1.18283150985096e-01 1.00545305918635e+05 
1.18717228899447e-01 1.00481851644177e+05 
1.19151871604205e-01 1.00416070662827e+05 
1.19587260727471e-01 1.00348462372632e+05 
1.20023077089131e-01 1.00281957712078e+05 
1.20458926117247e-01 1.00218518347864e+05 
1.20895254507614e-01 1.00156850210622e+05 
1.21331941304116e-01 1.00096899148151e+05 
1.21769052186549e-01 1.00041039612428e+05 
1.22206554387183e-01 9.99888336036474e+04 
1.22644402733333e-01 9.99414525816144e+04 
1.23082218569778e-01 9.98998219495599e+04 
1.23520141011991e-01 9.98627536890168e+04 
1.23958097142007e-01 9.98305099031778e+04 
1.24396210256010e-01 9.98032422067106e+04 
1.24834793243879e-01 9.97801605043593e+04 
1.25273755599138e-01 9.97616859370599e+04 
1.25712761401687e-01 9.97484277266462e+04 
1.26152041681921e-01 9.97388880402392e+04 
1.26591381647217e-01 9.97329591002967e+04 
1.27031061134670e-01 9.97311682992893e+04 
1.27471304656024e-01 9.97322873037378e+04 
1.27912017933137e-01 9.97361152487696e+04 
1.28352830811209e-01 9.97425255714042e+04 
1.28794048629724e-01 9.97515879894664e+04 
1.29235387070705e-01 9.97591400941210e+04 
1.29677173403388e-01 9.97664775172126e+04 
1.30119621858884e-01 9.97722008966458e+04 
1.30562501006360e-01 9.97785381452784e+04 
1.31005449819059e-01 9.97858258513631e+04 
1.31448921638290e-01 9.97927931967730e+04 
1.31892618628693e-01 9.97994765158014e+04 
1.32336910378010e-01 9.98059444943959e+04 
1.32781898743243e-01 9.98108840931659e+04 
1.33227289697868e-01 9.98138366291906e+04 
1.33672622597787e-01 9.98155153099227e+04 
1.34118065052370e-01 9.98162737521599e+04 
1.34563597207941e-01 9.98163187963305e+04 
1.35009501762047e-01 9.98165820803999e+04 
1.35455795729919e-01 9.98168098438180e+04 
1.35902453053218e-01 9.98150447959328e+04 
1.36349154784257e-01 9.98132215123700e+04 
1.36796119059272e-01 9.98142709578705e+04 
1.37243232483570e-01 9.98166007373268e+04 
1.37690467018943e-01 9.98186848226309e+04 
1.38138120465366e-01 9.98207683053396e+04 
1.38586091739913e-01 9.98215901476358e+04 
1.39034157448690e-01 9.98211300546119e+04 
1.39482525137854e-01 9.98200982015921e+04 
1.39930807542610e-01 9.98187224271369e+04 
1.40379377064089e-01 9.98171995029267e+04 
1.40828531656130e-01 9.98163921435680e+04 
1.41278123052860e-01 9.98165041727679e+04 
1.41727962555511e-01 9.98167374799386e+04 
1.42178302113500e-01 9.98182929837895e+04 
1.42628772415820e-01 9.98217391972751e+04 
1.43079530705827e-01 9.98269100059599e+04 
1.43530413619656e-01 9.98335217878207e+04 
1.43981501449589e-01 9.98412507251342e+04 
1.44432416528911e-01 9.98497134919707e+04 
1.44883137910043e-01 9.98591818021643e+04 
1.45334037330400e-01 9.98682752452176e+04 
1.45784966894754e-01 9.98778715913954e+04 
1.46236082911788e-01 9.98868183539343e+04 
1.46687376497459e-01 9.98939641265502e+04 
1.47138518998034e-01 9.98996519366683e+04 
1.47589536040919e-01 9.99048590608569e+04 
1.48040694768540e-01 9.99088826835225e+04 
1.48491935222617e-01 9.99116592741201e+04 
1.48943416222566e-01 9.99139190916614e+04 
1.49395031142228e-01 9.99144243888927e+04 
1.49846539527159e-01 9.99137209198573e+04 
1.50298023386237e-01 9.99131413910368e+04 
1.50749619854976e-01 9.99125835421077e+04 
1.51201336420131e-01 9.99117046863642e+04 
1.51653286414368e-01 9.99106254815878e+04 
1.52105318242080e-01 9.99085365058606e+04 
1.52557256473898e-01 9.99051083362343e+04 
1.53009239073156e-01 9.99013401265764e+04 
1.53461304973578e-01 9.98975276675805e+04 
1.53913537675771e-01 9.98930793731221e+04 
1.54366001518507e-01 9.98891253961406e+04 
1.54818492338328e-01 9.98854076407024e+04 
1.55270879145052e-01 9.98828729661771e+04 
1.55723396528024e-01 9.98820295082557e+04 
1.56175991331839e-01 9.98832602012143e+04 
1.56628845372499e-01 9.98854160608966e+04 
1.57081997784034e-01 9.98900379396566e+04 
1.57535210042876e-01 9.98971200416254e+04 
1.57988452485555e-01 9.99063466397025e+04 
1.58442060901394e-01 9.99191692343941e+04 
1.58895902504920e-01 9.99349493701238e+04 
1.59349571472962e-01 9.99516949973569e+04 
1.59803122838631e-01 9.99703754560355e+04 
1.60256587099184e-01 9.99901421162980e+04 
1.60709703214113e-01 1.00010643809338e+05 
1.61162594916852e-01 1.00032416048291e+05 
1.61615411968269e-01 1.00055726147299e+05 
1.62068051585984e-01 1.00078859668642e+05 
1.62520694525667e-01 1.00102593685702e+05 
1.62973258702208e-01 1.00125834058798e+05 
1.63425537830217e-01 1.00147837558688e+05 
1.63877800604321e-01 1.00168600533368e+05 
1.64330052519876e-01 1.00187938442654e+05 
1.64782322033998e-01 1.00205535026224e+05 
1.65234758783430e-01 1.00221959365398e+05 
1.65687164219517e-01 1.00235607126006e+05 
1.66139417827165e-01 1.00245137971569e+05 
1.66591813133155e-01 1.00250922995535e+05 
1.67044288161391e-01 1.00253915608553e+05 
1.67496913845682e-01 1.00253068414374e+05 
1.67949849113869e-01 1.00249225105638e+05 
1.68402851969102e-01 1.00241215463114e+05 
1.68855900498254e-01 1.00229552269325e+05 
1.69309282287849e-01 1.00216034828336e+05 
1.69762888659654e-01 1.00201043454258e+05 
1.70216774470717e-01 1.00182956699328e+05 
1.70671077667923e-01 1.00162468293536e+05 
1.71125560076537e-01 1.00138765827175e+05 
1.71580248836305e-01 1.00112615705034e+05 
1.72035389972520e-01 1.00085830735677e+05 
1.72490820853285e-01 1.00059254219386e+05 
1.72946567905725e-01 1.00032178186293e+05 
1.73402752185419e-01 1.00005705571198e+05 
1.73859138903683e-01 9.99790119074783e+04 
1.74315764628960e-01 9.99521371604703e+04 
1.74772839260463e-01 9.99258181471657e+04 
1.75230168295629e-01 9.99007807355567e+04 
1.75687786049861e-01 9.98756862286349e+04 
1.76145788807467e-01 9.98522819058084e+04 
1.76603927183331e-01 9.98296667584290e+04 
1.77062252691356e-01 9.98089200509439e+04 
1.77521031960991e-01 9.97911738461584e+04 
1.77980007499210e-01 9.97777611415593e+04 
1.78439278548993e-01 9.97672768659750e+04 
1.78898943902207e-01 9.97617754911024e+04 
1.79358742684336e-01 9.97595407801840e+04 
1.79818791780418e-01 9.97601732848793e+04 
1.80279424018802e-01 9.97630261753381e+04 
1.80740037157900e-01 9.97685901435005e+04 
1.81200434683731e-01 9.97757659820538e+04 
1.81660831537423e-01 9.97851433068264e+04 
1.82121152736392e-01 9.97951782175905e+04 
1.82581279933374e-01 9.98056721254974e+04 
1.83041290092660e-01 9.98175489084811e+04 
1.83501246022444e-01 9.98320474641758e+04 
1.83961073768928e-01 9.98485008100914e+04 
1.84420918644472e-01 9.98670952206049e+04 
1.84880635263224e-01 9.98865567562290e+04 
1.85340161233454e-01 9.99061723609826e+04 
1.85799648914343e-01 9.99269927120457e+04 
1.86259105683203e-01 9.99490902687451e+04 
1.86718523531591e-01 9.99708770906963e+04 
1.87178012483590e-01 9.99928533783469e+04 
1.87637370095329e-01 1.00012570477408e+05 
1.88096567050709e-01 1.00030235468325e+05 
1.88555804989363e-01 1.00046981137548e+05 
1.89015016390025e-01 1.00064566038124e+05 
1.89474228477640e-01 1.00080492758885e+05 
1.89933529237096e-01 1.00095711933092e+05 
1.90392697850328e-01 1.00109084028070e+05 
1.90851706065461e-01 1.00119826541375e+05 
1.91310814103381e-01 1.00129415714255e+05 
1.91769890726436e-01 1.00138882138921e+05 
1.92229039772837e-01 1.00146771297010e+05 
1.92688354356166e-01 1.00155268220713e+05 
1.93147587810886e-01 1.00162853878662e+05 
1.93606757908130e-01 1.00168211711059e+05 
1.94066153840549e-01 1.00172856530468e+05 
1.94525574186792e-01 1.00177813734143e+05 
1.94985163363086e-01 1.00181947569990e+05 
1.95445033107062e-01 1.00186112305573e+05 
1.95904883735769e-01 1.00187865793079e+05 
1.96364791022742e-01 1.00188876984278e+05 
1.96825031767563e-01 1.00189518818149e+05 
1.97285357541103e-01 1.00190164477198e+05 
1.97745966881759e-01 1.00189982290778e+05 
1.98206979576764e-01 1.00189860331332e+05 
1.98668084204632e-01 1.00188842695682e+05 
1.99129407091903e-01 1.00187035527222e+05 
1.99591241841587e-01 1.00185562113669e+05 
2.00053315355918e-01 1.00185573742612e+05 
2.00515844440897e-01 1.00185853442086e+05 
