# Liste des scalaires : TEMPS pmat 
0.00000000000000e+00 1.00000000000000e+05 
5.42217668469038e-05 1.00000000000000e+05 
1.00821478578487e-04 1.00000000000000e+05 
1.36357409066234e-04 1.00000000000000e+05 
1.63414609388400e-04 1.00000000000000e+05 
1.85397873919505e-04 1.00000000000000e+05 
2.04369642400685e-04 1.00000000000000e+05 
2.21548627161053e-04 1.00000000000000e+05 
2.37661623995808e-04 1.00000000000000e+05 
2.55385920514038e-04 1.00000000000000e+05 
2.74882646684090e-04 1.00000000000000e+05 
2.96329045471149e-04 1.00000000000000e+05 
3.19920084136913e-04 1.00000000000000e+05 
3.45870226669253e-04 1.00000000000000e+05 
3.74415383454827e-04 1.00000000000000e+05 
4.05815055918959e-04 1.00000000000000e+05 
4.40354695629504e-04 1.00000000000000e+05 
4.78348299311104e-04 1.00000000000000e+05 
5.20141263360863e-04 1.00000000000000e+05 
5.66113523815599e-04 1.00000000000000e+05 
6.11766519519193e-04 1.00000000000000e+05 
6.58581622022395e-04 1.00000000000000e+05 
7.06792108821593e-04 1.00000000000000e+05 
7.56679480949659e-04 1.00000000000000e+05 
8.08630492651537e-04 1.00000000000000e+05 
8.62115123789848e-04 1.00000000000000e+05 
9.13244591904380e-04 1.00000000000000e+05 
9.66034410435551e-04 1.00000000000000e+05 
1.02046089551137e-03 1.00000000000000e+05 
1.07671400304134e-03 1.00000000000000e+05 
1.13483618443487e-03 1.00000000000000e+05 
1.19019593030358e-03 1.00000000000000e+05 
1.24706772759727e-03 1.00000000000000e+05 
1.30555240275839e-03 1.00000000000000e+05 
1.36566406173080e-03 1.00000000000000e+05 
1.42752382184823e-03 1.00000000000000e+05 
1.49140094031850e-03 1.00000000000000e+05 
1.55731426889088e-03 1.00000000000000e+05 
1.62068368542527e-03 1.00000000000000e+05 
1.68418692763907e-03 1.00000000000000e+05 
1.74904544430166e-03 1.00000000000000e+05 
1.81574902999635e-03 1.00000000000000e+05 
1.88369204926735e-03 1.00000000000000e+05 
1.95352014706148e-03 1.00000000000000e+05 
2.02188917896326e-03 1.00000000000000e+05 
2.09009511279257e-03 1.00000000000000e+05 
2.15903613548102e-03 1.00000000000000e+05 
2.22933545019330e-03 1.00000000000000e+05 
2.30103883049817e-03 1.00000000000000e+05 
2.37413449120733e-03 1.00000000000000e+05 
2.44889610151581e-03 1.00000000000000e+05 
2.52531087074723e-03 1.00000000000000e+05 
2.60211407443517e-03 1.00000000000000e+05 
2.67630398872536e-03 1.00000000000000e+05 
2.75158051448397e-03 1.00000000000000e+05 
2.82808913266869e-03 1.00000000000000e+05 
2.90591861695341e-03 1.00000000000000e+05 
2.98511331493795e-03 1.00000000000000e+05 
3.06478521726611e-03 1.00000000000000e+05 
3.14183563092447e-03 1.00000000000000e+05 
3.22036771498657e-03 1.00000000000000e+05 
3.30035615825901e-03 1.00000000000000e+05 
3.38139624401755e-03 1.00000000000000e+05 
3.46336356979996e-03 1.00000000000000e+05 
3.54537062390966e-03 1.00000000000000e+05 
3.62859929712625e-03 1.00000000000000e+05 
3.71280086221587e-03 1.00000000000000e+05 
3.79806805779795e-03 1.00000000000000e+05 
3.88443057873814e-03 1.00000000000000e+05 
3.97187352724134e-03 1.00000000000000e+05 
4.05930817226802e-03 1.00000000000000e+05 
4.14806580169549e-03 1.00000000000000e+05 
4.23817552129693e-03 1.00000000000000e+05 
4.32961090321533e-03 1.00000000000000e+05 
4.42251676265662e-03 1.00000000000000e+05 
4.51690491725638e-03 1.00000000000000e+05 
4.61125271702518e-03 1.00000000000000e+05 
4.70735251736516e-03 1.00000000000000e+05 
4.80390673324133e-03 1.00000000000000e+05 
4.89982871776579e-03 1.00000000000000e+05 
4.99364035244768e-03 1.00000000000000e+05 
5.08788719973348e-03 1.00000000000000e+05 
5.18170121052995e-03 1.00000000000000e+05 
5.27636016554413e-03 1.00000000000000e+05 
5.37177050715636e-03 1.00000000000000e+05 
5.46702224384101e-03 1.00000000000000e+05 
5.56050738238990e-03 1.00000000000000e+05 
5.65480511056267e-03 1.00000000000000e+05 
5.74841434707001e-03 1.00000000000000e+05 
5.84292503491081e-03 1.00000000000000e+05 
5.93743696583242e-03 1.00000000000000e+05 
6.03215840946333e-03 1.00000000000000e+05 
6.12668776456438e-03 1.00000000000000e+05 
6.22172003999570e-03 1.00000000000000e+05 
6.31670220596399e-03 1.00000000000000e+05 
6.41201405272334e-03 1.00000000000000e+05 
6.50744379772976e-03 1.00000000000000e+05 
6.60305105944995e-03 1.00000000000000e+05 
6.69871072641912e-03 1.00000000000000e+05 
6.79438205576129e-03 1.00000000000000e+05 
6.89008988361544e-03 1.00000000000000e+05 
6.98581607490466e-03 1.00000000000000e+05 
7.08162591876773e-03 1.00000000000000e+05 
7.17746112063715e-03 1.00000000000000e+05 
7.27337360069733e-03 1.00000000000000e+05 
7.36930184131569e-03 1.00000000000000e+05 
7.46526176713235e-03 1.00000000000000e+05 
7.56098771400526e-03 1.00000000000000e+05 
7.65703623601105e-03 1.00000000000000e+05 
7.75310296870995e-03 1.00000000000000e+05 
7.84923537168643e-03 1.00000000000000e+05 
7.94536083629906e-03 1.00000000000000e+05 
8.04149531848078e-03 1.00000000000000e+05 
8.13836891846638e-03 1.00000000000000e+05 
8.23538367639694e-03 1.00000000000000e+05 
8.33244158043405e-03 1.00000000000000e+05 
8.42954600382386e-03 1.00000000000000e+05 
8.52650641784390e-03 1.00000000000000e+05 
8.62344653878929e-03 1.00000000000000e+05 
8.72030768987836e-03 1.00000000000000e+05 
8.81708847636669e-03 1.00000000000000e+05 
8.91383638599080e-03 1.00000000000000e+05 
9.01061837816415e-03 1.00000000000000e+05 
9.10727160911250e-03 1.00000000000000e+05 
9.20409758494399e-03 1.00000000000000e+05 
9.30084108431210e-03 1.00000000000000e+05 
9.39763081721621e-03 1.00000000000000e+05 
9.49437515722912e-03 1.00000000000000e+05 
9.59113493660532e-03 1.00000000000000e+05 
9.68768168871694e-03 1.00000000000000e+05 
9.78426793345124e-03 1.00000000000000e+05 
9.88083946110949e-03 1.00000000000000e+05 
9.97751520977341e-03 1.00000000000000e+05 
1.00741797405717e-02 1.00000000000000e+05 
1.01708876647850e-02 1.00000000000000e+05 
1.02674052250460e-02 1.00000000000000e+05 
1.03639608930384e-02 1.00000000000000e+05 
1.04604871843090e-02 1.00000000000000e+05 
1.05571216482605e-02 1.00000000000000e+05 
1.06537551019673e-02 1.00000000000000e+05 
1.07504223229316e-02 1.00000000000000e+05 
1.08469063634917e-02 1.00000000000000e+05 
1.09434395911730e-02 1.00000000000000e+05 
1.10399816617267e-02 1.00000000000000e+05 
1.11366192524779e-02 1.00000000000000e+05 
1.12332595911300e-02 1.00000000000000e+05 
1.13297900520005e-02 1.00000000000000e+05 
1.14263945390033e-02 1.00000000000000e+05 
1.15230434413723e-02 1.00000000000000e+05 
1.16196908267393e-02 1.00000000000000e+05 
1.17163185913663e-02 1.00000000000000e+05 
1.18129124709782e-02 1.00000000000000e+05 
1.19093887733518e-02 1.00000000000000e+05 
1.20059770216642e-02 1.00000000000000e+05 
1.21026188367920e-02 1.00000000000000e+05 
1.21992489736901e-02 1.00000000000000e+05 
1.22958775617841e-02 1.00000000000000e+05 
1.23924659149536e-02 1.00000000000000e+05 
1.24889738563923e-02 1.00000000000000e+05 
1.25855008544949e-02 1.00000000000000e+05 
1.26820369931959e-02 1.00000000000000e+05 
1.27785735273731e-02 1.00000000000000e+05 
1.28751348316010e-02 1.00000000000000e+05 
1.29711605404583e-02 1.00000000000000e+05 
1.30676302012415e-02 1.00000000000000e+05 
1.31637066512404e-02 1.00000000000000e+05 
1.32598063714908e-02 1.00000000000000e+05 
1.33559392919156e-02 1.00000000000000e+05 
1.34526563598586e-02 1.00000000000000e+05 
1.35488371615418e-02 1.00000000000000e+05 
1.36451300983408e-02 1.00000000000000e+05 
1.37413644677127e-02 1.00000000000000e+05 
1.38376297741078e-02 1.00000000000000e+05 
1.39339292036788e-02 1.00000000000000e+05 
1.40302610875430e-02 1.00000000000000e+05 
1.41266215412010e-02 1.00000000000000e+05 
1.42231035438288e-02 1.00000000000000e+05 
1.43195107289391e-02 1.00000000000000e+05 
1.44159352428363e-02 1.00000000000000e+05 
1.45123943653039e-02 1.00000000000000e+05 
1.46088794338205e-02 1.00000000000000e+05 
1.47053932658327e-02 1.00000000000000e+05 
1.48020084908215e-02 1.00000000000000e+05 
1.48985638120793e-02 1.00000000000000e+05 
1.49951380974206e-02 1.00000000000000e+05 
1.50917536270182e-02 1.00000000000000e+05 
1.51883859538621e-02 1.00000000000000e+05 
1.52850320315105e-02 1.00000000000000e+05 
1.53816979940644e-02 1.00000000000000e+05 
1.54783671006771e-02 1.00000000000000e+05 
1.55750401533418e-02 1.00000000000000e+05 
1.56717454918546e-02 1.00000000000000e+05 
1.57684598013711e-02 1.00000000000000e+05 
1.58651862051128e-02 1.00000000000000e+05 
1.59618513007935e-02 1.00000000000000e+05 
1.60585611270490e-02 1.00000000000000e+05 
1.61552884733619e-02 1.00000000000000e+05 
1.62520353180193e-02 1.00000000000000e+05 
1.63488023385054e-02 1.00000000000000e+05 
1.64455463414228e-02 1.00000000000000e+05 
1.65422164890120e-02 1.00000000000000e+05 
1.66389426975691e-02 1.00000000000000e+05 
1.67356970254917e-02 1.00000000000000e+05 
1.68324631881087e-02 1.00000000000000e+05 
1.69292413403124e-02 1.00000000000000e+05 
1.70259911773853e-02 1.00000000000000e+05 
1.71226569851282e-02 1.00000000000000e+05 
1.72193955122376e-02 1.00000000000000e+05 
1.73161601799618e-02 1.00000000000000e+05 
1.74129238428227e-02 1.00000000000000e+05 
1.75096781705005e-02 1.00000000000000e+05 
1.76063821376223e-02 1.00000000000000e+05 
1.77029953208307e-02 1.00000000000000e+05 
1.77996880317806e-02 1.00000000000000e+05 
1.78964116445482e-02 1.00000000000000e+05 
1.79931418705229e-02 1.00000000000000e+05 
1.80898687445123e-02 1.00000000000000e+05 
1.81865461994372e-02 1.00000000000000e+05 
1.82831271040539e-02 1.00000000000000e+05 
1.83797683596518e-02 1.00000000000000e+05 
1.84764413460396e-02 1.00000000000000e+05 
1.85731305092576e-02 1.00000000000000e+05 
1.86698188957350e-02 1.00000000000000e+05 
1.87664804396097e-02 1.00000000000000e+05 
1.88630437521496e-02 1.00000000000000e+05 
1.89596832983299e-02 1.00000000000000e+05 
1.90563542488070e-02 1.00000000000000e+05 
1.91530379387786e-02 1.00000000000000e+05 
1.92497178542231e-02 1.00000000000000e+05 
1.93463658457843e-02 1.00000000000000e+05 
1.94429049685535e-02 1.00000000000000e+05 
1.95395177230373e-02 1.00000000000000e+05 
1.96361600220748e-02 1.00000000000000e+05 
1.97327503769202e-02 1.00000000000000e+05 
1.98293276264721e-02 1.00000000000000e+05 
1.99259095565097e-02 1.00000000000000e+05 
2.00224336343896e-02 1.00000000000000e+05 
2.01189594552706e-02 1.00000000000000e+05 
2.02154828297869e-02 1.00000000000000e+05 
2.03120075223769e-02 1.00000000000000e+05 
2.04085333456887e-02 1.00000000000000e+05 
2.05050345892687e-02 1.00000000000000e+05 
2.06014323935255e-02 1.00000000000000e+05 
2.06979258006529e-02 1.00000000000000e+05 
2.07944548743464e-02 1.00000000000000e+05 
2.08910107706769e-02 1.00000000000000e+05 
2.09875795047220e-02 1.00000000000000e+05 
2.10841289918724e-02 1.00000000000000e+05 
2.11805800014471e-02 1.00000000000000e+05 
2.12771375615058e-02 1.00000000000000e+05 
2.13737395649520e-02 1.00000000000000e+05 
2.14703734652642e-02 1.00000000000000e+05 
2.15670202702477e-02 1.00000000000000e+05 
2.16636579696965e-02 1.00000000000000e+05 
2.17602208183740e-02 1.00000000000000e+05 
2.18568163094905e-02 1.00000000000000e+05 
2.19534097452335e-02 1.00000000000000e+05 
2.20500101038533e-02 1.00000000000000e+05 
2.21466147132432e-02 1.00000000000000e+05 
2.22432045820692e-02 1.00000000000000e+05 
2.23396978031151e-02 1.00000000000000e+05 
2.24363030479854e-02 1.00000000000000e+05 
2.25328470123832e-02 1.00000000000000e+05 
2.26294963559624e-02 1.00000000000000e+05 
2.27261437293743e-02 1.00000000000000e+05 
2.28227688291014e-02 1.00000000000000e+05 
2.29192935817287e-02 1.00000000000000e+05 
2.30159352232024e-02 1.00000000000000e+05 
2.31126115778957e-02 1.00000000000000e+05 
2.32093190084888e-02 1.00000000000000e+05 
2.33060436522265e-02 1.00000000000000e+05 
2.34027646285753e-02 1.00000000000000e+05 
2.34993956769175e-02 1.00000000000000e+05 
2.35961596768249e-02 1.00000000000000e+05 
2.36929644963879e-02 1.00000000000000e+05 
2.37897143602041e-02 1.00000000000000e+05 
2.38864623005997e-02 1.00000000000000e+05 
2.39833355431694e-02 1.00000000000000e+05 
2.40801244754468e-02 1.00000000000000e+05 
2.41770549500270e-02 1.00000000000000e+05 
2.42740397884076e-02 1.00000000000000e+05 
2.43708496553011e-02 1.00000000000000e+05 
2.44676579436113e-02 1.00000000000000e+05 
2.45644603393932e-02 1.00000000000000e+05 
2.46613301810611e-02 1.00000000000000e+05 
2.47584353482198e-02 1.00000000000000e+05 
2.48555531775664e-02 1.00000000000000e+05 
2.49523874450505e-02 1.00000000000000e+05 
2.50492229818775e-02 1.00000000000000e+05 
2.51460195064258e-02 1.00000000000000e+05 
2.52429103916783e-02 1.00000000000000e+05 
2.53401640114911e-02 1.00000000000000e+05 
2.54374286419657e-02 1.00000000000000e+05 
2.55347608208672e-02 1.00000000000000e+05 
2.56321423076359e-02 1.00000000000000e+05 
2.57295780619308e-02 1.00000000000000e+05 
2.58269786227023e-02 1.00000000000000e+05 
2.59240215319590e-02 1.00000000000000e+05 
2.60215742999147e-02 1.00000000000000e+05 
2.61191996535805e-02 1.00000000000000e+05 
2.62162738470633e-02 1.00000000000000e+05 
2.63139927342158e-02 1.00000000000000e+05 
2.64111725499444e-02 1.00000000000000e+05 
2.65083118827966e-02 1.00000000000000e+05 
2.66061705596313e-02 1.00000000000000e+05 
2.67041257982413e-02 1.00000000000000e+05 
2.68012911021523e-02 1.00000000000000e+05 
2.68993849920776e-02 1.00000000000000e+05 
2.69966528481694e-02 1.00000000000000e+05 
2.70938738671653e-02 1.00000000000000e+05 
2.71921867172151e-02 1.00000000000000e+05 
2.72906275187561e-02 1.00000000000000e+05 
2.73879038074088e-02 1.00000000000000e+05 
2.74856105732384e-02 1.00000000000000e+05 
2.75830318042909e-02 1.00000000000000e+05 
2.76804185275995e-02 1.00000000000000e+05 
2.77782135589889e-02 1.00000000000000e+05 
2.78760307117448e-02 1.00000000000000e+05 
2.79734821377431e-02 1.00000000000000e+05 
2.80713472122633e-02 1.00000000000000e+05 
2.81689366377011e-02 1.00000000000000e+05 
2.82664887851363e-02 1.00000000000000e+05 
2.83640430266718e-02 1.00000000000000e+05 
2.84612685821758e-02 1.00000000000000e+05 
2.85588780261007e-02 1.00000000000000e+05 
2.86564910414507e-02 1.00000000000000e+05 
2.87531152687229e-02 1.00000000000000e+05 
2.88508186630839e-02 1.00000000000000e+05 
2.89475406875041e-02 1.00000000000000e+05 
2.90452804103733e-02 1.00000000000000e+05 
2.91430850013477e-02 1.00000000000000e+05 
2.92409181510222e-02 1.00000000000000e+05 
2.93380349878851e-02 1.00000000000000e+05 
2.94359754997437e-02 1.00000000000000e+05 
2.95332178234227e-02 1.00000000000000e+05 
2.96311926601781e-02 1.00000000000000e+05 
2.97291949742126e-02 1.00000000000000e+05 
2.98272102935864e-02 1.00000000000000e+05 
2.99249030267499e-02 1.00000000000000e+05 
3.00230022628969e-02 1.00000000000000e+05 
3.01208811712645e-02 1.00000000000000e+05 
3.02190191600844e-02 1.00000000000000e+05 
3.03171708418376e-02 1.00000000000000e+05 
3.04153390731732e-02 1.00000000000000e+05 
3.05136307506360e-02 1.00000000000000e+05 
3.06118814189527e-02 1.00000000000000e+05 
3.07101673381584e-02 1.00000000000000e+05 
3.08085025675440e-02 1.00000000000000e+05 
3.09068399328516e-02 1.00000000000000e+05 
3.10052080404508e-02 1.00000000000000e+05 
3.11036983586794e-02 1.00000000000000e+05 
3.12021347000688e-02 1.00000000000000e+05 
3.13006450946052e-02 1.00000000000000e+05 
3.13979947817937e-02 1.00000000000000e+05 
3.14954333242142e-02 1.00000000000000e+05 
3.15928692574142e-02 1.00000000000000e+05 
3.16904019497899e-02 1.00000000000000e+05 
3.17881178476425e-02 1.00000000000000e+05 
3.18858407357541e-02 1.00000000000000e+05 
3.19833552281208e-02 1.00000000000000e+05 
3.20809595821805e-02 1.00000000000000e+05 
3.21785621411211e-02 1.00000000000000e+05 
3.22762652969911e-02 1.00000000000000e+05 
3.23739185662004e-02 1.00000000000000e+05 
3.24716182315595e-02 1.00000000000000e+05 
3.25693039985190e-02 1.00000000000000e+05 
3.26671189342628e-02 1.00000000000000e+05 
3.27649451576579e-02 1.00000000000000e+05 
3.28628803785829e-02 1.00000000000000e+05 
3.29607617368442e-02 1.00000000000000e+05 
3.30587617935153e-02 1.00000000000000e+05 
3.31567652586034e-02 1.00000000000000e+05 
3.32548363863323e-02 1.00000000000000e+05 
3.33529375796233e-02 1.00000000000000e+05 
3.34511292875536e-02 1.00000000000000e+05 
3.35493580134128e-02 1.00000000000000e+05 
3.36476101460140e-02 1.00000000000000e+05 
3.37458323384419e-02 1.00000000000000e+05 
3.38440955700314e-02 1.00000000000000e+05 
3.39423262504467e-02 1.00000000000000e+05 
3.40406011534488e-02 1.00000000000000e+05 
3.41388191375723e-02 1.00000000000000e+05 
3.42370493333698e-02 1.00000000000000e+05 
3.43352622960654e-02 1.00000000000000e+05 
3.44335318642517e-02 1.00000000000000e+05 
3.45318099488183e-02 1.00000000000000e+05 
3.46301730521999e-02 1.00000000000000e+05 
3.47285190101129e-02 1.00000000000000e+05 
3.48271526462581e-02 1.00000000000000e+05 
3.49257905854068e-02 1.00000000000000e+05 
3.50244600506293e-02 1.00000000000000e+05 
3.51231357320626e-02 1.00000000000000e+05 
3.52219164589768e-02 1.00000000000000e+05 
3.53207547200419e-02 1.00000000000000e+05 
3.54196199917325e-02 1.00000000000000e+05 
3.55185328792534e-02 1.00000000000000e+05 
3.56175224004802e-02 1.00000000000000e+05 
3.57165957382139e-02 1.00000000000000e+05 
3.58157506607072e-02 1.00000000000000e+05 
3.59151219479037e-02 1.00000000000000e+05 
3.60142627719723e-02 1.00000000000000e+05 
3.61139090579277e-02 1.00000000000000e+05 
3.62137705775138e-02 1.00000000000000e+05 
3.63138764889293e-02 1.00000000000000e+05 
3.64128312467165e-02 1.00000000000000e+05 
3.65117560660484e-02 1.00000000000000e+05 
3.66107485744024e-02 1.00000000000000e+05 
3.67097881346496e-02 1.00000000000000e+05 
3.68089342519863e-02 1.00000000000000e+05 
3.69081491588879e-02 1.00000000000000e+05 
3.70075055492187e-02 1.00000000000000e+05 
3.71068587259942e-02 1.00000000000000e+05 
3.72062891917110e-02 1.00000000000000e+05 
3.73057498575258e-02 1.00000000000000e+05 
3.74052815873003e-02 1.00000000000000e+05 
3.75048400448654e-02 1.00000000000000e+05 
3.76045372029386e-02 1.00000000000000e+05 
3.77042481033719e-02 1.00000000000000e+05 
3.78040277292212e-02 1.00000000000000e+05 
3.79038288137463e-02 1.00000000000000e+05 
3.80037048676276e-02 1.00000000000000e+05 
3.81036215582387e-02 1.00000000000000e+05 
3.82036372990349e-02 1.00000000000000e+05 
3.83036653695734e-02 1.00000000000000e+05 
3.84037521632065e-02 1.00000000000000e+05 
3.85038474658319e-02 1.00000000000000e+05 
3.86040083766674e-02 1.00000000000000e+05 
3.87042146398753e-02 1.00000000000000e+05 
3.88045480567923e-02 1.00000000000000e+05 
3.89048915164702e-02 1.00000000000000e+05 
3.90052957671367e-02 1.00000000000000e+05 
3.91057291312528e-02 1.00000000000000e+05 
3.92062245492942e-02 1.00000000000000e+05 
3.93067806965785e-02 1.00000000000000e+05 
3.94074810237377e-02 1.00000000000000e+05 
3.95082232253443e-02 1.00000000000000e+05 
3.96090563221343e-02 1.00000000000000e+05 
3.97099390898867e-02 1.00000000000000e+05 
3.98108830444538e-02 1.00000000000000e+05 
3.99119001946681e-02 1.00000000000000e+05 
4.00130642559040e-02 1.00000000000000e+05 
4.01142659040428e-02 1.00000000000000e+05 
4.02155722271018e-02 1.00000000000000e+05 
4.03169520242681e-02 1.00000000000000e+05 
4.04184225544434e-02 1.00000000000000e+05 
4.05199967818279e-02 1.00000000000000e+05 
4.06217608589547e-02 1.00000000000000e+05 
4.07235910781569e-02 1.00000000000000e+05 
4.08255742085799e-02 1.00000000000000e+05 
4.09276303299285e-02 1.00000000000000e+05 
4.10298094196787e-02 1.00000000000000e+05 
4.11321643250690e-02 1.00000000000000e+05 
4.12347859422575e-02 1.00000000000000e+05 
4.13376154214175e-02 1.00000000000000e+05 
4.14407867088320e-02 1.00000000000000e+05 
4.15441380027912e-02 1.00000000000000e+05 
4.16475336681903e-02 1.00000000000000e+05 
4.17509689370096e-02 1.00000000000000e+05 
4.18544362563217e-02 1.00000000000000e+05 
4.19577841370134e-02 1.00000000000000e+05 
4.20612147560254e-02 1.00000000000000e+05 
4.21647658257405e-02 1.00000000000000e+05 
4.22683098427379e-02 1.00000000000000e+05 
4.23719111080198e-02 1.00000000000000e+05 
4.24755506585370e-02 1.00000000000000e+05 
4.25790608860947e-02 1.00000000000000e+05 
4.26826755688382e-02 1.00000000000000e+05 
4.27864390796406e-02 1.00000000000000e+05 
4.28902487973273e-02 1.00000000000000e+05 
4.29941408838276e-02 1.00000000000000e+05 
4.30980615609357e-02 1.00000000000000e+05 
4.32018912243073e-02 1.00000000000000e+05 
4.33058177893653e-02 1.00000000000000e+05 
4.34097964387999e-02 1.00000000000000e+05 
4.35137704472828e-02 1.00000000000000e+05 
4.36177575528451e-02 1.00000000000000e+05 
4.37217481841955e-02 1.00000000000000e+05 
4.38257566302979e-02 1.00000000000000e+05 
4.39297923033018e-02 1.00000000000000e+05 
4.40338478529663e-02 1.00000000000000e+05 
4.41379024160871e-02 1.00000000000000e+05 
4.42419725327488e-02 1.00000000000000e+05 
4.43460525346028e-02 1.00000000000000e+05 
4.44501416241291e-02 1.00000000000000e+05 
4.45542669141347e-02 1.00000000000000e+05 
4.46584298831667e-02 1.00000000000000e+05 
4.47626154144515e-02 1.00000000000000e+05 
4.48668269726131e-02 1.00000000000000e+05 
4.49710540090536e-02 1.00000000000000e+05 
4.50752836161200e-02 1.00000000000000e+05 
4.51795302479589e-02 1.00000000000000e+05 
4.52837773644782e-02 1.00000000000000e+05 
4.53879946894959e-02 1.00000000000000e+05 
4.54921931960095e-02 1.00000000000000e+05 
4.55963739475484e-02 1.00000000000000e+05 
4.57005621884661e-02 1.00000000000000e+05 
4.58047875646941e-02 1.00000000000000e+05 
4.59090519236372e-02 1.00000000000000e+05 
4.60133353306827e-02 1.00000000000000e+05 
4.61176473454782e-02 1.00000000000000e+05 
4.62219652883827e-02 1.00000000000000e+05 
4.63262965588131e-02 1.00000000000000e+05 
4.64306726621264e-02 1.00000000000000e+05 
4.65351016388137e-02 1.00000000000000e+05 
4.66395578205761e-02 1.00000000000000e+05 
4.67440705413582e-02 1.00000000000000e+05 
4.68486525258990e-02 1.00000000000000e+05 
4.69532993478811e-02 1.00000000000000e+05 
4.70579774680753e-02 1.00000000000000e+05 
4.71627353080215e-02 1.00000000000000e+05 
4.72675357166592e-02 1.00000000000000e+05 
4.73723719440026e-02 1.00000000000000e+05 
4.74772717741616e-02 1.00000000000000e+05 
4.75822451663427e-02 1.00000000000000e+05 
4.76872908947532e-02 1.00000000000000e+05 
4.77924251884172e-02 1.00000000000000e+05 
4.78976262829507e-02 1.00000000000000e+05 
4.80028865199378e-02 1.00000000000000e+05 
4.81082021093568e-02 1.00000000000000e+05 
4.82135724511719e-02 1.00000000000000e+05 
4.83189750537132e-02 1.00000000000000e+05 
4.84244298596299e-02 1.00000000000000e+05 
4.85299186133704e-02 1.00000000000000e+05 
4.86354350286846e-02 1.00000000000000e+05 
4.87409845306119e-02 1.00000000000000e+05 
4.88465711944692e-02 1.00000000000000e+05 
4.89521806975749e-02 1.00000000000000e+05 
4.90578390574757e-02 1.00000000000000e+05 
4.91635417944325e-02 1.00000000000000e+05 
4.92692914409314e-02 1.00000000000000e+05 
4.93750872259752e-02 1.00000000000000e+05 
4.94809372792648e-02 1.00000000000000e+05 
4.95868305445213e-02 1.00000000000000e+05 
4.96927992188744e-02 1.00000000000000e+05 
4.97988275676026e-02 1.00000000000000e+05 
4.99048182222318e-02 1.00000000000000e+05 
5.00108105029433e-02 1.00000000000000e+05 
5.01168792685988e-02 1.00000000000000e+05 
5.02229597039412e-02 1.00000000000000e+05 
5.03291873045767e-02 1.00000000000000e+05 
5.04355743106342e-02 1.00000000000000e+05 
5.05421133177010e-02 1.00000000000000e+05 
5.06487283863320e-02 1.00000000000000e+05 
5.07554520510996e-02 1.00000000000000e+05 
5.08623597850858e-02 1.00000000000000e+05 
5.09693645396933e-02 1.00000000000000e+05 
5.10764636582136e-02 1.00000000000000e+05 
5.11836127915548e-02 1.00000000000000e+05 
5.12908860854684e-02 1.00000000000000e+05 
5.13981359073003e-02 1.00000000000000e+05 
5.15054401075664e-02 1.00000000000000e+05 
5.16128350326939e-02 1.00000000000000e+05 
5.17203365574133e-02 1.00000000000000e+05 
5.18279252946687e-02 1.00000000000000e+05 
5.19356834344687e-02 1.00000000000000e+05 
5.20434933539187e-02 1.00000000000000e+05 
5.21513904829263e-02 1.00000000000000e+05 
5.22594112034940e-02 1.00000000000000e+05 
5.23675805670606e-02 1.00000000000000e+05 
5.24758772761770e-02 1.00000000000000e+05 
5.25810481309649e-02 1.00000000000000e+05 
5.26871149031390e-02 1.00000000000000e+05 
5.27923406044645e-02 1.00000000000000e+05 
5.28998372655715e-02 1.00000000000000e+05 
5.30080160223713e-02 1.00000000000000e+05 
5.31161922414186e-02 1.00000000000000e+05 
5.32215902610413e-02 1.00000000000000e+05 
5.33260106063653e-02 1.00000000000000e+05 
5.34315138385439e-02 1.00000000000000e+05 
5.35389617705169e-02 1.00000000000000e+05 
5.36434821687350e-02 1.00000000000000e+05 
5.37517483715054e-02 1.00000000000000e+05 
5.38563244255912e-02 1.00000000000000e+05 
5.39609148957660e-02 1.00000000000000e+05 
5.40665123314822e-02 1.00000000000000e+05 
5.41736994010548e-02 1.00000000000000e+05 
5.42783420945149e-02 1.00000000000000e+05 
5.43865056293145e-02 1.00000000000000e+05 
5.44911861695887e-02 1.00000000000000e+05 
5.45958817095529e-02 1.00000000000000e+05 
5.47016014191598e-02 1.00000000000000e+05 
5.48087642940321e-02 1.00000000000000e+05 
5.49135065275613e-02 1.00000000000000e+05 
5.50217637780960e-02 1.00000000000000e+05 
5.51265305965020e-02 1.00000000000000e+05 
5.52313058470206e-02 1.00000000000000e+05 
5.53372660849616e-02 1.00000000000000e+05 
5.54446186777772e-02 1.00000000000000e+05 
5.55494289273096e-02 1.00000000000000e+05 
5.56579976511249e-02 1.00000000000000e+05 
5.57628190347541e-02 1.00000000000000e+05 
5.58676275324712e-02 1.00000000000000e+05 
5.59722036014545e-02 1.00000000000000e+05 
5.60768351817963e-02 1.00000000000000e+05 
5.61815245419799e-02 1.00000000000000e+05 
5.62862798546495e-02 1.00000000000000e+05 
5.63911291406439e-02 1.00000000000000e+05 
5.64959997660590e-02 1.00000000000000e+05 
5.66009315818548e-02 1.00000000000000e+05 
5.67059030519555e-02 1.00000000000000e+05 
5.68108508370182e-02 1.00000000000000e+05 
5.69158671844497e-02 1.00000000000000e+05 
5.70208618337391e-02 1.00000000000000e+05 
5.71258729970872e-02 1.00000000000000e+05 
5.72309026645035e-02 1.00000000000000e+05 
5.73360430914315e-02 1.00000000000000e+05 
5.74411318600696e-02 1.00000000000000e+05 
5.75462358438368e-02 1.00000000000000e+05 
5.76513778345870e-02 1.00000000000000e+05 
5.77565421130304e-02 1.00000000000000e+05 
5.78617206154287e-02 1.00000000000000e+05 
5.79669302082313e-02 1.00000000000000e+05 
5.80721783579815e-02 1.00000000000000e+05 
5.81774472528729e-02 1.00000000000000e+05 
5.82827614453423e-02 1.00000000000000e+05 
5.83881163283621e-02 1.00000000000000e+05 
5.84935076945650e-02 1.00000000000000e+05 
5.85989458459267e-02 1.00000000000000e+05 
5.87044410232509e-02 1.00000000000000e+05 
5.88099639156721e-02 1.00000000000000e+05 
5.89155360814534e-02 1.00000000000000e+05 
5.90211322702960e-02 1.00000000000000e+05 
5.91267394955104e-02 1.00000000000000e+05 
5.92323658130576e-02 1.00000000000000e+05 
5.93380175535399e-02 1.00000000000000e+05 
5.94436606434648e-02 1.00000000000000e+05 
5.95493492986690e-02 1.00000000000000e+05 
5.96550386744512e-02 1.00000000000000e+05 
5.97607010826482e-02 1.00000000000000e+05 
5.98663373002064e-02 1.00000000000000e+05 
5.99720066422086e-02 1.00000000000000e+05 
6.00776072712818e-02 1.00000000000000e+05 
6.01832717690992e-02 1.00000000000000e+05 
6.02889273296928e-02 1.00000000000000e+05 
6.03945380745587e-02 1.00000000000000e+05 
6.05000648766525e-02 1.00000000000000e+05 
6.06056713634461e-02 1.00000000000000e+05 
6.07111370665396e-02 1.00000000000000e+05 
6.08166897043554e-02 1.00000000000000e+05 
6.09222180282135e-02 1.00000000000000e+05 
6.10276998389258e-02 1.00000000000000e+05 
6.11330485509289e-02 1.00000000000000e+05 
6.12385301971141e-02 1.00000000000000e+05 
6.13438712316813e-02 1.00000000000000e+05 
6.14493641042479e-02 1.00000000000000e+05 
6.15548459110396e-02 1.00000000000000e+05 
6.16602897692209e-02 1.00000000000000e+05 
6.17657825135819e-02 1.00000000000000e+05 
6.18713388200719e-02 1.00000000000000e+05 
6.19769935419287e-02 1.00000000000000e+05 
6.20827320407536e-02 1.00000000000000e+05 
6.21884854007596e-02 1.00000000000000e+05 
6.22942644254297e-02 1.00000000000000e+05 
6.24000751668689e-02 1.00000000000000e+05 
6.25059423320401e-02 1.00000000000000e+05 
6.26118189382050e-02 1.00000000000000e+05 
6.27177267801158e-02 1.00000000000000e+05 
6.28236341037706e-02 1.00000000000000e+05 
6.29295106329502e-02 1.00000000000000e+05 
6.30354039443990e-02 1.00000000000000e+05 
6.31413559661634e-02 1.00000000000000e+05 
6.32473124306761e-02 1.00000000000000e+05 
6.33533084243801e-02 1.00000000000000e+05 
6.34592976248997e-02 1.00000000000000e+05 
6.35652631551235e-02 1.00000000000000e+05 
6.36712291935602e-02 1.00000000000000e+05 
6.37772337729791e-02 1.00000000000000e+05 
6.38832450049744e-02 1.00000000000000e+05 
6.39893114658534e-02 1.00000000000000e+05 
6.40953473107177e-02 1.00000000000000e+05 
6.42013807068892e-02 1.00000000000000e+05 
6.43073856399266e-02 1.00000000000000e+05 
6.44134513419289e-02 1.00000000000000e+05 
6.45195532951918e-02 1.00000000000000e+05 
6.46257645886249e-02 1.00000000000000e+05 
6.47319185472754e-02 1.00000000000000e+05 
6.48382895398932e-02 1.00000000000000e+05 
6.49448372691016e-02 1.00000000000000e+05 
6.50513880556066e-02 1.00000000000000e+05 
6.51582350690066e-02 1.00000000000000e+05 
6.52655711634317e-02 1.00000000000000e+05 
6.53730455828520e-02 1.00000000000000e+05 
6.54811508796802e-02 1.00000000000000e+05 
6.55899499805942e-02 1.00000000000000e+05 
6.56995429346901e-02 1.00000000000000e+05 
6.58100533817276e-02 1.00000000000000e+05 
6.59193107485486e-02 1.00000000000000e+05 
6.60286171726235e-02 1.00000000000000e+05 
6.61379515935333e-02 1.00000000000000e+05 
6.62473770969167e-02 1.00000000000000e+05 
6.63568292459478e-02 1.00000000000000e+05 
6.64663269411769e-02 1.00000000000000e+05 
6.65745177979211e-02 1.00000000000000e+05 
6.66842243772897e-02 1.00000000000000e+05 
6.67926201499636e-02 1.00000000000000e+05 
6.69026658838195e-02 1.00000000000000e+05 
6.70128693572759e-02 1.00000000000000e+05 
6.71231513709385e-02 1.00000000000000e+05 
6.72320132180234e-02 1.00000000000000e+05 
6.73419419580887e-02 1.00000000000000e+05 
6.74509560632028e-02 1.00000000000000e+05 
6.75613181126273e-02 1.00000000000000e+05 
6.76717263255141e-02 1.00000000000000e+05 
6.77822137248041e-02 1.00000000000000e+05 
6.78915808043974e-02 1.00000000000000e+05 
6.80022802485955e-02 1.00000000000000e+05 
6.81118803605442e-02 1.00000000000000e+05 
6.82226492954347e-02 1.00000000000000e+05 
6.83338622870926e-02 1.00000000000000e+05 
6.84452713636186e-02 1.00000000000000e+05 
6.85539830591237e-02 1.00000000000000e+05 
6.86657362276576e-02 1.00000000000000e+05 
6.87744852311627e-02 1.00000000000000e+05 
6.88850615910549e-02 1.00000000000000e+05 
6.89975795108542e-02 1.00000000000000e+05 
6.91097217508537e-02 1.00000000000000e+05 
6.92186937000505e-02 1.00000000000000e+05 
6.93289946112743e-02 1.00000000000000e+05 
6.94380809655733e-02 1.00000000000000e+05 
6.95484914325281e-02 1.00000000000000e+05 
6.96603027176956e-02 1.00000000000000e+05 
6.97721209043125e-02 1.00000000000000e+05 
6.98814655459066e-02 1.00000000000000e+05 
6.99920823191371e-02 1.00000000000000e+05 
7.01016393559644e-02 1.00000000000000e+05 
7.02125611388953e-02 1.00000000000000e+05 
7.03249823423163e-02 1.00000000000000e+05 
7.04375984825250e-02 1.00000000000000e+05 
7.05477255424356e-02 1.00000000000000e+05 
7.06593966141096e-02 1.00000000000000e+05 
7.07699530123779e-02 1.00000000000000e+05 
7.08818421671359e-02 1.00000000000000e+05 
7.09959280854053e-02 1.00000000000000e+05 
7.11104936738466e-02 1.00000000000000e+05 
7.12215993090332e-02 1.00000000000000e+05 
7.13354815417228e-02 1.00000000000000e+05 
7.14468021616737e-02 1.00000000000000e+05 
7.15595441195588e-02 1.00000000000000e+05 
7.16745661153294e-02 1.00000000000000e+05 
7.17899614635156e-02 1.00000000000000e+05 
7.19017288235064e-02 1.00000000000000e+05 
7.20156457161911e-02 1.00000000000000e+05 
7.21276769702877e-02 1.00000000000000e+05 
7.22412851759169e-02 1.00000000000000e+05 
7.23565980598148e-02 1.00000000000000e+05 
7.24722933381016e-02 1.00000000000000e+05 
7.25849726810270e-02 1.00000000000000e+05 
7.26992824648597e-02 1.00000000000000e+05 
7.28125811128846e-02 1.00000000000000e+05 
7.29278502640199e-02 1.00000000000000e+05 
7.30453512931996e-02 1.00000000000000e+05 
7.31628928969691e-02 1.00000000000000e+05 
7.32773271625257e-02 1.00000000000000e+05 
7.33927636680569e-02 1.00000000000000e+05 
7.35072404904119e-02 1.00000000000000e+05 
7.36239440991798e-02 1.00000000000000e+05 
7.37426819556335e-02 1.00000000000000e+05 
7.38601715985491e-02 1.00000000000000e+05 
7.39748011940642e-02 1.00000000000000e+05 
7.40942873837614e-02 1.00000000000000e+05 
7.42089576899515e-02 1.00000000000000e+05 
7.43254568695563e-02 1.00000000000000e+05 
7.44435733603527e-02 1.00000000000000e+05 
7.45622265101806e-02 1.00000000000000e+05 
7.46775496298253e-02 1.00000000000000e+05 
7.47955683065840e-02 1.00000000000655e+05 
7.49114669871807e-02 1.00000000008231e+05 
7.50293284126835e-02 1.00000000026854e+05 
7.51486368209072e-02 1.00000000060860e+05 
7.52686232097902e-02 1.00000000114983e+05 
7.53855122091372e-02 1.00000000297788e+05 
7.55043900293685e-02 1.00000000531797e+05 
7.56219538954216e-02 1.00000000790200e+05 
7.57409178219008e-02 1.00000001062364e+05 
7.58619162231645e-02 1.00000001465710e+05 
7.59833390723000e-02 1.00000001888077e+05 
7.61017629200497e-02 1.00000002306091e+05 
7.62224266990826e-02 1.00000002727245e+05 
7.63414612893808e-02 1.00000003016889e+05 
7.64611259638388e-02 1.00000003231960e+05 
7.65838091855509e-02 1.00000003496786e+05 
7.67064015328817e-02 1.00000003796591e+05 
7.68257016849152e-02 1.00000004114593e+05 
7.69471404464135e-02 1.00000004494335e+05 
7.70664036843364e-02 1.00000004915961e+05 
7.71875259711772e-02 1.00000005404340e+05 
7.73112924012582e-02 1.00000005981382e+05 
7.74353631188056e-02 1.00000006643487e+05 
7.75558052133049e-02 1.00000007376999e+05 
7.76786216147751e-02 1.00000008231992e+05 
7.77996221512472e-02 1.00000009178410e+05 
7.79221397022856e-02 1.00000010293846e+05 
7.80467394380590e-02 1.00000011585344e+05 
7.81717285251303e-02 1.00000013055473e+05 
7.82935201188101e-02 1.00000014668247e+05 
7.84174541055098e-02 1.00000016510975e+05 
7.85396422655488e-02 1.00000018542287e+05 
7.86637129039803e-02 1.00000020846468e+05 
7.87898502918521e-02 1.00000023467470e+05 
7.89163928934266e-02 1.00000026410776e+05 
7.90397049372189e-02 1.00000029607449e+05 
7.91651616585820e-02 1.00000033234974e+05 
7.92892669996913e-02 1.00000037229707e+05 
7.94156057024599e-02 1.00000041761845e+05 
7.95444986327621e-02 1.00000046930461e+05 
7.96741585619791e-02 1.00000052752004e+05 
7.98000719595671e-02 1.00000059057377e+05 
7.99279587014098e-02 1.00000066208814e+05 
8.00544886550372e-02 1.00000074096990e+05 
8.01850621696122e-02 1.00000083195188e+05 
8.03160759359865e-02 1.00000093430079e+05 
8.04463003742197e-02 1.00000104841890e+05 
8.05729645165271e-02 1.00000117239070e+05 
8.07005661162445e-02 1.00000131200339e+05 
8.08272398323728e-02 1.00000146665371e+05 
8.09561615249817e-02 1.00000164265859e+05 
8.10871217357689e-02 1.00000184319301e+05 
8.12183362816108e-02 1.00000206896527e+05 
8.13466387630073e-02 1.00000231602582e+05 
8.14771359343836e-02 1.00000259767707e+05 
8.16065637499963e-02 1.00000291018992e+05 
8.17377481315017e-02 1.00000326512488e+05 
8.18688867212606e-02 1.00000366322387e+05 
8.19999672557721e-02 1.00000410987343e+05 
8.21311376183768e-02 1.00000460994504e+05 
8.22623274217770e-02 1.00000516999792e+05 
8.23935562428110e-02 1.00000579556459e+05 
8.25248424770192e-02 1.00000649487226e+05 
8.26562199034997e-02 1.00000727663934e+05 
8.27877463008604e-02 1.00000815097978e+05 
8.29193540390562e-02 1.00000912509458e+05 
8.30509484721267e-02 1.00001020992320e+05 
8.31825344556673e-02 1.00001141434518e+05 
8.33140868199273e-02 1.00001275224763e+05 
8.34456825772000e-02 1.00001423993122e+05 
8.35773374075319e-02 1.00001589477280e+05 
8.37091107584100e-02 1.00001772893305e+05 
8.38409310803707e-02 1.00001976252939e+05 
8.39727395127824e-02 1.00002201277357e+05 
8.41044928934561e-02 1.00002450438116e+05 
8.42362341727881e-02 1.00002726250198e+05 
8.43679541089436e-02 1.00003031033630e+05 
8.44996794164085e-02 1.00003365424513e+05 
8.46313896046837e-02 1.00003736344288e+05 
8.47630635598373e-02 1.00004146563733e+05 
8.48946844022533e-02 1.00004598832560e+05 
8.50262435659953e-02 1.00005097384358e+05 
8.51577718386463e-02 1.00005647812664e+05 
8.52892955218111e-02 1.00006257339770e+05 
8.54207998458271e-02 1.00006925086147e+05 
8.55523256192821e-02 1.00007654485425e+05 
8.56838496536875e-02 1.00008455341086e+05 
8.58091997938661e-02 1.00009293759007e+05 
8.59406521163557e-02 1.00010260735238e+05 
8.60613613569691e-02 1.00011231106265e+05 
8.61891526076052e-02 1.00012354561967e+05 
8.63208483688386e-02 1.00013624253088e+05 
8.64501423476443e-02 1.00014992702344e+05 
8.65820246023426e-02 1.00016525485895e+05 
8.67141679528548e-02 1.00018211961754e+05 
8.68455126385481e-02 1.00020047864390e+05 
8.69781893959822e-02 1.00022077271804e+05 
8.71112765231889e-02 1.00024302299565e+05 
8.72446232407646e-02 1.00026740060394e+05 
8.73782112030978e-02 1.00029410197406e+05 
8.75122356484426e-02 1.00032339038527e+05 
8.76468652498504e-02 1.00035547666592e+05 
8.77816471181712e-02 1.00039050652390e+05 
8.79172007727354e-02 1.00042887220853e+05 
8.80534577983854e-02 1.00047087810337e+05 
8.81906488154249e-02 1.00051690751237e+05 
8.83285770672013e-02 1.00056733479143e+05 
8.84666524658925e-02 1.00062219980951e+05 
8.86048214596757e-02 1.00068184654965e+05 
8.87430465860467e-02 1.00074641046654e+05 
8.88812885254745e-02 1.00081616012074e+05 
8.90195456631091e-02 1.00089146176557e+05 
8.91578114701302e-02 1.00097273334174e+05 
8.92961009766847e-02 1.00106011586701e+05 
8.94312205558965e-02 1.00115169626180e+05 
8.95665354398082e-02 1.00124971483096e+05 
8.97020806761321e-02 1.00135449695706e+05 
8.98377850392407e-02 1.00146630598336e+05 
8.99734867566392e-02 1.00158516633858e+05 
9.01091289074154e-02 1.00171103909668e+05 
9.02446929163860e-02 1.00184407954081e+05 
9.03801713626490e-02 1.00198424047715e+05 
9.05155594723748e-02 1.00213162004592e+05 
9.06508979088383e-02 1.00228631286320e+05 
9.07861937097866e-02 1.00244823288467e+05 
9.09036876903089e-02 1.00259460644170e+05 
9.10329310688836e-02 1.00276174505365e+05 
9.11681224586807e-02 1.00294323162863e+05 
9.13032463725208e-02 1.00313131910258e+05 
9.14383419523833e-02 1.00332589262374e+05 
9.15734359975665e-02 1.00352661463217e+05 
9.17085869668456e-02 1.00373324833451e+05 
9.18438066180721e-02 1.00394547539770e+05 
9.19790680998453e-02 1.00416284083384e+05 
9.21143288541326e-02 1.00438494793449e+05 
9.22496477405208e-02 1.00461145878142e+05 
9.23850173878141e-02 1.00484186599468e+05 
9.25204580221106e-02 1.00507573429684e+05 
9.26559566216099e-02 1.00531248336976e+05 
9.27914730408019e-02 1.00555174779442e+05 
9.29269525385135e-02 1.00579260291000e+05 
9.30623688674526e-02 1.00603410014326e+05 
9.31977315690521e-02 1.00627616987885e+05 
9.33330512850588e-02 1.00651785200775e+05 
9.34683537454665e-02 1.00675815880848e+05 
9.36036753557391e-02 1.00699773923557e+05 
9.37389777330994e-02 1.00723528565571e+05 
9.38742731220647e-02 1.00747025416053e+05 
9.40095939064827e-02 1.00770092459406e+05 
9.41449399985128e-02 1.00792769516912e+05 
9.42803571261272e-02 1.00814911233960e+05 
9.44080053514875e-02 1.00835261118319e+05 
9.45434640411555e-02 1.00856232741511e+05 
9.46789074250336e-02 1.00876403278416e+05 
9.48074188858767e-02 1.00894912828854e+05 
9.49428643443178e-02 1.00913400321883e+05 
9.50775194599278e-02 1.00930750162463e+05 
9.52129822572031e-02 1.00946990641740e+05 
9.53484306554820e-02 1.00962298931292e+05 
9.54838802990036e-02 1.00976323614268e+05 
9.56193833979328e-02 1.00989033519959e+05 
9.57509096600190e-02 1.01000049171398e+05 
9.58866311129350e-02 1.01009905684799e+05 
9.60225296327732e-02 1.01017908654885e+05 
9.61585696623610e-02 1.01024273815386e+05 
9.62947341017741e-02 1.01030516162275e+05 
9.64310627886444e-02 1.01033899342362e+05 
9.65675758108370e-02 1.01035129677275e+05 
9.67041995212035e-02 1.01034386190282e+05 
9.68302676927406e-02 1.01032304105835e+05 
9.69672377682443e-02 1.01028457950629e+05 
9.71042982906082e-02 1.01021908725545e+05 
9.72415646909586e-02 1.01015412912921e+05 
9.73790801552286e-02 1.01008973679282e+05 
9.75167942676425e-02 1.01002632988887e+05 
9.76549747129481e-02 1.00996060860056e+05 
9.77938307510917e-02 1.00989381763136e+05 
9.79334268009353e-02 1.00982376179954e+05 
9.80633036413855e-02 1.00975777139470e+05 
9.82018737055079e-02 1.00968422463979e+05 
9.83380461229182e-02 1.00960830057168e+05 
9.84735452956929e-02 1.00952977492437e+05 
9.86140152998189e-02 1.00944474796888e+05 
9.87543584361613e-02 1.00935406917122e+05 
9.88946049054556e-02 1.00925975847541e+05 
9.90323995072871e-02 1.00916475899584e+05 
9.91725412432128e-02 1.00906906684300e+05 
9.93032501697974e-02 1.00897882948705e+05 
9.94431596974112e-02 1.00888189995709e+05 
9.95830746841600e-02 1.00878458482994e+05 
9.97232091714413e-02 1.00868810992082e+05 
9.98635609028536e-02 1.00858990681985e+05 
1.00004079094418e-01 1.00849057652696e+05 
1.00144713496239e-01 1.00838700799790e+05 
1.00285361623740e-01 1.00828180513683e+05 
1.00426005665185e-01 1.00817465852072e+05 
1.00566650203078e-01 1.00806926706686e+05 
1.00707317596530e-01 1.00796395426916e+05 
1.00848002285889e-01 1.00785890714448e+05 
1.00988703207471e-01 1.00775170929508e+05 
1.01129390110978e-01 1.00764465704703e+05 
1.01270031551758e-01 1.00753667236743e+05 
1.01410723397232e-01 1.00743072816967e+05 
1.01551498369151e-01 1.00732259902821e+05 
1.01692357305429e-01 1.00721329360147e+05 
1.01833334528233e-01 1.00709989795248e+05 
1.01974396991426e-01 1.00698421726939e+05 
1.02115524357093e-01 1.00686647584673e+05 
1.02256722855859e-01 1.00674889280558e+05 
1.02378333013526e-01 1.00664538100267e+05 
1.02512104186960e-01 1.00652956339497e+05 
1.02653440068567e-01 1.00640508967284e+05 
1.02794805960499e-01 1.00627784104612e+05 
1.02936246109140e-01 1.00614527709831e+05 
1.03077775278300e-01 1.00601509181352e+05 
1.03219092334493e-01 1.00588409363993e+05 
1.03360825799550e-01 1.00575026664450e+05 
1.03498233777129e-01 1.00561730047242e+05 
1.03640160900588e-01 1.00548091984962e+05 
1.03782212159761e-01 1.00534372507222e+05 
1.03924419793658e-01 1.00521228285507e+05 
1.04066857489972e-01 1.00508018030000e+05 
1.04209564034022e-01 1.00494808671329e+05 
1.04352555717240e-01 1.00481326948322e+05 
1.04495815029629e-01 1.00468013284733e+05 
1.04639450861148e-01 1.00454700784566e+05 
1.04782653954547e-01 1.00442055704838e+05 
1.04911706769081e-01 1.00430775712708e+05 
1.05053664865069e-01 1.00418306437538e+05 
1.05199031974965e-01 1.00405268003219e+05 
1.05344494180121e-01 1.00392382649351e+05 
1.05490148632320e-01 1.00379487778555e+05 
1.05635868962072e-01 1.00367266957048e+05 
1.05781500494857e-01 1.00355011250884e+05 
1.05927012170844e-01 1.00342759637933e+05 
1.06072435392361e-01 1.00330151222820e+05 
1.06217683252607e-01 1.00317655402300e+05 
1.06362765135000e-01 1.00305074716141e+05 
1.06507826170972e-01 1.00293074963318e+05 
1.06644141941247e-01 1.00281762402279e+05 
1.06789513131344e-01 1.00269621511411e+05 
1.06935221897738e-01 1.00257027360740e+05 
1.07081203258586e-01 1.00244486892420e+05 
1.07227377106089e-01 1.00231831438006e+05 
1.07373735433563e-01 1.00219764673642e+05 
1.07520280031686e-01 1.00207664216690e+05 
1.07666966542040e-01 1.00195466778549e+05 
1.07813776837870e-01 1.00182826200789e+05 
1.07960657290580e-01 1.00170294896768e+05 
1.08107553367658e-01 1.00157667213923e+05 
1.08254460679438e-01 1.00145592787022e+05 
1.08401384254220e-01 1.00133671714882e+05 
1.08548318246290e-01 1.00121673444185e+05 
1.08695256998128e-01 1.00109284748893e+05 
1.08842198369819e-01 1.00097057059631e+05 
1.08989151871593e-01 1.00084822597791e+05 
1.09136115376332e-01 1.00073133662638e+05 
1.09283095875209e-01 1.00061597303543e+05 
1.09430089605452e-01 1.00050089046164e+05 
1.09577090902490e-01 1.00038208992599e+05 
1.09724098840827e-01 1.00026513038334e+05 
1.09871123180805e-01 1.00014864971090e+05 
1.10018159846228e-01 1.00003655090149e+05 
1.10165216675240e-01 9.99925666688482e+04 
1.10312288437499e-01 9.99815237349252e+04 
1.10459367352088e-01 9.99703094982684e+04 
1.10606450479766e-01 9.99592435091651e+04 
1.10753552074029e-01 9.99482821109733e+04 
1.10900661523215e-01 9.99377149309391e+04 
1.11047791338642e-01 9.99272388892891e+04 
1.11194936559275e-01 9.99168284532084e+04 
1.11342089902915e-01 9.99062243071961e+04 
1.11489254126910e-01 9.98958893826279e+04 
1.11636439424684e-01 9.98857153662874e+04 
1.11783637666893e-01 9.98762689256643e+04 
1.11930856394867e-01 9.98670369247975e+04 
1.12078087368412e-01 9.98579879412318e+04 
1.12225323890282e-01 9.98488610109441e+04 
1.12372573728968e-01 9.98401116494836e+04 
1.12519827557592e-01 9.98315522211809e+04 
1.12667100476492e-01 9.98235913977561e+04 
1.12814387992062e-01 9.98159353675224e+04 
1.12961685836664e-01 9.98085146110365e+04 
1.13108987797233e-01 9.98011872038620e+04 
1.13256294170294e-01 9.97941998284516e+04 
1.13403608562280e-01 9.97873647882973e+04 
1.13550931716865e-01 9.97810782320074e+04 
1.13698265458908e-01 9.97750361698529e+04 
1.13845609978563e-01 9.97691509194909e+04 
1.13992958953594e-01 9.97632506343726e+04 
1.14140312690665e-01 9.97574981520382e+04 
1.14287675033122e-01 9.97518423464691e+04 
1.14435046603948e-01 9.97465287521608e+04 
1.14582429772261e-01 9.97413072918989e+04 
1.14729824821086e-01 9.97360883490732e+04 
1.14877225559370e-01 9.97307612255042e+04 
1.15024631732608e-01 9.97254724868023e+04 
1.15172047138071e-01 9.97200227498413e+04 
1.15319472424375e-01 9.97147949874085e+04 
1.15466910737699e-01 9.97094730990326e+04 
1.15614362288906e-01 9.97040131077319e+04 
1.15761821165435e-01 9.96981079560277e+04 
1.15909286203645e-01 9.96925246948112e+04 
1.16056761244202e-01 9.96868970414799e+04 
1.16204247202537e-01 9.96814521870941e+04 
1.16351748124220e-01 9.96761206786576e+04 
1.16499264218796e-01 9.96708699142692e+04 
1.16646789878270e-01 9.96656133080288e+04 
1.16794322983044e-01 9.96604166763715e+04 
1.16941867293766e-01 9.96553838400561e+04 
1.17089423054973e-01 9.96508003652054e+04 
1.17236986254984e-01 9.96464667532982e+04 
1.17384556724635e-01 9.96424531993675e+04 
1.17532129911870e-01 9.96386199155063e+04 
1.17679705120703e-01 9.96350817589980e+04 
1.17827287916774e-01 9.96318452116606e+04 
1.17974880230982e-01 9.96289413539077e+04 
1.18122482591431e-01 9.96264647091005e+04 
1.18270093400889e-01 9.96244278881575e+04 
1.18417709734871e-01 9.96227853358816e+04 
1.18565331750027e-01 9.96214946497375e+04 
1.18712964867794e-01 9.96205506251408e+04 
1.18860610147161e-01 9.96199888179790e+04 
1.19008267326697e-01 9.96197448304321e+04 
1.19155935001851e-01 9.96197441226112e+04 
1.19303610889808e-01 9.96200344340758e+04 
1.19451295276097e-01 9.96205681091006e+04 
1.19587791159660e-01 9.96212489520538e+04 
1.19733645241950e-01 9.96221621807519e+04 
1.19854605383277e-01 9.96231186677568e+04 
1.19987661538737e-01 9.96243477228868e+04 
1.20129614803587e-01 9.96258276510990e+04 
1.20268512474259e-01 9.96273400343895e+04 
1.20412343595913e-01 9.96289804173536e+04 
1.20555893159537e-01 9.96307601465644e+04 
1.20696083103906e-01 9.96327433638576e+04 
1.20841625967865e-01 9.96351800036946e+04 
1.20982885610768e-01 9.96377249233182e+04 
1.21130168651585e-01 9.96404045620791e+04 
1.21277809380472e-01 9.96432941586286e+04 
1.21425652989849e-01 9.96463258782275e+04 
1.21570322460006e-01 9.96493336822807e+04 
1.21718186858279e-01 9.96525968741364e+04 
1.21865827349516e-01 9.96561463134199e+04 
1.22013709557505e-01 9.96599373694263e+04 
1.22161605268130e-01 9.96640728222377e+04 
1.22309512712604e-01 9.96685234616838e+04 
1.22457428624743e-01 9.96734282606411e+04 
1.22605350513560e-01 9.96788855699203e+04 
1.22753277186060e-01 9.96850142723809e+04 
1.22901207604465e-01 9.96917268741007e+04 
1.23049147047461e-01 9.96992192594711e+04 
1.23197094962666e-01 9.97075148170897e+04 
1.23345049602988e-01 9.97164441548474e+04 
1.23493009752628e-01 9.97262647639072e+04 
1.23640975886246e-01 9.97370902669794e+04 
1.23788948328514e-01 9.97484098387290e+04 
1.23936933136348e-01 9.97605521997135e+04 
1.24084929126014e-01 9.97731865583828e+04 
1.24232933800604e-01 9.97865498810716e+04 
1.24380945154081e-01 9.98008076152276e+04 
1.24528963361822e-01 9.98156780860709e+04 
1.24676988681950e-01 9.98310266379221e+04 
1.24825026999953e-01 9.98469612350991e+04 
1.24973076603918e-01 9.98632733427869e+04 
1.25121134656141e-01 9.98800309560680e+04 
1.25269198767032e-01 9.98972896035439e+04 
1.25417269242818e-01 9.99150258791988e+04 
1.25565346529912e-01 9.99330879773688e+04 
1.25713436950806e-01 9.99515247658196e+04 
1.25861538858677e-01 9.99699979928397e+04 
1.26009649232326e-01 9.99886772141961e+04 
1.26157765477582e-01 1.00007499731382e+05 
1.26305887675313e-01 1.00026656542021e+05 
1.26454016100582e-01 1.00045711993975e+05 
1.26602157220783e-01 1.00064703303011e+05 
1.26750309224587e-01 1.00083198569652e+05 
1.26898468693851e-01 1.00101403894089e+05 
1.27046632547727e-01 1.00119332299717e+05 
1.27194800554317e-01 1.00136956354605e+05 
1.27342972736888e-01 1.00153967810719e+05 
1.27491155788999e-01 1.00170463779250e+05 
1.27639348301439e-01 1.00186057706471e+05 
1.27787547077107e-01 1.00200902138759e+05 
1.27935748995565e-01 1.00215123909755e+05 
1.28083953965213e-01 1.00228668391344e+05 
1.28232162136688e-01 1.00241200446122e+05 
1.28380380466859e-01 1.00253345246677e+05 
1.28528607869007e-01 1.00263993868586e+05 
1.28663610365734e-01 1.00272537442982e+05 
1.28811845817420e-01 1.00280797108658e+05 
1.28960083805953e-01 1.00288151909279e+05 
1.29108324863607e-01 1.00295063197149e+05 
1.29256575847378e-01 1.00300284433702e+05 
1.29404835754830e-01 1.00303782648056e+05 
1.29553101424350e-01 1.00306040872680e+05 
1.29701369326344e-01 1.00307368869461e+05 
1.29849639448198e-01 1.00307151968689e+05 
1.29997911999182e-01 1.00307089918384e+05 
1.30146194059521e-01 1.00306858022278e+05 
1.30294485191880e-01 1.00306373395865e+05 
1.30442782516549e-01 1.00305533702429e+05 
1.30591082459539e-01 1.00304126536201e+05 
1.30739384690722e-01 1.00302147665231e+05 
1.30887688805009e-01 1.00299416627471e+05 
1.31036001370685e-01 1.00296323803422e+05 
1.31184322148799e-01 1.00292267047959e+05 
1.31332648235331e-01 1.00287552770212e+05 
1.31480976188603e-01 1.00282505690066e+05 
1.31629306000108e-01 1.00276975156204e+05 
1.31777637882997e-01 1.00270553015480e+05 
1.31925979085475e-01 1.00263613880415e+05 
1.32074330087004e-01 1.00255664234611e+05 
1.32216261089549e-01 1.00247503258292e+05 
1.32364622110583e-01 1.00238586394571e+05 
1.32512986014095e-01 1.00229291309288e+05 
1.32661352600803e-01 1.00219376135963e+05 
1.32809728362657e-01 1.00209197785258e+05 
1.32958113341770e-01 1.00198390592232e+05 
1.33106504023698e-01 1.00187314956747e+05 
1.33254896763362e-01 1.00176108825713e+05 
1.33403290777477e-01 1.00164793754648e+05 
1.33551685534206e-01 1.00153159164531e+05 
1.33700087645865e-01 1.00141495547062e+05 
1.33848497631207e-01 1.00129447416426e+05 
1.33996912098176e-01 1.00117376374312e+05 
1.34145327409536e-01 1.00105343497959e+05 
1.34293742361438e-01 1.00093400111388e+05 
1.34442155810855e-01 1.00081333852452e+05 
1.34590574030774e-01 1.00069374683397e+05 
1.34738997726305e-01 1.00057149064933e+05 
1.34887278427258e-01 1.00045035396948e+05 
1.35035702841528e-01 1.00033019634756e+05 
1.35184124730670e-01 1.00021138214817e+05 
1.35332543259083e-01 1.00009213378451e+05 
1.35480965319307e-01 9.99974596118097e+04 
1.35629392399410e-01 9.99855244029610e+04 
1.35777821736873e-01 9.99737466211775e+04 
1.35926249700553e-01 9.99621248814875e+04 
1.36074674914881e-01 9.99506760625506e+04 
1.36223096278893e-01 9.99392425300183e+04 
1.36371520413793e-01 9.99280274817578e+04 
1.36519948790450e-01 9.99166840308353e+04 
1.36668378536085e-01 9.99055225062496e+04 
1.36816805685098e-01 9.98945007218414e+04 
1.36965228515910e-01 9.98836113322830e+04 
1.37113645524506e-01 9.98727491087642e+04 
1.37262063164376e-01 9.98620596940955e+04 
1.37410483206353e-01 9.98512565544689e+04 
1.37530823639046e-01 9.98425631890014e+04 
1.37660174483634e-01 9.98333143843678e+04 
1.37777022695775e-01 9.98249999846964e+04 
1.37901458043942e-01 9.98161764004931e+04 
1.38031817974312e-01 9.98070646838225e+04 
1.38160178099592e-01 9.97980051401504e+04 
1.38278348693479e-01 9.97897499880171e+04 
1.38404799749032e-01 9.97810099429531e+04 
1.38526310886899e-01 9.97726725449898e+04 
1.38658782473119e-01 9.97636862994757e+04 
1.38785743387478e-01 9.97551726680872e+04 
1.38920970906044e-01 9.97461004705244e+04 
1.39045889237259e-01 9.97378321962889e+04 
1.39175780226154e-01 9.97293312656364e+04 
1.39301140559598e-01 9.97212374205853e+04 
1.39434018607239e-01 9.97128131700701e+04 
1.39567998106460e-01 9.97044703295383e+04 
1.39704237908009e-01 9.96960268645779e+04 
1.39839489296617e-01 9.96878247686002e+04 
1.39976731257343e-01 9.96796470899897e+04 
1.40113851786340e-01 9.96716653713275e+04 
1.40253083136095e-01 9.96637900788570e+04 
1.40394412629756e-01 9.96560087937110e+04 
1.40536789696594e-01 9.96483120901589e+04 
1.40677006766811e-01 9.96409250150618e+04 
1.40819834281730e-01 9.96338059889971e+04 
1.40962377131823e-01 9.96268497361430e+04 
1.41109614842238e-01 9.96198860858039e+04 
1.41256842193423e-01 9.96131411508694e+04 
1.41404184058524e-01 9.96065273422858e+04 
1.41550973140890e-01 9.96001586275358e+04 
1.41685750999610e-01 9.95944983118836e+04 
1.41832582229059e-01 9.95885531905051e+04 
1.41980249425580e-01 9.95828794618054e+04 
1.42128027293729e-01 9.95775982318862e+04 
1.42275879485940e-01 9.95726883763091e+04 
1.42423799598075e-01 9.95678915137018e+04 
1.42571777291095e-01 9.95633298686232e+04 
1.42719799937922e-01 9.95590796439476e+04 
1.42867831492528e-01 9.95550946410207e+04 
1.43015900204035e-01 9.95515427065079e+04 
1.43163994572554e-01 9.95480167588435e+04 
1.43312096467264e-01 9.95449861672249e+04 
1.43460203308607e-01 9.95423157624301e+04 
1.43608292960487e-01 9.95399908429707e+04 
1.43756361634443e-01 9.95379901059608e+04 
1.43904406866585e-01 9.95363307858426e+04 
1.44052442688960e-01 9.95349355316067e+04 
1.44200440438835e-01 9.95337592645470e+04 
1.44348415634015e-01 9.95329169745076e+04 
1.44496379609204e-01 9.95324150938620e+04 
1.44644329126658e-01 9.95321388966395e+04 
1.44792261402196e-01 9.95321635965661e+04 
1.44940191887869e-01 9.95324264259608e+04 
1.45088097322737e-01 9.95328626850650e+04 
1.45235992236739e-01 9.95335704525674e+04 
1.45383889117481e-01 9.95345055193942e+04 
1.45531785249758e-01 9.95356656160351e+04 
1.45679676675398e-01 9.95368985777476e+04 
1.45827575639824e-01 9.95386096353025e+04 
1.45975458487691e-01 9.95404351440370e+04 
1.46123338126462e-01 9.95425767062312e+04 
1.46271224468923e-01 9.95449811843099e+04 
1.46419113643124e-01 9.95475030379857e+04 
1.46567002009949e-01 9.95502369452094e+04 
1.46714899619890e-01 9.95529998364057e+04 
1.46862782182618e-01 9.95558856625261e+04 
1.47010662753248e-01 9.95590057757253e+04 
1.47158549983090e-01 9.95624649635802e+04 
1.47306439712896e-01 9.95659787340571e+04 
1.47454329330640e-01 9.95696212636871e+04 
1.47602227852463e-01 9.95732209145381e+04 
1.47750110351344e-01 9.95770162252375e+04 
1.47897990785905e-01 9.95811065734480e+04 
1.48045877490336e-01 9.95855150939498e+04 
1.48193767069935e-01 9.95902508300797e+04 
1.48341657754891e-01 9.95954218864804e+04 
1.48489558080632e-01 9.96009306415324e+04 
1.48637442853750e-01 9.96067183479204e+04 
1.48785326986845e-01 9.96128291822322e+04 
1.48933218607908e-01 9.96192735963051e+04 
1.49081114870744e-01 9.96259536797470e+04 
1.49229013903522e-01 9.96328851849527e+04 
1.49376923472860e-01 9.96399957757828e+04 
1.49524817868276e-01 9.96471980668364e+04 
1.49672713121154e-01 9.96546195121269e+04 
1.49820617099783e-01 9.96622539620688e+04 
1.49968527591004e-01 9.96699805254013e+04 
1.50116442635157e-01 9.96778232168291e+04 
1.50264369226185e-01 9.96857633144608e+04 
1.50412281218953e-01 9.96935548862866e+04 
1.50560195849912e-01 9.97016402543081e+04 
1.50708120450680e-01 9.97099691695019e+04 
1.50856053416024e-01 9.97183611133743e+04 
1.51003992632005e-01 9.97268790443152e+04 
1.51151944244698e-01 9.97355021088561e+04 
1.51299881790831e-01 9.97440390705021e+04 
1.51447823573525e-01 9.97528464611841e+04 
1.51595776289371e-01 9.97618338697509e+04 
1.51743738833099e-01 9.97707629151071e+04 
1.51891708843505e-01 9.97798280276294e+04 
1.52039691836991e-01 9.97890521149250e+04 
1.52168556484933e-01 9.97969611189426e+04 
1.52310307597670e-01 9.98059078767646e+04 
1.52438548790996e-01 9.98141219180054e+04 
1.52577486688535e-01 9.98229673282510e+04 
1.52725488023863e-01 9.98325286188683e+04 
1.52861726673225e-01 9.98417017681328e+04 
1.53004884660256e-01 9.98509336782336e+04 
1.53144368623335e-01 9.98603446327782e+04 
1.53289279744300e-01 9.98700420688183e+04 
1.53437312227534e-01 9.98798772900016e+04 
1.53585354551033e-01 9.98898226653114e+04 
1.53733411595861e-01 9.99000040665139e+04 
1.53881457312147e-01 9.99099519254292e+04 
1.54029509701267e-01 9.99200908965776e+04 
1.54177570069281e-01 9.99303249271393e+04 
1.54325633294736e-01 9.99406335089672e+04 
1.54473699342194e-01 9.99508090840060e+04 
1.54621779666934e-01 9.99608272765096e+04 
1.54769857836236e-01 9.99708264822146e+04 
1.54917953134018e-01 9.99808064547029e+04 
1.55052120233895e-01 9.99899139555375e+04 
1.55199704043759e-01 9.99998341048020e+04 
1.55339556879286e-01 1.00009180408974e+05 
1.55487739745796e-01 1.00019050318079e+05 
1.55631214697302e-01 1.00028385657263e+05 
1.55779414241434e-01 1.00038060386574e+05 
1.55926301767322e-01 1.00047658756268e+05 
1.56074536118720e-01 1.00057211631970e+05 
1.56222784113093e-01 1.00066682783272e+05 
1.56371046278870e-01 1.00076015404119e+05 
1.56519293298447e-01 1.00085139117599e+05 
1.56664356440131e-01 1.00094062657620e+05 
1.56812619716719e-01 1.00103189921222e+05 
1.56960892482347e-01 1.00112235736670e+05 
1.57109174009866e-01 1.00121207086414e+05 
1.57257468236036e-01 1.00130222717373e+05 
1.57390026082162e-01 1.00138121153737e+05 
1.57535839712900e-01 1.00146821709488e+05 
1.57684137305817e-01 1.00155700935449e+05 
1.57832445597116e-01 1.00164553400945e+05 
1.57980763308908e-01 1.00173324697452e+05 
1.58129095843422e-01 1.00182075932410e+05 
1.58277420333297e-01 1.00190520814565e+05 
1.58425758199005e-01 1.00199027397563e+05 
1.58574112816262e-01 1.00207567883173e+05 
1.58722484718334e-01 1.00216004883107e+05 
1.58870872095920e-01 1.00224606141409e+05 
1.59019279998284e-01 1.00233059738043e+05 
1.59167685083380e-01 1.00241207603369e+05 
1.59316108403245e-01 1.00249324414874e+05 
1.59464549474044e-01 1.00257363169987e+05 
1.59613007341280e-01 1.00265139757168e+05 
1.59761480038318e-01 1.00272996405394e+05 
1.59909972144777e-01 1.00280785018130e+05 
1.60058460414855e-01 1.00288338790805e+05 
1.60206968370578e-01 1.00296067403136e+05 
1.60355495238881e-01 1.00303819525304e+05 
1.60504041124159e-01 1.00311272340298e+05 
1.60652604890008e-01 1.00318767331274e+05 
1.60801188613213e-01 1.00326171882091e+05 
1.60949766502901e-01 1.00333276511806e+05 
1.61098362852280e-01 1.00340427436888e+05 
1.61246975021214e-01 1.00347446017523e+05 
1.61395603761069e-01 1.00354103902344e+05 
1.61544248949120e-01 1.00360618603970e+05 
1.61692911754001e-01 1.00367026995884e+05 
1.61841566826135e-01 1.00373118370395e+05 
1.61990237269794e-01 1.00379186112636e+05 
1.62138920290188e-01 1.00385063410015e+05 
1.62287616474458e-01 1.00390572076861e+05 
1.62436326442404e-01 1.00395988687516e+05 
1.62585052122653e-01 1.00401251153788e+05 
1.62733770406029e-01 1.00406296452652e+05 
1.62882503102030e-01 1.00411171434974e+05 
1.63031248065356e-01 1.00415892026609e+05 
1.63180006157309e-01 1.00420467001890e+05 
1.63328778308063e-01 1.00424853035566e+05 
1.63477564436557e-01 1.00429036490487e+05 
1.63626341292380e-01 1.00432935920690e+05 
1.63775132302073e-01 1.00436629813058e+05 
1.63923930577383e-01 1.00440110771835e+05 
1.64072737929492e-01 1.00443068540546e+05 
1.64221562889954e-01 1.00445854546309e+05 
1.64370403675384e-01 1.00448521233141e+05 
1.64519249834396e-01 1.00450900103351e+05 
1.64668104955996e-01 1.00453131355616e+05 
1.64816968872219e-01 1.00455213823552e+05 
1.64965842513090e-01 1.00457049292155e+05 
1.65114733303971e-01 1.00458682560309e+05 
1.65263638665458e-01 1.00460060866033e+05 
1.65412552712394e-01 1.00461026723594e+05 
1.65561474948003e-01 1.00461784567316e+05 
1.65710406255228e-01 1.00462139358435e+05 
1.65859347389178e-01 1.00462068013180e+05 
1.66008305170257e-01 1.00461625701377e+05 
1.66157277183302e-01 1.00460876655870e+05 
1.66306259522256e-01 1.00459697982647e+05 
1.66455250031869e-01 1.00458219828490e+05 
1.66604249891971e-01 1.00456459059217e+05 
1.66753259606895e-01 1.00454386590416e+05 
1.66902285499844e-01 1.00452256930698e+05 
1.67051325268536e-01 1.00449781558195e+05 
1.67200376060401e-01 1.00447167428779e+05 
1.67349434964579e-01 1.00444488756527e+05 
1.67498503216683e-01 1.00441706393578e+05 
1.67647581182152e-01 1.00438754853855e+05 
1.67796674897620e-01 1.00435699205092e+05 
1.67945782181084e-01 1.00432494315839e+05 
1.68094900832870e-01 1.00429093992927e+05 
1.68244027554617e-01 1.00425578061142e+05 
1.68393163637805e-01 1.00421907183455e+05 
1.68542309353921e-01 1.00418079455809e+05 
1.68691470425113e-01 1.00414207652198e+05 
1.68840644824650e-01 1.00410240391624e+05 
1.68989830702018e-01 1.00406093292366e+05 
1.69139024549187e-01 1.00401845612649e+05 
1.69288227687717e-01 1.00397480677978e+05 
1.69437440268921e-01 1.00393012152125e+05 
1.69586667774691e-01 1.00388476608721e+05 
1.69735908390691e-01 1.00383888579633e+05 
1.69862864335746e-01 1.00379883349619e+05 
1.69999663215735e-01 1.00375517509407e+05 
1.70143019590747e-01 1.00370916245551e+05 
1.70277753619414e-01 1.00366737894710e+05 
1.70420807751881e-01 1.00362220475654e+05 
1.70557538205921e-01 1.00357853965557e+05 
1.70693651455225e-01 1.00353367953631e+05 
1.70836077221145e-01 1.00348533804196e+05 
1.70979379809699e-01 1.00343566688717e+05 
1.71127953816770e-01 1.00338426410374e+05 
1.71277300134883e-01 1.00333216141500e+05 
1.71426652105539e-01 1.00327932579288e+05 
1.71560912397943e-01 1.00323119196742e+05 
1.71708598719588e-01 1.00317808109779e+05 
1.71847036290126e-01 1.00312776823889e+05 
1.71990186453815e-01 1.00307603731727e+05 
1.72139470618125e-01 1.00302238223849e+05 
1.72287310021117e-01 1.00296901262411e+05 
1.72415675860759e-01 1.00292226524122e+05 
1.72553962870478e-01 1.00287217022894e+05 
1.72699138033590e-01 1.00281969065473e+05 
1.72836756768645e-01 1.00277004950561e+05 
1.72986144396364e-01 1.00271729533938e+05 
1.73135558697620e-01 1.00266514211266e+05 
1.73267977924526e-01 1.00261943016627e+05 
1.73412382159507e-01 1.00257044595511e+05 
1.73547475323687e-01 1.00252520818095e+05 
1.73696077804284e-01 1.00247734008633e+05 
1.73845546527210e-01 1.00243097873766e+05 
1.73994989269523e-01 1.00238663270703e+05 
1.74144403774257e-01 1.00234255213536e+05 
1.74293795826639e-01 1.00229885130524e+05 
1.74443179418407e-01 1.00225772008523e+05 
1.74592565643354e-01 1.00221929622543e+05 
1.74741975318638e-01 1.00218004481302e+05 
1.74891417753336e-01 1.00214431271989e+05 
1.75040891102999e-01 1.00211056636142e+05 
1.75190402452225e-01 1.00207779279445e+05 
1.75339947262544e-01 1.00204749720822e+05 
1.75489529035761e-01 1.00202049523491e+05 
1.75639150719739e-01 1.00199665768143e+05 
1.75788804816147e-01 1.00197445072494e+05 
1.75938470993051e-01 1.00195549679322e+05 
1.76088147715739e-01 1.00193906601981e+05 
1.76237825559227e-01 1.00192559556954e+05 
1.76387503099300e-01 1.00191533266583e+05 
1.76537188698931e-01 1.00190880101500e+05 
1.76686886964695e-01 1.00190393573779e+05 
1.76836590257724e-01 1.00190268535670e+05 
1.76986304118337e-01 1.00190405741472e+05 
1.77136023206913e-01 1.00190851341461e+05 
1.77285747776929e-01 1.00191660098222e+05 
1.77435484889164e-01 1.00192877724463e+05 
1.77585236220410e-01 1.00194184929402e+05 
1.77734991479750e-01 1.00196018641787e+05 
1.77884754314667e-01 1.00198143482457e+05 
1.78034518895898e-01 1.00200654451904e+05 
1.78184285513596e-01 1.00203473380119e+05 
1.78334062911391e-01 1.00206718351018e+05 
1.78483854973497e-01 1.00210382512436e+05 
1.78633652732412e-01 1.00214258486091e+05 
1.78783460789815e-01 1.00218389781235e+05 
1.78933272705239e-01 1.00222726899921e+05 
1.79083088395341e-01 1.00227349419074e+05 
1.79232915544160e-01 1.00232302979180e+05 
1.79382757011215e-01 1.00237431982359e+05 
1.79532602769623e-01 1.00242805942563e+05 
1.79682456771724e-01 1.00248378517673e+05 
1.79832312178870e-01 1.00254134945594e+05 
1.79982168861929e-01 1.00260086851161e+05 
1.80132035381373e-01 1.00266254275574e+05 
1.80281915707437e-01 1.00272437485976e+05 
1.80431800750605e-01 1.00278702018869e+05 
1.80581695004017e-01 1.00284964320290e+05 
1.80730989231205e-01 1.00291155860929e+05 
1.80880602069191e-01 1.00297357265760e+05 
1.81030512693542e-01 1.00303565660042e+05 
1.81170356991901e-01 1.00309144834096e+05 
1.81314033594641e-01 1.00314728379118e+05 
1.81463974091153e-01 1.00320252323462e+05 
1.81613917141906e-01 1.00325411562550e+05 
1.81753920256817e-01 1.00330018858153e+05 
1.81903661467620e-01 1.00334617817854e+05 
1.82053633178726e-01 1.00338833239431e+05 
1.82203608299830e-01 1.00342643665659e+05 
1.82353582504142e-01 1.00346103657677e+05 
1.82503540066830e-01 1.00349021484421e+05 
1.82653461135874e-01 1.00351279757502e+05 
1.82803346694927e-01 1.00352835690689e+05 
1.82953207709362e-01 1.00353470936286e+05 
1.83103045946513e-01 1.00353889104725e+05 
1.83252865558622e-01 1.00353374228648e+05 
1.83396707927717e-01 1.00351511744978e+05 
1.83546540504232e-01 1.00348694237094e+05 
1.83696382518768e-01 1.00345092792555e+05 
1.83846204525410e-01 1.00340576914156e+05 
1.83996023259045e-01 1.00335060019713e+05 
1.84145847114926e-01 1.00329378202745e+05 
1.84295686034905e-01 1.00323864702252e+05 
1.84445551743001e-01 1.00318378345022e+05 
1.84595453314955e-01 1.00312827668346e+05 
1.84745390919967e-01 1.00307006641635e+05 
1.84895370916314e-01 1.00300934878102e+05 
1.85045383817289e-01 1.00294242639514e+05 
1.85195422548257e-01 1.00287047911859e+05 
1.85345482424837e-01 1.00279648603607e+05 
1.85495555660393e-01 1.00271998782352e+05 
1.85645630329111e-01 1.00263984220406e+05 
1.85795704007301e-01 1.00255844503355e+05 
1.85945773296803e-01 1.00247386962723e+05 
1.86095835390885e-01 1.00238457899183e+05 
1.86245894699241e-01 1.00229611341985e+05 
1.86395955699168e-01 1.00220710520905e+05 
1.86546015114934e-01 1.00211611051553e+05 
1.86696079885738e-01 1.00202516950989e+05 
1.86846148146274e-01 1.00193198507042e+05 
1.86996218954569e-01 1.00183652934870e+05 
1.87146296187940e-01 1.00173902830296e+05 
1.87296381557786e-01 1.00164112409112e+05 
1.87446470273185e-01 1.00154372266292e+05 
1.87596566839813e-01 1.00144370767074e+05 
1.87746667889546e-01 1.00134418024858e+05 
1.87896771504677e-01 1.00123960519697e+05 
1.88046880945627e-01 1.00113339821521e+05 
1.88196995054772e-01 1.00102763214033e+05 
1.88347107124872e-01 1.00092303586551e+05 
1.88497222726970e-01 1.00081841810788e+05 
1.88647338922096e-01 1.00071471965028e+05 
1.88797453477593e-01 1.00060749968230e+05 
1.88947570274214e-01 1.00050030932887e+05 
1.89097689821687e-01 1.00039382173306e+05 
1.89247806113011e-01 1.00028929459109e+05 
1.89397924738498e-01 1.00018383554896e+05 
1.89548043284164e-01 1.00007937936561e+05 
1.89698159389375e-01 9.99972902889835e+04 
1.89848277369845e-01 9.99865578661154e+04 
1.89998397176128e-01 9.99759480294745e+04 
1.90148512227882e-01 9.99655840485461e+04 
1.90298628172707e-01 9.99553530954462e+04 
1.90448743922083e-01 9.99450132174858e+04 
1.90591550973368e-01 9.99351165322799e+04 
1.90741669722904e-01 9.99247866409047e+04 
1.90891794297671e-01 9.99144792826328e+04 
1.91041920764337e-01 9.99041664491682e+04 
1.91192054555248e-01 9.98940102529520e+04 
1.91342192889616e-01 9.98838236669618e+04 
1.91492334216638e-01 9.98733517458310e+04 
1.91642481519326e-01 9.98630001583306e+04 
1.91792634188922e-01 9.98526630154285e+04 
1.91942786850969e-01 9.98424990640503e+04 
1.92092941926976e-01 9.98323690959111e+04 
1.92243095596547e-01 9.98221204297008e+04 
1.92393243786300e-01 9.98116744308856e+04 
1.92543388045571e-01 9.98012855323371e+04 
1.92693528562267e-01 9.97909471825943e+04 
1.92843660515745e-01 9.97809137332418e+04 
1.92993789193029e-01 9.97708317726548e+04 
1.93143915264353e-01 9.97607890977200e+04 
1.93294039125633e-01 9.97504874376271e+04 
1.93444166656270e-01 9.97402620366181e+04 
1.93594301115757e-01 9.97301400154002e+04 
1.93744439929970e-01 9.97201969373475e+04 
1.93894590365678e-01 9.97103099264462e+04 
1.94044751139391e-01 9.97004324750103e+04 
1.94194921613337e-01 9.96903565775592e+04 
1.94345105705942e-01 9.96803160859214e+04 
1.94495303444971e-01 9.96703532954203e+04 
1.94645510825182e-01 9.96605384879636e+04 
1.94795732883420e-01 9.96508119289950e+04 
1.94945966893266e-01 9.96411062144750e+04 
1.95096210885259e-01 9.96312691337216e+04 
1.95246466824163e-01 9.96215176750324e+04 
1.95396732725784e-01 9.96118584675041e+04 
1.95547003549846e-01 9.96023428702783e+04 
1.95697282514054e-01 9.95929665628927e+04 
1.95847567349987e-01 9.95836118097509e+04 
1.95997857673605e-01 9.95741780283801e+04 
1.96148156339828e-01 9.95649917106687e+04 
1.96298461884094e-01 9.95558908585455e+04 
1.96448772046450e-01 9.95468068458567e+04 
1.96599090970246e-01 9.95379516441522e+04 
1.96749416858855e-01 9.95292439017033e+04 
1.96899749434253e-01 9.95206136950411e+04 
1.97050091215556e-01 9.95122228382424e+04 
1.97200440536574e-01 9.95040385757241e+04 
1.97350795337354e-01 9.94961344723599e+04 
1.97501160389735e-01 9.94885879596065e+04 
1.97651534279186e-01 9.94812854391059e+04 
1.97801917174871e-01 9.94741858780738e+04 
1.97952311959810e-01 9.94674471817276e+04 
1.98102716586168e-01 9.94611310789929e+04 
1.98253124219322e-01 9.94550075339913e+04 
1.98403535498008e-01 9.94493628439621e+04 
1.98553947001706e-01 9.94439530373117e+04 
1.98704360556801e-01 9.94387581073412e+04 
1.98854777479849e-01 9.94339165721870e+04 
1.99005195901754e-01 9.94294276287498e+04 
1.99155614760083e-01 9.94252229383947e+04 
1.99306036856833e-01 9.94213947517444e+04 
1.99456458768404e-01 9.94179238564592e+04 
1.99606882425042e-01 9.94147090677431e+04 
1.99757309192590e-01 9.94118616520034e+04 
1.99907737239453e-01 9.94094211210594e+04 
2.00058165577794e-01 9.94072609431470e+04 
2.00208597117627e-01 9.94055087526405e+04 
