# Liste des scalaires : TEMPS pmat 
0.00000000000000e+00 1.00000000000000e+05 
7.22956891292051e-05 1.00000000000000e+05 
1.33954586135235e-04 1.00000000000000e+05 
1.97146842712248e-04 1.00000000000000e+05 
2.61690596192112e-04 1.00000000000000e+05 
3.26889002064789e-04 1.00000000000000e+05 
3.93024485505402e-04 1.00000000000000e+05 
4.60803646025340e-04 1.00000000000000e+05 
5.28579950069655e-04 1.00000000000000e+05 
5.97593976290468e-04 1.00000000000000e+05 
6.69200370821757e-04 1.00000000000000e+05 
7.41543581384202e-04 1.00000000000000e+05 
8.14853537526786e-04 1.00000000000000e+05 
8.90348437037534e-04 1.00000000000000e+05 
9.68396520489695e-04 1.00000000000000e+05 
1.04795038168575e-03 1.00000000000000e+05 
1.12942733010556e-03 1.00000000000000e+05 
1.21328926849281e-03 1.00000000000000e+05 
1.29917627773102e-03 1.00000000000000e+05 
1.38649659889508e-03 1.00000000000000e+05 
1.47644282319533e-03 1.00000000000000e+05 
1.56824459238496e-03 1.00000000000000e+05 
1.66279972011746e-03 1.00000000000000e+05 
1.75912493849448e-03 1.00000000000000e+05 
1.85784395893129e-03 1.00000000000000e+05 
1.95932123289320e-03 1.00000000000000e+05 
2.06213463641155e-03 1.00000000000000e+05 
2.16563985942351e-03 1.00000000000000e+05 
2.27178616186990e-03 1.00000000000000e+05 
2.38024864662362e-03 1.00000000000000e+05 
2.49118371931127e-03 1.00000000000000e+05 
2.60474176728122e-03 1.00000000000000e+05 
2.72096548418897e-03 1.00000000000000e+05 
2.83983174812475e-03 1.00000000000000e+05 
2.96126821671110e-03 1.00000000000000e+05 
3.08526048739356e-03 1.00000000000000e+05 
3.21170650436222e-03 1.00000000000000e+05 
3.33941947666149e-03 1.00000000000000e+05 
3.46896516810228e-03 1.00000000000000e+05 
3.60013581636359e-03 1.00000000000000e+05 
3.73325921996689e-03 1.00000000000000e+05 
3.86821192175445e-03 1.00000000000000e+05 
4.00481096802953e-03 1.00000000000000e+05 
4.14270722254098e-03 1.00000000000000e+05 
4.28168732702393e-03 1.00000000000000e+05 
4.42098154477314e-03 1.00000000000000e+05 
4.56015459472428e-03 1.00000000000000e+05 
4.69923064937125e-03 1.00000000000000e+05 
4.83835473973838e-03 1.00000000000000e+05 
4.97763887099628e-03 1.00000000000000e+05 
5.11715259268175e-03 1.00000000000000e+05 
5.25624786578015e-03 1.00000000000000e+05 
5.39475937713202e-03 1.00000000000000e+05 
5.53282195587461e-03 1.00000000000000e+05 
5.67001971008174e-03 1.00000000000000e+05 
5.80653220209829e-03 1.00000000000000e+05 
5.94258149877719e-03 1.00000000000000e+05 
6.07844853512255e-03 1.00000000000000e+05 
6.21429024241834e-03 1.00000000000000e+05 
6.35020644547723e-03 1.00000000000000e+05 
6.48619676042446e-03 1.00000000000000e+05 
6.62193214278287e-03 1.00000000000000e+05 
6.75753736925463e-03 1.00000000000000e+05 
6.89321651627136e-03 1.00000000000000e+05 
7.02899568046477e-03 1.00000000000000e+05 
7.16498862998083e-03 1.00000000000000e+05 
7.30127301703326e-03 1.00000000000000e+05 
7.43754049466865e-03 1.00000000000000e+05 
7.57375940533901e-03 1.00000000000000e+05 
7.70998698861019e-03 1.00000000000000e+05 
7.84632554818713e-03 1.00000000000000e+05 
7.98287068344939e-03 1.00000000000000e+05 
8.11965346834896e-03 1.00000000000000e+05 
8.25674521115291e-03 1.00000000000000e+05 
8.39402904914507e-03 1.00000000000000e+05 
8.53158075094876e-03 1.00000000000000e+05 
8.66934719748685e-03 1.00000000000000e+05 
8.80725156871840e-03 1.00000000000000e+05 
8.94287461850181e-03 1.00000000000000e+05 
9.07853032501764e-03 1.00000000000000e+05 
9.21415319041622e-03 1.00000000000000e+05 
9.34990700071994e-03 1.00000000000000e+05 
9.48573179268687e-03 1.00000000000000e+05 
9.62171773511764e-03 1.00000000000000e+05 
9.75782291036554e-03 1.00000000000000e+05 
9.89417563246839e-03 1.00000000000000e+05 
1.00305907627961e-02 1.00000000000000e+05 
1.01671408023855e-02 1.00000000000000e+05 
1.03037535529644e-02 1.00000000000000e+05 
1.04405437310075e-02 1.00000000000000e+05 
1.05773603352725e-02 1.00000000000000e+05 
1.07142040553900e-02 1.00000000000000e+05 
1.08509041137442e-02 1.00000000000000e+05 
1.09874913344973e-02 1.00000000000000e+05 
1.11241393832212e-02 1.00000000000000e+05 
1.12611588619360e-02 1.00000000000000e+05 
1.13985486239144e-02 1.00000000000000e+05 
1.15362550212029e-02 1.00000000000000e+05 
1.16739083380450e-02 1.00000000000000e+05 
1.18115675146798e-02 1.00000000000000e+05 
1.19493331533993e-02 1.00000000000000e+05 
1.20872177082613e-02 1.00000000000000e+05 
1.22251134821730e-02 1.00000000000000e+05 
1.23630762693643e-02 1.00000000000000e+05 
1.25010290077967e-02 1.00000000000000e+05 
1.26389911187557e-02 1.00000000000000e+05 
1.27769045376794e-02 1.00000000000000e+05 
1.29147172320597e-02 1.00000000000000e+05 
1.30524632396904e-02 1.00000000000000e+05 
1.31903643057248e-02 1.00000000000000e+05 
1.33274546064496e-02 1.00000000000000e+05 
1.34644279050998e-02 1.00000000000000e+05 
1.36013330157046e-02 1.00000000000000e+05 
1.37381502590208e-02 1.00000000000000e+05 
1.38748642315258e-02 1.00000000000000e+05 
1.40115907441015e-02 1.00000000000000e+05 
1.41482856242656e-02 1.00000000000000e+05 
1.42850281628801e-02 1.00000000000000e+05 
1.44218780424232e-02 1.00000000000000e+05 
1.45588408331312e-02 1.00000000000000e+05 
1.46959018100552e-02 1.00000000000000e+05 
1.48331323876772e-02 1.00000000000000e+05 
1.49705004192491e-02 1.00000000000000e+05 
1.51079756032767e-02 1.00000000000000e+05 
1.52456664288513e-02 1.00000000000000e+05 
1.53836197903289e-02 1.00000000000000e+05 
1.55218865839898e-02 1.00000000000000e+05 
1.56605714624622e-02 1.00000000000000e+05 
1.57996405740171e-02 1.00000000000000e+05 
1.59391939145984e-02 1.00000000000000e+05 
1.60792549176022e-02 1.00000000000000e+05 
1.62195028468694e-02 1.00000000000000e+05 
1.63597535928085e-02 1.00000000000000e+05 
1.65000339896341e-02 1.00000000000000e+05 
1.66403003918277e-02 1.00000000000000e+05 
1.67805115625914e-02 1.00000000000000e+05 
1.69207419372975e-02 1.00000000000000e+05 
1.70608715484522e-02 1.00000000000000e+05 
1.72008782398169e-02 1.00000000000000e+05 
1.73408941648419e-02 1.00000000000000e+05 
1.74802997944514e-02 1.00000000000000e+05 
1.76203177762346e-02 1.00000000000000e+05 
1.77605275489408e-02 1.00000000000000e+05 
1.79008645904527e-02 1.00000000000000e+05 
1.80413266648389e-02 1.00000000000000e+05 
1.81820085983248e-02 1.00000000000000e+05 
1.83224538960325e-02 1.00000000000000e+05 
1.84627983404717e-02 1.00000000000000e+05 
1.86030616980316e-02 1.00000000000000e+05 
1.87431548852444e-02 1.00000000000000e+05 
1.88831340130016e-02 1.00000000000000e+05 
1.90229051446604e-02 1.00000000000000e+05 
1.91625786280766e-02 1.00000000000000e+05 
1.93020384215478e-02 1.00000000000000e+05 
1.94414610881177e-02 1.00000000000000e+05 
1.95808417601785e-02 1.00000000000000e+05 
1.97202460030051e-02 1.00000000000000e+05 
1.98597859211749e-02 1.00000000000000e+05 
1.99982468649006e-02 1.00000000000000e+05 
2.01384462951138e-02 1.00000000000000e+05 
2.02791068485747e-02 1.00000000000000e+05 
2.04201725329482e-02 1.00000000000000e+05 
2.05618114063701e-02 1.00000000000000e+05 
2.07035815550197e-02 1.00000000000000e+05 
2.08454726823984e-02 1.00000000000000e+05 
2.09874816609126e-02 1.00000000000000e+05 
2.11296033470846e-02 1.00000000000000e+05 
2.12717353638535e-02 1.00000000000000e+05 
2.14139777080227e-02 1.00000000000000e+05 
2.15562086804087e-02 1.00000000000000e+05 
2.16984746914158e-02 1.00000000000000e+05 
2.18407032885297e-02 1.00000000000000e+05 
2.19829336955619e-02 1.00000000000000e+05 
2.21250838744431e-02 1.00000000000000e+05 
2.22673134093006e-02 1.00000000000000e+05 
2.24096437585156e-02 1.00000000000000e+05 
2.25521060620414e-02 1.00000000000000e+05 
2.26947679258874e-02 1.00000000000000e+05 
2.28376316966008e-02 1.00000000000000e+05 
2.29807522067138e-02 1.00000000000000e+05 
2.31241922883555e-02 1.00000000000000e+05 
2.32680113354078e-02 1.00000000000000e+05 
2.34122377462382e-02 1.00000000000000e+05 
2.35570218697786e-02 1.00000000000000e+05 
2.37021629994514e-02 1.00000000000000e+05 
2.38476129537028e-02 1.00000000000000e+05 
2.39898661811050e-02 1.00000000000000e+05 
2.41353329993681e-02 1.00000000000000e+05 
2.42765689022290e-02 1.00000000000000e+05 
2.44187034410426e-02 1.00000000000000e+05 
2.45632031836252e-02 1.00000000000000e+05 
2.47083262517761e-02 1.00000000000000e+05 
2.48509046197905e-02 1.00000000000000e+05 
2.49964112935259e-02 1.00000000000000e+05 
2.51416360779678e-02 1.00000000000000e+05 
2.52857259986884e-02 1.00000000000000e+05 
2.54324408656261e-02 1.00000000000000e+05 
2.55795937277226e-02 1.00000000000000e+05 
2.57260434091919e-02 1.00000000000000e+05 
2.58705797477727e-02 1.00000000000000e+05 
2.60150830395406e-02 1.00000000000000e+05 
2.61596654138555e-02 1.00000000000000e+05 
2.63042367354389e-02 1.00000000000000e+05 
2.64488626084847e-02 1.00000000000000e+05 
2.65936811789915e-02 1.00000000000000e+05 
2.67385032566093e-02 1.00000000000000e+05 
2.68834364760767e-02 1.00000000000000e+05 
2.70284007200550e-02 1.00000000000000e+05 
2.71734431401710e-02 1.00000000000000e+05 
2.73185849491580e-02 1.00000000000000e+05 
2.74638309199410e-02 1.00000000000000e+05 
2.76092786484626e-02 1.00000000000000e+05 
2.77548760141164e-02 1.00000000000000e+05 
2.79007419925604e-02 1.00000000000000e+05 
2.80469640848246e-02 1.00000000000000e+05 
2.81935757487322e-02 1.00000000000000e+05 
2.83405546362653e-02 1.00000000000000e+05 
2.84881788759217e-02 1.00000000000000e+05 
2.86363366808830e-02 1.00000000000000e+05 
2.87853442461654e-02 1.00000000000000e+05 
2.89347517260534e-02 1.00000000000000e+05 
2.90845158116220e-02 1.00000000000000e+05 
2.92346755239091e-02 1.00000000000000e+05 
2.93853169259719e-02 1.00000000000000e+05 
2.95364513938697e-02 1.00000000000000e+05 
2.96877506434721e-02 1.00000000000000e+05 
2.98320855277761e-02 1.00000000000000e+05 
2.99837091060536e-02 1.00000000000000e+05 
3.01355444873530e-02 1.00000000000000e+05 
3.02877008480707e-02 1.00000000000000e+05 
3.04388324725153e-02 1.00000000000000e+05 
3.05874287268731e-02 1.00000000000000e+05 
3.07359927638986e-02 1.00000000000000e+05 
3.08845829403938e-02 1.00000000000000e+05 
3.10330448255843e-02 1.00000000000000e+05 
3.11812969250776e-02 1.00000000000000e+05 
3.13288627051622e-02 1.00000000000000e+05 
3.14769538858300e-02 1.00000000000000e+05 
3.16248873494475e-02 1.00000000000000e+05 
3.17726731948589e-02 1.00000000000000e+05 
3.19204635382348e-02 1.00000000000000e+05 
3.20682287648293e-02 1.00000000000000e+05 
3.22161484420450e-02 1.00000000000000e+05 
3.23643100819657e-02 1.00000000000000e+05 
3.25127946839555e-02 1.00000000000000e+05 
3.26617605603370e-02 1.00000000000000e+05 
3.28109560013564e-02 1.00000000000000e+05 
3.29603352787026e-02 1.00000000000000e+05 
3.31098514394039e-02 1.00000000000000e+05 
3.32595190053818e-02 1.00000000000000e+05 
3.34092957272745e-02 1.00000000000000e+05 
3.35591455366069e-02 1.00000000000000e+05 
3.37090907554173e-02 1.00000000000000e+05 
3.38614076395003e-02 1.00000000000000e+05 
3.40150555302580e-02 1.00000000000000e+05 
3.41696428122439e-02 1.00000000000000e+05 
3.43245498594297e-02 1.00000000000000e+05 
3.44797938511597e-02 1.00000000000000e+05 
3.46354307337292e-02 1.00000000000000e+05 
3.47915696327219e-02 1.00000000000000e+05 
3.49482045838534e-02 1.00000000000000e+05 
3.51054555871351e-02 1.00000000000000e+05 
3.52561296889691e-02 1.00000000000000e+05 
3.54108700363490e-02 1.00000000000000e+05 
3.55634603810817e-02 1.00000000000000e+05 
3.57160834316627e-02 1.00000000000000e+05 
3.58687077798603e-02 1.00000000000000e+05 
3.60214245865144e-02 1.00000000000000e+05 
3.61740675510588e-02 1.00000000000001e+05 
3.63267869991546e-02 1.00000000000001e+05 
3.64793358565590e-02 1.00000000000002e+05 
3.66318264825302e-02 1.00000000000003e+05 
3.67844476916744e-02 1.00000000000003e+05 
3.69373590730239e-02 1.00000000000004e+05 
3.70903731642994e-02 1.00000000000004e+05 
3.72436808942648e-02 1.00000000000006e+05 
3.73976472177675e-02 1.00000000000010e+05 
3.75520394773880e-02 1.00000000000013e+05 
3.77074041869351e-02 1.00000000000015e+05 
3.78639452135464e-02 1.00000000000018e+05 
3.80209756229849e-02 1.00000000000020e+05 
3.81784758370578e-02 1.00000000000023e+05 
3.83362717163746e-02 1.00000000000025e+05 
3.84946083861269e-02 1.00000000000027e+05 
3.86531572201778e-02 1.00000000000030e+05 
3.88121221120753e-02 1.00000000000051e+05 
3.89715306717883e-02 1.00000000000327e+05 
3.91312976454582e-02 1.00000000000811e+05 
3.92916552607510e-02 1.00000000001835e+05 
3.94527638985203e-02 1.00000000003721e+05 
3.96137796246294e-02 1.00000000007157e+05 
3.97749785940589e-02 1.00000000013815e+05 
3.99362251613959e-02 1.00000000025497e+05 
4.00976560073217e-02 1.00000000047545e+05 
4.02570537563227e-02 1.00000000084469e+05 
4.04167447732042e-02 1.00000000135079e+05 
4.05761557702575e-02 1.00000000202304e+05 
4.07357741807852e-02 1.00000000401339e+05 
4.08951495484959e-02 1.00000000615634e+05 
4.10552537277602e-02 1.00000000965556e+05 
4.12153722109444e-02 1.00000001324646e+05 
4.13755719864460e-02 1.00000001714665e+05 
4.15356604197838e-02 1.00000002143442e+05 
4.16960960436420e-02 1.00000002504968e+05 
4.18568254113106e-02 1.00000002942765e+05 
4.20179291645015e-02 1.00000003357148e+05 
4.21788540392585e-02 1.00000003852106e+05 
4.23400770158060e-02 1.00000004440192e+05 
4.25010798048595e-02 1.00000005144831e+05 
4.26622865958864e-02 1.00000005995687e+05 
4.28236394267327e-02 1.00000007023768e+05 
4.29860518789991e-02 1.00000008234111e+05 
4.31488142735507e-02 1.00000009649398e+05 
4.33121218031784e-02 1.00000011287747e+05 
4.34711822454807e-02 1.00000013154117e+05 
4.36351426693917e-02 1.00000015407941e+05 
4.37987568202474e-02 1.00000018070160e+05 
4.39634502818642e-02 1.00000021161323e+05 
4.41284034352937e-02 1.00000024718076e+05 
4.42939097746463e-02 1.00000028758597e+05 
4.44576903521909e-02 1.00000033364790e+05 
4.46217338758212e-02 1.00000038661528e+05 
4.47862029547070e-02 1.00000044817898e+05 
4.49515237591689e-02 1.00000051821011e+05 
4.51176024920871e-02 1.00000059768396e+05 
4.52841604168989e-02 1.00000068659570e+05 
4.54510453745660e-02 1.00000078824615e+05 
4.56164708018934e-02 1.00000090309006e+05 
4.57822566787576e-02 1.00000103596004e+05 
4.59487913340890e-02 1.00000118631781e+05 
4.61160030336523e-02 1.00000135650132e+05 
4.62835910895995e-02 1.00000154658345e+05 
4.64513339611381e-02 1.00000176436232e+05 
4.66185074169852e-02 1.00000201300561e+05 
4.67861076459148e-02 1.00000230316392e+05 
4.69543262657969e-02 1.00000263396168e+05 
4.71227326495462e-02 1.00000301093432e+05 
4.72913622103300e-02 1.00000343608954e+05 
4.74600371768690e-02 1.00000392843309e+05 
4.76288558771447e-02 1.00000449932880e+05 
4.77950970097298e-02 1.00000515957629e+05 
4.79642971952884e-02 1.00000593002979e+05 
4.81336100071080e-02 1.00000681578520e+05 
4.83033314131444e-02 1.00000782473850e+05 
4.84685697661704e-02 1.00000896619067e+05 
4.86385406015274e-02 1.00001032788960e+05 
4.88090250867283e-02 1.00001193396222e+05 
4.89812775044136e-02 1.00001379768358e+05 
4.91536841330721e-02 1.00001593917388e+05 
4.93263929403844e-02 1.00001837142128e+05 
4.94994190310371e-02 1.00002118912571e+05 
4.96724069685904e-02 1.00002443389313e+05 
4.98454532921123e-02 1.00002820310412e+05 
5.00187752498287e-02 1.00003248415497e+05 
5.01923657678818e-02 1.00003732887769e+05 
5.03664135656422e-02 1.00004274486365e+05 
5.05407164323728e-02 1.00004889260009e+05 
5.07152286922909e-02 1.00005583252649e+05 
5.08894605731210e-02 1.00006369952782e+05 
5.10636235070648e-02 1.00007241788655e+05 
5.12379249866264e-02 1.00008204416025e+05 
5.14124677739598e-02 1.00009253007412e+05 
5.15871592647310e-02 1.00010413427122e+05 
5.17621652497835e-02 1.00011691788067e+05 
5.19371668236948e-02 1.00013109196169e+05 
5.21126273753872e-02 1.00014646958614e+05 
5.22885957581376e-02 1.00016308568777e+05 
5.24649809173168e-02 1.00018076811939e+05 
5.26415928350202e-02 1.00019996048192e+05 
5.28185299159606e-02 1.00022072243670e+05 
5.29956893452580e-02 1.00024347373358e+05 
5.31730497404408e-02 1.00026775596205e+05 
5.33506345694164e-02 1.00029364106934e+05 
5.35284295249305e-02 1.00032085735935e+05 
5.37061116091382e-02 1.00035034169602e+05 
5.38839281089031e-02 1.00038236263906e+05 
5.40620257994549e-02 1.00041801890868e+05 
5.42406531509869e-02 1.00045672164468e+05 
5.44198439115684e-02 1.00049898878551e+05 
5.45999156293428e-02 1.00054479583481e+05 
5.47806212736089e-02 1.00059665981862e+05 
5.49624810659838e-02 1.00065589283297e+05 
5.51443288523837e-02 1.00072504632707e+05 
5.53263610721794e-02 1.00080364615328e+05 
5.55086859747690e-02 1.00089371309390e+05 
5.56915403435570e-02 1.00099651544459e+05 
5.58743455744339e-02 1.00111757489151e+05 
5.60572317638863e-02 1.00125989653497e+05 
5.62402378758953e-02 1.00142956938375e+05 
5.64233840131664e-02 1.00162741705068e+05 
5.66067166523572e-02 1.00185807321137e+05 
5.67902878126460e-02 1.00212434096040e+05 
5.69739830893550e-02 1.00243728477604e+05 
5.71579131506243e-02 1.00280305124032e+05 
5.73418017051085e-02 1.00323273547668e+05 
5.75255685290148e-02 1.00372580947069e+05 
5.77094359315203e-02 1.00428980528967e+05 
5.78934296551372e-02 1.00492756452284e+05 
5.80775326131813e-02 1.00565643083174e+05 
5.82619496089745e-02 1.00648305728941e+05 
5.84466389309543e-02 1.00742277486066e+05 
5.86318113980441e-02 1.00847181154540e+05 
5.88174513134777e-02 1.00963515243077e+05 
5.90033734904410e-02 1.01091596211923e+05 
5.91893765830149e-02 1.01231472608326e+05 
5.93755755359819e-02 1.01383720869184e+05 
5.95619062878281e-02 1.01550436961221e+05 
5.97483793360308e-02 1.01729168206229e+05 
5.99350379467741e-02 1.01919195029727e+05 
6.01216149421883e-02 1.02118554786569e+05 
6.03081883988875e-02 1.02328177797186e+05 
6.04950172854141e-02 1.02546911537055e+05 
6.06823923516583e-02 1.02774515747743e+05 
6.08708669962704e-02 1.03008226485824e+05 
6.10607398777020e-02 1.03245669578802e+05 
6.12522471923053e-02 1.03485191079645e+05 
6.14440734475431e-02 1.03724035770303e+05 
6.16357866472067e-02 1.03958458796626e+05 
6.18275080447109e-02 1.04186268717599e+05 
6.20192782754535e-02 1.04406810148049e+05 
6.22112455532784e-02 1.04613694426164e+05 
6.24035898744398e-02 1.04802294870774e+05 
6.25960495685095e-02 1.04974523781165e+05 
6.27886174542184e-02 1.05134954613630e+05 
6.29812795720330e-02 1.05279403599378e+05 
6.31741092984563e-02 1.05385377230424e+05 
6.33671068511821e-02 1.05460333116368e+05 
6.35601963355201e-02 1.05513238238447e+05 
6.37532751387016e-02 1.05537467822357e+05 
6.39464553229059e-02 1.05527678697872e+05 
6.41396778590153e-02 1.05509545972366e+05 
6.43329980918209e-02 1.05491619483551e+05 
6.45264567723123e-02 1.05473674685808e+05 
6.47200777527105e-02 1.05446961207555e+05 
6.49137331660726e-02 1.05411394919672e+05 
6.51075875606854e-02 1.05366129382377e+05 
6.53014087274471e-02 1.05306009619198e+05 
6.54952600512519e-02 1.05229874887954e+05 
6.56893150690974e-02 1.05136070138149e+05 
6.58836034649105e-02 1.05030392267457e+05 
6.60779940065492e-02 1.04912932835002e+05 
6.62724318745326e-02 1.04784134088960e+05 
6.64670182705730e-02 1.04642557259087e+05 
6.66616861238262e-02 1.04491367924879e+05 
6.68563758711417e-02 1.04331710373750e+05 
6.70512057759801e-02 1.04166753319349e+05 
6.72460507588472e-02 1.03995416353485e+05 
6.74408708102563e-02 1.03818918617101e+05 
6.76359287560253e-02 1.03635655496340e+05 
6.78315574048183e-02 1.03449234142186e+05 
6.80279044421811e-02 1.03260573527799e+05 
6.82253678805062e-02 1.03071927216725e+05 
6.84240434479598e-02 1.02880249724136e+05 
6.86241996912639e-02 1.02687374468013e+05 
6.88247232263515e-02 1.02494182216960e+05 
6.90254551922904e-02 1.02302575612390e+05 
6.92263057754995e-02 1.02113162576342e+05 
6.94272504546129e-02 1.01926960409961e+05 
6.96283295936545e-02 1.01742804180693e+05 
6.98293724123027e-02 1.01561257103600e+05 
7.00307798655094e-02 1.01381495011173e+05 
7.02321732159445e-02 1.01205025436072e+05 
7.04333901641349e-02 1.01032260831503e+05 
7.06346272596188e-02 1.00863435041466e+05 
7.08358857791384e-02 1.00697386430499e+05 
7.10371456006675e-02 1.00534470018596e+05 
7.12386142034685e-02 1.00374361055798e+05 
7.14402195484618e-02 1.00217852498429e+05 
7.16419120032911e-02 1.00065155217488e+05 
7.18437729276213e-02 9.99164216657745e+04 
7.20456620087186e-02 9.97708265089773e+04 
7.22475153146023e-02 9.96288365316671e+04 
7.24494103774414e-02 9.94904006810213e+04 
7.26513638682653e-02 9.93561920411753e+04 
7.28533555937072e-02 9.92261763307480e+04 
7.30553570493040e-02 9.91005611101692e+04 
7.32573183474262e-02 9.89785980322260e+04 
7.34592678717147e-02 9.88606036489718e+04 
7.36612876433503e-02 9.87467967818095e+04 
7.38635388660724e-02 9.86375356916098e+04 
7.40659127861538e-02 9.85327753401203e+04 
7.42683728984356e-02 9.84325524120648e+04 
7.44707613610934e-02 9.83368471643334e+04 
7.46731269246035e-02 9.82458533091668e+04 
7.48755595766319e-02 9.81599514740476e+04 
7.50781817785465e-02 9.80797915599575e+04 
7.52810185699368e-02 9.80053436466348e+04 
7.54843389438242e-02 9.79362236957772e+04 
7.56878201773819e-02 9.78728770145967e+04 
7.58917432418620e-02 9.78146420099148e+04 
7.60964028545183e-02 9.77642354507049e+04 
7.63021169994568e-02 9.77219514539508e+04 
7.65079489018432e-02 9.76801606820965e+04 
7.67138450804390e-02 9.76513336731509e+04 
7.69198086609420e-02 9.76315486494593e+04 
7.71258031418105e-02 9.76196668432456e+04 
7.73318078530672e-02 9.76147497226101e+04 
7.75378149114012e-02 9.76227649421219e+04 
7.77438480422769e-02 9.76322598659550e+04 
7.79499214941387e-02 9.76420656121155e+04 
7.81560388355243e-02 9.76514455190934e+04 
7.83621786569197e-02 9.76623417323060e+04 
7.85683715569058e-02 9.76764963314856e+04 
7.87745949519504e-02 9.76939650752441e+04 
7.89808565676595e-02 9.77161706504009e+04 
7.91871634058318e-02 9.77431186205174e+04 
7.93935268625297e-02 9.77765170477167e+04 
7.95999070388413e-02 9.78157929906755e+04 
7.98063312098622e-02 9.78608358277106e+04 
8.00127722746133e-02 9.79104439975947e+04 
8.02192310993760e-02 9.79645874394576e+04 
8.04257043230101e-02 9.80220448004124e+04 
8.06321907599492e-02 9.80840968699655e+04 
8.08386559948240e-02 9.81483295295779e+04 
8.10451245135119e-02 9.82165805295212e+04 
8.12515917113767e-02 9.82879599214935e+04 
8.14580827156330e-02 9.83606492801266e+04 
8.16645937811583e-02 9.84332566266546e+04 
8.18711297576986e-02 9.85060616625862e+04 
8.20776816054639e-02 9.85788791912639e+04 
8.22842705021994e-02 9.86506026346022e+04 
8.24908976555920e-02 9.87206757619103e+04 
8.26975985111209e-02 9.87885788518706e+04 
8.29043524844585e-02 9.88534853199524e+04 
8.31111585263027e-02 9.89150964732404e+04 
8.33179815515058e-02 9.89747922724902e+04 
8.35248337852793e-02 9.90322668811043e+04 
8.37317095306879e-02 9.90867376679877e+04 
8.39386489728442e-02 9.91371681676813e+04 
8.41456293966288e-02 9.91832050367081e+04 
8.43526518525828e-02 9.92246835966047e+04 
8.45596859596026e-02 9.92602222394177e+04 
8.47640336770676e-02 9.92903865431068e+04 
8.49711079870771e-02 9.93180258352915e+04 
8.51782415489706e-02 9.93425342967029e+04 
8.53854152759564e-02 9.93632708118305e+04 
8.55926194039721e-02 9.93810420041640e+04 
8.57998330351664e-02 9.93952867296490e+04 
8.60070828267851e-02 9.94057910001062e+04 
8.62143680227822e-02 9.94127595199958e+04 
8.64217381687755e-02 9.94160299096324e+04 
8.66291700929232e-02 9.94155395970105e+04 
8.68366493950310e-02 9.94134046589343e+04 
8.70441574889264e-02 9.94066906502130e+04 
8.72517028223009e-02 9.93958114945483e+04 
8.74592724167318e-02 9.93819303476522e+04 
8.76669224876985e-02 9.93654055763460e+04 
8.78746295139687e-02 9.93456189218453e+04 
8.80823771312938e-02 9.93241928687999e+04 
8.82901387279470e-02 9.93026686597839e+04 
8.84979000437788e-02 9.92809265561643e+04 
8.87056967389186e-02 9.92589651503502e+04 
8.89136022321747e-02 9.92367351928557e+04 
8.91215716202790e-02 9.92141429544172e+04 
8.93295822196439e-02 9.91912916357710e+04 
8.95376369320166e-02 9.91680964319673e+04 
8.97457359690989e-02 9.91442567662278e+04 
8.99538576487939e-02 9.91199431254096e+04 
9.01620662847693e-02 9.90952696369778e+04 
9.03703467098294e-02 9.90703862791312e+04 
9.05786522580583e-02 9.90457654648630e+04 
9.07869792494598e-02 9.90211657580104e+04 
9.09953379398867e-02 9.89966986508678e+04 
9.12037071757999e-02 9.89723759108454e+04 
9.14121639722138e-02 9.89493571318808e+04 
9.16207016176380e-02 9.89271841555442e+04 
9.18292739455058e-02 9.89064186487249e+04 
9.20378664841869e-02 9.88871406539801e+04 
9.22464882264351e-02 9.88693357664544e+04 
9.24551101110552e-02 9.88521867567484e+04 
9.26638157073561e-02 9.88358498506052e+04 
9.28726005698817e-02 9.88205172713254e+04 
9.30814166014582e-02 9.88069289332542e+04 
9.32902428421996e-02 9.87949257379213e+04 
9.34990921337683e-02 9.87843441103456e+04 
9.37079335157480e-02 9.87757201249938e+04 
9.39168557490331e-02 9.87693506816741e+04 
9.41258535735112e-02 9.87654046647462e+04 
9.43348903029102e-02 9.87622328717127e+04 
9.45439418084117e-02 9.87622587705219e+04 
9.47530130981294e-02 9.87646233548083e+04 
9.49620727087912e-02 9.87691080726765e+04 
9.51712093358336e-02 9.87755634202081e+04 
9.53804140215174e-02 9.87840566960051e+04 
9.55896516375863e-02 9.87947730929049e+04 
9.57988998200784e-02 9.88062624527327e+04 
9.60081588882866e-02 9.88181055761854e+04 
9.62173969886415e-02 9.88306105367227e+04 
9.64267076841765e-02 9.88442362508413e+04 
9.66360804259833e-02 9.88593601140019e+04 
9.68454849327833e-02 9.88759588757274e+04 
9.70548976948337e-02 9.88939850343102e+04 
9.72643102604611e-02 9.89128609818382e+04 
9.74736932054907e-02 9.89326060681396e+04 
9.76831400793387e-02 9.89533732459194e+04 
9.78926386924672e-02 9.89752327527250e+04 
9.81021642274277e-02 9.89979576591618e+04 
9.83116993032846e-02 9.90213941774668e+04 
9.85212251653331e-02 9.90448510694336e+04 
9.87307201707053e-02 9.90681780146352e+04 
9.89402789867103e-02 9.90914741792782e+04 
9.91498882917205e-02 9.91147803843161e+04 
9.93595509462121e-02 9.91377557727951e+04 
9.95692765647236e-02 9.91602889282209e+04 
9.97790008787140e-02 9.91818631671790e+04 
9.99886992638452e-02 9.92023427202369e+04 
1.00198466558631e-01 9.92222184187630e+04 
1.00408292657248e-01 9.92417312562371e+04 
1.00618172756660e-01 9.92605590236217e+04 
1.00828121132383e-01 9.92787320484704e+04 
1.01038098696264e-01 9.92958841932279e+04 
1.01248067481427e-01 9.93117409357249e+04 
1.01458118353354e-01 9.93273107889707e+04 
1.01668238734350e-01 9.93423629937118e+04 
1.01878378770708e-01 9.93568749307270e+04 
1.02088523460759e-01 9.93711622953463e+04 
1.02298686819871e-01 9.93839234325756e+04 
1.02508862919726e-01 9.93944708731111e+04 
1.02719045418823e-01 9.94054687272070e+04 
1.02929236055911e-01 9.94170139471037e+04 
1.03099972728119e-01 9.94263397492071e+04 
1.03282437862164e-01 9.94361778584941e+04 
1.03476494539934e-01 9.94463652371364e+04 
1.03653176695251e-01 9.94555816626004e+04 
1.03835171912437e-01 9.94652165074098e+04 
1.04024095181780e-01 9.94757428045561e+04 
1.04201914786551e-01 9.94858230309741e+04 
1.04387347662329e-01 9.94965977197301e+04 
1.04581528766448e-01 9.95078081777245e+04 
1.04765765062699e-01 9.95187606748538e+04 
1.04962175781289e-01 9.95308196278040e+04 
1.05140736624956e-01 9.95422324634937e+04 
1.05323142685259e-01 9.95543352745180e+04 
1.05502252108604e-01 9.95668666109572e+04 
1.05691712248532e-01 9.95809543472127e+04 
1.05874322310209e-01 9.95948808006278e+04 
1.06065691351168e-01 9.96102102720691e+04 
1.06256996940821e-01 9.96262359397971e+04 
1.06441061244091e-01 9.96427320001579e+04 
1.06643027665953e-01 9.96622054658373e+04 
1.06830627338869e-01 9.96813457330203e+04 
1.07028081454392e-01 9.97029368824877e+04 
1.07204736153379e-01 9.97236574953178e+04 
1.07389819460154e-01 9.97470876311485e+04 
1.07584312169082e-01 9.97733748983782e+04 
1.07789132695846e-01 9.98028690782897e+04 
1.07962676544518e-01 9.98291261053280e+04 
1.08144975660079e-01 9.98582118401678e+04 
1.08336705042612e-01 9.98904013906787e+04 
1.08519263312375e-01 9.99229822278869e+04 
1.08711560432486e-01 9.99590524341147e+04 
1.08892963913264e-01 9.99946352639643e+04 
1.09085167110519e-01 1.00033563804552e+05 
1.09269326262754e-01 1.00072410941244e+05 
1.09463106019897e-01 1.00114757314642e+05 
1.09648372608892e-01 1.00156985115939e+05 
1.09833177385685e-01 1.00200466016238e+05 
1.10033310476147e-01 1.00248834523304e+05 
1.10215335383737e-01 1.00293609995612e+05 
1.10404000524769e-01 1.00340949957416e+05 
1.10585847296429e-01 1.00387371714868e+05 
1.10773943168236e-01 1.00436350717737e+05 
1.10975462506009e-01 1.00489601080933e+05 
1.11180117117098e-01 1.00544130132228e+05 
1.11384740473442e-01 1.00598857748908e+05 
1.11595128639922e-01 1.00654127088690e+05 
1.11805501197786e-01 1.00709301246635e+05 
1.12015856029454e-01 1.00764231072875e+05 
1.12225778154662e-01 1.00818655885152e+05 
1.12436113026961e-01 1.00871520283103e+05 
1.12646442382850e-01 1.00922020097812e+05 
1.12856764214115e-01 1.00970448639721e+05 
1.13069156343094e-01 1.01016169663979e+05 
1.13281627002975e-01 1.01061078440267e+05 
1.13494183639729e-01 1.01103247469357e+05 
1.13706790291495e-01 1.01143439736148e+05 
1.13919455137141e-01 1.01178988614727e+05 
1.14132143026884e-01 1.01210689064826e+05 
1.14344876003071e-01 1.01239268079094e+05 
1.14557653458972e-01 1.01264311129004e+05 
1.14770489711307e-01 1.01285607051128e+05 
1.14983359753304e-01 1.01303298233090e+05 
1.15196282726114e-01 1.01317074756450e+05 
1.15409234674930e-01 1.01327231424017e+05 
1.15622210723761e-01 1.01334662765941e+05 
1.15835212591689e-01 1.01339294569796e+05 
1.16048269269101e-01 1.01339780257164e+05 
1.16261360350777e-01 1.01336413150357e+05 
1.16474508872319e-01 1.01330022233977e+05 
1.16687693690901e-01 1.01319735111793e+05 
1.16900895452085e-01 1.01309648242997e+05 
1.17114119315743e-01 1.01299605765291e+05 
1.17327385665717e-01 1.01289959424931e+05 
1.17540683506561e-01 1.01279304596249e+05 
1.17754019333118e-01 1.01266945933377e+05 
1.17967395677354e-01 1.01252770420627e+05 
1.18180789557553e-01 1.01236421030144e+05 
1.18394208089489e-01 1.01218312883626e+05 
1.18607675526577e-01 1.01198573825760e+05 
1.18821174287967e-01 1.01176643492681e+05 
1.19034706877684e-01 1.01152477488332e+05 
1.19248271515818e-01 1.01126736353146e+05 
1.19461846018802e-01 1.01099184967947e+05 
1.19675430873608e-01 1.01070138463892e+05 
1.19889052446997e-01 1.01039897603192e+05 
1.20102695772910e-01 1.01007961775217e+05 
1.20316362780887e-01 1.00974494809867e+05 
1.20530052528398e-01 1.00940362982220e+05 
1.20743746961477e-01 1.00905232867307e+05 
1.20957444284232e-01 1.00869528219365e+05 
1.21171173065648e-01 1.00833416675731e+05 
1.21384919444520e-01 1.00796402562067e+05 
1.21598685104874e-01 1.00758579364943e+05 
1.21812468273105e-01 1.00720766368101e+05 
1.22026252040664e-01 1.00682550154792e+05 
1.22240031394469e-01 1.00644285224555e+05 
1.22453828967648e-01 1.00605991078190e+05 
1.22667630000797e-01 1.00567106111077e+05 
1.22881434540885e-01 1.00527700652738e+05 
1.23095250728777e-01 1.00488577224777e+05 
1.23309068527841e-01 1.00449274339084e+05 
1.23522885162546e-01 1.00410191399577e+05 
1.23736714377864e-01 1.00371381522901e+05 
1.23950562305941e-01 1.00332320837168e+05 
1.24164431202282e-01 1.00293156815228e+05 
1.24378314887182e-01 1.00254737406713e+05 
1.24592205934633e-01 1.00216660804748e+05 
1.24806105794603e-01 1.00179379069887e+05 
1.25020026358115e-01 1.00142909285839e+05 
1.25233961122847e-01 1.00106805945298e+05 
1.25447914797871e-01 1.00071219389834e+05 
1.25661874304060e-01 1.00036890806656e+05 
1.25875835621917e-01 1.00003806655788e+05 
1.26089798397896e-01 9.99715443521130e+04 
1.26303770972607e-01 9.99410486624922e+04 
1.26517746709219e-01 9.99106948712915e+04 
1.26731733804504e-01 9.98812986793911e+04 
1.26945724002941e-01 9.98547517663904e+04 
1.27159716199702e-01 9.98296383208771e+04 
1.27373712461488e-01 9.98069304304181e+04 
1.27587720299310e-01 9.97851959249054e+04 
1.27801737367568e-01 9.97630395575193e+04 
1.28015760388368e-01 9.97414716751798e+04 
1.28229787919555e-01 9.97215582103223e+04 
1.28443816262259e-01 9.97031777340710e+04 
1.28657845273972e-01 9.96855663393300e+04 
1.28871882182558e-01 9.96695845402492e+04 
1.29085922767532e-01 9.96539603067897e+04 
1.29299962884237e-01 9.96387861801483e+04 
1.29514003009191e-01 9.96248000383162e+04 
1.29728041695705e-01 9.96113521028169e+04 
1.29942078158778e-01 9.95988908423292e+04 
1.30156116686943e-01 9.95869384613897e+04 
1.30370155939696e-01 9.95753019836561e+04 
1.30584190198309e-01 9.95645232541507e+04 
1.30798222168652e-01 9.95545448906415e+04 
1.31012253911683e-01 9.95453290732431e+04 
1.31226284381693e-01 9.95373907228527e+04 
1.31440317506408e-01 9.95306513867161e+04 
1.31654354236417e-01 9.95245995297639e+04 
1.31868387648134e-01 9.95192494274789e+04 
1.32082422032351e-01 9.95150626797535e+04 
1.32296462013125e-01 9.95117069595149e+04 
1.32510505031810e-01 9.95095420547988e+04 
1.32724554710192e-01 9.95083452135289e+04 
1.32938612533951e-01 9.95076502184532e+04 
1.33152670519300e-01 9.95072363949747e+04 
1.33366735750243e-01 9.95074112968609e+04 
1.33580814394274e-01 9.95079949832221e+04 
1.33794902423108e-01 9.95086509159455e+04 
1.34009004361669e-01 9.95103516238902e+04 
1.34223122383629e-01 9.95127236255405e+04 
1.34437247410860e-01 9.95149631750417e+04 
1.34651385401405e-01 9.95168704596250e+04 
1.34865543878964e-01 9.95188751571274e+04 
1.35079717551802e-01 9.95215309596119e+04 
1.35293914895408e-01 9.95245192090410e+04 
1.35508137269093e-01 9.95272099584518e+04 
1.35722377024325e-01 9.95296978846976e+04 
1.35936631382620e-01 9.95324578646990e+04 
1.36150892830767e-01 9.95348972102455e+04 
1.36365163058258e-01 9.95374286957755e+04 
1.36579451191366e-01 9.95402865042557e+04 
1.36793748959671e-01 9.95427361641347e+04 
1.37008064505592e-01 9.95445764182993e+04 
1.37222383734084e-01 9.95464365445252e+04 
1.37436707175223e-01 9.95480980052907e+04 
1.37651035764260e-01 9.95501162568373e+04 
1.37865381643861e-01 9.95523059845444e+04 
1.38079735559680e-01 9.95541505699808e+04 
1.38294104791002e-01 9.95552667372070e+04 
1.38508476370731e-01 9.95563448831267e+04 
1.38722850518583e-01 9.95571006423097e+04 
1.38937226953398e-01 9.95581356054302e+04 
1.39151613783078e-01 9.95591893477401e+04 
1.39366004310059e-01 9.95596773053724e+04 
1.39580404612666e-01 9.95592298998040e+04 
1.39794805279225e-01 9.95586189601638e+04 
1.40009209328912e-01 9.95575366849791e+04 
1.40223615751628e-01 9.95565623613570e+04 
1.40438032637549e-01 9.95555203839179e+04 
1.40652455406372e-01 9.95538509093281e+04 
1.40866889893954e-01 9.95511644130542e+04 
1.41081327457750e-01 9.95486221974600e+04 
1.41295772600500e-01 9.95453197874682e+04 
1.41510224132630e-01 9.95425207231216e+04 
1.41724690114058e-01 9.95397797688109e+04 
1.41939167103517e-01 9.95366609303135e+04 
1.42153661646837e-01 9.95328354826130e+04 
1.42368164699101e-01 9.95287183929728e+04 
1.42582679421219e-01 9.95246612039639e+04 
1.42797204692932e-01 9.95204255086351e+04 
1.43011748700747e-01 9.95165469873725e+04 
1.43226307971118e-01 9.95125109241811e+04 
1.43440889642645e-01 9.95080307038279e+04 
1.43655484417590e-01 9.95037182232221e+04 
1.43870093310477e-01 9.94993564547673e+04 
1.44084715575944e-01 9.94950314310416e+04 
1.44299359721041e-01 9.94911257717121e+04 
1.44514021299097e-01 9.94870032532116e+04 
1.44728707488724e-01 9.94824138551089e+04 
1.44943408020217e-01 9.94778776800297e+04 
1.45158122303536e-01 9.94732371159131e+04 
1.45372849651472e-01 9.94685860849215e+04 
1.45587599113564e-01 9.94643465550435e+04 
1.45802367393413e-01 9.94599614147983e+04 
1.46017162788859e-01 9.94552371872414e+04 
1.46231975164613e-01 9.94505929106090e+04 
1.46446802069848e-01 9.94461661231488e+04 
1.46661640723233e-01 9.94418379260147e+04 
1.46876501315656e-01 9.94382573905734e+04 
1.47091380637043e-01 9.94345302327402e+04 
1.47306285496405e-01 9.94303758583994e+04 
1.47521205224936e-01 9.94267502226429e+04 
1.47736136980768e-01 9.94238103040490e+04 
1.47951078031911e-01 9.94215246949052e+04 
1.48166038385185e-01 9.94201378483478e+04 
1.48381016067748e-01 9.94188904672259e+04 
1.48596018328279e-01 9.94172371867224e+04 
1.48811035924795e-01 9.94158919602035e+04 
1.49026067621810e-01 9.94147512903254e+04 
1.49241109377609e-01 9.94138640081069e+04 
1.49456171221958e-01 9.94144487304074e+04 
1.49671251967805e-01 9.94143874503850e+04 
1.49886359183387e-01 9.94132461488396e+04 
1.50101484105564e-01 9.94118722614916e+04 
1.50316625258735e-01 9.94106278228815e+04 
1.50531778148510e-01 9.94095577283382e+04 
1.50746951845997e-01 9.94089890674040e+04 
1.50962145696059e-01 9.94082590566255e+04 
1.51177367262231e-01 9.94076009366064e+04 
1.51392608203133e-01 9.94074493583022e+04 
1.51607866643605e-01 9.94079002940422e+04 
1.51823138121843e-01 9.94081067609655e+04 
1.52038431683038e-01 9.94103704262887e+04 
1.52253747503949e-01 9.94144945302656e+04 
1.52469093062211e-01 9.94198861021693e+04 
1.52684459935560e-01 9.94267846364677e+04 
1.52899845403437e-01 9.94348624585343e+04 
1.53115244484624e-01 9.94434429717691e+04 
1.53330668071088e-01 9.94534123099695e+04 
1.53546115674591e-01 9.94640369317036e+04 
1.53761595864110e-01 9.94745982273592e+04 
1.53977099177808e-01 9.94858796376119e+04 
1.54192621315436e-01 9.94975998436105e+04 
1.54408157035616e-01 9.95100249672605e+04 
1.54623717974038e-01 9.95235397900746e+04 
1.54839301337165e-01 9.95378935168622e+04 
1.55054915105841e-01 9.95530833599179e+04 
1.55270549454915e-01 9.95686061121602e+04 
1.55486199111574e-01 9.95851069317195e+04 
1.55701858243083e-01 9.96023356453052e+04 
1.55917537162314e-01 9.96206703872306e+04 
1.56133233048976e-01 9.96396802099006e+04 
1.56348953628157e-01 9.96584241823321e+04 
1.56564691818214e-01 9.96776318762720e+04 
1.56780444807554e-01 9.96972990376055e+04 
1.56996207113068e-01 9.97172732815009e+04 
1.57211988520076e-01 9.97378628220413e+04 
1.57427787685709e-01 9.97584152688623e+04 
1.57643611923400e-01 9.97785000193123e+04 
1.57859456136097e-01 9.97988020421949e+04 
1.58075317574050e-01 9.98192879952010e+04 
1.58291190003474e-01 9.98397910066444e+04 
1.58507082834850e-01 9.98604869766470e+04 
1.58722995389120e-01 9.98809808094387e+04 
1.58938935244710e-01 9.99004107190551e+04 
1.59154896094877e-01 9.99197838102548e+04 
1.59370874328539e-01 9.99392957926400e+04 
1.59586863172516e-01 9.99582639548891e+04 
1.59802873045784e-01 9.99771465730914e+04 
1.60018901478391e-01 9.99953982145630e+04 
1.60234956503827e-01 1.00012708488234e+05 
1.60451030252429e-01 1.00029451756790e+05 
1.60667118230153e-01 1.00045671765748e+05 
1.60883212896373e-01 1.00061205127449e+05 
1.61099325656357e-01 1.00076459219546e+05 
1.61315450228297e-01 1.00090863170166e+05 
1.61531592713238e-01 1.00104593926093e+05 
1.61747746396959e-01 1.00117296131176e+05 
1.61963909346418e-01 1.00129357661009e+05 
1.62180073127532e-01 1.00140399609889e+05 
1.62396250458493e-01 1.00151000677338e+05 
1.62612438035501e-01 1.00160598198086e+05 
1.62828641910718e-01 1.00169126430241e+05 
1.63044857007093e-01 1.00177045615807e+05 
1.63261082267494e-01 1.00184167161820e+05 
1.63477308462441e-01 1.00190589847636e+05 
1.63693549297004e-01 1.00196746060370e+05 
1.63909800519975e-01 1.00201854335803e+05 
1.64126067956248e-01 1.00205984928143e+05 
1.64342344591868e-01 1.00210498958694e+05 
1.64558629011890e-01 1.00213657020117e+05 
1.64774911706944e-01 1.00215440600396e+05 
1.64991208453724e-01 1.00216645479464e+05 
1.65207513567699e-01 1.00216772816880e+05 
1.65423833943591e-01 1.00215876701029e+05 
1.65640159402209e-01 1.00214503655961e+05 
1.65856488953692e-01 1.00212543203555e+05 
1.66072814558876e-01 1.00209742419751e+05 
1.66289151922994e-01 1.00207160492021e+05 
1.66505493428686e-01 1.00204737933057e+05 
1.66721845548355e-01 1.00201896986161e+05 
1.66938198592594e-01 1.00199180908398e+05 
1.67154553513665e-01 1.00196483049473e+05 
1.67370902846270e-01 1.00193877250640e+05 
1.67587263050296e-01 1.00191245176171e+05 
1.67803627055055e-01 1.00188155227403e+05 
1.68020001762086e-01 1.00184385116365e+05 
1.68236376260187e-01 1.00180617644368e+05 
1.68452752139723e-01 1.00176881031337e+05 
1.68669122543278e-01 1.00172983254615e+05 
1.68885504412606e-01 1.00169311464306e+05 
1.69101889857324e-01 1.00165051925451e+05 
1.69318286862680e-01 1.00160615352877e+05 
1.69534683174563e-01 1.00156265019046e+05 
1.69751079191557e-01 1.00151752966603e+05 
1.69967468464587e-01 1.00147304921836e+05 
1.70183867140849e-01 1.00143347850191e+05 
1.70400266016381e-01 1.00139415136697e+05 
1.70616673215873e-01 1.00135316984278e+05 
1.70833076491994e-01 1.00131484200511e+05 
1.71049473047773e-01 1.00127822225297e+05 
1.71265862789527e-01 1.00124215944760e+05 
1.71482649409791e-01 1.00120989517761e+05 
1.71654690061969e-01 1.00118370069032e+05 
1.71834698931504e-01 1.00115401013309e+05 
1.72024806057581e-01 1.00112278846378e+05 
1.72207096058222e-01 1.00109264851388e+05 
1.72403077780990e-01 1.00105897705950e+05 
1.72578259172740e-01 1.00103008590526e+05 
1.72770958703664e-01 1.00099594535567e+05 
1.72979787626821e-01 1.00095247967747e+05 
1.73164686846730e-01 1.00091188852641e+05 
1.73358484506446e-01 1.00086785562760e+05 
1.73557947342318e-01 1.00081685485371e+05 
1.73769401965650e-01 1.00075697956168e+05 
1.73986175066041e-01 1.00069601530715e+05 
1.74157395418486e-01 1.00064341332406e+05 
1.74338603571567e-01 1.00058736256968e+05 
1.74528290243504e-01 1.00052775428395e+05 
1.74727423994959e-01 1.00046519848679e+05 
1.74901751076378e-01 1.00041131040338e+05 
1.75088533706457e-01 1.00035183962380e+05 
1.75287657973587e-01 1.00028491393059e+05 
1.75471203378680e-01 1.00022326287619e+05 
1.75668798609281e-01 1.00015558877165e+05 
1.75880353872202e-01 1.00008072807250e+05 
1.76060419178686e-01 1.00001632118797e+05 
1.76258491015819e-01 9.99943978951545e+04 
1.76475114225353e-01 9.99859919436265e+04 
1.76667065499918e-01 9.99787441248059e+04 
1.76868554403051e-01 9.99714000079760e+04 
1.77076078731272e-01 9.99642142135037e+04 
1.77271616592841e-01 9.99579584790645e+04 
1.77476555562474e-01 9.99519025338370e+04 
1.77687239147022e-01 9.99460407445370e+04 
1.77891757169946e-01 9.99403817426221e+04 
1.78102897571468e-01 9.99352137658276e+04 
1.78313210768574e-01 9.99307691156897e+04 
1.78519040518777e-01 9.99269889394716e+04 
1.78732686538604e-01 9.99235799235525e+04 
1.78949580431265e-01 9.99203495333838e+04 
1.79166484514661e-01 9.99175963270211e+04 
1.79383400549483e-01 9.99155719296941e+04 
1.79600323564471e-01 9.99143823774556e+04 
1.79817271470425e-01 9.99142226679094e+04 
1.80034230942514e-01 9.99149168643828e+04 
1.80251208250351e-01 9.99159455242009e+04 
1.80468202638277e-01 9.99177950227440e+04 
1.80685213396942e-01 9.99199303629711e+04 
1.80902234105127e-01 9.99237436218235e+04 
1.81119281312740e-01 9.99289882886486e+04 
1.81336341969643e-01 9.99353280024264e+04 
1.81553422604775e-01 9.99422678556436e+04 
1.81770520192223e-01 9.99497633551614e+04 
1.81987630875061e-01 9.99581401374959e+04 
1.82204745197730e-01 9.99672448534594e+04 
1.82421874309218e-01 9.99771456513898e+04 
1.82639003000377e-01 9.99877482109672e+04 
1.82856132995678e-01 9.99981216950963e+04 
1.83073263839454e-01 1.00008485967761e+05 
1.83290396635361e-01 1.00019011256875e+05 
1.83507523987931e-01 1.00029966013642e+05 
1.83724658823125e-01 1.00041192335740e+05 
1.83941793158658e-01 1.00052780254052e+05 
1.84158932953553e-01 1.00063786091191e+05 
1.84376081299961e-01 1.00074625936850e+05 
1.84593239408288e-01 1.00085492711758e+05 
1.84810400444761e-01 1.00096665847924e+05 
1.85027578495544e-01 1.00108045535181e+05 
1.85244763884933e-01 1.00119465462941e+05 
1.85461961828893e-01 1.00130168841945e+05 
1.85679171770875e-01 1.00140707106128e+05 
1.85896393752576e-01 1.00151216415764e+05 
1.86113621696314e-01 1.00161828352479e+05 
1.86330867791179e-01 1.00172441959585e+05 
1.86548121650298e-01 1.00183011551745e+05 
1.86765388175853e-01 1.00192964791180e+05 
1.86982666175104e-01 1.00202661013607e+05 
1.87199955771231e-01 1.00212252125507e+05 
1.87417251524368e-01 1.00222023574300e+05 
1.87634564323399e-01 1.00231758268886e+05 
1.87851884417500e-01 1.00241343393820e+05 
1.88069216651454e-01 1.00250109994968e+05 
1.88286559577525e-01 1.00258518791245e+05 
1.88503914342607e-01 1.00266782916545e+05 
1.88721274883372e-01 1.00275105834114e+05 
1.88938650748368e-01 1.00283149138075e+05 
1.89156032795358e-01 1.00290772565780e+05 
1.89373424629563e-01 1.00298187493106e+05 
1.89590825941819e-01 1.00305075759834e+05 
1.89808239446394e-01 1.00311487474602e+05 
1.90025657578894e-01 1.00317557264439e+05 
1.90243090206602e-01 1.00323496395192e+05 
1.90460529271730e-01 1.00329101345514e+05 
1.90677977504523e-01 1.00334163759597e+05 
1.90895435939794e-01 1.00338586574196e+05 
1.91112908230044e-01 1.00342535061424e+05 
1.91330386198852e-01 1.00346070501124e+05 
1.91547879658035e-01 1.00349349923254e+05 
1.91765381002657e-01 1.00352171830604e+05 
1.91982892155300e-01 1.00354285165298e+05 
1.92200414155258e-01 1.00355533471862e+05 
1.92417951070223e-01 1.00356106377192e+05 
1.92635494564746e-01 1.00356290373346e+05 
1.92853052871337e-01 1.00356091898810e+05 
1.93070618547261e-01 1.00355564200025e+05 
1.93288192256699e-01 1.00354458679066e+05 
1.93505776046274e-01 1.00352811766729e+05 
1.93723374821352e-01 1.00351124238051e+05 
1.93940979669498e-01 1.00349503836744e+05 
1.94158597383809e-01 1.00347863792216e+05 
1.94376221618100e-01 1.00346921421971e+05 
1.94593852792591e-01 1.00346186546197e+05 
1.94811493966981e-01 1.00345597664274e+05 
1.95029151806497e-01 1.00345148092032e+05 
1.95246817583435e-01 1.00344963892368e+05 
1.95464497392392e-01 1.00344906853389e+05 
1.95682186195069e-01 1.00345253974158e+05 
1.95899884091694e-01 1.00345840179725e+05 
1.96117594180458e-01 1.00346677181418e+05 
1.96335324154864e-01 1.00347672010054e+05 
1.96553065126093e-01 1.00349157576454e+05 
1.96770822127831e-01 1.00351322815320e+05 
1.96988591064201e-01 1.00353772942382e+05 
1.97206371727282e-01 1.00357129953788e+05 
1.97424167302436e-01 1.00360561876050e+05 
1.97641986569046e-01 1.00364146838746e+05 
1.97859812319348e-01 1.00368191926965e+05 
1.98077640118977e-01 1.00372734915932e+05 
1.98295449889919e-01 1.00377888636445e+05 
1.98513256139749e-01 1.00383304301728e+05 
1.98731077386488e-01 1.00388815403928e+05 
1.98948902692772e-01 1.00394558590868e+05 
1.99166729272147e-01 1.00400971761377e+05 
1.99384554835500e-01 1.00407653857422e+05 
1.99602360933931e-01 1.00414799372268e+05 
1.99820163082810e-01 1.00422090559826e+05 
2.00037982068420e-01 1.00429321134528e+05 
2.00255807926329e-01 1.00436469680121e+05 
