# Liste des scalaires : TEMPS pmat 
0.00000000000000e+00 1.00000000000000e+05 
5.42217668469038e-05 1.00000000000000e+05 
9.60894091039426e-05 1.00000000000000e+05 
1.38083809510798e-04 1.00000000000000e+05 
1.80687300168880e-04 1.00000000000000e+05 
2.23658759591218e-04 1.00000000000000e+05 
2.68219503493087e-04 1.00000000000000e+05 
3.12711045692044e-04 1.00000000000000e+05 
3.57642812101975e-04 1.00000000000000e+05 
4.03570539906961e-04 1.00000000000000e+05 
4.49191315244618e-04 1.00000000000000e+05 
4.95662217593979e-04 1.00000000000000e+05 
5.44032682217971e-04 1.00000000000000e+05 
5.92658117189079e-04 1.00000000000000e+05 
6.41950332085688e-04 1.00000000000000e+05 
6.92888406883979e-04 1.00000000000000e+05 
7.44928451473243e-04 1.00000000000000e+05 
7.97619823528001e-04 1.00000000000000e+05 
8.51632412573859e-04 1.00000000000000e+05 
9.07775225509215e-04 1.00000000000000e+05 
9.64534568813221e-04 1.00000000000000e+05 
1.02220430122946e-03 1.00000000000000e+05 
1.08167710374665e-03 1.00000000000000e+05 
1.14330846897368e-03 1.00000000000000e+05 
1.20605796739452e-03 1.00000000000000e+05 
1.26700038381127e-03 1.00000000000000e+05 
1.32946435889709e-03 1.00000000000000e+05 
1.39346932586769e-03 1.00000000000000e+05 
1.45915329480863e-03 1.00000000000000e+05 
1.52666846964236e-03 1.00000000000000e+05 
1.59580292311893e-03 1.00000000000000e+05 
1.66288705417675e-03 1.00000000000000e+05 
1.73146504079618e-03 1.00000000000000e+05 
1.80167053868848e-03 1.00000000000000e+05 
1.87358371220472e-03 1.00000000000000e+05 
1.94652959840844e-03 1.00000000000000e+05 
2.02128543552377e-03 1.00000000000000e+05 
2.09812878011396e-03 1.00000000000000e+05 
2.17169900339927e-03 1.00000000000000e+05 
2.24670067740702e-03 1.00000000000000e+05 
2.32308380635836e-03 1.00000000000000e+05 
2.40092711252525e-03 1.00000000000000e+05 
2.48033198958804e-03 1.00000000000000e+05 
2.56066275852484e-03 1.00000000000000e+05 
2.64248760010302e-03 1.00000000000000e+05 
2.72564277664732e-03 1.00000000000000e+05 
2.81015185168272e-03 1.00000000000000e+05 
2.89601012477485e-03 1.00000000000000e+05 
2.98324561067410e-03 1.00000000000000e+05 
3.07184259414224e-03 1.00000000000000e+05 
3.15756100437738e-03 1.00000000000000e+05 
3.24445017427113e-03 1.00000000000000e+05 
3.33245067691160e-03 1.00000000000000e+05 
3.42150121768576e-03 1.00000000000000e+05 
3.51155059696103e-03 1.00000000000000e+05 
3.60253129970006e-03 1.00000000000000e+05 
3.69447056231782e-03 1.00000000000000e+05 
3.78743107172943e-03 1.00000000000000e+05 
3.88135126843770e-03 1.00000000000000e+05 
3.97631910806746e-03 1.00000000000000e+05 
4.07235223865306e-03 1.00000000000000e+05 
4.16844525513024e-03 1.00000000000000e+05 
4.26544834592303e-03 1.00000000000000e+05 
4.36325548327011e-03 1.00000000000000e+05 
4.46183701869736e-03 1.00000000000000e+05 
4.56040142872750e-03 1.00000000000000e+05 
4.65880154798318e-03 1.00000000000000e+05 
4.75707772992407e-03 1.00000000000000e+05 
4.85519431873637e-03 1.00000000000000e+05 
4.95315991009390e-03 1.00000000000000e+05 
5.05111027877080e-03 1.00000000000000e+05 
5.14932469627336e-03 1.00000000000000e+05 
5.24760099159587e-03 1.00000000000000e+05 
5.34594742754089e-03 1.00000000000000e+05 
5.44441964643372e-03 1.00000000000000e+05 
5.54292731230441e-03 1.00000000000000e+05 
5.64159990548729e-03 1.00000000000000e+05 
5.74063257053210e-03 1.00000000000000e+05 
5.83970815792823e-03 1.00000000000000e+05 
5.93876320329870e-03 1.00000000000000e+05 
6.03768130772625e-03 1.00000000000000e+05 
6.13655334854133e-03 1.00000000000000e+05 
6.23547818950483e-03 1.00000000000000e+05 
6.33498475889341e-03 1.00000000000000e+05 
6.43470222564071e-03 1.00000000000000e+05 
6.53418851670815e-03 1.00000000000000e+05 
6.63339293232220e-03 1.00000000000000e+05 
6.73245499178816e-03 1.00000000000000e+05 
6.83135870770302e-03 1.00000000000000e+05 
6.93031311092083e-03 1.00000000000000e+05 
7.02921944429441e-03 1.00000000000000e+05 
7.12807570476676e-03 1.00000000000000e+05 
7.22681608961958e-03 1.00000000000000e+05 
7.32554730319260e-03 1.00000000000000e+05 
7.42430473711069e-03 1.00000000000000e+05 
7.52318717767933e-03 1.00000000000000e+05 
7.62239285585114e-03 1.00000000000000e+05 
7.72166463824290e-03 1.00000000000000e+05 
7.82083049095869e-03 1.00000000000000e+05 
7.92007560231710e-03 1.00000000000000e+05 
8.01949091729357e-03 1.00000000000000e+05 
8.11921885742276e-03 1.00000000000000e+05 
8.21903708898248e-03 1.00000000000000e+05 
8.31888578499661e-03 1.00000000000000e+05 
8.41872527442425e-03 1.00000000000000e+05 
8.51870592642499e-03 1.00000000000000e+05 
8.61879693175416e-03 1.00000000000000e+05 
8.71923100298622e-03 1.00000000000000e+05 
8.81989413842591e-03 1.00000000000000e+05 
8.92081036816505e-03 1.00000000000000e+05 
9.02181589481578e-03 1.00000000000000e+05 
9.12304603782402e-03 1.00000000000000e+05 
9.22456905825125e-03 1.00000000000000e+05 
9.32628807072576e-03 1.00000000000000e+05 
9.42803390649770e-03 1.00000000000000e+05 
9.52982527152243e-03 1.00000000000000e+05 
9.63163449161264e-03 1.00000000000000e+05 
9.73358204216163e-03 1.00000000000000e+05 
9.83561702074746e-03 1.00000000000000e+05 
9.93764760351312e-03 1.00000000000000e+05 
1.00398094706608e-02 1.00000000000000e+05 
1.01420838352349e-02 1.00000000000000e+05 
1.02444630157238e-02 1.00000000000000e+05 
1.03471045596444e-02 1.00000000000000e+05 
1.04499567294596e-02 1.00000000000000e+05 
1.05532099417779e-02 1.00000000000000e+05 
1.06567161834676e-02 1.00000000000000e+05 
1.07603649649969e-02 1.00000000000000e+05 
1.08640680828885e-02 1.00000000000000e+05 
1.09679056405782e-02 1.00000000000000e+05 
1.10718621572394e-02 1.00000000000000e+05 
1.11759859389373e-02 1.00000000000000e+05 
1.12803050567391e-02 1.00000000000000e+05 
1.13848370483415e-02 1.00000000000000e+05 
1.14875731929363e-02 1.00000000000000e+05 
1.15925581748926e-02 1.00000000000000e+05 
1.16952847060245e-02 1.00000000000000e+05 
1.17989898178752e-02 1.00000000000000e+05 
1.19037051626421e-02 1.00000000000000e+05 
1.20086570249709e-02 1.00000000000000e+05 
1.21108508165820e-02 1.00000000000000e+05 
1.22140249972965e-02 1.00000000000000e+05 
1.23163285824318e-02 1.00000000000000e+05 
1.24199680878498e-02 1.00000000000000e+05 
1.25243738160086e-02 1.00000000000000e+05 
1.26287324384305e-02 1.00000000000000e+05 
1.27310957252926e-02 1.00000000000000e+05 
1.28344420579719e-02 1.00000000000000e+05 
1.29369101089289e-02 1.00000000000000e+05 
1.30406032104640e-02 1.00000000000000e+05 
1.31452184530951e-02 1.00000000000000e+05 
1.32499902642439e-02 1.00000000000000e+05 
1.33527618364439e-02 1.00000000000000e+05 
1.34566253673993e-02 1.00000000000000e+05 
1.35596083325213e-02 1.00000000000000e+05 
1.36637973387149e-02 1.00000000000000e+05 
1.37691612962595e-02 1.00000000000000e+05 
1.38747385724233e-02 1.00000000000000e+05 
1.39781347680591e-02 1.00000000000000e+05 
1.40827866934760e-02 1.00000000000000e+05 
1.41865079502526e-02 1.00000000000000e+05 
1.42915172280403e-02 1.00000000000000e+05 
1.43977584904717e-02 1.00000000000000e+05 
1.45039629200398e-02 1.00000000000000e+05 
1.46081819011412e-02 1.00000000000000e+05 
1.47135537896337e-02 1.00000000000000e+05 
1.48180168858516e-02 1.00000000000000e+05 
1.49235530116989e-02 1.00000000000000e+05 
1.50295510455606e-02 1.00000000000000e+05 
1.51355303197467e-02 1.00000000000000e+05 
1.52403860979807e-02 1.00000000000000e+05 
1.53462577240704e-02 1.00000000000000e+05 
1.54514779625325e-02 1.00000000000000e+05 
1.55573179733715e-02 1.00000000000000e+05 
1.56631008180865e-02 1.00000000000000e+05 
1.57689262692909e-02 1.00000000000000e+05 
1.58716158801810e-02 1.00000000000000e+05 
1.59749887498600e-02 1.00000000000000e+05 
1.60777722881756e-02 1.00000000000000e+05 
1.61834408319690e-02 1.00000000000000e+05 
1.62891547451601e-02 1.00000000000000e+05 
1.63947300127428e-02 1.00000000000000e+05 
1.64978290437123e-02 1.00000000000000e+05 
1.66019806782831e-02 1.00000000000000e+05 
1.67052212547396e-02 1.00000000000000e+05 
1.68098117593974e-02 1.00000000000000e+05 
1.69153672156407e-02 1.00000000000000e+05 
1.70209205921379e-02 1.00000000000000e+05 
1.71245891818168e-02 1.00000000000000e+05 
1.72295381450471e-02 1.00000000000000e+05 
1.73335081605089e-02 1.00000000000000e+05 
1.74389504603842e-02 1.00000000000000e+05 
1.75445086561754e-02 1.00000000000000e+05 
1.76500937233700e-02 1.00000000000000e+05 
1.77550156138686e-02 1.00000000000000e+05 
1.78606408978190e-02 1.00000000000000e+05 
1.79663458710463e-02 1.00000000000000e+05 
1.80745042100553e-02 1.00000000000000e+05 
1.81801425535894e-02 1.00000000000000e+05 
1.82886635255863e-02 1.00000000000000e+05 
1.83943260976540e-02 1.00000000000000e+05 
1.84999047794143e-02 1.00000000000000e+05 
1.86055189978694e-02 1.00000000000000e+05 
1.87111394644551e-02 1.00000000000000e+05 
1.88167600128961e-02 1.00000000000000e+05 
1.89222203788294e-02 1.00000000000000e+05 
1.90276553145574e-02 1.00000000000000e+05 
1.91331461470391e-02 1.00000000000000e+05 
1.92384131395594e-02 1.00000000000000e+05 
1.93437612479736e-02 1.00000000000000e+05 
1.94492043156370e-02 1.00000000000000e+05 
1.95547779765669e-02 1.00000000000000e+05 
1.96602646710646e-02 1.00000000000000e+05 
1.97657441359818e-02 1.00000000000000e+05 
1.98710920087273e-02 1.00000000000000e+05 
1.99766845324485e-02 1.00000000000000e+05 
2.00823289946280e-02 1.00000000000000e+05 
2.01880643931498e-02 1.00000000000000e+05 
2.02939189556521e-02 1.00000000000000e+05 
2.03995256405238e-02 1.00000000000000e+05 
2.05051417468568e-02 1.00000000000000e+05 
2.06107542137413e-02 1.00000000000000e+05 
2.07165954575855e-02 1.00000000000000e+05 
2.08225248060007e-02 1.00000000000000e+05 
2.09285567941964e-02 1.00000000000000e+05 
2.10344284146170e-02 1.00000000000000e+05 
2.11403608274614e-02 1.00000000000000e+05 
2.12462708094392e-02 1.00000000000000e+05 
2.13523986354957e-02 1.00000000000000e+05 
2.14586182467719e-02 1.00000000000000e+05 
2.15649538035242e-02 1.00000000000000e+05 
2.16710534539251e-02 1.00000000000000e+05 
2.17772675197924e-02 1.00000000000000e+05 
2.18834723078720e-02 1.00000000000000e+05 
2.19900048228894e-02 1.00000000000000e+05 
2.20966501119809e-02 1.00000000000000e+05 
2.22034603106819e-02 1.00000000000000e+05 
2.23100515694640e-02 1.00000000000000e+05 
2.24170733569400e-02 1.00000000000000e+05 
2.25241819680305e-02 1.00000000000000e+05 
2.26319088953039e-02 1.00000000000000e+05 
2.27398452935510e-02 1.00000000000000e+05 
2.28481266625818e-02 1.00000000000000e+05 
2.29565700211251e-02 1.00000000000000e+05 
2.30652365911481e-02 1.00000000000000e+05 
2.31740060374416e-02 1.00000000000000e+05 
2.32827480828119e-02 1.00000000000000e+05 
2.33917410877641e-02 1.00000000000000e+05 
2.34986673996152e-02 1.00000000000000e+05 
2.36077718156633e-02 1.00000000000000e+05 
2.37152984353485e-02 1.00000000000000e+05 
2.38245390931819e-02 1.00000000000000e+05 
2.39338878948564e-02 1.00000000000000e+05 
2.40432563889991e-02 1.00000000000000e+05 
2.41513671009226e-02 1.00000000000000e+05 
2.42608218703682e-02 1.00000000000000e+05 
2.43691825140184e-02 1.00000000000000e+05 
2.44786361154435e-02 1.00000000000000e+05 
2.45881825711057e-02 1.00000000000000e+05 
2.46977435556852e-02 1.00000000000000e+05 
2.48073883348354e-02 1.00000000000000e+05 
2.49169993232203e-02 1.00000000000000e+05 
2.50250591398714e-02 1.00000000000000e+05 
2.51347257633146e-02 1.00000000000000e+05 
2.52445715498237e-02 1.00000000000000e+05 
2.53544945423845e-02 1.00000000000000e+05 
2.54635372400565e-02 1.00000000000000e+05 
2.55735878820093e-02 1.00000000000000e+05 
2.56833472722246e-02 1.00000000000000e+05 
2.57937340525304e-02 1.00000000000000e+05 
2.59045928232754e-02 1.00000000000000e+05 
2.60156826166179e-02 1.00000000000000e+05 
2.61267794939466e-02 1.00000000000000e+05 
2.62357100882773e-02 1.00000000000000e+05 
2.63472920444510e-02 1.00000000000000e+05 
2.64599321505702e-02 1.00000000000000e+05 
2.65688959303806e-02 1.00000000000000e+05 
2.66778308703216e-02 1.00000000000000e+05 
2.67867477039250e-02 1.00000000000000e+05 
2.68956142894108e-02 1.00000000000000e+05 
2.70044995302497e-02 1.00000000000000e+05 
2.71133994766589e-02 1.00000000000000e+05 
2.72222775245588e-02 1.00000000000000e+05 
2.73311366404505e-02 1.00000000000000e+05 
2.74400043687385e-02 1.00000000000000e+05 
2.75488202113392e-02 1.00000000000000e+05 
2.76576805980443e-02 1.00000000000000e+05 
2.77665910433077e-02 1.00000000000000e+05 
2.78755030397607e-02 1.00000000000000e+05 
2.79844384803441e-02 1.00000000000000e+05 
2.80934231377434e-02 1.00000000000000e+05 
2.82024421828823e-02 1.00000000000000e+05 
2.83115035220153e-02 1.00000000000000e+05 
2.84205961586717e-02 1.00000000000000e+05 
2.85296973036279e-02 1.00000000000000e+05 
2.86387790028189e-02 1.00000000000000e+05 
2.87478581226724e-02 1.00000000000000e+05 
2.88568972117044e-02 1.00000000000000e+05 
2.89659433702683e-02 1.00000000000000e+05 
2.90750043860846e-02 1.00000000000000e+05 
2.91840687217404e-02 1.00000000000000e+05 
2.92931254008599e-02 1.00000000000000e+05 
2.94021898427098e-02 1.00000000000000e+05 
2.95112388404128e-02 1.00000000000000e+05 
2.96203082200654e-02 1.00000000000000e+05 
2.97294005853517e-02 1.00000000000000e+05 
2.98385083731384e-02 1.00000000000000e+05 
2.99476210746245e-02 1.00000000000000e+05 
3.00567498056282e-02 1.00000000000000e+05 
3.01658762230553e-02 1.00000000000000e+05 
3.02733230283065e-02 1.00000000000000e+05 
3.03823310274199e-02 1.00000000000000e+05 
3.04914076817823e-02 1.00000000000000e+05 
3.06005906366258e-02 1.00000000000000e+05 
3.07095241369369e-02 1.00000000000000e+05 
3.08187450859817e-02 1.00000000000000e+05 
3.09281057301805e-02 1.00000000000000e+05 
3.10374315968430e-02 1.00000000000000e+05 
3.11468771579088e-02 1.00000000000000e+05 
3.12563735224043e-02 1.00000000000000e+05 
3.13660059851358e-02 1.00000000000000e+05 
3.14755597609829e-02 1.00000000000000e+05 
3.15853552300158e-02 1.00000000000000e+05 
3.16950921857045e-02 1.00000000000000e+05 
3.18050569271840e-02 1.00000000000000e+05 
3.19151399964197e-02 1.00000000000000e+05 
3.20254835462237e-02 1.00000000000000e+05 
3.21357508857295e-02 1.00000000000000e+05 
3.22465121239529e-02 1.00000000000000e+05 
3.23572356455019e-02 1.00000000000000e+05 
3.24684645710482e-02 1.00000000000000e+05 
3.25801561411470e-02 1.00000000000000e+05 
3.26923524244350e-02 1.00000000000000e+05 
3.28047367228977e-02 1.00000000000000e+05 
3.29175772926208e-02 1.00000000000000e+05 
3.30307281369256e-02 1.00000000000000e+05 
3.31442530247168e-02 1.00000000000000e+05 
3.32581656438509e-02 1.00000000000000e+05 
3.33721195867731e-02 1.00000000000000e+05 
3.34860613166575e-02 1.00000000000000e+05 
3.36000189736474e-02 1.00000000000000e+05 
3.37139903843637e-02 1.00000000000000e+05 
3.38279472320824e-02 1.00000000000000e+05 
3.39419077415678e-02 1.00000000000000e+05 
3.40558792032508e-02 1.00000000000000e+05 
3.41697640535081e-02 1.00000000000000e+05 
3.42835375782056e-02 1.00000000000000e+05 
3.43968483789974e-02 1.00000000000000e+05 
3.45100954817812e-02 1.00000000000000e+05 
3.46233202894679e-02 1.00000000000000e+05 
3.47365638769068e-02 1.00000000000000e+05 
3.48497867545896e-02 1.00000000000000e+05 
3.49629892707688e-02 1.00000000000000e+05 
3.50761497056645e-02 1.00000000000000e+05 
3.51892323820828e-02 1.00000000000000e+05 
3.53022116239146e-02 1.00000000000000e+05 
3.54151769211314e-02 1.00000000000000e+05 
3.55280715762094e-02 1.00000000000000e+05 
3.56409334729290e-02 1.00000000000000e+05 
3.57538428667754e-02 1.00000000000000e+05 
3.58668696785717e-02 1.00000000000000e+05 
3.59800284506243e-02 1.00000000000000e+05 
3.60905176164338e-02 1.00000000000000e+05 
3.62041248036882e-02 1.00000000000000e+05 
3.63162007592619e-02 1.00000000000000e+05 
3.64300106591246e-02 1.00000000000000e+05 
3.65438748622913e-02 1.00000000000000e+05 
3.66578061368333e-02 1.00000000000000e+05 
3.67718433401966e-02 1.00000000000000e+05 
3.68859779997911e-02 1.00000000000000e+05 
3.70002131365639e-02 1.00000000000000e+05 
3.71145556993776e-02 1.00000000000000e+05 
3.72290375653225e-02 1.00000000000000e+05 
3.73436610487329e-02 1.00000000000000e+05 
3.74584945316108e-02 1.00000000000000e+05 
3.75735437864786e-02 1.00000000000000e+05 
3.76888101615253e-02 1.00000000000000e+05 
3.78043373515403e-02 1.00000000000000e+05 
3.79201791949047e-02 1.00000000000000e+05 
3.80364097047304e-02 1.00000000000000e+05 
3.81531455484106e-02 1.00000000000000e+05 
3.82703681392231e-02 1.00000000000000e+05 
3.83832133832597e-02 1.00000000000000e+05 
3.84991945586429e-02 1.00000000000000e+05 
3.86149970979977e-02 1.00000000000000e+05 
3.87305876839544e-02 1.00000000000000e+05 
3.88461713365793e-02 1.00000000000000e+05 
3.89618024026756e-02 1.00000000000000e+05 
3.90773940282501e-02 1.00000000000000e+05 
3.91929541348278e-02 1.00000000000000e+05 
3.93083998609631e-02 1.00000000000000e+05 
3.94237904017174e-02 1.00000000000000e+05 
3.95393079914453e-02 1.00000000000000e+05 
3.96550255552221e-02 1.00000000000000e+05 
3.97708930975297e-02 1.00000000000000e+05 
3.98869124691683e-02 1.00000000000000e+05 
4.00030215455214e-02 1.00000000000000e+05 
4.01192348153230e-02 1.00000000000000e+05 
4.02355343885652e-02 1.00000000000000e+05 
4.03518799109189e-02 1.00000000000000e+05 
4.04682563478811e-02 1.00000000000000e+05 
4.05845370861203e-02 1.00000000000000e+05 
4.07007262108666e-02 1.00000000000000e+05 
4.08168663635983e-02 1.00000000000000e+05 
4.09330268517719e-02 1.00000000000000e+05 
4.10492819451716e-02 1.00000000000000e+05 
4.11656531872255e-02 1.00000000000000e+05 
4.12821754422617e-02 1.00000000000000e+05 
4.13988429131844e-02 1.00000000000000e+05 
4.15156316108526e-02 1.00000000000000e+05 
4.16326348070980e-02 1.00000000000000e+05 
4.17499046373440e-02 1.00000000000000e+05 
4.18675024525089e-02 1.00000000000000e+05 
4.19855468489303e-02 1.00000000000000e+05 
4.21041272865013e-02 1.00000000000000e+05 
4.22232114982915e-02 1.00000000000000e+05 
4.23382882399513e-02 1.00000000000000e+05 
4.24579260627320e-02 1.00000000000000e+05 
4.25769910471551e-02 1.00000000000000e+05 
4.26964903101470e-02 1.00000000000000e+05 
4.28159068629422e-02 1.00000000000000e+05 
4.29353360600110e-02 1.00000000000000e+05 
4.30548085680796e-02 1.00000000000000e+05 
4.31744811117957e-02 1.00000000000000e+05 
4.32942505542919e-02 1.00000000000000e+05 
4.34141488936087e-02 1.00000000000000e+05 
4.35341239061197e-02 1.00000000000000e+05 
4.36541552603150e-02 1.00000000000000e+05 
4.37740882362479e-02 1.00000000000000e+05 
4.38937105833149e-02 1.00000000000000e+05 
4.40131355365616e-02 1.00000000000000e+05 
4.41323857908529e-02 1.00000000000000e+05 
4.42514897462229e-02 1.00000000000000e+05 
4.43705849628297e-02 1.00000000000000e+05 
4.44899587919945e-02 1.00000000000000e+05 
4.46096669319616e-02 1.00000000000000e+05 
4.47296822592801e-02 1.00000000000000e+05 
4.48500004305002e-02 1.00000000000000e+05 
4.49705862831659e-02 1.00000000000000e+05 
4.50913915160624e-02 1.00000000000000e+05 
4.52123690806061e-02 1.00000000000000e+05 
4.53334777745683e-02 1.00000000000000e+05 
4.54547058314224e-02 1.00000000000000e+05 
4.55760718348297e-02 1.00000000000000e+05 
4.56976726207363e-02 1.00000000000000e+05 
4.58196192737826e-02 1.00000000000000e+05 
4.59420340521190e-02 1.00000000000000e+05 
4.60650686478721e-02 1.00000000000000e+05 
4.61882876145080e-02 1.00000000000000e+05 
4.63115476096355e-02 1.00000000000000e+05 
4.64347062399207e-02 1.00000000000000e+05 
4.65577713060162e-02 1.00000000000000e+05 
4.66807463194004e-02 1.00000000000000e+05 
4.68035950874794e-02 1.00000000000000e+05 
4.69241865678329e-02 1.00000000000000e+05 
4.70469310445770e-02 1.00000000000000e+05 
4.71696853090953e-02 1.00000000000000e+05 
4.72925731225419e-02 1.00000000000000e+05 
4.74156446025265e-02 1.00000000000000e+05 
4.75388599228570e-02 1.00000000000000e+05 
4.76622039338697e-02 1.00000000000000e+05 
4.77856972873226e-02 1.00000000000000e+05 
4.79093949508610e-02 1.00000000000000e+05 
4.80333619161998e-02 1.00000000000000e+05 
4.81576566200321e-02 1.00000000000000e+05 
4.82823563836561e-02 1.00000000000000e+05 
4.84074617748671e-02 1.00000000000000e+05 
4.85330263134499e-02 1.00000000000000e+05 
4.86587910259485e-02 1.00000000000000e+05 
4.87845439290102e-02 1.00000000000000e+05 
4.89102828953983e-02 1.00000000000000e+05 
4.90359240399158e-02 1.00000000000000e+05 
4.91616116084808e-02 1.00000000000000e+05 
4.92873198050287e-02 1.00000000000000e+05 
4.94131159445370e-02 1.00000000000000e+05 
4.95390559906639e-02 1.00000000000000e+05 
4.96653456080900e-02 1.00000000000000e+05 
4.97919113783375e-02 1.00000000000000e+05 
4.99157215308470e-02 1.00000000000000e+05 
5.00429439643070e-02 1.00000000000000e+05 
5.01704919640428e-02 1.00000000000000e+05 
5.02983820311987e-02 1.00000000000000e+05 
5.04267403726695e-02 1.00000000000000e+05 
5.05551934504146e-02 1.00000000000000e+05 
5.06837140050678e-02 1.00000000000000e+05 
5.08121933206470e-02 1.00000000000000e+05 
5.09406506494813e-02 1.00000000000000e+05 
5.10690511583497e-02 1.00000000000000e+05 
5.11974320863708e-02 1.00000000000000e+05 
5.13257601787620e-02 1.00000000000000e+05 
5.14541244571416e-02 1.00000000000000e+05 
5.15825196849179e-02 1.00000000000000e+05 
5.17109050674209e-02 1.00000000000000e+05 
5.18394177461902e-02 1.00000000000000e+05 
5.19682910165597e-02 1.00000000000000e+05 
5.20975571975669e-02 1.00000000000000e+05 
5.22271259134779e-02 1.00000000000000e+05 
5.23569557800955e-02 1.00000000000000e+05 
5.24870107618459e-02 1.00000000000000e+05 
5.26173356797595e-02 1.00000000000000e+05 
5.27479675825727e-02 1.00000000000000e+05 
5.28786436128768e-02 1.00000000000000e+05 
5.30093888475671e-02 1.00000000000000e+05 
5.31401747466008e-02 1.00000000000000e+05 
5.32709744649423e-02 1.00000000000000e+05 
5.34017997822562e-02 1.00000000000000e+05 
5.35327022468622e-02 1.00000000000000e+05 
5.36636397527202e-02 1.00000000000000e+05 
5.37946855985095e-02 1.00000000000000e+05 
5.39258338187386e-02 1.00000000000000e+05 
5.40570655667587e-02 1.00000000000000e+05 
5.41885048955900e-02 1.00000000000000e+05 
5.43203569774224e-02 1.00000000000000e+05 
5.44525762597079e-02 1.00000000000000e+05 
5.45849737907328e-02 1.00000000000000e+05 
5.47174329724196e-02 1.00000000000000e+05 
5.48498988050137e-02 1.00000000000000e+05 
5.49823907374542e-02 1.00000000000000e+05 
5.51141118797464e-02 1.00000000000000e+05 
5.52467568638033e-02 1.00000000000000e+05 
5.53792939546465e-02 1.00000000000000e+05 
5.55119016027881e-02 1.00000000000000e+05 
5.56446765863584e-02 1.00000000000000e+05 
5.57773026814793e-02 1.00000000000000e+05 
5.59100010140314e-02 1.00000000000000e+05 
5.60429332149617e-02 1.00000000000000e+05 
5.61755683627266e-02 1.00000000000000e+05 
5.63084886808459e-02 1.00000000000000e+05 
5.64418475254514e-02 1.00000000000000e+05 
5.65749077897325e-02 1.00000000000000e+05 
5.67084407082026e-02 1.00000000000000e+05 
5.68423676001939e-02 1.00000000000000e+05 
5.69764352649386e-02 1.00000000000000e+05 
5.71107422388935e-02 1.00000000000000e+05 
5.72453519034381e-02 1.00000000000000e+05 
5.73801540977003e-02 1.00000000000000e+05 
5.75150166678277e-02 1.00000000000000e+05 
5.76499985721369e-02 1.00000000000000e+05 
5.77852597214915e-02 1.00000000000000e+05 
5.79205958802115e-02 1.00000000000000e+05 
5.80557351493259e-02 1.00000000000000e+05 
5.81910616519394e-02 1.00000000000000e+05 
5.83261843954792e-02 1.00000000000000e+05 
5.84617609945437e-02 1.00000000000000e+05 
5.85978684518927e-02 1.00000000000000e+05 
5.87339294401971e-02 1.00000000000000e+05 
5.88699959926333e-02 1.00000000000000e+05 
5.90064605729457e-02 1.00000000000000e+05 
5.91430104391159e-02 1.00000000000000e+05 
5.92797527693052e-02 1.00000000000000e+05 
5.94165693418906e-02 1.00000000000000e+05 
5.95533340560016e-02 1.00000000000000e+05 
5.96901234279599e-02 1.00000000000000e+05 
5.98266566533403e-02 1.00000000000000e+05 
5.99634178758239e-02 1.00000000000000e+05 
6.01002006773117e-02 1.00000000000000e+05 
6.02371743800189e-02 1.00000000000000e+05 
6.03740046535726e-02 1.00000000000000e+05 
6.05108808405202e-02 1.00000000000000e+05 
6.06479287112618e-02 1.00000000000000e+05 
6.07850197450044e-02 1.00000000000000e+05 
6.09222560105918e-02 1.00000000000000e+05 
6.10593586994822e-02 1.00000000000000e+05 
6.11966468894909e-02 1.00000000000000e+05 
6.13340870678955e-02 1.00000000000000e+05 
6.14713319131519e-02 1.00000000000000e+05 
6.16087225916556e-02 1.00000000000000e+05 
6.17462350735422e-02 1.00000000000000e+05 
6.18833011026336e-02 1.00000000000000e+05 
6.20205769285751e-02 1.00000000000000e+05 
6.21577758172704e-02 1.00000000000000e+05 
6.22952876329805e-02 1.00000000000000e+05 
6.24329685484498e-02 1.00000000000000e+05 
6.25710462898899e-02 1.00000000000000e+05 
6.27095267411411e-02 1.00000000000000e+05 
6.28481243396601e-02 1.00000000000000e+05 
6.29867987945513e-02 1.00000000000000e+05 
6.31255926381784e-02 1.00000000000000e+05 
6.32639594783376e-02 1.00000000000000e+05 
6.34026440288734e-02 1.00000000000000e+05 
6.35413125200572e-02 1.00000000000000e+05 
6.36800221796475e-02 1.00000000000000e+05 
6.38187414013441e-02 1.00000000000000e+05 
6.39575111064210e-02 1.00000000000000e+05 
6.40963743227562e-02 1.00000000000000e+05 
6.42351769925108e-02 1.00000000000000e+05 
6.43739993464793e-02 1.00000000000000e+05 
6.45129171350144e-02 1.00000000000000e+05 
6.46518262829929e-02 1.00000000000000e+05 
6.47907389554769e-02 1.00000000000000e+05 
6.49297753068023e-02 1.00000000000000e+05 
6.50687756292705e-02 1.00000000000000e+05 
6.52063395002787e-02 1.00000000000000e+05 
6.53454819285065e-02 1.00000000000000e+05 
6.54846993512573e-02 1.00000000000000e+05 
6.56241960089039e-02 1.00000000000000e+05 
6.57633195107097e-02 1.00000000000000e+05 
6.59033763171242e-02 1.00000000000000e+05 
6.60434716240344e-02 1.00000000000000e+05 
6.61845060400839e-02 1.00000000000000e+05 
6.63261134009570e-02 1.00000000000000e+05 
6.64682924561388e-02 1.00000000000000e+05 
6.66111192626644e-02 1.00000000000000e+05 
6.67541753870960e-02 1.00000000000000e+05 
6.68979640207818e-02 1.00000000000000e+05 
6.70418169110838e-02 1.00000000000000e+05 
6.71856133492240e-02 1.00000000000000e+05 
6.73293959820274e-02 1.00000000000000e+05 
6.74691272047748e-02 1.00000000000000e+05 
6.76129149940344e-02 1.00000000000000e+05 
6.77547543783148e-02 1.00000000000000e+05 
6.78984574115076e-02 1.00000000000000e+05 
6.80421493310751e-02 1.00000000000000e+05 
6.81875840417937e-02 1.00000000000000e+05 
6.83328409673061e-02 1.00000000000000e+05 
6.84784032043996e-02 1.00000000000000e+05 
6.86239622544912e-02 1.00000000000000e+05 
6.87680370169703e-02 1.00000000000000e+05 
6.89134936414181e-02 1.00000000000000e+05 
6.90590799629051e-02 1.00000000000000e+05 
6.92041336481403e-02 1.00000000000000e+05 
6.93497944821018e-02 1.00000000000000e+05 
6.94953734665692e-02 1.00000000000000e+05 
6.96408757429506e-02 1.00000000000000e+05 
6.97863276192995e-02 1.00000000000000e+05 
6.99317809622293e-02 1.00000000000000e+05 
7.00773081346374e-02 1.00000000000000e+05 
7.02229425819532e-02 1.00000000000000e+05 
7.03686170940377e-02 1.00000000000000e+05 
7.05142252298768e-02 1.00000000000000e+05 
7.06598012283508e-02 1.00000000000000e+05 
7.08053440368705e-02 1.00000000000000e+05 
7.09508867879591e-02 1.00000000000000e+05 
7.10963893477443e-02 1.00000000000000e+05 
7.12419233427169e-02 1.00000000000000e+05 
7.13849620147516e-02 1.00000000000000e+05 
7.15280519318599e-02 1.00000000000000e+05 
7.16712064163317e-02 1.00000000000000e+05 
7.18164809964917e-02 1.00000000000000e+05 
7.19617199005843e-02 1.00000000000000e+05 
7.21069707994854e-02 1.00000000000000e+05 
7.22520983345401e-02 1.00000000000000e+05 
7.23971012477546e-02 1.00000000000000e+05 
7.25419251383547e-02 1.00000000000000e+05 
7.26866758027893e-02 1.00000000000000e+05 
7.28314230903644e-02 1.00000000000000e+05 
7.29761463984646e-02 1.00000000000000e+05 
7.31207232426729e-02 1.00000000000000e+05 
7.32651332376121e-02 1.00000000000000e+05 
7.34093363777930e-02 1.00000000000000e+05 
7.35534594876666e-02 1.00000000000000e+05 
7.36975922999843e-02 1.00000000000000e+05 
7.38417171546528e-02 1.00000000000000e+05 
7.39856919792802e-02 1.00000000000000e+05 
7.41294776351808e-02 1.00000000000000e+05 
7.42730497098864e-02 1.00000000000000e+05 
7.44165588890855e-02 1.00000000000000e+05 
7.45601030943357e-02 1.00000000000000e+05 
7.47036619421878e-02 1.00000000000000e+05 
7.48470765806736e-02 1.00000000000000e+05 
7.49902915689585e-02 1.00000000000000e+05 
7.51332962618978e-02 1.00000000000000e+05 
7.52762663264474e-02 1.00000000000000e+05 
7.54193056674211e-02 1.00000000000000e+05 
7.55623971053601e-02 1.00000000000000e+05 
7.57053712175412e-02 1.00000000000000e+05 
7.58481601936969e-02 1.00000000000000e+05 
7.59907651480516e-02 1.00000000000000e+05 
7.61333795163503e-02 1.00000000000000e+05 
7.62761018408585e-02 1.00000000000000e+05 
7.64189155983502e-02 1.00000000000000e+05 
7.65616426942557e-02 1.00000000000000e+05 
7.67042100681404e-02 1.00000000000000e+05 
7.68466323795114e-02 1.00000000000000e+05 
7.69891169544854e-02 1.00000000000000e+05 
7.71317525883128e-02 1.00000000000000e+05 
7.72745217582350e-02 1.00000000000000e+05 
7.74172406539635e-02 1.00000000000000e+05 
7.75598376023387e-02 1.00000000000000e+05 
7.77023382864235e-02 1.00000000000000e+05 
7.78449534474580e-02 1.00000000000000e+05 
7.79876475920024e-02 1.00000000000000e+05 
7.81304748370271e-02 1.00000000000000e+05 
7.82733322852979e-02 1.00000000008167e+05 
7.84161562346920e-02 1.00000000048389e+05 
7.85588831476543e-02 1.00000000131873e+05 
7.87016789462172e-02 1.00000000482813e+05 
7.88445629376003e-02 1.00000001019162e+05 
7.89876080281377e-02 1.00000001657292e+05 
7.91307088237436e-02 1.00000002402833e+05 
7.92737987112140e-02 1.00000002973521e+05 
7.94168274658545e-02 1.00000003694754e+05 
7.95599607390985e-02 1.00000004530520e+05 
7.97032132584639e-02 1.00000005486468e+05 
7.98466488979942e-02 1.00000006580350e+05 
7.99901608448825e-02 1.00000007767784e+05 
8.01336829276775e-02 1.00000009094310e+05 
8.02771810708315e-02 1.00000010587826e+05 
8.04208182865958e-02 1.00000012241210e+05 
8.05646032221373e-02 1.00000014072094e+05 
8.07085744977969e-02 1.00000016064968e+05 
8.08525946606053e-02 1.00000018205908e+05 
8.09966174430223e-02 1.00000020527445e+05 
8.11406293139533e-02 1.00000023067284e+05 
8.12847664421622e-02 1.00000025867081e+05 
8.14290731305142e-02 1.00000029053936e+05 
8.15735601256204e-02 1.00000032743575e+05 
8.17181099312460e-02 1.00000037139199e+05 
8.18626849497040e-02 1.00000042651541e+05 
8.20072865537638e-02 1.00000049710830e+05 
8.21520334296072e-02 1.00000058955256e+05 
8.22969568501993e-02 1.00000071386708e+05 
8.24420662751462e-02 1.00000088027556e+05 
8.25872513047778e-02 1.00000110154166e+05 
8.27324865949874e-02 1.00000139566600e+05 
8.28777869913266e-02 1.00000178472498e+05 
8.30232505962009e-02 1.00000229045775e+05 
8.31688907447673e-02 1.00000294572771e+05 
8.33147118015196e-02 1.00000378165374e+05 
8.34606098709018e-02 1.00000483308209e+05 
8.36065730974433e-02 1.00000614331149e+05 
8.37526296525912e-02 1.00000775818478e+05 
8.38988548097749e-02 1.00000971964768e+05 
8.40452448054526e-02 1.00001207701969e+05 
8.41918027126079e-02 1.00001486999761e+05 
8.43384356955855e-02 1.00001813063970e+05 
8.44851444840265e-02 1.00002189841538e+05 
8.46319665628295e-02 1.00002620584156e+05 
8.47789568411352e-02 1.00003105034616e+05 
8.49260989075805e-02 1.00003644630720e+05 
8.50733963857419e-02 1.00004235246997e+05 
8.52207694535031e-02 1.00004870487529e+05 
8.53682338982277e-02 1.00005547249867e+05 
8.55158346926621e-02 1.00006256874884e+05 
8.56636056983351e-02 1.00006989462469e+05 
8.58115163403339e-02 1.00007729788501e+05 
8.59595688556376e-02 1.00008471295619e+05 
8.61076930933624e-02 1.00009199314853e+05 
8.62559156539812e-02 1.00009897705231e+05 
8.64042839262065e-02 1.00010547736128e+05 
8.65528077603056e-02 1.00011166982166e+05 
8.67014437255253e-02 1.00011783665421e+05 
8.68501967382991e-02 1.00012383967401e+05 
8.69990101625209e-02 1.00012995387280e+05 
8.71479247662137e-02 1.00013738427590e+05 
8.72969947347759e-02 1.00014823384209e+05 
8.74462129111236e-02 1.00016200552893e+05 
8.75955289491631e-02 1.00018214878450e+05 
8.77449497624630e-02 1.00020613234051e+05 
8.78944284004679e-02 1.00025851144618e+05 
8.80440197198609e-02 1.00037305465105e+05 
8.81937136246330e-02 1.00057029509904e+05 
8.83434752810056e-02 1.00088281083560e+05 
8.84932397158598e-02 1.00132467899701e+05 
8.86430016339184e-02 1.00190599607967e+05 
8.87927724409855e-02 1.00265026717333e+05 
8.89425957405745e-02 1.00357843628643e+05 
8.90925160559592e-02 1.00471203651119e+05 
8.92425037379301e-02 1.00606507525355e+05 
8.93924778283390e-02 1.00765259588312e+05 
8.95424370212450e-02 1.00948255612298e+05 
8.96923996636005e-02 1.01156017199543e+05 
8.98424164017354e-02 1.01388604551302e+05 
8.99925406086558e-02 1.01645281609865e+05 
9.01427332879083e-02 1.01923436378275e+05 
9.02929114928378e-02 1.02221242318203e+05 
9.04430858173006e-02 1.02534344521087e+05 
9.05932805682966e-02 1.02858317630386e+05 
9.07435556869971e-02 1.03187883813369e+05 
9.08939777461433e-02 1.03519265952807e+05 
9.10445052626080e-02 1.03845591910171e+05 
9.11950449389667e-02 1.04161598620276e+05 
9.13456125195746e-02 1.04462125417039e+05 
9.14961977004896e-02 1.04736929974433e+05 
9.16468526436864e-02 1.04981006437846e+05 
9.17976054725724e-02 1.05210569110767e+05 
9.19484333250760e-02 1.05389630390185e+05 
9.20992208896646e-02 1.05527914207655e+05 
9.22500013008753e-02 1.05627301556629e+05 
9.24007987522488e-02 1.05671317461908e+05 
9.25516978671952e-02 1.05710029213348e+05 
9.27027316105238e-02 1.05732751387008e+05 
9.28538775758403e-02 1.05734415016109e+05 
9.30050167058663e-02 1.05718452415137e+05 
9.31561832810373e-02 1.05682288213978e+05 
9.33073970758890e-02 1.05636275759829e+05 
9.34587431168068e-02 1.05582365583010e+05 
9.36101843518658e-02 1.05518734993116e+05 
9.37617457669190e-02 1.05445325711879e+05 
9.39132612847971e-02 1.05362298893712e+05 
9.40647332717739e-02 1.05272280307265e+05 
9.42161734061935e-02 1.05176488556896e+05 
9.43676787091235e-02 1.05075039883201e+05 
9.45192230395880e-02 1.04971061376211e+05 
9.46709063609391e-02 1.04862485964180e+05 
9.48225713548634e-02 1.04750745302926e+05 
9.49742211386812e-02 1.04636178551107e+05 
9.51258624438594e-02 1.04519478985375e+05 
9.52775791753821e-02 1.04401771581302e+05 
9.54293506571192e-02 1.04282665208754e+05 
9.55812967470002e-02 1.04162491815042e+05 
9.57332645128712e-02 1.04041728248502e+05 
9.58851988009207e-02 1.03920786177044e+05 
9.60370782448187e-02 1.03799953785055e+05 
9.61890655953051e-02 1.03679593826705e+05 
9.63411277057554e-02 1.03559790290897e+05 
9.64933861472293e-02 1.03440688854796e+05 
9.66456916365215e-02 1.03322718939356e+05 
9.67980237902124e-02 1.03206068654482e+05 
9.69504006163146e-02 1.03090750790268e+05 
9.71028781090943e-02 1.02977009310077e+05 
9.72553303759902e-02 1.02864726739456e+05 
9.74077811857605e-02 1.02754261883099e+05 
9.75602866235544e-02 1.02645460180146e+05 
9.77127620124330e-02 1.02538615073243e+05 
9.78652532440208e-02 1.02433619454527e+05 
9.80177721514584e-02 1.02330559299506e+05 
9.81702725550139e-02 1.02229372393260e+05 
9.83227821413922e-02 1.02130280475435e+05 
9.84753498247005e-02 1.02033062210508e+05 
9.86278932674591e-02 1.01937878220867e+05 
9.87804583263719e-02 1.01844700413915e+05 
9.89330576526692e-02 1.01753359498791e+05 
9.90856429098160e-02 1.01664050855894e+05 
9.92382440269289e-02 1.01576274740773e+05 
9.93909047808786e-02 1.01490468102292e+05 
9.95435469299229e-02 1.01406811201518e+05 
9.96962163996669e-02 1.01325139237521e+05 
9.98489259322982e-02 1.01245129890712e+05 
1.00001626497387e-01 1.01166594131930e+05 
1.00154350722159e-01 1.01089809458234e+05 
1.00307136339718e-01 1.01013929145475e+05 
1.00459910401529e-01 1.00939732378119e+05 
1.00612717407665e-01 1.00867336753452e+05 
1.00765568622692e-01 1.00795937705517e+05 
1.00918414674287e-01 1.00725627882732e+05 
1.01071290952088e-01 1.00656369618632e+05 
1.01224229772335e-01 1.00588209138272e+05 
1.01377164812026e-01 1.00521451565720e+05 
1.01530136778003e-01 1.00456026439673e+05 
1.01683154781613e-01 1.00391847274737e+05 
1.01836171010066e-01 1.00328883930135e+05 
1.01989225254998e-01 1.00267394527967e+05 
1.02142344708494e-01 1.00207089086445e+05 
1.02295470672121e-01 1.00148075751889e+05 
1.02448638986960e-01 1.00090207878337e+05 
1.02601851951919e-01 1.00033245837475e+05 
1.02755070414811e-01 9.99770814352074e+04 
1.02908322709709e-01 9.99219470317914e+04 
1.03061604489042e-01 9.98675203339031e+04 
1.03214922909713e-01 9.98138750797199e+04 
1.03368271499885e-01 9.97610451165787e+04 
1.03521643010961e-01 9.97090130439637e+04 
1.03675028988757e-01 9.96575831570215e+04 
1.03828437955668e-01 9.96067702721485e+04 
1.03981883698459e-01 9.95564108042316e+04 
1.04135360825723e-01 9.95064262042761e+04 
1.04288873591971e-01 9.94569440933080e+04 
1.04442409359299e-01 9.94078751622529e+04 
1.04595956470372e-01 9.93592818606910e+04 
1.04749495494985e-01 9.93112048929669e+04 
1.04903073533664e-01 9.92635009303819e+04 
1.05056673217615e-01 9.92161407789945e+04 
1.05210324329896e-01 9.91692823732365e+04 
1.05363992135094e-01 9.91228615805194e+04 
1.05517667448194e-01 9.90769348400867e+04 
1.05671334355333e-01 9.90315793006658e+04 
1.05825036854696e-01 9.89866595153195e+04 
1.05978762644509e-01 9.89421365302095e+04 
1.06132546754053e-01 9.88981564552989e+04 
1.06286349370325e-01 9.88546479612160e+04 
1.06440163884581e-01 9.88119255258684e+04 
1.06593971404902e-01 9.87696233766402e+04 
1.06747810782094e-01 9.87277681102684e+04 
1.06901674487774e-01 9.86863627176162e+04 
1.07055601769240e-01 9.86456550814468e+04 
1.07209547209846e-01 9.86056735760943e+04 
1.07363505470992e-01 9.85665831196100e+04 
1.07517458470248e-01 9.85282928494201e+04 
1.07671438483587e-01 9.84913069599647e+04 
1.07825443362044e-01 9.84553370535584e+04 
1.07979513436706e-01 9.84209426139059e+04 
1.08133598536379e-01 9.83880767360320e+04 
1.08287693639667e-01 9.83569603363423e+04 
1.08441785545549e-01 9.83277817512506e+04 
1.08595882760156e-01 9.83006396256949e+04 
1.08749971051407e-01 9.82756808479779e+04 
1.08904074037335e-01 9.82531784395424e+04 
1.09058156550390e-01 9.82333285869287e+04 
1.09212217208633e-01 9.82162561955250e+04 
1.09366250425686e-01 9.82019964403427e+04 
1.09520273325688e-01 9.81908301494203e+04 
1.09674287601165e-01 9.81827135627531e+04 
1.09828316966185e-01 9.81777141655286e+04 
1.09982327623125e-01 9.81745296174942e+04 
1.10136316545381e-01 9.81748770860712e+04 
1.10290280790565e-01 9.81779081628928e+04 
1.10444232923309e-01 9.81828998747257e+04 
1.10598175893646e-01 9.81891403227861e+04 
1.10752133161791e-01 9.81962085633142e+04 
1.10906073204592e-01 9.82038911478666e+04 
1.11059981191457e-01 9.82122966648214e+04 
1.11213876187213e-01 9.82202769092082e+04 
1.11367756744384e-01 9.82276569268154e+04 
1.11521626752347e-01 9.82342814144646e+04 
1.11675506827528e-01 9.82402127234773e+04 
1.11829373426005e-01 9.82449674047844e+04 
1.11983211256017e-01 9.82487572366614e+04 
1.12137035826560e-01 9.82514570806775e+04 
1.12290847388546e-01 9.82533004888959e+04 
1.12444651027704e-01 9.82539877284458e+04 
1.12598470360902e-01 9.82534972725746e+04 
1.12752279380145e-01 9.82517532859522e+04 
1.12906075857929e-01 9.82490541264459e+04 
1.13059853034817e-01 9.82456593065618e+04 
1.13213622903600e-01 9.82416603322755e+04 
1.13367390638612e-01 9.82372779270764e+04 
1.13521180521809e-01 9.82322161564479e+04 
1.13674969426704e-01 9.82269053722483e+04 
1.13828754489535e-01 9.82212549517839e+04 
1.13982530406287e-01 9.82156192967794e+04 
1.14136307744068e-01 9.82098835669777e+04 
1.14290089768317e-01 9.82041260857836e+04 
1.14443897350163e-01 9.81980998548575e+04 
1.14597706528201e-01 9.81921036201390e+04 
1.14751513143700e-01 9.81863196530530e+04 
1.14905312626482e-01 9.81807098739408e+04 
1.15059112891778e-01 9.81757328495695e+04 
1.15212917418658e-01 9.81714545006106e+04 
1.15366745006383e-01 9.81675924269483e+04 
1.15520572970001e-01 9.81641767675450e+04 
1.15674398896735e-01 9.81616368320174e+04 
1.15828220556529e-01 9.81595551873730e+04 
1.15982045696822e-01 9.81588671011432e+04 
1.16135878335747e-01 9.81596293348950e+04 
1.16289734039286e-01 9.81615937585483e+04 
1.16443590829735e-01 9.81656764198374e+04 
1.16597446108245e-01 9.81706406003132e+04 
1.16751298316843e-01 9.81766113024779e+04 
1.16905152861712e-01 9.81841335980937e+04 
1.17059013896657e-01 9.81933617437358e+04 
1.17212893688126e-01 9.82037037768611e+04 
1.17366771991788e-01 9.82155519126213e+04 
1.17520647870446e-01 9.82286386069391e+04 
1.17674521186707e-01 9.82428618319537e+04 
1.17828398426699e-01 9.82583636140512e+04 
1.17982283907224e-01 9.82752923435549e+04 
1.18136187132688e-01 9.82929765178662e+04 
1.18290090875558e-01 9.83120075500410e+04 
1.18443995261979e-01 9.83324428175976e+04 
1.18597902118380e-01 9.83536748841336e+04 
1.18751817876054e-01 9.83757258196834e+04 
1.18905746369572e-01 9.83988364032281e+04 
1.19059693287372e-01 9.84218354552794e+04 
1.19213642384552e-01 9.84450023479042e+04 
1.19367594434085e-01 9.84682892822868e+04 
1.19521551454130e-01 9.84918038213387e+04 
1.19675518707274e-01 9.85153426486816e+04 
1.19829500214559e-01 9.85399056846009e+04 
1.19983499822060e-01 9.85652306977888e+04 
1.20137502147370e-01 9.85911013874007e+04 
1.20291508695607e-01 9.86174541418054e+04 
1.20445521860865e-01 9.86445029799769e+04 
1.20599546463890e-01 9.86722170973043e+04 
1.20753587335876e-01 9.87008080631365e+04 
1.20907646709940e-01 9.87292575485966e+04 
1.21061708704167e-01 9.87577571187849e+04 
1.21215775247872e-01 9.87862142594257e+04 
1.21369848680766e-01 9.88146696676308e+04 
1.21523933042195e-01 9.88430932098574e+04 
1.21678033978356e-01 9.88718759741271e+04 
1.21832152523611e-01 9.89005893444138e+04 
1.21986272187200e-01 9.89289763286578e+04 
1.22140396081629e-01 9.89568955925918e+04 
1.22294525748057e-01 9.89844621422806e+04 
1.22448666031982e-01 9.90118058905390e+04 
1.22602817735876e-01 9.90392852947429e+04 
1.22756982448980e-01 9.90662308194880e+04 
1.22911142551206e-01 9.90929024832749e+04 
1.23065296222832e-01 9.91189878849352e+04 
1.23219459230812e-01 9.91445015096045e+04 
1.23373626803696e-01 9.91696344811288e+04 
1.23527798429302e-01 9.91947306006387e+04 
1.23681985572490e-01 9.92192706898406e+04 
1.23836169008055e-01 9.92433931775246e+04 
1.23990346759372e-01 9.92668702948479e+04 
1.24144534389034e-01 9.92901852136102e+04 
1.24298728805399e-01 9.93136363157413e+04 
1.24452929221343e-01 9.93375807151043e+04 
1.24607147554148e-01 9.93614982817265e+04 
1.24761362457945e-01 9.93853007401084e+04 
1.24915571639487e-01 9.94090539079576e+04 
1.25069793032701e-01 9.94326064268006e+04 
1.25224022639473e-01 9.94561765724071e+04 
1.25378261080714e-01 9.94799955751175e+04 
1.25532517814967e-01 9.95035465916187e+04 
1.25686770821385e-01 9.95266802454161e+04 
1.25841018696536e-01 9.95494702221198e+04 
1.25995280727062e-01 9.95717818105480e+04 
1.26149551408977e-01 9.95936135012764e+04 
1.26303832573333e-01 9.96151210123476e+04 
1.26458132118614e-01 9.96357727229969e+04 
1.26612427798163e-01 9.96560280827377e+04 
1.26766719404185e-01 9.96758927824648e+04 
1.26921027204131e-01 9.96948763655697e+04 
1.27075344863575e-01 9.97133144800546e+04 
1.27229675697450e-01 9.97310406176880e+04 
1.27384025578692e-01 9.97485521648756e+04 
1.27538372026482e-01 9.97652526382515e+04 
1.27692715657061e-01 9.97808871209592e+04 
1.27847077302719e-01 9.97954075835761e+04 
1.28001449184027e-01 9.98094191030321e+04 
1.28155836304847e-01 9.98229265826899e+04 
1.28310243346124e-01 9.98357085684868e+04 
1.28464647679651e-01 9.98477289692623e+04 
1.28619050720778e-01 9.98588461980199e+04 
1.28773473321705e-01 9.98693639444661e+04 
1.28927906292766e-01 9.98796161153431e+04 
1.29082356333152e-01 9.98898613123560e+04 
1.29236826322808e-01 9.98998203592747e+04 
1.29391292705550e-01 9.99094548967194e+04 
1.29545758115625e-01 9.99188182156577e+04 
1.29700241979489e-01 9.99277877342164e+04 
1.29854734663044e-01 9.99368385717493e+04 
1.30009244175650e-01 9.99457616857949e+04 
1.30163772713822e-01 9.99541933621593e+04 
1.30318296553757e-01 9.99622935223046e+04 
1.30472820338237e-01 9.99701059317113e+04 
1.30627361117023e-01 9.99774515711354e+04 
1.30781910703370e-01 9.99849251275182e+04 
1.30936478074027e-01 9.99921106241731e+04 
1.31091063916106e-01 9.99987938254050e+04 
1.31245644401358e-01 1.00005274162341e+05 
1.31400225420731e-01 1.00011327146933e+05 
1.31554822843656e-01 1.00017012614209e+05 
1.31709429358216e-01 1.00022632956217e+05 
1.31864053762316e-01 1.00028482802590e+05 
1.32018694403251e-01 1.00033983275116e+05 
1.32173327855751e-01 1.00039009103145e+05 
1.32327960687161e-01 1.00043998052285e+05 
1.32482608862291e-01 1.00048693635560e+05 
1.32637265357260e-01 1.00053286265569e+05 
1.32791938806831e-01 1.00058104684025e+05 
1.32946625893465e-01 1.00062417708616e+05 
1.33101304602207e-01 1.00066526500098e+05 
1.33255982206644e-01 1.00070307915825e+05 
1.33410677067581e-01 1.00073905338672e+05 
1.33565382156790e-01 1.00077273403643e+05 
1.33720105944099e-01 1.00080640728904e+05 
1.33874842669658e-01 1.00083849901255e+05 
1.34029571628204e-01 1.00086909107847e+05 
1.34184298885712e-01 1.00089776187965e+05 
1.34339044371738e-01 1.00092591855159e+05 
1.34493798525664e-01 1.00095349636367e+05 
1.34648568307183e-01 1.00098250210623e+05 
1.34803344811100e-01 1.00101138050596e+05 
1.34958108503743e-01 1.00104093185588e+05 
1.35112866199692e-01 1.00107228579192e+05 
1.35267638989932e-01 1.00110489609949e+05 
1.35422419366423e-01 1.00113920736043e+05 
1.35577212912672e-01 1.00118161703308e+05 
1.35732010775487e-01 1.00122359404505e+05 
1.35886796159060e-01 1.00126630464979e+05 
1.36041577046348e-01 1.00131127834225e+05 
1.36196374370617e-01 1.00135644853608e+05 
1.36351182781232e-01 1.00140238628360e+05 
1.36506005054947e-01 1.00144949864645e+05 
1.36660832153948e-01 1.00149834114438e+05 
1.36815647939912e-01 1.00154840020689e+05 
1.36970459684197e-01 1.00160255916837e+05 
1.37125287686517e-01 1.00165797797925e+05 
1.37280127991778e-01 1.00171555678005e+05 
1.37434981740712e-01 1.00177498423067e+05 
1.37589839910373e-01 1.00183556038964e+05 
1.37744686972396e-01 1.00189723436128e+05 
1.37899529932348e-01 1.00196107611033e+05 
1.38054389590803e-01 1.00202533262846e+05 
1.38209263296749e-01 1.00208969727112e+05 
1.38364150886526e-01 1.00215478569915e+05 
1.38519042674944e-01 1.00222057866993e+05 
1.38673923568331e-01 1.00228598148495e+05 
1.38828799985469e-01 1.00235212417968e+05 
1.38983693427474e-01 1.00241708774603e+05 
1.39138601383970e-01 1.00248051865661e+05 
1.39293522441030e-01 1.00254293998954e+05 
1.39448446542235e-01 1.00260448285614e+05 
1.39603359414783e-01 1.00266410868200e+05 
1.39758266872904e-01 1.00272251163507e+05 
1.39913191143763e-01 1.00277865205016e+05 
1.40068130211256e-01 1.00283190982176e+05 
1.40223081742129e-01 1.00288347263773e+05 
1.40378035942870e-01 1.00293364911053e+05 
1.40532979486442e-01 1.00298157149899e+05 
1.40687917593515e-01 1.00302747683900e+05 
1.40842872814331e-01 1.00307128389163e+05 
1.40997844210568e-01 1.00311197563551e+05 
1.41152828971922e-01 1.00315110299700e+05 
1.41307816581472e-01 1.00318911440722e+05 
1.41462794002597e-01 1.00322494837756e+05 
1.41617765308532e-01 1.00325839357544e+05 
1.41772754100585e-01 1.00329017279129e+05 
1.41927759195401e-01 1.00331879789987e+05 
1.42082777247773e-01 1.00334623854318e+05 
1.42237797836610e-01 1.00337308489128e+05 
1.42392808774286e-01 1.00339823361901e+05 
1.42547813056081e-01 1.00342141400602e+05 
1.42702834534897e-01 1.00344375661860e+05 
1.42857872252180e-01 1.00346349650617e+05 
1.43012922394210e-01 1.00348262607507e+05 
1.43167974560841e-01 1.00350136151871e+05 
1.43323017202326e-01 1.00351854593336e+05 
1.43478052320189e-01 1.00353365661545e+05 
1.43633104348353e-01 1.00354803769867e+05 
1.43788172625761e-01 1.00355936499769e+05 
1.43943253098700e-01 1.00357020985936e+05 
1.44098335643734e-01 1.00358133254921e+05 
1.44253408935134e-01 1.00359198105238e+05 
1.44408474222793e-01 1.00360010077992e+05 
1.44563556927248e-01 1.00360838831292e+05 
1.44718656527516e-01 1.00361437483856e+05 
1.44873766635000e-01 1.00362275863230e+05 
1.45028870738855e-01 1.00362996786394e+05 
1.45183976832023e-01 1.00363693822494e+05 
1.45339074351216e-01 1.00363782847528e+05 
1.45494183966707e-01 1.00363872205226e+05 
1.45649297131579e-01 1.00363624062296e+05 
1.45804404091323e-01 1.00363466036973e+05 
1.45959504485208e-01 1.00363467937862e+05 
1.46114607330235e-01 1.00363564895296e+05 
1.46269710475623e-01 1.00363854348465e+05 
1.46424813071373e-01 1.00364526281561e+05 
1.46579918144922e-01 1.00365698374317e+05 
1.46735016393164e-01 1.00367509351838e+05 
1.46890108022574e-01 1.00369897731053e+05 
1.47045202100678e-01 1.00372779307996e+05 
1.47200297027202e-01 1.00376129701297e+05 
1.47355391299994e-01 1.00380181766656e+05 
1.47510487890742e-01 1.00384656477426e+05 
1.47665577811566e-01 1.00389822666007e+05 
1.47820662221993e-01 1.00395830723825e+05 
1.47975750305773e-01 1.00402427480739e+05 
1.48130841090918e-01 1.00409724400695e+05 
1.48285934018264e-01 1.00417675652329e+05 
1.48441032515833e-01 1.00425915507880e+05 
1.48596128624934e-01 1.00434710550204e+05 
1.48751224467596e-01 1.00444066976217e+05 
1.48906329393474e-01 1.00453844573548e+05 
1.49061442713184e-01 1.00463819984149e+05 
1.49216564286016e-01 1.00474113731724e+05 
1.49371696868857e-01 1.00484383728406e+05 
1.49526832518489e-01 1.00494741454471e+05 
1.49681971545155e-01 1.00505195397550e+05 
1.49837122012469e-01 1.00515594790188e+05 
1.49992282811049e-01 1.00525676196159e+05 
1.50147453587023e-01 1.00535832189508e+05 
1.50302636086257e-01 1.00545661960765e+05 
1.50457822075296e-01 1.00555380407100e+05 
1.50613011194290e-01 1.00565097881118e+05 
1.50768210818208e-01 1.00574607826844e+05 
1.50923420206011e-01 1.00583704383927e+05 
1.51078639749206e-01 1.00592800223915e+05 
1.51233871087297e-01 1.00601491711570e+05 
1.51389105237029e-01 1.00609923780128e+05 
1.51544341815330e-01 1.00618505584585e+05 
1.51699589081120e-01 1.00626601627107e+05 
1.51854845791144e-01 1.00634160165478e+05 
1.52010113089291e-01 1.00641448777418e+05 
1.52165391849239e-01 1.00648018519001e+05 
1.52320673193257e-01 1.00654351146819e+05 
1.52475956681214e-01 1.00660465464842e+05 
1.52631250746493e-01 1.00666640716236e+05 
1.52786554746002e-01 1.00671754652005e+05 
1.52941869656951e-01 1.00676169416101e+05 
1.53097196611732e-01 1.00679556318341e+05 
1.53252526828203e-01 1.00682169266763e+05 
1.53407860376431e-01 1.00684301121020e+05 
1.53563205917227e-01 1.00685801327092e+05 
1.53718563459637e-01 1.00686401767471e+05 
1.53873933759029e-01 1.00686598440216e+05 
1.54029317880453e-01 1.00685912944407e+05 
1.54184706839524e-01 1.00684603580628e+05 
1.54340100324599e-01 1.00683024757539e+05 
1.54495506530441e-01 1.00680958178778e+05 
1.54650926274283e-01 1.00678162057673e+05 
1.54806359591837e-01 1.00675220357087e+05 
1.54961807506298e-01 1.00671567376206e+05 
1.55117261141169e-01 1.00667646590872e+05 
1.55272720372588e-01 1.00663796256724e+05 
1.55428193453465e-01 1.00659712065724e+05 
1.55583682238084e-01 1.00655109527582e+05 
1.55739185011881e-01 1.00650679249929e+05 
1.55894701083621e-01 1.00645806265390e+05 
1.56050228962957e-01 1.00640941241023e+05 
1.56205763475791e-01 1.00636341727120e+05 
1.56361312673267e-01 1.00631738142569e+05 
1.56516873205476e-01 1.00627004785739e+05 
1.56672440432702e-01 1.00622616389377e+05 
1.56828019898013e-01 1.00618243718530e+05 
1.56983612725279e-01 1.00614196703987e+05 
1.57139227669074e-01 1.00610558654348e+05 
1.57294851917169e-01 1.00607204658664e+05 
1.57450477653940e-01 1.00604112889667e+05 
1.57606110308089e-01 1.00601381782823e+05 
1.57761753547148e-01 1.00599088440628e+05 
1.57917409780847e-01 1.00597346663509e+05 
1.58073090344276e-01 1.00596085104162e+05 
1.58228776862331e-01 1.00595255339270e+05 
1.58384464562570e-01 1.00594793815955e+05 
1.58540158803702e-01 1.00594823563004e+05 
1.58695861958272e-01 1.00595281248109e+05 
1.58851577320262e-01 1.00596259396721e+05 
1.59007316646241e-01 1.00597856698918e+05 
1.59163060471817e-01 1.00599745659472e+05 
1.59318804953053e-01 1.00601794988948e+05 
1.59474555690397e-01 1.00604317185817e+05 
1.59630313930237e-01 1.00606916180675e+05 
1.59786083291528e-01 1.00609951814364e+05 
1.59941875637224e-01 1.00613503747662e+05 
1.60097670929125e-01 1.00617241642082e+05 
1.60253465935060e-01 1.00621022496143e+05 
1.60409266757314e-01 1.00625061565519e+05 
1.60565073659055e-01 1.00629022047728e+05 
1.60720890696076e-01 1.00633202368416e+05 
1.60876729412389e-01 1.00637665986399e+05 
1.61032569575221e-01 1.00642083056460e+05 
1.61188408705178e-01 1.00646307969910e+05 
1.61344252773266e-01 1.00650521462634e+05 
1.61500101217154e-01 1.00654377151203e+05 
1.61655958540589e-01 1.00658165848017e+05 
1.61811836177195e-01 1.00661935402847e+05 
1.61967713839331e-01 1.00665314520828e+05 
1.62123590045878e-01 1.00668127225642e+05 
1.62279470113719e-01 1.00670542452858e+05 
1.62435353096754e-01 1.00672241026225e+05 
1.62591244408121e-01 1.00673539219532e+05 
1.62747154806869e-01 1.00674479646783e+05 
1.62903063959990e-01 1.00674852023348e+05 
1.63058971597568e-01 1.00674206390635e+05 
1.63214882916680e-01 1.00673018899636e+05 
1.63370796193085e-01 1.00671432877250e+05 
1.63526717464168e-01 1.00668746787748e+05 
1.63682656647470e-01 1.00665030559635e+05 
1.63838593287657e-01 1.00660085819478e+05 
1.63994527995666e-01 1.00654226342506e+05 
1.64150465696733e-01 1.00647449048098e+05 
1.64306404032102e-01 1.00638896625850e+05 
1.64462349679382e-01 1.00630489444504e+05 
1.64618311668293e-01 1.00622010423285e+05 
1.64774269572594e-01 1.00613416376984e+05 
1.64930224555808e-01 1.00604516861040e+05 
1.65086181766005e-01 1.00595171452167e+05 
1.65242137920413e-01 1.00584810147180e+05 
1.65398100018502e-01 1.00573804977551e+05 
1.65554076023118e-01 1.00561779023446e+05 
1.65710045755590e-01 1.00548157381568e+05 
1.65866010863280e-01 1.00532977777672e+05 
1.66021977094092e-01 1.00516521463921e+05 
1.66177940477070e-01 1.00498802535948e+05 
1.66333908270729e-01 1.00480342578620e+05 
1.66489887406426e-01 1.00461231857225e+05 
1.66645858429477e-01 1.00441031090013e+05 
1.66801823636084e-01 1.00419922563040e+05 
1.66957789683343e-01 1.00397958423747e+05 
1.67113752038518e-01 1.00375365084000e+05 
1.67269718202054e-01 1.00352132927399e+05 
1.67425693767026e-01 1.00328496207302e+05 
1.67581660039294e-01 1.00303969697144e+05 
1.67737619884593e-01 1.00278823168533e+05 
1.67893580981487e-01 1.00253374503547e+05 
1.68049538174676e-01 1.00227505368865e+05 
1.68205498978715e-01 1.00201349428136e+05 
1.68361467454908e-01 1.00175300798261e+05 
1.68517425505631e-01 1.00148994939770e+05 
1.68673376549611e-01 1.00122736528289e+05 
1.68829329161340e-01 1.00096449578199e+05 
1.68985277707733e-01 1.00069786271528e+05 
1.69141229632302e-01 1.00043044871463e+05 
1.69297187538285e-01 1.00016238626252e+05 
1.69453133867829e-01 9.99892354278385e+04 
1.69609072590666e-01 9.99620410529087e+04 
1.69765012934608e-01 9.99345805389545e+04 
1.69920948961572e-01 9.99067235838960e+04 
1.70076887910092e-01 9.98789080528319e+04 
1.70232831319123e-01 9.98511932268637e+04 
1.70388762190363e-01 9.98232895924824e+04 
1.70544684858815e-01 9.97953401667557e+04 
1.70700608756082e-01 9.97672540714574e+04 
1.70856528027478e-01 9.97389438825437e+04 
1.71012449671599e-01 9.97106607326851e+04 
1.71168374566649e-01 9.96826106671399e+04 
1.71324286436943e-01 9.96544558380556e+04 
1.71480189780094e-01 9.96263788228515e+04 
1.71636094734194e-01 9.95983411412654e+04 
1.71791995595147e-01 9.95701731758211e+04 
1.71947898524294e-01 9.95424075882707e+04 
1.72103803268510e-01 9.95150461026565e+04 
1.72259694174302e-01 9.94876679881789e+04 
1.72415575238426e-01 9.94605566778440e+04 
1.72571457591305e-01 9.94336562662490e+04 
1.72727335252001e-01 9.94068467386447e+04 
1.72883213712425e-01 9.93805568547105e+04 
1.73039091876698e-01 9.93547007913508e+04 
1.73194955143106e-01 9.93289727199956e+04 
1.73350807003403e-01 9.93036882777181e+04 
1.73506659674023e-01 9.92787582221461e+04 
1.73662507347960e-01 9.92540660302881e+04 
1.73818354740016e-01 9.92301531353485e+04 
1.73974200278389e-01 9.92070791600172e+04 
1.74130030523747e-01 9.91843159844852e+04 
1.74285848561207e-01 9.91621625617075e+04 
1.74441667516221e-01 9.91404591396438e+04 
1.74597481928401e-01 9.91190611167492e+04 
1.74753295690129e-01 9.90982854206338e+04 
1.74909106648183e-01 9.90780614439207e+04 
1.75064902452377e-01 9.90581036287505e+04 
1.75220686015810e-01 9.90387519258812e+04 
1.75376471495260e-01 9.90199028917181e+04 
1.75532253628882e-01 9.90012256080944e+04 
1.75688035773182e-01 9.89829236187988e+04 
1.75843814731045e-01 9.89651100869336e+04 
1.75999578818021e-01 9.89473597976356e+04 
1.76155331090710e-01 9.89298983902101e+04 
1.76311086410647e-01 9.89126674440923e+04 
1.76466839422423e-01 9.88953366883274e+04 
1.76622593704007e-01 9.88781978690340e+04 
1.76778344727648e-01 9.88613718654007e+04 
1.76934081368191e-01 9.88444240263579e+04 
1.77089806774414e-01 9.88277629922693e+04 
1.77245536738409e-01 9.88112577999164e+04 
1.77401265349259e-01 9.87947114003825e+04 
1.77556996824650e-01 9.87785187514726e+04 
1.77712725375756e-01 9.87628015753255e+04 
1.77868440148938e-01 9.87470695650447e+04 
1.78024144534495e-01 9.87315797858188e+04 
1.78179854950914e-01 9.87163688526250e+04 
1.78335565178741e-01 9.87010732207236e+04 
1.78491279634123e-01 9.86861466575926e+04 
1.78646991766148e-01 9.86716757926448e+04 
1.78802690669213e-01 9.86571400240946e+04 
1.78958379935709e-01 9.86427558811452e+04 
1.79114076460981e-01 9.86285666245028e+04 
1.79269773979237e-01 9.86141945306278e+04 
1.79425476963522e-01 9.86000878290305e+04 
1.79581178428086e-01 9.85865157926637e+04 
1.79736867287766e-01 9.85729786852956e+04 
1.79892547168378e-01 9.85595753107433e+04 
1.80048235105469e-01 9.85465396295853e+04 
1.80203925128085e-01 9.85333807234234e+04 
1.80359621356972e-01 9.85206324281354e+04 
1.80515316750479e-01 9.85084332498948e+04 
1.80670999594500e-01 9.84963958211888e+04 
1.80826673462303e-01 9.84846022556429e+04 
1.80982355555039e-01 9.84732856685184e+04 
1.81138040163987e-01 9.84620288740993e+04 
1.81293730371807e-01 9.84513885531084e+04 
1.81449419621334e-01 9.84416318562856e+04 
1.81605095849970e-01 9.84318416029132e+04 
1.81760763295908e-01 9.84224455026005e+04 
1.81916438497038e-01 9.84137750843850e+04 
1.82072115861798e-01 9.84051947242539e+04 
1.82227797425189e-01 9.83973424462336e+04 
1.82383477481667e-01 9.83902489987308e+04 
1.82539144086393e-01 9.83835960244986e+04 
1.82694801129869e-01 9.83773983299063e+04 
1.82850464590040e-01 9.83720507749617e+04 
1.83006129539999e-01 9.83671809569872e+04 
1.83161797817198e-01 9.83631329796575e+04 
1.83317463932727e-01 9.83600881711358e+04 
1.83473116645196e-01 9.83578607682838e+04 
1.83628759626038e-01 9.83563541895118e+04 
1.83784409461917e-01 9.83559947101465e+04 
1.83940061699019e-01 9.83562129648025e+04 
1.84095717910584e-01 9.83575451045184e+04 
1.84251372373675e-01 9.83600499331997e+04 
1.84407014142147e-01 9.83632366636672e+04 
1.84562646565252e-01 9.83669116602299e+04 
1.84718286797269e-01 9.83715653404448e+04 
1.84873930401475e-01 9.83764732566567e+04 
1.85029578780481e-01 9.83822183501784e+04 
1.85185225954296e-01 9.83886790429215e+04 
1.85340860940768e-01 9.83955121412985e+04 
1.85496487125311e-01 9.84024271380929e+04 
1.85652122065399e-01 9.84100164803493e+04 
1.85807761494762e-01 9.84174054054562e+04 
1.85963406986526e-01 9.84252905252073e+04 
1.86119052530171e-01 9.84338332327226e+04 
1.86274686954453e-01 9.84422856799425e+04 
1.86430313873638e-01 9.84505674035126e+04 
1.86585950983299e-01 9.84592400617837e+04 
1.86741594104490e-01 9.84668610029355e+04 
1.86897245216340e-01 9.84749705747110e+04 
1.87052898453627e-01 9.84837144242652e+04 
1.87208542136289e-01 9.84924761682765e+04 
1.87364180230308e-01 9.85010267458003e+04 
1.87519830145092e-01 9.85099474171750e+04 
1.87675487420646e-01 9.85185742805117e+04 
1.87831154184951e-01 9.85273545246685e+04 
1.87986824174555e-01 9.85367896616723e+04 
1.88142484306994e-01 9.85463609239980e+04 
1.88298138579103e-01 9.85559575880411e+04 
1.88453803471256e-01 9.85662360347598e+04 
1.88609474547250e-01 9.85763811418084e+04 
1.88765154528651e-01 9.85870043001491e+04 
1.88920837076589e-01 9.85983045980403e+04 
1.89076508826311e-01 9.86095688324169e+04 
1.89232174646587e-01 9.86208496560326e+04 
1.89387851168592e-01 9.86326810298704e+04 
1.89543534189561e-01 9.86442828879959e+04 
1.89699227521472e-01 9.86560796021422e+04 
1.89854924959446e-01 9.86682789495668e+04 
1.90010611473879e-01 9.86803456443075e+04 
1.90166292001030e-01 9.86917535895988e+04 
1.90321983578253e-01 9.87033516544151e+04 
1.90477682274724e-01 9.87144754114867e+04 
1.90633391375076e-01 9.87253872729234e+04 
1.90789105764431e-01 9.87366171825584e+04 
1.90944809862624e-01 9.87475339709547e+04 
1.91100508744342e-01 9.87577519644505e+04 
1.91256218508196e-01 9.87680642100699e+04 
1.91411935237385e-01 9.87779242349076e+04 
1.91567662507825e-01 9.87873446612841e+04 
1.91723395862758e-01 9.87967977222468e+04 
1.91879119015898e-01 9.88058924119888e+04 
1.92034837143129e-01 9.88149521751402e+04 
1.92190565168698e-01 9.88236960564944e+04 
1.92346299375071e-01 9.88326062095820e+04 
1.92502043711806e-01 9.88414086854462e+04 
1.92657794345642e-01 9.88501918112048e+04 
1.92813534476547e-01 9.88591621338627e+04 
1.92969269518552e-01 9.88674510269970e+04 
1.93125013358172e-01 9.88763085143323e+04 
1.93280762670871e-01 9.88846181253484e+04 
1.93436521799391e-01 9.88932565800694e+04 
1.93592287472792e-01 9.89025720822210e+04 
1.93748042574617e-01 9.89119711652140e+04 
1.93903792774811e-01 9.89208164165237e+04 
1.94059551177821e-01 9.89304458857338e+04 
1.94215314725468e-01 9.89396247728170e+04 
1.94371088008188e-01 9.89491858110819e+04 
1.94526868171216e-01 9.89594755234094e+04 
1.94682637716289e-01 9.89698865200484e+04 
1.94838402524620e-01 9.89799024328438e+04 
1.94994175096665e-01 9.89906714099066e+04 
1.95149952572206e-01 9.90011247643213e+04 
1.95305739847410e-01 9.90119993887650e+04 
1.95461534360753e-01 9.90235548257597e+04 
1.95617318135256e-01 9.90351844691158e+04 
1.95773097365381e-01 9.90463643214814e+04 
1.95928883987364e-01 9.90580719774397e+04 
1.96084675247239e-01 9.90693569240984e+04 
1.96240476635897e-01 9.90808634907139e+04 
1.96396285378904e-01 9.90928636273441e+04 
1.96552082967776e-01 9.91048366617612e+04 
1.96707876026252e-01 9.91162910709028e+04 
1.96863675984720e-01 9.91282519843566e+04 
1.97019480060208e-01 9.91399634036650e+04 
1.97175294568442e-01 9.91520104619393e+04 
1.97331116419995e-01 9.91643321566792e+04 
1.97486926476994e-01 9.91768546722736e+04 
1.97642732066112e-01 9.91894856173819e+04 
1.97798544150529e-01 9.92024557628182e+04 
1.97954360277043e-01 9.92155715359338e+04 
1.98110187411824e-01 9.92291600588473e+04 
1.98266022241252e-01 9.92432988069594e+04 
1.98421844978704e-01 9.92573727864134e+04 
1.98577663560785e-01 9.92712686784424e+04 
1.98733488716814e-01 9.92854922837842e+04 
1.98889317794688e-01 9.92993748969255e+04 
1.99045158374350e-01 9.93134886926316e+04 
1.99201007073237e-01 9.93280183114120e+04 
1.99356843487633e-01 9.93424549536643e+04 
1.99512676136493e-01 9.93566113581029e+04 
1.99668515390674e-01 9.93711286451954e+04 
1.99824358362811e-01 9.93853403259868e+04 
1.99980213164399e-01 9.93998610743409e+04 
2.00136076396784e-01 9.94149130377392e+04 
