# Liste des scalaires : TEMPS pmat 
0.00000000000000e+00 1.00000000000000e+05 
5.42217668469038e-05 1.00000000000000e+05 
9.42820787523390e-05 1.00000000000000e+05 
1.36108486773873e-04 1.00000000000000e+05 
1.79648465232363e-04 1.00000000000000e+05 
2.24690996300847e-04 1.00000000000000e+05 
2.67633789398695e-04 1.00000000000000e+05 
3.12022266376749e-04 1.00000000000000e+05 
3.56839407651753e-04 1.00000000000000e+05 
4.02771929610057e-04 1.00000000000000e+05 
4.48173471794833e-04 1.00000000000000e+05 
4.94216586128427e-04 1.00000000000000e+05 
5.41398709659596e-04 1.00000000000000e+05 
5.89394811034341e-04 1.00000000000000e+05 
6.37787562140913e-04 1.00000000000000e+05 
6.87149113220729e-04 1.00000000000000e+05 
7.36172703784127e-04 1.00000000000000e+05 
7.85849990794152e-04 1.00000000000000e+05 
8.36735050831342e-04 1.00000000000000e+05 
8.88745724794846e-04 1.00000000000000e+05 
9.40955816766809e-04 1.00000000000000e+05 
9.93334263070003e-04 1.00000000000000e+05 
1.04650411767578e-03 1.00000000000000e+05 
1.10045024763096e-03 1.00000000000000e+05 
1.15538285518583e-03 1.00000000000000e+05 
1.21118582025793e-03 1.00000000000000e+05 
1.26720180106078e-03 1.00000000000000e+05 
1.32366761565271e-03 1.00000000000000e+05 
1.38084251352977e-03 1.00000000000000e+05 
1.43894212788982e-03 1.00000000000000e+05 
1.49817435347581e-03 1.00000000000000e+05 
1.55826476365938e-03 1.00000000000000e+05 
1.61843203638537e-03 1.00000000000000e+05 
1.67945558045575e-03 1.00000000000000e+05 
1.74156836260822e-03 1.00000000000000e+05 
1.80467874825955e-03 1.00000000000000e+05 
1.86834473912871e-03 1.00000000000000e+05 
1.93284438764985e-03 1.00000000000000e+05 
1.99864303800223e-03 1.00000000000000e+05 
2.06625519568368e-03 1.00000000000000e+05 
2.13541359194578e-03 1.00000000000000e+05 
2.20536615105996e-03 1.00000000000000e+05 
2.27654564887000e-03 1.00000000000000e+05 
2.34902897652255e-03 1.00000000000000e+05 
2.42229506535416e-03 1.00000000000000e+05 
2.49647827759462e-03 1.00000000000000e+05 
2.57167135255293e-03 1.00000000000000e+05 
2.64722458425075e-03 1.00000000000000e+05 
2.72476638652675e-03 1.00000000000000e+05 
2.80282464016844e-03 1.00000000000000e+05 
2.88154001966960e-03 1.00000000000000e+05 
2.96279255479253e-03 1.00000000000000e+05 
3.04453127518105e-03 1.00000000000000e+05 
3.12881962231853e-03 1.00000000000000e+05 
3.21585465146984e-03 1.00000000000000e+05 
3.30495148691642e-03 1.00000000000000e+05 
3.39283430743058e-03 1.00000000000000e+05 
3.48061459265029e-03 1.00000000000000e+05 
3.56857386181081e-03 1.00000000000000e+05 
3.65925164967126e-03 1.00000000000000e+05 
3.75098293226347e-03 1.00000000000000e+05 
3.84412513357749e-03 1.00000000000000e+05 
3.93885844653457e-03 1.00000000000000e+05 
4.03527084082966e-03 1.00000000000000e+05 
4.13380006077977e-03 1.00000000000000e+05 
4.23368003959463e-03 1.00000000000000e+05 
4.33332987063384e-03 1.00000000000000e+05 
4.43354792339630e-03 1.00000000000000e+05 
4.53419889707430e-03 1.00000000000000e+05 
4.63569636200704e-03 1.00000000000000e+05 
4.73691753266653e-03 1.00000000000000e+05 
4.83881865494676e-03 1.00000000000000e+05 
4.94056561648693e-03 1.00000000000000e+05 
5.04312492823225e-03 1.00000000000000e+05 
5.14509708205398e-03 1.00000000000000e+05 
5.24684450754825e-03 1.00000000000000e+05 
5.34525917614523e-03 1.00000000000000e+05 
5.44267002863299e-03 1.00000000000000e+05 
5.53953540209640e-03 1.00000000000000e+05 
5.63602059621519e-03 1.00000000000000e+05 
5.73214642828868e-03 1.00000000000000e+05 
5.82836677541010e-03 1.00000000000000e+05 
5.92467789156213e-03 1.00000000000000e+05 
6.02141164747666e-03 1.00000000000000e+05 
6.11800891144451e-03 1.00000000000000e+05 
6.21458185261468e-03 1.00000000000000e+05 
6.31135090766218e-03 1.00000000000000e+05 
6.40840609178456e-03 1.00000000000000e+05 
6.50572370915519e-03 1.00000000000000e+05 
6.60295117598658e-03 1.00000000000000e+05 
6.70019110544158e-03 1.00000000000000e+05 
6.79760798805032e-03 1.00000000000000e+05 
6.89482138421071e-03 1.00000000000000e+05 
6.99171916747487e-03 1.00000000000000e+05 
7.08824797788082e-03 1.00000000000000e+05 
7.18476278962521e-03 1.00000000000000e+05 
7.28128877862967e-03 1.00000000000000e+05 
7.37804753495836e-03 1.00000000000000e+05 
7.47507568040181e-03 1.00000000000000e+05 
7.57239542450001e-03 1.00000000000000e+05 
7.67012156895347e-03 1.00000000000000e+05 
7.76814593470513e-03 1.00000000000000e+05 
7.86642453073464e-03 1.00000000000000e+05 
7.96498793113942e-03 1.00000000000000e+05 
8.06242709705490e-03 1.00000000000000e+05 
8.16038428888249e-03 1.00000000000000e+05 
8.25883084712781e-03 1.00000000000000e+05 
8.35785403749181e-03 1.00000000000000e+05 
8.45742825614669e-03 1.00000000000000e+05 
8.55766036852367e-03 1.00000000000000e+05 
8.65695262673031e-03 1.00000000000000e+05 
8.75700004127457e-03 1.00000000000000e+05 
8.85778737561638e-03 1.00000000000000e+05 
8.95932106481953e-03 1.00000000000000e+05 
9.06096420281857e-03 1.00000000000000e+05 
9.16374279925278e-03 1.00000000000000e+05 
9.26708763060491e-03 1.00000000000000e+05 
9.37040088971751e-03 1.00000000000000e+05 
9.47388697925499e-03 1.00000000000000e+05 
9.57654830130144e-03 1.00000000000000e+05 
9.67989846575922e-03 1.00000000000000e+05 
9.78234782341870e-03 1.00000000000000e+05 
9.88606292538335e-03 1.00000000000000e+05 
9.98968375252924e-03 1.00000000000000e+05 
1.00935340726599e-02 1.00000000000000e+05 
1.01968369261724e-02 1.00000000000000e+05 
1.03006563964628e-02 1.00000000000000e+05 
1.04042568394093e-02 1.00000000000000e+05 
1.05076681903348e-02 1.00000000000000e+05 
1.06117456871632e-02 1.00000000000000e+05 
1.07160451551630e-02 1.00000000000000e+05 
1.08204821832748e-02 1.00000000000000e+05 
1.09248735682943e-02 1.00000000000000e+05 
1.10295472962221e-02 1.00000000000000e+05 
1.11342937546016e-02 1.00000000000000e+05 
1.12387943755761e-02 1.00000000000000e+05 
1.13428093512042e-02 1.00000000000000e+05 
1.14470924769131e-02 1.00000000000000e+05 
1.15515634488088e-02 1.00000000000000e+05 
1.16561331859529e-02 1.00000000000000e+05 
1.17602565450108e-02 1.00000000000000e+05 
1.18648024532006e-02 1.00000000000000e+05 
1.19692510521711e-02 1.00000000000000e+05 
1.20736429468508e-02 1.00000000000000e+05 
1.21782350416317e-02 1.00000000000000e+05 
1.22828513587538e-02 1.00000000000000e+05 
1.23870315287864e-02 1.00000000000000e+05 
1.24888432761827e-02 1.00000000000000e+05 
1.25906737203475e-02 1.00000000000000e+05 
1.26925277017752e-02 1.00000000000000e+05 
1.27944094231539e-02 1.00000000000000e+05 
1.28963236374434e-02 1.00000000000000e+05 
1.29982810430733e-02 1.00000000000000e+05 
1.31002662824699e-02 1.00000000000000e+05 
1.32022810403025e-02 1.00000000000000e+05 
1.33043110165019e-02 1.00000000000000e+05 
1.34063836809282e-02 1.00000000000000e+05 
1.35084882312360e-02 1.00000000000000e+05 
1.36106302909799e-02 1.00000000000000e+05 
1.37127955991424e-02 1.00000000000000e+05 
1.38149530418295e-02 1.00000000000000e+05 
1.39171104845578e-02 1.00000000000000e+05 
1.40193062472110e-02 1.00000000000000e+05 
1.41215241410970e-02 1.00000000000000e+05 
1.42237732418854e-02 1.00000000000000e+05 
1.43260441894738e-02 1.00000000000000e+05 
1.44283074727363e-02 1.00000000000000e+05 
1.45305702624859e-02 1.00000000000000e+05 
1.46328652649528e-02 1.00000000000000e+05 
1.47351741022246e-02 1.00000000000000e+05 
1.48375014532278e-02 1.00000000000000e+05 
1.49398429339121e-02 1.00000000000000e+05 
1.50421679706495e-02 1.00000000000000e+05 
1.51444843195545e-02 1.00000000000000e+05 
1.52468216554474e-02 1.00000000000000e+05 
1.53491636046824e-02 1.00000000000000e+05 
1.54515112514742e-02 1.00000000000000e+05 
1.55538615090786e-02 1.00000000000000e+05 
1.56561871632072e-02 1.00000000000000e+05 
1.57584966838584e-02 1.00000000000000e+05 
1.58608139372481e-02 1.00000000000000e+05 
1.59631222869152e-02 1.00000000000000e+05 
1.60654177211437e-02 1.00000000000000e+05 
1.61676978092588e-02 1.00000000000000e+05 
1.62699444077334e-02 1.00000000000000e+05 
1.63721708866201e-02 1.00000000000000e+05 
1.64743879743036e-02 1.00000000000000e+05 
1.65765912095368e-02 1.00000000000000e+05 
1.66787683258766e-02 1.00000000000000e+05 
1.67809144395908e-02 1.00000000000000e+05 
1.68830535991839e-02 1.00000000000000e+05 
1.69852156528870e-02 1.00000000000000e+05 
1.70873784539473e-02 1.00000000000000e+05 
1.71895871572252e-02 1.00000000000000e+05 
1.72918473398165e-02 1.00000000000000e+05 
1.73934919662491e-02 1.00000000000000e+05 
1.74952253513843e-02 1.00000000000000e+05 
1.75966244209620e-02 1.00000000000000e+05 
1.76980442989199e-02 1.00000000000000e+05 
1.77995217272595e-02 1.00000000000000e+05 
1.79010439125998e-02 1.00000000000000e+05 
1.80025496174673e-02 1.00000000000000e+05 
1.81039800597200e-02 1.00000000000000e+05 
1.82052997231015e-02 1.00000000000000e+05 
1.83065555243306e-02 1.00000000000000e+05 
1.84078648156325e-02 1.00000000000000e+05 
1.85092729400994e-02 1.00000000000000e+05 
1.86107921993095e-02 1.00000000000000e+05 
1.87123515045898e-02 1.00000000000000e+05 
1.88138610520475e-02 1.00000000000000e+05 
1.89153102393123e-02 1.00000000000000e+05 
1.90167112381441e-02 1.00000000000000e+05 
1.91180755473178e-02 1.00000000000000e+05 
1.92193778032037e-02 1.00000000000000e+05 
1.93206426481542e-02 1.00000000000000e+05 
1.94218606760241e-02 1.00000000000000e+05 
1.95230173253510e-02 1.00000000000000e+05 
1.96241280132256e-02 1.00000000000000e+05 
1.97252222530264e-02 1.00000000000000e+05 
1.98263520358894e-02 1.00000000000000e+05 
1.99275456194692e-02 1.00000000000000e+05 
2.00287424925716e-02 1.00000000000000e+05 
2.01298466515012e-02 1.00000000000000e+05 
2.02308861409030e-02 1.00000000000000e+05 
2.03318955789317e-02 1.00000000000000e+05 
2.04328475284999e-02 1.00000000000000e+05 
2.05339116659421e-02 1.00000000000000e+05 
2.06351482760027e-02 1.00000000000000e+05 
2.07363830759142e-02 1.00000000000000e+05 
2.08375492895431e-02 1.00000000000000e+05 
2.09386991784888e-02 1.00000000000000e+05 
2.10398319516630e-02 1.00000000000000e+05 
2.11409340504451e-02 1.00000000000000e+05 
2.12420940340020e-02 1.00000000000000e+05 
2.13432725669635e-02 1.00000000000000e+05 
2.14444311527181e-02 1.00000000000000e+05 
2.15455562352882e-02 1.00000000000000e+05 
2.16466336418198e-02 1.00000000000000e+05 
2.17477262451310e-02 1.00000000000000e+05 
2.18488730537434e-02 1.00000000000000e+05 
2.19500487674094e-02 1.00000000000000e+05 
2.20513211334290e-02 1.00000000000000e+05 
2.21526697113461e-02 1.00000000000000e+05 
2.22540656502504e-02 1.00000000000000e+05 
2.23555492225273e-02 1.00000000000000e+05 
2.24570806946806e-02 1.00000000000000e+05 
2.25586566270984e-02 1.00000000000000e+05 
2.26603190703315e-02 1.00000000000000e+05 
2.27620349532560e-02 1.00000000000000e+05 
2.28638749678436e-02 1.00000000000000e+05 
2.29659021304902e-02 1.00000000000000e+05 
2.30681459237740e-02 1.00000000000000e+05 
2.31706141724689e-02 1.00000000000000e+05 
2.32731906872416e-02 1.00000000000000e+05 
2.33757848176261e-02 1.00000000000000e+05 
2.34784090982780e-02 1.00000000000000e+05 
2.35810188732814e-02 1.00000000000000e+05 
2.36837310154876e-02 1.00000000000000e+05 
2.37864943975457e-02 1.00000000000000e+05 
2.38894181365597e-02 1.00000000000000e+05 
2.39926405932572e-02 1.00000000000000e+05 
2.40958683090014e-02 1.00000000000000e+05 
2.41992566672732e-02 1.00000000000000e+05 
2.43028695101093e-02 1.00000000000000e+05 
2.44068003656382e-02 1.00000000000000e+05 
2.45111168495627e-02 1.00000000000000e+05 
2.46147969106538e-02 1.00000000000000e+05 
2.47195212311412e-02 1.00000000000000e+05 
2.48226136724516e-02 1.00000000000000e+05 
2.49266273268913e-02 1.00000000000000e+05 
2.50316925259387e-02 1.00000000000000e+05 
2.51367877294891e-02 1.00000000000000e+05 
2.52404601580116e-02 1.00000000000000e+05 
2.53451075751502e-02 1.00000000000000e+05 
2.54489255271044e-02 1.00000000000000e+05 
2.55536977943671e-02 1.00000000000000e+05 
2.56591063893597e-02 1.00000000000000e+05 
2.57646163643935e-02 1.00000000000000e+05 
2.58686156569835e-02 1.00000000000000e+05 
2.59735780345466e-02 1.00000000000000e+05 
2.60776070207135e-02 1.00000000000000e+05 
2.61825552129460e-02 1.00000000000000e+05 
2.62885451872619e-02 1.00000000000000e+05 
2.63945246211131e-02 1.00000000000000e+05 
2.64982862599642e-02 1.00000000000000e+05 
2.66028046666815e-02 1.00000000000000e+05 
2.67064523128735e-02 1.00000000000000e+05 
2.68114283964946e-02 1.00000000000000e+05 
2.69174284008023e-02 1.00000000000000e+05 
2.70235045433652e-02 1.00000000000000e+05 
2.71275436573928e-02 1.00000000000000e+05 
2.72327439896244e-02 1.00000000000000e+05 
2.73368801201220e-02 1.00000000000000e+05 
2.74421155715507e-02 1.00000000000000e+05 
2.75484706844917e-02 1.00000000000000e+05 
2.76543675508301e-02 1.00000000000000e+05 
2.77587101911047e-02 1.00000000000000e+05 
2.78641305152845e-02 1.00000000000000e+05 
2.79686042563605e-02 1.00000000000000e+05 
2.80741915383420e-02 1.00000000000000e+05 
2.81809539778782e-02 1.00000000000000e+05 
2.82871062316282e-02 1.00000000000000e+05 
2.83918201817553e-02 1.00000000000000e+05 
2.84977122549879e-02 1.00000000000000e+05 
2.86026272895749e-02 1.00000000000000e+05 
2.87087886671050e-02 1.00000000000000e+05 
2.88160513168943e-02 1.00000000000000e+05 
2.89224075244895e-02 1.00000000000000e+05 
2.90277496408954e-02 1.00000000000000e+05 
2.91344806506651e-02 1.00000000000000e+05 
2.92401783724476e-02 1.00000000000000e+05 
2.93466533191828e-02 1.00000000000000e+05 
2.94541013006652e-02 1.00000000000000e+05 
2.95606324572238e-02 1.00000000000000e+05 
2.96662199468297e-02 1.00000000000000e+05 
2.97724839704315e-02 1.00000000000000e+05 
2.98784219898288e-02 1.00000000000000e+05 
2.99850595735588e-02 1.00000000000000e+05 
3.00913746784634e-02 1.00000000000000e+05 
3.01980759570351e-02 1.00000000000000e+05 
3.03044582601513e-02 1.00000000000000e+05 
3.04108569055297e-02 1.00000000000000e+05 
3.05172980215166e-02 1.00000000000000e+05 
3.06240900128036e-02 1.00000000000000e+05 
3.07305836647219e-02 1.00000000000000e+05 
3.08374246112001e-02 1.00000000000000e+05 
3.09440243023723e-02 1.00000000000000e+05 
3.10506571765540e-02 1.00000000000000e+05 
3.11573626499441e-02 1.00000000000000e+05 
3.12642857800887e-02 1.00000000000000e+05 
3.13710658381262e-02 1.00000000000000e+05 
3.14780644133594e-02 1.00000000000000e+05 
3.15849725702226e-02 1.00000000000000e+05 
3.16919244944123e-02 1.00000000000000e+05 
3.17989393222961e-02 1.00000000000000e+05 
3.19060657717989e-02 1.00000000000000e+05 
3.20131650396360e-02 1.00000000000000e+05 
3.21203354632077e-02 1.00000000000000e+05 
3.22275320578698e-02 1.00000000000000e+05 
3.23348053244564e-02 1.00000000000000e+05 
3.24420357652962e-02 1.00000000000000e+05 
3.25492666270956e-02 1.00000000000000e+05 
3.26566578293894e-02 1.00000000000000e+05 
3.27638890210984e-02 1.00000000000000e+05 
3.28711237496597e-02 1.00000000000000e+05 
3.29787598222389e-02 1.00000000000000e+05 
3.30859957899999e-02 1.00000000000000e+05 
3.31932295246405e-02 1.00000000000000e+05 
3.33010406136903e-02 1.00000000000000e+05 
3.34082661205280e-02 1.00000000000000e+05 
3.35154974793056e-02 1.00000000000000e+05 
3.36236572297214e-02 1.00000000000000e+05 
3.37308899964427e-02 1.00000000000000e+05 
3.38381190750388e-02 1.00000000000000e+05 
3.39463202768239e-02 1.00000000000000e+05 
3.40535415523165e-02 1.00000000000000e+05 
3.41607695040348e-02 1.00000000000000e+05 
3.42689798562256e-02 1.00000000000000e+05 
3.43761995127762e-02 1.00000000000000e+05 
3.44834137975927e-02 1.00000000000000e+05 
3.45916110602444e-02 1.00000000000000e+05 
3.46988078021490e-02 1.00000000000000e+05 
3.48060079269222e-02 1.00000000000000e+05 
3.49141930870156e-02 1.00000000000000e+05 
3.50213839682646e-02 1.00000000000000e+05 
3.51285733431183e-02 1.00000000000000e+05 
3.52367498819871e-02 1.00000000000000e+05 
3.53440055442693e-02 1.00000000000000e+05 
3.54513063429246e-02 1.00000000000000e+05 
3.55596128415503e-02 1.00000000000000e+05 
3.56669566583306e-02 1.00000000000000e+05 
3.57743369043690e-02 1.00000000000000e+05 
3.58827855009177e-02 1.00000000000000e+05 
3.59902287899978e-02 1.00000000000000e+05 
3.60977009945861e-02 1.00000000000000e+05 
3.62062560089067e-02 1.00000000000000e+05 
3.63138234080711e-02 1.00000000000000e+05 
3.64214130990413e-02 1.00000000000000e+05 
3.65300500458159e-02 1.00000000000000e+05 
3.66376394470706e-02 1.00000000000000e+05 
3.67453075952590e-02 1.00000000000000e+05 
3.68541800635856e-02 1.00000000000000e+05 
3.69621221336425e-02 1.00000000000000e+05 
3.70703344015552e-02 1.00000000000000e+05 
3.71788602067013e-02 1.00000000000000e+05 
3.72877423088974e-02 1.00000000000000e+05 
3.73967336330086e-02 1.00000000000000e+05 
3.75059573423744e-02 1.00000000000000e+05 
3.76153880248083e-02 1.00000000000000e+05 
3.77250634220044e-02 1.00000000000000e+05 
3.78349178839878e-02 1.00000000000000e+05 
3.79449965331013e-02 1.00000000000000e+05 
3.80551447615470e-02 1.00000000000000e+05 
3.81653873703720e-02 1.00000000000000e+05 
3.82756963108318e-02 1.00000000000000e+05 
3.83859439826791e-02 1.00000000000000e+05 
3.84961846178730e-02 1.00000000000000e+05 
3.86064341820936e-02 1.00000000000000e+05 
3.87168266867135e-02 1.00000000000000e+05 
3.88272431773407e-02 1.00000000000000e+05 
3.89377215758489e-02 1.00000000000000e+05 
3.90479381932431e-02 1.00000000000000e+05 
3.91583723217081e-02 1.00000000000000e+05 
3.92689042900088e-02 1.00000000000000e+05 
3.93794203423076e-02 1.00000000000000e+05 
3.94899951438537e-02 1.00000000000000e+05 
3.96006467620563e-02 1.00000000000000e+05 
3.97113883760093e-02 1.00000000000000e+05 
3.98222370729883e-02 1.00000000000000e+05 
3.99331758469056e-02 1.00000000000000e+05 
4.00440625528776e-02 1.00000000000000e+05 
4.01552751105211e-02 1.00000000000000e+05 
4.02665272576756e-02 1.00000000000000e+05 
4.03778337911586e-02 1.00000000000000e+05 
4.04894804156671e-02 1.00000000000000e+05 
4.06013510148593e-02 1.00000000000000e+05 
4.07131009702780e-02 1.00000000000000e+05 
4.08255733721809e-02 1.00000000000000e+05 
4.09366077007929e-02 1.00000000000000e+05 
4.10476068265450e-02 1.00000000000000e+05 
4.11586894456512e-02 1.00000000000000e+05 
4.12698366682607e-02 1.00000000000000e+05 
4.13811063171064e-02 1.00000000000000e+05 
4.14922750760715e-02 1.00000000000000e+05 
4.16034840181330e-02 1.00000000000000e+05 
4.17146168940297e-02 1.00000000000000e+05 
4.18258390910428e-02 1.00000000000000e+05 
4.19370932012597e-02 1.00000000000000e+05 
4.20484517840821e-02 1.00000000000000e+05 
4.21596744626520e-02 1.00000000000000e+05 
4.22709820426418e-02 1.00000000000000e+05 
4.23822105398497e-02 1.00000000000000e+05 
4.24936104319307e-02 1.00000000000000e+05 
4.26050371989667e-02 1.00000000000000e+05 
4.27166062992292e-02 1.00000000000000e+05 
4.28281041851329e-02 1.00000000000000e+05 
4.29397947230419e-02 1.00000000000000e+05 
4.30514724076663e-02 1.00000000000000e+05 
4.31633409097397e-02 1.00000000000000e+05 
4.32752642405745e-02 1.00000000000000e+05 
4.33873591211132e-02 1.00000000000000e+05 
4.34993775698533e-02 1.00000000000000e+05 
4.36118143692137e-02 1.00000000000000e+05 
4.37243215071348e-02 1.00000000000000e+05 
4.38373815894245e-02 1.00000000000000e+05 
4.39506347652847e-02 1.00000000000000e+05 
4.40641670365450e-02 1.00000000000000e+05 
4.41776991811672e-02 1.00000000000000e+05 
4.42913251124549e-02 1.00000000000000e+05 
4.44049535204873e-02 1.00000000000000e+05 
4.45186884093068e-02 1.00000000000000e+05 
4.46324622218439e-02 1.00000000000000e+05 
4.47464034677310e-02 1.00000000000000e+05 
4.48603403938345e-02 1.00000000000000e+05 
4.49743281738788e-02 1.00000000000000e+05 
4.50883332606041e-02 1.00000000000000e+05 
4.52024045500116e-02 1.00000000000000e+05 
4.53165892348126e-02 1.00000000000000e+05 
4.54309906689171e-02 1.00000000000000e+05 
4.55453509042869e-02 1.00000000000000e+05 
4.56598857904169e-02 1.00000000000000e+05 
4.57744409471794e-02 1.00000000000000e+05 
4.58890132655044e-02 1.00000000000000e+05 
4.60036182147704e-02 1.00000000000000e+05 
4.61182834101644e-02 1.00000000000000e+05 
4.62329680689840e-02 1.00000000000000e+05 
4.63477024872922e-02 1.00000000000000e+05 
4.64624992864153e-02 1.00000000000000e+05 
4.65773321028397e-02 1.00000000000000e+05 
4.66922141634945e-02 1.00000000000000e+05 
4.68071542854581e-02 1.00000000000000e+05 
4.69221332398582e-02 1.00000000000000e+05 
4.70371696755924e-02 1.00000000000000e+05 
4.71522111213814e-02 1.00000000000000e+05 
4.72671438681473e-02 1.00000000000000e+05 
4.73820318946938e-02 1.00000000000000e+05 
4.74968994848195e-02 1.00000000000000e+05 
4.76117474531152e-02 1.00000000000000e+05 
4.77266458628706e-02 1.00000000000000e+05 
4.78415882288962e-02 1.00000000000000e+05 
4.79565220441874e-02 1.00000000000000e+05 
4.80715524007894e-02 1.00000000000000e+05 
4.81848017146862e-02 1.00000000000000e+05 
4.83000581480652e-02 1.00000000000000e+05 
4.84131619334564e-02 1.00000000000000e+05 
4.85272199496311e-02 1.00000000000000e+05 
4.86427173031488e-02 1.00000000000000e+05 
4.87583804788861e-02 1.00000000000000e+05 
4.88723805336250e-02 1.00000000000000e+05 
4.89883376188573e-02 1.00000000000000e+05 
4.91026823011852e-02 1.00000000000000e+05 
4.92183535569285e-02 1.00000000000000e+05 
4.93346383531751e-02 1.00000000000000e+05 
4.94510337442226e-02 1.00000000000000e+05 
4.95660929736403e-02 1.00000000000000e+05 
4.96826599607882e-02 1.00000000000000e+05 
4.97981472015401e-02 1.00000000000000e+05 
4.99149995790006e-02 1.00000000000000e+05 
5.00319158089700e-02 1.00000000000000e+05 
5.01490367365326e-02 1.00000000000000e+05 
5.02656362345646e-02 1.00000000000000e+05 
5.03831368513009e-02 1.00000000000000e+05 
5.05005618355840e-02 1.00000000000000e+05 
5.06185511929897e-02 1.00000000000000e+05 
5.07367148724122e-02 1.00000000000000e+05 
5.08551437102711e-02 1.00000000000000e+05 
5.09728578493091e-02 1.00000000000000e+05 
5.10915480742115e-02 1.00000000000000e+05 
5.12093011545469e-02 1.00000000000000e+05 
5.13281289880141e-02 1.00000000000000e+05 
5.14480360639035e-02 1.00000000000000e+05 
5.15681226509872e-02 1.00000000000000e+05 
5.16858938151109e-02 1.00000000000000e+05 
5.18046622269745e-02 1.00000000000000e+05 
5.19225386539531e-02 1.00000000000000e+05 
5.20422269205236e-02 1.00000000000000e+05 
5.21630761778245e-02 1.00000000000000e+05 
5.22844742758124e-02 1.00000000000000e+05 
5.24025906825591e-02 1.00000000000000e+05 
5.25216886364203e-02 1.00000000000000e+05 
5.26399192892995e-02 1.00000000000000e+05 
5.27612772677242e-02 1.00000000000000e+05 
5.28833285470963e-02 1.00000000000000e+05 
5.30056561270696e-02 1.00000000000000e+05 
5.31240575563929e-02 1.00000000000000e+05 
5.32434348558441e-02 1.00000000000000e+05 
5.33619496626677e-02 1.00000000000000e+05 
5.34838805786826e-02 1.00000000000000e+05 
5.36063238998519e-02 1.00000000000000e+05 
5.37287442436920e-02 1.00000000000000e+05 
5.38474742120724e-02 1.00000000000000e+05 
5.39671802349721e-02 1.00000000000000e+05 
5.40859992077543e-02 1.00000000000000e+05 
5.42080796728759e-02 1.00000000000000e+05 
5.43303539914888e-02 1.00000000000000e+05 
5.44525874663089e-02 1.00000000000000e+05 
5.45716536921793e-02 1.00000000000000e+05 
5.46917317001120e-02 1.00000000000000e+05 
5.48109105139996e-02 1.00000000000000e+05 
5.49332230027023e-02 1.00000000000000e+05 
5.50555698690497e-02 1.00000000000000e+05 
5.51779360399304e-02 1.00000000000000e+05 
5.52974774791207e-02 1.00000000000000e+05 
5.54182002423810e-02 1.00000000000000e+05 
5.55380932400663e-02 1.00000000000000e+05 
5.56605336057312e-02 1.00000000000000e+05 
5.57829817123774e-02 1.00000000000000e+05 
5.59054025029947e-02 1.00000000000000e+05 
5.60257711670592e-02 1.00000000000000e+05 
5.61475502540370e-02 1.00000000000000e+05 
5.62683439774134e-02 1.00000000000000e+05 
5.63907682899822e-02 1.00000000000000e+05 
5.65131866639742e-02 1.00000000000000e+05 
5.66356159821178e-02 1.00000000000000e+05 
5.67568603743396e-02 1.00000000000000e+05 
5.68793917092936e-02 1.00000000000000e+05 
5.70011439412249e-02 1.00000000000000e+05 
5.71237234162462e-02 1.00000000000000e+05 
5.72463123651150e-02 1.00000000000000e+05 
5.73688832238281e-02 1.00000000000000e+05 
5.74914956361588e-02 1.00000000000000e+05 
5.76141818433857e-02 1.00000000000000e+05 
5.77369161003602e-02 1.00000000000000e+05 
5.78596414363436e-02 1.00000000000000e+05 
5.79823607786891e-02 1.00000000000000e+05 
5.81051226413379e-02 1.00000000000000e+05 
5.82279963167887e-02 1.00000000000000e+05 
5.83509676194316e-02 1.00000000000000e+05 
5.84740507468535e-02 1.00000000000000e+05 
5.85972068766843e-02 1.00000000000000e+05 
5.87204838713496e-02 1.00000000000000e+05 
5.88442844003138e-02 1.00000000000000e+05 
5.89686668398552e-02 1.00000000000000e+05 
5.90936775925649e-02 1.00000000000000e+05 
5.92193547531583e-02 1.00000000000000e+05 
5.93456461323985e-02 1.00000000000000e+05 
5.94727494003350e-02 1.00000000000000e+05 
5.96007534599115e-02 1.00000000000000e+05 
5.97276792000703e-02 1.00000000000000e+05 
5.98567821790514e-02 1.00000000000000e+05 
5.99839771437679e-02 1.00000000000000e+05 
6.01123533802377e-02 1.00000000000000e+05 
6.02415031240884e-02 1.00000000000000e+05 
6.03707030746428e-02 1.00000000000000e+05 
6.04985409456427e-02 1.00000000000000e+05 
6.06277994275431e-02 1.00000000000000e+05 
6.07557168813418e-02 1.00000000000000e+05 
6.08852806874179e-02 1.00000000000000e+05 
6.10148186508911e-02 1.00000000000000e+05 
6.11444300846456e-02 1.00000000000000e+05 
6.12729920219088e-02 1.00000000000000e+05 
6.14027150806426e-02 1.00000000000000e+05 
6.15324519241370e-02 1.00000000000000e+05 
6.16621909913153e-02 1.00000000000000e+05 
6.17919271217576e-02 1.00000000000000e+05 
6.19216029601688e-02 1.00000000000000e+05 
6.20512705297428e-02 1.00000000000000e+05 
6.21809764623525e-02 1.00000000000000e+05 
6.23107401563171e-02 1.00000000000000e+05 
6.24405128009421e-02 1.00000000000000e+05 
6.25703751171141e-02 1.00000000000000e+05 
6.27003052074085e-02 1.00000000000000e+05 
6.28301519920776e-02 1.00000000000000e+05 
6.29601306038368e-02 1.00000000000000e+05 
6.30900592366536e-02 1.00000000000000e+05 
6.32198300882901e-02 1.00000000000000e+05 
6.33494754083082e-02 1.00000000000000e+05 
6.34790803446554e-02 1.00000000000000e+05 
6.36086316886736e-02 1.00000000000000e+05 
6.37381425791347e-02 1.00000000000000e+05 
6.38676787509942e-02 1.00000000000000e+05 
6.39972991736262e-02 1.00000000000000e+05 
6.41269555006645e-02 1.00000000000000e+05 
6.42567075313090e-02 1.00000000000000e+05 
6.43865685739762e-02 1.00000000000000e+05 
6.45165840663921e-02 1.00000000000000e+05 
6.46467176424872e-02 1.00000000000000e+05 
6.47772123630425e-02 1.00000000000000e+05 
6.49080334846322e-02 1.00000000000000e+05 
6.50391940881834e-02 1.00000000000000e+05 
6.51706340838320e-02 1.00000000000000e+05 
6.53023344062612e-02 1.00000000000000e+05 
6.54342642328151e-02 1.00000000000000e+05 
6.55664842544142e-02 1.00000000000000e+05 
6.56989885849198e-02 1.00000000000000e+05 
6.58317611976189e-02 1.00000000000000e+05 
6.59647813802156e-02 1.00000000000000e+05 
6.60981470980838e-02 1.00000000000000e+05 
6.62319680002990e-02 1.00000000000000e+05 
6.63662866707719e-02 1.00000000000000e+05 
6.65011768562848e-02 1.00000000000000e+05 
6.66367520686267e-02 1.00000000000000e+05 
6.67729537615533e-02 1.00000000000000e+05 
6.69100846125154e-02 1.00000000000000e+05 
6.70481087317332e-02 1.00000000000000e+05 
6.71862245250974e-02 1.00000000000000e+05 
6.73242313184048e-02 1.00000000000000e+05 
6.74621247568271e-02 1.00000000000000e+05 
6.76000168812636e-02 1.00000000000000e+05 
6.77377518417493e-02 1.00000000000000e+05 
6.78753818920911e-02 1.00000000000000e+05 
6.80127931306376e-02 1.00000000000000e+05 
6.81502610563220e-02 1.00000000000000e+05 
6.82879057179310e-02 1.00000000000000e+05 
6.84257318542100e-02 1.00000000000000e+05 
6.85636098913613e-02 1.00000000000000e+05 
6.87015971093404e-02 1.00000000000000e+05 
6.88397708682111e-02 1.00000000000000e+05 
6.89781446736417e-02 1.00000000000000e+05 
6.91166983533752e-02 1.00000000000000e+05 
6.92554697107059e-02 1.00000000000000e+05 
6.93944594015973e-02 1.00000000000000e+05 
6.95337297131995e-02 1.00000000000000e+05 
6.96735277549406e-02 1.00000000000000e+05 
6.98131653205613e-02 1.00000000000000e+05 
6.99527308606456e-02 1.00000000000000e+05 
7.00910064589659e-02 1.00000000000000e+05 
7.02303614825679e-02 1.00000000000000e+05 
7.03696422623078e-02 1.00000000000000e+05 
7.05088362565043e-02 1.00000000000000e+05 
7.06479132904663e-02 1.00000000000000e+05 
7.07869563195016e-02 1.00000000000000e+05 
7.09260366977520e-02 1.00000000000000e+05 
7.10652730830001e-02 1.00000000000000e+05 
7.12046954790833e-02 1.00000000000000e+05 
7.13443619198908e-02 1.00000000000000e+05 
7.14843027347495e-02 1.00000000000000e+05 
7.16244348299995e-02 1.00000000000000e+05 
7.17647891486310e-02 1.00000000000000e+05 
7.19051864102379e-02 1.00000000000000e+05 
7.20456501490742e-02 1.00000000000000e+05 
7.21861429711778e-02 1.00000000000000e+05 
7.23266900980844e-02 1.00000000000000e+05 
7.24672591552616e-02 1.00000000000000e+05 
7.26079312681837e-02 1.00000000000000e+05 
7.27486380115022e-02 1.00000000000000e+05 
7.28893346263813e-02 1.00000000000000e+05 
7.30300883694693e-02 1.00000000000000e+05 
7.31708718994939e-02 1.00000000000000e+05 
7.33116664405418e-02 1.00000000000000e+05 
7.34525571926647e-02 1.00000000000000e+05 
7.35934775951261e-02 1.00000000000000e+05 
7.37344668973567e-02 1.00000000000000e+05 
7.38756175546412e-02 1.00000000000000e+05 
7.40168962184953e-02 1.00000000000000e+05 
7.41584050643263e-02 1.00000000000000e+05 
7.43001344116463e-02 1.00000000000000e+05 
7.44420153516886e-02 1.00000000000000e+05 
7.45842903769231e-02 1.00000000000000e+05 
7.47272377462337e-02 1.00000000000000e+05 
7.48706195639657e-02 1.00000000000000e+05 
7.50145333775268e-02 1.00000000000000e+05 
7.51589250571395e-02 1.00000000000000e+05 
7.53036588843341e-02 1.00000000000000e+05 
7.54487496881186e-02 1.00000000000000e+05 
7.55949682073905e-02 1.00000000000000e+05 
7.57419902053159e-02 1.00000000000000e+05 
7.58896017108076e-02 1.00000000000000e+05 
7.60372547703274e-02 1.00000000000000e+05 
7.61847414624326e-02 1.00000000000000e+05 
7.63298978473637e-02 1.00000000000000e+05 
7.64738142983674e-02 1.00000000000000e+05 
7.66198180292866e-02 1.00000000000000e+05 
7.67641284725339e-02 1.00000000000000e+05 
7.69107979175776e-02 1.00000000000000e+05 
7.70581722404268e-02 1.00000000000000e+05 
7.72041904977167e-02 1.00000000000000e+05 
7.73489104169295e-02 1.00000000000000e+05 
7.74951242795677e-02 1.00000000000000e+05 
7.76400093729919e-02 1.00000000000000e+05 
7.77878064661923e-02 1.00000000000000e+05 
7.79355716421501e-02 1.00000000000000e+05 
7.80823625886021e-02 1.00000000000000e+05 
7.82277886134727e-02 1.00000000000000e+05 
7.83751713642312e-02 1.00000000000000e+05 
7.85212265170375e-02 1.00000000000000e+05 
7.86695396360228e-02 1.00000000000000e+05 
7.88172269353089e-02 1.00000000000000e+05 
7.89655502845698e-02 1.00000000000000e+05 
7.91133039352949e-02 1.00000000000000e+05 
7.92609961307242e-02 1.00000000000000e+05 
7.94087610160735e-02 1.00000000000000e+05 
7.95570718858776e-02 1.00000000000000e+05 
7.97047798020001e-02 1.00000000000000e+05 
7.98530998626161e-02 1.00000000000000e+05 
8.00008570455164e-02 1.00000000000000e+05 
8.01485647976623e-02 1.00000000000000e+05 
8.02963274835657e-02 1.00000000000000e+05 
8.04446215459361e-02 1.00000000000000e+05 
8.05923321622416e-02 1.00000000000000e+05 
8.07406313603659e-02 1.00000000000000e+05 
8.08883850440511e-02 1.00000000000000e+05 
8.10360864823627e-02 1.00000000000000e+05 
8.11838478803881e-02 1.00000000000000e+05 
8.13321240921412e-02 1.00000000000000e+05 
8.14798303917471e-02 1.00000000000000e+05 
8.16281243559936e-02 1.00000000000000e+05 
8.17758959039575e-02 1.00000000000000e+05 
8.19236257342380e-02 1.00000000000000e+05 
8.20714295493410e-02 1.00000000000000e+05 
8.22197543246773e-02 1.00000000000000e+05 
8.23675415209792e-02 1.00000000000000e+05 
8.25159048869869e-02 1.00000000000000e+05 
8.26637631263971e-02 1.00000000000000e+05 
8.28116022304480e-02 1.00000000000000e+05 
8.29595059590704e-02 1.00000000000000e+05 
8.31079283751854e-02 1.00000000000000e+05 
8.32558203292444e-02 1.00000000000000e+05 
8.34042824174431e-02 1.00000000000000e+05 
8.35522321553988e-02 1.00000000000000e+05 
8.37001518306752e-02 1.00000000000000e+05 
8.38481236333912e-02 1.00000000000000e+05 
8.39966026541284e-02 1.00000000000000e+05 
8.41445475543936e-02 1.00000000000000e+05 
8.42930476611148e-02 1.00000000000000e+05 
8.44410427546132e-02 1.00000000000000e+05 
8.45890190200279e-02 1.00000000000000e+05 
8.47370523385615e-02 1.00000000000000e+05 
8.48855936320172e-02 1.00000000000000e+05 
8.50336331791339e-02 1.00000000000000e+05 
8.51822214339690e-02 1.00000000000000e+05 
8.53303226506947e-02 1.00000000000000e+05 
8.54784227496123e-02 1.00000000000000e+05 
8.56265734110487e-02 1.00000000000000e+05 
8.57752251734073e-02 1.00000000000000e+05 
8.59233864434762e-02 1.00000000000000e+05 
8.60720764306070e-02 1.00000000000000e+05 
8.62202835258229e-02 1.00000000000000e+05 
8.63684855290463e-02 1.00000000000000e+05 
8.65167281878560e-02 1.00000000000000e+05 
8.66654605563547e-02 1.00000000000000e+05 
8.68137104895549e-02 1.00000000000000e+05 
8.69624778363779e-02 1.00000000000000e+05 
8.71107680326037e-02 1.00000000000000e+05 
8.72590586633569e-02 1.00000000000000e+05 
8.74073871572124e-02 1.00000000000000e+05 
8.75562009274379e-02 1.00000000000000e+05 
8.77045436583421e-02 1.00000000000000e+05 
8.78533951297962e-02 1.00000000000000e+05 
8.80017773945907e-02 1.00000000000000e+05 
8.81501662996444e-02 1.00000000000000e+05 
8.82985916328037e-02 1.00000000000000e+05 
8.84474996202547e-02 1.00000000000000e+05 
8.85959494813484e-02 1.00000000000000e+05 
8.87449003804183e-02 1.00000000000000e+05 
8.88933904176483e-02 1.00000000000000e+05 
8.90418940838252e-02 1.00000000000000e+05 
8.91904318002543e-02 1.00000000000000e+05 
8.93394478863114e-02 1.00000000000000e+05 
8.94880184145591e-02 1.00000000000000e+05 
8.96370797594207e-02 1.00000000000000e+05 
8.97856890278522e-02 1.00000000000000e+05 
8.99343159095218e-02 1.00000000000000e+05 
9.00829747251844e-02 1.00000000000000e+05 
9.02321040964844e-02 1.00000000000000e+05 
9.03807990569539e-02 1.00000000000000e+05 
9.05299737552758e-02 1.00000000000000e+05 
9.06787048681567e-02 1.00000000000000e+05 
9.08274556249532e-02 1.00000000000000e+05 
9.09762361094698e-02 1.00000000000000e+05 
9.11254793324904e-02 1.00000000000000e+05 
9.12742983316997e-02 1.00000000000000e+05 
9.14235871931543e-02 1.00000000000000e+05 
9.15724402191391e-02 1.00000000000000e+05 
9.17213157877079e-02 1.00000000000000e+05 
9.18702190546454e-02 1.00000000000000e+05 
9.20195789866620e-02 1.00000000000000e+05 
9.21685247661017e-02 1.00000000000000e+05 
9.23179311201177e-02 1.00000000000000e+05 
9.24669099064777e-02 1.00000000000000e+05 
9.26159145765158e-02 1.00000000000000e+05 
9.27649455783536e-02 1.00000000000000e+05 
9.29144256003199e-02 1.00000000000000e+05 
9.30635026740345e-02 1.00000000000000e+05 
9.32130303967720e-02 1.00000000000000e+05 
9.33621415885324e-02 1.00000000000000e+05 
9.35112799183448e-02 1.00000000000000e+05 
9.36604458726035e-02 1.00000000000000e+05 
9.38100518191847e-02 1.00000000000000e+05 
9.39592645239250e-02 1.00000000000000e+05 
9.41089201638906e-02 1.00000000000000e+05 
9.42581695962598e-02 1.00000000000000e+05 
9.44074444217564e-02 1.00000000000000e+05 
9.45567484948593e-02 1.00000000000000e+05 
9.47064840968833e-02 1.00000000000000e+05 
9.48558287014648e-02 1.00000000000000e+05 
9.50056103104395e-02 1.00000000000000e+05 
9.51549897137026e-02 1.00000000000000e+05 
9.53043802518182e-02 1.00000000000000e+05 
9.54538050443713e-02 1.00000000000000e+05 
9.56036559243633e-02 1.00000000000000e+05 
9.57531098207487e-02 1.00000000000000e+05 
9.59030109846886e-02 1.00000000000000e+05 
9.60525083048272e-02 1.00000000000000e+05 
9.62020293547645e-02 1.00000000000000e+05 
9.63515798087872e-02 1.00000000000000e+05 
9.65015652428469e-02 1.00000000000000e+05 
9.66511629999387e-02 1.00000000000000e+05 
9.68011948469791e-02 1.00000000000000e+05 
9.69508205768761e-02 1.00000000000000e+05 
9.71004800005026e-02 1.00000000000000e+05 
9.72501546117937e-02 1.00000000000000e+05 
9.74002562248464e-02 1.00000000000000e+05 
9.75499796085623e-02 1.00000000000000e+05 
9.77001196052773e-02 1.00000000000000e+05 
9.78498594359141e-02 1.00000000000000e+05 
9.79996336391013e-02 1.00000000000000e+05 
9.81494150092895e-02 1.00000000000000e+05 
9.82996103353893e-02 1.00000000000000e+05 
9.84494404430474e-02 1.00000000000000e+05 
9.85939089877130e-02 1.00000000000000e+05 
9.87437606156491e-02 1.00000000000000e+05 
9.88936424914971e-02 1.00000000000000e+05 
9.90435392901119e-02 1.00000000000000e+05 
9.91938463591553e-02 1.00000000000000e+05 
9.93437937398712e-02 1.00000000000000e+05 
9.94941450134630e-02 1.00000000000000e+05 
9.96441196189498e-02 1.00000000000000e+05 
9.97941250408491e-02 1.00000000000000e+05 
9.99441437744325e-02 1.00000000000000e+05 
1.00094554938651e-01 1.00000000000000e+05 
1.00244627304488e-01 1.00000000000000e+05 
1.00395091948589e-01 1.00000000000000e+05 
1.00545203358890e-01 1.00000000000000e+05 
1.00695345550336e-01 1.00000000000000e+05 
1.00845517553370e-01 1.00000000000000e+05 
1.00996108520135e-01 1.00000000000000e+05 
1.01146332079257e-01 1.00000000000000e+05 
1.01296985705304e-01 1.00000000000000e+05 
1.01447247752417e-01 1.00000000000000e+05 
1.01597537343778e-01 1.00000000000000e+05 
1.01747838936245e-01 1.00000000000000e+05 
1.01898555495702e-01 1.00000000000000e+05 
1.02048900683151e-01 1.00000000000000e+05 
1.02199645001764e-01 1.00000000000000e+05 
1.02349994847927e-01 1.00000000000000e+05 
1.02500383144599e-01 1.00000000000000e+05 
1.02650773761277e-01 1.00000000000000e+05 
1.02801567054947e-01 1.00000000000000e+05 
1.02952013553758e-01 1.00000000000000e+05 
1.03102851737821e-01 1.00000000000000e+05 
1.03253313202626e-01 1.00000000000000e+05 
1.03403815008557e-01 1.00000000000000e+05 
1.03554323074260e-01 1.00000000000000e+05 
1.03705232456435e-01 1.00000000000000e+05 
1.03855793549969e-01 1.00000000000000e+05 
1.04006745081561e-01 1.00000000000000e+05 
1.04157317720660e-01 1.00000000000000e+05 
1.04307927589570e-01 1.00000000000000e+05 
1.04458540586877e-01 1.00000000000000e+05 
1.04609551387497e-01 1.00000000000000e+05 
1.04760211366227e-01 1.00000000000000e+05 
1.04911259038458e-01 1.00000000000000e+05 
1.05061923208680e-01 1.00000000000000e+05 
1.05212622365704e-01 1.00000000000000e+05 
1.05363321676899e-01 1.00000000000000e+05 
1.05514416376805e-01 1.00000000000000e+05 
1.05665154610540e-01 1.00000000000000e+05 
1.05816281623971e-01 1.00000000000000e+05 
1.05967022481504e-01 1.00000000000000e+05 
1.06117799402392e-01 1.00000000000000e+05 
1.06268577598753e-01 1.00000000000000e+05 
1.06419758925089e-01 1.00000000000000e+05 
1.06570591300590e-01 1.00000000000000e+05 
1.06721813302023e-01 1.00000000000000e+05 
1.06872647072650e-01 1.00000000000000e+05 
1.07023530511026e-01 1.00000000000000e+05 
1.07174405004657e-01 1.00000000000000e+05 
1.07325681553738e-01 1.00000000000000e+05 
1.07476612951522e-01 1.00000000000000e+05 
1.07627920236152e-01 1.00000000000000e+05 
1.07778837503439e-01 1.00000000000000e+05 
1.07929802202514e-01 1.00000000000000e+05 
1.08080749663818e-01 1.00000000000000e+05 
1.08232090875202e-01 1.00000000000000e+05 
1.08383089760643e-01 1.00000000000000e+05 
1.08534457505515e-01 1.00000000000000e+05 
1.08685438371658e-01 1.00000000000000e+05 
1.08836463694830e-01 1.00000000000000e+05 
1.08987472680550e-01 1.00000000000000e+05 
1.09138870179552e-01 1.00000000000000e+05 
1.09289923730783e-01 1.00000000000000e+05 
1.09441345527637e-01 1.00000000000000e+05 
1.09592381355779e-01 1.00000000000000e+05 
1.09743460331826e-01 1.00000000000000e+05 
1.09894523467816e-01 1.00000000000000e+05 
1.10045976658942e-01 1.00000000000000e+05 
1.10197090408041e-01 1.00000000000000e+05 
1.10348570002018e-01 1.00000000000000e+05 
1.10499663310453e-01 1.00000000000000e+05 
1.10650806045557e-01 1.00000000000000e+05 
1.10801927096996e-01 1.00000000000000e+05 
1.10953436512490e-01 1.00000000000000e+05 
1.11104609139374e-01 1.00000000000000e+05 
1.11256138112974e-01 1.00000000000000e+05 
1.11407281317389e-01 1.00000000000000e+05 
1.11558472850695e-01 1.00000000000000e+05 
1.11709639253738e-01 1.00000000000000e+05 
1.11861176803047e-01 1.00000000000000e+05 
1.12012394567517e-01 1.00000000000000e+05 
1.12163957255826e-01 1.00000000000000e+05 
1.12315154201627e-01 1.00000000000000e+05 
1.12466400321061e-01 1.00000000000000e+05 
1.12617628743554e-01 1.00000000000000e+05 
1.12769245746240e-01 1.00000000000000e+05 
1.12920525863364e-01 1.00000000000000e+05 
1.13072162161674e-01 1.00000000000000e+05 
1.13223410288015e-01 1.00000000000000e+05 
1.13374707611944e-01 1.00000000000000e+05 
1.13525969711583e-01 1.00000000000000e+05 
1.13677602413904e-01 1.00000000000000e+05 
1.13828915009283e-01 1.00000000000000e+05 
1.13980555843899e-01 1.00000000000000e+05 
1.14131823302335e-01 1.00000000000000e+05 
1.14283148092254e-01 1.00000000000000e+05 
1.14434434596305e-01 1.00000000000000e+05 
1.14586085218852e-01 1.00000000000000e+05 
1.14737432684856e-01 1.00000000000000e+05 
1.14889097809939e-01 1.00000000000000e+05 
1.15040397253475e-01 1.00000000000000e+05 
1.15191759412037e-01 1.00000000000000e+05 
1.15343076356189e-01 1.00000000000000e+05 
1.15494749015329e-01 1.00000000000000e+05 
1.15646127735094e-01 1.00000000000000e+05 
1.15797809122181e-01 1.00000000000000e+05 
1.15949132369975e-01 1.00000000000000e+05 
1.16100517415541e-01 1.00000000000000e+05 
1.16251855460530e-01 1.00000000000000e+05 
1.16403537504356e-01 1.00000000000000e+05 
1.16554934673568e-01 1.00000000000000e+05 
1.16706623120898e-01 1.00000000000000e+05 
1.16857963939869e-01 1.00000000000000e+05 
1.17009365407065e-01 1.00000000000000e+05 
1.17160720325284e-01 1.00000000000000e+05 
1.17312400313646e-01 1.00000000000000e+05 
1.17463813116550e-01 1.00000000000000e+05 
1.17615502918925e-01 1.00000000000000e+05 
1.17766865769339e-01 1.00000000000000e+05 
1.17918286842971e-01 1.00000000000000e+05 
1.18069669651718e-01 1.00000000000000e+05 
1.18221386716111e-01 1.00000000000000e+05 
1.18372825425898e-01 1.00000000000000e+05 
1.18524551364401e-01 1.00000000000000e+05 
1.18675938099006e-01 1.00000000000000e+05 
1.18827381698900e-01 1.00000000000000e+05 
1.18978777325302e-01 1.00000000000000e+05 
1.19130493455294e-01 1.00000000000000e+05 
1.19281942920719e-01 1.00000000000000e+05 
1.19433659100801e-01 1.00000000000000e+05 
1.19585048071915e-01 1.00000000000000e+05 
1.19736495750185e-01 1.00000000000000e+05 
1.19887892931841e-01 1.00000000000000e+05 
1.20039603895547e-01 1.00000000000000e+05 
1.20191061488071e-01 1.00000000000000e+05 
1.20342782826468e-01 1.00000000000000e+05 
1.20494187259950e-01 1.00000000000000e+05 
1.20645654335313e-01 1.00000000000000e+05 
1.20797083632576e-01 1.00000000000000e+05 
1.20948834293276e-01 1.00000000000000e+05 
1.21100331129420e-01 1.00000000000000e+05 
1.21252104622269e-01 1.00000000000000e+05 
1.21403564156371e-01 1.00000000000000e+05 
1.21555081670301e-01 1.00000000000000e+05 
1.21706563955605e-01 1.00000000000000e+05 
1.21858361943069e-01 1.00000000000000e+05 
1.22009906404915e-01 1.00000000000000e+05 
1.22161719023353e-01 1.00000000000000e+05 
1.22313221039422e-01 1.00000000000000e+05 
1.22464780310392e-01 1.00000000000000e+05 
1.22616302738182e-01 1.00000000000000e+05 
1.22768129663680e-01 1.00000000000000e+05 
1.22919714605302e-01 1.00000000000000e+05 
1.23071552665066e-01 1.00000000000000e+05 
1.23223093714555e-01 1.00000000000000e+05 
1.23374694214919e-01 1.00000000000000e+05 
1.23526261409167e-01 1.00000000000000e+05 
1.23678135155831e-01 1.00000000000000e+05 
1.23829766170134e-01 1.00000000000000e+05 
1.23981663586459e-01 1.00000000000000e+05 
1.24133259445355e-01 1.00000000000000e+05 
1.24284912697289e-01 1.00000000000000e+05 
1.24436530186712e-01 1.00000000000000e+05 
1.24588451469163e-01 1.00000000000000e+05 
1.24740130956550e-01 1.00000000000000e+05 
1.24892066678358e-01 1.00000000000000e+05 
1.25043704066130e-01 1.00000000000000e+05 
1.25195399515430e-01 1.00000000000000e+05 
1.25347058015674e-01 1.00000000000000e+05 
1.25499016782902e-01 1.00000000000000e+05 
1.25650738095130e-01 1.00000000000000e+05 
1.25802713621800e-01 1.00000000000000e+05 
1.25954394075455e-01 1.00000000000000e+05 
1.26106134161971e-01 1.00000000000000e+05 
1.26257837473479e-01 1.00000000000000e+05 
1.26409840007755e-01 1.00000000000000e+05 
1.26561611599846e-01 1.00000000000000e+05 
1.26713634690035e-01 1.00000000000000e+05 
1.26865366348012e-01 1.00000000000000e+05 
1.27017157414211e-01 1.00000000000000e+05 
1.27168910193615e-01 1.00000000000000e+05 
1.27320952875226e-01 1.00000000000000e+05 
1.27472771904004e-01 1.00000000000000e+05 
1.27624826755250e-01 1.00000000000000e+05 
1.27776603203304e-01 1.00000000000000e+05 
1.27928444384272e-01 1.00000000000000e+05 
1.28080250585319e-01 1.00000000000000e+05 
1.28232337377858e-01 1.00000000000000e+05 
1.28384213164717e-01 1.00000000000000e+05 
1.28536337211723e-01 1.00000000000000e+05 
1.28688189310283e-01 1.00000000000000e+05 
1.28840095910509e-01 1.00000000000000e+05 
1.28991973645088e-01 1.00000000000000e+05 
1.29144153392482e-01 1.00000000000000e+05 
1.29296092233734e-01 1.00000000000000e+05 
1.29448284966020e-01 1.00000000000000e+05 
1.29600180409830e-01 1.00000000000000e+05 
1.29752133260739e-01 1.00000000000000e+05 
1.29904041234141e-01 1.00000000000000e+05 
1.30056234279473e-01 1.00000000000000e+05 
1.30208204346954e-01 1.00000000000000e+05 
1.30360407745414e-01 1.00000000000000e+05 
1.30512327611902e-01 1.00000000000000e+05 
1.30664305819681e-01 1.00000000000000e+05 
1.30816242395653e-01 1.00000000000000e+05 
1.30968462007334e-01 1.00000000000000e+05 
1.31120459545108e-01 1.00000000000000e+05 
1.31272695169685e-01 1.00000000000000e+05 
1.31424652891062e-01 1.00000000000000e+05 
1.31576662815239e-01 1.00000000000000e+05 
1.31728640068633e-01 1.00000000000000e+05 
1.31880900878517e-01 1.00000000000000e+05 
1.32032939910586e-01 1.00000000000000e+05 
1.32185225118518e-01 1.00000000000000e+05 
1.32337234740878e-01 1.00000000000000e+05 
1.32489304386083e-01 1.00000000000000e+05 
1.32641342947412e-01 1.00000000000000e+05 
1.32793672442977e-01 1.00000000000000e+05 
1.32945785154129e-01 1.00000000000000e+05 
1.33098141629751e-01 1.00000000000000e+05 
1.33250221206771e-01 1.00000000000000e+05 
1.33402367282375e-01 1.00000000000000e+05 
1.33554474739443e-01 1.00000000000000e+05 
1.33706869758012e-01 1.00000000000000e+05 
1.33859053909828e-01 1.00000000000000e+05 
1.34011470777174e-01 1.00000000000000e+05 
1.34163612705906e-01 1.00000000000000e+05 
1.34315822571312e-01 1.00000000000000e+05 
1.34467988186604e-01 1.00000000000000e+05 
1.34620435301959e-01 1.00000000000000e+05 
1.34772676715274e-01 1.00000000000000e+05 
1.34925144483937e-01 1.00000000000000e+05 
1.35077342283051e-01 1.00000000000000e+05 
1.35229606450124e-01 1.00000000000000e+05 
1.35381827928777e-01 1.00000000000000e+05 
1.35534325809661e-01 1.00000000000000e+05 
1.35686621337627e-01 1.00000000000000e+05 
1.35839139758000e-01 1.00000000000000e+05 
1.35991392358585e-01 1.00000000000000e+05 
1.36143709163062e-01 1.00000000000000e+05 
1.36295981805276e-01 1.00000000000000e+05 
1.36448526110887e-01 1.00000000000000e+05 
1.36600870275754e-01 1.00000000000000e+05 
1.36753435438442e-01 1.00000000000000e+05 
1.36905738363801e-01 1.00000000000000e+05 
1.37058102495572e-01 1.00000000000000e+05 
1.37210432009120e-01 1.00000000000000e+05 
1.37363037426276e-01 1.00000000000000e+05 
1.37515438165941e-01 1.00000000000000e+05 
1.37668073229494e-01 1.00000000000000e+05 
1.37820447372540e-01 1.00000000000000e+05 
1.37972876932620e-01 1.00000000000000e+05 
1.38125278078945e-01 1.00000000000000e+05 
1.38277954376270e-01 1.00000000000000e+05 
1.38430421654606e-01 1.00000000000000e+05 
1.38583122202876e-01 1.00000000000000e+05 
1.38735560577709e-01 1.00000000000000e+05 
1.38888053509125e-01 1.00000000000000e+05 
1.39040515711600e-01 1.00000000000000e+05 
1.39193251974152e-01 1.00000000000000e+05 
1.39345779889942e-01 1.00000000000000e+05 
1.39498540019400e-01 1.00000000000000e+05 
1.39651036978154e-01 1.00000000000000e+05 
1.39803589277896e-01 1.00000000000000e+05 
1.39956109946060e-01 1.00000000000000e+05 
1.40108905249772e-01 1.00000000000000e+05 
1.40261492212084e-01 1.00000000000000e+05 
1.40414312092140e-01 1.00000000000000e+05 
1.40566868308240e-01 1.00000000000000e+05 
1.40719480400858e-01 1.00000000000000e+05 
1.40872060483374e-01 1.00000000000000e+05 
1.41024915768431e-01 1.00000000000000e+05 
1.41177563184978e-01 1.00000000000000e+05 
1.41330443573917e-01 1.00000000000000e+05 
1.41483060870817e-01 1.00000000000000e+05 
1.41635734634329e-01 1.00000000000000e+05 
1.41788376650136e-01 1.00000000000000e+05 
1.41941294279220e-01 1.00000000000000e+05 
1.42094003399619e-01 1.00000000000000e+05 
1.42246946265406e-01 1.00000000000000e+05 
1.42399625742864e-01 1.00000000000000e+05 
1.42552360739670e-01 1.00000000000000e+05 
1.42705064058082e-01 1.00000000000000e+05 
1.42858043428158e-01 1.00000000000000e+05 
1.43010813282185e-01 1.00000000000000e+05 
1.43163817085833e-01 1.00000000000000e+05 
1.43316556300558e-01 1.00000000000000e+05 
1.43469350984117e-01 1.00000000000000e+05 
1.43622112063383e-01 1.00000000000000e+05 
1.43775149400714e-01 1.00000000000000e+05 
1.43927977983182e-01 1.00000000000000e+05 
1.44081040448147e-01 9.99999999999999e+04 
1.44233838364453e-01 9.99999999999997e+04 
1.44386692323665e-01 9.99999999999994e+04 
1.44539515308270e-01 9.99999999999991e+04 
1.44692617653468e-01 9.99999999999987e+04 
1.44845507635108e-01 9.99999999999983e+04 
1.44998634409568e-01 9.99999999999978e+04 
1.45151493002432e-01 9.99999999999973e+04 
1.45304406983972e-01 9.99999999999968e+04 
1.45457285097909e-01 9.99999999999964e+04 
1.45605658799281e-01 9.99999999999960e+04 
1.45758602244157e-01 9.99999999999957e+04 
1.45911777072985e-01 9.99999999999953e+04 
1.46064683465407e-01 9.99999999999951e+04 
1.46217646876862e-01 9.99999999999949e+04 
1.46370573344928e-01 9.99999999999947e+04 
1.46523776660631e-01 9.99999999999999e+04 
1.46676765890938e-01 1.00000000000001e+05 
1.46829987313543e-01 1.00000000000004e+05 
1.46982940175518e-01 1.00000000000060e+05 
1.47135943912171e-01 1.00000000003939e+05 
1.47288914509070e-01 1.00000000021691e+05 
1.47442162261105e-01 1.00000000062592e+05 
1.47595202551089e-01 1.00000000133468e+05 
1.47748473761765e-01 1.00000000359300e+05 
1.47901483083642e-01 1.00000000768318e+05 
1.48054560572129e-01 1.00000001206637e+05 
1.48207604080790e-01 1.00000001704305e+05 
1.48360929709716e-01 1.00000002166997e+05 
1.48514055942586e-01 1.00000002692805e+05 
1.48667413763140e-01 1.00000003318768e+05 
1.48820507560956e-01 1.00000003939360e+05 
1.48973669158758e-01 1.00000004670012e+05 
1.49126788677238e-01 1.00000005508910e+05 
1.49280189123368e-01 1.00000006456356e+05 
1.49433390284807e-01 1.00000007547210e+05 
1.49586807422090e-01 1.00000008792524e+05 
1.49739962841270e-01 1.00000010190247e+05 
1.49893189446581e-01 1.00000011811727e+05 
1.50046371712598e-01 1.00000013670572e+05 
1.50199824519842e-01 1.00000015845326e+05 
1.50353090304004e-01 1.00000018371892e+05 
1.50506567054690e-01 1.00000021336876e+05 
1.50659794113666e-01 1.00000024831761e+05 
1.50813091078566e-01 1.00000028939862e+05 
1.50966350682768e-01 1.00000033753519e+05 
1.51119879549822e-01 1.00000039440958e+05 
1.51273222604540e-01 1.00000046106972e+05 
1.51426777800465e-01 1.00000053948558e+05 
1.51580085994619e-01 1.00000063255549e+05 
1.51733463597252e-01 1.00000073999596e+05 
1.51886805610259e-01 1.00000086507497e+05 
1.52040416782480e-01 1.00000101165848e+05 
1.52193843449244e-01 1.00000118094106e+05 
1.52347480961140e-01 1.00000137745544e+05 
1.52500873920009e-01 1.00000160643589e+05 
1.52654338529907e-01 1.00000186898908e+05 
1.52807768408124e-01 1.00000216800703e+05 
1.52961465904826e-01 1.00000251338374e+05 
1.53114980325061e-01 1.00000290443550e+05 
1.53268703280774e-01 1.00000335091989e+05 
1.53422185129975e-01 1.00000385959304e+05 
1.53575735594397e-01 1.00000443434279e+05 
1.53729255418691e-01 1.00000507887147e+05 
1.53883044528178e-01 1.00000580886831e+05 
1.54036657126971e-01 1.00000662368439e+05 
1.54190481664735e-01 1.00000753893573e+05 
1.54344069741037e-01 1.00000855354656e+05 
1.54497740786871e-01 1.00000968193082e+05 
1.54651380851875e-01 1.00001093817814e+05 
1.54805293430235e-01 1.00001232502981e+05 
1.54959039917950e-01 1.00001385800170e+05 
1.55112986940669e-01 1.00001554744021e+05 
1.55266702271619e-01 1.00001739994166e+05 
1.55420504405839e-01 1.00001943237608e+05 
1.55574268294593e-01 1.00002166083186e+05 
1.55728296619476e-01 1.00002409670154e+05 
1.55882167665921e-01 1.00002675083511e+05 
1.56036228012453e-01 1.00002963987164e+05 
1.56190064437853e-01 1.00003277103434e+05 
1.56343988287981e-01 1.00003616795506e+05 
1.56497875712800e-01 1.00003984687413e+05 
1.56652021656251e-01 1.00004382997194e+05 
1.56806017119341e-01 1.00004812067073e+05 
1.56960198334845e-01 1.00005275154573e+05 
1.57114164611557e-01 1.00005773295638e+05 
1.57268216814789e-01 1.00006308843625e+05 
1.57422237480856e-01 1.00006883576190e+05 
1.57576512282214e-01 1.00007500549035e+05 
1.57730639253497e-01 1.00008160187833e+05 
1.57884950242257e-01 1.00008866560327e+05 
1.58039050592051e-01 1.00009620213168e+05 
1.58193235367076e-01 1.00010424763422e+05 
1.58347390079874e-01 1.00011282760996e+05 
1.58501796523948e-01 1.00012199024121e+05 
1.58656056884824e-01 1.00013174027653e+05 
1.58810498757065e-01 1.00014213495708e+05 
1.58964732007229e-01 1.00015318108486e+05 
1.59119050269278e-01 1.00016493602640e+05 
1.59273338078300e-01 1.00017744334485e+05 
1.59427876085556e-01 1.00019077352801e+05 
1.59582271195912e-01 1.00020494454979e+05 
1.59736844710468e-01 1.00022004523907e+05 
1.59891212784410e-01 1.00023609980083e+05 
1.60045667162157e-01 1.00025320897615e+05 
1.60200091617182e-01 1.00027145384280e+05 
1.60354763297057e-01 1.00029095696815e+05 
1.60509292745407e-01 1.00031176890213e+05 
1.60663998949161e-01 1.00033403787089e+05 
1.60818503372314e-01 1.00035784705580e+05 
1.60973088150391e-01 1.00038337054501e+05 
1.61127648503454e-01 1.00041070351135e+05 
1.61282456738850e-01 1.00044015722273e+05 
1.61437126080517e-01 1.00047184946926e+05 
1.61591978132638e-01 1.00050605633897e+05 
1.61746632280158e-01 1.00054289466403e+05 
1.61901377964470e-01 1.00058273307897e+05 
1.62056099953638e-01 1.00062590590224e+05 
1.62211073319041e-01 1.00067270502797e+05 
1.62365915541528e-01 1.00072344226312e+05 
1.62520931444791e-01 1.00077852455276e+05 
1.62675751795600e-01 1.00083817744056e+05 
1.62830665741602e-01 1.00090296958208e+05 
1.62985548514937e-01 1.00097340732112e+05 
1.63140675047535e-01 1.00104997739979e+05 
1.63295676199151e-01 1.00113307107815e+05 
1.63450841187911e-01 1.00122329744797e+05 
1.63605815373678e-01 1.00132096391600e+05 
1.63760881823705e-01 1.00142681459590e+05 
1.63915917488583e-01 1.00154146747053e+05 
1.64071191151230e-01 1.00166558666943e+05 
1.64226342607788e-01 1.00179943848268e+05 
1.64381655665865e-01 1.00194380757425e+05 
1.64536783499078e-01 1.00209890836563e+05 
1.64692000076700e-01 1.00226545846212e+05 
1.64847189961854e-01 1.00244390008046e+05 
1.65002613856230e-01 1.00263502710740e+05 
1.65157915452828e-01 1.00283844135864e+05 
1.65313378795427e-01 1.00305485037206e+05 
1.65468659000464e-01 1.00328401371857e+05 
1.65624025125325e-01 1.00352625987311e+05 
1.65779365911315e-01 1.00378160280192e+05 
1.65934939249517e-01 1.00405045975426e+05 
1.66090389537264e-01 1.00433170667150e+05 
1.66246001280181e-01 1.00462554277362e+05 
1.66401429928931e-01 1.00493086063477e+05 
1.66556944529139e-01 1.00524740264319e+05 
1.66712433536928e-01 1.00557439629345e+05 
1.66868154652685e-01 1.00591184747743e+05 
1.67023754782820e-01 1.00625696719194e+05 
1.67179514922430e-01 1.00661084418158e+05 
1.67335094081574e-01 1.00696949139703e+05 
1.67490760264836e-01 1.00733170076981e+05 
1.67646401228507e-01 1.00769856779900e+05 
1.67802273516466e-01 1.00806682808078e+05 
1.67958027074523e-01 1.00843424064000e+05 
1.68113940590082e-01 1.00879925454650e+05 
1.68269675708063e-01 1.00915926592400e+05 
1.68425497331474e-01 1.00951315387987e+05 
1.68581295744347e-01 1.00985928998140e+05 
1.68737325009110e-01 1.01019552743921e+05 
1.68893235558764e-01 1.01051939288225e+05 
1.69049304038514e-01 1.01082913113093e+05 
1.69205165596549e-01 1.01112256125936e+05 
1.69360986736406e-01 1.01139779311507e+05 
1.69516836935123e-01 1.01165474570754e+05 
1.69672886216836e-01 1.01189101978540e+05 
1.69828754863095e-01 1.01210605235167e+05 
1.69984824795619e-01 1.01229882275219e+05 
1.70140699426134e-01 1.01246545322806e+05 
1.70296678342168e-01 1.01260656882720e+05 
1.70452640417613e-01 1.01273035339330e+05 
1.70608876837082e-01 1.01283243121167e+05 
1.70765069793151e-01 1.01290719556388e+05 
1.70921408165659e-01 1.01296155767689e+05 
1.71077557212886e-01 1.01298970275701e+05 
1.71233765293327e-01 1.01300242648599e+05 
1.71389979933191e-01 1.01300671200161e+05 
1.71546446618207e-01 1.01299906401035e+05 
1.71702810148233e-01 1.01298279186917e+05 
1.71859341075292e-01 1.01294491539859e+05 
1.72015690517868e-01 1.01289028412922e+05 
1.72172104485494e-01 1.01281763507531e+05 
1.72328536673393e-01 1.01274287443969e+05 
1.72485219009852e-01 1.01266024573498e+05 
1.72641788832546e-01 1.01256969664160e+05 
1.72798520989531e-01 1.01246887172130e+05 
1.72955075365120e-01 1.01235648488759e+05 
1.73111687750989e-01 1.01223069552267e+05 
1.73268316009295e-01 1.01209570373584e+05 
1.73425180523539e-01 1.01195250181816e+05 
1.73581932025499e-01 1.01180095796250e+05 
1.73738840932773e-01 1.01164073206172e+05 
1.73895576023694e-01 1.01147483969461e+05 
1.74052362389420e-01 1.01130506651186e+05 
1.74209167773968e-01 1.01113366343150e+05 
1.74366207643814e-01 1.01095856517668e+05 
1.74523137835445e-01 1.01077776084975e+05 
1.74680225440937e-01 1.01059175435392e+05 
1.74837138750255e-01 1.01040489531585e+05 
1.74994107006584e-01 1.01021418449824e+05 
1.75151092491154e-01 1.01002400979082e+05 
1.75308316179277e-01 1.00983283638685e+05 
1.75465435128681e-01 1.00963809881913e+05 
1.75622710174298e-01 1.00944101048053e+05 
1.75779811944440e-01 1.00924612551161e+05 
1.75936975469090e-01 1.00904869365598e+05 
1.76094152595344e-01 1.00885326465495e+05 
1.76251569744572e-01 1.00866200136186e+05 
1.76408889910453e-01 1.00846958831166e+05 
1.76566363158658e-01 1.00827746085511e+05 
1.76723665074828e-01 1.00809067398435e+05 
1.76881034586608e-01 1.00790328227661e+05 
1.77038412661202e-01 1.00772039798027e+05 
1.77196031677265e-01 1.00754630817501e+05 
1.77353558087905e-01 1.00737100565682e+05 
1.77511236380500e-01 1.00719698423605e+05 
1.77668742699234e-01 1.00703183258532e+05 
1.77826322977862e-01 1.00686748858462e+05 
1.77983907214446e-01 1.00670308780449e+05 
1.78141719911336e-01 1.00654166246281e+05 
1.78299459201696e-01 1.00637961220665e+05 
1.78456679096428e-01 1.00621743011015e+05 
1.78614399504698e-01 1.00606078670587e+05 
1.78772198033636e-01 1.00590465235116e+05 
1.78929997816141e-01 1.00574750534333e+05 
1.79087829756359e-01 1.00559609335325e+05 
1.79245680741183e-01 1.00543961883868e+05 
1.79403452715880e-01 1.00528160166551e+05 
1.79561138091432e-01 1.00512668703916e+05 
1.79718812753794e-01 1.00497467162281e+05 
1.79876517667017e-01 1.00482260426976e+05 
1.80034323411675e-01 1.00467340421454e+05 
1.80192220700874e-01 1.00452312510645e+05 
1.80350132264424e-01 1.00437034897218e+05 
1.80508068634908e-01 1.00422015034221e+05 
1.80666037156464e-01 1.00407103601532e+05 
1.80824004537179e-01 1.00392414018034e+05 
1.80981989119596e-01 1.00377934310079e+05 
1.81139994985519e-01 1.00363276016579e+05 
1.81297973102068e-01 1.00348236111568e+05 
1.81454185150617e-01 1.00333775031599e+05 
1.81612213452356e-01 1.00319034692827e+05 
1.81770251681146e-01 1.00303730801496e+05 
1.81916038105267e-01 1.00290179984361e+05 
1.82074130611078e-01 1.00274630041405e+05 
1.82232201177850e-01 1.00258708184993e+05 
1.82390283491313e-01 1.00243335297199e+05 
1.82548346235033e-01 1.00227681391785e+05 
1.82706324536342e-01 1.00211596284431e+05 
1.82864261220078e-01 1.00195872774348e+05 
1.83022098143118e-01 1.00179997686701e+05 
1.83179762174475e-01 1.00163913062338e+05 
1.83337376582976e-01 1.00148104582836e+05 
1.83495120221813e-01 1.00132503078544e+05 
1.83653068311757e-01 1.00117094844582e+05 
1.83811251488373e-01 1.00102139853343e+05 
1.83969616396269e-01 1.00087259168526e+05 
1.84128071415836e-01 1.00072365193918e+05 
1.84286597958316e-01 1.00057911826273e+05 
1.84445148127808e-01 1.00044125041377e+05 
1.84603668996594e-01 1.00030275950086e+05 
1.84762159605791e-01 1.00017499026280e+05 
1.84920665349142e-01 1.00004311127157e+05 
1.85079128954260e-01 9.99914921714022e+04 
1.85237601600492e-01 9.99791606586836e+04 
1.85396089326286e-01 9.99669522742349e+04 
1.85554561013814e-01 9.99548203115911e+04 
1.85713015539475e-01 9.99432990689681e+04 
1.85871497031912e-01 9.99317788934267e+04 
1.86029943900539e-01 9.99203101209247e+04 
1.86188415524103e-01 9.99092077462727e+04 
1.86346924323302e-01 9.98982288914752e+04 
1.86505438764365e-01 9.98873449621110e+04 
1.86663944011271e-01 9.98770144173022e+04 
1.86822493271939e-01 9.98667037409684e+04 
1.86981012954591e-01 9.98565179674436e+04 
1.87139562391486e-01 9.98467587135165e+04 
1.87298162874579e-01 9.98372631372531e+04 
1.87456780100337e-01 9.98279633959510e+04 
1.87615380476817e-01 9.98194015993187e+04 
1.87774027736576e-01 9.98110510462674e+04 
1.87932634503514e-01 9.98030313970270e+04 
1.88091253589758e-01 9.97955756484364e+04 
1.88249922230092e-01 9.97885153453222e+04 
1.88408605036219e-01 9.97816739800746e+04 
1.88567283745993e-01 9.97756140281140e+04 
1.88725988879830e-01 9.97697971360033e+04 
1.88884649853743e-01 9.97643255805164e+04 
1.89043320835229e-01 9.97593947712502e+04 
1.89202039546275e-01 9.97547370176392e+04 
1.89360770397263e-01 9.97501581952471e+04 
1.89519498868247e-01 9.97461263430616e+04 
1.89678246663662e-01 9.97421746065339e+04 
1.89836947670304e-01 9.97383353899256e+04 
1.89995657713634e-01 9.97346459256967e+04 
1.90154415054343e-01 9.97310485165877e+04 
1.90313183088731e-01 9.97271793946036e+04 
1.90471941763197e-01 9.97238649450037e+04 
1.90630716555769e-01 9.97207054800057e+04 
1.90789438572844e-01 9.97175187819053e+04 
1.90948167677468e-01 9.97142005161995e+04 
1.91106943070083e-01 9.97110921006143e+04 
1.91265728654726e-01 9.97081668722129e+04 
1.91424498693229e-01 9.97052672200858e+04 
1.91583285046142e-01 9.97023628042286e+04 
1.91742014880242e-01 9.96997339345648e+04 
1.91900753084740e-01 9.96971268979812e+04 
1.92059540224379e-01 9.96946762375495e+04 
1.92218338624962e-01 9.96922115895297e+04 
1.92377116658534e-01 9.96896663539722e+04 
1.92535913438211e-01 9.96872492307310e+04 
1.92694652381744e-01 9.96847584777167e+04 
1.92853403530097e-01 9.96821768311450e+04 
1.93012207084404e-01 9.96794584060848e+04 
1.93171024781480e-01 9.96770582371215e+04 
1.93329819292898e-01 9.96746546353785e+04 
1.93488636743886e-01 9.96727613586252e+04 
1.93647397360236e-01 9.96707807894401e+04 
1.93806174245086e-01 9.96684959507491e+04 
1.93964987443554e-01 9.96662303348622e+04 
1.94123804636497e-01 9.96638970022014e+04 
1.94282609633703e-01 9.96614137177092e+04 
1.94441444152674e-01 9.96590238745351e+04 
1.94600238942405e-01 9.96566665928163e+04 
1.94759050212695e-01 9.96540574959725e+04 
1.94917873357894e-01 9.96514083473996e+04 
1.95076702490938e-01 9.96485371088423e+04 
1.95235520145486e-01 9.96454517430893e+04 
1.95394369983110e-01 9.96424647337631e+04 
1.95553183110540e-01 9.96395483916392e+04 
1.95712013940753e-01 9.96364457556266e+04 
1.95870858560694e-01 9.96333358505790e+04 
1.96029710012829e-01 9.96302828718670e+04 
1.96188550244051e-01 9.96271166172854e+04 
1.96347424535035e-01 9.96240613362650e+04 
1.96506262684438e-01 9.96211217493055e+04 
1.96665121335926e-01 9.96182359201022e+04 
1.96823995841927e-01 9.96154422655984e+04 
1.96982878628744e-01 9.96125916703464e+04 
1.97141750766870e-01 9.96099417918676e+04 
1.97300658774941e-01 9.96071701546001e+04 
1.97459531502859e-01 9.96043271064399e+04 
1.97618427144434e-01 9.96012698166635e+04 
1.97777340099414e-01 9.95983433052882e+04 
1.97936262223516e-01 9.95952745093204e+04 
1.98095174037008e-01 9.95920454209558e+04 
1.98254122939142e-01 9.95891487250497e+04 
1.98413037039016e-01 9.95867812807500e+04 
1.98571974989415e-01 9.95846624160854e+04 
1.98730931873272e-01 9.95826522389425e+04 
1.98889898294049e-01 9.95803903396115e+04 
1.99048854624601e-01 9.95782095272912e+04 
1.99207849136230e-01 9.95762136944995e+04 
1.99366809306713e-01 9.95746129828917e+04 
1.99525793813430e-01 9.95732552672825e+04 
1.99684798884179e-01 9.95722959776881e+04 
1.99843813768367e-01 9.95714227406977e+04 
2.00002818838205e-01 9.95707977786519e+04 
2.00161863499389e-01 9.95705911750448e+04 
