# Liste des scalaires : TEMPS pmat 
0.00000000000000e+00 1.00000000000000e+05 
5.42217668469038e-05 1.00000000000000e+05 
9.47013154594655e-05 1.00000000000000e+05 
1.36618743703745e-04 1.00000000000000e+05 
1.80065948583187e-04 1.00000000000000e+05 
2.21861721461323e-04 1.00000000000000e+05 
2.64794549753354e-04 1.00000000000000e+05 
3.08919643102852e-04 1.00000000000000e+05 
3.53374859762004e-04 1.00000000000000e+05 
3.98479335035462e-04 1.00000000000000e+05 
4.43847748826438e-04 1.00000000000000e+05 
4.90242158868543e-04 1.00000000000000e+05 
5.37667373642468e-04 1.00000000000000e+05 
5.86302296844677e-04 1.00000000000000e+05 
6.35540051504396e-04 1.00000000000000e+05 
6.85128210803187e-04 1.00000000000000e+05 
7.35897917502170e-04 1.00000000000000e+05 
7.87767922568058e-04 1.00000000000000e+05 
8.40715729440847e-04 1.00000000000000e+05 
8.94558259007537e-04 1.00000000000000e+05 
9.49647354782874e-04 1.00000000000000e+05 
1.00573285766124e-03 1.00000000000000e+05 
1.06341213294356e-03 1.00000000000000e+05 
1.12278597825669e-03 1.00000000000000e+05 
1.18347813239932e-03 1.00000000000000e+05 
1.24621579670724e-03 1.00000000000000e+05 
1.30995256758509e-03 1.00000000000000e+05 
1.37514815572226e-03 1.00000000000000e+05 
1.44232349110051e-03 1.00000000000000e+05 
1.51036541673813e-03 1.00000000000000e+05 
1.57930839421555e-03 1.00000000000000e+05 
1.64930081733253e-03 1.00000000000000e+05 
1.71974542170710e-03 1.00000000000000e+05 
1.79298353661933e-03 1.00000000000000e+05 
1.86677808940399e-03 1.00000000000000e+05 
1.94264024595455e-03 1.00000000000000e+05 
2.01940745199116e-03 1.00000000000000e+05 
2.09722579708342e-03 1.00000000000000e+05 
2.17628610074183e-03 1.00000000000000e+05 
2.25676955595862e-03 1.00000000000000e+05 
2.33880342474315e-03 1.00000000000000e+05 
2.42233242805088e-03 1.00000000000000e+05 
2.50774237784731e-03 1.00000000000000e+05 
2.59432370201640e-03 1.00000000000000e+05 
2.68110500403718e-03 1.00000000000000e+05 
2.76909115969266e-03 1.00000000000000e+05 
2.85834817884147e-03 1.00000000000000e+05 
2.94895602026004e-03 1.00000000000000e+05 
3.04101460232835e-03 1.00000000000000e+05 
3.13469586352108e-03 1.00000000000000e+05 
3.23016845746714e-03 1.00000000000000e+05 
3.32754111902453e-03 1.00000000000000e+05 
3.42525215284611e-03 1.00000000000000e+05 
3.52581780372499e-03 1.00000000000000e+05 
3.62726035330025e-03 1.00000000000484e+05 
3.72951138470941e-03 1.01362813252367e+05 
3.83032190832150e-03 1.06449393653861e+05 
3.93373983149469e-03 1.18186987099903e+05 
4.03872752687095e-03 1.37803226877242e+05 
4.14512061222381e-03 1.62789254214089e+05 
4.25232378728963e-03 1.93562364974028e+05 
4.36109518805653e-03 2.21946161732924e+05 
4.47105032495924e-03 2.39855796242524e+05 
4.58197331789226e-03 2.47120167321569e+05 
4.69143979836278e-03 2.46729238880664e+05 
4.79887683068249e-03 2.43687690762746e+05 
4.90635340679535e-03 2.39490717979912e+05 
5.01808322963644e-03 2.31841404754174e+05 
5.12437395621218e-03 2.23081495998498e+05 
5.23046071325654e-03 2.12764811800562e+05 
5.33649152737331e-03 2.01149945369948e+05 
5.44268186815885e-03 1.89900326202075e+05 
5.54915779535678e-03 1.79235374357892e+05 
5.65618382355348e-03 1.69309497940024e+05 
5.76168813206292e-03 1.60484297437863e+05 
5.86599058232204e-03 1.52787178094660e+05 
5.96945956684379e-03 1.46157265259660e+05 
6.07259119058401e-03 1.40471786484353e+05 
6.17561686595744e-03 1.35540691594791e+05 
6.27886015600228e-03 1.31223107489769e+05 
6.38219138524956e-03 1.27413099475689e+05 
6.48546816909862e-03 1.24059006532469e+05 
6.58901333832962e-03 1.21084483724596e+05 
6.69310849544727e-03 1.18433742312538e+05 
6.79785793908286e-03 1.16017368375423e+05 
6.90282671849912e-03 1.13797628361749e+05 
7.00817199040725e-03 1.11738399751752e+05 
7.11413404123612e-03 1.09807249977819e+05 
7.22054266826832e-03 1.07981067340001e+05 
7.32794870946807e-03 1.06228717980072e+05 
7.43632778332308e-03 1.04538624577463e+05 
7.54504306345393e-03 1.02927306842714e+05 
7.65368994243730e-03 1.01373568807334e+05 
7.76225814859628e-03 9.98707162913825e+04 
7.87088712759929e-03 9.84281129251583e+04 
7.97968468214791e-03 9.70358276062028e+04 
8.08870834374388e-03 9.56988479452373e+04 
8.19831287635696e-03 9.44269627721189e+04 
8.30719933769789e-03 9.32047565639054e+04 
8.41633597427576e-03 9.20361397884905e+04 
8.52576106600504e-03 9.09040547660076e+04 
8.63548597623236e-03 8.98083700421639e+04 
8.74533335442370e-03 8.87578346533676e+04 
8.85548063732654e-03 8.77768949155753e+04 
8.96583903994833e-03 8.68201425868991e+04 
9.07642110757905e-03 8.59162853986200e+04 
9.18719014399938e-03 8.50480777135581e+04 
9.29814330594524e-03 8.42149918663403e+04 
9.40928920420207e-03 8.34241528575632e+04 
9.52060869008082e-03 8.26862471097519e+04 
9.63205491485743e-03 8.19952599880246e+04 
9.74364346183057e-03 8.13512686712492e+04 
9.85534009435389e-03 8.07615669199080e+04 
9.96716328610269e-03 8.01861865416546e+04 
1.00790994452360e-02 7.96962417167905e+04 
1.01911411036946e-02 7.92888139845535e+04 
1.03032016647498e-02 7.89564982737479e+04 
1.04152903121835e-02 7.87547216500847e+04 
1.05273932467695e-02 7.85826726191709e+04 
1.06395291986239e-02 7.83968334184004e+04 
1.07516975822690e-02 7.82843883919583e+04 
1.08644712858958e-02 7.82455810190031e+04 
1.09767319590320e-02 7.82636546235650e+04 
1.10889897068556e-02 7.83197944576397e+04 
1.12013219944839e-02 7.84522620323066e+04 
1.13132342707656e-02 7.86638175654559e+04 
1.14252411200257e-02 7.89392882777535e+04 
1.15371601806404e-02 7.92481029077162e+04 
1.16491843143506e-02 7.95751682957646e+04 
1.17613568086921e-02 7.99445593387892e+04 
1.18735297389037e-02 8.03601092343286e+04 
1.19857183489412e-02 8.07988334723159e+04 
1.20979491915045e-02 8.12864603845992e+04 
1.22101829099035e-02 8.18212813649316e+04 
1.23224117363749e-02 8.23861206081757e+04 
1.24346317559083e-02 8.29861300153639e+04 
1.25467899005562e-02 8.36465055233721e+04 
1.26588903763847e-02 8.42597090386818e+04 
1.27710103324193e-02 8.48275455218311e+04 
1.28831312180180e-02 8.53684890234558e+04 
1.29952723091499e-02 8.58517227968512e+04 
1.31068854942092e-02 8.62826778131160e+04 
1.32185134116661e-02 8.66781790698162e+04 
1.33301697151155e-02 8.69899948450201e+04 
1.34418114568635e-02 8.72161387091931e+04 
1.35534127404741e-02 8.73628283023338e+04 
1.36649928096540e-02 8.74760417106682e+04 
1.37765273308045e-02 8.75643856362683e+04 
1.38880389791486e-02 8.75640170045157e+04 
1.39995036045648e-02 8.75388431240526e+04 
1.41109423359414e-02 8.75004226604086e+04 
1.42223681387964e-02 8.74317063242780e+04 
1.43338603731558e-02 8.73380124698628e+04 
1.44452111709209e-02 8.72299553384503e+04 
1.45555794534736e-02 8.70996968564628e+04 
1.46673489445794e-02 8.69295737584415e+04 
1.47792000886254e-02 8.67562694653089e+04 
1.48910562559524e-02 8.65913335058758e+04 
1.50020039642825e-02 8.64292274055615e+04 
1.51137799646266e-02 8.62568933244234e+04 
1.52255749930453e-02 8.60859386025559e+04 
1.53374860867237e-02 8.58954626069027e+04 
1.54494248239333e-02 8.56998329116650e+04 
1.55615049791861e-02 8.55644436602008e+04 
1.56736022763932e-02 8.54413431295158e+04 
1.57858140655895e-02 8.53412873129572e+04 
1.58980854263001e-02 8.52456081742442e+04 
1.60104641656513e-02 8.51475552953267e+04 
1.61228620623734e-02 8.50332710089039e+04 
1.62353644275738e-02 8.49621283553031e+04 
1.63459866875813e-02 8.49106702416520e+04 
1.64585824572260e-02 8.48974782583568e+04 
1.65691417680199e-02 8.48850126121935e+04 
1.66805951041584e-02 8.48681801012877e+04 
1.67920407493308e-02 8.48541144287982e+04 
1.69035075644864e-02 8.48625578340974e+04 
1.70138461335054e-02 8.48719051550385e+04 
1.71252479641980e-02 8.48957639727439e+04 
1.72356913413083e-02 8.49195692707797e+04 
1.73471732480248e-02 8.49502339421786e+04 
1.74587687058533e-02 8.49828021948015e+04 
1.75704626678738e-02 8.50283167896274e+04 
1.76814659021127e-02 8.50858569943973e+04 
1.77933035875161e-02 8.51505113742247e+04 
1.79047030182054e-02 8.52147062974976e+04 
1.80165501933570e-02 8.52842697867737e+04 
1.81283858776165e-02 8.53588552208366e+04 
1.82402096505751e-02 8.54448751443418e+04 
1.83507345983052e-02 8.55366962438949e+04 
1.84615069925145e-02 8.56410044840950e+04 
1.85721420114621e-02 8.57487583512115e+04 
1.86836873089777e-02 8.58637460779852e+04 
1.87935444885868e-02 8.59869494126016e+04 
1.89032631240485e-02 8.61256469034099e+04 
1.90128114078062e-02 8.62743343704510e+04 
1.91221989307956e-02 8.64363849015172e+04 
1.92314987446166e-02 8.65985544319898e+04 
1.93407139213612e-02 8.67556794718822e+04 
1.94498757333685e-02 8.69129111045339e+04 
1.95590809509132e-02 8.70794206346427e+04 
1.96682866603000e-02 8.72403936661830e+04 
1.97775086970934e-02 8.74063992972621e+04 
1.98867522365465e-02 8.75659041915947e+04 
1.99961729010672e-02 8.77244712245634e+04 
2.01057896381025e-02 8.78818375714772e+04 
2.02156460619609e-02 8.80493572636088e+04 
2.03256702880690e-02 8.82119576232328e+04 
2.04358298782273e-02 8.83755456535499e+04 
2.05461253936808e-02 8.85325297092414e+04 
2.06565060660045e-02 8.86859075731840e+04 
2.07670971972888e-02 8.88384737540470e+04 
2.08778050688643e-02 8.89962664312708e+04 
2.09884259145898e-02 8.91480837376223e+04 
2.10989706446662e-02 8.92992335790028e+04 
2.12095055211209e-02 8.94437323604009e+04 
2.13200478972442e-02 8.95834566100576e+04 
2.14305621796733e-02 8.97215983805933e+04 
2.15411363330596e-02 8.98630588691914e+04 
2.16517110882720e-02 8.99977695531214e+04 
2.17623119439755e-02 9.01338637937781e+04 
2.18729868827008e-02 9.02639421419278e+04 
2.19837689663140e-02 9.03867371411613e+04 
2.20946350523258e-02 9.05080244484580e+04 
2.22056507810430e-02 9.06321063910598e+04 
2.23167483864674e-02 9.07488463197760e+04 
2.24279848419235e-02 9.08675994966668e+04 
2.25393740030438e-02 9.09764693595913e+04 
2.26508263515756e-02 9.10798646724157e+04 
2.27623752469249e-02 9.11852915430200e+04 
2.28740460389886e-02 9.13007710560915e+04 
2.29856082814601e-02 9.14108543049851e+04 
2.30970887886929e-02 9.15237763963148e+04 
2.32085638753344e-02 9.16325793760156e+04 
2.33177239553076e-02 9.17353322869085e+04 
2.34267539486927e-02 9.18403678938404e+04 
2.35357837602242e-02 9.19501720359464e+04 
2.36448986056766e-02 9.20560470841767e+04 
2.37540637846859e-02 9.21648784653510e+04 
2.38632902807345e-02 9.22697792568249e+04 
2.39724682173832e-02 9.23713193812169e+04 
2.40815994521606e-02 9.24736478318887e+04 
2.41908966962394e-02 9.25807501057010e+04 
2.43004155481434e-02 9.26831013607365e+04 
2.44101910085759e-02 9.27880056577161e+04 
2.45202786788117e-02 9.28871453421373e+04 
2.46305829371362e-02 9.29833670342047e+04 
2.47410226845006e-02 9.30772965225606e+04 
2.48516242730643e-02 9.31830343022545e+04 
2.49623632778823e-02 9.32806623744493e+04 
2.50732023731723e-02 9.33814283424843e+04 
2.51841725151076e-02 9.34761643227391e+04 
2.52952448334750e-02 9.35694711441023e+04 
2.54064524962162e-02 9.36644164232968e+04 
2.55177652416369e-02 9.37679090059234e+04 
2.56272827115662e-02 9.38610092858435e+04 
2.57379061642462e-02 9.39613028799333e+04 
2.58475956031171e-02 9.40542471526917e+04 
2.59588272818724e-02 9.41410016481309e+04 
2.60700115577766e-02 9.42343440122069e+04 
2.61812039767837e-02 9.43262525347020e+04 
2.62912195507008e-02 9.44128105526182e+04 
2.64024160479491e-02 9.45109120969092e+04 
2.65126455635938e-02 9.46007204428494e+04 
2.66238350880194e-02 9.46899770501478e+04 
2.67350304652207e-02 9.47800402506948e+04 
2.68462109211192e-02 9.48618298207308e+04 
2.69568431312574e-02 9.49419944376662e+04 
2.70681044138739e-02 9.50254959145084e+04 
2.71793867704890e-02 9.51151395682520e+04 
2.72907093200835e-02 9.52003783953986e+04 
2.74021082825289e-02 9.52774229986241e+04 
2.75135755680320e-02 9.53517076186448e+04 
2.76251406907694e-02 9.54224826430872e+04 
2.77368580250646e-02 9.54947951428111e+04 
2.78487261193610e-02 9.55754439732140e+04 
2.79607574318595e-02 9.56412853844851e+04 
2.80729718246703e-02 9.57071648304610e+04 
2.81853583528448e-02 9.57699413841802e+04 
2.82979234367835e-02 9.58299696596278e+04 
2.84107032259653e-02 9.58924863732964e+04 
2.85236890240703e-02 9.59649722871796e+04 
2.86368261926113e-02 9.60214427993817e+04 
2.87500923201617e-02 9.60785619823880e+04 
2.88634992223010e-02 9.61332137385944e+04 
2.89770731813417e-02 9.61852998399111e+04 
2.90907917879747e-02 9.62407033440306e+04 
2.92036309439309e-02 9.63066883174451e+04 
2.93163991689822e-02 9.63564029425479e+04 
2.94291295140174e-02 9.64076704716115e+04 
2.95417880649679e-02 9.64572642163215e+04 
2.96544354133616e-02 9.65059635147539e+04 
2.97667723775534e-02 9.65588847855905e+04 
2.98784837526530e-02 9.66213808184386e+04 
2.99909233149780e-02 9.66731091962447e+04 
3.01032754256520e-02 9.67272908586316e+04 
3.02156248513106e-02 9.67846468106936e+04 
3.03280400213373e-02 9.68433142995797e+04 
3.04404796580561e-02 9.69080766173126e+04 
3.05529852327082e-02 9.69769000021238e+04 
3.06654982727803e-02 9.70452084511561e+04 
3.07780405818135e-02 9.71173641516321e+04 
3.08905727918241e-02 9.71897896361505e+04 
3.10031575783421e-02 9.72650986067839e+04 
3.11158190712420e-02 9.73472035497713e+04 
3.12242763988082e-02 9.74319992525875e+04 
3.13337790893785e-02 9.75198271342718e+04 
3.14444300288051e-02 9.76139613018370e+04 
3.15552150055627e-02 9.77124778854350e+04 
3.16640573002453e-02 9.78135882570456e+04 
3.17737932206439e-02 9.79229207349864e+04 
3.18826148298506e-02 9.80378202904162e+04 
3.19923857245507e-02 9.81582704240422e+04 
3.21032654505622e-02 9.82860260071129e+04 
3.22142841770516e-02 9.84086002100742e+04 
3.23232528354900e-02 9.85354085603900e+04 
3.24331639853750e-02 9.86629466911496e+04 
3.25421337337203e-02 9.87855240663058e+04 
3.26524395451972e-02 9.89096043529565e+04 
3.27640310252069e-02 9.90240241676775e+04 
3.28757027649400e-02 9.91452700630951e+04 
3.29849554740840e-02 9.92580835918893e+04 
3.30953281510795e-02 9.93727545765803e+04 
3.32047186741894e-02 9.94885968483668e+04 
3.33157334338715e-02 9.96091629131507e+04 
3.34282078305250e-02 9.97377566776258e+04 
3.35408474068532e-02 9.98743027596110e+04 
3.36508764952063e-02 1.00013137122890e+05 
3.37624180066747e-02 1.00160945541048e+05 
3.38728805359419e-02 1.00312882709844e+05 
3.39851806584929e-02 1.00469095879846e+05 
3.40994582580311e-02 1.00632450602772e+05 
3.42137526883237e-02 1.00808774626694e+05 
3.43255000788283e-02 1.00978138343326e+05 
3.44395903273049e-02 1.01157069962227e+05 
3.45523724942662e-02 1.01346124177504e+05 
3.46667495414878e-02 1.01541170009236e+05 
3.47812382272800e-02 1.01735689489891e+05 
3.48956049969077e-02 1.01925460353200e+05 
3.50101088591353e-02 1.02114971479868e+05 
3.51246424810363e-02 1.02298625497177e+05 
3.52391521725703e-02 1.02477309130490e+05 
3.53535402013759e-02 1.02643005906008e+05 
3.54680330621206e-02 1.02798249692701e+05 
3.55823494769707e-02 1.02934192802650e+05 
3.56968231455390e-02 1.03054265987777e+05 
3.58112502109084e-02 1.03156609158484e+05 
3.59256343576980e-02 1.03247699239361e+05 
3.60399063159745e-02 1.03321867755606e+05 
3.61543650971920e-02 1.03394413106793e+05 
3.62687644076657e-02 1.03447312080810e+05 
3.63834297478711e-02 1.03479708665322e+05 
3.64981547101959e-02 1.03496947488083e+05 
3.66128988862907e-02 1.03500895322036e+05 
3.67275444321053e-02 1.03492881870305e+05 
3.68423438865080e-02 1.03475945618705e+05 
3.69570287609669e-02 1.03451835172458e+05 
3.70719220352166e-02 1.03412978688464e+05 
3.71868080391150e-02 1.03370012251597e+05 
3.73016918931072e-02 1.03339871791689e+05 
3.74164728168747e-02 1.03299969576899e+05 
3.75313650248072e-02 1.03262557522171e+05 
3.76461838721100e-02 1.03220393348587e+05 
3.77611745772331e-02 1.03174837221087e+05 
3.78761526394351e-02 1.03130231128183e+05 
3.79911371739379e-02 1.03087257206757e+05 
3.81060808103337e-02 1.03040347623059e+05 
3.82210617182279e-02 1.02985365750241e+05 
3.83360421672930e-02 1.02923331530783e+05 
3.84511579745127e-02 1.02852606931521e+05 
3.85651718638338e-02 1.02774580751076e+05 
3.86782451467193e-02 1.02695197561496e+05 
3.87936726680690e-02 1.02608990591199e+05 
3.89093871588251e-02 1.02521089822935e+05 
3.90253941996027e-02 1.02421624648832e+05 
3.91395218943377e-02 1.02322118269783e+05 
3.92552725159361e-02 1.02219326830242e+05 
3.93701452330138e-02 1.02118417263323e+05 
3.94869220718197e-02 1.02012236029754e+05 
3.96040985342466e-02 1.01900217297204e+05 
3.97215295865764e-02 1.01787814814557e+05 
3.98376789552011e-02 1.01675480716325e+05 
3.99557300174958e-02 1.01562756521759e+05 
4.00726964298614e-02 1.01458258670380e+05 
4.01915215676329e-02 1.01355872448183e+05 
4.03108094285044e-02 1.01256125772749e+05 
4.04306948445287e-02 1.01158925291793e+05 
4.05499284199484e-02 1.01069610043931e+05 
4.06712279974200e-02 1.00984851970715e+05 
4.07917028732824e-02 1.00913193034031e+05 
4.09150009000331e-02 1.00847136757900e+05 
4.10396301608838e-02 1.00786617975169e+05 
4.11644455226401e-02 1.00726764001694e+05 
4.12754005579768e-02 1.00680306274645e+05 
4.13876709554512e-02 1.00640532506062e+05 
4.14993353749953e-02 1.00609006119756e+05 
4.16130674243041e-02 1.00582649635156e+05 
4.17287868086741e-02 1.00559027365572e+05 
4.18449183026301e-02 1.00534900270193e+05 
4.19584275918632e-02 1.00513016733029e+05 
4.20739876362189e-02 1.00491574332127e+05 
4.21885505519698e-02 1.00472387792821e+05 
4.23055232079147e-02 1.00452196967861e+05 
4.24252247468772e-02 1.00430497870625e+05 
4.25461420690326e-02 1.00404708090620e+05 
4.26633514758371e-02 1.00379329282475e+05 
4.27882713655234e-02 1.00352746573531e+05 
4.29069527373560e-02 1.00328088418895e+05 
4.30316625414285e-02 1.00301125982829e+05 
4.31564849792357e-02 1.00272350933851e+05 
4.32795021613309e-02 1.00239984147742e+05 
4.34000210251778e-02 1.00207774142611e+05 
4.35246629337460e-02 1.00173808074757e+05 
4.36453984512834e-02 1.00142713144229e+05 
4.37704250628239e-02 1.00108656318095e+05 
4.38944180248356e-02 1.00076291917758e+05 
4.40187560379970e-02 1.00041458736785e+05 
4.41403591488017e-02 1.00008829560647e+05 
4.42637600555599e-02 9.99784263519477e+04 
4.43858790922417e-02 9.99531356840080e+04 
4.45118699409292e-02 9.99276565462028e+04 
4.46378465730270e-02 9.99048316720541e+04 
4.47637913888937e-02 9.98795199566621e+04 
4.48871156225319e-02 9.98574639692015e+04 
4.50130700406748e-02 9.98389453913738e+04 
4.51370309483891e-02 9.98260139893679e+04 
4.52629404186456e-02 9.98122652304901e+04 
4.53888975283405e-02 9.98002432874645e+04 
4.55148847634350e-02 9.97842202818479e+04 
4.56392675185069e-02 9.97692774963945e+04 
4.57647096278512e-02 9.97547876895230e+04 
4.58892324593992e-02 9.97429346196018e+04 
4.60159044405077e-02 9.97286189722792e+04 
4.61430919663271e-02 9.97134098988217e+04 
4.62706544056499e-02 9.96936774858782e+04 
4.63956116782098e-02 9.96742442591243e+04 
4.65217565729186e-02 9.96550981076429e+04 
4.66469706304070e-02 9.96386611382605e+04 
4.67762698598525e-02 9.96202909729493e+04 
4.69070860850064e-02 9.96012822569859e+04 
4.70377937427299e-02 9.95788734357380e+04 
4.71639631644255e-02 9.95578941244843e+04 
4.72912777696585e-02 9.95375363995889e+04 
4.74175875072502e-02 9.95174525400683e+04 
4.75479171439838e-02 9.95007034849069e+04 
4.76792898538989e-02 9.94839453434280e+04 
4.78099974480598e-02 9.94630315832359e+04 
4.79369625061777e-02 9.94431246579822e+04 
4.80657638065821e-02 9.94237848312737e+04 
4.81936397797034e-02 9.94047353298682e+04 
4.83241326744275e-02 9.93884755961747e+04 
4.84558736860658e-02 9.93715819239832e+04 
4.85877200214848e-02 9.93504699477911e+04 
4.87176482300820e-02 9.93300299881967e+04 
4.88496017261739e-02 9.93088987366299e+04 
4.89808426608784e-02 9.92896115636737e+04 
4.91128348154398e-02 9.92675975695739e+04 
4.92448198717245e-02 9.92438945883345e+04 
4.93768182755955e-02 9.92152038633699e+04 
4.95088437902377e-02 9.91852795758516e+04 
4.96408692613505e-02 9.91536698006390e+04 
4.97729200638253e-02 9.91229214502606e+04 
4.99049742520833e-02 9.90891165973960e+04 
5.00370212579080e-02 9.90527776789974e+04 
5.01690807955788e-02 9.90115501876944e+04 
5.03011789119819e-02 9.89695593938030e+04 
5.04332954249082e-02 9.89271624586910e+04 
5.05654639779843e-02 9.88856142658003e+04 
5.06976592319264e-02 9.88446568535861e+04 
5.08298821650390e-02 9.88041153598180e+04 
5.09621427877415e-02 9.87632708880272e+04 
5.10944592928106e-02 9.87236167730867e+04 
5.12267948250490e-02 9.86868650318819e+04 
5.13591514600640e-02 9.86515063772566e+04 
5.14914977022534e-02 9.86173907137446e+04 
5.16238355055892e-02 9.85856166885389e+04 
5.17561624624679e-02 9.85581379914791e+04 
5.18885083581422e-02 9.85301910850080e+04 
5.20208815408850e-02 9.85025300204687e+04 
5.21532329178604e-02 9.84780308368730e+04 
5.22855592440528e-02 9.84562926172635e+04 
5.24178912002540e-02 9.84346382190055e+04 
5.25502094238052e-02 9.84134392423592e+04 
5.26747219430720e-02 9.83951055471951e+04 
5.28043235897978e-02 9.83822499830107e+04 
5.29365865942109e-02 9.83761481898043e+04 
5.30631241865789e-02 9.83683803708891e+04 
5.31950244448082e-02 9.83654327367679e+04 
5.33239490870084e-02 9.83671772129858e+04 
5.34499050350720e-02 9.83714940196273e+04 
5.35811130622259e-02 9.83826815949606e+04 
5.37074726164248e-02 9.83967083114597e+04 
5.38393097606819e-02 9.84161275025114e+04 
5.39702253862853e-02 9.84420358649312e+04 
5.41018638213162e-02 9.84764088818577e+04 
5.42297566630190e-02 9.85104484531095e+04 
5.43617186203959e-02 9.85527532989293e+04 
5.44905811487022e-02 9.86009225234943e+04 
5.46224591712743e-02 9.86544380994368e+04 
5.47543850042696e-02 9.87150562853848e+04 
5.48863743579436e-02 9.87828534853205e+04 
5.50185932395168e-02 9.88565585915565e+04 
5.51507889911325e-02 9.89403697264122e+04 
5.52832494983260e-02 9.90385819347896e+04 
5.54156121643003e-02 9.91321631286157e+04 
5.55482089926252e-02 9.92359220051927e+04 
5.56809928916379e-02 9.93424289293959e+04 
5.58142874202558e-02 9.94495935010498e+04 
5.59479018866103e-02 9.95607945630885e+04 
5.60819696141948e-02 9.96751959225663e+04 
5.62163421057270e-02 9.97917802445387e+04 
5.63513489584786e-02 9.99122952537400e+04 
5.64871682952069e-02 1.00042091636713e+05 
5.66241118935438e-02 1.00175353288965e+05 
5.67611818439466e-02 1.00317896335350e+05 
5.68982482270404e-02 1.00461489755163e+05 
5.70390220580191e-02 1.00619281730175e+05 
5.71725789508737e-02 1.00780341903693e+05 
5.73061472885635e-02 1.00954603201564e+05 
5.74384403411571e-02 1.01131180872895e+05 
5.75720508232247e-02 1.01318314946748e+05 
5.77049398828286e-02 1.01506049643786e+05 
5.78385583212889e-02 1.01691335354004e+05 
5.79723528792539e-02 1.01875997764386e+05 
5.81062661956647e-02 1.02061157184121e+05 
5.82403200131499e-02 1.02235746244487e+05 
5.83744363373725e-02 1.02410487026069e+05 
5.85085741510559e-02 1.02578152597427e+05 
5.86427020393035e-02 1.02728078036787e+05 
5.87768311776938e-02 1.02869233226286e+05 
5.89109198556205e-02 1.02998179704049e+05 
5.90450673696184e-02 1.03114369635865e+05 
5.91792305100029e-02 1.03221616886129e+05 
5.93133913393996e-02 1.03313907582344e+05 
5.94475291750729e-02 1.03389510732174e+05 
5.95817127010523e-02 1.03446309067465e+05 
5.97159235093941e-02 1.03480359549190e+05 
5.98503026579936e-02 1.03493575438227e+05 
5.99848283807046e-02 1.03491545094241e+05 
6.01193963616931e-02 1.03482978586891e+05 
6.02538861151415e-02 1.03458960041278e+05 
6.03884304643549e-02 1.03414745349135e+05 
6.05230563053596e-02 1.03359801023524e+05 
6.06580140966050e-02 1.03294696691094e+05 
6.07932374369509e-02 1.03216598152889e+05 
6.09287425747581e-02 1.03129254265319e+05 
6.10644108600118e-02 1.03033309153109e+05 
6.11968980053401e-02 1.02933673986306e+05 
6.13299982955606e-02 1.02828021265037e+05 
6.14604165394586e-02 1.02719287960531e+05 
6.15928675677165e-02 1.02607683622506e+05 
6.17239589246587e-02 1.02496439409312e+05 
6.18571357561353e-02 1.02382028341387e+05 
6.19927565722879e-02 1.02265330302177e+05 
6.21289514860278e-02 1.02149542994240e+05 
6.22614399687370e-02 1.02038683147231e+05 
6.23965091750851e-02 1.01928973384515e+05 
6.25300304237058e-02 1.01825060486677e+05 
6.26665324450802e-02 1.01722079269453e+05 
6.28029627470596e-02 1.01621915548794e+05 
6.29395735245609e-02 1.01527839084578e+05 
6.30753075388005e-02 1.01439581145322e+05 
6.32122156097454e-02 1.01354496627794e+05 
6.33482457266992e-02 1.01277606064084e+05 
6.34851566972743e-02 1.01209834593647e+05 
6.36221394370465e-02 1.01148820986162e+05 
6.37590729774010e-02 1.01093779866172e+05 
6.38961569201475e-02 1.01046679517816e+05 
6.40331205988983e-02 1.01008668707262e+05 
6.41701027416807e-02 1.00977349320277e+05 
6.43071183477747e-02 1.00958959827575e+05 
6.44442780776685e-02 1.00953334782867e+05 
6.45815221823777e-02 1.00957514015773e+05 
6.47189396756347e-02 1.00971983346067e+05 
6.48564118872296e-02 1.00994774979851e+05 
6.49938889145378e-02 1.01031349303457e+05 
6.51314008872948e-02 1.01066507819775e+05 
6.52689981464529e-02 1.01096030191625e+05 
6.54065854192964e-02 1.01110163330980e+05 
6.55442482709203e-02 1.01115994209452e+05 
6.56818912837939e-02 1.01102817859760e+05 
6.58194928879237e-02 1.01089886384317e+05 
6.59571074319401e-02 1.01069453103460e+05 
6.60948087744959e-02 1.01037128741042e+05 
6.62325048355644e-02 1.00990031946321e+05 
6.63703018548480e-02 1.00931461240349e+05 
6.65081271077957e-02 1.00860209365278e+05 
6.66459154081428e-02 1.00772298337324e+05 
6.67837639592827e-02 1.00669385239308e+05 
6.69218363920581e-02 1.00557076919538e+05 
6.70599991330907e-02 1.00439234950019e+05 
6.71984382624117e-02 1.00323941603543e+05 
6.73370861659841e-02 1.00212374434489e+05 
6.74759220640696e-02 1.00103444952681e+05 
6.76150575329813e-02 1.00007140231006e+05 
6.77546910276390e-02 9.99360147460993e+04 
6.78950857219042e-02 9.98840665715480e+04 
6.80363538928626e-02 9.98518997405500e+04 
6.81785256017685e-02 9.98340648922458e+04 
6.83214401738047e-02 9.98305782491703e+04 
6.84655382202295e-02 9.98431771111813e+04 
6.86108691248319e-02 9.98558180754400e+04 
6.87489944529715e-02 9.98714754751671e+04 
6.88842425007623e-02 9.98926047462989e+04 
6.90216927939358e-02 9.99175894927691e+04 
6.91577497540596e-02 9.99471542342884e+04 
6.92960158675930e-02 9.99827244541927e+04 
6.94368955273744e-02 1.00021774913199e+05 
6.95788400895288e-02 1.00059594439240e+05 
6.97174590341664e-02 1.00096501433893e+05 
6.98595246122540e-02 1.00129082912514e+05 
7.00003514742023e-02 1.00162639966784e+05 
7.01454331287996e-02 1.00195672638430e+05 
7.02952878649692e-02 1.00231108260760e+05 
7.04440110657381e-02 1.00257418270380e+05 
7.05891491240678e-02 1.00284253557432e+05 
7.07388692668147e-02 1.00304187138483e+05 
7.08851049838139e-02 1.00328438918146e+05 
7.10370741272007e-02 1.00344905664156e+05 
7.11867077537542e-02 1.00360280112758e+05 
7.13382882702316e-02 1.00365738916225e+05 
7.14891220542318e-02 1.00370571327360e+05 
7.16389933465112e-02 1.00368405433151e+05 
7.17922309225417e-02 1.00366233023107e+05 
7.19442262466678e-02 1.00363930088966e+05 
7.20948368919727e-02 1.00355163754858e+05 
7.22476976416056e-02 1.00339732764767e+05 
7.23993508773852e-02 1.00325098446584e+05 
7.25514681887467e-02 1.00302840670840e+05 
7.27042494007754e-02 1.00274615798552e+05 
7.28576267059211e-02 1.00259306033636e+05 
7.30121481378077e-02 1.00245570234409e+05 
7.31654684718159e-02 1.00236077956205e+05 
7.33224850564092e-02 1.00233656295843e+05 
7.34797113499598e-02 1.00233918011767e+05 
7.36354999813712e-02 1.00243683378735e+05 
7.37894119544014e-02 1.00254264633175e+05 
7.39447774558291e-02 1.00258213044100e+05 
7.40987766150238e-02 1.00254214106061e+05 
7.42561697042877e-02 1.00242070632465e+05 
7.44134805012534e-02 1.00224120128700e+05 
7.45696663966134e-02 1.00207940276616e+05 
7.47242026986907e-02 1.00176289140952e+05 
7.48806698076797e-02 1.00128252195212e+05 
7.50358950665114e-02 1.00068306303018e+05 
7.51932827756848e-02 9.99978620956906e+04 
7.53504063213563e-02 9.99333318347988e+04 
7.55077948868831e-02 9.98707981399770e+04 
7.56645742540693e-02 9.98045330191718e+04 
7.58218114055182e-02 9.97291031922625e+04 
7.59792753109330e-02 9.96434628481801e+04 
7.61370425743116e-02 9.95564760041485e+04 
7.62945737768133e-02 9.94632010595150e+04 
7.64524995883946e-02 9.93731649798614e+04 
7.66102549390320e-02 9.92832510311305e+04 
7.67684623854158e-02 9.91891716255810e+04 
7.69271217975619e-02 9.90962002972447e+04 
7.70863303029423e-02 9.90088402189298e+04 
7.72448252226559e-02 9.89230713827142e+04 
7.74047530728553e-02 9.88477111234190e+04 
7.75647182761859e-02 9.87826678988160e+04 
7.77233206542257e-02 9.87236767857779e+04 
7.78836582131971e-02 9.86675921450373e+04 
7.80443087461821e-02 9.86161538033205e+04 
7.82035430465021e-02 9.85611328843922e+04 
7.83667731071296e-02 9.85099275235595e+04 
7.85307025798898e-02 9.84594033942754e+04 
7.86906756939093e-02 9.84001501829642e+04 
7.88535407937761e-02 9.83316245197611e+04 
7.90178141152132e-02 9.82646481056280e+04 
7.91809956398858e-02 9.81878112028126e+04 
7.93475567993384e-02 9.81119022356508e+04 
7.95141918200950e-02 9.80344883547673e+04 
7.96782545407194e-02 9.79467715089588e+04 
7.98447092725659e-02 9.78440154644879e+04 
8.00109816442382e-02 9.77442017027565e+04 
8.01759545924819e-02 9.76219689051082e+04 
8.03428777856192e-02 9.75540049365240e+04 
8.05098713201611e-02 9.75060514883548e+04 
8.06755905812254e-02 9.74729406220014e+04 
8.08024555058512e-02 9.74300771673732e+04 
8.09397914873715e-02 9.73978290070152e+04 
8.10877319412210e-02 9.73556741655760e+04 
8.12086587119202e-02 9.73076873313953e+04 
8.13415386289730e-02 9.72537260455910e+04 
8.14867975737217e-02 9.71867589482675e+04 
8.16431376135853e-02 9.71010231633661e+04 
8.18081400028808e-02 9.70262992321247e+04 
8.19755815558053e-02 9.69236879703498e+04 
8.21430784687357e-02 9.68403200407724e+04 
8.23106210172510e-02 9.67502325297182e+04 
8.24782109905104e-02 9.66472995212261e+04 
8.26458530571090e-02 9.65869497152446e+04 
8.28136424465894e-02 9.65722183825476e+04 
8.29814948335437e-02 9.65107646870928e+04 
8.31494231408203e-02 9.64996622145409e+04 
8.33174494758802e-02 9.65480742535105e+04 
8.34855795030837e-02 9.66400001918785e+04 
8.36538117019412e-02 9.67432848259406e+04 
8.38221180035745e-02 9.68935177673571e+04 
8.39904886166644e-02 9.69737694910513e+04 
8.41589308175226e-02 9.70631166814201e+04 
8.43274593031469e-02 9.70838138190798e+04 
8.44960680702261e-02 9.70913284623139e+04 
8.46647555531402e-02 9.71183984901102e+04 
8.48283990002094e-02 9.70963558736054e+04 
8.49906370923888e-02 9.70455619398883e+04 
8.51560789327433e-02 9.69946267747863e+04 
8.53217183496565e-02 9.69371998347482e+04 
8.54842505580704e-02 9.68939947983313e+04 
8.56484887549883e-02 9.68629356079207e+04 
8.58127308321894e-02 9.68407997460465e+04 
8.59755625134311e-02 9.68175081074902e+04 
8.61416508249609e-02 9.68082919333060e+04 
8.63063219296562e-02 9.67885847108738e+04 
8.64694835513586e-02 9.67993876775563e+04 
8.66344421356070e-02 9.68354092953956e+04 
8.67979131359338e-02 9.68992691701834e+04 
8.69615322483840e-02 9.69650498596029e+04 
8.71253250476646e-02 9.70279169263751e+04 
8.72909709985203e-02 9.70843898333792e+04 
8.74550941610252e-02 9.71349476238259e+04 
8.76211648273150e-02 9.71813238890111e+04 
8.77856843271756e-02 9.72112199320243e+04 
8.79028912509063e-02 9.72251192650301e+04 
8.80297909710689e-02 9.72300684879066e+04 
8.81662392709037e-02 9.72269600703021e+04 
8.83128195083410e-02 9.72141010310696e+04 
8.84277631260347e-02 9.72002327993207e+04 
8.85485589137173e-02 9.71867404961518e+04 
8.86620286034079e-02 9.71785868375859e+04 
8.87813798998386e-02 9.71694602100332e+04 
8.88961804529352e-02 9.71825263036183e+04 
8.90173986676079e-02 9.72154147955525e+04 
8.91359394942906e-02 9.72690968731388e+04 
8.92505836521419e-02 9.73279430447225e+04 
8.93730806182456e-02 9.74085325161662e+04 
8.94890878342696e-02 9.74960234701827e+04 
8.96146303603792e-02 9.75924378553588e+04 
8.97493786673359e-02 9.77017606421953e+04 
8.98717426219652e-02 9.78016539896157e+04 
8.99935729980808e-02 9.79115946728715e+04 
9.01204816769314e-02 9.80226479646941e+04 
9.02456335281374e-02 9.81291789836741e+04 
9.03662990574754e-02 9.82276858136315e+04 
9.04957284550441e-02 9.83279658038097e+04 
9.06262680866519e-02 9.84111268499377e+04 
9.07454319395870e-02 9.84856932074076e+04 
9.08764369463530e-02 9.85619688745554e+04 
9.10051450772574e-02 9.86305392653317e+04 
9.11386778543233e-02 9.86955119070345e+04 
9.12725571181279e-02 9.87568680416194e+04 
9.14075720598988e-02 9.88116801382477e+04 
9.15394761925791e-02 9.88611182272385e+04 
9.16765089655763e-02 9.89085373693281e+04 
9.18076870525277e-02 9.89474935241124e+04 
9.19461419490872e-02 9.89998316822660e+04 
9.20849351458991e-02 9.90612760610088e+04 
9.22248999522299e-02 9.91285068012305e+04 
9.23606015185607e-02 9.92013382491079e+04 
9.25022236973642e-02 9.92799801537823e+04 
9.26390707857765e-02 9.93556073491549e+04 
9.27822450660422e-02 9.94347848533333e+04 
9.29257886755231e-02 9.95134120243234e+04 
9.30705447858044e-02 9.95904580839768e+04 
9.32099324213031e-02 9.96603116245889e+04 
9.33558494381570e-02 9.97273130146590e+04 
9.35007324985706e-02 9.97894329113509e+04 
9.36519439986997e-02 9.98488446332973e+04 
9.38042483469943e-02 9.99039251852873e+04 
9.39575827624759e-02 9.99536672386595e+04 
9.41040185157684e-02 9.99988577939190e+04 
9.42581957092191e-02 1.00038422305673e+05 
9.44065147092694e-02 1.00073287475928e+05 
9.45615606607051e-02 1.00111023020113e+05 
9.47167020328821e-02 1.00144102353684e+05 
9.48726138344670e-02 1.00176816506374e+05 
9.49987325116011e-02 1.00200069391566e+05 
9.51374630564485e-02 1.00223109980780e+05 
9.52872541014919e-02 1.00242516664893e+05 
9.54420970377748e-02 1.00260715159148e+05 
9.55983022029994e-02 1.00271895811917e+05 
9.57551895785860e-02 1.00279681041311e+05 
9.59049591297341e-02 1.00279602999220e+05 
9.60620619224822e-02 1.00275468276520e+05 
9.62136023316172e-02 1.00267123804096e+05 
9.63716705592969e-02 1.00259857709614e+05 
9.65300856699550e-02 1.00248711441799e+05 
9.66890454891644e-02 1.00235629777256e+05 
9.68403275841601e-02 1.00221900551263e+05 
9.69972432281024e-02 1.00200880241415e+05 
9.71250612094041e-02 1.00186777145531e+05 
9.72656609888360e-02 1.00172702037038e+05 
9.74200635598805e-02 1.00155718421131e+05 
9.75728973484907e-02 1.00137898202800e+05 
9.77290660012166e-02 1.00123522157417e+05 
9.78874724761972e-02 1.00105481173564e+05 
9.80470256595802e-02 1.00088884660869e+05 
9.82101972307065e-02 1.00079197331636e+05 
9.83755670105152e-02 1.00068441289233e+05 
9.85412090453111e-02 1.00066338312646e+05 
9.87068187197971e-02 1.00068166025075e+05 
9.88725006913869e-02 1.00073991277557e+05 
9.90382883584712e-02 1.00087034628898e+05 
9.92041689985572e-02 1.00109051211266e+05 
9.93699635854247e-02 1.00136540084686e+05 
9.95358112982942e-02 1.00169392228564e+05 
9.97015594973646e-02 1.00209147766410e+05 
9.98673091908832e-02 1.00252392990393e+05 
1.00033137110010e-01 1.00294600327595e+05 
1.00199020786719e-01 1.00335629354283e+05 
1.00364864923603e-01 1.00369208216934e+05 
1.00530791747986e-01 1.00399592460149e+05 
1.00696732410233e-01 1.00424716365147e+05 
1.00862726223096e-01 1.00440433814751e+05 
1.01028845968959e-01 1.00446867267851e+05 
1.01195062732377e-01 1.00448310146382e+05 
1.01361279069958e-01 1.00438688524033e+05 
1.01527582440584e-01 1.00425189155167e+05 
1.01693935616692e-01 1.00402841551871e+05 
1.01860350125746e-01 1.00376916442550e+05 
1.02026899740109e-01 1.00348265615605e+05 
1.02193541603421e-01 1.00317159414849e+05 
1.02360216364419e-01 1.00281493591107e+05 
1.02526986760151e-01 1.00238987372587e+05 
1.02693856270677e-01 1.00197039658465e+05 
1.02860805789705e-01 1.00152326377188e+05 
1.03027898698691e-01 1.00106201150513e+05 
1.03195087366050e-01 1.00059496187386e+05 
1.03362314362611e-01 1.00009564456387e+05 
1.03529640150768e-01 9.99563280472016e+04 
1.03697013823470e-01 9.99037806902013e+04 
1.03864376820881e-01 9.98483626427170e+04 
1.04031791096772e-01 9.97925851031349e+04 
1.04199216454351e-01 9.97405016514446e+04 
1.04366602428963e-01 9.96847626074301e+04 
1.04533964068819e-01 9.96278444581399e+04 
1.04701352030216e-01 9.95755745280911e+04 
1.04868749358959e-01 9.95185642546838e+04 
1.05036213728228e-01 9.94627022012851e+04 
1.05203704726419e-01 9.94128477950736e+04 
1.05371175617714e-01 9.93602156044767e+04 
1.05538635209899e-01 9.93153835979759e+04 
1.05706139109738e-01 9.92741973762283e+04 
1.05873667406290e-01 9.92370569121708e+04 
1.06041273872660e-01 9.92090818954110e+04 
1.06208912065191e-01 9.91915657305486e+04 
1.06376544810074e-01 9.91769856884643e+04 
1.06544180666091e-01 9.91600541253493e+04 
1.06711880826675e-01 9.91440869502591e+04 
1.06879620571431e-01 9.91256411376110e+04 
1.07047451563234e-01 9.91010851332711e+04 
1.07215322861504e-01 9.90691274784958e+04 
1.07383204649596e-01 9.90274910419457e+04 
1.07551104418958e-01 9.89748212860718e+04 
1.07719083508363e-01 9.89142835615296e+04 
1.07887115821901e-01 9.88478601286835e+04 
1.08055251848324e-01 9.87851654630481e+04 
1.08223438691863e-01 9.87302302285166e+04 
1.08391650909236e-01 9.86803853256455e+04 
1.08559894893751e-01 9.86433755284520e+04 
1.08728230272181e-01 9.86270150957225e+04 
1.08896630402242e-01 9.86156623502219e+04 
1.09065142876688e-01 9.86128726985899e+04 
1.09233715813284e-01 9.86219701468977e+04 
1.09402327328525e-01 9.86342308556932e+04 
1.09570933292754e-01 9.86507119832824e+04 
1.09739508831984e-01 9.86737127817111e+04 
1.09908099325072e-01 9.86947720898823e+04 
1.10076726532601e-01 9.87150791456584e+04 
1.10245414316139e-01 9.87389896630669e+04 
1.10414133496683e-01 9.87606900108498e+04 
1.10582842537889e-01 9.87807575517060e+04 
1.10751543527813e-01 9.88024027170686e+04 
1.10920277008941e-01 9.88199646245513e+04 
1.11089065228976e-01 9.88387031577593e+04 
1.11257926672355e-01 9.88597834008152e+04 
1.11426833403388e-01 9.88791230603770e+04 
1.11595745263777e-01 9.89003848881602e+04 
1.11764666046538e-01 9.89222580857914e+04 
1.11933631814394e-01 9.89403925274477e+04 
1.12102664737194e-01 9.89595331962915e+04 
1.12271780505521e-01 9.89817295309567e+04 
1.12440954457510e-01 9.90020317356851e+04 
1.12610147211516e-01 9.90236270451292e+04 
1.12779361692057e-01 9.90463415816068e+04 
1.12948634312190e-01 9.90671262036925e+04 
1.13117985185194e-01 9.90887103823569e+04 
1.13287431009128e-01 9.91133750105179e+04 
1.13456946903908e-01 9.91378241970267e+04 
1.13626492825101e-01 9.91622896705477e+04 
1.13796068744703e-01 9.91881935483237e+04 
1.13965710313758e-01 9.92136380112326e+04 
1.14135436677238e-01 9.92386391600282e+04 
1.14305263985002e-01 9.92670009033088e+04 
1.14475169510953e-01 9.92928441148481e+04 
1.14645114836271e-01 9.93229148689796e+04 
1.14815097586731e-01 9.93523658271478e+04 
1.14985152915359e-01 9.93783742730185e+04 
1.15155300296150e-01 9.94043267742684e+04 
1.15325557201094e-01 9.94331379513188e+04 
1.15495902616797e-01 9.94578588338199e+04 
1.15666298904695e-01 9.94867790903057e+04 
1.15836743484598e-01 9.95144629170312e+04 
1.16007269650750e-01 9.95387963641577e+04 
1.16177897911089e-01 9.95622657030988e+04 
1.16332588544250e-01 9.95856959940939e+04 
1.16502748240728e-01 9.96091178460499e+04 
1.16673548418631e-01 9.96348022874873e+04 
1.16844311749014e-01 9.96618797596709e+04 
1.17015192047231e-01 9.96879674527152e+04 
1.17186265664542e-01 9.97135006954404e+04 
1.17357527151366e-01 9.97396214529316e+04 
1.17528921731445e-01 9.97657409640649e+04 
1.17700410325106e-01 9.97931192311988e+04 
1.17871989406685e-01 9.98212638834231e+04 
1.18043552820947e-01 9.98488340552114e+04 
1.18215105236149e-01 9.98743434371789e+04 
1.18386720852449e-01 9.98989711996413e+04 
1.18558353832511e-01 9.99230342396507e+04 
1.18726216542886e-01 9.99457878523309e+04 
1.18896701179346e-01 9.99680599583600e+04 
1.19063847571514e-01 9.99878743691552e+04 
1.19233906875870e-01 1.00005144996406e+05 
1.19400050813076e-01 1.00022734385186e+05 
1.19564390467719e-01 1.00033895432206e+05 
1.19732506830746e-01 1.00045732662756e+05 
1.19903328001808e-01 1.00057634663796e+05 
1.20070935167226e-01 1.00062804493866e+05 
1.20241507000016e-01 1.00065664791916e+05 
1.20408144065190e-01 1.00069644925177e+05 
1.20572914893966e-01 1.00067768273156e+05 
1.20741395055501e-01 1.00067163964497e+05 
1.20912473908551e-01 1.00065030706344e+05 
1.21080167647086e-01 1.00056498931697e+05 
1.21250728596494e-01 1.00045573663952e+05 
1.21417175769063e-01 1.00035517306536e+05 
1.21581652820713e-01 1.00021529350303e+05 
1.21749977327082e-01 1.00006810131565e+05 
1.21920794172530e-01 9.99911152606815e+04 
1.22091566835107e-01 9.99733698618191e+04 
1.22262452077589e-01 9.99526075714599e+04 
1.22433655460561e-01 9.99322987525771e+04 
1.22605279370737e-01 9.99088820579905e+04 
1.22775828530292e-01 9.98872444792502e+04 
1.22944164732584e-01 9.98657699315864e+04 
1.23111832832570e-01 9.98416373669099e+04 
1.23277803593126e-01 9.98174679723655e+04 
1.23443722711922e-01 9.97922684145473e+04 
1.23614593478111e-01 9.97698005969207e+04 
1.23785078834404e-01 9.97416725544220e+04 
1.23955423811791e-01 9.97153318860562e+04 
1.24125911430297e-01 9.96889865648063e+04 
1.24297807815819e-01 9.96597712148825e+04 
1.24469706435777e-01 9.96281697846788e+04 
1.24640489977134e-01 9.95973751326998e+04 
1.24811014843073e-01 9.95633743440899e+04 
1.24979507044005e-01 9.95328007486405e+04 
1.25151424408377e-01 9.94990557556413e+04 
1.25323342182875e-01 9.94652290008332e+04 
1.25495261670423e-01 9.94320276993608e+04 
1.25667190210035e-01 9.94014321161223e+04 
1.25839126255212e-01 9.93693555193675e+04 
1.26008881083945e-01 9.93420481404000e+04 
1.26179806377265e-01 9.93146056474321e+04 
1.26351495771113e-01 9.92879084781130e+04 
1.26523456645029e-01 9.92635401968967e+04 
1.26695431680254e-01 9.92399604720645e+04 
1.26867416587598e-01 9.92160508671920e+04 
1.27039407296811e-01 9.91944170380456e+04 
1.27211403935926e-01 9.91693242008910e+04 
1.27382925686660e-01 9.91435055171976e+04 
1.27554930591560e-01 9.91229962772024e+04 
1.27726947444414e-01 9.91006419840645e+04 
1.27898971649664e-01 9.90785598635382e+04 
1.28070999584734e-01 9.90575883557538e+04 
1.28243031034241e-01 9.90339612951911e+04 
1.28415063358342e-01 9.90106241327897e+04 
1.28587097443705e-01 9.89902506465500e+04 
1.28759140535054e-01 9.89711845233918e+04 
1.28931189264874e-01 9.89497253990449e+04 
1.29103241477545e-01 9.89320580167384e+04 
1.29275298562828e-01 9.89126393360724e+04 
1.29447359463647e-01 9.88930787409497e+04 
1.29619425996657e-01 9.88757416142765e+04 
1.29791506018329e-01 9.88582660010581e+04 
1.29963596518256e-01 9.88384624610367e+04 
1.30135695842645e-01 9.88214686715665e+04 
1.30307804957005e-01 9.88020853995680e+04 
1.30479922596691e-01 9.87823825342275e+04 
1.30652050528837e-01 9.87647773907308e+04 
1.30824196583509e-01 9.87508224618190e+04 
1.30996357054350e-01 9.87324994601610e+04 
1.31168530380160e-01 9.87182051966836e+04 
1.31340716440106e-01 9.87033510760400e+04 
1.31512913026513e-01 9.86893899332946e+04 
1.31685121285537e-01 9.86785188547014e+04 
1.31857348429379e-01 9.86709723169400e+04 
1.32029590236266e-01 9.86618357261082e+04 
1.32201572696940e-01 9.86571571452002e+04 
1.32372029091800e-01 9.86530479837315e+04 
1.32542256452832e-01 9.86497019694391e+04 
1.32714546380714e-01 9.86482800032507e+04 
1.32886157432371e-01 9.86483817167364e+04 
1.33058479779727e-01 9.86495353517264e+04 
1.33226649047362e-01 9.86554961272753e+04 
1.33396031459150e-01 9.86593429017929e+04 
1.33564518735079e-01 9.86645117590763e+04 
1.33736885145046e-01 9.86750269977619e+04 
1.33909267971270e-01 9.86844278889673e+04 
1.34081663393601e-01 9.86966087427557e+04 
1.34254069847004e-01 9.87101047638311e+04 
1.34426487954803e-01 9.87243619702307e+04 
1.34598915848678e-01 9.87348649684566e+04 
1.34771354965755e-01 9.87533934376674e+04 
1.34943811792778e-01 9.87719999663945e+04 
1.35116283140055e-01 9.87945095300836e+04 
1.35288767568096e-01 9.88195550499222e+04 
1.35461265396246e-01 9.88425253029487e+04 
1.35633773333754e-01 9.88636555782768e+04 
1.35806287454937e-01 9.88904015512800e+04 
1.35978793786738e-01 9.89176438095701e+04 
1.36151289602832e-01 9.89497944420600e+04 
1.36323773684983e-01 9.89842779385270e+04 
1.36496247699702e-01 9.90167199027942e+04 
1.36668709524223e-01 9.90475366560761e+04 
1.36841162641561e-01 9.90826680319231e+04 
1.37013608355457e-01 9.91202277712019e+04 
1.37186044311451e-01 9.91588808241152e+04 
1.37358468802473e-01 9.92014153192048e+04 
1.37530883931506e-01 9.92423585517561e+04 
1.37703287873223e-01 9.92824088718040e+04 
1.37875684433264e-01 9.93234064772117e+04 
1.38048074709725e-01 9.93687717993810e+04 
1.38220456506128e-01 9.94121251375565e+04 
1.38392827446472e-01 9.94611856546330e+04 
1.38565189970617e-01 9.95081456069290e+04 
1.38737542372092e-01 9.95537493781535e+04 
1.38910209326941e-01 9.96000838609450e+04 
1.39082881402196e-01 9.96483054413202e+04 
1.39255554063666e-01 9.96969410996217e+04 
1.39428225805543e-01 9.97468143036597e+04 
1.39600896633148e-01 9.97965484760434e+04 
1.39773563113335e-01 9.98442571584473e+04 
1.39946228536576e-01 9.98941294985730e+04 
1.40107645433087e-01 9.99411675713017e+04 
1.40264510684377e-01 9.99883133172408e+04 
1.40423905270657e-01 1.00036784463623e+05 
1.40582931688163e-01 1.00082068292526e+05 
1.40743710520532e-01 1.00126364657149e+05 
1.40901571652476e-01 1.00171869810751e+05 
1.41063229176598e-01 1.00216296714800e+05 
1.41221982762795e-01 1.00261976394849e+05 
1.41383695862642e-01 1.00310517530620e+05 
1.41545884245726e-01 1.00354367530003e+05 
1.41710446452458e-01 1.00397575027030e+05 
1.41873576038785e-01 1.00442195694345e+05 
1.42040461558795e-01 1.00485603184839e+05 
1.42206180267400e-01 1.00530420785702e+05 
1.42376111297770e-01 1.00577450561900e+05 
1.42547878302053e-01 1.00620571134225e+05 
1.42720490446016e-01 1.00659860823175e+05 
1.42893098134064e-01 1.00703902075568e+05 
1.43065705803944e-01 1.00745872126634e+05 
1.43238309035140e-01 1.00789716659070e+05 
1.43410907991823e-01 1.00834702163607e+05 
1.43583502251882e-01 1.00875246422982e+05 
1.43756089810465e-01 1.00913254322449e+05 
1.43928673613214e-01 1.00953432253937e+05 
1.44101258147756e-01 1.00992089440793e+05 
1.44273838155996e-01 1.01032288591927e+05 
1.44446414160218e-01 1.01074391526035e+05 
1.44618985957110e-01 1.01111521018609e+05 
1.44791551546262e-01 1.01146525581712e+05 
1.44964113783112e-01 1.01182661674445e+05 
1.45136677449040e-01 1.01215869718223e+05 
1.45309236623964e-01 1.01249193741108e+05 
1.45481791784542e-01 1.01282091770334e+05 
1.45654343277439e-01 1.01310814772139e+05 
1.45826889135318e-01 1.01336600667682e+05 
1.45999432520375e-01 1.01363228678807e+05 
1.46171978597165e-01 1.01386668974840e+05 
1.46344520839489e-01 1.01410746490101e+05 
1.46517059691862e-01 1.01434064938119e+05 
1.46689596155049e-01 1.01453280564361e+05 
1.46862128307830e-01 1.01467977788445e+05 
1.47034660078085e-01 1.01484278818592e+05 
1.47207196921823e-01 1.01498059853867e+05 
1.47379731585735e-01 1.01513939304476e+05 
1.47552264040571e-01 1.01529397529434e+05 
1.47724795838787e-01 1.01540973915879e+05 
1.47897325425600e-01 1.01549140499716e+05 
1.48069857793328e-01 1.01559140265122e+05 
1.48242398257812e-01 1.01566474409208e+05 
1.48414938613347e-01 1.01574682820332e+05 
1.48587478614824e-01 1.01582863045835e+05 
1.48760020287994e-01 1.01588091602610e+05 
1.48932562169801e-01 1.01589706648849e+05 
1.49105109497649e-01 1.01593509707449e+05 
1.49277659998905e-01 1.01594369298869e+05 
1.49450200704451e-01 1.01598778293002e+05 
1.49622727687619e-01 1.01602746085219e+05 
1.49795241714305e-01 1.01602497506105e+05 
1.49967740012536e-01 1.01599082018398e+05 
1.50140227266351e-01 1.01597967379743e+05 
1.50312710170864e-01 1.01593421533027e+05 
1.50485182754578e-01 1.01592857164331e+05 
1.50657639776922e-01 1.01591863082295e+05 
1.50830082747962e-01 1.01586812355040e+05 
1.51002510253970e-01 1.01578503518742e+05 
1.51174929652507e-01 1.01572852856715e+05 
1.51347350905013e-01 1.01563981675737e+05 
1.51519770331304e-01 1.01559811059903e+05 
1.51692186040978e-01 1.01555209057921e+05 
1.51864598343411e-01 1.01546750789349e+05 
1.52037004667527e-01 1.01535620981912e+05 
1.52209409862035e-01 1.01527725843867e+05 
1.52381821685010e-01 1.01514978827356e+05 
1.52554233059853e-01 1.01509693973223e+05 
1.52726640144386e-01 1.01503967560238e+05 
1.52899042610952e-01 1.01494326380248e+05 
1.53069187485134e-01 1.01482551457204e+05 
1.53241581338480e-01 1.01474048206754e+05 
1.53413982518057e-01 1.01460546520650e+05 
1.53586384353112e-01 1.01455245477076e+05 
1.53758784035286e-01 1.01449809623920e+05 
1.53931181691070e-01 1.01440708466904e+05 
1.54103574554698e-01 1.01429561821116e+05 
1.54275968756531e-01 1.01422228955497e+05 
1.54448372389382e-01 1.01410913172920e+05 
1.54620779181024e-01 1.01406616357342e+05 
1.54793185976296e-01 1.01402504780115e+05 
1.54922870307664e-01 1.01396711903002e+05 
1.55062607829899e-01 1.01389393714634e+05 
1.55212257663114e-01 1.01384358601863e+05 
1.55372370215750e-01 1.01377369862964e+05 
1.55541918047642e-01 1.01374554906327e+05 
1.55714346031428e-01 1.01372291997188e+05 
1.55886775263807e-01 1.01366851194393e+05 
1.56059201488080e-01 1.01359109290022e+05 
1.56231629877416e-01 1.01355782295350e+05 
1.56404068309420e-01 1.01350657148515e+05 
1.56576512317861e-01 1.01350471382676e+05 
1.56748961410837e-01 1.01350305419441e+05 
1.56921417755267e-01 1.01346885633920e+05 
1.57093876547787e-01 1.01340931303730e+05 
1.57266341506582e-01 1.01338421020628e+05 
1.57438818362634e-01 1.01333407702578e+05 
1.57611300128579e-01 1.01333939305693e+05 
1.57783781764817e-01 1.01334279657377e+05 
1.57956263392144e-01 1.01330572848271e+05 
1.58128742140371e-01 1.01325538144894e+05 
1.58301223972755e-01 1.01323285651801e+05 
1.58473716273587e-01 1.01317030356497e+05 
1.58646213971435e-01 1.01317153190051e+05 
1.58818715955273e-01 1.01316657857998e+05 
1.58991222909121e-01 1.01312658865107e+05 
1.59163731218907e-01 1.01305950082546e+05 
1.59336245483394e-01 1.01302074128260e+05 
1.59508772814119e-01 1.01293228721261e+05 
1.59681306846592e-01 1.01290816565473e+05 
1.59853845852823e-01 1.01288049047522e+05 
1.60026389224624e-01 1.01281139827329e+05 
1.60198933116967e-01 1.01271415563259e+05 
1.60371482856821e-01 1.01264572330094e+05 
1.60544045701871e-01 1.01254948236828e+05 
1.60716615433858e-01 1.01248866886603e+05 
1.60889190930443e-01 1.01243053333209e+05 
1.61061771679980e-01 1.01233065471934e+05 
1.61234353803469e-01 1.01220606774315e+05 
1.61406942954300e-01 1.01211735785134e+05 
1.61579546304409e-01 1.01200504269804e+05 
1.61752157659716e-01 1.01193268411823e+05 
1.61878491592380e-01 1.01187553081844e+05 
1.62017253199046e-01 1.01178643063469e+05 
1.62167424863014e-01 1.01167426951316e+05 
1.62302139188343e-01 1.01160831332102e+05 
1.62449330569606e-01 1.01151081989719e+05 
1.62607986435915e-01 1.01142357431759e+05 
1.62776654666362e-01 1.01134411130843e+05 
1.62949301994971e-01 1.01123961719116e+05 
1.63121933903366e-01 1.01111745477964e+05 
1.63294555143004e-01 1.01101152877377e+05 
1.63467180748522e-01 1.01089994427224e+05 
1.63639811093500e-01 1.01080951285074e+05 
1.63812453205668e-01 1.01073820952544e+05 
1.63985107963541e-01 1.01064787866072e+05 
1.64157763221252e-01 1.01052777692957e+05 
1.64330418268397e-01 1.01043548943363e+05 
1.64503083547934e-01 1.01033186924054e+05 
1.64675749217771e-01 1.01024903807803e+05 
1.64848414676804e-01 1.01017973862332e+05 
1.65021076008032e-01 1.01008082787505e+05 
1.65193727110412e-01 1.00995839552556e+05 
1.65366371582989e-01 1.00985937546076e+05 
1.65539020895938e-01 1.00974553985954e+05 
1.65711671183767e-01 1.00965202157836e+05 
1.65884324879226e-01 1.00956690343900e+05 
1.66056980719074e-01 1.00944985816405e+05 
1.66229632273167e-01 1.00930569798913e+05 
1.66402282429621e-01 1.00918163429811e+05 
1.66574942322620e-01 1.00903727962236e+05 
1.66747606814251e-01 1.00891420217743e+05 
1.66920279461318e-01 1.00879544014249e+05 
1.67092957606512e-01 1.00864293937209e+05 
1.67265634193860e-01 1.00846084925853e+05 
1.67438312208732e-01 1.00830294310916e+05 
1.67611002023710e-01 1.00809831147493e+05 
1.67783698205909e-01 1.00794342704524e+05 
1.67956404804350e-01 1.00779195866529e+05 
1.68129118929464e-01 1.00760769760769e+05 
1.68301833511143e-01 1.00739989012380e+05 
1.68474552040315e-01 1.00722246340906e+05 
1.68647284374761e-01 1.00701360988587e+05 
1.68820025272517e-01 1.00684950050964e+05 
1.68992775615990e-01 1.00669549515049e+05 
1.69165524311633e-01 1.00651555661462e+05 
1.69338266708468e-01 1.00632172688143e+05 
1.69511008142539e-01 1.00616394612958e+05 
1.69683754990432e-01 1.00598627289638e+05 
1.69856502110172e-01 1.00585313744398e+05 
1.69985054197490e-01 1.00575960798249e+05 
1.70126461493541e-01 1.00564105505432e+05 
1.70282009519197e-01 1.00551255713920e+05 
1.70450742323822e-01 1.00539520739418e+05 
1.70623491368488e-01 1.00527557461642e+05 
1.70796236243990e-01 1.00517463995967e+05 
1.70968970877896e-01 1.00510512593048e+05 
1.71141702382515e-01 1.00499501782325e+05 
1.71314431792267e-01 1.00488171990653e+05 
1.71487170502436e-01 1.00481527789711e+05 
1.71659927124127e-01 1.00471803577630e+05 
1.71832693289469e-01 1.00466745591540e+05 
1.72005473716021e-01 1.00461854121424e+05 
1.72178259956248e-01 1.00453941864370e+05 
1.72351043079221e-01 1.00445310339499e+05 
1.72523827116254e-01 1.00440789578837e+05 
1.72696617871164e-01 1.00434296132454e+05 
1.72869410446084e-01 1.00431423514909e+05 
1.73042207318933e-01 1.00429657605773e+05 
1.73215006642003e-01 1.00424488735263e+05 
1.73387804111138e-01 1.00417329883375e+05 
1.73560602676182e-01 1.00414747467454e+05 
1.73733408223629e-01 1.00410329023042e+05 
1.73906216734334e-01 1.00410203338768e+05 
1.74079031901465e-01 1.00410196774513e+05 
1.74251851086388e-01 1.00406818195582e+05 
1.74424670236569e-01 1.00400989623190e+05 
1.74597491707742e-01 1.00398742223136e+05 
1.74770320227574e-01 1.00394714459514e+05 
1.74943152054547e-01 1.00394385499772e+05 
1.75075724965906e-01 1.00393388655721e+05 
1.75218718482020e-01 1.00390342555416e+05 
1.75372082068189e-01 1.00385126487915e+05 
1.75536338831960e-01 1.00382282837637e+05 
1.75683382680435e-01 1.00377778870107e+05 
1.75842792720970e-01 1.00376792166912e+05 
1.75983288697424e-01 1.00375203426947e+05 
1.76134087062904e-01 1.00371465579146e+05 
1.76298597293213e-01 1.00365266121846e+05 
1.76448307764909e-01 1.00362458338655e+05 
1.76605267332497e-01 1.00358019256117e+05 
1.76767065410113e-01 1.00355977589695e+05 
1.76897176252478e-01 1.00353811652345e+05 
1.77040298179080e-01 1.00350074722833e+05 
1.77197732298341e-01 1.00344205706092e+05 
1.77356131947653e-01 1.00341042710076e+05 
1.77519854194223e-01 1.00336773232553e+05 
1.77687373808591e-01 1.00334864879795e+05 
1.77843044454105e-01 1.00332808594038e+05 
1.78007242597215e-01 1.00329394051845e+05 
1.78176412592935e-01 1.00324050893279e+05 
1.78340028017708e-01 1.00320872578936e+05 
1.78509595939666e-01 1.00318508453652e+05 
1.78682523472288e-01 1.00317118215667e+05 
1.78842687435688e-01 1.00316095468002e+05 
1.79012701559700e-01 1.00313416298159e+05 
1.79185661684445e-01 1.00308657944681e+05 
1.79355129942477e-01 1.00307350790285e+05 
1.79528098814797e-01 1.00305608581660e+05 
1.79701069249771e-01 1.00304264891625e+05 
1.79874043520138e-01 1.00303056531126e+05 
1.80047021907794e-01 1.00299053951120e+05 
1.80220001397637e-01 1.00293149664891e+05 
1.80392982638790e-01 1.00290244236397e+05 
1.80565969326997e-01 1.00286857154125e+05 
1.80738958059593e-01 1.00284129853257e+05 
1.80911954303657e-01 1.00281542094904e+05 
1.81084956188697e-01 1.00276723840429e+05 
1.81257961933323e-01 1.00269974996268e+05 
1.81430972249230e-01 1.00265412882275e+05 
1.81603989975787e-01 1.00259731454010e+05 
1.81777013095906e-01 1.00256762026754e+05 
1.81950047435132e-01 1.00253342631089e+05 
1.82123090487967e-01 1.00247477816782e+05 
1.82296140512905e-01 1.00240064447123e+05 
1.82469196376207e-01 1.00234850898582e+05 
1.82642259617134e-01 1.00229474627385e+05 
1.82815327914709e-01 1.00226316832180e+05 
1.82988406227329e-01 1.00222364518562e+05 
1.83161493009512e-01 1.00216292636744e+05 
1.83334586539695e-01 1.00208018977770e+05 
1.83507686194950e-01 1.00202077531100e+05 
1.83680793957386e-01 1.00196737192815e+05 
1.83853908034435e-01 1.00191247387300e+05 
1.84027034118390e-01 1.00184435016519e+05 
1.84200169402306e-01 1.00177562896049e+05 
1.84373312204976e-01 1.00169127696457e+05 
1.84546460952980e-01 1.00161997331080e+05 
1.84719616930061e-01 1.00155081500194e+05 
1.84892778604538e-01 1.00145632483852e+05 
1.85024538258483e-01 1.00140346037158e+05 
1.85169473877823e-01 1.00133658038185e+05 
1.85328903059097e-01 1.00123635874263e+05 
1.85500964827253e-01 1.00114000984273e+05 
1.85674157286949e-01 1.00104189745622e+05 
1.85847349234377e-01 1.00092286606883e+05 
1.86020536978007e-01 1.00081567126815e+05 
1.86193725763222e-01 1.00069330533108e+05 
1.86366920420893e-01 1.00055429932852e+05 
1.86540126470582e-01 1.00040901242372e+05 
1.86713349971356e-01 1.00026860289222e+05 
1.86886586795333e-01 1.00010690946679e+05 
1.87059845259258e-01 9.99953583858095e+04 
1.87233116419532e-01 9.99780292586199e+04 
1.87406391500065e-01 9.99592197123672e+04 
1.87579667814985e-01 9.99399728423301e+04 
1.87752947325060e-01 9.99211200986434e+04 
1.87926227005686e-01 9.99008018284580e+04 
1.88099510211596e-01 9.98828866169191e+04 
1.88272797649590e-01 9.98637836175715e+04 
1.88446088588544e-01 9.98437571244634e+04 
1.88619381882907e-01 9.98260894339479e+04 
1.88792679498204e-01 9.98072986587885e+04 
1.88965980764512e-01 9.97896482845675e+04 
1.89139291036713e-01 9.97749285929338e+04 
1.89312608439987e-01 9.97584755075485e+04 
1.89485931517614e-01 9.97423161161927e+04 
1.89659257773779e-01 9.97290090099209e+04 
1.89832588785412e-01 9.97172333389733e+04 
1.90005923444288e-01 9.97058613978651e+04 
1.90179267008342e-01 9.96972047426340e+04 
1.90352617638703e-01 9.96872804357718e+04 
1.90525973804362e-01 9.96771330884157e+04 
1.90699333070633e-01 9.96711682435999e+04 
1.90872696978164e-01 9.96655082830677e+04 
1.91046064272329e-01 9.96606867508735e+04 
1.91219440142322e-01 9.96568445638030e+04 
1.91392823316467e-01 9.96512964290296e+04 
1.91566211697831e-01 9.96442167446759e+04 
1.91739602344163e-01 9.96398180173796e+04 
1.91912996546435e-01 9.96347837072162e+04 
1.92086392203837e-01 9.96306274433178e+04 
1.92259793364891e-01 9.96270747369287e+04 
1.92433199384984e-01 9.96213863035569e+04 
1.92606608899771e-01 9.96131230383757e+04 
1.92780021059237e-01 9.96067881734294e+04 
1.92953437802119e-01 9.96006641570760e+04 
1.93126858614694e-01 9.95956269693303e+04 
1.93260397051967e-01 9.95923891789396e+04 
1.93406418148154e-01 9.95883213249657e+04 
1.93567041353959e-01 9.95824385518154e+04 
1.93739904537003e-01 9.95779212917484e+04 
1.93913349978855e-01 9.95740521303123e+04 
1.94086793570930e-01 9.95720049656963e+04 
1.94260230521874e-01 9.95711894988959e+04 
1.94433665576799e-01 9.95684472551138e+04 
1.94607104765122e-01 9.95654298890185e+04 
1.94780552098782e-01 9.95651424641623e+04 
1.94954014411474e-01 9.95656090826740e+04 
1.95127489658769e-01 9.95688032876427e+04 
1.95300986237711e-01 9.95728724841207e+04 
1.95474496203304e-01 9.95781094557783e+04 
1.95648009710017e-01 9.95839685453025e+04 
1.95821521693661e-01 9.95929370576347e+04 
1.95995033583029e-01 9.96034993734674e+04 
1.96168543699572e-01 9.96169065590622e+04 
1.96342053267259e-01 9.96308089816273e+04 
1.96515564492784e-01 9.96440200596508e+04 
1.96689076761272e-01 9.96545335883093e+04 
1.96862588579205e-01 9.96676660802741e+04 
1.97036101589457e-01 9.96811533130589e+04 
1.97209617073682e-01 9.96954457844904e+04 
1.97383138782761e-01 9.97105785941456e+04 
1.97556666609033e-01 9.97217288954410e+04 
1.97730199235397e-01 9.97325946766198e+04 
1.97903733260300e-01 9.97448949725261e+04 
1.98077269419862e-01 9.97560906395349e+04 
1.98250808732367e-01 9.97660066145972e+04 
1.98424354690655e-01 9.97768099443621e+04 
1.98597907166847e-01 9.97845620018503e+04 
1.98771464735331e-01 9.97917369998355e+04 
1.98945024213812e-01 9.98003710111579e+04 
1.99118586485957e-01 9.98079395015309e+04 
1.99292152265203e-01 9.98140768177555e+04 
1.99465724812477e-01 9.98214596834770e+04 
1.99639304354745e-01 9.98264799124509e+04 
1.99812889346551e-01 9.98319037530483e+04 
1.99986476903649e-01 9.98398517270724e+04 
2.00160067933325e-01 9.98477490424296e+04 
