# Liste des scalaires : TEMPS pmat 
0.00000000000000e+00 1.00000000000000e+05 
7.22956891292051e-05 1.00000000000000e+05 
1.26463479917866e-04 1.00000000000000e+05 
1.81980170256384e-04 1.00000000000000e+05 
2.38637960266351e-04 1.00000000000000e+05 
2.94853183667593e-04 1.00000000000000e+05 
3.51218969775352e-04 1.00000000000000e+05 
4.08797231442885e-04 1.00000000000000e+05 
4.67169673133476e-04 1.00000000000000e+05 
5.25627393997204e-04 1.00000000000000e+05 
5.85293109018974e-04 1.00000000000000e+05 
6.46973202530301e-04 1.00000000000000e+05 
7.08497336163497e-04 1.00000000000000e+05 
7.71009473218262e-04 1.00000000000000e+05 
8.35510602018123e-04 1.00000000000000e+05 
9.00996325033332e-04 1.00000000000000e+05 
9.67073021167687e-04 1.00000000000000e+05 
1.03492860877575e-03 1.00000000000000e+05 
1.10567412937764e-03 1.00000000000000e+05 
1.17680352751470e-03 1.00000000000000e+05 
1.24914920364240e-03 1.00000000000000e+05 
1.32395528886283e-03 1.00000000000000e+05 
1.40218490562882e-03 1.00000000000000e+05 
1.48075243808539e-03 1.00000000000000e+05 
1.56115888367424e-03 1.00000000000000e+05 
1.64472380280764e-03 1.00000000000000e+05 
1.73088229300332e-03 1.00000000000000e+05 
1.81891496609603e-03 1.00000000000000e+05 
1.90926413951556e-03 1.00000000000000e+05 
2.00341502242472e-03 1.00000000000000e+05 
2.09984729495590e-03 1.00000000000000e+05 
2.19733133698456e-03 1.00000000000000e+05 
2.29215614659809e-03 1.00000000000000e+05 
2.39009209729078e-03 1.00000000000000e+05 
2.49031948877480e-03 1.00000000000000e+05 
2.59675409811719e-03 1.00000000000000e+05 
2.70415138965978e-03 1.00000000000000e+05 
2.81277984397898e-03 1.00000000000000e+05 
2.92357114749847e-03 1.00000000000000e+05 
3.03761599970598e-03 1.00000000000000e+05 
3.14710308725706e-03 1.00000000000000e+05 
3.26278075089284e-03 1.00000000000000e+05 
3.37579375166961e-03 1.00000000000000e+05 
3.49906354420443e-03 1.00000000000000e+05 
3.61784201226834e-03 1.00000000000000e+05 
3.74543284296309e-03 1.00000000000000e+05 
3.87032417698696e-03 1.00000000000000e+05 
3.98910192637777e-03 1.00000000000000e+05 
4.11640576388957e-03 1.00000000000000e+05 
4.24225615463490e-03 1.00000000000000e+05 
4.36446641807098e-03 1.00000000000000e+05 
4.49373761950070e-03 1.00000000000000e+05 
4.62611310159343e-03 1.00000000000000e+05 
4.76624540501298e-03 1.00000000000000e+05 
4.89586896974112e-03 1.00000000000000e+05 
5.03222652478569e-03 1.00000000000000e+05 
5.15986003382300e-03 1.00000000000000e+05 
5.29223644679542e-03 1.00000000000000e+05 
5.43052302318088e-03 1.00000000000000e+05 
5.57409086371256e-03 1.00000000000000e+05 
5.72066609453541e-03 1.00000000000000e+05 
5.87109112847677e-03 1.00000000000000e+05 
6.00289140237344e-03 1.00000000000000e+05 
6.14327860649630e-03 1.00000000000000e+05 
6.28519052812473e-03 1.00000000000000e+05 
6.42540282572885e-03 1.00000000000000e+05 
6.57507738352633e-03 1.00000000000000e+05 
6.72739176364268e-03 1.00000000000000e+05 
6.87486213152647e-03 1.00000000000000e+05 
7.02635027596898e-03 1.00000000000000e+05 
7.17672474101671e-03 1.00000000000000e+05 
7.32205626873157e-03 1.00000000000000e+05 
7.47627036045722e-03 1.00000000000000e+05 
7.62708562557698e-03 1.00000000000000e+05 
7.77528222155087e-03 1.00000000000000e+05 
7.92934193661201e-03 1.00000000000000e+05 
8.08089712683426e-03 1.00000000000000e+05 
8.23511929898100e-03 1.00000000000000e+05 
8.39293251246665e-03 1.00000000000000e+05 
8.55145199912622e-03 1.00000000000000e+05 
8.70192676958495e-03 1.00000000000000e+05 
8.85787693446176e-03 1.00000000000000e+05 
9.01050170599984e-03 1.00000000000000e+05 
9.16468908769637e-03 1.00000000000000e+05 
9.32462787859326e-03 1.00000000000000e+05 
9.48588732730167e-03 1.00000000000000e+05 
9.63906009938559e-03 1.00000000000000e+05 
9.79660262484053e-03 1.00000000000000e+05 
9.95014455760578e-03 1.00000000000000e+05 
1.01058606355646e-02 1.00000000000000e+05 
1.02647412429345e-02 1.00000000000000e+05 
1.04240503832567e-02 1.00000000000000e+05 
1.05791822133155e-02 1.00000000000000e+05 
1.07367033035610e-02 1.00000000000000e+05 
1.08930491160257e-02 1.00000000000000e+05 
1.10521494531687e-02 1.00000000000000e+05 
1.12166625774841e-02 1.00000000000000e+05 
1.13814549395853e-02 1.00000000000000e+05 
1.15423534658171e-02 1.00000000000000e+05 
1.17059750386373e-02 1.00000000000000e+05 
1.18677208139968e-02 1.00000000000000e+05 
1.20315598057737e-02 1.00000000000000e+05 
1.21977774760586e-02 1.00000000000000e+05 
1.23645294353611e-02 1.00000000000000e+05 
1.25278775574267e-02 1.00000000000000e+05 
1.26934817735561e-02 1.00000000000000e+05 
1.28576457911859e-02 1.00000000000000e+05 
1.30241589183794e-02 1.00000000000000e+05 
1.31925291911139e-02 1.00000000000000e+05 
1.33609345811392e-02 1.00000000000000e+05 
1.35252888338181e-02 1.00000000000000e+05 
1.36911666441083e-02 1.00000000000000e+05 
1.38556818378307e-02 1.00000000000000e+05 
1.40221140954464e-02 1.00000000000000e+05 
1.41900550359423e-02 1.00000000000000e+05 
1.43580944471865e-02 1.00000000000000e+05 
1.45181599556704e-02 1.00000000000000e+05 
1.46849141903604e-02 1.00000000000000e+05 
1.48502409782357e-02 1.00000000000000e+05 
1.50168410151797e-02 1.00000000000000e+05 
1.51859104096558e-02 1.00000000000000e+05 
1.53552874641212e-02 1.00000000000000e+05 
1.55205052503673e-02 1.00000000000000e+05 
1.56881664225321e-02 1.00000000000000e+05 
1.58534207329343e-02 1.00000000000000e+05 
1.60202800285154e-02 1.00000000000000e+05 
1.61889881280278e-02 1.00000000000000e+05 
1.63578617664703e-02 1.00000000000000e+05 
1.65235913852275e-02 1.00000000000000e+05 
1.66911873844736e-02 1.00000000000000e+05 
1.68571941023638e-02 1.00000000000000e+05 
1.70325025264887e-02 1.00000000000000e+05 
1.72101502953032e-02 1.00000000000000e+05 
1.73806633318890e-02 1.00000000000000e+05 
1.75474252482292e-02 1.00000000000000e+05 
1.77165843897652e-02 1.00000000000000e+05 
1.78840546065355e-02 1.00000000000000e+05 
1.80598798854843e-02 1.00000000000000e+05 
1.82397625848061e-02 1.00000000000000e+05 
1.84202523462981e-02 1.00000000000000e+05 
1.85877920195901e-02 1.00000000000000e+05 
1.87637146289175e-02 1.00000000000000e+05 
1.89328207353227e-02 1.00000000000000e+05 
1.91106218049172e-02 1.00000000000000e+05 
1.92875122452427e-02 1.00000000000000e+05 
1.94660380556118e-02 1.00000000000000e+05 
1.96390634649634e-02 1.00000000000000e+05 
1.98237499532878e-02 1.00000000000000e+05 
1.99985958072003e-02 1.00000000000000e+05 
2.01849292337180e-02 1.00000000000000e+05 
2.03733430741539e-02 1.00000000000000e+05 
2.05594384420612e-02 1.00000000000000e+05 
2.07441161185132e-02 1.00000000000000e+05 
2.09344798663444e-02 1.00000000000000e+05 
2.11189197394251e-02 1.00000000000000e+05 
2.13096651245503e-02 1.00000000000000e+05 
2.15041045673329e-02 1.00000000000000e+05 
2.16949074695015e-02 1.00000000000000e+05 
2.18869520284713e-02 1.00000000000000e+05 
2.20790216315611e-02 1.00000000000000e+05 
2.22657203579794e-02 1.00000000000000e+05 
2.24636129280472e-02 1.00000000000000e+05 
2.26561679017398e-02 1.00000000000000e+05 
2.28519470255696e-02 1.00000000000000e+05 
2.30297026803712e-02 1.00000000000000e+05 
2.32216076207019e-02 1.00000000000000e+05 
2.34103667744017e-02 1.00000000000000e+05 
2.36006983126221e-02 1.00000000000000e+05 
2.37965658604176e-02 1.00000000000000e+05 
2.39960811239619e-02 1.00000000000000e+05 
2.41872728665096e-02 1.00000000000000e+05 
2.43859413896735e-02 1.00000000000000e+05 
2.45781856231918e-02 1.00000000000000e+05 
2.47783653460741e-02 1.00000000000000e+05 
2.49765535805551e-02 1.00000000000000e+05 
2.51849662657977e-02 1.00000000000000e+05 
2.53792025417985e-02 1.00000000000000e+05 
2.55830210589926e-02 1.00000000000000e+05 
2.57780077091547e-02 1.00000000000000e+05 
2.59838893927334e-02 1.00000000000000e+05 
2.61891947518259e-02 1.00000000000000e+05 
2.63943985939025e-02 1.00000000000000e+05 
2.65938683478222e-02 1.00000000000000e+05 
2.67974169881130e-02 1.00000000000000e+05 
2.70014271942322e-02 1.00000000000000e+05 
2.72124992808996e-02 1.00000000000000e+05 
2.74210794572788e-02 1.00000000000000e+05 
2.76321579086804e-02 1.00000000000000e+05 
2.78358535752886e-02 1.00000000000000e+05 
2.80476183162235e-02 1.00000000000000e+05 
2.82491835730507e-02 1.00000000000000e+05 
2.84628128159430e-02 1.00000000000000e+05 
2.86737482901608e-02 1.00000000000000e+05 
2.88870890041987e-02 1.00000000000000e+05 
2.90960531890891e-02 1.00000000000000e+05 
2.93075200386177e-02 1.00000000000000e+05 
2.95172106130546e-02 1.00000000000000e+05 
2.97282380165212e-02 1.00000000000000e+05 
2.99478685023472e-02 1.00000000000000e+05 
3.01631641970150e-02 1.00000000000000e+05 
3.03810296886068e-02 1.00000000000000e+05 
3.05980550493566e-02 1.00000000000000e+05 
3.08086625961829e-02 1.00000000000000e+05 
3.10225989877356e-02 1.00000000000000e+05 
3.12468384838057e-02 1.00000000000000e+05 
3.14685062570222e-02 1.00000000000000e+05 
3.16823524869182e-02 1.00000000000000e+05 
3.19064407475592e-02 1.00000000000000e+05 
3.21239303057634e-02 1.00000000000000e+05 
3.23480949963883e-02 1.00000000000000e+05 
3.25724260413864e-02 1.00000000000000e+05 
3.27968682846736e-02 1.00000000000000e+05 
3.30211046873900e-02 1.00000000000000e+05 
3.32452744187389e-02 1.00000000000000e+05 
3.34668044231645e-02 1.00000000000000e+05 
3.36910634630933e-02 1.00000000000000e+05 
3.39154767758728e-02 1.00000000000000e+05 
3.41399834111689e-02 1.00000000000000e+05 
3.43642804507484e-02 1.00000000000000e+05 
3.45885352781929e-02 1.00000000000000e+05 
3.48127908383773e-02 1.00000000000000e+05 
3.50372279238103e-02 1.00000000000000e+05 
3.52618600660306e-02 1.00000000000000e+05 
3.54866107008703e-02 1.00000000000000e+05 
3.57111689684636e-02 1.00000000000000e+05 
3.59356827462600e-02 1.00000000000000e+05 
3.61601870323643e-02 1.00000000000000e+05 
3.63848815635308e-02 1.00000000000000e+05 
3.66097827868811e-02 1.00000000000000e+05 
3.68348260256448e-02 1.00000000000000e+05 
3.70597105940302e-02 1.00000000000000e+05 
3.72845587221534e-02 1.00000000000000e+05 
3.75093891454094e-02 1.00000000000000e+05 
3.77343898180410e-02 1.00000000000000e+05 
3.79595699574361e-02 1.00000000000000e+05 
3.81848583815550e-02 1.00000000000000e+05 
3.84099633364033e-02 1.00000000000000e+05 
3.86350269355687e-02 1.00000000000000e+05 
3.88600684786935e-02 1.00000000000000e+05 
3.90852994710740e-02 1.00000000000000e+05 
3.93107369097841e-02 1.00000000000000e+05 
3.95363176389409e-02 1.00000000000000e+05 
3.97617690004915e-02 1.00000000000000e+05 
3.99872202945289e-02 1.00000000000000e+05 
4.02126824055808e-02 1.00000000000000e+05 
4.04383489145407e-02 1.00000000000000e+05 
4.06642155927919e-02 1.00000000000000e+05 
4.08902172263998e-02 1.00000000000000e+05 
4.11160861786764e-02 1.00000000000000e+05 
4.13419493371784e-02 1.00000000000000e+05 
4.15678269998936e-02 1.00000000000000e+05 
4.17939128431251e-02 1.00000000000000e+05 
4.20201968951608e-02 1.00000000000000e+05 
4.22466286669626e-02 1.00000000000000e+05 
4.24729596103950e-02 1.00000000000000e+05 
4.26993133374722e-02 1.00000000000000e+05 
4.29257279842906e-02 1.00000000000000e+05 
4.31523861130197e-02 1.00000000000000e+05 
4.33792574410952e-02 1.00000000000000e+05 
4.36062920267647e-02 1.00000000000000e+05 
4.38332485932409e-02 1.00000000000000e+05 
4.40602226263446e-02 1.00000000000000e+05 
4.42872554345588e-02 1.00000000000000e+05 
4.45145115746064e-02 1.00000000000000e+05 
4.47419514251473e-02 1.00000000000000e+05 
4.49695300835322e-02 1.00000000000000e+05 
4.51970156677330e-02 1.00000000000000e+05 
4.54244938883784e-02 1.00000000000000e+05 
4.56520178645446e-02 1.00000000000000e+05 
4.58797442751427e-02 1.00000000000000e+05 
4.61076269019531e-02 1.00000000000000e+05 
4.63356260468116e-02 1.00000000000000e+05 
4.65635164029514e-02 1.00000000000000e+05 
4.67913754602008e-02 1.00000000000000e+05 
4.70192645001716e-02 1.00000000000000e+05 
4.72473352805022e-02 1.00000000000000e+05 
4.74755383373022e-02 1.00000000000000e+05 
4.77038391494060e-02 1.00000000000000e+05 
4.79320160668550e-02 1.00000000000000e+05 
4.81601428658491e-02 1.00000000000000e+05 
4.83882842432890e-02 1.00000000000000e+05 
4.86165879995950e-02 1.00000000000000e+05 
4.88450044751581e-02 1.00000000000000e+05 
4.90735051228769e-02 1.00000000000000e+05 
4.93018757257136e-02 1.00000000000000e+05 
4.95301917085626e-02 1.00000000000000e+05 
4.97585289195945e-02 1.00000000000000e+05 
4.99870346193899e-02 1.00000000000000e+05 
5.02156599165446e-02 1.00000000000000e+05 
5.04443815468248e-02 1.00000000000000e+05 
5.06729951044857e-02 1.00000000000000e+05 
5.09015671538030e-02 1.00000000000000e+05 
5.11301776064786e-02 1.00000000000000e+05 
5.13589643401353e-02 1.00000000000000e+05 
5.15878700842445e-02 1.00000000000000e+05 
5.18168710973416e-02 1.00000000000000e+05 
5.20457659886938e-02 1.00000000000000e+05 
5.22746123357536e-02 1.00000000000000e+05 
5.25034908483876e-02 1.00000000000000e+05 
5.27325344046169e-02 1.00000000000000e+05 
5.29616845311308e-02 1.00000000000000e+05 
5.31909227982565e-02 1.00000000000000e+05 
5.34200555007188e-02 1.00000000000000e+05 
5.36491407989374e-02 1.00000000000000e+05 
5.38782638226974e-02 1.00000000000000e+05 
5.41075543069485e-02 1.00000000000000e+05 
5.43369517001105e-02 1.00000000000000e+05 
5.45664401870986e-02 1.00000000000000e+05 
5.47958335867860e-02 1.00000000000000e+05 
5.50251824054769e-02 1.00000000000000e+05 
5.52545729257343e-02 1.00000000000000e+05 
5.54841281204053e-02 1.00000000000000e+05 
5.57137827595510e-02 1.00000000000000e+05 
5.59435225426386e-02 1.00000000000000e+05 
5.61731629478171e-02 1.00000000000000e+05 
5.64027524363722e-02 1.00000000000000e+05 
5.66323786494398e-02 1.00000000000000e+05 
5.68621645221615e-02 1.00000000000000e+05 
5.70920449584556e-02 1.00000000000000e+05 
5.73220085586947e-02 1.00000000000000e+05 
5.75518761079674e-02 1.00000000000000e+05 
5.77816934610735e-02 1.00000000000000e+05 
5.80115473216670e-02 1.00000000000000e+05 
5.82415560957728e-02 1.00000000000000e+05 
5.84716525204456e-02 1.00000000000000e+05 
5.87018242720396e-02 1.00000000000000e+05 
5.89318968115624e-02 1.00000000000000e+05 
5.91619147818905e-02 1.00000000000000e+05 
5.93919662005000e-02 1.00000000000000e+05 
5.96221694738110e-02 1.00000000000000e+05 
5.98524623621990e-02 1.00000000000000e+05 
6.00828347545752e-02 1.00000000000000e+05 
6.03131208779379e-02 1.00000000000000e+05 
6.05433582032310e-02 1.00000000000000e+05 
6.07736323217954e-02 1.00000000000000e+05 
6.10040550775490e-02 1.00000000000000e+05 
6.12345601387470e-02 1.00000000000000e+05 
6.14651367332461e-02 1.00000000000000e+05 
6.16956247529218e-02 1.00000000000000e+05 
6.19260585582980e-02 1.00000000000000e+05 
6.21565239806369e-02 1.00000000000000e+05 
6.23871306658246e-02 1.00000000000000e+05 
6.26178133621379e-02 1.00000000000000e+05 
6.28485614004970e-02 1.00000000000000e+05 
6.30792198928626e-02 1.00000000000000e+05 
6.33098229434008e-02 1.00000000000000e+05 
6.35404538365458e-02 1.00000000000000e+05 
6.37712209650215e-02 1.00000000000000e+05 
6.40020616029876e-02 1.00000000000000e+05 
6.42329651552711e-02 1.00000000000000e+05 
6.44637832188212e-02 1.00000000000000e+05 
6.46945486375912e-02 1.00000000000000e+05 
6.49253430132661e-02 1.00000000000000e+05 
6.51562709041298e-02 1.00000000000000e+05 
6.53872693058097e-02 1.00000000000000e+05 
6.56183261890953e-02 1.00000000000000e+05 
6.58492986367531e-02 1.00000000000000e+05 
6.60802149971533e-02 1.00000000000000e+05 
6.63111550550181e-02 1.00000000000000e+05 
6.65422211909847e-02 1.00000000000000e+05 
6.67733516373638e-02 1.00000000000000e+05 
6.70045347447078e-02 1.00000000000000e+05 
6.72356332590407e-02 1.00000000000000e+05 
6.74666760685541e-02 1.00000000000000e+05 
6.76977422556427e-02 1.00000000000000e+05 
6.79289065074224e-02 1.00000000000000e+05 
6.81601553853841e-02 1.00000000000000e+05 
6.83914495649997e-02 1.00000000000000e+05 
6.86226782938171e-02 1.00000000000000e+05 
6.88538450375036e-02 1.00000000000000e+05 
6.90849828220162e-02 1.00000000000000e+05 
6.93162017907700e-02 1.00000000000000e+05 
6.95474945338689e-02 1.00000000000000e+05 
6.97788221831218e-02 1.00000000000000e+05 
7.00100771843083e-02 1.00000000000000e+05 
7.02412667153091e-02 1.00000000000000e+05 
7.04724268599166e-02 1.00000000000000e+05 
7.07036674181734e-02 1.00000000000000e+05 
7.09349826755425e-02 1.00000000000000e+05 
7.11663357760188e-02 1.00000000000000e+05 
7.13976248474084e-02 1.00000000000000e+05 
7.16288543485873e-02 1.00000000000000e+05 
7.18600577570516e-02 1.00000000000000e+05 
7.20913423797950e-02 1.00000000000000e+05 
7.23227011676702e-02 1.00000000000000e+05 
7.25540966889906e-02 1.00000000000000e+05 
7.27854334699961e-02 1.00000000000000e+05 
7.30167120607656e-02 1.00000000000000e+05 
7.32479683882162e-02 1.00000000000000e+05 
7.34793078901727e-02 1.00000000000000e+05 
7.37107232824218e-02 1.00000000000000e+05 
7.39421775470162e-02 1.00000000000000e+05 
7.41735789275439e-02 1.00000000000000e+05 
7.44049287322185e-02 1.00000000000000e+05 
7.46362632826551e-02 1.00000000000000e+05 
7.48676863514649e-02 1.00000000000000e+05 
7.50991908076801e-02 1.00000000000000e+05 
7.53307394502795e-02 1.00000000000000e+05 
7.55622455962599e-02 1.00000000000000e+05 
7.57937057233838e-02 1.00000000000000e+05 
7.60251571646062e-02 1.00000000000000e+05 
7.62567028343246e-02 1.00000000000000e+05 
7.64883341548000e-02 1.00000000000000e+05 
7.67200139995760e-02 1.00000000000000e+05 
7.69516589705775e-02 1.00000000000000e+05 
7.71832638060019e-02 1.00000000000000e+05 
7.74148689683465e-02 1.00000000000000e+05 
7.76465756323091e-02 1.00000000000000e+05 
7.78783409869643e-02 1.00000000000000e+05 
7.81100823461123e-02 1.00000000000000e+05 
7.83417555769787e-02 1.00000000000000e+05 
7.85733645267124e-02 1.00000000000000e+05 
7.88049396557103e-02 1.00000000000000e+05 
7.90365387395873e-02 1.00000000000000e+05 
7.92681562264362e-02 1.00000000000000e+05 
7.94997556016814e-02 1.00000000000000e+05 
7.97312816692734e-02 1.00000000000000e+05 
7.99627297957792e-02 1.00000000000000e+05 
8.01941601686002e-02 1.00000000000000e+05 
8.04256441659700e-02 1.00000000000000e+05 
8.06571800807020e-02 1.00000000000000e+05 
8.08887330217802e-02 1.00000000000000e+05 
8.11202521368569e-02 1.00000000000000e+05 
8.13517232302423e-02 1.00000000000000e+05 
8.15832118455134e-02 1.00000000000000e+05 
8.18147636603356e-02 1.00000000000000e+05 
8.20463203794992e-02 1.00000000000000e+05 
8.22778428341062e-02 1.00000000000000e+05 
8.25092544569869e-02 1.00000000000000e+05 
8.27405980357974e-02 1.00000000000000e+05 
8.29719071570911e-02 1.00000000000000e+05 
8.32032397172309e-02 1.00000000000000e+05 
8.34345899101490e-02 1.00000000000000e+05 
8.36659193393481e-02 1.00000000000000e+05 
8.38971555494787e-02 1.00000000000000e+05 
8.41283399859365e-02 1.00000000000000e+05 
8.43595068455840e-02 1.00000000000000e+05 
8.45907153029974e-02 1.00000000000000e+05 
8.48219588752053e-02 1.00000000000000e+05 
8.50532015021822e-02 1.00000000000000e+05 
8.52843714443277e-02 1.00000000000000e+05 
8.55155093146528e-02 1.00000000000000e+05 
8.57466514281315e-02 1.00000000000000e+05 
8.59778603476413e-02 1.00000000000000e+05 
8.62091269916718e-02 1.00000000000000e+05 
8.64404172718916e-02 1.00000000000000e+05 
8.66716615753786e-02 1.00000000000000e+05 
8.69028997491683e-02 1.00000000000000e+05 
8.71341690139281e-02 1.00000000000000e+05 
8.73655371168303e-02 1.00000000000000e+05 
8.75969892844670e-02 1.00000000000000e+05 
8.78284965012720e-02 1.00000000000000e+05 
8.80599845727850e-02 1.00000000000000e+05 
8.82914936787956e-02 1.00000000000000e+05 
8.85230626349082e-02 1.00000000000000e+05 
8.87547632017413e-02 1.00000000000000e+05 
8.89865706532194e-02 1.00000000000000e+05 
8.92184604836987e-02 1.00000000000000e+05 
8.94503511699776e-02 1.00000000000000e+05 
8.96822827317849e-02 1.00000000000000e+05 
8.99142972873758e-02 1.00000000000000e+05 
9.01464707055816e-02 1.00000000000000e+05 
9.03787734985748e-02 1.00000000000000e+05 
9.06111838197921e-02 1.00000000000000e+05 
9.08436112219869e-02 1.00000000000000e+05 
9.10760934085317e-02 1.00000000000000e+05 
9.13086744630965e-02 1.00000000000000e+05 
9.15414375496070e-02 1.00000000000000e+05 
9.17743474874503e-02 1.00000000000000e+05 
9.20073849655041e-02 1.00000000000000e+05 
9.22404576625812e-02 1.00000000000000e+05 
9.24736001252743e-02 1.00000000000000e+05 
9.27068574149563e-02 1.00000000000000e+05 
9.29403117165373e-02 1.00000000000000e+05 
9.31739237217393e-02 1.00000000000000e+05 
9.34076763800553e-02 1.00000000000000e+05 
9.36414770975422e-02 1.00000000000000e+05 
9.38753589307902e-02 1.00000000000000e+05 
9.41093634982045e-02 1.00000000000000e+05 
9.43435712557807e-02 1.00000000000000e+05 
9.45779419123675e-02 1.00000000000000e+05 
9.48124603929660e-02 1.00000000000000e+05 
9.50470341055685e-02 1.00000000000000e+05 
9.52816937448228e-02 1.00000000000000e+05 
9.55164789103658e-02 1.00000000000000e+05 
9.57514484682120e-02 1.00000000000000e+05 
9.59865143866832e-02 1.00000000000000e+05 
9.62216645342165e-02 1.00000000000000e+05 
9.64567927445474e-02 1.00000000000000e+05 
9.66919170189397e-02 1.00000000000000e+05 
9.69270735830884e-02 1.00000000000000e+05 
9.71623477180045e-02 1.00000000000000e+05 
9.73977092452111e-02 1.00000000000000e+05 
9.76331415283772e-02 1.00000000000000e+05 
9.78685527337468e-02 1.00000000000000e+05 
9.81039575812874e-02 1.00000000000000e+05 
9.83393831321770e-02 1.00000000000000e+05 
9.85749075129429e-02 1.00000000000000e+05 
9.88105111260577e-02 1.00000000000000e+05 
9.90461747404165e-02 1.00000000000000e+05 
9.92818183488553e-02 1.00000000000000e+05 
9.95174532971905e-02 1.00000000000000e+05 
9.97530994435383e-02 1.00000000000000e+05 
9.99888274044026e-02 1.00000000000000e+05 
1.00224626711102e-01 1.00000000000000e+05 
1.00460460837192e-01 1.00000000000000e+05 
1.00696286202202e-01 1.00000000000000e+05 
1.00932086451753e-01 1.00000000000000e+05 
1.01167892344560e-01 1.00000000000000e+05 
1.01403725992900e-01 1.00000000000000e+05 
1.01639571814270e-01 1.00000000000000e+05 
1.01875422402283e-01 1.00000000000000e+05 
1.02111258541453e-01 1.00000000000000e+05 
1.02347067567926e-01 1.00000000000000e+05 
1.02582877489681e-01 1.00000000000000e+05 
1.02818713981971e-01 1.00000000000000e+05 
1.03054560461684e-01 1.00000000000000e+05 
1.03290409341290e-01 1.00000000000000e+05 
1.03526210150132e-01 1.00000000000000e+05 
1.03761972723086e-01 1.00000000000000e+05 
1.03997689772722e-01 1.00000000000000e+05 
1.04233398063805e-01 1.00000000000000e+05 
1.04469116529451e-01 1.00000000000000e+05 
1.04704822558275e-01 1.00000000000000e+05 
1.04940483004930e-01 1.00000000000000e+05 
1.05176111872717e-01 1.00000000000000e+05 
1.05411700681981e-01 1.00000000000000e+05 
1.05647282432980e-01 1.00000000000000e+05 
1.05882877838802e-01 1.00000000000000e+05 
1.06118463879742e-01 1.00000000000000e+05 
1.06354010565837e-01 1.00000000000000e+05 
1.06589531723723e-01 1.00000000000000e+05 
1.06825018689455e-01 1.00000000000000e+05 
1.07060501930706e-01 1.00000000000000e+05 
1.07296003583018e-01 1.00000000000000e+05 
1.07531499932894e-01 1.00000000000000e+05 
1.07766963180950e-01 1.00000000000000e+05 
1.08002405956104e-01 1.00000000000000e+05 
1.08237819496170e-01 1.00000000000000e+05 
1.08473232375575e-01 1.00000000000000e+05 
1.08708667190016e-01 1.00000000000000e+05 
1.08944098365165e-01 1.00000000000000e+05 
1.09179498301323e-01 1.00000000000000e+05 
1.09414878636103e-01 1.00000000000000e+05 
1.09650230337086e-01 1.00000000000000e+05 
1.09885581445749e-01 1.00000000000000e+05 
1.10120954751028e-01 1.00000000000000e+05 
1.10356323194562e-01 1.00000000000000e+05 
1.10591658971174e-01 1.00000000000000e+05 
1.10826973991722e-01 1.00000000000000e+05 
1.11062259850053e-01 1.00000000000000e+05 
1.11297544962648e-01 1.00000000000000e+05 
1.11532852719925e-01 1.00000000000000e+05 
1.11768155679012e-01 1.00000000000000e+05 
1.12003425987763e-01 1.00000000000000e+05 
1.12238676811322e-01 1.00000000000000e+05 
1.12473899628213e-01 1.00000000000000e+05 
1.12709123031624e-01 1.00000000000000e+05 
1.12944370371259e-01 1.00000000000000e+05 
1.13179613636459e-01 1.00000000000000e+05 
1.13414825435785e-01 1.00000000000000e+05 
1.13650020232173e-01 1.00000000000000e+05 
1.13885188128948e-01 1.00000000000000e+05 
1.14120356470014e-01 1.00000000000000e+05 
1.14355548418345e-01 1.00000000000000e+05 
1.14590735178781e-01 1.00000000000000e+05 
1.14825890972945e-01 1.00000000000000e+05 
1.15061031136823e-01 1.00000000000000e+05 
1.15296147545891e-01 1.00000000000000e+05 
1.15531264809145e-01 1.00000000000000e+05 
1.15766407150873e-01 1.00000000000000e+05 
1.16001546380743e-01 1.00000000000000e+05 
1.16236659022679e-01 1.00000000000000e+05 
1.16471760328406e-01 1.00000000000000e+05 
1.16706841700169e-01 1.00000000000000e+05 
1.16941926271746e-01 1.00000000000000e+05 
1.17177038546790e-01 1.00000000000000e+05 
1.17412149303245e-01 1.00000000000000e+05 
1.17647235492834e-01 1.00000000000000e+05 
1.17882311570010e-01 1.00000000000000e+05 
1.18117367728982e-01 1.00000000000000e+05 
1.18352426644102e-01 1.00000000000000e+05 
1.18587513523546e-01 1.00000000000000e+05 
1.18822598452299e-01 1.00000000000000e+05 
1.19057658634717e-01 1.00000000000000e+05 
1.19292709921392e-01 1.00000000000000e+05 
1.19527741860076e-01 1.00000000000000e+05 
1.19762776546586e-01 1.00000000000000e+05 
1.19997839291309e-01 1.00000000000000e+05 
1.20232900391298e-01 1.00000000000000e+05 
1.20467938673519e-01 1.00000000000000e+05 
1.20702970901690e-01 1.00000000000000e+05 
1.20937986764173e-01 1.00000000000000e+05 
1.21173007864250e-01 1.00000000000000e+05 
1.21408058907345e-01 1.00000000000000e+05 
1.21643110772694e-01 1.00000000000000e+05 
1.21878144020392e-01 1.00000000000000e+05 
1.22113174856967e-01 1.00000000000000e+05 
1.22348192988886e-01 1.00000000000000e+05 
1.22583219633726e-01 1.00000000000000e+05 
1.22818279290042e-01 1.00000000000000e+05 
1.23053343043978e-01 1.00000000000000e+05 
1.23288390874531e-01 1.00000000000000e+05 
1.23523438155554e-01 1.00000000000000e+05 
1.23758473643431e-01 1.00000000000000e+05 
1.23993518311877e-01 1.00000000000000e+05 
1.24228597048039e-01 1.00000000000000e+05 
1.24463680566891e-01 1.00000000000000e+05 
1.24698747698737e-01 1.00000000000000e+05 
1.24933813050275e-01 1.00000000000000e+05 
1.25168864570260e-01 1.00000000000000e+05 
1.25403924133570e-01 1.00000000000000e+05 
1.25639017472802e-01 1.00000000000000e+05 
1.25874115664370e-01 1.00000000000000e+05 
1.26109198082022e-01 1.00000000000000e+05 
1.26344278584145e-01 1.00000000000000e+05 
1.26579344500421e-01 1.00000000000000e+05 
1.26814420337844e-01 1.00000000000000e+05 
1.27049532106334e-01 1.00000000000000e+05 
1.27284650899083e-01 1.00000000000000e+05 
1.27519756110909e-01 1.00000000000000e+05 
1.27754859917064e-01 1.00000000000000e+05 
1.27989949497734e-01 1.00000000000000e+05 
1.28225049879339e-01 1.00000000000000e+05 
1.28460186440895e-01 1.00000000000000e+05 
1.28695330187041e-01 1.00000000000000e+05 
1.28930460060078e-01 1.00000000000000e+05 
1.29165586535374e-01 1.00000000000000e+05 
1.29400695879495e-01 1.00000000000000e+05 
1.29635814927982e-01 1.00000000000000e+05 
1.29870968664545e-01 1.00000000000000e+05 
1.30106128223732e-01 1.00000000000000e+05 
1.30341272797931e-01 1.00000000000000e+05 
1.30576411587341e-01 1.00000000000000e+05 
1.30811531817330e-01 1.00000000000000e+05 
1.31046661262211e-01 1.00000000000000e+05 
1.31281825187160e-01 1.00000000000000e+05 
1.31516995495444e-01 1.00000000000000e+05 
1.31752151972758e-01 1.00000000000000e+05 
1.31987303023895e-01 1.00000000000000e+05 
1.32222436709436e-01 1.00000000000000e+05 
1.32457580872323e-01 1.00000000000000e+05 
1.32692760759671e-01 1.00000000000000e+05 
1.32927948186129e-01 1.00000000000000e+05 
1.33163123401401e-01 1.00000000000000e+05 
1.33398294095529e-01 1.00000000000000e+05 
1.33633448136201e-01 1.00000000000000e+05 
1.33868612750784e-01 1.00000000000000e+05 
1.34103812933649e-01 1.00000000000000e+05 
1.34339019957792e-01 1.00000000000000e+05 
1.34574214315617e-01 1.00000000000000e+05 
1.34809405686586e-01 1.00000000000000e+05 
1.35044579527814e-01 1.00000000000000e+05 
1.35279763102086e-01 1.00000000000000e+05 
1.35514981603363e-01 1.00000000000000e+05 
1.35750206258662e-01 1.00000000000000e+05 
1.35985417502678e-01 1.00000000000000e+05 
1.36220630074791e-01 1.00000000000000e+05 
1.36455828139658e-01 1.00000000000000e+05 
1.36691037344460e-01 1.00000000000000e+05 
1.36926283179012e-01 1.00000000000000e+05 
1.37161536305435e-01 1.00000000000000e+05 
1.37396776466209e-01 1.00000000000000e+05 
1.37632022540980e-01 1.00000000000000e+05 
1.37867257686681e-01 1.00000000000000e+05 
1.38102505623309e-01 1.00000000000000e+05 
1.38337791503286e-01 1.00000000000000e+05 
1.38573084839502e-01 1.00000000000000e+05 
1.38808364061701e-01 1.00000000000000e+05 
1.39043649034596e-01 1.00000000000000e+05 
1.39278922149356e-01 1.00000000000000e+05 
1.39514207065386e-01 1.00000000000000e+05 
1.39749528178878e-01 1.00000000000000e+05 
1.39984854789535e-01 1.00000000000000e+05 
1.40220164544138e-01 1.00000000000000e+05 
1.40455476577559e-01 1.00000000000000e+05 
1.40690773478263e-01 1.00000000000000e+05 
1.40926079258257e-01 1.00000000000000e+05 
1.41161417687191e-01 1.00000000000000e+05 
1.41396758393295e-01 1.00000000000000e+05 
1.41632079057264e-01 1.00000000000000e+05 
1.41867398271667e-01 1.00000000000000e+05 
1.42102699400211e-01 1.00000000000000e+05 
1.42338007491713e-01 1.00000000000000e+05 
1.42573346782736e-01 1.00000000000000e+05 
1.42808688094134e-01 1.00000000000000e+05 
1.43044009045771e-01 1.00000000000000e+05 
1.43279327218074e-01 1.00000000000000e+05 
1.43514626624413e-01 1.00000000000000e+05 
1.43749933641687e-01 1.00000000000000e+05 
1.43985272112897e-01 1.00000000000000e+05 
1.44220613400326e-01 1.00000000000000e+05 
1.44455935153468e-01 1.00000000000000e+05 
1.44691252479589e-01 1.00000000000000e+05 
1.44926549857319e-01 1.00000000000000e+05 
1.45161855107131e-01 1.00000000000000e+05 
1.45397191437376e-01 1.00000000000000e+05 
1.45632530994882e-01 1.00000000000000e+05 
1.45867851671818e-01 1.00000000000000e+05 
1.46103166596037e-01 1.00000000000000e+05 
1.46338460683620e-01 1.00000000000000e+05 
1.46573762808240e-01 1.00000000000000e+05 
1.46809094961831e-01 1.00000000000000e+05 
1.47044429720374e-01 1.00000000000000e+05 
1.47279745363192e-01 1.00000000000000e+05 
1.47515054000612e-01 1.00000000000000e+05 
1.47750340763086e-01 1.00000000000000e+05 
1.47985634580038e-01 1.00000000000000e+05 
1.48220956610257e-01 1.00000000000000e+05 
1.48456279810773e-01 1.00000000000000e+05 
1.48691583061390e-01 1.00000000000000e+05 
1.48926878501644e-01 1.00000000000000e+05 
1.49162151410349e-01 1.00000000000000e+05 
1.49397429073793e-01 1.00000000000000e+05 
1.49632732482125e-01 1.00000000000000e+05 
1.49868035344681e-01 1.00000000000000e+05 
1.50103316945603e-01 1.00000000000000e+05 
1.50338591207165e-01 1.00000000000000e+05 
1.50573843711233e-01 1.00000000000000e+05 
1.50809099602894e-01 1.00000000000000e+05 
1.51044380093273e-01 1.00000000000000e+05 
1.51279659387858e-01 1.00000000000000e+05 
1.51514916838290e-01 1.00000000000000e+05 
1.51750168855066e-01 1.00000000000000e+05 
1.51985401507562e-01 1.00000000000000e+05 
1.52220637752721e-01 1.00000000000000e+05 
1.52455898769361e-01 1.00000000000000e+05 
1.52691159281585e-01 1.00000000000000e+05 
1.52926398944496e-01 1.00000000000000e+05 
1.53161635506096e-01 1.00000000000000e+05 
1.53396855170520e-01 1.00000000000000e+05 
1.53632079518955e-01 1.00000000000000e+05 
1.53867329495899e-01 1.00000000000000e+05 
1.54102580163286e-01 1.00000000000000e+05 
1.54337811524946e-01 1.00000000000000e+05 
1.54573041316599e-01 1.00000000000000e+05 
1.54808255840678e-01 1.00000000000000e+05 
1.55043476288392e-01 1.00000000000000e+05 
1.55278723486509e-01 1.00000000000000e+05 
1.55513972987858e-01 1.00000000000000e+05 
1.55749205178808e-01 1.00000000000000e+05 
1.55984436537799e-01 1.00000000000000e+05 
1.56219653583612e-01 1.00000000000000e+05 
1.56454877950794e-01 1.00000000000000e+05 
1.56690129724221e-01 1.00000000000000e+05 
1.56925384888427e-01 1.00000000000000e+05 
1.57160624340419e-01 1.00000000000000e+05 
1.57395863388383e-01 1.00000000000000e+05 
1.57631088729970e-01 1.00000000000000e+05 
1.57866322232498e-01 1.00000000000000e+05 
1.58101583458472e-01 1.00000000000000e+05 
1.58336848796874e-01 1.00000000000000e+05 
1.58572099782148e-01 1.00000000000000e+05 
1.58807350848404e-01 1.00000000000000e+05 
1.59042588941488e-01 1.00000000000000e+05 
1.59277835820885e-01 1.00000000000000e+05 
1.59513110742640e-01 1.00000000000000e+05 
1.59748390549479e-01 1.00000000000000e+05 
1.59983657422782e-01 1.00000000000000e+05 
1.60218924537985e-01 1.00000000000000e+05 
1.60454178891104e-01 1.00000000000000e+05 
1.60689442451645e-01 1.00000000000000e+05 
1.60924733996187e-01 1.00000000000000e+05 
1.61160030599915e-01 1.00000000000000e+05 
1.61395315040469e-01 1.00000000000000e+05 
1.61630598509653e-01 1.00000000000000e+05 
1.61865867632307e-01 1.00000000000000e+05 
1.62101145498130e-01 1.00000000000000e+05 
1.62336450350147e-01 1.00000000000000e+05 
1.62571759519833e-01 1.00000000000000e+05 
1.62807056330923e-01 1.00000000000000e+05 
1.63042349551129e-01 1.00000000000000e+05 
1.63277627547994e-01 1.00000000000000e+05 
1.63512913600242e-01 1.00000000000000e+05 
1.63748225858593e-01 1.00000000000000e+05 
1.63983542296367e-01 1.00000000000000e+05 
1.64218846809528e-01 1.00000000000000e+05 
1.64454147556940e-01 1.00000000000000e+05 
1.64689433994113e-01 1.00000000000000e+05 
1.64924729200725e-01 1.00000000000000e+05 
1.65160051282437e-01 1.00000000000000e+05 
1.65395378759015e-01 1.00000000000000e+05 
1.65630695869537e-01 1.00000000000000e+05 
1.65866011061963e-01 1.00000000000000e+05 
1.66101313581651e-01 1.00000000000000e+05 
1.66336626511381e-01 1.00000000000000e+05 
1.66571967663465e-01 1.00000000000000e+05 
1.66807315738918e-01 1.00000000000000e+05 
1.67042655185174e-01 1.00000000000000e+05 
1.67277994598167e-01 1.00000000000000e+05 
1.67513322971067e-01 1.00000000000000e+05 
1.67748663229433e-01 1.00000000000000e+05 
1.67984032678566e-01 1.00000000000000e+05 
1.68219409975828e-01 1.00000000000000e+05 
1.68454779840749e-01 1.00000000000000e+05 
1.68690150737328e-01 1.00000000000000e+05 
1.68925511808370e-01 1.00000000000000e+05 
1.69160885452384e-01 1.00000000000000e+05 
1.69396288666248e-01 1.00000000000000e+05 
1.69631700074286e-01 1.00000000000000e+05 
1.69867104760105e-01 1.00000000000000e+05 
1.70102511136531e-01 1.00000000000000e+05 
1.70337908328492e-01 1.00000000000000e+05 
1.70573318701253e-01 1.00000000000000e+05 
1.70808758772450e-01 1.00000000000000e+05 
1.71044207164766e-01 1.00000000000000e+05 
1.71279649370140e-01 1.00000000000000e+05 
1.71515093894686e-01 1.00000000000000e+05 
1.71750529609409e-01 1.00000000000000e+05 
1.71985978959164e-01 1.00000000000000e+05 
1.72221458081042e-01 1.00000000000000e+05 
1.72456945498940e-01 1.00000000000000e+05 
1.72692426873577e-01 1.00000000000000e+05 
1.72927911228053e-01 1.00000000000000e+05 
1.73163386899157e-01 1.00000000000000e+05 
1.73398876413344e-01 1.00000000000000e+05 
1.73634395496987e-01 1.00000000000000e+05 
1.73869922683885e-01 1.00000000000000e+05 
1.74105443522577e-01 1.00000000000000e+05 
1.74340967837818e-01 1.00000000000000e+05 
1.74576483491347e-01 1.00000000000000e+05 
1.74812012920131e-01 1.00000000000000e+05 
1.75047571716331e-01 1.00000000000000e+05 
1.75283138492187e-01 1.00000000000000e+05 
1.75518698542345e-01 1.00000000000000e+05 
1.75754262559450e-01 1.00000000000000e+05 
1.75989817662899e-01 1.00000000000000e+05 
1.76225386606347e-01 1.00000000000000e+05 
1.76460985148116e-01 1.00000000000000e+05 
1.76696591830825e-01 1.00000000000000e+05 
1.76932191972982e-01 1.00000000000000e+05 
1.77167796384518e-01 1.00000000000000e+05 
1.77403391675123e-01 1.00000000000000e+05 
1.77639000846150e-01 1.00000000000000e+05 
1.77874639783843e-01 1.00000000000000e+05 
1.78110286842855e-01 1.00000000000000e+05 
1.78345927238429e-01 1.00000000000000e+05 
1.78581571776951e-01 1.00000000000000e+05 
1.78817206668144e-01 1.00000000000000e+05 
1.79052854893061e-01 1.00000000000000e+05 
1.79288532307985e-01 1.00000000000000e+05 
1.79524217385096e-01 1.00000000000000e+05 
1.79759895028473e-01 1.00000000000000e+05 
1.79995576397370e-01 1.00000000000000e+05 
1.80231247392670e-01 1.00000000000000e+05 
1.80466931167482e-01 1.00000000000000e+05 
1.80702643726964e-01 1.00000000000000e+05 
1.80938363785618e-01 1.00000000000000e+05 
1.81174076204362e-01 1.00000000000000e+05 
1.81409792147605e-01 1.00000000000000e+05 
1.81645497383574e-01 1.00000000000000e+05 
1.81881214967796e-01 1.00000000000000e+05 
1.82116961021275e-01 1.00000000000000e+05 
1.82352714427276e-01 1.00000000000000e+05 
1.82588459979873e-01 1.00000000000000e+05 
1.82824208646580e-01 1.00000000000000e+05 
1.83059945994198e-01 1.00000000000000e+05 
1.83295694843537e-01 1.00000000000000e+05 
1.83531471299974e-01 1.00000000000000e+05 
1.83767254298585e-01 1.00000000000000e+05 
1.84003028563039e-01 1.00000000000000e+05 
1.84238804830146e-01 1.00000000000000e+05 
1.84474568503914e-01 1.00000000000000e+05 
1.84710342172318e-01 1.00000000000000e+05 
1.84946141965488e-01 1.00000000000000e+05 
1.85181947058038e-01 1.00000000000000e+05 
1.85417741994422e-01 1.00000000000000e+05 
1.85653537515948e-01 1.00000000000000e+05 
1.85889318875379e-01 1.00000000000000e+05 
1.86125108688282e-01 1.00000000000000e+05 
1.86360923116414e-01 1.00000000000000e+05 
1.86596741730569e-01 1.00000000000000e+05 
1.86832548803453e-01 1.00000000000000e+05 
1.87068355351754e-01 1.00000000000000e+05 
1.87304146521234e-01 1.00000000000000e+05 
1.87539945001196e-01 1.00000000000000e+05 
1.87775766936467e-01 1.00000000000000e+05 
1.88011592342737e-01 1.00000000000000e+05 
1.88247405177873e-01 1.00000000000000e+05 
1.88483216652610e-01 1.00000000000000e+05 
1.88719011860553e-01 1.00000000000000e+05 
1.88954813406157e-01 1.00000000000000e+05 
1.89190637348503e-01 1.00000000000000e+05 
1.89426464232629e-01 1.00000000000000e+05 
1.89662277637704e-01 1.00000000000000e+05 
1.89898089141353e-01 1.00000000000000e+05 
1.90133883897125e-01 1.00000000000000e+05 
1.90369684463043e-01 1.00000000000000e+05 
1.90605506581087e-01 1.00000000000000e+05 
1.90841331289757e-01 1.00000000000000e+05 
1.91077141849674e-01 1.00000000000000e+05 
1.91312949959523e-01 1.00000000000000e+05 
1.91548741031127e-01 1.00000000000000e+05 
1.91784537681269e-01 1.00000000000000e+05 
1.92020355348743e-01 1.00000000000000e+05 
1.92256175478728e-01 1.00000000000000e+05 
1.92491981069264e-01 1.00000000000000e+05 
1.92727783945543e-01 1.00000000000000e+05 
1.92963569671220e-01 1.00000000000000e+05 
1.93199360771633e-01 1.00000000000000e+05 
1.93435172400066e-01 1.00000000000000e+05 
1.93670986239352e-01 1.00000000000000e+05 
1.93906785177008e-01 1.00000000000000e+05 
1.94142581003597e-01 1.00000000000000e+05 
1.94378359653007e-01 1.00000000000000e+05 
1.94614143709653e-01 1.00000000000000e+05 
1.94849948137966e-01 1.00000000000000e+05 
1.95085755055259e-01 1.00000000000000e+05 
1.95321547132578e-01 1.00000000000000e+05 
1.95557336193934e-01 1.00000000000000e+05 
1.95793108484980e-01 1.00000000000000e+05 
1.96028886331323e-01 1.00000000000000e+05 
1.96264684251439e-01 1.00000000000000e+05 
1.96500484841451e-01 1.00000000000000e+05 
1.96736270534150e-01 1.00000000000000e+05 
1.96972053142557e-01 1.00000000000000e+05 
1.97207819197759e-01 1.00000000000000e+05 
1.97443590958356e-01 1.00000000000000e+05 
1.97679382644647e-01 1.00000000000000e+05 
1.97915177410525e-01 1.00000000000000e+05 
1.98150957659519e-01 1.00000000000000e+05 
1.98386735023263e-01 1.00000000000000e+05 
1.98622496571074e-01 1.00000000000000e+05 
1.98858264242883e-01 1.00000000000000e+05 
1.99094051981318e-01 1.00000000000000e+05 
1.99329843383890e-01 1.00000000000000e+05 
1.99565620769423e-01 1.00000000000000e+05 
1.99801395372240e-01 1.00000000000000e+05 
2.00037154706910e-01 1.00000000000000e+05 
2.00272920184622e-01 1.00000000000000e+05 
