# Liste des scalaires : TEMPS pmat 
0.00000000000000e+00 1.00000000000000e+05 
7.22956891292051e-05 1.00000000000000e+05 
1.51820947171331e-04 1.00000000000000e+05 
2.39298731017669e-04 1.00000000000000e+05 
3.35524293248641e-04 1.00000000000000e+05 
4.41372411702710e-04 1.00000000000000e+05 
5.57805342002186e-04 1.00000000000000e+05 
6.85881565331610e-04 1.00000000000000e+05 
8.26765410993976e-04 1.00000000000000e+05 
9.79478810883023e-04 1.00000000000000e+05 
1.13141991084467e-03 1.00000000000000e+05 
1.28919827520751e-03 1.00000000000000e+05 
1.45671459419259e-03 1.00000000000000e+05 
1.62855475044346e-03 1.00000000000000e+05 
1.80773737361664e-03 1.00000000000000e+05 
1.99830338839282e-03 1.00000000000000e+05 
2.19708208304845e-03 1.00000000000000e+05 
2.40376230570196e-03 1.00000000000000e+05 
2.62437723377511e-03 1.00000000000000e+05 
2.86044929556774e-03 1.00000000000000e+05 
3.11266364442767e-03 1.00000000000000e+05 
3.37825280205067e-03 1.00000000000000e+05 
3.65922822702937e-03 1.00000000000000e+05 
3.95654160169785e-03 1.00000000000000e+05 
4.27123756841189e-03 1.00000000000000e+05 
4.60453583520286e-03 1.00000000000000e+05 
4.95448852436625e-03 1.00000000000000e+05 
5.31947626475259e-03 1.00000000000000e+05 
5.70025734006990e-03 1.00000000000000e+05 
6.09379732365901e-03 1.00000000000000e+05 
6.48782693483928e-03 1.00000000000000e+05 
6.88151163968837e-03 1.00000000000000e+05 
7.27226678846973e-03 1.00000000000000e+05 
7.66003580088848e-03 1.00000000000000e+05 
8.04440088437607e-03 1.00000000000000e+05 
8.42724621329022e-03 1.00000000000000e+05 
8.81019359480006e-03 1.00000000000000e+05 
9.19265286708814e-03 1.00000000000000e+05 
9.57586949009103e-03 1.00000000000000e+05 
9.96006933710578e-03 1.00000000000000e+05 
1.03443806603920e-02 1.00000000000000e+05 
1.07285581055740e-02 1.00000000000000e+05 
1.11138411835003e-02 1.00000000000000e+05 
1.14998086874098e-02 1.00000000000000e+05 
1.18876009693876e-02 1.00000000000000e+05 
1.22767993794108e-02 1.00000000000000e+05 
1.26666284377077e-02 1.00000000000000e+05 
1.30559943771763e-02 1.00000000000000e+05 
1.34449896735338e-02 1.00000000000000e+05 
1.38332068080572e-02 1.00000000000000e+05 
1.42216720900636e-02 1.00000000000000e+05 
1.46108705043905e-02 1.00000000000000e+05 
1.49998671232147e-02 1.00000000000000e+05 
1.53884457713066e-02 1.00000000000000e+05 
1.57771858555352e-02 1.00000000000000e+05 
1.61654745044801e-02 1.00000000000000e+05 
1.65546728265616e-02 1.00000000000000e+05 
1.69446033255603e-02 1.00000000000000e+05 
1.73339908588981e-02 1.00000000000000e+05 
1.77223011297110e-02 1.00000000000000e+05 
1.81105424942092e-02 1.00000000000000e+05 
1.84979038922970e-02 1.00000000000000e+05 
1.88853345539215e-02 1.00000000000000e+05 
1.92729244050275e-02 1.00000000000000e+05 
1.96604801566318e-02 1.00000000000000e+05 
2.00477244305682e-02 1.00000000000000e+05 
2.04357288767280e-02 1.00000000000000e+05 
2.08242427015149e-02 1.00000000000000e+05 
2.12124760606123e-02 1.00000000000000e+05 
2.16000905479633e-02 1.00000000000000e+05 
2.19856445346228e-02 1.00000000000000e+05 
2.23700611345399e-02 1.00000000000000e+05 
2.27547870594527e-02 1.00000000000000e+05 
2.31380911754238e-02 1.00000000000000e+05 
2.35214295837348e-02 1.00000000000000e+05 
2.39048056345791e-02 1.00000000000000e+05 
2.42870365577231e-02 1.00000000000000e+05 
2.46686309274496e-02 1.00000000000000e+05 
2.50504503178238e-02 1.00000000000000e+05 
2.54315185885171e-02 1.00000000000000e+05 
2.58129793188822e-02 1.00000000000000e+05 
2.61945905870658e-02 1.00000000000000e+05 
2.65753211196436e-02 1.00000000000000e+05 
2.69555795852903e-02 1.00000000000000e+05 
2.73366381344378e-02 1.00000000000000e+05 
2.77175434867556e-02 1.00000000000000e+05 
2.80993170701118e-02 1.00000000000000e+05 
2.84816683551244e-02 1.00000000000000e+05 
2.88636581825517e-02 1.00000000000000e+05 
2.92458189643544e-02 1.00000000000000e+05 
2.96290583769603e-02 1.00000000000000e+05 
3.00122201549576e-02 1.00000000000000e+05 
3.03960592178903e-02 1.00000000000000e+05 
3.07804803054677e-02 1.00000000000000e+05 
3.11644590854566e-02 1.00000000000000e+05 
3.15480724785545e-02 1.00000000000000e+05 
3.19322224952989e-02 1.00000000000000e+05 
3.23163297241951e-02 1.00000000000000e+05 
3.27013560175981e-02 1.00000000000000e+05 
3.30871175566712e-02 1.00000000000000e+05 
3.34723924275741e-02 1.00000000000000e+05 
3.38574864861224e-02 1.00000000000000e+05 
3.42434636108752e-02 1.00000000000000e+05 
3.46293506916380e-02 1.00000000000000e+05 
3.50163503255630e-02 1.00000000000000e+05 
3.54040947227854e-02 1.00000000000000e+05 
3.57913160508962e-02 1.00000000000000e+05 
3.61783762864800e-02 1.00000000000000e+05 
3.65655044700654e-02 1.00000000000000e+05 
3.69524926835063e-02 1.00000000000000e+05 
3.73399433220435e-02 1.00000000000000e+05 
3.77279667138248e-02 1.00000000000000e+05 
3.81156346920473e-02 1.00000000000000e+05 
3.85028764334659e-02 1.00000000000000e+05 
3.88904648889466e-02 1.00000000000000e+05 
3.92781446290746e-02 1.00000000000000e+05 
3.96664017335946e-02 1.00000000000000e+05 
4.00553775490208e-02 1.00000000000000e+05 
4.04439858765942e-02 1.00000000000000e+05 
4.08322751826935e-02 1.00000000000000e+05 
4.12209154640338e-02 1.00000000000000e+05 
4.16094899429801e-02 1.00000000000000e+05 
4.19987752799377e-02 1.00000000000000e+05 
4.23885391290193e-02 1.00000000000000e+05 
4.27777544583805e-02 1.00000000000000e+05 
4.31662016920989e-02 1.00000000000000e+05 
4.35548721380902e-02 1.00000000000000e+05 
4.39436013127156e-02 1.00000000000000e+05 
4.43330024605013e-02 1.00000000000000e+05 
4.47229462326120e-02 1.00000000000000e+05 
4.51125049128168e-02 1.00000000000000e+05 
4.55015263982946e-02 1.00000000000000e+05 
4.58907628930214e-02 1.00000000000000e+05 
4.62798290520859e-02 1.00000000000000e+05 
4.66698350941011e-02 1.00000000000000e+05 
4.70603707597210e-02 1.00000000000000e+05 
4.74503903446052e-02 1.00000000000000e+05 
4.78395517818323e-02 1.00000000000000e+05 
4.82286102861862e-02 1.00000000000000e+05 
4.86174516967003e-02 1.00000000000000e+05 
4.90071530476486e-02 1.00000000000000e+05 
4.93974063578491e-02 1.00000000000000e+05 
4.97870719801007e-02 1.00000000000000e+05 
5.01758667046603e-02 1.00000000000000e+05 
5.05645091433157e-02 1.00000000000000e+05 
5.09529084568612e-02 1.00000000000000e+05 
5.13420606726407e-02 1.00000000000000e+05 
5.17313033047995e-02 1.00000000000000e+05 
5.21201330754852e-02 1.00000000000000e+05 
5.25085322773834e-02 1.00000000000000e+05 
5.28969893787355e-02 1.00000000000000e+05 
5.32850442722409e-02 1.00000000000000e+05 
5.36732553034537e-02 1.00000000000000e+05 
5.40617422860864e-02 1.00000000000000e+05 
5.44501020939178e-02 1.00000000000000e+05 
5.48384162122729e-02 1.00000000000000e+05 
5.52268017519338e-02 1.00000000000000e+05 
5.56150379069813e-02 1.00000000000000e+05 
5.60034902089549e-02 1.00000000000000e+05 
5.63923575480744e-02 1.00000000000000e+05 
5.67813369642809e-02 1.00000000000000e+05 
5.71703625879868e-02 1.00000000000000e+05 
5.75597370827022e-02 1.00000000000000e+05 
5.79492693225191e-02 1.00000000000000e+05 
5.83392330807145e-02 1.00000000000000e+05 
5.87296560261316e-02 1.00000000000000e+05 
5.91203049527000e-02 1.00000000000000e+05 
5.95111981010200e-02 1.00000000000000e+05 
5.99026620606779e-02 1.00000000000000e+05 
6.02943823949552e-02 1.00000000000000e+05 
6.06866958960169e-02 1.00000000000000e+05 
6.10795569043619e-02 1.00000000000000e+05 
6.14727396820517e-02 1.00000000000000e+05 
6.18661684662521e-02 1.00000000000000e+05 
6.22599325304514e-02 1.00000000000000e+05 
6.26538897811627e-02 1.00000000000000e+05 
6.30484616688321e-02 1.00000000000000e+05 
6.34434158229648e-02 1.00000000000000e+05 
6.38384449703247e-02 1.00000000000000e+05 
6.42330515567849e-02 1.00000000000000e+05 
6.46275680774294e-02 1.00000000000000e+05 
6.50219413809531e-02 1.00000000000000e+05 
6.54167844457269e-02 1.00000000000000e+05 
6.58121016985053e-02 1.00000000000000e+05 
6.62075579837504e-02 1.00000000000000e+05 
6.66028056746135e-02 1.00000000000000e+05 
6.69982316957045e-02 1.00000000000000e+05 
6.73937650456387e-02 1.00000000000000e+05 
6.77900220817161e-02 1.00000000000000e+05 
6.81870056500582e-02 1.00000000000000e+05 
6.85842018796465e-02 1.00000000000000e+05 
6.89809962426455e-02 1.00000000000000e+05 
6.93775288972045e-02 1.00000000000000e+05 
6.97739809820587e-02 1.00000000000000e+05 
7.01708870684510e-02 1.00000000000000e+05 
7.05681526294320e-02 1.00000000000000e+05 
7.09654954537201e-02 1.00000000000000e+05 
7.13624848750075e-02 1.00000000000000e+05 
7.17594153393964e-02 1.00000000000000e+05 
7.21564397352844e-02 1.00000000000000e+05 
7.25540957780411e-02 1.00000000000000e+05 
7.29523119275139e-02 1.00000000000000e+05 
7.33507160005202e-02 1.00000000000000e+05 
7.37489540434319e-02 1.00000000000000e+05 
7.41473480216686e-02 1.00000000000000e+05 
7.45460030656102e-02 1.00000000000000e+05 
7.49454955346232e-02 1.00000000000000e+05 
7.53455139987842e-02 1.00000000000000e+05 
7.57456460970386e-02 1.00000000000000e+05 
7.61454925001101e-02 1.00000000000000e+05 
7.65450706924967e-02 1.00000000000000e+05 
7.69445010571489e-02 1.00000000000000e+05 
7.73442846078988e-02 1.00000000000000e+05 
7.77445681500744e-02 1.00000000000000e+05 
7.81450725528593e-02 1.00000000000000e+05 
7.85453436100502e-02 1.00000000000000e+05 
7.89454494494380e-02 1.00000000000000e+05 
7.93455701194199e-02 1.00000000000000e+05 
7.97461544392964e-02 1.00000000000000e+05 
8.01472709714979e-02 1.00000000000000e+05 
8.05486817626075e-02 1.00000000000000e+05 
8.09498956276410e-02 1.00000000000000e+05 
8.13509887429192e-02 1.00000000000000e+05 
8.17521987118271e-02 1.00000000000000e+05 
8.21539502020465e-02 1.00000000000000e+05 
8.25562958207509e-02 1.00000000000000e+05 
8.29590033159571e-02 1.00000000000000e+05 
8.33615840678189e-02 1.00000000000000e+05 
8.37640962848724e-02 1.00000000000000e+05 
8.41665007758202e-02 1.00000000000000e+05 
8.45688148809825e-02 1.00000000000000e+05 
8.49713282845006e-02 1.00000000000000e+05 
8.53739273260804e-02 1.00000000000000e+05 
8.57763761244333e-02 1.00000000000000e+05 
8.61786352964765e-02 1.00000000000000e+05 
8.65806161664897e-02 1.00000000000000e+05 
8.69825873420787e-02 1.00000000000000e+05 
8.73847915130296e-02 1.00000000000000e+05 
8.77870648868300e-02 1.00000000000000e+05 
8.81892545979695e-02 1.00000000000000e+05 
8.85913034198008e-02 1.00000000000000e+05 
8.89930944610638e-02 1.00000000000000e+05 
8.93949933246342e-02 1.00000000000000e+05 
8.97971855508262e-02 1.00000000000000e+05 
9.01995237442573e-02 1.00000000000000e+05 
9.06018370941326e-02 1.00000000000000e+05 
9.10041591991279e-02 1.00000000000000e+05 
9.14063741717476e-02 1.00000000000000e+05 
9.18088689519359e-02 1.00000000000000e+05 
9.22117969020323e-02 1.00000000000000e+05 
9.26149895308439e-02 1.00000000000000e+05 
9.30183007310869e-02 1.00000000000000e+05 
9.34218292317967e-02 1.00000000000000e+05 
9.38253959876479e-02 1.00000000000000e+05 
9.42294058905887e-02 1.00000000000000e+05 
9.46340176900000e-02 1.00000000000000e+05 
9.50389289505751e-02 1.00000000000000e+05 
9.54436916910550e-02 1.00000000000000e+05 
9.58483837034867e-02 1.00000000000000e+05 
9.62528664550275e-02 1.00000000000000e+05 
9.66572084759508e-02 1.00000000000000e+05 
9.70615585808876e-02 1.00000000000000e+05 
9.74658702746027e-02 1.00000000000000e+05 
9.78701339568142e-02 1.00000000000000e+05 
9.82744112700047e-02 1.00000000000000e+05 
9.86785994115143e-02 1.00000000000000e+05 
9.90827614060873e-02 1.00000000000000e+05 
9.94870389812395e-02 1.00000000000000e+05 
9.98912800860004e-02 1.00000000000000e+05 
1.00295447870741e-01 1.00000000000000e+05 
1.00699664589115e-01 1.00000000000000e+05 
1.01103687803344e-01 1.00000000000000e+05 
1.01507712901811e-01 1.00000000000000e+05 
1.01911833079282e-01 1.00000000000000e+05 
1.02315692722038e-01 1.00000000000000e+05 
1.02719487377900e-01 1.00000000000000e+05 
1.03123512872552e-01 1.00000000000000e+05 
1.03527312009559e-01 1.00000000000000e+05 
1.03931311655982e-01 1.00000000000000e+05 
1.04335412912775e-01 1.00000000000000e+05 
1.04739263808019e-01 1.00000000000000e+05 
1.05143407747209e-01 1.00000000000000e+05 
1.05548184382005e-01 1.00000000000000e+05 
1.05953073057763e-01 1.00000000000000e+05 
1.06358607659429e-01 1.00000000000000e+05 
1.06764652714357e-01 1.00000000000000e+05 
1.07170947346974e-01 1.00000000000000e+05 
1.07577922382023e-01 1.00000000000000e+05 
1.07985649063561e-01 1.00000000000000e+05 
1.08393343796354e-01 1.00000000000000e+05 
1.08801448280518e-01 1.00000000000000e+05 
1.09210084481811e-01 1.00000000000000e+05 
1.09619282739080e-01 1.00000000000000e+05 
1.10028576927635e-01 1.00000000000000e+05 
1.10437918100801e-01 1.00000000000000e+05 
1.10847504117517e-01 1.00000000000000e+05 
1.11257715612554e-01 1.00000000000000e+05 
1.11668424009950e-01 1.00000000000000e+05 
1.12079739400914e-01 1.00000000000000e+05 
1.12491345995441e-01 1.00000000000000e+05 
1.12903207575823e-01 1.00000000000000e+05 
1.13315083710422e-01 1.00000000000000e+05 
1.13726837055411e-01 1.00000000000000e+05 
1.14138965855525e-01 1.00000000000000e+05 
1.14551436154777e-01 1.00000000000000e+05 
1.14964169338768e-01 1.00000000000000e+05 
1.15377128017339e-01 1.00000000000000e+05 
1.15790036568637e-01 1.00000000000000e+05 
1.16202949430325e-01 1.00000000000000e+05 
1.16616283854339e-01 1.00000000000000e+05 
1.17029799593921e-01 1.00000000000000e+05 
1.17443559975170e-01 1.00000000000000e+05 
1.17857624537332e-01 1.00000000000000e+05 
1.18271651109991e-01 1.00000000000000e+05 
1.18685818756863e-01 1.00000000000000e+05 
1.19100457808929e-01 1.00000000000000e+05 
1.19515133856475e-01 1.00000000000000e+05 
1.19930019746409e-01 1.00000000000000e+05 
1.20345230174092e-01 1.00000000000000e+05 
1.20760363989932e-01 1.00000000000000e+05 
1.21175709493706e-01 1.00000000000000e+05 
1.21591508766259e-01 1.00000000000000e+05 
1.22007163126311e-01 1.00000000000000e+05 
1.22422912146250e-01 1.00000000000000e+05 
1.22838940441575e-01 1.00000000000000e+05 
1.23254802738307e-01 1.00000000000000e+05 
1.23670837870990e-01 1.00000000000000e+05 
1.24087232872625e-01 1.00000000000000e+05 
1.24503350031257e-01 1.00000000000000e+05 
1.24919407089040e-01 1.00000000000000e+05 
1.25335648314609e-01 1.00000000000000e+05 
1.25751586363268e-01 1.00000000000000e+05 
1.26167648616227e-01 1.00000000000000e+05 
1.26583940848816e-01 1.00000000000000e+05 
1.26999857485768e-01 1.00000000000000e+05 
1.27415618553093e-01 1.00000000000000e+05 
1.27831467049892e-01 1.00000000000000e+05 
1.28246923452861e-01 1.00000000000000e+05 
1.28662503835459e-01 1.00000000000000e+05 
1.29078221492747e-01 1.00000000000000e+05 
1.29493611576100e-01 1.00000000000000e+05 
1.29908862887990e-01 1.00000000000000e+05 
1.30324195981896e-01 1.00000000000000e+05 
1.30739148718738e-01 1.00000000000000e+05 
1.31154302678478e-01 1.00000000000000e+05 
1.31569598750543e-01 1.00000000000000e+05 
1.31984714255994e-01 1.00000000000000e+05 
1.32399796762346e-01 1.00000000000000e+05 
1.32815054146728e-01 1.00000000000000e+05 
1.33230071916516e-01 1.00000000000000e+05 
1.33645421525406e-01 1.00000000000000e+05 
1.34060878090726e-01 1.00000000000000e+05 
1.34476327391019e-01 1.00000000000000e+05 
1.34891816658307e-01 1.00000000000000e+05 
1.35307750616688e-01 1.00000000000000e+05 
1.35723761034800e-01 1.00000000000000e+05 
1.36140006717345e-01 1.00000000000000e+05 
1.36556509783449e-01 1.00000000000000e+05 
1.36973267672016e-01 1.00000000000000e+05 
1.37390316820206e-01 1.00000000000000e+05 
1.37807881363004e-01 1.00000000000000e+05 
1.38225422447552e-01 1.00000000000000e+05 
1.38642826254968e-01 1.00000000000000e+05 
1.39060349792035e-01 1.00000000000000e+05 
1.39478154334160e-01 1.00000000000000e+05 
1.39896210617541e-01 1.00000000000000e+05 
1.40314628525657e-01 1.00000000000000e+05 
1.40733180189556e-01 1.00000000000000e+05 
1.41151671134518e-01 1.00000000000000e+05 
1.41570322012778e-01 1.00000000000000e+05 
1.41989442644885e-01 1.00000000000000e+05 
1.42408852039807e-01 1.00000000000000e+05 
1.42828634156021e-01 1.00000000000000e+05 
1.43248667888629e-01 1.00000000000000e+05 
1.43668659044162e-01 1.00000000000000e+05 
1.44088884944410e-01 1.00000000000000e+05 
1.44509683341287e-01 1.00000000000000e+05 
1.44930758707863e-01 1.00000000000000e+05 
1.45352197455417e-01 1.00000000000000e+05 
1.45773914814924e-01 1.00000000000000e+05 
1.46195635428651e-01 1.00000000000000e+05 
1.46617622262565e-01 1.00000000000000e+05 
1.47040166942261e-01 1.00000000000000e+05 
1.47462943831562e-01 1.00000000000000e+05 
1.47885728652915e-01 1.00000000000000e+05 
1.48308581019143e-01 1.00000000000000e+05 
1.48731376592656e-01 1.00000000000000e+05 
1.49154329516785e-01 1.00000000000000e+05 
1.49577724980425e-01 1.00000000000000e+05 
1.50001186505945e-01 1.00000000000000e+05 
1.50424677448703e-01 1.00000000000000e+05 
1.50848186941409e-01 1.00000000000000e+05 
1.51271711398245e-01 1.00000000000000e+05 
1.51695415349819e-01 1.00000000000000e+05 
1.52119407521709e-01 1.00000000000000e+05 
1.52543476346723e-01 1.00000000000000e+05 
1.52967662883044e-01 1.00000000000000e+05 
1.53391855600311e-01 1.00000000000000e+05 
1.53816218496978e-01 1.00000000000000e+05 
1.54240830789894e-01 1.00000000000000e+05 
1.54665620403789e-01 1.00000000000000e+05 
1.55090447454668e-01 1.00000000000000e+05 
1.55515261812688e-01 1.00000000000000e+05 
1.55939775943022e-01 1.00000000000000e+05 
1.56363931897696e-01 1.00000000000000e+05 
1.56787896072731e-01 1.00000000000000e+05 
1.57211583953539e-01 1.00000000000000e+05 
1.57635178452142e-01 1.00000000000000e+05 
1.58058770559712e-01 1.00000000000000e+05 
1.58482010258144e-01 1.00000000000000e+05 
1.58904960956543e-01 1.00000000000000e+05 
1.59327809346610e-01 1.00000000000000e+05 
1.59750266874216e-01 1.00000000000000e+05 
1.60172608462556e-01 1.00000000000000e+05 
1.60595031791826e-01 1.00000000000000e+05 
1.61017122816085e-01 1.00000000000000e+05 
1.61439080277738e-01 1.00000000000000e+05 
1.61861018142834e-01 1.00000000000000e+05 
1.62282568345199e-01 1.00000000000000e+05 
1.62704061964539e-01 1.00000000000000e+05 
1.63125770164138e-01 1.00000000000000e+05 
1.63547205791337e-01 1.00000000000000e+05 
1.63968659884462e-01 1.00000000000000e+05 
1.64390229648556e-01 1.00000000000000e+05 
1.64811445181108e-01 1.00000000000000e+05 
1.65232679082923e-01 1.00000000000000e+05 
1.65654244427435e-01 1.00000000000000e+05 
1.66075671959023e-01 1.00000000000000e+05 
1.66497257213318e-01 1.00000000000000e+05 
1.66919052172108e-01 1.00000000000000e+05 
1.67340595360398e-01 1.00000000000000e+05 
1.67762241428444e-01 1.00000000000000e+05 
1.68184295096056e-01 1.00000000000000e+05 
1.68606312935696e-01 1.00000000000000e+05 
1.69028566293429e-01 1.00000000000000e+05 
1.69451059320618e-01 1.00000000000000e+05 
1.69873437896577e-01 1.00000000000000e+05 
1.70295944265216e-01 1.00000000000000e+05 
1.70718839792259e-01 1.00000000000000e+05 
1.71141787643930e-01 1.00000000000000e+05 
1.71564969337812e-01 1.00000000000000e+05 
1.71988358040166e-01 1.00000000000000e+05 
1.72411759003607e-01 1.00000000000000e+05 
1.72835257863560e-01 1.00000000000000e+05 
1.73259090192611e-01 1.00000000000000e+05 
1.73683036123222e-01 1.00000000000000e+05 
1.74107181647697e-01 1.00000000000000e+05 
1.74531497579926e-01 1.00000000000000e+05 
1.74955899788521e-01 1.00000000000000e+05 
1.75380364515118e-01 1.00000000000000e+05 
1.75805112050887e-01 1.00000000000000e+05 
1.76229996728999e-01 1.00000000000000e+05 
1.76655090129998e-01 1.00000000000000e+05 
1.77080373307957e-01 1.00000000000000e+05 
1.77505821312464e-01 1.00000000000000e+05 
1.77931355151904e-01 1.00000000000000e+05 
1.78357169102546e-01 1.00000000000000e+05 
1.78783193441517e-01 1.00000000000000e+05 
1.79209537602149e-01 1.00000000000000e+05 
1.79636152306158e-01 1.00000000000000e+05 
1.80063027413246e-01 1.00000000000000e+05 
1.80490048477257e-01 1.00000000000000e+05 
1.80917407704074e-01 1.00000000000000e+05 
1.81345094560671e-01 1.00000000000000e+05 
1.81773273763719e-01 1.00000000000000e+05 
1.82201861399844e-01 1.00000000000000e+05 
1.82630828285264e-01 1.00000000000000e+05 
1.83059735489432e-01 1.00000000000000e+05 
1.83488663313517e-01 1.00000000000000e+05 
1.83917542757083e-01 1.00000000000000e+05 
1.84346423518167e-01 1.00000000000000e+05 
1.84775293531579e-01 1.00000000000000e+05 
1.85204112138896e-01 1.00000000000000e+05 
1.85632827325258e-01 1.00000000000000e+05 
1.86061575249697e-01 1.00000000000000e+05 
1.86490212339708e-01 1.00000000000000e+05 
1.86918845825408e-01 1.00000000000000e+05 
1.87347478255604e-01 1.00000000000000e+05 
1.87775959980927e-01 1.00000000000000e+05 
1.88204274553604e-01 1.00000000000000e+05 
1.88632633315798e-01 1.00000000000000e+05 
1.89060838092640e-01 1.00000000000000e+05 
1.89489078667833e-01 1.00000000000000e+05 
1.89917348720490e-01 1.00000000000000e+05 
1.90345389393459e-01 1.00000000000000e+05 
1.90773255337243e-01 1.00000000000000e+05 
1.91201212877764e-01 1.00000000000000e+05 
1.91629032226424e-01 1.00000000000000e+05 
1.92056973936843e-01 1.00000000000000e+05 
1.92485025751542e-01 1.00000000000000e+05 
1.92912822355619e-01 1.00000000000001e+05 
1.93340516692234e-01 1.00000000000002e+05 
1.93768441477549e-01 1.00000000000003e+05 
1.94196313285284e-01 1.00000000000008e+05 
1.94624443057543e-01 1.00000000000045e+05 
1.95052800073684e-01 1.00000000002667e+05 
1.95480975183905e-01 1.00000000024460e+05 
1.95909159090008e-01 1.00000000208235e+05 
1.96337698263754e-01 1.00000000588555e+05 
1.96766312111613e-01 1.00000001020487e+05 
1.97195324209585e-01 1.00000001231154e+05 
1.97624642579947e-01 1.00000001537237e+05 
1.98053903664006e-01 1.00000001921153e+05 
1.98483234206747e-01 1.00000002407824e+05 
1.98912986320198e-01 1.00000002981068e+05 
1.99342941011180e-01 1.00000003776288e+05 
1.99773389830462e-01 1.00000004805779e+05 
2.00204193482455e-01 1.00000006063029e+05 
