# Liste des scalaires : TEMPS pmat 
0.00000000000000e+00 1.00000000000000e+05 
5.42217668469038e-05 1.00000000000000e+05 
1.00706059237430e-04 1.00000000000000e+05 
1.42830861736495e-04 1.00000000000000e+05 
1.85484107758135e-04 1.00000000000000e+05 
2.27277274836489e-04 1.00000000000000e+05 
2.69680038847026e-04 1.00000000000000e+05 
3.12283318165162e-04 1.00000000000000e+05 
3.55213139649354e-04 1.00000000000000e+05 
3.99422006110464e-04 1.00000000000000e+05 
4.42489472323758e-04 1.00000000000000e+05 
4.86794465680059e-04 1.00000000000000e+05 
5.31823991730322e-04 1.00000000000000e+05 
5.76930157399486e-04 1.00000000000000e+05 
6.22502005221852e-04 1.00000000000000e+05 
6.68915088476891e-04 1.00000000000000e+05 
7.15478041858688e-04 1.00000000000000e+05 
7.62582039608128e-04 1.00000000000000e+05 
8.10574310160951e-04 1.00000000000000e+05 
8.59594130372926e-04 1.00000000000000e+05 
9.08427150696571e-04 1.00000000000000e+05 
9.58026708243519e-04 1.00000000000000e+05 
1.00853030179193e-03 1.00000000000000e+05 
1.05998874405956e-03 1.00000000000000e+05 
1.11162521169822e-03 1.00000000000000e+05 
1.16382130441072e-03 1.00000000000000e+05 
1.21686518613118e-03 1.00000000000000e+05 
1.27078478499967e-03 1.00000000000000e+05 
1.32513297115706e-03 1.00000000000000e+05 
1.37996443042727e-03 1.00000000000000e+05 
1.43569811961857e-03 1.00000000000000e+05 
1.49219057704115e-03 1.00000000000000e+05 
1.54924869336252e-03 1.00000000000000e+05 
1.60701974727938e-03 1.00000000000000e+05 
1.66526405331054e-03 1.00000000000000e+05 
1.72419045113687e-03 1.00000000000000e+05 
1.78368498278391e-03 1.00000000000000e+05 
1.84384432477220e-03 1.00000000000000e+05 
1.90453515269697e-03 1.00000000000000e+05 
1.96593073356572e-03 1.00000000000000e+05 
2.02798983651450e-03 1.00000000000000e+05 
2.09069289004357e-03 1.00000000000000e+05 
2.15419557663994e-03 1.00000000000000e+05 
2.21823654890502e-03 1.00000000000000e+05 
2.28280828268157e-03 1.00000000000000e+05 
2.34808240473624e-03 1.00000000000000e+05 
2.41426198558927e-03 1.00000000000000e+05 
2.48103728927638e-03 1.00000000000000e+05 
2.54832745809623e-03 1.00000000000000e+05 
2.61637121590710e-03 1.00000000000000e+05 
2.68544099102977e-03 1.00000000000000e+05 
2.75521889089131e-03 1.00000000000000e+05 
2.82553033617690e-03 1.00000000000000e+05 
2.89664133170890e-03 1.00000000000000e+05 
2.96879617658244e-03 1.00000000000000e+05 
3.04198892321136e-03 1.00000000000000e+05 
3.11499055416980e-03 1.00000000000000e+05 
3.18902205489182e-03 1.00000000000000e+05 
3.26414691740717e-03 1.00000000000000e+05 
3.34036241901115e-03 1.00000000000000e+05 
3.41603172119639e-03 1.00000000000000e+05 
3.49270176588915e-03 1.00000000000000e+05 
3.57046624679810e-03 1.00000000000000e+05 
3.64937072245774e-03 1.00000000000000e+05 
3.72942868050600e-03 1.00000000000000e+05 
3.80913793702341e-03 1.00000000000000e+05 
3.88993413006437e-03 1.00000000000000e+05 
3.97187795437022e-03 1.00000000000000e+05 
4.05366049162706e-03 1.00000000000000e+05 
4.13649491299375e-03 1.00000000000000e+05 
4.21969775017495e-03 1.00000000000000e+05 
4.30385319988278e-03 1.00000000000000e+05 
4.38889401546722e-03 1.00000000000000e+05 
4.47473044047289e-03 1.00000000000000e+05 
4.56145404463950e-03 1.00000000000000e+05 
4.64910821234148e-03 1.00000000000000e+05 
4.73774915941912e-03 1.00000000000000e+05 
4.82740643859691e-03 1.00000000000000e+05 
4.91807292191712e-03 1.00000000000000e+05 
5.00962121428747e-03 1.00000000000000e+05 
5.10197053603083e-03 1.00000000000000e+05 
5.19456251728359e-03 1.00000000000000e+05 
5.28797403438326e-03 1.00000000000000e+05 
5.38220363647673e-03 1.00000000000000e+05 
5.47725680833777e-03 1.00000000000000e+05 
5.57313383271740e-03 1.00000000000000e+05 
5.66979203057479e-03 1.00000000000000e+05 
5.76730724337656e-03 1.00000000000000e+05 
5.86560842381444e-03 1.00000000000000e+05 
5.96455809753011e-03 1.00000000000000e+05 
6.06284689381443e-03 1.00000000000000e+05 
6.16190020827283e-03 1.00000000000000e+05 
6.26173496434817e-03 1.00000000000000e+05 
6.36235508123837e-03 1.00000000000000e+05 
6.46283114467045e-03 1.00000000000000e+05 
6.56317109690162e-03 1.00000000000000e+05 
6.66344008260980e-03 1.00000000000000e+05 
6.76362418162200e-03 1.00000000000000e+05 
6.86380377459183e-03 1.00000000000000e+05 
6.96394617663404e-03 1.00000000000000e+05 
7.06405498235780e-03 1.00000000000000e+05 
7.16415310471257e-03 1.00000000000000e+05 
7.26427918645293e-03 1.00000000000000e+05 
7.36443015101738e-03 1.00000000000000e+05 
7.46470082622330e-03 1.00000000000000e+05 
7.56504149699675e-03 1.00000000000000e+05 
7.66549234423012e-03 1.00000000000000e+05 
7.76604910520709e-03 1.00000000000000e+05 
7.86672801103922e-03 1.00000000000000e+05 
7.96750769491027e-03 1.00000000000000e+05 
8.06847465967590e-03 1.00000000000000e+05 
8.16958595670005e-03 1.00000000000000e+05 
8.27085445444510e-03 1.00000000000000e+05 
8.37228094908854e-03 1.00000000000000e+05 
8.47387263374028e-03 1.00000000000000e+05 
8.57560062336942e-03 1.00000000000000e+05 
8.67753691726811e-03 1.00000000000000e+05 
8.77964954987701e-03 1.00000000000000e+05 
8.88193410321222e-03 1.00000000000000e+05 
8.98438612992754e-03 1.00000000000000e+05 
9.08700757127590e-03 1.00000000000000e+05 
9.18976357940645e-03 1.00000000000000e+05 
9.29268364333648e-03 1.00000000000000e+05 
9.39574513064492e-03 1.00000000000000e+05 
9.49893490193726e-03 1.00000000000000e+05 
9.60224246053222e-03 1.00000000000000e+05 
9.70567126271672e-03 1.00000000000000e+05 
9.80920341581870e-03 1.00000000000000e+05 
9.91285488231089e-03 1.00000000000000e+05 
1.00166139053061e-02 1.00000000000000e+05 
1.01204673746684e-02 1.00000000000000e+05 
1.02244092194374e-02 1.00000000000000e+05 
1.03284104140726e-02 1.00000000000000e+05 
1.04324978666672e-02 1.00000000000000e+05 
1.05367092534862e-02 1.00000000000000e+05 
1.06409983218417e-02 1.00000000000000e+05 
1.07452228738884e-02 1.00000000000000e+05 
1.08493223981352e-02 1.00000000000000e+05 
1.09533053873064e-02 1.00000000000000e+05 
1.10572007047853e-02 1.00000000000000e+05 
1.11610310597395e-02 1.00000000000000e+05 
1.12647603556764e-02 1.00000000000000e+05 
1.13684523794066e-02 1.00000000000000e+05 
1.14720988670866e-02 1.00000000000000e+05 
1.15757161730532e-02 1.00000000000000e+05 
1.16793054845255e-02 1.00000000000000e+05 
1.17828954098548e-02 1.00000000000000e+05 
1.18864487162205e-02 1.00000000000000e+05 
1.19899956776057e-02 1.00000000000000e+05 
1.20935138337959e-02 1.00000000000000e+05 
1.21970392448225e-02 1.00000000000000e+05 
1.23005609560708e-02 1.00000000000000e+05 
1.24041153127180e-02 1.00000000000000e+05 
1.25076794174014e-02 1.00000000000000e+05 
1.26112509045947e-02 1.00000000000000e+05 
1.27148164571783e-02 1.00000000000000e+05 
1.28184370525453e-02 1.00000000000000e+05 
1.29220501871983e-02 1.00000000000000e+05 
1.30257054526550e-02 1.00000000000000e+05 
1.31294007923575e-02 1.00000000000000e+05 
1.32330909068742e-02 1.00000000000000e+05 
1.33367859335116e-02 1.00000000000000e+05 
1.34405435652373e-02 1.00000000000000e+05 
1.35442933770397e-02 1.00000000000000e+05 
1.36480887054676e-02 1.00000000000000e+05 
1.37519223602006e-02 1.00000000000000e+05 
1.38557432596825e-02 1.00000000000000e+05 
1.39595661810226e-02 1.00000000000000e+05 
1.40634527307910e-02 1.00000000000000e+05 
1.41673260574967e-02 1.00000000000000e+05 
1.42712483544217e-02 1.00000000000000e+05 
1.43752160408546e-02 1.00000000000000e+05 
1.44791811993307e-02 1.00000000000000e+05 
1.45831597978562e-02 1.00000000000000e+05 
1.46872126296777e-02 1.00000000000000e+05 
1.47912621383943e-02 1.00000000000000e+05 
1.48953733540269e-02 1.00000000000000e+05 
1.49995405022550e-02 1.00000000000000e+05 
1.51037286248160e-02 1.00000000000000e+05 
1.52079542871814e-02 1.00000000000000e+05 
1.53122766451227e-02 1.00000000000000e+05 
1.54166299428533e-02 1.00000000000000e+05 
1.55210855153055e-02 1.00000000000000e+05 
1.56256377109535e-02 1.00000000000000e+05 
1.57302608156503e-02 1.00000000000000e+05 
1.58349454360537e-02 1.00000000000000e+05 
1.59421468025360e-02 1.00000000000000e+05 
1.60488925995357e-02 1.00000000000000e+05 
1.61546934676145e-02 1.00000000000000e+05 
1.62613222515402e-02 1.00000000000000e+05 
1.63670682481796e-02 1.00000000000000e+05 
1.64737976451124e-02 1.00000000000000e+05 
1.65808262060667e-02 1.00000000000000e+05 
1.66882245897527e-02 1.00000000000000e+05 
1.67940221399272e-02 1.00000000000000e+05 
1.69007474018764e-02 1.00000000000000e+05 
1.70064446043026e-02 1.00000000000000e+05 
1.71129519924818e-02 1.00000000000000e+05 
1.72204242009096e-02 1.00000000000000e+05 
1.73279611922114e-02 1.00000000000000e+05 
1.74335176905291e-02 1.00000000000000e+05 
1.75399794063481e-02 1.00000000000000e+05 
1.76455292379856e-02 1.00000000000000e+05 
1.77519864205187e-02 1.00000000000000e+05 
1.78594200725792e-02 1.00000000000000e+05 
1.79669212378556e-02 1.00000000000000e+05 
1.80725053476424e-02 1.00000000000000e+05 
1.81789571163699e-02 1.00000000000000e+05 
1.82845146030768e-02 1.00000000000000e+05 
1.83909735341653e-02 1.00000000000000e+05 
1.84983933318220e-02 1.00000000000000e+05 
1.86058952317460e-02 1.00000000000000e+05 
1.87115400148057e-02 1.00000000000000e+05 
1.88180598541726e-02 1.00000000000000e+05 
1.89237245626669e-02 1.00000000000000e+05 
1.90303024630308e-02 1.00000000000000e+05 
1.91378520241778e-02 1.00000000000000e+05 
1.92455033439955e-02 1.00000000000000e+05 
1.93513190855025e-02 1.00000000000000e+05 
1.94580155141422e-02 1.00000000000000e+05 
1.95638370602113e-02 1.00000000000000e+05 
1.96705880549404e-02 1.00000000000000e+05 
1.97783271282118e-02 1.00000000000000e+05 
1.98861778754401e-02 1.00000000000000e+05 
1.99921901058245e-02 1.00000000000000e+05 
2.01001278398129e-02 1.00000000000000e+05 
2.02074650884833e-02 1.00000000000000e+05 
2.03145238262865e-02 1.00000000000000e+05 
2.04216238279922e-02 1.00000000000000e+05 
2.05289344768504e-02 1.00000000000000e+05 
2.06367159316041e-02 1.00000000000000e+05 
2.07445038528500e-02 1.00000000000000e+05 
2.08523003450007e-02 1.00000000000000e+05 
2.09601139997946e-02 1.00000000000000e+05 
2.10679055644000e-02 1.00000000000000e+05 
2.11757291189582e-02 1.00000000000000e+05 
2.12837036179929e-02 1.00000000000000e+05 
2.13918486431533e-02 1.00000000000000e+05 
2.14999815499521e-02 1.00000000000000e+05 
2.16082187087171e-02 1.00000000000000e+05 
2.17167597286279e-02 1.00000000000000e+05 
2.18253892687497e-02 1.00000000000000e+05 
2.19338791045176e-02 1.00000000000000e+05 
2.20422131271186e-02 1.00000000000000e+05 
2.21502571015285e-02 1.00000000000000e+05 
2.22583010661497e-02 1.00000000000000e+05 
2.23664886875867e-02 1.00000000000000e+05 
2.24748770672825e-02 1.00000000000000e+05 
2.25835523099763e-02 1.00000000000000e+05 
2.26926619636910e-02 1.00000000000000e+05 
2.28014255738243e-02 1.00000000000000e+05 
2.29107358895000e-02 1.00000000000000e+05 
2.30199613999473e-02 1.00000000000000e+05 
2.31290808926294e-02 1.00000000000000e+05 
2.32363370783564e-02 1.00000000000000e+05 
2.33445482703397e-02 1.00000000000000e+05 
2.34519363984427e-02 1.00000000000000e+05 
2.35603243441541e-02 1.00000000000000e+05 
2.36692118752334e-02 1.00000000000000e+05 
2.37782945659233e-02 1.00000000000000e+05 
2.38860498567444e-02 1.00000000000000e+05 
2.39947551361252e-02 1.00000000000000e+05 
2.41026441319547e-02 1.00000000000000e+05 
2.42115322737467e-02 1.00000000000000e+05 
2.43203051208144e-02 1.00000000000000e+05 
2.44285032322631e-02 1.00000000000000e+05 
2.45366401585737e-02 1.00000000000000e+05 
2.46449576843589e-02 1.00000000000000e+05 
2.47530562779873e-02 1.00000000000000e+05 
2.48609563301563e-02 1.00000000000000e+05 
2.49686481698235e-02 1.00000000000000e+05 
2.50762990139700e-02 1.00000000000000e+05 
2.51841214732471e-02 1.00000000000000e+05 
2.52922645319524e-02 1.00000000000000e+05 
2.54003346097666e-02 1.00000000000000e+05 
2.55082984388428e-02 1.00000000000000e+05 
2.56161586957786e-02 1.00000000000000e+05 
2.57235151215086e-02 1.00000000000000e+05 
2.58307817572999e-02 1.00000000000000e+05 
2.59381880284594e-02 1.00000000000000e+05 
2.60457164547040e-02 1.00000000000000e+05 
2.61535484831446e-02 1.00000000000000e+05 
2.62617668261506e-02 1.00000000000000e+05 
2.63694288233411e-02 1.00000000000000e+05 
2.64768753372300e-02 1.00000000000000e+05 
2.65842956947493e-02 1.00000000000000e+05 
2.66916851609186e-02 1.00000000000000e+05 
2.67992217226363e-02 1.00000000000000e+05 
2.69070475273413e-02 1.00000000000000e+05 
2.70152340992506e-02 1.00000000000000e+05 
2.71231971868498e-02 1.00000000000000e+05 
2.72320381565722e-02 1.00000000000000e+05 
2.73400025545617e-02 1.00000000000000e+05 
2.74479450694913e-02 1.00000000000000e+05 
2.75558643491878e-02 1.00000000000000e+05 
2.76638655131806e-02 1.00000000000000e+05 
2.77720059598144e-02 1.00000000000000e+05 
2.78805620761240e-02 1.00000000000000e+05 
2.79888009884741e-02 1.00000000000000e+05 
2.80979180287282e-02 1.00000000000000e+05 
2.82073232816581e-02 1.00000000000000e+05 
2.83164815956353e-02 1.00000000000000e+05 
2.84248157034972e-02 1.00000000000000e+05 
2.85336733214749e-02 1.00000000000000e+05 
2.86420861559761e-02 1.00000000000000e+05 
2.87510448301696e-02 1.00000000000000e+05 
2.88601770329578e-02 1.00000000000000e+05 
2.89695218478382e-02 1.00000000000000e+05 
2.90780712284232e-02 1.00000000000000e+05 
2.91872581661363e-02 1.00000000000000e+05 
2.92958455187098e-02 1.00000000000000e+05 
2.94043731427903e-02 1.00000000000000e+05 
2.95126914735313e-02 1.00000000000000e+05 
2.96207660937019e-02 1.00000000000000e+05 
2.97287253517258e-02 1.00000000000000e+05 
2.98365783215851e-02 1.00000000000000e+05 
2.99443334917865e-02 1.00000000000000e+05 
3.00521721469483e-02 1.00000000000000e+05 
3.01602329025825e-02 1.00000000000000e+05 
3.02681511830533e-02 1.00000000000000e+05 
3.03760170520475e-02 1.00000000000000e+05 
3.04838258868646e-02 1.00000000000000e+05 
3.05915069815395e-02 1.00000000000000e+05 
3.06991769807112e-02 1.00000000000000e+05 
3.08070724089970e-02 1.00000000000000e+05 
3.09152510717922e-02 1.00000000000000e+05 
3.10238218591565e-02 1.00000000000000e+05 
3.11323908216252e-02 1.00000000000000e+05 
3.12402956837236e-02 1.00000000000000e+05 
3.13480213270910e-02 1.00000000000000e+05 
3.14557940171033e-02 1.00000000000000e+05 
3.15636542772674e-02 1.00000000000000e+05 
3.16717919097091e-02 1.00000000000000e+05 
3.17803150411998e-02 1.00000000000000e+05 
3.18892096203397e-02 1.00000000000000e+05 
3.19984285116486e-02 1.00000000000000e+05 
3.21078207269436e-02 1.00000000000000e+05 
3.22166728249392e-02 1.00000000000000e+05 
3.23252844545850e-02 1.00000000000000e+05 
3.24338634751957e-02 1.00000000000000e+05 
3.25423426428684e-02 1.00000000000000e+05 
3.26509410297782e-02 1.00000000000000e+05 
3.27597664788846e-02 1.00000000000000e+05 
3.28688762328410e-02 1.00000000000000e+05 
3.29783140199621e-02 1.00000000000000e+05 
3.30880547143196e-02 1.00000000000000e+05 
3.31976398150901e-02 1.00000000000000e+05 
3.33069587493541e-02 1.00000000000000e+05 
3.34162312904731e-02 1.00000000000000e+05 
3.35254775253155e-02 1.00000000000000e+05 
3.36348647411930e-02 1.00000000000000e+05 
3.37444901224441e-02 1.00000000000000e+05 
3.38543542287989e-02 1.00000000000000e+05 
3.39644130689276e-02 1.00000000000000e+05 
3.40746704672260e-02 1.00000000000000e+05 
3.41849742954290e-02 1.00000000000000e+05 
3.42952903134554e-02 1.00000000000000e+05 
3.44055918669170e-02 1.00000000000000e+05 
3.45158937210958e-02 1.00000000000000e+05 
3.46261075349331e-02 1.00000000000000e+05 
3.47361995175976e-02 1.00000000000000e+05 
3.48461611813106e-02 1.00000000000000e+05 
3.49560270480290e-02 1.00000000000000e+05 
3.50657622629880e-02 1.00000000000000e+05 
3.51753815477550e-02 1.00000000000000e+05 
3.52847301189711e-02 1.00000000000000e+05 
3.53938078343233e-02 1.00000000000000e+05 
3.55027250589969e-02 1.00000000000000e+05 
3.56116054544113e-02 1.00000000000000e+05 
3.57204768287247e-02 1.00000000000000e+05 
3.58293261484384e-02 1.00000000000000e+05 
3.59382830584076e-02 1.00000000000000e+05 
3.60470891331655e-02 1.00000000000000e+05 
3.61557571456346e-02 1.00000000000000e+05 
3.62643545882761e-02 1.00000000000000e+05 
3.63728756572990e-02 1.00000000000000e+05 
3.64812917609851e-02 1.00000000000000e+05 
3.65897440869266e-02 1.00000000000000e+05 
3.66984838336008e-02 1.00000000000000e+05 
3.68075969232777e-02 1.00000000000000e+05 
3.69166683719686e-02 1.00000000000000e+05 
3.70257438659909e-02 1.00000000000000e+05 
3.71341210946154e-02 1.00000000000000e+05 
3.72423572753155e-02 1.00000000000000e+05 
3.73507316401429e-02 1.00000000000000e+05 
3.74592854601991e-02 1.00000000000000e+05 
3.75682044110577e-02 1.00000000000000e+05 
3.76776019848461e-02 1.00000000000000e+05 
3.77873010303956e-02 1.00000000000000e+05 
3.78970374295251e-02 1.00000000000000e+05 
3.80066891499051e-02 1.00000000000000e+05 
3.81163149461499e-02 1.00000000000000e+05 
3.82259834239028e-02 1.00000000000000e+05 
3.83357133830176e-02 1.00000000000000e+05 
3.84454680273098e-02 1.00000000000000e+05 
3.85553821772622e-02 1.00000000000000e+05 
3.86655348465747e-02 1.00000000000000e+05 
3.87757015319163e-02 1.00000000000000e+05 
3.88856714132520e-02 1.00000000000000e+05 
3.89955845860848e-02 1.00000000000000e+05 
3.91054107024874e-02 1.00000000000000e+05 
3.92153362599809e-02 1.00000000000000e+05 
3.93254625676478e-02 1.00000000000000e+05 
3.94358734079712e-02 1.00000000000000e+05 
3.95466203163245e-02 1.00000000000000e+05 
3.96576740265956e-02 1.00000000000000e+05 
3.97688647019307e-02 1.00000000000000e+05 
3.98797665299428e-02 1.00000000000000e+05 
3.99905985826595e-02 1.00000000000000e+05 
4.01013903689698e-02 1.00000000000000e+05 
4.02123257376170e-02 1.00000000000000e+05 
4.03235173517473e-02 1.00000000000000e+05 
4.04349941376677e-02 1.00000000000000e+05 
4.05466975549166e-02 1.00000000000000e+05 
4.06584574823368e-02 1.00000000000000e+05 
4.07701466752511e-02 1.00000000000000e+05 
4.08818355250127e-02 1.00000000000000e+05 
4.09935129217592e-02 1.00000000000000e+05 
4.11052109053658e-02 1.00000000000000e+05 
4.12168493668825e-02 1.00000000000000e+05 
4.13284766262572e-02 1.00000000000000e+05 
4.14399988871670e-02 1.00000000000000e+05 
4.15514277325840e-02 1.00000000000000e+05 
4.16627373626492e-02 1.00000000000000e+05 
4.17739293153960e-02 1.00000000000000e+05 
4.18849430322488e-02 1.00000000000000e+05 
4.19958213628753e-02 1.00000000000000e+05 
4.21061994835392e-02 1.00000000000000e+05 
4.22166051420356e-02 1.00000000000000e+05 
4.23273245089682e-02 1.00000000000000e+05 
4.24378707938333e-02 1.00000000000000e+05 
4.25482588901589e-02 1.00000000000000e+05 
4.26584700213316e-02 1.00000000000000e+05 
4.27687525069154e-02 1.00000000000000e+05 
4.28792855722230e-02 1.00000000000000e+05 
4.29902693051905e-02 1.00000000000000e+05 
4.31012345490583e-02 1.00000000000000e+05 
4.32121374582308e-02 1.00000000000000e+05 
4.33228972900631e-02 1.00000000000000e+05 
4.34336879940349e-02 1.00000000000000e+05 
4.35446313267853e-02 1.00000000000000e+05 
4.36558608540819e-02 1.00000000000000e+05 
4.37672671823425e-02 1.00000000000000e+05 
4.38790726663001e-02 1.00000000000000e+05 
4.39910566403103e-02 1.00000000000000e+05 
4.41025068094725e-02 1.00000000000000e+05 
4.42137944850353e-02 1.00000000000000e+05 
4.43251863644046e-02 1.00000000000000e+05 
4.44366932428241e-02 1.00000000000000e+05 
4.45485277005228e-02 1.00000000000000e+05 
4.46608194640195e-02 1.00000000000000e+05 
4.47736258422603e-02 1.00000000000000e+05 
4.48868904454640e-02 1.00000000000000e+05 
4.50001629072987e-02 1.00000000000000e+05 
4.51132830999131e-02 1.00000000000000e+05 
4.52262974896193e-02 1.00000000000000e+05 
4.53393747947935e-02 1.00000000000000e+05 
4.54526158921442e-02 1.00000000000000e+05 
4.55661210943148e-02 1.00000000000000e+05 
4.56799267216479e-02 1.00000000000000e+05 
4.57940245640395e-02 1.00000000000000e+05 
4.59083423337823e-02 1.00000000000000e+05 
4.60228520038839e-02 1.00000000000000e+05 
4.61373975945504e-02 1.00000000000000e+05 
4.62517979514316e-02 1.00000000000000e+05 
4.63661229404521e-02 1.00000000000000e+05 
4.64803121364868e-02 1.00000000000000e+05 
4.65946126603414e-02 1.00000000000000e+05 
4.67091463935015e-02 1.00000000000000e+05 
4.68237957018173e-02 1.00000000000000e+05 
4.69385160964857e-02 1.00000000000000e+05 
4.70532804313060e-02 1.00000000000000e+05 
4.71680270801704e-02 1.00000000000000e+05 
4.72827407805841e-02 1.00000000000000e+05 
4.73974112786040e-02 1.00000000000000e+05 
4.75120469919872e-02 1.00000000000000e+05 
4.76266967798390e-02 1.00000000000000e+05 
4.77413224700899e-02 1.00000000000000e+05 
4.78559295474263e-02 1.00000000000000e+05 
4.79703331314515e-02 1.00000000000000e+05 
4.80845986564585e-02 1.00000000000000e+05 
4.81984221355336e-02 1.00000000000000e+05 
4.83123484716194e-02 1.00000000000000e+05 
4.84260334940198e-02 1.00000000000000e+05 
4.85395577984208e-02 1.00000000000000e+05 
4.86529542026044e-02 1.00000000000000e+05 
4.87662422964983e-02 1.00000000000000e+05 
4.88796271408980e-02 1.00000000000000e+05 
4.89932788081424e-02 1.00000000000000e+05 
4.91073705012419e-02 1.00000000000000e+05 
4.92213869244923e-02 1.00000000000000e+05 
4.93353369526653e-02 1.00000000000000e+05 
4.94492691676058e-02 1.00000000000000e+05 
4.95628750226502e-02 1.00000000000000e+05 
4.96765380470603e-02 1.00000000000000e+05 
4.97905367819302e-02 1.00000000000000e+05 
4.99048159844174e-02 1.00000000000000e+05 
5.00196509238636e-02 1.00000000000000e+05 
5.01347445285175e-02 1.00000000000000e+05 
5.02498651823892e-02 1.00000000000000e+05 
5.03650616766438e-02 1.00000000000000e+05 
5.04803120858628e-02 1.00000000000000e+05 
5.05955170420741e-02 1.00000000000000e+05 
5.07107407506641e-02 1.00000000000000e+05 
5.08261481086548e-02 1.00000000000000e+05 
5.09417357968610e-02 1.00000000000000e+05 
5.10576361201129e-02 1.00000000000000e+05 
5.11739433680084e-02 1.00000000000000e+05 
5.12906273228444e-02 1.00000000000000e+05 
5.14078097213921e-02 1.00000000000000e+05 
5.15250159456748e-02 1.00000000000000e+05 
5.16418274773218e-02 1.00000000000000e+05 
5.17585194695107e-02 1.00000000000000e+05 
5.18752447998430e-02 1.00000000000000e+05 
5.19919312163497e-02 1.00000000000000e+05 
5.21087967084396e-02 1.00000000000000e+05 
5.22259051424632e-02 1.00000000000000e+05 
5.23431914178224e-02 1.00000000000000e+05 
5.24607782179564e-02 1.00000000000000e+05 
5.25787559062074e-02 1.00000000000000e+05 
5.26971190485875e-02 1.00000000000000e+05 
5.28155143133973e-02 1.00000000000000e+05 
5.29339289044143e-02 1.00000000000000e+05 
5.30523645183266e-02 1.00000000000000e+05 
5.31708629964096e-02 1.00000000000000e+05 
5.32894102950569e-02 1.00000000000000e+05 
5.34079943924631e-02 1.00000000000000e+05 
5.35265367254127e-02 1.00000000000000e+05 
5.36450197373344e-02 1.00000000000000e+05 
5.37634499809270e-02 1.00000000000000e+05 
5.38818678385350e-02 1.00000000000000e+05 
5.40002596690230e-02 1.00000000000000e+05 
5.41186571444734e-02 1.00000000000000e+05 
5.42370302053161e-02 1.00000000000000e+05 
5.43553714258329e-02 1.00000000000000e+05 
5.44736908050794e-02 1.00000000000000e+05 
5.45920254142921e-02 1.00000000000000e+05 
5.47103234285076e-02 1.00000000000000e+05 
5.48286403763060e-02 1.00000000000000e+05 
5.49468163221606e-02 1.00000000000000e+05 
5.50647512598538e-02 1.00000000000000e+05 
5.51824623583188e-02 1.00000000000000e+05 
5.52999918698878e-02 1.00000000000000e+05 
5.54174346641228e-02 1.00000000000000e+05 
5.55344504760452e-02 1.00000000000000e+05 
5.56515117784096e-02 1.00000000000000e+05 
5.57689730127916e-02 1.00000000000000e+05 
5.58868646364376e-02 1.00000000000000e+05 
5.60045957064863e-02 1.00000000000000e+05 
5.61222447581536e-02 1.00000000000000e+05 
5.62399565114358e-02 1.00000000000000e+05 
5.63577732382233e-02 1.00000000000000e+05 
5.64757009551478e-02 1.00000000000000e+05 
5.65938408534672e-02 1.00000000000000e+05 
5.67122917985318e-02 1.00000000000000e+05 
5.68311659767916e-02 1.00000000000000e+05 
5.69503764607004e-02 1.00000000000000e+05 
5.70698715373930e-02 1.00000000000000e+05 
5.71893078078114e-02 1.00000000000000e+05 
5.73088142659914e-02 1.00000000000000e+05 
5.74284685164947e-02 1.00000000000000e+05 
5.75482519595851e-02 1.00000000000000e+05 
5.76680307789581e-02 1.00000000000000e+05 
5.77878449796358e-02 1.00000000000000e+05 
5.79078607675097e-02 1.00000000000000e+05 
5.80281137393884e-02 1.00000000000000e+05 
5.81487138614004e-02 1.00000000000000e+05 
5.82697765897582e-02 1.00000000000000e+05 
5.83908390816437e-02 1.00000000000000e+05 
5.85117340498405e-02 1.00000000000000e+05 
5.86326054121423e-02 1.00000000000000e+05 
5.87534301137803e-02 1.00000000000000e+05 
5.88743669270605e-02 1.00000000000000e+05 
5.89954700802678e-02 1.00000000000000e+05 
5.91166333549419e-02 1.00000000000000e+05 
5.92378165911127e-02 1.00000000000000e+05 
5.93590404570614e-02 1.00000000000000e+05 
5.94803234741083e-02 1.00000000000000e+05 
5.96017261741192e-02 1.00000000000000e+05 
5.97232581343358e-02 1.00000000000000e+05 
5.98449619182132e-02 1.00000000000000e+05 
5.99668583955717e-02 1.00000000000000e+05 
6.00888740365975e-02 1.00000000000000e+05 
6.02109009778202e-02 1.00000000000000e+05 
6.03329996901114e-02 1.00000000000000e+05 
6.04551742651878e-02 1.00000000000000e+05 
6.05774630068514e-02 1.00000000000000e+05 
6.06998451931692e-02 1.00000000000000e+05 
6.08221715339449e-02 1.00000000000000e+05 
6.09444519948352e-02 1.00000000000000e+05 
6.10667253955824e-02 1.00000000000000e+05 
6.11889796617064e-02 1.00000000000000e+05 
6.13112488880482e-02 1.00000000000000e+05 
6.14335134553242e-02 1.00000000000000e+05 
6.15557900530354e-02 1.00000000000000e+05 
6.16781141226752e-02 1.00000000000000e+05 
6.18005780574447e-02 1.00000000000000e+05 
6.19231113003412e-02 1.00000000000000e+05 
6.20455340899586e-02 1.00000000000000e+05 
6.21678004392769e-02 1.00000000000000e+05 
6.22898710791856e-02 1.00000000000000e+05 
6.24117431501329e-02 1.00000000000000e+05 
6.25334616672225e-02 1.00000000000000e+05 
6.26551143577259e-02 1.00000000000000e+05 
6.27764060461642e-02 1.00000000000000e+05 
6.28977932470470e-02 1.00000000000000e+05 
6.30196376120679e-02 1.00000000000000e+05 
6.31420342060335e-02 1.00000000000000e+05 
6.32642866998236e-02 1.00000000000000e+05 
6.33864318883786e-02 1.00000000000000e+05 
6.35086373234147e-02 1.00000000000000e+05 
6.36309192032825e-02 1.00000000000000e+05 
6.37532986973455e-02 1.00000000000000e+05 
6.38758517784147e-02 1.00000000000000e+05 
6.39987111826035e-02 1.00000000000000e+05 
6.41220013096824e-02 1.00000000000000e+05 
6.42456771171991e-02 1.00000000000000e+05 
6.43699946443114e-02 1.00000000000000e+05 
6.44942621029348e-02 1.00000000000000e+05 
6.46185556455614e-02 1.00000000000000e+05 
6.47428410982930e-02 1.00000000000000e+05 
6.48671461355214e-02 1.00000000000000e+05 
6.49913563393371e-02 1.00000000000000e+05 
6.51156536153245e-02 1.00000000000000e+05 
6.52401725484710e-02 1.00000000000000e+05 
6.53646995243026e-02 1.00000000000000e+05 
6.54892622744914e-02 1.00000000000000e+05 
6.56138637153049e-02 1.00000000000000e+05 
6.57385222583958e-02 1.00000000000000e+05 
6.58632685797145e-02 1.00000000000000e+05 
6.59881263414599e-02 1.00000000000000e+05 
6.61131007159274e-02 1.00000000000000e+05 
6.62382450146786e-02 1.00000000000000e+05 
6.63635332414266e-02 1.00000000000000e+05 
6.64889600070516e-02 1.00000000000000e+05 
6.66145019101526e-02 1.00000000000000e+05 
6.67401562126948e-02 1.00000000000000e+05 
6.68659132419361e-02 1.00000000000000e+05 
6.69917920471476e-02 1.00000000000000e+05 
6.71177786119177e-02 1.00000000000000e+05 
6.72437481980537e-02 1.00000000000000e+05 
6.73697689967601e-02 1.00000000000000e+05 
6.74959040125424e-02 1.00000000000000e+05 
6.76221342620540e-02 1.00000000000000e+05 
6.77485583350325e-02 1.00000000000000e+05 
6.78751132188129e-02 1.00000000000000e+05 
6.80017657980084e-02 1.00000000000000e+05 
6.81285114131886e-02 1.00000000000000e+05 
6.82553707708371e-02 1.00000000000000e+05 
6.83823143336597e-02 1.00000000000000e+05 
6.85092801368711e-02 1.00000000000000e+05 
6.86362643851371e-02 1.00000000000000e+05 
6.87633094419849e-02 1.00000000000000e+05 
6.88904035180091e-02 1.00000000000000e+05 
6.90175394853333e-02 1.00000000000000e+05 
6.91447332695453e-02 1.00000000000000e+05 
6.92720734717315e-02 1.00000000000000e+05 
6.93995986393253e-02 1.00000000000000e+05 
6.95271724918608e-02 1.00000000000000e+05 
6.96546288796761e-02 1.00000000000000e+05 
6.97819369156218e-02 1.00000000000000e+05 
6.99091151524550e-02 1.00000000000000e+05 
7.00361546083099e-02 1.00000000000000e+05 
7.01631103632989e-02 1.00000000000000e+05 
7.02901149463126e-02 1.00000000000000e+05 
7.04172593070946e-02 1.00000000000000e+05 
7.05446522460527e-02 1.00000000000000e+05 
7.06722694752685e-02 1.00000000000000e+05 
7.08000892179055e-02 1.00000000000000e+05 
7.09277431563607e-02 1.00000000000000e+05 
7.10553819224875e-02 1.00000000000000e+05 
7.11830352630812e-02 1.00000000000000e+05 
7.13108126671907e-02 1.00000000000000e+05 
7.14384617733864e-02 1.00000000000000e+05 
7.15662836484001e-02 1.00000000000000e+05 
7.16945146270273e-02 1.00000000000000e+05 
7.18231535727821e-02 1.00000000000000e+05 
7.19520415651663e-02 1.00000000000000e+05 
7.20809730897218e-02 1.00000000000000e+05 
7.22099716938444e-02 1.00000000000000e+05 
7.23390891363745e-02 1.00000000000000e+05 
7.24683171718930e-02 1.00000000000000e+05 
7.25976570163742e-02 1.00000000000000e+05 
7.27271202277396e-02 1.00000000000000e+05 
7.28567157524824e-02 1.00000000000000e+05 
7.29864300411986e-02 1.00000000000000e+05 
7.31163013752342e-02 1.00000000000000e+05 
7.32462925063544e-02 1.00000000000000e+05 
7.33763869020757e-02 1.00000000000000e+05 
7.35065723779356e-02 1.00000000000000e+05 
7.36368441502545e-02 1.00000000000000e+05 
7.37671946024186e-02 1.00000000000000e+05 
7.38976665619052e-02 1.00000000000000e+05 
7.40282133365261e-02 1.00000000000000e+05 
7.41584625162721e-02 1.00000000000000e+05 
7.42885402438805e-02 1.00000000000000e+05 
7.44185849617027e-02 1.00000000000000e+05 
7.45485873503506e-02 1.00000000000000e+05 
7.46786977010471e-02 1.00000000000000e+05 
7.48089584980968e-02 1.00000000000000e+05 
7.49393059329713e-02 1.00000000000000e+05 
7.50698948558230e-02 1.00000000000000e+05 
7.52005784378834e-02 1.00000000000000e+05 
7.53313568074739e-02 1.00000000000000e+05 
7.54623598411977e-02 1.00000000000000e+05 
7.55936280438916e-02 1.00000000000000e+05 
7.57251998978130e-02 1.00000000000000e+05 
7.58569099360327e-02 1.00000000000000e+05 
7.59887659272985e-02 1.00000000000000e+05 
7.61207865882438e-02 1.00000000000000e+05 
7.62529864751306e-02 1.00000000000000e+05 
7.63853848392794e-02 1.00000000000000e+05 
7.65178298235000e-02 1.00000000000000e+05 
7.66502738417486e-02 1.00000000000000e+05 
7.67827228761733e-02 1.00000000000000e+05 
7.69152114584377e-02 1.00000000000000e+05 
7.70478451284629e-02 1.00000000000000e+05 
7.71806807727430e-02 1.00000000000000e+05 
7.73137379183133e-02 1.00000000000000e+05 
7.74469488910208e-02 1.00000000000000e+05 
7.75801355593261e-02 1.00000000000000e+05 
7.77132065915389e-02 1.00000000000000e+05 
7.78461713818629e-02 1.00000000000000e+05 
7.79790700532866e-02 1.00000000000000e+05 
7.81120117572734e-02 1.00000000000000e+05 
7.82450825033948e-02 1.00000000000000e+05 
7.83785008103802e-02 1.00000000000000e+05 
7.85120687824391e-02 1.00000000000000e+05 
7.86459441436897e-02 1.00000000000000e+05 
7.87797773143351e-02 1.00000000000000e+05 
7.89135157434290e-02 1.00000000000000e+05 
7.90472012598143e-02 1.00000000000000e+05 
7.91809598673303e-02 1.00000000000000e+05 
7.93149228606847e-02 1.00000000000000e+05 
7.94491594146712e-02 1.00000000000000e+05 
7.95835784917546e-02 1.00000000000000e+05 
7.97180620999980e-02 1.00000000000000e+05 
7.98525798707656e-02 1.00000000000000e+05 
7.99871462255662e-02 1.00000000000000e+05 
8.01217384462066e-02 1.00000000000000e+05 
8.02563802313211e-02 1.00000000000000e+05 
8.03910417697115e-02 1.00000000000000e+05 
8.05257231532727e-02 1.00000000000000e+05 
8.06604276037536e-02 1.00000000000000e+05 
8.07951690316544e-02 1.00000000000000e+05 
8.09299549348202e-02 1.00000000000000e+05 
8.10648382290369e-02 1.00000000000000e+05 
8.11997802972440e-02 1.00000000000000e+05 
8.13347789561131e-02 1.00000000000000e+05 
8.14698042497626e-02 1.00000000000000e+05 
8.16048457539304e-02 1.00000000000000e+05 
8.17396089209561e-02 1.00000000000000e+05 
8.18742866636186e-02 1.00000000000000e+05 
8.20089017405922e-02 1.00000000000000e+05 
8.21434309022880e-02 1.00000000000000e+05 
8.22779970314543e-02 1.00000000000000e+05 
8.24126668426226e-02 1.00000000000000e+05 
8.25474787630863e-02 1.00000000000000e+05 
8.26825232753109e-02 1.00000000000000e+05 
8.28175765514224e-02 1.00000000000000e+05 
8.29526792954232e-02 1.00000000000000e+05 
8.30878516137215e-02 1.00000000000000e+05 
8.32231732471757e-02 1.00000000000000e+05 
8.33587068178517e-02 1.00000000000000e+05 
8.34945436652213e-02 1.00000000000000e+05 
8.36307055981892e-02 1.00000000000000e+05 
8.37671019508450e-02 1.00000000000000e+05 
8.39036072701632e-02 1.00000000000000e+05 
8.40402362423769e-02 1.00000000000000e+05 
8.41769823247596e-02 1.00000000000000e+05 
8.43138900181510e-02 1.00000000000000e+05 
8.44510174190057e-02 1.00000000000000e+05 
8.45884446751628e-02 1.00000000000000e+05 
8.47259260787683e-02 1.00000000000000e+05 
8.48634111503704e-02 1.00000000000000e+05 
8.50009462001933e-02 1.00000000000000e+05 
8.51385651052432e-02 1.00000000000000e+05 
8.52763135874777e-02 1.00000000000000e+05 
8.54142773261299e-02 1.00000000000000e+05 
8.55524744256559e-02 1.00000000000000e+05 
8.56907236103317e-02 1.00000000000000e+05 
8.58289126631156e-02 1.00000000000000e+05 
8.59670460932973e-02 1.00000000000000e+05 
8.61051681948238e-02 1.00000000000000e+05 
8.62433727229931e-02 1.00000000000000e+05 
8.63817299008007e-02 1.00000000000000e+05 
8.65191150154303e-02 1.00000000000000e+05 
8.66574872096910e-02 1.00000000000000e+05 
8.67958426858620e-02 1.00000000000000e+05 
8.69341722034873e-02 1.00000000000000e+05 
8.70724249902181e-02 1.00000000000000e+05 
8.72106442315185e-02 1.00000000000000e+05 
8.73488375764914e-02 1.00000000000000e+05 
8.74872406124387e-02 1.00000000000000e+05 
8.76208327870984e-02 1.00000000000000e+05 
8.77594633081577e-02 1.00000000000000e+05 
8.78884562787626e-02 1.00000000000000e+05 
8.80217926067482e-02 1.00000000000000e+05 
8.81479563823848e-02 1.00000000000000e+05 
8.82802253141206e-02 1.00000000000000e+05 
8.84079376403377e-02 1.00000000000000e+05 
8.85365249922839e-02 1.00000000000000e+05 
8.86657288577501e-02 1.00000000000000e+05 
8.87995340442487e-02 1.00000000000000e+05 
8.89280279194948e-02 1.00000000000000e+05 
8.90621630762816e-02 1.00000000000000e+05 
8.91928209866507e-02 1.00000000000000e+05 
8.93294093555994e-02 1.00000000000000e+05 
8.94593417228168e-02 1.00000000000000e+05 
8.95935995657987e-02 1.00000000000000e+05 
8.97229777960746e-02 1.00000000000000e+05 
8.98598953509523e-02 1.00000000000000e+05 
8.99885512792774e-02 1.00000000000000e+05 
9.01215893656975e-02 1.00000000000000e+05 
9.02519367074705e-02 1.00000000000000e+05 
9.03865446947281e-02 1.00000000000000e+05 
9.05134212833459e-02 1.00000000000000e+05 
9.06451470549655e-02 1.00000000000000e+05 
9.07741603524793e-02 1.00000000000000e+05 
9.09073527809012e-02 1.00000000000000e+05 
9.10381472086834e-02 1.00000000000000e+05 
9.11732131398673e-02 1.00000000000000e+05 
9.13002448698414e-02 1.00000000000000e+05 
9.14324548397531e-02 1.00000000000000e+05 
9.15620110703039e-02 1.00000000000000e+05 
9.16958773110661e-02 1.00000000000000e+05 
9.18267762955471e-02 1.00000000000000e+05 
9.19606401599776e-02 1.00000000000000e+05 
9.20882885887370e-02 1.00000000000000e+05 
9.22210973159716e-02 1.00000000000000e+05 
9.23503351296235e-02 1.00000000000000e+05 
9.24785590909474e-02 1.00000000000000e+05 
9.26104028997258e-02 1.00000000000000e+05 
9.27417369268362e-02 1.00000000000000e+05 
9.28704965079933e-02 1.00000000000000e+05 
9.30042818165462e-02 1.00000000000000e+05 
9.31346014740540e-02 1.00000000000000e+05 
9.32636847401678e-02 1.00000000000000e+05 
9.33978458185546e-02 1.00000000000000e+05 
9.35301793572249e-02 1.00000000000000e+05 
9.36596349097538e-02 1.00000000000000e+05 
9.37919029995397e-02 1.00000000000000e+05 
9.39228255591229e-02 1.00000000000000e+05 
9.40555516605356e-02 1.00000000000000e+05 
9.41885604305356e-02 1.00000000000000e+05 
9.43267963930851e-02 1.00000000000000e+05 
9.44568895923398e-02 1.00000000000000e+05 
9.45920360096461e-02 1.00000000000000e+05 
9.47242689337315e-02 1.00000000000000e+05 
9.48618577510322e-02 1.00000000000000e+05 
9.49962994631432e-02 1.00000000000000e+05 
9.51365597589353e-02 1.00000000000000e+05 
9.52678799797476e-02 1.00000000000000e+05 
9.54045584030003e-02 1.00000000000000e+05 
9.55381855229080e-02 1.00000000000000e+05 
9.56776705329959e-02 1.00000000000000e+05 
9.58137579287935e-02 1.00000000000000e+05 
9.59560261898652e-02 1.00000000000000e+05 
9.60885198774039e-02 1.00000000000000e+05 
9.62273057675660e-02 1.00000000000000e+05 
9.63623679889810e-02 1.00000000000000e+05 
9.65024127359604e-02 1.00000000000000e+05 
9.66383391139512e-02 1.00000000000000e+05 
9.67792965255685e-02 1.00000000000000e+05 
9.69126430301236e-02 1.00000000000000e+05 
9.70525911879212e-02 1.00000000000000e+05 
9.71876807933625e-02 1.00000000000000e+05 
9.73278636977626e-02 1.00000000000000e+05 
9.74646182174035e-02 1.00000000000000e+05 
9.76066195530688e-02 1.00000000000000e+05 
9.77407083555121e-02 1.00000000000000e+05 
9.78802526585369e-02 1.00000000000000e+05 
9.80161491823745e-02 1.00000000000000e+05 
9.81574535254115e-02 1.00000000000000e+05 
9.82956827136207e-02 1.00000000000000e+05 
9.84390029469564e-02 1.00000000000000e+05 
9.85739318754966e-02 1.00000000000000e+05 
9.87145340506451e-02 1.00000000000000e+05 
9.88511355083731e-02 1.00000000000000e+05 
9.89921246988823e-02 1.00000000000000e+05 
9.91315363642365e-02 1.00000000000000e+05 
9.92701987561805e-02 1.00000000000000e+05 
9.94064706923042e-02 1.00000000000000e+05 
9.95448719218243e-02 1.00000000000000e+05 
9.96818766266559e-02 1.00000000000000e+05 
9.98193058975582e-02 1.00000000000000e+05 
9.99592473249114e-02 1.00000000000000e+05 
1.00098711030698e-01 1.00000000000000e+05 
1.00234978195509e-01 1.00000000000000e+05 
1.00375268593716e-01 1.00000000000000e+05 
1.00513461310072e-01 1.00000000000000e+05 
1.00652778834130e-01 1.00000000000000e+05 
1.00792807588414e-01 1.00000000000000e+05 
1.00933005355777e-01 1.00000000000000e+05 
1.01070335645185e-01 1.00000000000000e+05 
1.01213829759474e-01 1.00000000000000e+05 
1.01352930852643e-01 1.00000000000000e+05 
1.01496112197618e-01 1.00000000000000e+05 
1.01637183684317e-01 1.00000000000000e+05 
1.01782390158750e-01 1.00000000000000e+05 
1.01920508560850e-01 1.00000000000000e+05 
1.02065073343343e-01 1.00000000000000e+05 
1.02205193274761e-01 1.00000000000000e+05 
1.02349871263848e-01 1.00000000000000e+05 
1.02491615161744e-01 1.00000000000000e+05 
1.02637546518539e-01 1.00000000000000e+05 
1.02776457562001e-01 1.00000000000000e+05 
1.02921409452024e-01 1.00000000000000e+05 
1.03062069380046e-01 1.00000000000000e+05 
1.03206917938084e-01 1.00000000000000e+05 
1.03349365717377e-01 1.00000000000000e+05 
1.03496566549677e-01 1.00000000000000e+05 
1.03636587601853e-01 1.00000000000000e+05 
1.03780679613995e-01 1.00000000000000e+05 
1.03922924731599e-01 1.00000000000000e+05 
1.04066341103190e-01 1.00000000000000e+05 
1.04211798119736e-01 1.00000000000000e+05 
1.04354849032454e-01 1.00000000000000e+05 
1.04495701900127e-01 1.00000000000000e+05 
1.04642851708558e-01 1.00000000000000e+05 
1.04786983624913e-01 1.00000000000000e+05 
1.04933124879969e-01 1.00000000000000e+05 
1.05077586846687e-01 1.00000000000000e+05 
1.05226145783272e-01 1.00000000000000e+05 
1.05367146513334e-01 1.00000000000000e+05 
1.05514434562145e-01 1.00000000000000e+05 
1.05660258879393e-01 1.00000000000000e+05 
1.05802229605669e-01 1.00000000000000e+05 
1.05949843008019e-01 1.00000000000000e+05 
1.06097771399945e-01 1.00000000000000e+05 
1.06243468803763e-01 1.00000000000000e+05 
1.06391385727460e-01 1.00000000000000e+05 
1.06537844337455e-01 1.00000000000000e+05 
1.06681517022614e-01 1.00000000000000e+05 
1.06829506984566e-01 1.00000000000000e+05 
1.06977403934877e-01 1.00000000000000e+05 
1.07125224635046e-01 1.00000000000000e+05 
1.07269469898368e-01 1.00000000000000e+05 
1.07416787119093e-01 1.00000000000000e+05 
1.07557414950733e-01 1.00000000000000e+05 
1.07704057816767e-01 1.00000000000000e+05 
1.07850718443199e-01 1.00000000000000e+05 
1.07997635354307e-01 1.00000000000000e+05 
1.08143112390257e-01 1.00000000000000e+05 
1.08291051549190e-01 1.00000000000000e+05 
1.08435200663742e-01 1.00000000000000e+05 
1.08583255428363e-01 1.00000000000000e+05 
1.08731333878876e-01 1.00000000000000e+05 
1.08879428043238e-01 1.00000000000000e+05 
1.09027554617857e-01 1.00000000000000e+05 
1.09175568654960e-01 1.00000000000000e+05 
1.09320031038532e-01 1.00000000000000e+05 
1.09468304719356e-01 1.00000000000000e+05 
1.09616959986443e-01 1.00000000000000e+05 
1.09763904545236e-01 1.00000000000000e+05 
1.09912601632646e-01 1.00000000000000e+05 
1.10059775444381e-01 1.00000000000000e+05 
1.10204361894734e-01 1.00000000000000e+05 
1.10353319234419e-01 1.00000000000000e+05 
1.10502014509422e-01 1.00000000000000e+05 
1.10648480998442e-01 1.00000000000000e+05 
1.10797662806348e-01 1.00000000000000e+05 
1.10946096804358e-01 1.00000000000000e+05 
1.11095141191862e-01 1.00000000000000e+05 
1.11244875654409e-01 1.00000000000000e+05 
1.11394791920503e-01 1.00000000000000e+05 
1.11544939776167e-01 1.00000000000000e+05 
1.11693719208592e-01 1.00000000000000e+05 
1.11844203137659e-01 1.00000000000000e+05 
1.11995140804429e-01 1.00000000000000e+05 
1.12146206548218e-01 1.00000000000000e+05 
1.12296181149893e-01 1.00000000000000e+05 
1.12447559360751e-01 1.00000000000000e+05 
1.12597683585065e-01 1.00000000000000e+05 
1.12749882404569e-01 1.00000000000000e+05 
1.12902517480436e-01 1.00000000000000e+05 
1.13055294132018e-01 1.00000000000000e+05 
1.13205897052013e-01 1.00000000000000e+05 
1.13351452598723e-01 1.00000000000000e+05 
1.13504828621209e-01 1.00000000000000e+05 
1.13657782904131e-01 1.00000000000000e+05 
1.13811754021308e-01 1.00000000000000e+05 
1.13964040352625e-01 1.00000000000000e+05 
1.14116824849019e-01 1.00000000000000e+05 
1.14262405009704e-01 1.00000000000000e+05 
1.14413942772846e-01 1.00000000000000e+05 
1.14561562575810e-01 1.00000000000000e+05 
1.14715872574420e-01 1.00000000000000e+05 
1.14868301713645e-01 1.00000000000000e+05 
1.15023134718576e-01 1.00000000000000e+05 
1.15177271240385e-01 1.00000000000000e+05 
1.15326720574377e-01 1.00000000000000e+05 
1.15479845267234e-01 1.00000000000000e+05 
1.15633030197350e-01 1.00000000000000e+05 
1.15785366071167e-01 1.00000000000000e+05 
1.15938512875494e-01 1.00000000000000e+05 
1.16086185822299e-01 1.00000000000000e+05 
1.16239211178117e-01 1.00000000000000e+05 
1.16392182585141e-01 1.00000000000000e+05 
1.16537882689393e-01 1.00000000000000e+05 
1.16690709550921e-01 1.00000000000000e+05 
1.16843406452832e-01 1.00000000000000e+05 
1.16978570011320e-01 1.00000000000000e+05 
1.17127032300534e-01 1.00000000000000e+05 
1.17271845456691e-01 1.00000000000000e+05 
1.17421568609458e-01 1.00000000000000e+05 
1.17572058025353e-01 1.00000000000000e+05 
1.17723000126909e-01 1.00000000000000e+05 
1.17875857070417e-01 1.00000000000000e+05 
1.18028961569526e-01 1.00000000000000e+05 
1.18182255891542e-01 1.00000000000000e+05 
1.18335721473898e-01 1.00000000000000e+05 
1.18489277678624e-01 1.00000000000000e+05 
1.18641114686587e-01 1.00000000000000e+05 
1.18794920741648e-01 1.00000000000000e+05 
1.18948807823051e-01 1.00000000000000e+05 
1.19101050244467e-01 1.00000000000000e+05 
1.19254665540796e-01 1.00000000000000e+05 
1.19401460120407e-01 1.00000000000000e+05 
1.19553541131182e-01 1.00000000000000e+05 
1.19701862211944e-01 1.00000000000000e+05 
1.19855977143700e-01 1.00000000000000e+05 
1.20009589890445e-01 1.00000000000000e+05 
1.20161086144105e-01 1.00000000000000e+05 
1.20315370515105e-01 1.00000000000000e+05 
1.20468041794639e-01 1.00000000000000e+05 
1.20616412618701e-01 1.00000000000000e+05 
1.20768193956618e-01 1.00000000000000e+05 
1.20922676195486e-01 1.00000000000000e+05 
1.21071728865481e-01 1.00000000000000e+05 
1.21225447927450e-01 1.00000000000000e+05 
1.21378672585295e-01 1.00000000000000e+05 
1.21529215548604e-01 1.00000000000000e+05 
1.21681152742534e-01 1.00000000000000e+05 
1.21836359045057e-01 1.00000000000000e+05 
1.21986836674617e-01 1.00000000000000e+05 
1.22141269561465e-01 1.00000000000000e+05 
1.22296947390356e-01 1.00000000000000e+05 
1.22448417709406e-01 1.00000000000000e+05 
1.22601744427042e-01 1.00000000000000e+05 
1.22756966876105e-01 1.00000000000000e+05 
1.22908740230736e-01 1.00000000000000e+05 
1.23064785831980e-01 1.00000000000000e+05 
1.23221947883254e-01 1.00000000000000e+05 
1.23377332862319e-01 1.00000000000000e+05 
1.23533559171468e-01 1.00000000000000e+05 
1.23685327244706e-01 1.00000000000000e+05 
1.23840510399450e-01 1.00000000000000e+05 
1.23986988516810e-01 1.00000000000000e+05 
1.24141081093269e-01 1.00000000000000e+05 
1.24296557724328e-01 1.00000000000000e+05 
1.24450841000772e-01 1.00000000000000e+05 
1.24605080725658e-01 1.00000000000000e+05 
1.24756591242353e-01 1.00000000000000e+05 
1.24913742083559e-01 1.00000000000000e+05 
1.25070100241389e-01 1.00000000000000e+05 
1.25223813973736e-01 1.00000000000000e+05 
1.25382141943598e-01 1.00000000000000e+05 
1.25537273942214e-01 1.00000000000000e+05 
1.25696997484132e-01 1.00000000000000e+05 
1.25856172904867e-01 1.00000000000000e+05 
1.26011943829241e-01 1.00000000000000e+05 
1.26169711118314e-01 1.00000000000000e+05 
1.26330088362326e-01 1.00000000000000e+05 
1.26484619291691e-01 1.00000000000000e+05 
1.26643890115244e-01 1.00000000000000e+05 
1.26801075588922e-01 1.00000000000000e+05 
1.26957808313230e-01 1.00000000000000e+05 
1.27111189328153e-01 1.00000000000000e+05 
1.27270004671917e-01 1.00000000000000e+05 
1.27425152481984e-01 1.00000000000000e+05 
1.27585285497664e-01 1.00000000000000e+05 
1.27743461348799e-01 1.00000000000000e+05 
1.27900089583465e-01 1.00000000000000e+05 
1.28058702686582e-01 1.00000000000000e+05 
1.28214833691261e-01 1.00000000000000e+05 
1.28369890369207e-01 1.00000000000000e+05 
1.28527095002309e-01 1.00000000000000e+05 
1.28686282828168e-01 1.00000000000000e+05 
1.28845292467305e-01 1.00000000000000e+05 
1.29003878055549e-01 1.00000000000000e+05 
1.29163235746737e-01 1.00000000000000e+05 
1.29318705464094e-01 1.00000000000000e+05 
1.29477834835757e-01 1.00000000000000e+05 
1.29637345151405e-01 1.00000000000000e+05 
1.29790881450882e-01 1.00000000000000e+05 
1.29943957735764e-01 1.00000000000000e+05 
1.30100463393185e-01 1.00000000000000e+05 
1.30257980517933e-01 1.00000000000000e+05 
1.30411717156577e-01 1.00000000000000e+05 
1.30569745394256e-01 1.00000000000000e+05 
1.30727848637602e-01 1.00000000000000e+05 
1.30887478734672e-01 1.00000000000000e+05 
1.31047074265763e-01 1.00000000000000e+05 
1.31206713986788e-01 1.00000000000000e+05 
1.31365488458797e-01 1.00000000000000e+05 
1.31525133764408e-01 1.00000000000000e+05 
1.31683160850975e-01 1.00000000000000e+05 
1.31842643157148e-01 1.00000000000000e+05 
1.32001418685620e-01 1.00000000000000e+05 
1.32160983027656e-01 1.00000000000000e+05 
1.32318447171833e-01 1.00000000000000e+05 
1.32477832318542e-01 1.00000000000000e+05 
1.32637716351957e-01 1.00000000000000e+05 
1.32797712589644e-01 1.00000000000000e+05 
1.32957852714022e-01 1.00000000000000e+05 
1.33117372433469e-01 1.00000000000000e+05 
1.33277909338620e-01 1.00000000000000e+05 
1.33438586120598e-01 1.00000000000000e+05 
1.33599406969306e-01 1.00000000000000e+05 
1.33758841179252e-01 1.00000000000000e+05 
1.33920148579510e-01 1.00000000000000e+05 
1.34081795386355e-01 1.00000000000000e+05 
1.34242856718917e-01 1.00000000000000e+05 
1.34404665993416e-01 1.00000000000000e+05 
1.34566600591673e-01 1.00000000000000e+05 
1.34727931515312e-01 1.00000000000000e+05 
1.34890150144912e-01 1.00000000000000e+05 
1.35046184045735e-01 1.00000000000000e+05 
1.35208575949902e-01 1.00000000000000e+05 
1.35371056489586e-01 1.00000000000000e+05 
1.35533590766723e-01 1.00000000000000e+05 
1.35696044758477e-01 1.00000000000000e+05 
1.35858430166831e-01 1.00000000000000e+05 
1.36017499856952e-01 1.00000000000000e+05 
1.36180102040380e-01 1.00000000000000e+05 
1.36342816778825e-01 1.00000000000000e+05 
1.36505412624122e-01 1.00000000000000e+05 
1.36668073442888e-01 1.00000000000000e+05 
1.36824671728517e-01 1.00000000000000e+05 
1.36987660763344e-01 1.00000000000000e+05 
1.37150665495227e-01 1.00000000000000e+05 
1.37313687216367e-01 1.00000000000000e+05 
1.37476728324834e-01 1.00000000000000e+05 
1.37639764640063e-01 1.00000000000000e+05 
1.37802796869679e-01 1.00000000000000e+05 
1.37965829474888e-01 1.00000000000000e+05 
1.38128848395586e-01 1.00000000000000e+05 
1.38291863437836e-01 1.00000000000000e+05 
1.38454878155239e-01 1.00000000000000e+05 
1.38617870051125e-01 1.00000000000000e+05 
1.38780844030261e-01 1.00000000000000e+05 
1.38943797126902e-01 1.00000000000000e+05 
1.39106722662674e-01 1.00000000000000e+05 
1.39269631258755e-01 1.00000000000000e+05 
1.39432528597741e-01 1.00000000000000e+05 
1.39595397084101e-01 1.00000000000000e+05 
1.39758244804292e-01 1.00000000000000e+05 
1.39921064537786e-01 1.00000000000000e+05 
1.40083725113943e-01 1.00000000000000e+05 
1.40245856265979e-01 1.00000000000000e+05 
1.40404853305703e-01 1.00000000000000e+05 
1.40566447102205e-01 1.00000000000000e+05 
1.40727165822699e-01 1.00000000000000e+05 
1.40879783725183e-01 1.00000000000000e+05 
1.41035237108760e-01 1.00000000000000e+05 
1.41182077725191e-01 1.00000000000000e+05 
1.41330609759106e-01 1.00000000000000e+05 
1.41483754076852e-01 1.00000000000000e+05 
1.41632937983363e-01 1.00000000000000e+05 
1.41781051312200e-01 1.00000000000000e+05 
1.41931760735777e-01 1.00000000000000e+05 
1.42077449719819e-01 1.00000000000000e+05 
1.42228757949665e-01 1.00000000000000e+05 
1.42386727101526e-01 1.00000000000000e+05 
1.42549700241891e-01 1.00000000000000e+05 
1.42702628479551e-01 1.00000000000000e+05 
1.42865658815202e-01 1.00000000000000e+05 
1.43028721382031e-01 1.00000000000003e+05 
1.43189852902037e-01 1.00000000000010e+05 
1.43352958308262e-01 1.00000000011006e+05 
1.43516084942672e-01 1.00000000039065e+05 
1.43679227698421e-01 1.00000000099024e+05 
1.43842380838405e-01 1.00000000318827e+05 
1.44005547989856e-01 1.00000000676773e+05 
1.44168722503355e-01 1.00000001091871e+05 
1.44321644418992e-01 1.00000001520452e+05 
1.44481514360389e-01 1.00000001891174e+05 
1.44631255072227e-01 1.00000002135595e+05 
1.44786435640438e-01 1.00000002497385e+05 
1.44936094142378e-01 1.00000002815277e+05 
1.45091808745622e-01 1.00000003036331e+05 
1.45254922298903e-01 1.00000003294662e+05 
1.45410934462485e-01 1.00000003523559e+05 
1.45562941457708e-01 1.00000003768745e+05 
1.45722197555042e-01 1.00000004036866e+05 
1.45874675852057e-01 1.00000004337026e+05 
1.46035220106514e-01 1.00000004691851e+05 
1.46198266326942e-01 1.00000005102904e+05 
1.46360719326114e-01 1.00000005580893e+05 
1.46517948625531e-01 1.00000006122728e+05 
1.46680993785338e-01 1.00000006768646e+05 
1.46839111225561e-01 1.00000007488630e+05 
1.47002166856642e-01 1.00000008333101e+05 
1.47165224672310e-01 1.00000009294340e+05 
1.47328291801792e-01 1.00000010382842e+05 
1.47491372244008e-01 1.00000011592638e+05 
1.47654465835390e-01 1.00000012948138e+05 
1.47817574660431e-01 1.00000014459945e+05 
1.47980692136801e-01 1.00000016132136e+05 
1.48143814341072e-01 1.00000017987835e+05 
1.48306946832092e-01 1.00000020032638e+05 
1.48468492434947e-01 1.00000022246887e+05 
1.48631649707366e-01 1.00000024718998e+05 
1.48794821085905e-01 1.00000027436314e+05 
1.48957999938055e-01 1.00000030421234e+05 
1.49121180301507e-01 1.00000033712091e+05 
1.49284368147457e-01 1.00000037352166e+05 
1.49441288141917e-01 1.00000041166486e+05 
1.49604497108621e-01 1.00000045563940e+05 
1.49767719396886e-01 1.00000050401840e+05 
1.49930949320047e-01 1.00000055724026e+05 
1.50094181813144e-01 1.00000061600052e+05 
1.50257423408083e-01 1.00000068116163e+05 
1.50420680140372e-01 1.00000075230607e+05 
1.50583952715709e-01 1.00000083134867e+05 
1.50747244017003e-01 1.00000091830477e+05 
1.50910548093793e-01 1.00000101393643e+05 
1.51073862823343e-01 1.00000111942554e+05 
1.51237191922490e-01 1.00000123627920e+05 
1.51400543247633e-01 1.00000136380521e+05 
1.51563916189066e-01 1.00000150528024e+05 
1.51727312076501e-01 1.00000166077913e+05 
1.51890725261904e-01 1.00000183153150e+05 
1.52054153923680e-01 1.00000201963277e+05 
1.52217600955522e-01 1.00000222764385e+05 
1.52381074360767e-01 1.00000245433671e+05 
1.52544573216833e-01 1.00000270542502e+05 
1.52708083496321e-01 1.00000298093666e+05 
1.52871891479212e-01 1.00000328347836e+05 
1.53035712595543e-01 1.00000361624119e+05 
1.53199551459989e-01 1.00000398360901e+05 
1.53363402036570e-01 1.00000438317919e+05 
1.53527265291873e-01 1.00000482493908e+05 
1.53691145353699e-01 1.00000530870190e+05 
1.53855040276467e-01 1.00000583783234e+05 
1.54018941744206e-01 1.00000641846615e+05 
1.54182855264948e-01 1.00000705801711e+05 
1.54346776822537e-01 1.00000775185748e+05 
1.54510706703879e-01 1.00000851702753e+05 
1.54674651328562e-01 1.00000935269370e+05 
1.54838608629487e-01 1.00001026404475e+05 
1.55002571742854e-01 1.00001126125581e+05 
1.55166548003671e-01 1.00001235643230e+05 
1.55330537082633e-01 1.00001354100159e+05 
1.55494540080668e-01 1.00001484313834e+05 
1.55658563886238e-01 1.00001626083793e+05 
1.55822605880113e-01 1.00001780149969e+05 
1.55986660510415e-01 1.00001948361078e+05 
1.56150734753711e-01 1.00002132203096e+05 
1.56314830707663e-01 1.00002330422355e+05 
1.56478949628227e-01 1.00002547522051e+05 
1.56643099249812e-01 1.00002783924182e+05 
1.56807277670418e-01 1.00003038722994e+05 
1.56971479270571e-01 1.00003316550681e+05 
1.57135710775397e-01 1.00003618329235e+05 
1.57299977686666e-01 1.00003942676924e+05 
1.57464279837868e-01 1.00004296744173e+05 
1.57628624631185e-01 1.00004682851301e+05 
1.57793009168317e-01 1.00005094162732e+05 
1.57957426559299e-01 1.00005542036817e+05 
1.58121880154095e-01 1.00006027648082e+05 
1.58286353665433e-01 1.00006544532391e+05 
1.58450829818860e-01 1.00007110313235e+05 
1.58615310936001e-01 1.00007718964219e+05 
1.58779846998164e-01 1.00008365911101e+05 
1.58944386064088e-01 1.00009066132746e+05 
1.59108921556511e-01 1.00009825378865e+05 
1.59273465299095e-01 1.00010626584029e+05 
1.59438009193184e-01 1.00011499937604e+05 
1.59602550896678e-01 1.00012432438819e+05 
1.59767079828656e-01 1.00013424454924e+05 
1.59931596703073e-01 1.00014483835625e+05 
1.60096108366443e-01 1.00015631575676e+05 
1.60260614805081e-01 1.00016843746338e+05 
1.60425108017988e-01 1.00018148310557e+05 
1.60589587038894e-01 1.00019532163791e+05 
1.60754055190550e-01 1.00020994474039e+05 
1.60918515842603e-01 1.00022554079322e+05 
1.61082983059054e-01 1.00024238428381e+05 
1.61247444866309e-01 1.00025999819224e+05 
1.61411910191713e-01 1.00027892716829e+05 
1.61576375685972e-01 1.00029886720506e+05 
1.61740835476882e-01 1.00031982360326e+05 
1.61905279314533e-01 1.00034204427278e+05 
1.62069714100598e-01 1.00036595604657e+05 
1.62234134376677e-01 1.00039072943214e+05 
1.62398540934985e-01 1.00041712555072e+05 
1.62562938911463e-01 1.00044486908163e+05 
1.62727326467153e-01 1.00047385777297e+05 
1.62891696333677e-01 1.00050440417355e+05 
1.63056056204943e-01 1.00053683836923e+05 
1.63220399091751e-01 1.00057054093847e+05 
1.63384728724774e-01 1.00060612972006e+05 
1.63549049023339e-01 1.00064328975194e+05 
1.63713360526465e-01 1.00068183640663e+05 
1.63877657845096e-01 1.00072209673705e+05 
1.64041949095828e-01 1.00076449542440e+05 
1.64206227465195e-01 1.00080825517088e+05 
1.64370497961796e-01 1.00085410428695e+05 
1.64534765854090e-01 1.00090162060237e+05 
1.64699032654871e-01 1.00095079746518e+05 
1.64863293591366e-01 1.00100175508965e+05 
1.65012483037160e-01 1.00104983589145e+05 
1.65171357439729e-01 1.00110262276480e+05 
1.65314446674988e-01 1.00115176443552e+05 
1.65468253005995e-01 1.00120614344963e+05 
1.65614258309169e-01 1.00125891768255e+05 
1.65760531190197e-01 1.00131312731672e+05 
1.65909729816999e-01 1.00137026214790e+05 
1.66067672672880e-01 1.00143167806196e+05 
1.66216322277485e-01 1.00149115917959e+05 
1.66377848580758e-01 1.00155702975377e+05 
1.66542072496823e-01 1.00162483305760e+05 
1.66706293128192e-01 1.00169395828603e+05 
1.66870512181420e-01 1.00176527886915e+05 
1.67034629090224e-01 1.00183699590545e+05 
1.67198858993124e-01 1.00191057026268e+05 
1.67363094214313e-01 1.00198494513532e+05 
1.67526429481852e-01 1.00205905853213e+05 
1.67690665944525e-01 1.00213436620672e+05 
1.67854906242139e-01 1.00221146568798e+05 
1.68019158469733e-01 1.00228837452185e+05 
1.68183427131805e-01 1.00236655770550e+05 
1.68347711451138e-01 1.00244490225949e+05 
1.68512005401708e-01 1.00252269380336e+05 
1.68676313240768e-01 1.00260052770430e+05 
1.68840637396514e-01 1.00267953458152e+05 
1.69004785813391e-01 1.00275763002536e+05 
1.69169165528781e-01 1.00283638243325e+05 
1.69333573031676e-01 1.00291455314109e+05 
1.69498002026800e-01 1.00299150648479e+05 
1.69662457635958e-01 1.00306767851540e+05 
1.69826940546204e-01 1.00314433517335e+05 
1.69988728488857e-01 1.00321825258153e+05 
1.70150103916367e-01 1.00329161178795e+05 
1.70314698448295e-01 1.00336477690925e+05 
1.70476203249914e-01 1.00343440276114e+05 
1.70633794574065e-01 1.00350046683046e+05 
1.70798477561880e-01 1.00356884990760e+05 
1.70941850802757e-01 1.00362614168009e+05 
1.71088218311491e-01 1.00368338810404e+05 
1.71242011302891e-01 1.00374126562313e+05 
1.71403281995110e-01 1.00379901873175e+05 
1.71562021867852e-01 1.00385301828672e+05 
1.71726875909348e-01 1.00390773645772e+05 
1.71891759026126e-01 1.00395927191231e+05 
1.72056675697315e-01 1.00400831832545e+05 
1.72221615786756e-01 1.00405429315840e+05 
1.72386573195478e-01 1.00409714599917e+05 
1.72551552215224e-01 1.00413735010087e+05 
1.72716583013884e-01 1.00417411759114e+05 
1.72881640676597e-01 1.00420656734266e+05 
1.73046726598956e-01 1.00423538262760e+05 
1.73211842680089e-01 1.00426343531490e+05 
1.73376989386248e-01 1.00428936848712e+05 
1.73542165244744e-01 1.00431413095330e+05 
1.73705982194050e-01 1.00433721115016e+05 
1.73871218173095e-01 1.00435780424709e+05 
1.74023028613528e-01 1.00437392948523e+05 
1.74180766713959e-01 1.00438746802744e+05 
1.74338293139637e-01 1.00439813532119e+05 
1.74486958642090e-01 1.00440405846873e+05 
1.74646205980659e-01 1.00440758409753e+05 
1.74800051593558e-01 1.00440829528619e+05 
1.74964741057230e-01 1.00440478039476e+05 
1.75126632041854e-01 1.00439746343120e+05 
1.75292136147500e-01 1.00438695972115e+05 
1.75457669096602e-01 1.00437162857546e+05 
1.75623231328664e-01 1.00435176675418e+05 
1.75788822842716e-01 1.00432890750653e+05 
1.75954442782444e-01 1.00430130555642e+05 
1.76120091099766e-01 1.00426990092110e+05 
1.76285765526784e-01 1.00423650117072e+05 
1.76451463648024e-01 1.00419989580216e+05 
1.76617183213048e-01 1.00416035295938e+05 
1.76782925732171e-01 1.00411976984332e+05 
1.76948688244479e-01 1.00407546192832e+05 
1.77114471267084e-01 1.00402844419798e+05 
1.77280272753795e-01 1.00398051207102e+05 
1.77446091137521e-01 1.00393045458620e+05 
1.77611926005732e-01 1.00387785698312e+05 
1.77777782500544e-01 1.00382516753181e+05 
1.77943659590518e-01 1.00376913555145e+05 
1.78109558709063e-01 1.00371011883021e+05 
1.78275478307941e-01 1.00365145989615e+05 
1.78441411507364e-01 1.00359208690618e+05 
1.78607350139267e-01 1.00352967209542e+05 
1.78773301034809e-01 1.00346844727885e+05 
1.78939260349926e-01 1.00340351610336e+05 
1.79105220545115e-01 1.00333694927315e+05 
1.79271186944959e-01 1.00327105426952e+05 
1.79437165962466e-01 1.00320433426867e+05 
1.79603149269710e-01 1.00313647181139e+05 
1.79769143940684e-01 1.00307003252537e+05 
1.79935144507595e-01 1.00300065388080e+05 
1.80101144885783e-01 1.00293057080950e+05 
1.80267150561750e-01 1.00286230228561e+05 
1.80433166557827e-01 1.00279399127267e+05 
1.80599184593956e-01 1.00272464574024e+05 
1.80765212548983e-01 1.00265775829777e+05 
1.80931243262366e-01 1.00258909306238e+05 
1.81097273570684e-01 1.00252025579051e+05 
1.81263309549204e-01 1.00245363837493e+05 
1.81429356216160e-01 1.00238732990432e+05 
1.81595404991050e-01 1.00232138330151e+05 
1.81761463333786e-01 1.00225740379526e+05 
1.81927524232020e-01 1.00219366764284e+05 
1.82093585035239e-01 1.00213001945225e+05 
1.82259652874061e-01 1.00206812599533e+05 
1.82425732689893e-01 1.00200678599918e+05 
1.82591815010432e-01 1.00194627473675e+05 
1.82757907805234e-01 1.00188752025845e+05 
1.82924003876745e-01 1.00182845299936e+05 
1.83090100837581e-01 1.00176987230825e+05 
1.83256208254032e-01 1.00171458008868e+05 
1.83422332416595e-01 1.00166084366974e+05 
1.83588462231316e-01 1.00160748953791e+05 
1.83754608366904e-01 1.00155820748634e+05 
1.83920763934126e-01 1.00150898692091e+05 
1.84086924507823e-01 1.00146161755761e+05 
1.84253099695341e-01 1.00141845377413e+05 
1.84419296622335e-01 1.00137752184937e+05 
1.84585500011910e-01 1.00133750922893e+05 
1.84751721555937e-01 1.00130132045847e+05 
1.84917952830689e-01 1.00126592034071e+05 
1.85084186257570e-01 1.00123231114733e+05 
1.85250430101605e-01 1.00120266775167e+05 
1.85416679208511e-01 1.00117558828293e+05 
1.85581758190048e-01 1.00115135888451e+05 
1.85748003121317e-01 1.00112993275846e+05 
1.85912700721769e-01 1.00111083256987e+05 
1.86064881172871e-01 1.00109530371586e+05 
1.86222579427540e-01 1.00108219156437e+05 
1.86387222914316e-01 1.00107097161076e+05 
1.86544168191087e-01 1.00106214094661e+05 
1.86708250534846e-01 1.00105678673983e+05 
1.86869155270371e-01 1.00105291493811e+05 
1.87020310538853e-01 1.00105143947199e+05 
1.87178489780618e-01 1.00105302792265e+05 
1.87344582684573e-01 1.00105724524782e+05 
1.87505272053113e-01 1.00106296365066e+05 
1.87671426702057e-01 1.00107253623888e+05 
1.87837577314034e-01 1.00108424557342e+05 
1.88003723830195e-01 1.00109877638100e+05 
1.88169866293684e-01 1.00111662661007e+05 
1.88336009722031e-01 1.00113736700961e+05 
1.88498054749360e-01 1.00115982243250e+05 
1.88664206789538e-01 1.00118681364691e+05 
1.88830364737010e-01 1.00121747261822e+05 
1.88990247666409e-01 1.00124980547767e+05 
1.89156400663993e-01 1.00128554185084e+05 
1.89322553976515e-01 1.00132470373844e+05 
1.89488703664286e-01 1.00136774047883e+05 
1.89654864479086e-01 1.00141283946488e+05 
1.89821190161800e-01 1.00146225858424e+05 
1.89987518009177e-01 1.00151452398209e+05 
1.90153858793806e-01 1.00156783388298e+05 
1.90320212273523e-01 1.00162323874138e+05 
1.90486566166709e-01 1.00168348595166e+05 
1.90652934175516e-01 1.00174522462504e+05 
1.90801397670473e-01 1.00180371171176e+05 
1.90964707514927e-01 1.00187119068269e+05 
1.91116104083573e-01 1.00193415515858e+05 
1.91278595546414e-01 1.00200317050205e+05 
1.91431980604545e-01 1.00207201041983e+05 
1.91598378800651e-01 1.00214577710996e+05 
1.91762696198406e-01 1.00222332217663e+05 
1.91929096048770e-01 1.00230316043592e+05 
1.92095508561337e-01 1.00237858349030e+05 
1.92261933122029e-01 1.00245586026027e+05 
1.92428360650676e-01 1.00254025749495e+05 
1.92594810452556e-01 1.00261937906818e+05 
1.92761266688080e-01 1.00270375484900e+05 
1.92927734162129e-01 1.00278911033405e+05 
1.93094220464613e-01 1.00287108440690e+05 
1.93260726976123e-01 1.00295301067393e+05 
1.93427237501281e-01 1.00303791889023e+05 
1.93593750059683e-01 1.00312002156334e+05 
1.93760254827235e-01 1.00320497808217e+05 
1.93926761915084e-01 1.00329007188337e+05 
1.94093272639640e-01 1.00337003555414e+05 
1.94259784830443e-01 1.00344810465546e+05 
1.94426300201512e-01 1.00353070200294e+05 
1.94592833488464e-01 1.00360500717328e+05 
1.94759378121471e-01 1.00367958081817e+05 
1.94925940277560e-01 1.00375188050427e+05 
1.95092519359786e-01 1.00381662685242e+05 
1.95259113804606e-01 1.00387975561081e+05 
1.95425725550592e-01 1.00394483447237e+05 
1.95592354935589e-01 1.00400327650743e+05 
1.95758987579025e-01 1.00406584468300e+05 
1.95925632741258e-01 1.00412833556119e+05 
1.96092288187012e-01 1.00418772787096e+05 
1.96258946506226e-01 1.00424616043713e+05 
1.96425606307683e-01 1.00430342323142e+05 
1.96592287734180e-01 1.00435557540225e+05 
1.96758979750092e-01 1.00440696042719e+05 
1.96925691042183e-01 1.00445565161712e+05 
1.97092418826644e-01 1.00449920666770e+05 
1.97259151890262e-01 1.00453969189361e+05 
1.97425886926367e-01 1.00457854600084e+05 
1.97592638919155e-01 1.00461526351627e+05 
1.97759392361424e-01 1.00464960742296e+05 
1.97926157606528e-01 1.00468296304532e+05 
1.98092930684460e-01 1.00471206930958e+05 
1.98259692243350e-01 1.00473925680360e+05 
1.98426445019417e-01 1.00476550924402e+05 
1.98593196055831e-01 1.00478935829278e+05 
1.98759930057241e-01 1.00481289344012e+05 
1.98926672766047e-01 1.00483765309813e+05 
1.99093415262144e-01 1.00485984979441e+05 
1.99260136661738e-01 1.00487940944825e+05 
1.99426859038626e-01 1.00489507247667e+05 
1.99593588394058e-01 1.00490936294283e+05 
1.99760336317145e-01 1.00492088767653e+05 
1.99927168176546e-01 1.00493159102693e+05 
2.00094117582173e-01 1.00494298255443e+05 
2.00261163467167e-01 1.00495296039657e+05 
