# Liste des scalaires : TEMPS pmat 
0.00000000000000e+00 1.00000000000000e+05 
5.42217668469038e-05 1.00000000000000e+05 
1.00672519400854e-04 1.00000000000000e+05 
1.44095509847542e-04 1.00000000000000e+05 
1.85714241797977e-04 1.00000000000000e+05 
2.29252417160396e-04 1.00000000000000e+05 
2.73929431421306e-04 1.00000000000000e+05 
3.17610608912492e-04 1.00000000000000e+05 
3.61993861243842e-04 1.00000000000000e+05 
4.08112953769499e-04 1.00000000000000e+05 
4.53382875659023e-04 1.00000000000000e+05 
5.01403653822115e-04 1.00000000000000e+05 
5.51488137519656e-04 1.00000000000000e+05 
6.00769636629689e-04 1.00000000000000e+05 
6.52325247510778e-04 1.00000000000000e+05 
7.06429502158733e-04 1.00000000000000e+05 
7.60599753331195e-04 1.00000000000000e+05 
8.15463088742265e-04 1.00000000000000e+05 
8.71413713313568e-04 1.00000000000000e+05 
9.28356242656669e-04 1.00000000000000e+05 
9.85336362488800e-04 1.00000000000000e+05 
1.04300430635932e-03 1.00000000000000e+05 
1.10187237857317e-03 1.00000000000000e+05 
1.16203083364768e-03 1.00000000000000e+05 
1.22332184395323e-03 1.00000000000000e+05 
1.28546631938405e-03 1.00000000000000e+05 
1.34845062152885e-03 1.00000000000000e+05 
1.41237293297114e-03 1.00000000000000e+05 
1.47725560087052e-03 1.00000000000000e+05 
1.54312988665756e-03 1.00000000000000e+05 
1.60987000570103e-03 1.00000000000000e+05 
1.67779731879728e-03 1.00000000000000e+05 
1.74623636725980e-03 1.00000000000000e+05 
1.81602692477226e-03 1.00000000000000e+05 
1.88646496007840e-03 1.00000000000000e+05 
1.95765423850818e-03 1.00000000000000e+05 
2.02982697073254e-03 1.00000000000000e+05 
2.10323946561945e-03 1.00000000000000e+05 
2.17816884323705e-03 1.00000000000000e+05 
2.25368260830281e-03 1.00000000000000e+05 
2.33006317781662e-03 1.00000000000000e+05 
2.40756890798994e-03 1.00000000000000e+05 
2.48642970408094e-03 1.00000000000000e+05 
2.56688068184226e-03 1.00000000000000e+05 
2.64772538459331e-03 1.00000000000000e+05 
2.72951255309636e-03 1.00000000000000e+05 
2.81259211291208e-03 1.00000000000000e+05 
2.89718032766761e-03 1.00000000000000e+05 
2.98267937477215e-03 1.00000000000000e+05 
3.06902940624915e-03 1.00000000000000e+05 
3.15640712758009e-03 1.00000000000000e+05 
3.24505696105015e-03 1.00000000000000e+05 
3.33526579912003e-03 1.00000000000000e+05 
3.42691371092810e-03 1.00000000000000e+05 
3.51933334193258e-03 1.00000000000000e+05 
3.61277590408762e-03 1.00000000000000e+05 
3.70669128515169e-03 1.00000000000000e+05 
3.80226114423748e-03 1.00000000000000e+05 
3.89958921470133e-03 1.00000000000000e+05 
3.99799014156022e-03 1.00000000000000e+05 
4.09756355535009e-03 1.00000000000000e+05 
4.19849385768971e-03 1.00000000000000e+05 
4.29969554461302e-03 1.00000000000000e+05 
4.40250934861067e-03 1.00000000000000e+05 
4.50557257919644e-03 1.00000000000000e+05 
4.61018967507167e-03 1.00000000000000e+05 
4.71661223456545e-03 1.00000000000000e+05 
4.82504818305696e-03 1.00000000000000e+05 
4.93413403791189e-03 1.00000000000000e+05 
5.04214977617596e-03 1.00000000000000e+05 
5.15199863339575e-03 1.00000000000000e+05 
5.26417136348600e-03 1.00000000000000e+05 
5.37676459401266e-03 1.00000000000000e+05 
5.48955600908557e-03 1.00000000000000e+05 
5.60230520794715e-03 1.00000000000000e+05 
5.71505749077079e-03 1.00000000000000e+05 
5.82784719076750e-03 1.00000000000000e+05 
5.94058354164273e-03 1.00000000000000e+05 
6.05318288683293e-03 1.00000000000000e+05 
6.16566162148618e-03 1.00000000000000e+05 
6.27804862583203e-03 1.00000000000000e+05 
6.39037720035871e-03 1.00000000000000e+05 
6.50265359523085e-03 1.00000000000000e+05 
6.61490286168570e-03 1.00000000000000e+05 
6.72715252239328e-03 1.00000000000000e+05 
6.83978579038531e-03 1.00000000000000e+05 
6.95210718083955e-03 1.00000000000000e+05 
7.06420289900903e-03 1.00000000000000e+05 
7.17609594379950e-03 1.00000000000000e+05 
7.28787886136789e-03 1.00000000000000e+05 
7.39970503843620e-03 1.00000000000000e+05 
7.51133546605135e-03 1.00000000000000e+05 
7.62250597646665e-03 1.00000000000000e+05 
7.73301634948141e-03 1.00000000000000e+05 
7.84326122895136e-03 1.00000000000000e+05 
7.95341826686810e-03 1.00000000000000e+05 
8.06361354752237e-03 1.00000000000000e+05 
8.17354167983918e-03 1.00000000000000e+05 
8.28325591095538e-03 1.00000000000000e+05 
8.39291953994425e-03 1.00000000000000e+05 
8.50262067039558e-03 1.00000000000000e+05 
8.61264954104951e-03 1.00000000000000e+05 
8.72306748601269e-03 1.00000000000000e+05 
8.83390899725263e-03 1.00000000000000e+05 
8.94492307047506e-03 1.00000000000000e+05 
9.05598918643537e-03 1.00000000000000e+05 
9.16705731438084e-03 1.00000000000000e+05 
9.27820361962346e-03 1.00000000000000e+05 
9.38950832194375e-03 1.00000000000000e+05 
9.50105616083798e-03 1.00000000000000e+05 
9.61284448703595e-03 1.00000000000000e+05 
9.72484717436531e-03 1.00000000000000e+05 
9.83698490179183e-03 1.00000000000000e+05 
9.94929252193222e-03 1.00000000000000e+05 
1.00617730147012e-02 1.00000000000000e+05 
1.01744457586447e-02 1.00000000000000e+05 
1.02873635357872e-02 1.00000000000000e+05 
1.04005385149897e-02 1.00000000000000e+05 
1.05140040248934e-02 1.00000000000000e+05 
1.06278111493152e-02 1.00000000000000e+05 
1.07419068209956e-02 1.00000000000000e+05 
1.08559671156649e-02 1.00000000000000e+05 
1.09700297151204e-02 1.00000000000000e+05 
1.10840893371285e-02 1.00000000000000e+05 
1.11981243849925e-02 1.00000000000000e+05 
1.13121325336147e-02 1.00000000000000e+05 
1.14261469488604e-02 1.00000000000000e+05 
1.15398221395232e-02 1.00000000000000e+05 
1.16534482646350e-02 1.00000000000000e+05 
1.17669451084185e-02 1.00000000000000e+05 
1.18803861556670e-02 1.00000000000000e+05 
1.19939308719545e-02 1.00000000000000e+05 
1.21075870919833e-02 1.00000000000000e+05 
1.22213759434139e-02 1.00000000000000e+05 
1.23355441493369e-02 1.00000000000000e+05 
1.24501889385876e-02 1.00000000000000e+05 
1.25651089125462e-02 1.00000000000000e+05 
1.26805139563715e-02 1.00000000000000e+05 
1.27961924097865e-02 1.00000000000000e+05 
1.29118966204375e-02 1.00000000000000e+05 
1.30269061586925e-02 1.00000000000000e+05 
1.31426064942945e-02 1.00000000000000e+05 
1.32579993171012e-02 1.00000000000000e+05 
1.33736666924735e-02 1.00000000000000e+05 
1.34893251065162e-02 1.00000000000000e+05 
1.36049367163200e-02 1.00000000000000e+05 
1.37205533409016e-02 1.00000000000000e+05 
1.38360781421091e-02 1.00000000000000e+05 
1.39515527798958e-02 1.00000000000000e+05 
1.40670729500180e-02 1.00000000000000e+05 
1.41826588510749e-02 1.00000000000000e+05 
1.42983345559675e-02 1.00000000000000e+05 
1.44140772636555e-02 1.00000000000000e+05 
1.45299249932914e-02 1.00000000000000e+05 
1.46458201074970e-02 1.00000000000000e+05 
1.47617843874054e-02 1.00000000000000e+05 
1.48777936518375e-02 1.00000000000000e+05 
1.49938591608151e-02 1.00000000000000e+05 
1.51099754743084e-02 1.00000000000000e+05 
1.52261452500877e-02 1.00000000000000e+05 
1.53424334379169e-02 1.00000000000000e+05 
1.54588435613229e-02 1.00000000000000e+05 
1.55753720786248e-02 1.00000000000000e+05 
1.56920395485163e-02 1.00000000000000e+05 
1.58088541197566e-02 1.00000000000000e+05 
1.59257902183433e-02 1.00000000000000e+05 
1.60429174751782e-02 1.00000000000000e+05 
1.61602613207147e-02 1.00000000000000e+05 
1.62777937864329e-02 1.00000000000000e+05 
1.63955843192846e-02 1.00000000000000e+05 
1.65128730432373e-02 1.00000000000000e+05 
1.66301757044162e-02 1.00000000000000e+05 
1.67467269990729e-02 1.00000000000000e+05 
1.68640827206573e-02 1.00000000000000e+05 
1.69814284497445e-02 1.00000000000000e+05 
1.70987179473244e-02 1.00000000000000e+05 
1.72155861188764e-02 1.00000000000000e+05 
1.73327042817294e-02 1.00000000000000e+05 
1.74498319010933e-02 1.00000000000000e+05 
1.75670184476712e-02 1.00000000000000e+05 
1.76842121325098e-02 1.00000000000000e+05 
1.78013268690803e-02 1.00000000000000e+05 
1.79183968307510e-02 1.00000000000000e+05 
1.80354372308827e-02 1.00000000000000e+05 
1.81525233370881e-02 1.00000000000000e+05 
1.82696426691588e-02 1.00000000000000e+05 
1.83868193369042e-02 1.00000000000000e+05 
1.85041459220866e-02 1.00000000000000e+05 
1.86215971272783e-02 1.00000000000000e+05 
1.87392037823054e-02 1.00000000000000e+05 
1.88569925558515e-02 1.00000000000000e+05 
1.89748303686037e-02 1.00000000000000e+05 
1.90928535985313e-02 1.00000000000000e+05 
1.92111277776049e-02 1.00000000000000e+05 
1.93297621913019e-02 1.00000000000000e+05 
1.94488227354218e-02 1.00000000000000e+05 
1.95681260515647e-02 1.00000000000000e+05 
1.96874781575298e-02 1.00000000000000e+05 
1.98071006844573e-02 1.00000000000000e+05 
1.99269837553978e-02 1.00000000000000e+05 
2.00468280682441e-02 1.00000000000000e+05 
2.01666743960734e-02 1.00000000000000e+05 
2.02864893015001e-02 1.00000000000000e+05 
2.04063415162060e-02 1.00000000000000e+05 
2.05262533489073e-02 1.00000000000000e+05 
2.06461225336816e-02 1.00000000000000e+05 
2.07659491189030e-02 1.00000000000000e+05 
2.08857791846986e-02 1.00000000000000e+05 
2.10055204022315e-02 1.00000000000000e+05 
2.11251319434714e-02 1.00000000000000e+05 
2.12447304653627e-02 1.00000000000000e+05 
2.13644820475690e-02 1.00000000000000e+05 
2.14843720978271e-02 1.00000000000000e+05 
2.16044986964065e-02 1.00000000000000e+05 
2.17248103442904e-02 1.00000000000000e+05 
2.18452749744887e-02 1.00000000000000e+05 
2.19659467967677e-02 1.00000000000000e+05 
2.20867965349456e-02 1.00000000000000e+05 
2.22078374686496e-02 1.00000000000000e+05 
2.23292001722448e-02 1.00000000000000e+05 
2.24508392847354e-02 1.00000000000000e+05 
2.25726124437688e-02 1.00000000000000e+05 
2.26947412137825e-02 1.00000000000000e+05 
2.28172676278768e-02 1.00000000000000e+05 
2.29394063561061e-02 1.00000000000000e+05 
2.30620578533274e-02 1.00000000000000e+05 
2.31843443301296e-02 1.00000000000000e+05 
2.33069924330354e-02 1.00000000000000e+05 
2.34294537813549e-02 1.00000000000000e+05 
2.35518188480845e-02 1.00000000000000e+05 
2.36741484866725e-02 1.00000000000000e+05 
2.37964661023915e-02 1.00000000000000e+05 
2.39188051808354e-02 1.00000000000000e+05 
2.40412872474947e-02 1.00000000000000e+05 
2.41640742092525e-02 1.00000000000000e+05 
2.42871268456518e-02 1.00000000000000e+05 
2.44104507435063e-02 1.00000000000000e+05 
2.45338605009472e-02 1.00000000000000e+05 
2.46574033784082e-02 1.00000000000000e+05 
2.47812074718240e-02 1.00000000000000e+05 
2.49051907852031e-02 1.00000000000000e+05 
2.50294719414546e-02 1.00000000000000e+05 
2.51540395706230e-02 1.00000000000000e+05 
2.52789883770076e-02 1.00000000000000e+05 
2.54043063790197e-02 1.00000000000000e+05 
2.55299257073421e-02 1.00000000000000e+05 
2.56558391692865e-02 1.00000000000000e+05 
2.57821366013262e-02 1.00000000000000e+05 
2.59086246974847e-02 1.00000000000000e+05 
2.60350937681989e-02 1.00000000000000e+05 
2.61615361658116e-02 1.00000000000000e+05 
2.62866090728591e-02 1.00000000000000e+05 
2.64117201463349e-02 1.00000000000000e+05 
2.65368804444995e-02 1.00000000000000e+05 
2.66620007157385e-02 1.00000000000000e+05 
2.67869843899200e-02 1.00000000000000e+05 
2.69118006848397e-02 1.00000000000000e+05 
2.70364854353035e-02 1.00000000000000e+05 
2.71611809397605e-02 1.00000000000000e+05 
2.72860643452140e-02 1.00000000000000e+05 
2.74110819425815e-02 1.00000000000000e+05 
2.75362627793075e-02 1.00000000000000e+05 
2.76614685370422e-02 1.00000000000000e+05 
2.77864690578695e-02 1.00000000000000e+05 
2.79113741822795e-02 1.00000000000000e+05 
2.80363412783687e-02 1.00000000000000e+05 
2.81613713258022e-02 1.00000000000000e+05 
2.82865590584580e-02 1.00000000000000e+05 
2.84118628620666e-02 1.00000000000000e+05 
2.85372863830430e-02 1.00000000000000e+05 
2.86628185849819e-02 1.00000000000000e+05 
2.87884335165536e-02 1.00000000000000e+05 
2.89141174024799e-02 1.00000000000000e+05 
2.90399603247497e-02 1.00000000000000e+05 
2.91658251718111e-02 1.00000000000000e+05 
2.92917658983748e-02 1.00000000000000e+05 
2.94178437612011e-02 1.00000000000000e+05 
2.95441058783141e-02 1.00000000000000e+05 
2.96705532172226e-02 1.00000000000000e+05 
2.97970365107615e-02 1.00000000000000e+05 
2.99233902302118e-02 1.00000000000000e+05 
3.00496406650210e-02 1.00000000000000e+05 
3.01757383747507e-02 1.00000000000000e+05 
3.03017571317949e-02 1.00000000000000e+05 
3.04277283716739e-02 1.00000000000000e+05 
3.05535707626007e-02 1.00000000000000e+05 
3.06793933442183e-02 1.00000000000000e+05 
3.08052593670877e-02 1.00000000000000e+05 
3.09310188778419e-02 1.00000000000000e+05 
3.10566553008799e-02 1.00000000000000e+05 
3.11823585675850e-02 1.00000000000000e+05 
3.13083243477209e-02 1.00000000000000e+05 
3.14345731413580e-02 1.00000000000000e+05 
3.15611186319468e-02 1.00000000000000e+05 
3.16877253452398e-02 1.00000000000000e+05 
3.18143902624671e-02 1.00000000000000e+05 
3.19410808801626e-02 1.00000000000000e+05 
3.20678283177681e-02 1.00000000000000e+05 
3.21946617525326e-02 1.00000000000000e+05 
3.23215543449767e-02 1.00000000000000e+05 
3.24484646114857e-02 1.00000000000000e+05 
3.25754631695081e-02 1.00000000000000e+05 
3.27025533065323e-02 1.00000000000000e+05 
3.28298729284318e-02 1.00000000000000e+05 
3.29579577770647e-02 1.00000000000000e+05 
3.30867003658427e-02 1.00000000000000e+05 
3.32162736047652e-02 1.00000000000000e+05 
3.33466848100813e-02 1.00000000000000e+05 
3.34780158610578e-02 1.00000000000000e+05 
3.36099952718037e-02 1.00000000000000e+05 
3.37421069813392e-02 1.00000000000000e+05 
3.38742896578809e-02 1.00000000000000e+05 
3.40065517401543e-02 1.00000000000000e+05 
3.41388770808022e-02 1.00000000000000e+05 
3.42712562095989e-02 1.00000000000000e+05 
3.44037632276323e-02 1.00000000000000e+05 
3.45363511345023e-02 1.00000000000000e+05 
3.46690616476341e-02 1.00000000000000e+05 
3.48018775508278e-02 1.00000000000000e+05 
3.49348089034171e-02 1.00000000000000e+05 
3.50678738293488e-02 1.00000000000000e+05 
3.51997690662265e-02 1.00000000000000e+05 
3.53316860733480e-02 1.00000000000000e+05 
3.54636394207552e-02 1.00000000000000e+05 
3.55955942645217e-02 1.00000000000000e+05 
3.57275858197424e-02 1.00000000000000e+05 
3.58596263043392e-02 1.00000000000000e+05 
3.59917381343269e-02 1.00000000000000e+05 
3.61239266351661e-02 1.00000000000000e+05 
3.62562341090268e-02 1.00000000000000e+05 
3.63885552179236e-02 1.00000000000000e+05 
3.65209170264109e-02 1.00000000000000e+05 
3.66533607483635e-02 1.00000000000000e+05 
3.67859071373747e-02 1.00000000000000e+05 
3.69185793161564e-02 1.00000000000000e+05 
3.70513764503775e-02 1.00000000000000e+05 
3.71842046965886e-02 1.00000000000000e+05 
3.73170467732757e-02 1.00000000000000e+05 
3.74499399477833e-02 1.00000000000000e+05 
3.75828759419066e-02 1.00000000000000e+05 
3.77159557913327e-02 1.00000000000000e+05 
3.78491574253225e-02 1.00000000000000e+05 
3.79824818383202e-02 1.00000000000000e+05 
3.81159204324085e-02 1.00000000000000e+05 
3.82495468916569e-02 1.00000000000000e+05 
3.83832989198632e-02 1.00000000000000e+05 
3.85171504296971e-02 1.00000000000000e+05 
3.86510813823712e-02 1.00000000000000e+05 
3.87852546071769e-02 1.00000000000000e+05 
3.89196771870515e-02 1.00000000000000e+05 
3.90543804081081e-02 1.00000000000000e+05 
3.91894103579334e-02 1.00000000000000e+05 
3.93250651404891e-02 1.00000000000000e+05 
3.94610085071764e-02 1.00000000000000e+05 
3.95969946920236e-02 1.00000000000000e+05 
3.97330126525114e-02 1.00000000000000e+05 
3.98690358687501e-02 1.00000000000000e+05 
4.00050973428385e-02 1.00000000000000e+05 
4.01412684339226e-02 1.00000000000000e+05 
4.02775146180863e-02 1.00000000000000e+05 
4.04138387156989e-02 1.00000000000000e+05 
4.05503643839719e-02 1.00000000000000e+05 
4.06870962033910e-02 1.00000000000000e+05 
4.08242780591897e-02 1.00000000000000e+05 
4.09619912058039e-02 1.00000000000000e+05 
4.11001347906101e-02 1.00000000000000e+05 
4.12385405642893e-02 1.00000000000000e+05 
4.13769708075942e-02 1.00000000000000e+05 
4.15154861354857e-02 1.00000000000000e+05 
4.16541369615095e-02 1.00000000000000e+05 
4.17927745321787e-02 1.00000000000000e+05 
4.19314206822105e-02 1.00000000000000e+05 
4.20700798518116e-02 1.00000000000000e+05 
4.22087613624022e-02 1.00000000000000e+05 
4.23475168221517e-02 1.00000000000000e+05 
4.24864345089323e-02 1.00000000000000e+05 
4.26253845226354e-02 1.00000000000000e+05 
4.27642477729190e-02 1.00000000000000e+05 
4.29031118653534e-02 1.00000000000000e+05 
4.30419655513185e-02 1.00000000000000e+05 
4.31808955118003e-02 1.00000000000000e+05 
4.33199589430370e-02 1.00000000000000e+05 
4.34591404527752e-02 1.00000000000000e+05 
4.35985080685050e-02 1.00000000000000e+05 
4.37381108726005e-02 1.00000000000000e+05 
4.38779385502846e-02 1.00000000000000e+05 
4.40180747769367e-02 1.00000000000000e+05 
4.41585911300912e-02 1.00000000000000e+05 
4.42993744054374e-02 1.00000000000000e+05 
4.44401813106874e-02 1.00000000000000e+05 
4.45809827270540e-02 1.00000000000000e+05 
4.47217297860178e-02 1.00000000000000e+05 
4.48625829854752e-02 1.00000000000000e+05 
4.50034276423175e-02 1.00000000000000e+05 
4.51443095178252e-02 1.00000000000000e+05 
4.52852579418267e-02 1.00000000000000e+05 
4.54262876758676e-02 1.00000000000000e+05 
4.55673253366549e-02 1.00000000000000e+05 
4.57085325446843e-02 1.00000000000000e+05 
4.58498397520363e-02 1.00000000000000e+05 
4.59911753456987e-02 1.00000000000000e+05 
4.61325516588032e-02 1.00000000000000e+05 
4.62740085765659e-02 1.00000000000000e+05 
4.64154773409080e-02 1.00000000000000e+05 
4.65570318142680e-02 1.00000000000000e+05 
4.66986267080057e-02 1.00000000000000e+05 
4.68402630403239e-02 1.00000000000000e+05 
4.69819699400469e-02 1.00000000000000e+05 
4.71237831492397e-02 1.00000000000000e+05 
4.72656561061151e-02 1.00000000000000e+05 
4.74076506343658e-02 1.00000000000000e+05 
4.75497019095500e-02 1.00000000000000e+05 
4.76918105806415e-02 1.00000000000000e+05 
4.78340042428296e-02 1.00000000000000e+05 
4.79763111612006e-02 1.00000000000000e+05 
4.81186991613015e-02 1.00000000000000e+05 
4.82612341187761e-02 1.00000000000000e+05 
4.84038539449250e-02 1.00000000000000e+05 
4.85466033364406e-02 1.00000000000000e+05 
4.86895121831296e-02 1.00000000000000e+05 
4.88326001996309e-02 1.00000000000000e+05 
4.89758535403928e-02 1.00000000000000e+05 
4.91193419967444e-02 1.00000000000000e+05 
4.92630291072585e-02 1.00000000000000e+05 
4.94069472826938e-02 1.00000000000000e+05 
4.95512297218579e-02 1.00000000000000e+05 
4.96958937020804e-02 1.00000000000000e+05 
4.98409458249753e-02 1.00000000000000e+05 
4.99861214297518e-02 1.00000000000000e+05 
5.01313579528754e-02 1.00000000000000e+05 
5.02766486373574e-02 1.00000000000000e+05 
5.04220299220877e-02 1.00000000000000e+05 
5.05674970338318e-02 1.00000000000000e+05 
5.07130495049765e-02 1.00000000000000e+05 
5.08587143135936e-02 1.00000000000000e+05 
5.10045251147998e-02 1.00000000000000e+05 
5.11504567773478e-02 1.00000000000000e+05 
5.12965896232526e-02 1.00000000000000e+05 
5.14429688926705e-02 1.00000000000000e+05 
5.15896341573574e-02 1.00000000000000e+05 
5.17366832071772e-02 1.00000000000000e+05 
5.18841527878624e-02 1.00000000000000e+05 
5.20318056084772e-02 1.00000000000000e+05 
5.21801072194859e-02 1.00000000000000e+05 
5.23279982237843e-02 1.00000000000000e+05 
5.24771319147144e-02 1.00000000000000e+05 
5.26252569474578e-02 1.00000000000000e+05 
5.27734711244507e-02 1.00000000000000e+05 
5.29217956991448e-02 1.00000000000000e+05 
5.30709038622913e-02 1.00000000000000e+05 
5.32196289470377e-02 1.00000000000000e+05 
5.33687531863240e-02 1.00000000000000e+05 
5.35178156282025e-02 1.00000000000000e+05 
5.36668254314604e-02 1.00000000000000e+05 
5.38158469634042e-02 1.00000000000000e+05 
5.39648999822633e-02 1.00000000000000e+05 
5.41138723345837e-02 1.00000000000000e+05 
5.42628858390632e-02 1.00000000000000e+05 
5.44118798688917e-02 1.00000000000000e+05 
5.45608841878837e-02 1.00000000000000e+05 
5.47097463324343e-02 1.00000000000000e+05 
5.48585750812217e-02 1.00000000000000e+05 
5.50074573435765e-02 1.00000000000000e+05 
5.51562386336278e-02 1.00000000000000e+05 
5.53051018169058e-02 1.00000000000000e+05 
5.54540987774898e-02 1.00000000000000e+05 
5.56030002525852e-02 1.00000000000000e+05 
5.57518272718627e-02 1.00000000000000e+05 
5.59009054384361e-02 1.00000000000000e+05 
5.60498177585511e-02 1.00000000000000e+05 
5.61990976972110e-02 1.00000000000000e+05 
5.63484834148489e-02 1.00000000000000e+05 
5.64978883004670e-02 1.00000000000000e+05 
5.66472649112719e-02 1.00000000000000e+05 
5.67968631996186e-02 1.00000000000000e+05 
5.69464014266830e-02 1.00000000000000e+05 
5.70964207306127e-02 1.00000000000000e+05 
5.72466978400161e-02 1.00000000000000e+05 
5.73970663169461e-02 1.00000000000000e+05 
5.75471106962113e-02 1.00000000000000e+05 
5.76974983181531e-02 1.00000000000000e+05 
5.78478240417308e-02 1.00000000000000e+05 
5.79985825998970e-02 1.00000000000000e+05 
5.81495390441880e-02 1.00000000000000e+05 
5.83004898990959e-02 1.00000000000000e+05 
5.84508024664923e-02 1.00000000000000e+05 
5.86014717348110e-02 1.00000000000000e+05 
5.87520586007788e-02 1.00000000000000e+05 
5.89018300254340e-02 1.00000000000000e+05 
5.90524920241758e-02 1.00000000000000e+05 
5.92030159883039e-02 1.00000000000000e+05 
5.93535432289056e-02 1.00000000000000e+05 
5.95046133469174e-02 1.00000000000000e+05 
5.96550909060662e-02 1.00000000000000e+05 
5.98060762392700e-02 1.00000000000000e+05 
5.99574467037962e-02 1.00000000000000e+05 
6.01089050012435e-02 1.00000000000000e+05 
6.02597883199464e-02 1.00000000000000e+05 
6.04111075918137e-02 1.00000000000000e+05 
6.05625981758166e-02 1.00000000000000e+05 
6.07142134079936e-02 1.00000000000000e+05 
6.08655727756241e-02 1.00000000000000e+05 
6.10168053129788e-02 1.00000000000000e+05 
6.11684756143468e-02 1.00000000000000e+05 
6.13205924485520e-02 1.00000000000000e+05 
6.14729851027723e-02 1.00000000000000e+05 
6.16249075180856e-02 1.00000000000000e+05 
6.17770515082674e-02 1.00000000000000e+05 
6.19291727234308e-02 1.00000000000000e+05 
6.20819068220954e-02 1.00000000000000e+05 
6.22348243683555e-02 1.00000000000000e+05 
6.23881975183616e-02 1.00000000000000e+05 
6.25408375963338e-02 1.00000000000000e+05 
6.26941062604238e-02 1.00000000000000e+05 
6.28473084601741e-02 1.00000000000000e+05 
6.30015015308648e-02 1.00000000000000e+05 
6.31558600366915e-02 1.00000000000000e+05 
6.33104487282803e-02 1.00000000000000e+05 
6.34649129001306e-02 1.00000000000000e+05 
6.36203862258120e-02 1.00000000000000e+05 
6.37764632061243e-02 1.00000000000000e+05 
6.39338792446324e-02 1.00000000000000e+05 
6.40917484281999e-02 1.00000000000000e+05 
6.42500669111850e-02 1.00000000000000e+05 
6.44081527037096e-02 1.00000000000000e+05 
6.45682435490312e-02 1.00000000000000e+05 
6.47284447235783e-02 1.00000000000000e+05 
6.48886946394845e-02 1.00000000000000e+05 
6.50489233593072e-02 1.00000000000000e+05 
6.52091645127849e-02 1.00000000000000e+05 
6.53694719160429e-02 1.00000000000000e+05 
6.55298444035853e-02 1.00000000000000e+05 
6.56903669215375e-02 1.00000000000000e+05 
6.58509332241475e-02 1.00000000000000e+05 
6.60113537546279e-02 1.00000000000000e+05 
6.61717903358102e-02 1.00000000000000e+05 
6.63322214070770e-02 1.00000000000000e+05 
6.64926991339600e-02 1.00000000000000e+05 
6.66532846971703e-02 1.00000000000000e+05 
6.68138841164941e-02 1.00000000000000e+05 
6.69743417322550e-02 1.00000000000000e+05 
6.71347941603282e-02 1.00000000000000e+05 
6.72952480662012e-02 1.00000000000000e+05 
6.74557504830806e-02 1.00000000000000e+05 
6.76163168002442e-02 1.00000000000000e+05 
6.77768555407661e-02 1.00000000000000e+05 
6.79372874118374e-02 1.00000000000000e+05 
6.80976349767663e-02 1.00000000000000e+05 
6.82579534498172e-02 1.00000000000000e+05 
6.84183374849365e-02 1.00000000000000e+05 
6.85787392723880e-02 1.00000000000000e+05 
6.87391422931941e-02 1.00000000000000e+05 
6.88994829606159e-02 1.00000000000000e+05 
6.90597351240520e-02 1.00000000000000e+05 
6.92199268825793e-02 1.00000000000000e+05 
6.93802476846757e-02 1.00000000000000e+05 
6.95403795114674e-02 1.00000000000000e+05 
6.97004794185978e-02 1.00000000000000e+05 
6.98606651043373e-02 1.00000000000000e+05 
7.00207040617885e-02 1.00000000000000e+05 
7.01807351693799e-02 1.00000000000000e+05 
7.03409481193224e-02 1.00000000000000e+05 
7.05010659623800e-02 1.00000000000000e+05 
7.06611442235799e-02 1.00000000000000e+05 
7.08213330393363e-02 1.00000000000000e+05 
7.09814340641160e-02 1.00000000000000e+05 
7.11415295539864e-02 1.00000000000000e+05 
7.13017834226489e-02 1.00000000000000e+05 
7.14620041873841e-02 1.00000000000000e+05 
7.16222001652528e-02 1.00000000000000e+05 
7.17824754097556e-02 1.00000000000000e+05 
7.19427018212716e-02 1.00000000000000e+05 
7.21029413695930e-02 1.00000000000000e+05 
7.22633214753634e-02 1.00000000000000e+05 
7.24237071483412e-02 1.00000000000000e+05 
7.25840833602889e-02 1.00000000000000e+05 
7.27445168838425e-02 1.00000000000000e+05 
7.29049227265528e-02 1.00000000000000e+05 
7.30653548436613e-02 1.00000000000000e+05 
7.32259173302391e-02 1.00000000000000e+05 
7.33865054701252e-02 1.00000000000000e+05 
7.35470881042007e-02 1.00000000000000e+05 
7.37077049339276e-02 1.00000000000000e+05 
7.38683062637202e-02 1.00000000000000e+05 
7.40289472378811e-02 1.00000000000000e+05 
7.41897176683291e-02 1.00000000000000e+05 
7.43505303188683e-02 1.00000000000000e+05 
7.45113534450142e-02 1.00000000000000e+05 
7.46722077467467e-02 1.00000000000000e+05 
7.48330390944701e-02 1.00000000000000e+05 
7.49939112236197e-02 1.00000000000000e+05 
7.51548934604191e-02 1.00000000000000e+05 
7.53159225166548e-02 1.00000000000000e+05 
7.54769768799226e-02 1.00000000000000e+05 
7.56380451368378e-02 1.00000000000000e+05 
7.57990837583143e-02 1.00000000000000e+05 
7.59601608365583e-02 1.00000000000000e+05 
7.61213428280496e-02 1.00000000000000e+05 
7.62825818638605e-02 1.00000000000000e+05 
7.64438534012951e-02 1.00000000000000e+05 
7.66051365646226e-02 1.00000000000000e+05 
7.67664202906926e-02 1.00000000000000e+05 
7.69277334856321e-02 1.00000000000000e+05 
7.70891214526711e-02 1.00000000000000e+05 
7.72505613024295e-02 1.00000000000000e+05 
7.74120348614319e-02 1.00000000000000e+05 
7.75735069968988e-02 1.00000000000000e+05 
7.77349708393653e-02 1.00000000000000e+05 
7.78964883117406e-02 1.00000000000000e+05 
7.80581081410288e-02 1.00000000000000e+05 
7.82198125275220e-02 1.00000000000000e+05 
7.83815613466434e-02 1.00000000000000e+05 
7.85432979333252e-02 1.00000000000000e+05 
7.87050296228439e-02 1.00000000000000e+05 
7.88667983594810e-02 1.00000000000000e+05 
7.90286510748834e-02 1.00000000000000e+05 
7.91905829756825e-02 1.00000000000000e+05 
7.93525604064768e-02 1.00000000000000e+05 
7.95145221974664e-02 1.00000000000000e+05 
7.96764873338647e-02 1.00000000000000e+05 
7.98384980488604e-02 1.00000000000000e+05 
8.00005955717564e-02 1.00000000000000e+05 
8.01627856254841e-02 1.00000000000000e+05 
8.03249962286996e-02 1.00000000000000e+05 
8.04871326841238e-02 1.00000000000000e+05 
8.06492631245084e-02 1.00000000000000e+05 
8.08114102122977e-02 1.00000000000000e+05 
8.09735882697862e-02 1.00000000000000e+05 
8.11358199955526e-02 1.00000000000000e+05 
8.12980803046914e-02 1.00000000000000e+05 
8.14602806445816e-02 1.00000000000000e+05 
8.16224791973576e-02 1.00000000000000e+05 
8.17847044323267e-02 1.00000000000000e+05 
8.19469695254055e-02 1.00000000000000e+05 
8.21092917129962e-02 1.00000000000000e+05 
8.22716515823201e-02 1.00000000000000e+05 
8.24339624939821e-02 1.00000000000000e+05 
8.25962763096901e-02 1.00000000000000e+05 
8.27586259629357e-02 1.00000000000000e+05 
8.29210240358435e-02 1.00000000000000e+05 
8.30834866504827e-02 1.00000000000000e+05 
8.32459970911104e-02 1.00000000000000e+05 
8.34084647456457e-02 1.00000000000000e+05 
8.35709358077911e-02 1.00000000000000e+05 
8.37334374585039e-02 1.00000000000000e+05 
8.38959814008566e-02 1.00000000000000e+05 
8.40585802024900e-02 1.00000000000000e+05 
8.42212124897607e-02 1.00000000000000e+05 
8.43837921803664e-02 1.00000000000000e+05 
8.45463775689690e-02 1.00000000000000e+05 
8.47089948509432e-02 1.00000000000000e+05 
8.48716600202317e-02 1.00000000000000e+05 
8.50343854341527e-02 1.00000000000000e+05 
8.51971433855069e-02 1.00000000000000e+05 
8.53598488756548e-02 1.00000000000000e+05 
8.55225659338031e-02 1.00000000000000e+05 
8.56853171713319e-02 1.00000000000000e+05 
8.58481202621479e-02 1.00000000000000e+05 
8.60109908536262e-02 1.00000000000000e+05 
8.61738981820316e-02 1.00000000000000e+05 
8.63367612784291e-02 1.00000000000000e+05 
8.64996470980103e-02 1.00000000000000e+05 
8.66625759661317e-02 1.00000000000000e+05 
8.68255637472013e-02 1.00000000000000e+05 
8.69886250015974e-02 1.00000000000000e+05 
8.71517229915259e-02 1.00000000000000e+05 
8.73147805234931e-02 1.00000000000000e+05 
8.74778577153068e-02 1.00000000000000e+05 
8.76409769539149e-02 1.00000000000000e+05 
8.78041491773017e-02 1.00000000000000e+05 
8.79673789730666e-02 1.00000000000000e+05 
8.81306535295216e-02 1.00000000000000e+05 
8.82938943638779e-02 1.00000000000000e+05 
8.84119899212238e-02 1.00000000000000e+05 
8.85355122484204e-02 1.00000000000000e+05 
8.86516997912292e-02 1.00000000000000e+05 
8.87730927088420e-02 1.00000000000000e+05 
8.88889294887426e-02 1.00000000000000e+05 
8.90105254332426e-02 1.00000000000000e+05 
8.91302838010018e-02 1.00000000000000e+05 
8.92455783594321e-02 1.00000000000000e+05 
8.93667741697145e-02 1.00000000000000e+05 
8.94840821150147e-02 1.00000000000000e+05 
8.96027523560773e-02 1.00000000000000e+05 
8.97282615678195e-02 1.00000000000000e+05 
8.98532245765681e-02 1.00000000000000e+05 
8.99705423867568e-02 1.00000000000000e+05 
9.00963564103306e-02 1.00000000000000e+05 
9.02188406003953e-02 1.00000000000000e+05 
9.03419520210144e-02 1.00000000000000e+05 
9.04749554466583e-02 1.00000000000000e+05 
9.06061440397514e-02 1.00000000000000e+05 
9.07274194687947e-02 1.00000000000000e+05 
9.08554206195876e-02 1.00000000000000e+05 
9.09878053951604e-02 1.00000000000000e+05 
9.11183765919569e-02 1.00000000000000e+05 
9.12546323925768e-02 1.00000000000000e+05 
9.13938381252381e-02 1.00000000000000e+05 
9.15260057825088e-02 1.00000000000000e+05 
9.16639050250297e-02 1.00000000000000e+05 
9.17990639965300e-02 1.00000000000000e+05 
9.19390983579936e-02 1.00000000000000e+05 
9.20798315980301e-02 1.00000000000000e+05 
9.22211451160099e-02 1.00000000000000e+05 
9.23599426173838e-02 1.00000000000000e+05 
9.25038329158069e-02 1.00000000000000e+05 
9.26437179655210e-02 1.00000000000000e+05 
9.27891575697324e-02 1.00000000000000e+05 
9.29353829924924e-02 1.00000000000000e+05 
9.30827587081815e-02 1.00000000000000e+05 
9.32268490053812e-02 1.00000000000000e+05 
9.33766413238707e-02 1.00000000000000e+05 
9.35239935890336e-02 1.00000000000000e+05 
9.36782194585979e-02 1.00000000000000e+05 
9.38330929204147e-02 1.00000000000000e+05 
9.39891590700497e-02 1.00000000000000e+05 
9.41394817200222e-02 1.00000000000000e+05 
9.42971364600901e-02 1.00000000000000e+05 
9.44488781360919e-02 1.00000000000000e+05 
9.46076079487066e-02 1.00000000000000e+05 
9.47692066269654e-02 1.00000000000000e+05 
9.49320597119564e-02 1.00000000000000e+05 
9.50956848044420e-02 1.00000000000000e+05 
9.52593752547810e-02 1.00000000000000e+05 
9.54230858385894e-02 1.00000000000000e+05 
9.55868099839127e-02 1.00000000000000e+05 
9.57505172752991e-02 1.00000000000000e+05 
9.59142114826005e-02 1.00000000000000e+05 
9.60779404400667e-02 1.00000000000000e+05 
9.62417409215824e-02 1.00000000000000e+05 
9.64055657858402e-02 1.00000000000000e+05 
9.65694021377578e-02 1.00000000000000e+05 
9.67332175559750e-02 1.00000000000000e+05 
9.68970164519032e-02 1.00000000000001e+05 
9.70608428364832e-02 1.00000000000005e+05 
9.72247302662422e-02 1.00000000000015e+05 
9.73886330019001e-02 1.00000000009882e+05 
9.75525392396023e-02 1.00000000037194e+05 
9.77164169917944e-02 1.00000000094317e+05 
9.78802692259183e-02 1.00000000313934e+05 
9.80441413387037e-02 1.00000000685219e+05 
9.82080696029736e-02 1.00000001108518e+05 
9.83720153364107e-02 1.00000001594355e+05 
9.85359708189821e-02 1.00000002029255e+05 
9.86999061610070e-02 1.00000002325567e+05 
9.88638271758587e-02 1.00000002765942e+05 
9.89946781010963e-02 1.00000003024930e+05 
9.91386141188577e-02 1.00000003438644e+05 
9.92795118892367e-02 1.00000003810719e+05 
9.94344994366536e-02 1.00000004107785e+05 
9.95976658836110e-02 1.00000004460496e+05 
9.97282422225257e-02 1.00000004764684e+05 
9.98705014189978e-02 1.00000005160851e+05 
1.00006084205633e-01 1.00000005593267e+05 
1.00147412512100e-01 1.00000006101880e+05 
1.00293073123484e-01 1.00000006697094e+05 
1.00442424932771e-01 1.00000007396042e+05 
1.00603439632298e-01 1.00000008267757e+05 
1.00767541423808e-01 1.00000009298853e+05 
1.00931683342630e-01 1.00000010493793e+05 
1.01095833930735e-01 1.00000011875775e+05 
1.01259987182059e-01 1.00000013457654e+05 
1.01424117983039e-01 1.00000015276341e+05 
1.01588244812805e-01 1.00000017319061e+05 
1.01752419095225e-01 1.00000019621907e+05 
1.01911186696360e-01 1.00000022135635e+05 
1.02044800537494e-01 1.00000024488831e+05 
1.02191775762741e-01 1.00000027344779e+05 
1.02353448510513e-01 1.00000030846512e+05 
1.02517731556812e-01 1.00000034842017e+05 
1.02682028708787e-01 1.00000039286068e+05 
1.02846368457366e-01 1.00000044291447e+05 
1.03010728898931e-01 1.00000049889473e+05 
1.03175110326568e-01 1.00000056159921e+05 
1.03339475534341e-01 1.00000063192258e+05 
1.03503832187162e-01 1.00000071112726e+05 
1.03668228424973e-01 1.00000079906138e+05 
1.03832684462819e-01 1.00000089839543e+05 
1.03997163499792e-01 1.00000100935963e+05 
1.04161649936041e-01 1.00000113371042e+05 
1.04326101327040e-01 1.00000127318430e+05 
1.04490525747597e-01 1.00000143029947e+05 
1.04654985087257e-01 1.00000160455961e+05 
1.04819515539979e-01 1.00000180139281e+05 
1.04984100939426e-01 1.00000202103949e+05 
1.05148726387301e-01 1.00000226695374e+05 
1.05313337613815e-01 1.00000254241140e+05 
1.05466885497739e-01 1.00000283034515e+05 
1.05621996344904e-01 1.00000315019925e+05 
1.05785024476577e-01 1.00000352758186e+05 
1.05949728104904e-01 1.00000395152265e+05 
1.06114451426497e-01 1.00000442469963e+05 
1.06279143680131e-01 1.00000495301991e+05 
1.06443809623549e-01 1.00000554579420e+05 
1.06608509842360e-01 1.00000619911881e+05 
1.06773276585838e-01 1.00000693338665e+05 
1.06938086262346e-01 1.00000774906733e+05 
1.07102914366236e-01 1.00000865212605e+05 
1.07267696419229e-01 1.00000965660857e+05 
1.07432432125309e-01 1.00001077938822e+05 
1.07597185150620e-01 1.00001201061236e+05 
1.07761997205519e-01 1.00001338844934e+05 
1.07926865068452e-01 1.00001491158413e+05 
1.08091774103528e-01 1.00001658886571e+05 
1.08256661811299e-01 1.00001844580086e+05 
1.08421544050197e-01 1.00002051229705e+05 
1.08586482124933e-01 1.00002276709300e+05 
1.08751509026425e-01 1.00002527841926e+05 
1.08916605543287e-01 1.00002804017400e+05 
1.09081728377257e-01 1.00003106451785e+05 
1.09246799530570e-01 1.00003439502421e+05 
1.09402072061987e-01 1.00003785281927e+05 
1.09566342639132e-01 1.00004181448372e+05 
1.09731474094071e-01 1.00004622237309e+05 
1.09896679058131e-01 1.00005104472658e+05 
1.10061915122354e-01 1.00005629894204e+05 
1.10227100900775e-01 1.00006205544485e+05 
1.10392245212609e-01 1.00006839255174e+05 
1.10557359966251e-01 1.00007523798401e+05 
1.10722529262722e-01 1.00008277863798e+05 
1.10887744668101e-01 1.00009098533534e+05 
1.11052947420230e-01 1.00009988306045e+05 
1.11218013136503e-01 1.00010957498881e+05 
1.11382936755087e-01 1.00012017789953e+05 
1.11547767102416e-01 1.00013157551187e+05 
1.11712586169336e-01 1.00014404863041e+05 
1.11877429230795e-01 1.00015755354229e+05 
1.12042259245804e-01 1.00017211975377e+05 
1.12206964233395e-01 1.00018789899202e+05 
1.12371530877911e-01 1.00020505101452e+05 
1.12536011044577e-01 1.00022340236896e+05 
1.12700482115689e-01 1.00024335592917e+05 
1.12864970985150e-01 1.00026501381842e+05 
1.13029431804082e-01 1.00028802618176e+05 
1.13193754785604e-01 1.00031296092164e+05 
1.13357935283564e-01 1.00033987754114e+05 
1.13522035461643e-01 1.00036835514826e+05 
1.13686139307287e-01 1.00039942345139e+05 
1.13850268458574e-01 1.00043264960136e+05 
1.14014371536559e-01 1.00046776145085e+05 
1.14178351615699e-01 1.00050554137299e+05 
1.14342199806099e-01 1.00054628611264e+05 
1.14477651698325e-01 1.00058146824590e+05 
1.14626648779775e-01 1.00062301298968e+05 
1.14790242847487e-01 1.00067131068314e+05 
1.14954049375683e-01 1.00072238818084e+05 
1.15117768272605e-01 1.00077661482688e+05 
1.15281388451405e-01 1.00083498050181e+05 
1.15444980751064e-01 1.00089598993333e+05 
1.15608621014341e-01 1.00096147162931e+05 
1.15772311745985e-01 1.00103030619839e+05 
1.15935989508852e-01 1.00110239278507e+05 
1.16099594826299e-01 1.00117855834926e+05 
1.16263129519562e-01 1.00126018512010e+05 
1.16426675377381e-01 1.00134449205560e+05 
1.16590298502941e-01 1.00143400322372e+05 
1.16753992682357e-01 1.00152767011498e+05 
1.16917696885057e-01 1.00162493665760e+05 
1.17081378704837e-01 1.00172677564873e+05 
1.17245041004920e-01 1.00183424689130e+05 
1.17408769771208e-01 1.00194512083434e+05 
1.17572610923563e-01 1.00206146849891e+05 
1.17736542106709e-01 1.00218200594041e+05 
1.17900503830885e-01 1.00230581268033e+05 
1.18064473189865e-01 1.00243393620916e+05 
1.18228460394793e-01 1.00256762308932e+05 
1.18392539502821e-01 1.00270477400776e+05 
1.18556737821003e-01 1.00284660516037e+05 
1.18721024771247e-01 1.00299255363452e+05 
1.18885345888549e-01 1.00314198162016e+05 
1.19049706895869e-01 1.00329475533172e+05 
1.19214081353786e-01 1.00345235636112e+05 
1.19378544313239e-01 1.00361136943557e+05 
1.19543106273995e-01 1.00377435823935e+05 
1.19707751425979e-01 1.00393923396165e+05 
1.19872448495676e-01 1.00410452637270e+05 
1.20037212974911e-01 1.00427149656178e+05 
1.20169176059996e-01 1.00440784800998e+05 
1.20312307493514e-01 1.00455527347234e+05 
1.20441441110809e-01 1.00468982680850e+05 
1.20582982304580e-01 1.00483730416647e+05 
1.20716807338999e-01 1.00497547277787e+05 
1.20856348518042e-01 1.00511922122110e+05 
1.20999426955827e-01 1.00526793933400e+05 
1.21134759791419e-01 1.00540662729328e+05 
1.21276991105368e-01 1.00555265879636e+05 
1.21423252958535e-01 1.00570111369765e+05 
1.21572549940152e-01 1.00584956968380e+05 
1.21727865565552e-01 1.00600157203734e+05 
1.21893190585775e-01 1.00616281293048e+05 
1.22059132790800e-01 1.00631889898332e+05 
1.22225185060763e-01 1.00647196083732e+05 
1.22391333612210e-01 1.00661926792509e+05 
1.22557566833718e-01 1.00675947416402e+05 
1.22723913311528e-01 1.00689319890038e+05 
1.22890351194491e-01 1.00702324163681e+05 
1.23056866912927e-01 1.00714503262079e+05 
1.23223418987210e-01 1.00726028259806e+05 
1.23390031267255e-01 1.00736833475693e+05 
1.23556686929617e-01 1.00746769534763e+05 
1.23723384319730e-01 1.00755960391348e+05 
1.23890155902191e-01 1.00764843291304e+05 
1.24057005385030e-01 1.00772507657626e+05 
1.24223893396745e-01 1.00779503193205e+05 
1.24390850533226e-01 1.00785277597966e+05 
1.24557869918805e-01 1.00791031180211e+05 
1.24724954983514e-01 1.00796750996015e+05 
1.24892129057253e-01 1.00802156676334e+05 
1.25059388759417e-01 1.00807068002424e+05 
1.25226683505635e-01 1.00811538889639e+05 
1.25394039343326e-01 1.00815516590044e+05 
1.25561449343559e-01 1.00818791533614e+05 
1.25728917500605e-01 1.00821082039879e+05 
1.25896459375169e-01 1.00822282125337e+05 
1.26064070632947e-01 1.00822817334459e+05 
1.26231699958509e-01 1.00822321707914e+05 
1.26399376583490e-01 1.00820838340211e+05 
1.26567102251828e-01 1.00818436458595e+05 
1.26734887750773e-01 1.00814952351940e+05 
1.26902744293609e-01 1.00810569688608e+05 
1.27070668912052e-01 1.00805522288381e+05 
1.27238612146684e-01 1.00799500980209e+05 
1.27406607795353e-01 1.00792685442029e+05 
1.27574664007539e-01 1.00785408725999e+05 
1.27742793500200e-01 1.00777436651567e+05 
1.27911000556814e-01 1.00768870089858e+05 
1.28079278570143e-01 1.00760052236647e+05 
1.28247577766953e-01 1.00750446484335e+05 
1.28415864876984e-01 1.00740270909746e+05 
1.28584132154738e-01 1.00729879532831e+05 
1.28752429779259e-01 1.00718846874365e+05 
1.28920760193893e-01 1.00707410441698e+05 
1.29089121766749e-01 1.00695881578872e+05 
1.29257470581487e-01 1.00683644929123e+05 
1.29425800591302e-01 1.00670811747944e+05 
1.29594119141385e-01 1.00658021748943e+05 
1.29762476917969e-01 1.00644595979679e+05 
1.29930870533143e-01 1.00630570060486e+05 
1.30099302123389e-01 1.00616513994373e+05 
1.30267727063981e-01 1.00601691774742e+05 
1.30436138586315e-01 1.00586309031089e+05 
1.30604546473505e-01 1.00571021946776e+05 
1.30773000731857e-01 1.00555549458219e+05 
1.30941494428599e-01 1.00539731068656e+05 
1.31110033613960e-01 1.00524112460766e+05 
1.31278573604693e-01 1.00507956228254e+05 
1.31447108537260e-01 1.00491597060854e+05 
1.31615647323953e-01 1.00475423755660e+05 
1.31784235967615e-01 1.00459247342773e+05 
1.31952868190624e-01 1.00442795658284e+05 
1.32121557305808e-01 1.00426783382006e+05 
1.32290259639787e-01 1.00410508081252e+05 
1.32458969417969e-01 1.00394176493785e+05 
1.32627694733884e-01 1.00378290079460e+05 
1.32796476517243e-01 1.00362582941643e+05 
1.32930106854541e-01 1.00350094102015e+05 
1.33074470644112e-01 1.00336984239180e+05 
1.33207694631396e-01 1.00324749805173e+05 
1.33352794303446e-01 1.00311429533149e+05 
1.33487779556639e-01 1.00299364426547e+05 
1.33623300077657e-01 1.00287360260552e+05 
1.33760180400965e-01 1.00275172184514e+05 
1.33894434390196e-01 1.00263550152910e+05 
1.34030336737601e-01 1.00251642426033e+05 
1.34175125237526e-01 1.00238963078945e+05 
1.34305936130452e-01 1.00227801454017e+05 
1.34449422905222e-01 1.00215620728765e+05 
1.34595340370653e-01 1.00203216026328e+05 
1.34729806653434e-01 1.00192081831386e+05 
1.34873729533478e-01 1.00180078579263e+05 
1.35019309145820e-01 1.00167980262144e+05 
1.35170197651377e-01 1.00155759480935e+05 
1.35321464424340e-01 1.00143607891784e+05 
1.35473936146324e-01 1.00131450183288e+05 
1.35611415775325e-01 1.00120747301290e+05 
1.35762643367226e-01 1.00108997423383e+05 
1.35912644440188e-01 1.00097411450989e+05 
1.36068796129246e-01 1.00085644465313e+05 
1.36225269232332e-01 1.00074059689150e+05 
1.36383092099688e-01 1.00062511105861e+05 
1.36526484108410e-01 1.00052220686980e+05 
1.36684215318003e-01 1.00040961980091e+05 
1.36839061458610e-01 1.00030009355755e+05 
1.37000777580452e-01 1.00019000270471e+05 
1.37162983496403e-01 1.00008245222011e+05 
1.37326621465748e-01 9.99973683712695e+04 
1.37484869436476e-01 9.99873050789618e+04 
1.37650272148468e-01 9.99768909917350e+04 
1.37810062584357e-01 9.99667755868202e+04 
1.37977317044275e-01 9.99568037886489e+04 
1.38145150544885e-01 9.99471547554813e+04 
1.38314314241010e-01 9.99375380192817e+04 
1.38477208034025e-01 9.99286900633641e+04 
1.38647391482847e-01 9.99196117345586e+04 
1.38811893417737e-01 9.99110531922243e+04 
1.38982124554858e-01 9.99026517319534e+04 
1.39152354636617e-01 9.98947330693252e+04 
1.39322599674460e-01 9.98867397900865e+04 
1.39489577812932e-01 9.98795760409013e+04 
1.39659889185135e-01 9.98721767260922e+04 
1.39828526019366e-01 9.98651609509402e+04 
1.39998915878966e-01 9.98587126660142e+04 
1.40169318502383e-01 9.98525523334302e+04 
1.40339741984108e-01 9.98462624982248e+04 
1.40510077232777e-01 9.98405291704994e+04 
1.40680551457551e-01 9.98347508208836e+04 
1.40851065680905e-01 9.98292993498684e+04 
1.41021603885209e-01 9.98243662599870e+04 
1.41192154253530e-01 9.98198832080647e+04 
1.41362730318142e-01 9.98152083862356e+04 
1.41533349512498e-01 9.98108572504845e+04 
1.41703989927672e-01 9.98064913848214e+04 
1.41874683715356e-01 9.98023511741411e+04 
1.42045410873678e-01 9.97986280818813e+04 
1.42188201672917e-01 9.97956444245164e+04 
1.42338910462130e-01 9.97924213654490e+04 
1.42493930799737e-01 9.97893774220706e+04 
1.42642061328213e-01 9.97865006074311e+04 
1.42791110041485e-01 9.97837441163067e+04 
1.42945796019899e-01 9.97811818851414e+04 
1.43101042241316e-01 9.97787522544716e+04 
1.43257515920989e-01 9.97762890172539e+04 
1.43409900535687e-01 9.97741173197673e+04 
1.43568285205246e-01 9.97719038781698e+04 
1.43721811156352e-01 9.97700488254892e+04 
1.43881958769911e-01 9.97684946183552e+04 
1.44042738138235e-01 9.97672567164493e+04 
1.44207167878742e-01 9.97660479703564e+04 
1.44361836899357e-01 9.97652310900861e+04 
1.44525064124470e-01 9.97645083379163e+04 
1.44683790202665e-01 9.97641069209032e+04 
1.44849744448160e-01 9.97640299920799e+04 
1.45019210500752e-01 9.97642494943307e+04 
1.45190628689653e-01 9.97644971872904e+04 
1.45362062795506e-01 9.97650883147125e+04 
1.45533489896518e-01 9.97658719013723e+04 
1.45704958812569e-01 9.97670270821030e+04 
1.45876460847906e-01 9.97685386035900e+04 
1.46047938003612e-01 9.97703459417444e+04 
1.46219414507158e-01 9.97722187846729e+04 
1.46341995465105e-01 9.97737910070891e+04 
1.46475246857865e-01 9.97756543222149e+04 
1.46618640758383e-01 9.97779481874038e+04 
1.46750494226683e-01 9.97802404910201e+04 
1.46893380074786e-01 9.97829514193318e+04 
1.47047045369090e-01 9.97859890501998e+04 
1.47176534697548e-01 9.97886928512293e+04 
1.47314001212506e-01 9.97917712698228e+04 
1.47459362807816e-01 9.97953005813036e+04 
1.47599295708414e-01 9.97988081054954e+04 
1.47744569684107e-01 9.98026644147569e+04 
1.47893617015589e-01 9.98068270020954e+04 
1.48033885884402e-01 9.98108595797230e+04 
1.48181161928180e-01 9.98154082708676e+04 
1.48332799329572e-01 9.98203275378460e+04 
1.48487737509577e-01 9.98254912121492e+04 
1.48645391307265e-01 9.98308930540864e+04 
1.48814112717814e-01 9.98373007255353e+04 
1.48974234450467e-01 9.98432915958229e+04 
1.49141721636812e-01 9.98502613315286e+04 
1.49306172043377e-01 9.98575319036230e+04 
1.49476921144114e-01 9.98650670994083e+04 
1.49647981082796e-01 9.98729751050660e+04 
1.49819861941434e-01 9.98815939588832e+04 
1.49988462772925e-01 9.98899397013652e+04 
1.50160397887914e-01 9.98992323760749e+04 
1.50330543812321e-01 9.99089363913211e+04 
1.50502715989275e-01 9.99186913911055e+04 
1.50674944758156e-01 9.99287954791730e+04 
1.50847249015095e-01 9.99396396499674e+04 
1.51019623438546e-01 9.99503334139417e+04 
1.51192015574833e-01 9.99618388355995e+04 
1.51364494712035e-01 9.99737585044270e+04 
1.51537035923593e-01 9.99853790636959e+04 
1.51709585897614e-01 9.99972583629029e+04 
1.51882175044610e-01 1.00009869618386e+05 
1.52054816519534e-01 1.00022111172946e+05 
1.52227476004283e-01 1.00035114183215e+05 
1.52400234847376e-01 1.00048397975697e+05 
1.52573079795631e-01 1.00061271884135e+05 
1.52745963853494e-01 1.00074288924550e+05 
1.52918902906785e-01 1.00087927569754e+05 
1.53091908411993e-01 1.00101098609943e+05 
1.53264931423162e-01 1.00114867810382e+05 
1.53438041163417e-01 1.00128709192288e+05 
1.53611223695493e-01 1.00142058457757e+05 
1.53784438801843e-01 1.00155323276039e+05 
1.53957701380133e-01 1.00168872769540e+05 
1.54131032242256e-01 1.00181810612298e+05 
1.54304386298583e-01 1.00195099344026e+05 
1.54477830760705e-01 1.00208411722257e+05 
1.54651300963224e-01 1.00220910300177e+05 
1.54824764999794e-01 1.00232984955250e+05 
1.54998208249201e-01 1.00245251746342e+05 
1.55171670753715e-01 1.00256879227761e+05 
1.55345125942354e-01 1.00268654083999e+05 
1.55518625030737e-01 1.00280441394217e+05 
1.55692159441066e-01 1.00291692133589e+05 
1.55865697937375e-01 1.00302980937300e+05 
1.56039221224400e-01 1.00314569811284e+05 
1.56212767566196e-01 1.00325445148637e+05 
1.56386293922782e-01 1.00336229911096e+05 
1.56559821657899e-01 1.00346666175753e+05 
1.56733342401458e-01 1.00356315608235e+05 
1.56906842283295e-01 1.00365394332233e+05 
1.57080314992505e-01 1.00374222545712e+05 
1.57253779753384e-01 1.00382281206679e+05 
1.57427220083227e-01 1.00390040286120e+05 
1.57600662933051e-01 1.00397379268791e+05 
1.57774100340263e-01 1.00404005154790e+05 
1.57947520417696e-01 1.00409988632950e+05 
1.58120914255027e-01 1.00415541323972e+05 
1.58294303062948e-01 1.00420459205450e+05 
1.58467670938455e-01 1.00424844169645e+05 
1.58641043887137e-01 1.00428761190206e+05 
1.58814414239726e-01 1.00432036006984e+05 
1.58987771550317e-01 1.00434603436675e+05 
1.59161105231875e-01 1.00436509048136e+05 
1.59334438230410e-01 1.00437900593671e+05 
1.59507756130144e-01 1.00438643298149e+05 
1.59681085057056e-01 1.00438780603153e+05 
1.59854417408213e-01 1.00438698409834e+05 
1.60027743266046e-01 1.00438227386262e+05 
1.60201049947425e-01 1.00437226796188e+05 
1.60329935771586e-01 1.00436201924031e+05 
1.60470734942786e-01 1.00434717560982e+05 
1.60618719726798e-01 1.00432742156091e+05 
1.60770835854741e-01 1.00430384154014e+05 
1.60918404782673e-01 1.00427703872205e+05 
1.61070728804012e-01 1.00424154274057e+05 
1.61226311269685e-01 1.00420398392510e+05 
1.61384755004586e-01 1.00416065727237e+05 
1.61554588313830e-01 1.00410897470114e+05 
1.61727946155188e-01 1.00405492082565e+05 
1.61901310038790e-01 1.00399638910157e+05 
1.62074662026277e-01 1.00393172608712e+05 
1.62248025591734e-01 1.00386295479120e+05 
1.62421382793442e-01 1.00378692975890e+05 
1.62594753886214e-01 1.00370646317157e+05 
1.62768136396908e-01 1.00362465314285e+05 
1.62941526040922e-01 1.00353849451745e+05 
1.63114921286803e-01 1.00344650997317e+05 
1.63288357159031e-01 1.00335104416161e+05 
1.63461834169357e-01 1.00324827974352e+05 
1.63635380510759e-01 1.00314211979009e+05 
1.63808977454175e-01 1.00303561708889e+05 
1.63982600100402e-01 1.00292476915156e+05 
1.64156221831617e-01 1.00280903003795e+05 
1.64329866371270e-01 1.00269415693200e+05 
1.64472335774102e-01 1.00259639325744e+05 
1.64626721961874e-01 1.00248761962522e+05 
1.64787429402147e-01 1.00237406899123e+05 
1.64952720203710e-01 1.00225422246104e+05 
1.65120524529137e-01 1.00212712486836e+05 
1.65294256135662e-01 1.00199517647890e+05 
1.65467999331151e-01 1.00185875193641e+05 
1.65641788785236e-01 1.00172000414117e+05 
1.65815632225309e-01 1.00158214341272e+05 
1.65989479275190e-01 1.00144341902312e+05 
1.66163309176211e-01 1.00130211522324e+05 
1.66337160660170e-01 1.00116227683140e+05 
1.66511024124245e-01 1.00101993933237e+05 
1.66684929102836e-01 1.00087697494778e+05 
1.66858882223189e-01 1.00073609398907e+05 
1.67032837509494e-01 1.00059582574532e+05 
1.67206790643839e-01 1.00045474565530e+05 
1.67380791185127e-01 1.00031568661131e+05 
1.67554844317541e-01 1.00017598345242e+05 
1.67728981844508e-01 1.00003658360615e+05 
1.67903195896897e-01 9.99899685698678e+04 
1.68077426770203e-01 9.99764761251100e+04 
1.68251653444090e-01 9.99630603070886e+04 
1.68387967626784e-01 9.99527555334987e+04 
1.68537913227747e-01 9.99414465450459e+04 
1.68700216934099e-01 9.99293022651641e+04 
1.68829294398128e-01 9.99198664105557e+04 
1.68967197259551e-01 9.99099418083196e+04 
1.69114113816850e-01 9.98994932614930e+04 
1.69242371813788e-01 9.98905682739637e+04 
1.69380671899808e-01 9.98810469064041e+04 
1.69528836559789e-01 9.98709710241834e+04 
1.69664909975163e-01 9.98618008845977e+04 
1.69812536909201e-01 9.98521347738709e+04 
1.69971135582169e-01 9.98420622312138e+04 
1.70104016037263e-01 9.98339043843187e+04 
1.70245365714430e-01 9.98254559511704e+04 
1.70394918033173e-01 9.98167307988674e+04 
1.70556513353193e-01 9.98076133705388e+04 
1.70728036900488e-01 9.97982896109593e+04 
1.70902912341053e-01 9.97891142616835e+04 
1.71077862117891e-01 9.97802791976611e+04 
1.71252892178092e-01 9.97717963253304e+04 
1.71428028712887e-01 9.97636032104603e+04 
1.71603254160237e-01 9.97557008467300e+04 
1.71778515121991e-01 9.97482620951349e+04 
1.71953808898393e-01 9.97411157824566e+04 
1.72129180869066e-01 9.97342012642733e+04 
1.72304626633265e-01 9.97277833305035e+04 
1.72480162507332e-01 9.97216281650024e+04 
1.72655766423029e-01 9.97158972934244e+04 
1.72831376169639e-01 9.97106672151079e+04 
1.72978854888434e-01 9.97066434007319e+04 
1.73134845373921e-01 9.97026944679049e+04 
1.73288084349600e-01 9.96991394198370e+04 
1.73441417253584e-01 9.96958478738586e+04 
1.73598794324302e-01 9.96927322428097e+04 
1.73760766290141e-01 9.96898587739612e+04 
1.73925736797679e-01 9.96872627797855e+04 
1.74063092615108e-01 9.96853807839279e+04 
1.74214184014279e-01 9.96834021867110e+04 
1.74378381947218e-01 9.96814760534085e+04 
1.74538622556863e-01 9.96798920447298e+04 
1.74704541041443e-01 9.96786305691125e+04 
1.74870197773023e-01 9.96777190392096e+04 
1.75039287845636e-01 9.96770717781562e+04 
1.75210996800791e-01 9.96767530436159e+04 
1.75384862003025e-01 9.96767141368392e+04 
1.75519631416450e-01 9.96768027067955e+04 
1.75667877771218e-01 9.96771203434957e+04 
1.75806459160676e-01 9.96776072902721e+04 
1.75941382769992e-01 9.96781308033532e+04 
1.76080693230846e-01 9.96788299695647e+04 
1.76228781806182e-01 9.96796841330236e+04 
1.76370997505420e-01 9.96807089017340e+04 
1.76520085159756e-01 9.96819096173348e+04 
1.76670776112771e-01 9.96833934863294e+04 
1.76826075636696e-01 9.96850365622639e+04 
1.76985663583044e-01 9.96870201237604e+04 
1.77148117007162e-01 9.96892595355839e+04 
1.77319701448375e-01 9.96916905960742e+04 
1.77496263361065e-01 9.96943991790251e+04 
1.77672867690552e-01 9.96974448664732e+04 
1.77849530809154e-01 9.97005698761797e+04 
1.78026273267961e-01 9.97040666008049e+04 
1.78203082080397e-01 9.97077607674944e+04 
1.78379926713785e-01 9.97114346867646e+04 
1.78556769696300e-01 9.97152816913129e+04 
1.78733612178232e-01 9.97194671775836e+04 
1.78910502509512e-01 9.97236035177938e+04 
1.79087426049935e-01 9.97281252147058e+04 
1.79264397277236e-01 9.97327929425986e+04 
1.79441396018180e-01 9.97373826761663e+04 
1.79618391275648e-01 9.97421362401316e+04 
1.79795386193036e-01 9.97472535454206e+04 
1.79972428815581e-01 9.97522635954154e+04 
1.80149508964847e-01 9.97576663730594e+04 
1.80326643198296e-01 9.97631909003758e+04 
1.80503816200980e-01 9.97685686209563e+04 
1.80681004105784e-01 9.97740638702701e+04 
1.80858210542759e-01 9.97798911468724e+04 
1.81035438328006e-01 9.97855212844339e+04 
1.81212670371036e-01 9.97914833448211e+04 
1.81389911740584e-01 9.97974891105847e+04 
1.81567154537497e-01 9.98032577666270e+04 
1.81744390150020e-01 9.98090452092557e+04 
1.81921597139720e-01 9.98151691535291e+04 
1.82098815342437e-01 9.98209538290551e+04 
1.82276042327787e-01 9.98270421273107e+04 
1.82453281352708e-01 9.98330866227047e+04 
1.82630524649561e-01 9.98388055327811e+04 
1.82807766095578e-01 9.98444899765066e+04 
1.82984987469411e-01 9.98504580485093e+04 
1.83162229073548e-01 9.98560802518673e+04 
1.83339486927678e-01 9.98619685957664e+04 
1.83516760883340e-01 9.98678098929906e+04 
1.83694043522460e-01 9.98733927614415e+04 
1.83871330919208e-01 9.98789390851081e+04 
1.84048605147913e-01 9.98847393672692e+04 
1.84225905450870e-01 9.98900894501917e+04 
1.84403225917774e-01 9.98958042319124e+04 
1.84580563586713e-01 9.99013851110110e+04 
1.84757911472460e-01 9.99065896482188e+04 
1.84935268703239e-01 9.99117159199806e+04 
1.85091321374988e-01 9.99163058889293e+04 
1.85256726315227e-01 9.99210467958035e+04 
1.85419469050393e-01 9.99259535814058e+04 
1.85582103440179e-01 9.99309184145844e+04 
1.85749205661576e-01 9.99358200525715e+04 
1.85919684405231e-01 9.99407804725589e+04 
1.86091211208338e-01 9.99460012051157e+04 
1.86257563213020e-01 9.99508460098939e+04 
1.86431163905195e-01 9.99560905820475e+04 
1.86598880024339e-01 9.99611162910362e+04 
1.86774266625072e-01 9.99661803466307e+04 
1.86950690803301e-01 9.99712196791193e+04 
1.87128286281634e-01 9.99765201102257e+04 
1.87300607079973e-01 9.99814577566726e+04 
1.87478280962484e-01 9.99867482288238e+04 
1.87655983193452e-01 9.99920337254777e+04 
1.87833707599178e-01 9.99970810224753e+04 
1.88011461966727e-01 1.00002035823581e+05 
1.88189232021601e-01 1.00007207756988e+05 
1.88367058227271e-01 1.00011944914613e+05 
1.88544928422841e-01 1.00017022587557e+05 
1.88722832241040e-01 1.00022125973964e+05 
1.88900764593106e-01 1.00027055895379e+05 
1.89078731330546e-01 1.00031967791000e+05 
1.89256715173436e-01 1.00037144947723e+05 
1.89434751169613e-01 1.00042124818407e+05 
1.89612823369346e-01 1.00047283271653e+05 
1.89790922967840e-01 1.00052423945911e+05 
1.89969046798954e-01 1.00057409003067e+05 
1.90147205449385e-01 1.00062282283433e+05 
1.90325380842557e-01 1.00067111257351e+05 
1.90503608495137e-01 1.00071715307356e+05 
1.90681855051349e-01 1.00076347560869e+05 
1.90860103435389e-01 1.00080875494684e+05 
1.91038367875279e-01 1.00085149839921e+05 
1.91216635282131e-01 1.00089217923522e+05 
1.91394897520604e-01 1.00093317700625e+05 
1.91549558296700e-01 1.00096640133610e+05 
1.91719685150406e-01 1.00100258445486e+05 
1.91897967494026e-01 1.00103840007036e+05 
1.92076249694789e-01 1.00107148065969e+05 
1.92254537261640e-01 1.00110208206492e+05 
1.92432820997710e-01 1.00113268878629e+05 
1.92611127843916e-01 1.00116077294223e+05 
1.92789434633366e-01 1.00118764420488e+05 
1.92967354436508e-01 1.00121263463992e+05 
1.93145673965819e-01 1.00123507245992e+05 
1.93323997583287e-01 1.00125473473093e+05 
1.93502315817132e-01 1.00127320742100e+05 
1.93680649295729e-01 1.00128898402950e+05 
1.93858970937309e-01 1.00130256338328e+05 
1.94037295196239e-01 1.00131386610427e+05 
1.94214511244733e-01 1.00132250794302e+05 
1.94392792319991e-01 1.00132806549060e+05 
1.94570417610910e-01 1.00133187420288e+05 
1.94747935659136e-01 1.00133335570768e+05 
1.94926282443270e-01 1.00133231343769e+05 
1.95104632389152e-01 1.00132916675954e+05 
1.95282982923171e-01 1.00132381341684e+05 
1.95461334305775e-01 1.00131534971787e+05 
1.95639678780824e-01 1.00130489679822e+05 
1.95818042813409e-01 1.00129277260134e+05 
1.95996397016649e-01 1.00127810376078e+05 
1.96174751750863e-01 1.00126155461437e+05 
1.96353105552352e-01 1.00124375649062e+05 
1.96531462070575e-01 1.00122364163725e+05 
1.96709814481663e-01 1.00120191385312e+05 
1.96888188032293e-01 1.00117937642877e+05 
1.97065401253627e-01 1.00115487030993e+05 
1.97243766391740e-01 1.00112907325441e+05 
1.97421293165910e-01 1.00110302990922e+05 
1.97599666015054e-01 1.00107540121325e+05 
1.97778035320643e-01 1.00104674423531e+05 
1.97956425498722e-01 1.00101745181354e+05 
1.98134806644870e-01 1.00098660954851e+05 
1.98313190672305e-01 1.00095504047574e+05 
1.98491577028372e-01 1.00092419652742e+05 
1.98669966814974e-01 1.00089263490759e+05 
1.98848352457677e-01 1.00086000042729e+05 
1.99026757864250e-01 1.00082790703162e+05 
1.99205153970196e-01 1.00079402246921e+05 
1.99383553977898e-01 1.00075945082399e+05 
1.99561013339521e-01 1.00072571703873e+05 
1.99739154633663e-01 1.00069101694062e+05 
1.99917559068946e-01 1.00065520497568e+05 
2.00095984225552e-01 1.00062051090977e+05 
2.00274402177125e-01 1.00058426286918e+05 
