# Liste des scalaires : TEMPS pmat 
0.00000000000000e+00 1.00000000000000e+05 
7.22956891292051e-05 1.00000000000000e+05 
1.51820947171331e-04 1.00000000000000e+05 
2.39298731017669e-04 1.00000000000000e+05 
3.35524293248641e-04 1.00000000000000e+05 
4.41372411702710e-04 1.00000000000000e+05 
5.57805342002186e-04 1.00000000000000e+05 
6.85881565331610e-04 1.00000000000000e+05 
8.26765410993976e-04 1.00000000000000e+05 
9.81737641222579e-04 1.00000000000000e+05 
1.14858203090242e-03 1.00000000000000e+05 
1.32407252106923e-03 1.00000000000000e+05 
1.50667596566212e-03 1.00000000000000e+05 
1.69699148707550e-03 1.00000000000000e+05 
1.89764777725630e-03 1.00000000000000e+05 
2.11018209884126e-03 1.00000000000000e+05 
2.33215828023297e-03 1.00000000000000e+05 
2.56756567005839e-03 1.00000000000000e+05 
2.81681606071566e-03 1.00000000000000e+05 
3.07832788585894e-03 1.00000000000000e+05 
3.35621853625255e-03 1.00000000000000e+05 
3.65170590487113e-03 1.00000000000000e+05 
3.96265888716720e-03 1.00000000000000e+05 
4.29347334256899e-03 1.00000000000000e+05 
4.64240288078787e-03 1.00000000000000e+05 
5.01085322844850e-03 1.00000000000000e+05 
5.39962118810212e-03 1.00000000000000e+05 
5.78864196071547e-03 1.00000000000000e+05 
6.17544623471327e-03 1.00000000000000e+05 
6.56245856451824e-03 1.00000000000000e+05 
6.95640539395908e-03 1.00000000000000e+05 
7.35574251528048e-03 1.00000000000000e+05 
7.76335244483609e-03 1.00000000000000e+05 
8.17738524118075e-03 1.00000000000000e+05 
8.58655685799157e-03 1.00000000000000e+05 
8.99176008253266e-03 1.00000000000000e+05 
9.39466017340991e-03 1.00000000000000e+05 
9.79702581607247e-03 1.00000000000000e+05 
1.02006632396625e-02 1.00000000000000e+05 
1.06046707003862e-02 1.00000000000000e+05 
1.10058639174895e-02 1.00000000000000e+05 
1.14029981578238e-02 1.00000000000000e+05 
1.17994754809541e-02 1.00000000000000e+05 
1.21963833594569e-02 1.00000000000000e+05 
1.25956139353395e-02 1.00000000000000e+05 
1.29952705945299e-02 1.00000000000000e+05 
1.33940882350146e-02 1.00000000000000e+05 
1.37905370302454e-02 1.00000000000000e+05 
1.41868195879807e-02 1.00000000000000e+05 
1.45819824948046e-02 1.00000000000000e+05 
1.49770690656291e-02 1.00000000000000e+05 
1.53725917171631e-02 1.00000000000000e+05 
1.57674842273915e-02 1.00000000000000e+05 
1.61612652436472e-02 1.00000000000000e+05 
1.65556819201004e-02 1.00000000000000e+05 
1.69498044945409e-02 1.00000000000000e+05 
1.73450590960347e-02 1.00000000000000e+05 
1.77402184269361e-02 1.00000000000000e+05 
1.81342197535554e-02 1.00000000000000e+05 
1.85272304934888e-02 1.00000000000000e+05 
1.89207685444504e-02 1.00000000000000e+05 
1.93139542855708e-02 1.00000000000000e+05 
1.97077411010836e-02 1.00000000000000e+05 
2.01023888101556e-02 1.00000000000000e+05 
2.04967767881456e-02 1.00000000000000e+05 
2.08908134214946e-02 1.00000000000000e+05 
2.12851706340309e-02 1.00000000000000e+05 
2.16789317631737e-02 1.00000000000000e+05 
2.20730160069329e-02 1.00000000000000e+05 
2.24674659298488e-02 1.00000000000000e+05 
2.28615986266851e-02 1.00000000000000e+05 
2.32554307428163e-02 1.00000000000000e+05 
2.36500956295078e-02 1.00000000000000e+05 
2.40447940988824e-02 1.00000000000000e+05 
2.44401958716851e-02 1.00000000000000e+05 
2.48362420943897e-02 1.00000000000000e+05 
2.52319652714837e-02 1.00000000000000e+05 
2.56267879230135e-02 1.00000000000000e+05 
2.60215963913854e-02 1.00000000000000e+05 
2.64160044721428e-02 1.00000000000000e+05 
2.68109173270121e-02 1.00000000000000e+05 
2.72064179523678e-02 1.00000000000000e+05 
2.76015240238324e-02 1.00000000000000e+05 
2.79963146563595e-02 1.00000000000000e+05 
2.83915784168045e-02 1.00000000000000e+05 
2.87867696027577e-02 1.00000000000000e+05 
2.91825539232312e-02 1.00000000000000e+05 
2.95787380312208e-02 1.00000000000000e+05 
2.99741953215722e-02 1.00000000000000e+05 
3.03691413922040e-02 1.00000000000000e+05 
3.07643565651353e-02 1.00000000000000e+05 
3.11593767295443e-02 1.00000000000000e+05 
3.15550566549307e-02 1.00000000000000e+05 
3.19512280763491e-02 1.00000000000000e+05 
3.23470548831832e-02 1.00000000000000e+05 
3.27427188926691e-02 1.00000000000000e+05 
3.31390801772127e-02 1.00000000000000e+05 
3.35351543107228e-02 1.00000000000000e+05 
3.39320179397622e-02 1.00000000000000e+05 
3.43294246698497e-02 1.00000000000000e+05 
3.47263314781869e-02 1.00000000000000e+05 
3.51228578690264e-02 1.00000000000000e+05 
3.55197569580001e-02 1.00000000000000e+05 
3.59167196553479e-02 1.00000000000000e+05 
3.63142344400085e-02 1.00000000000000e+05 
3.67122894750598e-02 1.00000000000000e+05 
3.71100860878538e-02 1.00000000000000e+05 
3.75075660850124e-02 1.00000000000000e+05 
3.79056470184793e-02 1.00000000000000e+05 
3.83036128126836e-02 1.00000000000000e+05 
3.87024166940983e-02 1.00000000000000e+05 
3.91019441425664e-02 1.00000000000000e+05 
3.95013288928218e-02 1.00000000000000e+05 
3.99003024090955e-02 1.00000000000000e+05 
4.02998319997698e-02 1.00000000000000e+05 
4.06992752784193e-02 1.00000000000000e+05 
4.10993824138557e-02 1.00000000000000e+05 
4.15001428061967e-02 1.00000000000000e+05 
4.19005114717153e-02 1.00000000000000e+05 
4.23005210361209e-02 1.00000000000000e+05 
4.27009552387361e-02 1.00000000000000e+05 
4.31014669153599e-02 1.00000000000000e+05 
4.35026485542402e-02 1.00000000000000e+05 
4.39046131918292e-02 1.00000000000000e+05 
4.43066185715346e-02 1.00000000000000e+05 
4.47085432233433e-02 1.00000000000000e+05 
4.51108873389700e-02 1.00000000000000e+05 
4.55129230832717e-02 1.00000000000000e+05 
4.59158609066624e-02 1.00000000000000e+05 
4.63193408788091e-02 1.00000000000000e+05 
4.67222359213284e-02 1.00000000000000e+05 
4.71245741188803e-02 1.00000000000000e+05 
4.75273246259860e-02 1.00000000000000e+05 
4.79298741327351e-02 1.00000000000000e+05 
4.83332169810382e-02 1.00000000000000e+05 
4.87373857126713e-02 1.00000000000000e+05 
4.91414523574001e-02 1.00000000000000e+05 
4.95454873516760e-02 1.00000000000000e+05 
4.99503964763576e-02 1.00000000000000e+05 
5.03555587005333e-02 1.00000000000000e+05 
5.07614138360424e-02 1.00000000000000e+05 
5.11677811720793e-02 1.00000000000000e+05 
5.15736414276648e-02 1.00000000000000e+05 
5.19788398100966e-02 1.00000000000000e+05 
5.23843153981343e-02 1.00000000000000e+05 
5.27896316783646e-02 1.00000000000000e+05 
5.31958991647977e-02 1.00000000000000e+05 
5.36028411681624e-02 1.00000000000000e+05 
5.40095498890219e-02 1.00000000000000e+05 
5.44161852643740e-02 1.00000000000000e+05 
5.48236145786682e-02 1.00000000000000e+05 
5.52313707063963e-02 1.00000000000000e+05 
5.56403532914213e-02 1.00000000000000e+05 
5.60500535242475e-02 1.00000000000000e+05 
5.64596090054808e-02 1.00000000000000e+05 
5.68690027505138e-02 1.00000000000000e+05 
5.72786743420778e-02 1.00000000000000e+05 
5.76881442799537e-02 1.00000000000000e+05 
5.80983020053795e-02 1.00000000000000e+05 
5.85092411595155e-02 1.00000000000000e+05 
5.89202142521327e-02 1.00000000000000e+05 
5.93312030799714e-02 1.00000000000000e+05 
5.97425798556816e-02 1.00000000000000e+05 
6.01539425682273e-02 1.00000000000000e+05 
6.05660300031996e-02 1.00000000000000e+05 
6.09788356446792e-02 1.00000000000000e+05 
6.13915984014438e-02 1.00000000000000e+05 
6.18047845850823e-02 1.00000000000000e+05 
6.22190565717908e-02 1.00000000000000e+05 
6.26336388476384e-02 1.00000000000000e+05 
6.30496551554303e-02 1.00000000000000e+05 
6.34668543503570e-02 1.00000000000000e+05 
6.38842279256563e-02 1.00000000000000e+05 
6.43021697643510e-02 1.00000000000000e+05 
6.47212968572322e-02 1.00000000000000e+05 
6.51402709002385e-02 1.00000000000000e+05 
6.55597201356485e-02 1.00000000000000e+05 
6.59794664985054e-02 1.00000000000000e+05 
6.63982740368786e-02 1.00000000000000e+05 
6.68163392287369e-02 1.00000000000001e+05 
6.72346113322234e-02 1.00000000000002e+05 
6.76523810866280e-02 1.00000000000006e+05 
6.80704109998341e-02 1.00000000000057e+05 
6.84884364458232e-02 1.00000000000233e+05 
6.89058356700258e-02 1.00000000000822e+05 
6.93227256850338e-02 1.00000000009664e+05 
6.97396706593501e-02 1.00000000062408e+05 
7.01561966184488e-02 1.00000000462167e+05 
7.05729425788836e-02 1.00000001046988e+05 
7.09899734816067e-02 1.00000001596670e+05 
7.14061457824346e-02 1.00000002468476e+05 
7.18213485317996e-02 1.00000003799044e+05 
7.22361986040501e-02 1.00000005597853e+05 
7.26505574510147e-02 1.00000007913513e+05 
7.30651902562436e-02 1.00000011639027e+05 
7.34799413768607e-02 1.00000016797937e+05 
7.38942729708873e-02 1.00000024209487e+05 
7.43082296247889e-02 1.00000034741610e+05 
7.47224685236878e-02 1.00000049058882e+05 
7.51367499577692e-02 1.00000067811756e+05 
7.55515925532132e-02 1.00000096764142e+05 
7.59667163199658e-02 1.00000134485378e+05 
7.63814459414831e-02 1.00000186814976e+05 
7.67957600347575e-02 1.00000259535516e+05 
7.72101765658964e-02 1.00000355316004e+05 
7.76246385301541e-02 1.00000475340439e+05 
7.80398706506032e-02 1.00000655840624e+05 
7.84558744894911e-02 1.00000882338309e+05 
7.88719950300989e-02 1.00001187313133e+05 
7.92880486010002e-02 1.00001600456491e+05 
7.97048634482482e-02 1.00002127832205e+05 
8.01220424777895e-02 1.00002764425301e+05 
8.05404155615531e-02 1.00003697017235e+05 
8.09599242466927e-02 1.00004820484930e+05 
8.13797110240363e-02 1.00006302624450e+05 
8.17996891668224e-02 1.00008261680043e+05 
8.22205583348830e-02 1.00010676126667e+05 
8.26416251222589e-02 1.00013470400664e+05 
8.30636054253475e-02 1.00017441548541e+05 
8.34866064292332e-02 1.00022031305550e+05 
8.39097674052876e-02 1.00027903226544e+05 
8.43328841072825e-02 1.00035451156786e+05 
8.47563249180288e-02 1.00044399340660e+05 
8.51798779309341e-02 1.00054308257138e+05 
8.56039826391917e-02 1.00067926354548e+05 
8.60287734152664e-02 1.00082924970371e+05 
8.64537459277980e-02 1.00101337263116e+05 
8.68785125642415e-02 1.00124125584493e+05 
8.73037461203730e-02 1.00149832307478e+05 
8.77292949339363e-02 1.00176644605490e+05 
8.81556399698956e-02 1.00211666123902e+05 
8.85825195773958e-02 1.00247930468683e+05 
8.90093712222373e-02 1.00289752824875e+05 
8.94359670108820e-02 1.00339103971803e+05 
8.98623279576678e-02 1.00391198801005e+05 
9.02886997117817e-02 1.00441048503261e+05 
9.07153821655761e-02 1.00501808277049e+05 
9.11424302379448e-02 1.00559544465051e+05 
9.15696448515491e-02 1.00621291063906e+05 
9.19964674945246e-02 1.00689976430209e+05 
9.24232494784895e-02 1.00755118282070e+05 
9.28501654254891e-02 1.00810629018897e+05 
9.32776525362124e-02 1.00872091167040e+05 
9.37057140060499e-02 1.00921881773340e+05 
9.41341261103661e-02 1.00968291361499e+05 
9.45623654513329e-02 1.01010752658007e+05 
9.49907045115628e-02 1.01039957644965e+05 
9.54189625933167e-02 1.01062247983624e+05 
9.58474235238764e-02 1.01079268026957e+05 
9.62762884858862e-02 1.01084703537047e+05 
9.67053255006264e-02 1.01081004262680e+05 
9.71340597735968e-02 1.01067903721925e+05 
9.75629990270749e-02 1.01043784668077e+05 
9.79919801435689e-02 1.01012334809125e+05 
9.84213680609732e-02 1.00969323478380e+05 
9.88512725310711e-02 1.00919912312888e+05 
9.92814333329294e-02 1.00862538343069e+05 
9.97114295431925e-02 1.00793951374583e+05 
1.00141732474517e-01 1.00722345662295e+05 
1.00572007269208e-01 1.00653174421049e+05 
1.01002603739069e-01 1.00570952198347e+05 
1.01433665698167e-01 1.00492747570607e+05 
1.01864934048718e-01 1.00409836018274e+05 
1.02296082481239e-01 1.00318990833388e+05 
1.02727349133129e-01 1.00231657929077e+05 
1.03158431155868e-01 1.00152551863753e+05 
1.03589685063591e-01 1.00065492881924e+05 
1.04021275543047e-01 9.99871564790871e+04 
1.04452899897664e-01 9.99082070385157e+04 
1.04884201589399e-01 9.98258631568699e+04 
1.05315522439140e-01 9.97510938860968e+04 
1.05746663611374e-01 9.96875832850900e+04 
1.06177973400077e-01 9.96201317291348e+04 
1.06609655914857e-01 9.95639068200289e+04 
1.07041355713262e-01 9.95092330965606e+04 
1.07472732046930e-01 9.94560444685493e+04 
1.07904208341110e-01 9.94117270840001e+04 
1.08335578070433e-01 9.93794319900482e+04 
1.08767212174591e-01 9.93481283626148e+04 
1.09199305405864e-01 9.93226817903418e+04 
1.09631478890335e-01 9.92997345288694e+04 
1.10063394698835e-01 9.92800833897510e+04 
1.10495531553016e-01 9.92680277351560e+04 
1.10927680529514e-01 9.92645256405633e+04 
1.11359923550458e-01 9.92628109837411e+04 
1.11792392824187e-01 9.92664943046882e+04 
1.12224847763030e-01 9.92740003113288e+04 
1.12657045842204e-01 9.92858717007563e+04 
1.13089248476188e-01 9.93004777862670e+04 
1.13521176372864e-01 9.93185770626596e+04 
1.13953288582647e-01 9.93399782858622e+04 
1.14385766062880e-01 9.93635690723152e+04 
1.14818340601657e-01 9.93899464252511e+04 
1.15250733377241e-01 9.94196319149470e+04 
1.15683308609907e-01 9.94483716675589e+04 
1.16115802537800e-01 9.94763602601901e+04 
1.16548638905666e-01 9.95067485169363e+04 
1.16982017055244e-01 9.95369309244611e+04 
1.17415653141557e-01 9.95679057121783e+04 
1.17849231171209e-01 9.95999282759181e+04 
1.18283150985096e-01 9.96297444412253e+04 
1.18717228899447e-01 9.96570733065283e+04 
1.19151871604205e-01 9.96850661944605e+04 
1.19587260727471e-01 9.97101999869188e+04 
1.20023077089131e-01 9.97350497637903e+04 
1.20458926117247e-01 9.97594402753732e+04 
1.20895254507614e-01 9.97812385474331e+04 
1.21331941304116e-01 9.98000620137452e+04 
1.21769052186549e-01 9.98185720323862e+04 
1.22206554387183e-01 9.98348743850049e+04 
1.22644402733333e-01 9.98503663410661e+04 
1.23082218569778e-01 9.98636800277250e+04 
1.23520141011991e-01 9.98747725638502e+04 
1.23958097142007e-01 9.98835194561096e+04 
1.24396210256010e-01 9.98923475351804e+04 
1.24834793243879e-01 9.99000239151009e+04 
1.25273755599138e-01 9.99067174038346e+04 
1.25712761401687e-01 9.99111963130137e+04 
1.26152041681921e-01 9.99145498764106e+04 
1.26591381647217e-01 9.99176190125259e+04 
1.27031061134670e-01 9.99210048054146e+04 
1.27471304656024e-01 9.99245536183945e+04 
1.27912017933137e-01 9.99282465962367e+04 
1.28352830811209e-01 9.99325496845708e+04 
1.28794048629724e-01 9.99375311746304e+04 
1.29235387070705e-01 9.99425250239026e+04 
1.29677173403388e-01 9.99487601406705e+04 
1.30119621858884e-01 9.99548788563696e+04 
1.30562501006360e-01 9.99615573352764e+04 
1.31005449819059e-01 9.99692274193638e+04 
1.31448921638290e-01 9.99768718625453e+04 
1.31892618628693e-01 9.99847463125864e+04 
1.32336910378010e-01 9.99928469847323e+04 
1.32781898743243e-01 9.99998290834572e+04 
1.33227289697868e-01 1.00005624244603e+05 
1.33672622597787e-01 1.00009918891462e+05 
1.34118065052370e-01 1.00012543677569e+05 
1.34563597207941e-01 1.00014961734558e+05 
1.35009501762047e-01 1.00016248148950e+05 
1.35455795729919e-01 1.00017469667413e+05 
1.35902453053218e-01 1.00017296836031e+05 
1.36349154784257e-01 1.00015057805516e+05 
1.36796119059272e-01 1.00012621103090e+05 
1.37243232483570e-01 1.00009960673181e+05 
1.37690467018943e-01 1.00006757725103e+05 
1.38138120465366e-01 1.00002711044419e+05 
1.38586091739913e-01 9.99971670750079e+04 
1.39034157448690e-01 9.99910047830028e+04 
1.39482525137854e-01 9.99848870915135e+04 
1.39930807542610e-01 9.99778670398260e+04 
1.40379377064089e-01 9.99705088038992e+04 
1.40828531656130e-01 9.99635585963651e+04 
1.41278123052860e-01 9.99566632442047e+04 
1.41727962555511e-01 9.99503814146509e+04 
1.42178302113500e-01 9.99446213781662e+04 
1.42628772415820e-01 9.99388127027546e+04 
1.43079530705827e-01 9.99346240861234e+04 
1.43530413619656e-01 9.99316448660465e+04 
1.43981501449589e-01 9.99300945434544e+04 
1.44432416528911e-01 9.99305246734200e+04 
1.44883137910043e-01 9.99323587199330e+04 
1.45334037330400e-01 9.99344927244207e+04 
1.45784966894754e-01 9.99396396844878e+04 
1.46236082911788e-01 9.99462283128494e+04 
1.46687376497459e-01 9.99551618897870e+04 
1.47138518998034e-01 9.99670072332490e+04 
1.47589536040919e-01 9.99791091901560e+04 
1.48040694768540e-01 9.99904651586354e+04 
1.48491935222617e-01 1.00004863242616e+05 
1.48943416222566e-01 1.00018054135830e+05 
1.49395031142228e-01 1.00032433619539e+05 
1.49846539527159e-01 1.00048016978362e+05 
1.50298023386237e-01 1.00062887154298e+05 
1.50749619854976e-01 1.00075947573848e+05 
1.51201336420131e-01 1.00089515994777e+05 
1.51653286414368e-01 1.00100610138224e+05 
1.52105318242080e-01 1.00110260265251e+05 
1.52557256473898e-01 1.00118437071474e+05 
1.53009239073156e-01 1.00126160628509e+05 
1.53461304973578e-01 1.00132279836034e+05 
1.53913537675771e-01 1.00137530530557e+05 
1.54366001518507e-01 1.00140925352462e+05 
1.54818492338328e-01 1.00143063005384e+05 
1.55270879145052e-01 1.00143511445537e+05 
1.55723396528024e-01 1.00142372555379e+05 
1.56175991331839e-01 1.00140821640971e+05 
1.56628845372499e-01 1.00136968089875e+05 
1.57081997784034e-01 1.00132475564145e+05 
1.57535210042876e-01 1.00126288329057e+05 
1.57988452485555e-01 1.00117500629464e+05 
1.58442060901394e-01 1.00108275400877e+05 
1.58895902504920e-01 1.00100250390108e+05 
1.59349571472962e-01 1.00089781284903e+05 
1.59803122838631e-01 1.00080275628181e+05 
1.60256587099184e-01 1.00070058002208e+05 
1.60709703214113e-01 1.00058322847411e+05 
1.61162594916852e-01 1.00046868785014e+05 
1.61615411968269e-01 1.00037035054003e+05 
1.62068051585984e-01 1.00026021938845e+05 
1.62520694525667e-01 1.00016354136011e+05 
1.62973258702208e-01 1.00007014577726e+05 
1.63425537830217e-01 9.99977633320493e+04 
1.63877800604321e-01 9.99895829838309e+04 
1.64330052519876e-01 9.99835724078057e+04 
1.64782322033998e-01 9.99769943094929e+04 
1.65234758783430e-01 9.99713327366319e+04 
1.65687164219517e-01 9.99654813149857e+04 
1.66139417827165e-01 9.99596558950628e+04 
1.66591813133155e-01 9.99541018358337e+04 
1.67044288161391e-01 9.99492799164537e+04 
1.67496913845682e-01 9.99447596958563e+04 
1.67949849113869e-01 9.99404320766721e+04 
1.68402851969102e-01 9.99361352519928e+04 
1.68855900498254e-01 9.99326976727421e+04 
1.69309282287849e-01 9.99300140710602e+04 
1.69762888659654e-01 9.99279977052112e+04 
1.70216774470717e-01 9.99269729893272e+04 
1.70671077667923e-01 9.99261278814690e+04 
1.71125560076537e-01 9.99257342193037e+04 
1.71580248836305e-01 9.99261965748959e+04 
1.72035389972520e-01 9.99268037969131e+04 
1.72490820853285e-01 9.99268959084809e+04 
1.72946567905725e-01 9.99280714024131e+04 
1.73402752185419e-01 9.99286584075580e+04 
1.73859138903683e-01 9.99299821228229e+04 
1.74315764628960e-01 9.99320565244766e+04 
1.74772839260463e-01 9.99340895826536e+04 
1.75230168295629e-01 9.99356539654644e+04 
1.75687786049861e-01 9.99377706832489e+04 
1.76145788807467e-01 9.99394234287799e+04 
1.76603927183331e-01 9.99408951719028e+04 
1.77062252691356e-01 9.99420332653068e+04 
1.77521031960991e-01 9.99423109397611e+04 
1.77980007499210e-01 9.99421681952254e+04 
1.78439278548993e-01 9.99417525378040e+04 
1.78898943902207e-01 9.99406837341457e+04 
1.79358742684336e-01 9.99387066791738e+04 
1.79818791780418e-01 9.99354294816327e+04 
1.80279424018802e-01 9.99315786372217e+04 
1.80740037157900e-01 9.99276844888505e+04 
1.81200434683731e-01 9.99220086922011e+04 
1.81660831537423e-01 9.99168144408052e+04 
1.82121152736392e-01 9.99108405300775e+04 
1.82581279933374e-01 9.99034964024735e+04 
1.83041290092660e-01 9.98963352084245e+04 
1.83501246022444e-01 9.98902734229364e+04 
1.83961073768928e-01 9.98824277483932e+04 
1.84420918644472e-01 9.98757277942345e+04 
1.84880635263224e-01 9.98682880889364e+04 
1.85340161233454e-01 9.98597318403394e+04 
1.85799648914343e-01 9.98516342381040e+04 
1.86259105683203e-01 9.98452688182415e+04 
1.86718523531591e-01 9.98372525471617e+04 
1.87178012483590e-01 9.98307946946377e+04 
1.87637370095329e-01 9.98238112117998e+04 
1.88096567050709e-01 9.98156572345275e+04 
1.88555804989363e-01 9.98080970969654e+04 
1.89015016390025e-01 9.98024631161672e+04 
1.89474228477640e-01 9.97950367941143e+04 
1.89933529237096e-01 9.97891606336527e+04 
1.90392697850328e-01 9.97829846519003e+04 
1.90851706065461e-01 9.97764550529559e+04 
1.91310814103381e-01 9.97708199340204e+04 
1.91769890726436e-01 9.97669883441718e+04 
1.92229039772837e-01 9.97622043862175e+04 
1.92688354356166e-01 9.97589570025252e+04 
1.93147587810886e-01 9.97560586986229e+04 
1.93606757908130e-01 9.97536498672921e+04 
1.94066153840549e-01 9.97526432347930e+04 
1.94525574186792e-01 9.97529271584162e+04 
1.94985163363086e-01 9.97536750172603e+04 
1.95445033107062e-01 9.97556454191890e+04 
1.95904883735769e-01 9.97584203372197e+04 
1.96364791022742e-01 9.97620554999775e+04 
1.96825031767563e-01 9.97665032461387e+04 
1.97285357541103e-01 9.97712067946492e+04 
1.97745966881759e-01 9.97770792063975e+04 
1.98206979576764e-01 9.97825216969389e+04 
1.98668084204632e-01 9.97886559746738e+04 
1.99129407091903e-01 9.97953936691714e+04 
1.99591241841587e-01 9.98019454601613e+04 
2.00053315355918e-01 9.98077805311827e+04 
2.00515844440897e-01 9.98153363351116e+04 
