# Liste des scalaires : TEMPS pmat 
0.00000000000000e+00 1.00000000000000e+05 
7.22956891292051e-05 1.00000000000000e+05 
1.51820947171331e-04 1.00000000000000e+05 
2.39298731017669e-04 1.00000000000000e+05 
3.35524293248641e-04 1.00000000000000e+05 
4.41372411702710e-04 1.00000000000000e+05 
5.57805342002186e-04 1.00000000000000e+05 
6.85881565331610e-04 1.00000000000000e+05 
8.26765410993976e-04 1.00000000000000e+05 
9.70540448660721e-04 1.00000000000000e+05 
1.12162834527038e-03 1.00000000000000e+05 
1.27746403498011e-03 1.00000000000000e+05 
1.43902464272593e-03 1.00000000000000e+05 
1.61268555598426e-03 1.00000000000000e+05 
1.79712802515415e-03 1.00000000000000e+05 
1.99198480282505e-03 1.00000000000000e+05 
2.20411958155544e-03 1.00000000000000e+05 
2.43351590601212e-03 1.00000000000000e+05 
2.67340495442377e-03 1.00000000000000e+05 
2.92594284661614e-03 1.00000000000000e+05 
3.19139078614129e-03 1.00000000000000e+05 
3.47159985882164e-03 1.00000000000000e+05 
3.76881913866859e-03 1.00000000000000e+05 
4.08376447524405e-03 1.00000000000000e+05 
4.41519296523078e-03 1.00000000000000e+05 
4.74672417313867e-03 1.00000000000000e+05 
5.07669435008523e-03 1.00000000000000e+05 
5.41298568127033e-03 1.00000000000000e+05 
5.76077299606995e-03 1.00000000000000e+05 
6.11319120173716e-03 1.00000000000000e+05 
6.47022077631238e-03 1.00000000000000e+05 
6.82374150079323e-03 1.00000000000000e+05 
7.17663932624492e-03 1.00000000000000e+05 
7.53207969316606e-03 1.00000000000000e+05 
7.89771190958861e-03 1.00000000000000e+05 
8.27126951791985e-03 1.00000000000000e+05 
8.65432090481598e-03 1.00000000000000e+05 
9.03949833467470e-03 1.00000000000000e+05 
9.42685270591627e-03 1.00000000000000e+05 
9.81582808887008e-03 1.00000000000000e+05 
1.02041759545267e-02 1.00000000000000e+05 
1.05919766437889e-02 1.00000000000000e+05 
1.09806745459000e-02 1.00000000000000e+05 
1.13693143371695e-02 1.00000000000000e+05 
1.17582473150560e-02 1.00000000000000e+05 
1.21467420466043e-02 1.00000000000000e+05 
1.25347310441156e-02 1.00000000000000e+05 
1.29218956711364e-02 1.00000000000000e+05 
1.33085983847251e-02 1.00000000000000e+05 
1.36941752823947e-02 1.00000000000000e+05 
1.40793256121507e-02 1.00000000000000e+05 
1.44641141231960e-02 1.00000000000000e+05 
1.48487450095224e-02 1.00000000000000e+05 
1.52328454209748e-02 1.00000000000000e+05 
1.56166083283883e-02 1.00000000000000e+05 
1.59999120929930e-02 1.00000000000000e+05 
1.63831435287025e-02 1.00000000000000e+05 
1.67660092308743e-02 1.00000000000000e+05 
1.71487359879622e-02 1.00000000000000e+05 
1.75311039228270e-02 1.00000000000000e+05 
1.79138106647686e-02 1.00000000000000e+05 
1.82965185548056e-02 1.00000000000000e+05 
1.86796559745449e-02 1.00000000000000e+05 
1.90626749509815e-02 1.00000000000000e+05 
1.94455991842049e-02 1.00000000000000e+05 
1.98284417176841e-02 1.00000000000000e+05 
2.02118553965951e-02 1.00000000000000e+05 
2.05954870145034e-02 1.00000000000000e+05 
2.09796524361812e-02 1.00000000000000e+05 
2.13638310442712e-02 1.00000000000000e+05 
2.17478666222372e-02 1.00000000000000e+05 
2.21317370961342e-02 1.00000000000000e+05 
2.25159569594361e-02 1.00000000000000e+05 
2.29001403195852e-02 1.00000000000000e+05 
2.32846603532102e-02 1.00000000000000e+05 
2.36691063304166e-02 1.00000000000000e+05 
2.40533073552053e-02 1.00000000000000e+05 
2.44374331521416e-02 1.00000000000000e+05 
2.48220451140111e-02 1.00000000000000e+05 
2.52067742398873e-02 1.00000000000000e+05 
2.55920190297883e-02 1.00000000000000e+05 
2.59773883319396e-02 1.00000000000000e+05 
2.63626688926141e-02 1.00000000000000e+05 
2.67480221025587e-02 1.00000000000000e+05 
2.71339591574840e-02 1.00000000000000e+05 
2.75200386947067e-02 1.00000000000000e+05 
2.79067075684342e-02 1.00000000000000e+05 
2.82936406909169e-02 1.00000000000000e+05 
2.86805886868787e-02 1.00000000000000e+05 
2.90677374007006e-02 1.00000000000000e+05 
2.94547132807313e-02 1.00000000000000e+05 
2.98428944094711e-02 1.00000000000000e+05 
3.02315606830003e-02 1.00000000000000e+05 
3.06196870437689e-02 1.00000000000000e+05 
3.10076987837872e-02 1.00000000000000e+05 
3.13940096819443e-02 1.00000000000000e+05 
3.17803857532167e-02 1.00000000000000e+05 
3.21689805594496e-02 1.00000000000000e+05 
3.25572316171209e-02 1.00000000000000e+05 
3.29452044521087e-02 1.00000000000000e+05 
3.33332144370880e-02 1.00000000000000e+05 
3.37199171037785e-02 1.00000000000000e+05 
3.41067002849567e-02 1.00000000000000e+05 
3.44950341996504e-02 1.00000000000000e+05 
3.48833079782349e-02 1.00000000000000e+05 
3.52708371544013e-02 1.00000000000000e+05 
3.56587205126403e-02 1.00000000000000e+05 
3.60462572114064e-02 1.00000000000000e+05 
3.64335103399957e-02 1.00000000000000e+05 
3.68215963458514e-02 1.00000000000000e+05 
3.72096341426354e-02 1.00000000000000e+05 
3.75970013902901e-02 1.00000000000000e+05 
3.79847782755360e-02 1.00000000000000e+05 
3.83723060207317e-02 1.00000000000000e+05 
3.87595742668271e-02 1.00000000000000e+05 
3.91475648289425e-02 1.00000000000000e+05 
3.95354702879521e-02 1.00000000000000e+05 
3.99227478414015e-02 1.00000000000000e+05 
4.03105340028891e-02 1.00000000000000e+05 
4.06981069861940e-02 1.00000000000000e+05 
4.10855247566612e-02 1.00000000000000e+05 
4.14736928895927e-02 1.00000000000000e+05 
4.18619026226285e-02 1.00000000000000e+05 
4.22496395569826e-02 1.00000000000000e+05 
4.26379329494595e-02 1.00000000000000e+05 
4.30262743062014e-02 1.00000000000000e+05 
4.34145049622689e-02 1.00000000000000e+05 
4.38035077828131e-02 1.00000000000000e+05 
4.41925758335644e-02 1.00000000000000e+05 
4.45812748720779e-02 1.00000000000000e+05 
4.49704984799624e-02 1.00000000000000e+05 
4.53598103394091e-02 1.00000000000000e+05 
4.57490654747254e-02 1.00000000000000e+05 
4.61390336214431e-02 1.00000000000000e+05 
4.65290360871026e-02 1.00000000000000e+05 
4.69186940062005e-02 1.00000000000000e+05 
4.73088229415036e-02 1.00000000000000e+05 
4.76990712928263e-02 1.00000000000000e+05 
4.80890708318775e-02 1.00000000000000e+05 
4.84792455893924e-02 1.00000000000000e+05 
4.88692374820348e-02 1.00000000000000e+05 
4.92587072801994e-02 1.00000000000000e+05 
4.96480372962844e-02 1.00000000000000e+05 
5.00373107156238e-02 1.00000000000000e+05 
5.04256708346265e-02 1.00000000000000e+05 
5.08135164340541e-02 1.00000000000000e+05 
5.12006924276808e-02 1.00000000000000e+05 
5.15869353797552e-02 1.00000000000000e+05 
5.19727471319230e-02 1.00000000000000e+05 
5.23582003245051e-02 1.00000000000000e+05 
5.27424585145721e-02 1.00000000000000e+05 
5.31260677477831e-02 1.00000000000000e+05 
5.35091616286601e-02 1.00000000000000e+05 
5.38915195577190e-02 1.00000000000000e+05 
5.42740748656313e-02 1.00000000000000e+05 
5.46569216879911e-02 1.00000000000000e+05 
5.50389959920421e-02 1.00000000000000e+05 
5.54213151457166e-02 1.00000000000000e+05 
5.58039614626940e-02 1.00000000000000e+05 
5.61869011110222e-02 1.00000000000000e+05 
5.65706775110435e-02 1.00000000000000e+05 
5.69549327537655e-02 1.00000000000000e+05 
5.73386170778134e-02 1.00000000000000e+05 
5.77226275412323e-02 1.00000000000000e+05 
5.81072585831279e-02 1.00000000000000e+05 
5.84920821502608e-02 1.00000000000000e+05 
5.88780414893379e-02 1.00000000000000e+05 
5.92649989118501e-02 1.00000000000000e+05 
5.96521578818149e-02 1.00000000000000e+05 
6.00400695648183e-02 1.00000000000000e+05 
6.04290077925603e-02 1.00000000000000e+05 
6.08185948689206e-02 1.00000000000000e+05 
6.12094524873033e-02 1.00000000000000e+05 
6.16014258779960e-02 1.00000000000000e+05 
6.19940608963812e-02 1.00000000000000e+05 
6.23875679072209e-02 1.00000000000000e+05 
6.27822905519693e-02 1.00000000000000e+05 
6.31776794362376e-02 1.00000000000000e+05 
6.35743572267682e-02 1.00000000000000e+05 
6.39719885164931e-02 1.00000000000000e+05 
6.43702615712305e-02 1.00000000000000e+05 
6.47691690183625e-02 1.00000000000000e+05 
6.51690963870117e-02 1.00000000000000e+05 
6.55695302239597e-02 1.00000000000000e+05 
6.59706770178633e-02 1.00000000000000e+05 
6.63725456567998e-02 1.00000000000000e+05 
6.67749543419409e-02 1.00000000000000e+05 
6.71777328342102e-02 1.00000000000000e+05 
6.75812616775663e-02 1.00000000000000e+05 
6.79850371112130e-02 1.00000000000000e+05 
6.83891522007613e-02 1.00000000000000e+05 
6.87938161754838e-02 1.00000000000000e+05 
6.91987326095709e-02 1.00000000000000e+05 
6.96037734451456e-02 1.00000000000000e+05 
7.00093590404306e-02 1.00000000000000e+05 
7.04149046354934e-02 1.00000000000000e+05 
7.08206057433871e-02 1.00000000000000e+05 
7.12266841230978e-02 1.00000000000000e+05 
7.16328584192882e-02 1.00000000000000e+05 
7.20390077559904e-02 1.00000000000000e+05 
7.24455721276909e-02 1.00000000000000e+05 
7.28519510545487e-02 1.00000000000000e+05 
7.32584178690201e-02 1.00000000000000e+05 
7.36652085312955e-02 1.00000000000000e+05 
7.40720053624477e-02 1.00000000000000e+05 
7.44787078725730e-02 1.00000000000000e+05 
7.48857812923081e-02 1.00000000000000e+05 
7.52926350519403e-02 1.00000000000000e+05 
7.56996162271731e-02 1.00000000000000e+05 
7.61069152062489e-02 1.00000000000000e+05 
7.65141834508169e-02 1.00000000000000e+05 
7.69213859980482e-02 1.00000000000000e+05 
7.73289524077461e-02 1.00000000000000e+05 
7.77363101886679e-02 1.00000000000000e+05 
7.81438688600169e-02 1.00000000000000e+05 
7.85517604971531e-02 1.00000000000000e+05 
7.89595934053220e-02 1.00000000000000e+05 
7.93674189168243e-02 1.00000000000000e+05 
7.97756248788475e-02 1.00000000000000e+05 
8.01836742803706e-02 1.00000000000000e+05 
8.05919943422438e-02 1.00000000000000e+05 
8.10007173477335e-02 1.00000000000000e+05 
8.14093508896185e-02 1.00000000000000e+05 
8.18180759650673e-02 1.00000000000000e+05 
8.22272509956949e-02 1.00000000000000e+05 
8.26363954885985e-02 1.00000000000000e+05 
8.30459658075731e-02 1.00000000000000e+05 
8.34560341004817e-02 1.00000000000000e+05 
8.38660370638745e-02 1.00000000000000e+05 
8.42762565908101e-02 1.00000000000000e+05 
8.46870097446483e-02 1.00000000000000e+05 
8.50978935318159e-02 1.00000000000000e+05 
8.55093638223984e-02 1.00000000000000e+05 
8.59214301646557e-02 1.00000000000000e+05 
8.63335640295578e-02 1.00000000000000e+05 
8.67455802152003e-02 1.00000000000000e+05 
8.71578484265448e-02 1.00000000000000e+05 
8.75699719893704e-02 1.00000000000000e+05 
8.79821909818061e-02 1.00000000000000e+05 
8.83944431508105e-02 1.00000000000000e+05 
8.88066057267906e-02 1.00000000000000e+05 
8.92186359633119e-02 1.00000000000000e+05 
8.96307029981000e-02 1.00000000000000e+05 
9.00427322502891e-02 1.00000000000000e+05 
9.04548655148207e-02 1.00000000000000e+05 
9.08671188127321e-02 1.00000000000000e+05 
9.12793538136445e-02 1.00000000000000e+05 
9.16914896999040e-02 1.00000000000000e+05 
9.21036920307476e-02 1.00000000000000e+05 
9.25158611695842e-02 1.00000000000000e+05 
9.29281435656498e-02 1.00000000000000e+05 
9.33405626157744e-02 1.00000000000000e+05 
9.37529724671065e-02 1.00000000000000e+05 
9.41652915608419e-02 1.00000000000000e+05 
9.45776713127005e-02 1.00000000000000e+05 
9.49900191788336e-02 1.00000000000000e+05 
9.54024832792717e-02 1.00000000000000e+05 
9.58151106690953e-02 1.00000000000000e+05 
9.62277649704898e-02 1.00000000000000e+05 
9.66403854279258e-02 1.00000000000000e+05 
9.70530727758144e-02 1.00000000000000e+05 
9.74657503406974e-02 1.00000000000000e+05 
9.78785619377198e-02 1.00000000000000e+05 
9.82915670890166e-02 1.00000000000000e+05 
9.87045957762043e-02 1.00000000000000e+05 
9.91176056550951e-02 1.00000000000000e+05 
9.95306219784620e-02 1.00000000000000e+05 
9.99435888317238e-02 1.00000000000000e+05 
1.00356657491756e-01 1.00000000000000e+05 
1.00769885851408e-01 1.00000000000000e+05 
1.01183064225674e-01 1.00000000000000e+05 
1.01596194191444e-01 1.00000000000000e+05 
1.02009258511077e-01 1.00000000000000e+05 
1.02422210255651e-01 1.00000000000000e+05 
1.02835202148577e-01 1.00000000000000e+05 
1.03248310718555e-01 1.00000000000000e+05 
1.03661316394322e-01 1.00000000000000e+05 
1.04074223708721e-01 1.00000000000000e+05 
1.04487035904962e-01 1.00000000000000e+05 
1.04899702002305e-01 1.00000000000000e+05 
1.05312403269831e-01 1.00000000000000e+05 
1.05725213639538e-01 1.00000000000000e+05 
1.06137948866120e-01 1.00000000000000e+05 
1.06550600546831e-01 1.00000000000000e+05 
1.06963202078095e-01 1.00000000000000e+05 
1.07375699035398e-01 1.00000000000000e+05 
1.07788251018538e-01 1.00000000000001e+05 
1.08200963086088e-01 1.00000000000003e+05 
1.08613677519791e-01 1.00000000000007e+05 
1.09026365232081e-01 1.00000000000022e+05 
1.09439101414001e-01 1.00000000000163e+05 
1.09851780101793e-01 1.00000000003946e+05 
1.10264582778945e-01 1.00000000046623e+05 
1.10677592514942e-01 1.00000000274905e+05 
1.11090670194688e-01 1.00000000772334e+05 
1.11503781950544e-01 1.00000001304571e+05 
1.11916986582359e-01 1.00000001813004e+05 
1.12330190562483e-01 1.00000002484176e+05 
1.12743600157547e-01 1.00000003344664e+05 
1.13157235920726e-01 1.00000004584742e+05 
1.13570970540443e-01 1.00000006200680e+05 
1.13984791145731e-01 1.00000008283529e+05 
1.14398755663406e-01 1.00000011225716e+05 
1.14812738493748e-01 1.00000014984239e+05 
1.15226949492840e-01 1.00000020128051e+05 
1.15641389123008e-01 1.00000027230662e+05 
1.16055926794631e-01 1.00000036307539e+05 
1.16470564017265e-01 1.00000047289301e+05 
1.16885339382099e-01 1.00000063583911e+05 
1.17300133700896e-01 1.00000083204157e+05 
1.17715151554667e-01 1.00000109429153e+05 
1.18130369489834e-01 1.00000144664485e+05 
1.18545683194382e-01 1.00000188613723e+05 
1.18961102932884e-01 1.00000240329671e+05 
1.19376650632094e-01 1.00000315637864e+05 
1.19792231459626e-01 1.00000403934239e+05 
1.20208034713312e-01 1.00000519654694e+05 
1.20624035393459e-01 1.00000672705765e+05 
1.21040129691640e-01 1.00000859164133e+05 
1.21456327794362e-01 1.00001072437479e+05 
1.21872631972737e-01 1.00001377321442e+05 
1.22288973633402e-01 1.00001724728166e+05 
1.22705515957656e-01 1.00002170031616e+05 
1.23122248715778e-01 1.00002748739012e+05 
1.23539064973327e-01 1.00003435046082e+05 
1.23955994046438e-01 1.00004194475991e+05 
1.24373004340257e-01 1.00005254290240e+05 
1.24790075764241e-01 1.00006421399149e+05 
1.25207350923909e-01 1.00007869935690e+05 
1.25624844829960e-01 1.00009715796441e+05 
1.26042438783509e-01 1.00011831392259e+05 
1.26460178486461e-01 1.00014074922547e+05 
1.26878006206827e-01 1.00017101445547e+05 
1.27295944250734e-01 1.00020306294865e+05 
1.27714120533816e-01 1.00024143019128e+05 
1.28132571483269e-01 1.00028866671426e+05 
1.28551142659339e-01 1.00034080883535e+05 
1.28969896558123e-01 1.00039360292508e+05 
1.29388757892386e-01 1.00046147944838e+05 
1.29807767057909e-01 1.00053011733349e+05 
1.30227046400507e-01 1.00060911740687e+05 
1.30646634988591e-01 1.00070345993205e+05 
1.31066349641327e-01 1.00080169311513e+05 
1.31486262456976e-01 1.00089446430301e+05 
1.31906291417136e-01 1.00101132988245e+05 
1.32326473399831e-01 1.00112204183908e+05 
1.32746947368795e-01 1.00124247106043e+05 
1.33167752468086e-01 1.00138014505965e+05 
1.33588717338171e-01 1.00151460967962e+05 
1.34009911413716e-01 1.00163401305944e+05 
1.34431263830794e-01 1.00177385944599e+05 
1.34852776777162e-01 1.00189579484087e+05 
1.35274611604855e-01 1.00201973558006e+05 
1.35696793992405e-01 1.00215433361553e+05 
1.36119140330921e-01 1.00227542168583e+05 
1.36541645347120e-01 1.00237392470085e+05 
1.36964249964301e-01 1.00248194985352e+05 
1.37386912495572e-01 1.00256485046322e+05 
1.37809702658570e-01 1.00263376601625e+05 
1.38232661192486e-01 1.00269854871731e+05 
1.38655655863556e-01 1.00274610325606e+05 
1.39078797654045e-01 1.00277042018313e+05 
1.39502060194550e-01 1.00279224246139e+05 
1.39925302296768e-01 1.00279414450499e+05 
1.40348624460464e-01 1.00278050660754e+05 
1.40771924736537e-01 1.00275069889757e+05 
1.41195286833710e-01 1.00270519437710e+05 
1.41618581410002e-01 1.00264475695057e+05 
1.42042098149908e-01 1.00256413557358e+05 
1.42465548060649e-01 1.00247307868419e+05 
1.42889102253089e-01 1.00236752497801e+05 
1.43312654540342e-01 1.00224255516445e+05 
1.43736317007680e-01 1.00211702924442e+05 
1.44159960493054e-01 1.00199372609420e+05 
1.44583870446042e-01 1.00185123843673e+05 
1.45007748461748e-01 1.00171222440860e+05 
1.45431759100776e-01 1.00156615176774e+05 
1.45855794194691e-01 1.00140942874542e+05 
1.46279977926006e-01 1.00125778855244e+05 
1.46704179629027e-01 1.00111705583969e+05 
1.47128363990187e-01 1.00096341512747e+05 
1.47552449999883e-01 1.00082221462372e+05 
1.47976682750331e-01 1.00067952270396e+05 
1.48401066961838e-01 1.00053237630971e+05 
1.48825284318520e-01 1.00039544643119e+05 
1.49249588626918e-01 1.00027255097515e+05 
1.49673738153672e-01 1.00014065935694e+05 
1.50097777637234e-01 1.00002341453565e+05 
1.50521940913278e-01 9.99907069998767e+04 
1.50946221708371e-01 9.99788861843276e+04 
1.51370351768399e-01 9.99682167730597e+04 
1.51794572060488e-01 9.99589517186021e+04 
1.52218651795053e-01 9.99490145606096e+04 
1.52642613213017e-01 9.99406021800671e+04 
1.53066676090710e-01 9.99324471844952e+04 
1.53490862550759e-01 9.99244225648926e+04 
1.53914926117264e-01 9.99173330149205e+04 
1.54339096963472e-01 9.99114385644951e+04 
1.54763156117500e-01 9.99052011828900e+04 
1.55187122749717e-01 9.99001669744676e+04 
1.55611229875165e-01 9.98955102492740e+04 
1.56035519632858e-01 9.98910740639738e+04 
1.56459698055514e-01 9.98871934222593e+04 
1.56883993950100e-01 9.98840994753600e+04 
1.57308174118048e-01 9.98807956198943e+04 
1.57732258587633e-01 9.98784981061714e+04 
1.58156472027053e-01 9.98766370072642e+04 
1.58580893807671e-01 9.98749820888103e+04 
1.59005197655078e-01 9.98738277404149e+04 
1.59429586069800e-01 9.98732943989396e+04 
1.59853849613688e-01 9.98726951144094e+04 
1.60278009974074e-01 9.98727569458812e+04 
1.60702295682243e-01 9.98730415157481e+04 
1.61126792107769e-01 9.98733101491167e+04 
1.61551188077910e-01 9.98737289944150e+04 
1.61975656395215e-01 9.98744152146431e+04 
1.62400008396405e-01 9.98749030647810e+04 
1.62824270343713e-01 9.98759679666563e+04 
1.63248671728036e-01 9.98770939582910e+04 
1.63673297659853e-01 9.98779954767123e+04 
1.64097846443104e-01 9.98790798601977e+04 
1.64522489282510e-01 9.98804352151271e+04 
1.64947044860107e-01 9.98814197368326e+04 
1.65371577001989e-01 9.98829719315318e+04 
1.65796287501999e-01 9.98845326616935e+04 
1.66221260176101e-01 9.98858387536017e+04 
1.66646220021371e-01 9.98873104933719e+04 
1.67071303255238e-01 9.98889969741863e+04 
1.67496344183143e-01 9.98905492841493e+04 
1.67921412981405e-01 9.98924891934519e+04 
1.68346684289754e-01 9.98945131730879e+04 
1.68772230363833e-01 9.98963979957781e+04 
1.69197795100624e-01 9.98983706851998e+04 
1.69623485399927e-01 9.99004325702246e+04 
1.70049141599817e-01 9.99026774016057e+04 
1.70474838855694e-01 9.99052505632839e+04 
1.70900742961267e-01 9.99081531853648e+04 
1.71326877193109e-01 9.99112714029885e+04 
1.71753055277017e-01 9.99146161980744e+04 
1.72179180897274e-01 9.99180258152535e+04 
1.72605328361928e-01 9.99220819343148e+04 
1.73031346714586e-01 9.99263113897075e+04 
1.73457381161472e-01 9.99310726137410e+04 
1.73883381284792e-01 9.99364759222207e+04 
1.74309421523741e-01 9.99421697741547e+04 
1.74735416045290e-01 9.99477574196043e+04 
1.75161426741973e-01 9.99546690575373e+04 
1.75587323613368e-01 9.99614859904701e+04 
1.76013252193397e-01 9.99691186349853e+04 
1.76439164668434e-01 9.99778704782684e+04 
1.76865130503423e-01 9.99868623711642e+04 
1.77291062297001e-01 9.99952575415019e+04 
1.77717015022216e-01 1.00005677299853e+05 
1.78142871240659e-01 1.00015447650018e+05 
1.78568772730133e-01 1.00026131297424e+05 
1.78994673876087e-01 1.00038216624202e+05 
1.79420640890282e-01 1.00050208257339e+05 
1.79846585995402e-01 1.00061207454057e+05 
1.80272574507159e-01 1.00074502334055e+05 
1.80698496888300e-01 1.00086788248440e+05 
1.81124497681596e-01 1.00099821967874e+05 
1.81550534115808e-01 1.00114271034637e+05 
1.81976671766217e-01 1.00128443531228e+05 
1.82402825862201e-01 1.00140999404063e+05 
1.82829001389642e-01 1.00155989009350e+05 
1.83255002694778e-01 1.00169245539898e+05 
1.83681071305729e-01 1.00182998247721e+05 
1.84107244084201e-01 1.00198035893425e+05 
1.84533213340728e-01 1.00212251929190e+05 
1.84959168594311e-01 1.00224438617563e+05 
1.85384961977915e-01 1.00238729997767e+05 
1.85810595864640e-01 1.00251044046920e+05 
1.86236317069010e-01 1.00263524839082e+05 
1.86662161635849e-01 1.00277104049878e+05 
1.87087817007601e-01 1.00289757843773e+05 
1.87513443948716e-01 1.00300751235232e+05 
1.87938942945265e-01 1.00313364352558e+05 
1.88364302618332e-01 1.00324231012609e+05 
1.88789769305484e-01 1.00335124398207e+05 
1.89215370260918e-01 1.00346749598213e+05 
1.89640809164801e-01 1.00357377790612e+05 
1.90066243009346e-01 1.00366628063104e+05 
1.90491573619636e-01 1.00376834463706e+05 
1.90916790538378e-01 1.00385453554012e+05 
1.91342129020379e-01 1.00393839166642e+05 
1.91767621504552e-01 1.00402349511085e+05 
1.92192972988024e-01 1.00409706636092e+05 
1.92618343663138e-01 1.00415893457558e+05 
1.93043635569895e-01 1.00422500761737e+05 
1.93468848113226e-01 1.00427766732388e+05 
1.93894200706540e-01 1.00432538446957e+05 
1.94319723766637e-01 1.00437199959548e+05 
1.94745150534723e-01 1.00440937961438e+05 
1.95170612092431e-01 1.00443948631121e+05 
1.95596030345500e-01 1.00446514537292e+05 
1.96021407737498e-01 1.00447623536945e+05 
1.96446945566157e-01 1.00447709838871e+05 
1.96872671382466e-01 1.00447106709657e+05 
1.97298325302795e-01 1.00445370539769e+05 
1.97724043648018e-01 1.00442653090716e+05 
1.98149738619627e-01 1.00438594862007e+05 
1.98575413354267e-01 1.00433612803094e+05 
1.99001253459026e-01 1.00427201799604e+05 
1.99427290928858e-01 1.00419639361979e+05 
1.99853292112811e-01 1.00411229439090e+05 
2.00279380659190e-01 1.00402446254715e+05 
