# Liste des scalaires : TEMPS pmat 
0.00000000000000e+00 1.00000000000000e+05 
7.22956891292051e-05 1.00000000000000e+05 
1.32092754203204e-04 1.00000000000000e+05 
1.93593621630960e-04 1.00000000000000e+05 
2.56042821093919e-04 1.00000000000000e+05 
3.20803119458021e-04 1.00000000000000e+05 
3.88442674666444e-04 1.00000000000000e+05 
4.58011739479937e-04 1.00000000000000e+05 
5.31170011051584e-04 1.00000000000000e+05 
6.05770579120288e-04 1.00000000000000e+05 
6.81282683099220e-04 1.00000000000000e+05 
7.55490261111196e-04 1.00000000000000e+05 
8.33163933730225e-04 1.00000000000000e+05 
9.13329700232459e-04 1.00000000000000e+05 
9.96542042459009e-04 1.00000000000000e+05 
1.08161722453528e-03 1.00000000000000e+05 
1.16901026994151e-03 1.00000000000000e+05 
1.25898598556431e-03 1.00000000000000e+05 
1.35147801683877e-03 1.00000000000000e+05 
1.44071192287809e-03 1.00000000000000e+05 
1.53253522760280e-03 1.00000000000000e+05 
1.62703553418330e-03 1.00000000000000e+05 
1.72438519791531e-03 1.00000000000000e+05 
1.82483088294691e-03 1.00000000000000e+05 
1.92790590528003e-03 1.00000000000000e+05 
2.03337513275437e-03 1.00000000000000e+05 
2.14046988378734e-03 1.00000000000000e+05 
2.24968469095127e-03 1.00000000000000e+05 
2.36034601033720e-03 1.00000000000000e+05 
2.47366131910092e-03 1.00000000000000e+05 
2.58891445588078e-03 1.00000000000000e+05 
2.70601519474223e-03 1.00000000000000e+05 
2.82411753444822e-03 1.00000000000000e+05 
2.94427022320873e-03 1.00000000000000e+05 
3.06505481174546e-03 1.00000000000000e+05 
3.18717095827884e-03 1.00000000000000e+05 
3.31172031008097e-03 1.00000000000000e+05 
3.43342891685609e-03 1.00000000000000e+05 
3.55559653115375e-03 1.00000000000000e+05 
3.67811492692668e-03 1.00000000000000e+05 
3.80075604174106e-03 1.00000000000000e+05 
3.92345705040407e-03 1.00000000000000e+05 
4.04625352908134e-03 1.00000000000000e+05 
4.16897805980030e-03 1.00000000000000e+05 
4.29163993398644e-03 1.00000000000000e+05 
4.41418498268246e-03 1.00000000000000e+05 
4.53426394925809e-03 1.00000000000000e+05 
4.65449487989608e-03 1.00000000000000e+05 
4.77497670472294e-03 1.00000000000000e+05 
4.89556833514126e-03 1.00000000000000e+05 
5.01620904399994e-03 1.00000000000000e+05 
5.13679831715785e-03 1.00000000000000e+05 
5.25737793083474e-03 1.00000000000000e+05 
5.37804420704750e-03 1.00000000000000e+05 
5.49863624537869e-03 1.00000000000000e+05 
5.61940165778606e-03 1.00000000000000e+05 
5.74025161497007e-03 1.00000000000000e+05 
5.86141839843538e-03 1.00000000000000e+05 
5.98272429826219e-03 1.00000000000000e+05 
6.10435101214654e-03 1.00000000000000e+05 
6.22618965890720e-03 1.00000000000000e+05 
6.34818879108164e-03 1.00000000000000e+05 
6.47023126296313e-03 1.00000000000000e+05 
6.59248941183472e-03 1.00000000000000e+05 
6.71478943745296e-03 1.00000000000000e+05 
6.83719029127354e-03 1.00000000000000e+05 
6.95956227694375e-03 1.00000000000000e+05 
7.08187540141406e-03 1.00000000000000e+05 
7.20453955547702e-03 1.00000000000000e+05 
7.32729499323517e-03 1.00000000000000e+05 
7.45012444495405e-03 1.00000000000000e+05 
7.57322300475993e-03 1.00000000000000e+05 
7.69635816667890e-03 1.00000000000000e+05 
7.81955718081018e-03 1.00000000000000e+05 
7.94265957062079e-03 1.00000000000000e+05 
8.06567672385088e-03 1.00000000000000e+05 
8.18866829320858e-03 1.00000000000000e+05 
8.31169554048400e-03 1.00000000000000e+05 
8.43471677684980e-03 1.00000000000000e+05 
8.55775265399704e-03 1.00000000000000e+05 
8.68068616919667e-03 1.00000000000000e+05 
8.80348466518664e-03 1.00000000000000e+05 
8.92623024793546e-03 1.00000000000000e+05 
9.04893424358204e-03 1.00000000000000e+05 
9.17163253637828e-03 1.00000000000000e+05 
9.29433033139770e-03 1.00000000000000e+05 
9.41696617722154e-03 1.00000000000000e+05 
9.53958181082346e-03 1.00000000000000e+05 
9.66220148189080e-03 1.00000000000000e+05 
9.78747555085067e-03 1.00000000000000e+05 
9.91276305274804e-03 1.00000000000000e+05 
1.00376992153110e-02 1.00000000000000e+05 
1.01623248604887e-02 1.00000000000000e+05 
1.02873217788536e-02 1.00000000000000e+05 
1.04116063078035e-02 1.00000000000000e+05 
1.05348908851619e-02 1.00000000000000e+05 
1.06592449279091e-02 1.00000000000000e+05 
1.07826450534147e-02 1.00000000000000e+05 
1.09067450599048e-02 1.00000000000000e+05 
1.10312797133029e-02 1.00000000000000e+05 
1.11551353810170e-02 1.00000000000000e+05 
1.12787804572373e-02 1.00000000000000e+05 
1.14030698577361e-02 1.00000000000000e+05 
1.15268709846259e-02 1.00000000000000e+05 
1.16504184005466e-02 1.00000000000000e+05 
1.17745455112518e-02 1.00000000000000e+05 
1.18979538312907e-02 1.00000000000000e+05 
1.20215487156812e-02 1.00000000000000e+05 
1.21455904986420e-02 1.00000000000000e+05 
1.22691251756886e-02 1.00000000000000e+05 
1.23924339080779e-02 1.00000000000000e+05 
1.25164732921313e-02 1.00000000000000e+05 
1.26399018318905e-02 1.00000000000000e+05 
1.27634941978696e-02 1.00000000000000e+05 
1.28871170396708e-02 1.00000000000000e+05 
1.30108097226059e-02 1.00000000000000e+05 
1.31344212524659e-02 1.00000000000000e+05 
1.32580521082457e-02 1.00000000000000e+05 
1.33816959289964e-02 1.00000000000000e+05 
1.35054729657086e-02 1.00000000000000e+05 
1.36292623636596e-02 1.00000000000000e+05 
1.37531606691775e-02 1.00000000000000e+05 
1.38770357019136e-02 1.00000000000000e+05 
1.40009614714051e-02 1.00000000000000e+05 
1.41249349892866e-02 1.00000000000000e+05 
1.42490545226216e-02 1.00000000000000e+05 
1.43732348027047e-02 1.00000000000000e+05 
1.44974019488721e-02 1.00000000000000e+05 
1.46214566600860e-02 1.00000000000000e+05 
1.47453974167936e-02 1.00000000000000e+05 
1.48694203378663e-02 1.00000000000000e+05 
1.49935302401328e-02 1.00000000000000e+05 
1.51175842245452e-02 1.00000000000000e+05 
1.52414968300492e-02 1.00000000000000e+05 
1.53652863295222e-02 1.00000000000000e+05 
1.54891256082309e-02 1.00000000000000e+05 
1.56131945700720e-02 1.00000000000000e+05 
1.57374954646310e-02 1.00000000000000e+05 
1.58618999664129e-02 1.00000000000000e+05 
1.59865530011995e-02 1.00000000000000e+05 
1.61112344096037e-02 1.00000000000000e+05 
1.62359876434456e-02 1.00000000000000e+05 
1.63607951237989e-02 1.00000000000000e+05 
1.64856749018559e-02 1.00000000000000e+05 
1.66105372365491e-02 1.00000000000000e+05 
1.67354158951416e-02 1.00000000000000e+05 
1.68601327049183e-02 1.00000000000000e+05 
1.69847720287090e-02 1.00000000000000e+05 
1.71093749805591e-02 1.00000000000000e+05 
1.72340475020381e-02 1.00000000000000e+05 
1.73587206922608e-02 1.00000000000000e+05 
1.74834408065777e-02 1.00000000000000e+05 
1.76080560814582e-02 1.00000000000000e+05 
1.77326972918779e-02 1.00000000000000e+05 
1.78574101204833e-02 1.00000000000000e+05 
1.79822754677915e-02 1.00000000000000e+05 
1.81071913405067e-02 1.00000000000000e+05 
1.82321667803606e-02 1.00000000000000e+05 
1.83571294189866e-02 1.00000000000000e+05 
1.84819564449227e-02 1.00000000000000e+05 
1.86067066109427e-02 1.00000000000000e+05 
1.87312312575799e-02 1.00000000000000e+05 
1.88557936523643e-02 1.00000000000000e+05 
1.89804148921840e-02 1.00000000000000e+05 
1.91052279302949e-02 1.00000000000000e+05 
1.92302956688031e-02 1.00000000000000e+05 
1.93554895005120e-02 1.00000000000000e+05 
1.94808238697465e-02 1.00000000000000e+05 
1.96065260457584e-02 1.00000000000000e+05 
1.97281551547523e-02 1.00000000000000e+05 
1.98537976897072e-02 1.00000000000000e+05 
1.99755254099869e-02 1.00000000000000e+05 
2.01010094905578e-02 1.00000000000000e+05 
2.02232677635405e-02 1.00000000000000e+05 
2.03470384167729e-02 1.00000000000000e+05 
2.04699639387643e-02 1.00000000000000e+05 
2.05955142509886e-02 1.00000000000000e+05 
2.07211809077996e-02 1.00000000000000e+05 
2.08468692442195e-02 1.00000000000000e+05 
2.09717012769464e-02 1.00000000000000e+05 
2.10974885283941e-02 1.00000000000000e+05 
2.12229783980040e-02 1.00000000000000e+05 
2.13486688952925e-02 1.00000000000000e+05 
2.14743187061101e-02 1.00000000000000e+05 
2.15999161491922e-02 1.00000000000000e+05 
2.17248044435359e-02 1.00000000000000e+05 
2.18507289353966e-02 1.00000000000000e+05 
2.19737958141808e-02 1.00000000000000e+05 
2.20984748329604e-02 1.00000000000000e+05 
2.22230510903716e-02 1.00000000000000e+05 
2.23476324384853e-02 1.00000000000000e+05 
2.24713260041781e-02 1.00000000000000e+05 
2.25959830744708e-02 1.00000000000000e+05 
2.27206577574528e-02 1.00000000000000e+05 
2.28450876801101e-02 1.00000000000000e+05 
2.29693330506809e-02 1.00000000000000e+05 
2.30934803133920e-02 1.00000000000000e+05 
2.32178753017176e-02 1.00000000000000e+05 
2.33422976909825e-02 1.00000000000000e+05 
2.34668762492763e-02 1.00000000000000e+05 
2.35914692187364e-02 1.00000000000000e+05 
2.37162606156940e-02 1.00000000000000e+05 
2.38414023935120e-02 1.00000000000000e+05 
2.39666535859092e-02 1.00000000000000e+05 
2.40915550486482e-02 1.00000000000000e+05 
2.42159134981735e-02 1.00000000000000e+05 
2.43412297832531e-02 1.00000000000000e+05 
2.44655882491283e-02 1.00000000000000e+05 
2.45910405168841e-02 1.00000000000000e+05 
2.47156451723979e-02 1.00000000000000e+05 
2.48402084130439e-02 1.00000000000000e+05 
2.49648692240514e-02 1.00000000000000e+05 
2.50906358050956e-02 1.00000000000000e+05 
2.52153608468319e-02 1.00000000000000e+05 
2.53413975079164e-02 1.00000000000000e+05 
2.54666149823496e-02 1.00000000000000e+05 
2.55919531443095e-02 1.00000000000000e+05 
2.57170389116468e-02 1.00000000000000e+05 
2.58422993579272e-02 1.00000000000000e+05 
2.59675244920810e-02 1.00000000000000e+05 
2.60927997535000e-02 1.00000000000000e+05 
2.62178849578244e-02 1.00000000000000e+05 
2.63432142663050e-02 1.00000000000000e+05 
2.64684084271428e-02 1.00000000000000e+05 
2.65938556444935e-02 1.00000000000000e+05 
2.67192987754115e-02 1.00000000000000e+05 
2.68448852288468e-02 1.00000000000000e+05 
2.69689471590474e-02 1.00000000000000e+05 
2.70944041719788e-02 1.00000000000000e+05 
2.72187828524548e-02 1.00000000000000e+05 
2.73453760064234e-02 1.00000000000000e+05 
2.74723964134844e-02 1.00000000000000e+05 
2.75995207804645e-02 1.00000000000000e+05 
2.77256055424127e-02 1.00000000000000e+05 
2.78527562320253e-02 1.00000000000000e+05 
2.79796697192373e-02 1.00000000000000e+05 
2.81067885013534e-02 1.00000000000000e+05 
2.82337240571294e-02 1.00000000000000e+05 
2.83606064858562e-02 1.00000000000000e+05 
2.84857251062682e-02 1.00000000000000e+05 
2.86130076064751e-02 1.00000000000000e+05 
2.87382949767260e-02 1.00000000000000e+05 
2.88666253901324e-02 1.00000000000000e+05 
2.89948728238140e-02 1.00000000000000e+05 
2.91226557844756e-02 1.00000000000000e+05 
2.92491886824861e-02 1.00000000000000e+05 
2.93775636020076e-02 1.00000000000000e+05 
2.95049472180789e-02 1.00000000000000e+05 
2.96336847906208e-02 1.00000000000000e+05 
2.97624645176092e-02 1.00000000000000e+05 
2.98912738854852e-02 1.00000000000000e+05 
3.00200904095457e-02 1.00000000000000e+05 
3.01471538408488e-02 1.00000000000000e+05 
3.02740264486448e-02 1.00000000000000e+05 
3.04009462316947e-02 1.00000000000000e+05 
3.05278460174105e-02 1.00000000000000e+05 
3.06547739754853e-02 1.00000000000000e+05 
3.07816074383542e-02 1.00000000000000e+05 
3.09086707685944e-02 1.00000000000000e+05 
3.10341831759537e-02 1.00000000000000e+05 
3.11611686514566e-02 1.00000000000000e+05 
3.12881785180704e-02 1.00000000000000e+05 
3.14152202353429e-02 1.00000000000000e+05 
3.15422444259788e-02 1.00000000000000e+05 
3.16695892342568e-02 1.00000000000000e+05 
3.17969963321891e-02 1.00000000000000e+05 
3.19245900185946e-02 1.00000000000000e+05 
3.20522744743789e-02 1.00000000000000e+05 
3.21800487354049e-02 1.00000000000000e+05 
3.23076450191728e-02 1.00000000000000e+05 
3.24356807082726e-02 1.00000000000000e+05 
3.25634467888543e-02 1.00000000000000e+05 
3.26912207202465e-02 1.00000000000000e+05 
3.28191625036097e-02 1.00000000000000e+05 
3.29473376968746e-02 1.00000000000000e+05 
3.30757753278708e-02 1.00000000000000e+05 
3.32049813045401e-02 1.00000000000000e+05 
3.33344491553151e-02 1.00000000000000e+05 
3.34646603417846e-02 1.00000000000000e+05 
3.35955300316505e-02 1.00000000000000e+05 
3.37271735739168e-02 1.00000000000000e+05 
3.38558403243738e-02 1.00000000000000e+05 
3.39844628605830e-02 1.00000000000000e+05 
3.41131111014434e-02 1.00000000000000e+05 
3.42453731367370e-02 1.00000000000000e+05 
3.43737433208692e-02 1.00000000000000e+05 
3.45055539009454e-02 1.00000000000000e+05 
3.46338020688392e-02 1.00000000000000e+05 
3.47621869091022e-02 1.00000000000000e+05 
3.48900873490138e-02 1.00000000000000e+05 
3.50179946149932e-02 1.00000000000000e+05 
3.51460868931102e-02 1.00000000000000e+05 
3.52743007904701e-02 1.00000000000000e+05 
3.54026735666314e-02 1.00000000000000e+05 
3.55311400376533e-02 1.00000000000000e+05 
3.56596568003249e-02 1.00000000000000e+05 
3.57881459881309e-02 1.00000000000000e+05 
3.59165909957064e-02 1.00000000000000e+05 
3.60450479609439e-02 1.00000000000000e+05 
3.61730383410288e-02 1.00000000000000e+05 
3.63016652112671e-02 1.00000000000000e+05 
3.64299514833886e-02 1.00000000000000e+05 
3.65587098470361e-02 1.00000000000000e+05 
3.66875469925468e-02 1.00000000000000e+05 
3.68165016462286e-02 1.00000000000000e+05 
3.69443737548629e-02 1.00000000000000e+05 
3.70734928474249e-02 1.00000000000000e+05 
3.72015846064235e-02 1.00000000000000e+05 
3.73317839239149e-02 1.00000000000000e+05 
3.74623483722916e-02 1.00000000000000e+05 
3.75931979859738e-02 1.00000000000000e+05 
3.77218391819043e-02 1.00000000000000e+05 
3.78507325841022e-02 1.00000000000000e+05 
3.79799418803171e-02 1.00000000000000e+05 
3.81115614773802e-02 1.00000000000000e+05 
3.82414155143983e-02 1.00000000000000e+05 
3.83729014567067e-02 1.00000000000000e+05 
3.85042914103348e-02 1.00000000000000e+05 
3.86363954250164e-02 1.00000000000000e+05 
3.87690593058290e-02 1.00000000000000e+05 
3.89021513921497e-02 1.00000000000000e+05 
3.90359714141118e-02 1.00000000000000e+05 
3.91705951831542e-02 1.00000000000000e+05 
3.93054021933764e-02 1.00000000000000e+05 
3.94401658999815e-02 1.00000000000000e+05 
3.95749722179672e-02 1.00000000000000e+05 
3.97096735929734e-02 1.00000000000000e+05 
3.98444027135710e-02 1.00000000000000e+05 
3.99791494850145e-02 1.00000000000000e+05 
4.01140641766505e-02 1.00000000000000e+05 
4.02489770479570e-02 1.00000000000000e+05 
4.03839607296900e-02 1.00000000000000e+05 
4.05129663567563e-02 1.00000000000000e+05 
4.06419629023234e-02 1.00000000000000e+05 
4.07709539116208e-02 1.00000000000000e+05 
4.08999897216414e-02 1.00000000000000e+05 
4.10290650770318e-02 1.00000000000000e+05 
4.11581909011596e-02 1.00000000000000e+05 
4.12873197170874e-02 1.00000000000000e+05 
4.14163311575716e-02 1.00000000000000e+05 
4.15452223290758e-02 1.00000000000000e+05 
4.16740196408592e-02 1.00000000000000e+05 
4.18027241927589e-02 1.00000000000000e+05 
4.19313525881043e-02 1.00000000000000e+05 
4.20599101331265e-02 1.00000000000000e+05 
4.21884138895683e-02 1.00000000000000e+05 
4.23168376432527e-02 1.00000000000000e+05 
4.24452199264908e-02 1.00000000000000e+05 
4.25736361687977e-02 1.00000000000000e+05 
4.27020922768946e-02 1.00000000000000e+05 
4.28287803690089e-02 1.00000000000000e+05 
4.29574493950219e-02 1.00000000000000e+05 
4.30854642761727e-02 1.00000000000000e+05 
4.32144237366681e-02 1.00000000000000e+05 
4.33435711334067e-02 1.00000000000000e+05 
4.34729198332542e-02 1.00000000000000e+05 
4.36024508849158e-02 1.00000000000000e+05 
4.37321791296647e-02 1.00000000000000e+05 
4.38621155937025e-02 1.00000000000000e+05 
4.39923007648221e-02 1.00000000000000e+05 
4.41227374959643e-02 1.00000000000000e+05 
4.42534845878291e-02 1.00000000000000e+05 
4.43845073201296e-02 1.00000000000000e+05 
4.45158627120370e-02 1.00000000000000e+05 
4.46475932373339e-02 1.00000000000000e+05 
4.47797786591839e-02 1.00000000000000e+05 
4.49124399424565e-02 1.00000000000000e+05 
4.50457240400821e-02 1.00000000000000e+05 
4.51702350161850e-02 1.00000000000000e+05 
4.52967825509045e-02 1.00000000000000e+05 
4.54222661147600e-02 1.00000000000000e+05 
4.55496795276024e-02 1.00000000000000e+05 
4.56777860487328e-02 1.00000000000000e+05 
4.58072274042333e-02 1.00000000000000e+05 
4.59336460850356e-02 1.00000000000000e+05 
4.60620360778746e-02 1.00000000000000e+05 
4.61889504802260e-02 1.00000000000000e+05 
4.63177133383601e-02 1.00000000000000e+05 
4.64463400081296e-02 1.00000000000000e+05 
4.65782391690966e-02 1.00000000000000e+05 
4.67059895420808e-02 1.00000000000000e+05 
4.68368962387940e-02 1.00000000000000e+05 
4.69648726352976e-02 1.00000000000000e+05 
4.70940980416719e-02 1.00000000000000e+05 
4.72256831309955e-02 1.00000000000000e+05 
4.73573263299850e-02 1.00000000000000e+05 
4.74858621840479e-02 1.00000000000000e+05 
4.76162676683897e-02 1.00000000000000e+05 
4.77451133017254e-02 1.00000000000000e+05 
4.78753338260745e-02 1.00000000000000e+05 
4.80043883099983e-02 1.00000000000000e+05 
4.81366384066189e-02 1.00000000000000e+05 
4.82660878206706e-02 1.00000000000000e+05 
4.83973544020588e-02 1.00000000000000e+05 
4.85272937183932e-02 1.00000000000001e+05 
4.86590469136303e-02 1.00000000000001e+05 
4.87884191075870e-02 1.00000000000001e+05 
4.89228398190268e-02 1.00000000000002e+05 
4.90542189481033e-02 1.00000000000003e+05 
4.91848994250827e-02 1.00000000000004e+05 
4.93158654433484e-02 1.00000000000007e+05 
4.94455719486308e-02 1.00000000000010e+05 
4.95764515065297e-02 1.00000000000014e+05 
4.97060891501911e-02 1.00000000000019e+05 
4.98389012647820e-02 1.00000000000028e+05 
4.99704938904420e-02 1.00000000000042e+05 
5.01015337885365e-02 1.00000000000062e+05 
5.02312868676674e-02 1.00000000000088e+05 
5.03627858854989e-02 1.00000000000123e+05 
5.04927802503223e-02 1.00000000000172e+05 
5.06253718246355e-02 1.00000000000245e+05 
5.07579035743498e-02 1.00000000000352e+05 
5.08901865352057e-02 1.00000000000502e+05 
5.10213686750579e-02 1.00000000000690e+05 
5.11540374972055e-02 1.00000000000937e+05 
5.12863321524671e-02 1.00000000001293e+05 
5.14196160132789e-02 1.00000000001810e+05 
5.15532654447484e-02 1.00000000002663e+05 
5.16874573682011e-02 1.00000000004007e+05 
5.18222469112343e-02 1.00000000005922e+05 
5.19576486443363e-02 1.00000000008655e+05 
5.20908125038261e-02 1.00000000012298e+05 
5.22208149665839e-02 1.00000000017252e+05 
5.23591435768325e-02 1.00000000024387e+05 
5.24932233363674e-02 1.00000000032646e+05 
5.26323015425093e-02 1.00000000042680e+05 
5.27717815798528e-02 1.00000000065933e+05 
5.29109432402724e-02 1.00000000104719e+05 
5.30503955180788e-02 1.00000000167525e+05 
5.31897480943612e-02 1.00000000367118e+05 
5.33291260398386e-02 1.00000000700666e+05 
5.34683138533278e-02 1.00000001081080e+05 
5.36075099288685e-02 1.00000001514322e+05 
5.37465486197038e-02 1.00000002122214e+05 
5.38797182708523e-02 1.00000002767196e+05 
5.40127774955359e-02 1.00000003466407e+05 
5.41457961941922e-02 1.00000004137754e+05 
5.42787857914302e-02 1.00000004807417e+05 
5.44116862242777e-02 1.00000005455356e+05 
5.45446214386529e-02 1.00000006214811e+05 
5.46774609280128e-02 1.00000007116507e+05 
5.48102580420203e-02 1.00000008149006e+05 
5.49431641107551e-02 1.00000009357210e+05 
5.50762649766460e-02 1.00000010760521e+05 
5.52094803599570e-02 1.00000012376657e+05 
5.53429881496805e-02 1.00000014208490e+05 
5.54767992425538e-02 1.00000016360589e+05 
5.56110781988048e-02 1.00000018823924e+05 
5.57460645056656e-02 1.00000021694577e+05 
5.58819426729110e-02 1.00000025035692e+05 
5.60188522048120e-02 1.00000028889443e+05 
5.61570705050329e-02 1.00000033280388e+05 
5.62827423052919e-02 1.00000037941324e+05 
5.64134261557000e-02 1.00000043371008e+05 
5.65450559598638e-02 1.00000049618528e+05 
5.66849625062114e-02 1.00000057250623e+05 
5.68258938175618e-02 1.00000065953916e+05 
5.69641943885828e-02 1.00000075437207e+05 
5.71053297554686e-02 1.00000086718611e+05 
5.72424499055649e-02 1.00000099005464e+05 
5.73856746629599e-02 1.00000113684096e+05 
5.75289827562688e-02 1.00000130632759e+05 
5.76665029074043e-02 1.00000148944652e+05 
5.78049682803259e-02 1.00000169239234e+05 
5.79459280602893e-02 1.00000193084401e+05 
5.80835973675959e-02 1.00000218904394e+05 
5.82246676739262e-02 1.00000248883130e+05 
5.83580949070826e-02 1.00000281169088e+05 
5.84954097911129e-02 1.00000318140498e+05 
5.86291194894640e-02 1.00000357292259e+05 
5.87677414503169e-02 1.00000403695997e+05 
5.89071759072209e-02 1.00000454882603e+05 
5.90458302769815e-02 1.00000512200481e+05 
5.91835332706420e-02 1.00000576522885e+05 
5.93239167662332e-02 1.00000649220202e+05 
5.94643402787840e-02 1.00000727594420e+05 
5.96048043527198e-02 1.00000817018134e+05 
5.97454691729251e-02 1.00000914698461e+05 
5.98866934350957e-02 1.00001024153165e+05 
6.00286757027983e-02 1.00001148307151e+05 
6.01718316850173e-02 1.00001286449206e+05 
6.03166942853799e-02 1.00001436822274e+05 
6.04528371526012e-02 1.00001596664814e+05 
6.05993113680348e-02 1.00001782484077e+05 
6.07363246933792e-02 1.00001974946988e+05 
6.08804189771749e-02 1.00002201385393e+05 
6.10164576976142e-02 1.00002434942826e+05 
6.11549313131041e-02 1.00002686981744e+05 
6.12937792125240e-02 1.00002970930597e+05 
6.14305379845715e-02 1.00003269902289e+05 
6.15746879556511e-02 1.00003615148315e+05 
6.17185208047363e-02 1.00003999284935e+05 
6.18571133695964e-02 1.00004401057606e+05 
6.20033087158867e-02 1.00004846297523e+05 
6.21467106479609e-02 1.00005338825602e+05 
6.22923707454003e-02 1.00005867213162e+05 
6.24384710495495e-02 1.00006450552635e+05 
6.25826641158562e-02 1.00007088676729e+05 
6.27284971598652e-02 1.00007785694016e+05 
6.28729899276227e-02 1.00008505354926e+05 
6.30199588210499e-02 1.00009326584803e+05 
6.31671765817142e-02 1.00010188310190e+05 
6.33150720933304e-02 1.00011131440550e+05 
6.34633558623329e-02 1.00012181303150e+05 
6.36132001217022e-02 1.00013320731076e+05 
6.37641572334997e-02 1.00014508360019e+05 
6.39087890247474e-02 1.00015779908166e+05 
6.40589635055460e-02 1.00017151369377e+05 
6.42093960661718e-02 1.00018639570328e+05 
6.43601640204188e-02 1.00020288322247e+05 
6.45101268792692e-02 1.00022037647904e+05 
6.46608155079518e-02 1.00023842819745e+05 
6.48114333410561e-02 1.00025848807393e+05 
6.49613757683616e-02 1.00027909751801e+05 
6.51119550426504e-02 1.00030135846656e+05 
6.52627536308326e-02 1.00032585596045e+05 
6.54128586652441e-02 1.00035170090069e+05 
6.55638515717536e-02 1.00037823673196e+05 
6.57147495569682e-02 1.00040752286130e+05 
6.58648956145636e-02 1.00043740739659e+05 
6.60159295068229e-02 1.00046952923061e+05 
6.61666697048489e-02 1.00050454618671e+05 
6.63177063111387e-02 1.00054152526449e+05 
6.64691062868102e-02 1.00057915849982e+05 
6.66211355410917e-02 1.00062061700669e+05 
6.67731310840616e-02 1.00066289771074e+05 
6.69260097073781e-02 1.00070808324033e+05 
6.70782369947831e-02 1.00075696329206e+05 
6.72328140967516e-02 1.00080901070719e+05 
6.73861510658076e-02 1.00086119992370e+05 
6.75435080702904e-02 1.00091961615130e+05 
6.77006045030750e-02 1.00097890350235e+05 
6.78577261723844e-02 1.00104148807210e+05 
6.80148022365542e-02 1.00110919106653e+05 
6.81719739780065e-02 1.00117990786610e+05 
6.83292581423922e-02 1.00125095990961e+05 
6.84866179262410e-02 1.00132807713037e+05 
6.86440354450416e-02 1.00140588339008e+05 
6.88017717639449e-02 1.00148778609552e+05 
6.89598420496800e-02 1.00157641465574e+05 
6.91185405506331e-02 1.00166867562942e+05 
6.92776445591840e-02 1.00176055619686e+05 
6.94377668205637e-02 1.00186093059021e+05 
6.95965906415031e-02 1.00196007799822e+05 
6.97577143870752e-02 1.00206564978607e+05 
6.99202313101055e-02 1.00218025934614e+05 
7.00828494916312e-02 1.00229838319264e+05 
7.02458982112361e-02 1.00241469492434e+05 
7.04094098270573e-02 1.00254148419518e+05 
7.05736764442569e-02 1.00266780005153e+05 
7.07390223926618e-02 1.00279992705092e+05 
7.09044310368096e-02 1.00294163616169e+05 
7.10697660877728e-02 1.00308657250592e+05 
7.12352868910871e-02 1.00322896016378e+05 
7.14007272892212e-02 1.00338140066449e+05 
7.15660786679692e-02 1.00353110562370e+05 
7.17315577905888e-02 1.00368546402359e+05 
7.18971386751555e-02 1.00384999659622e+05 
7.20626365704229e-02 1.00401674497793e+05 
7.22283183644613e-02 1.00417892206378e+05 
7.23940021984595e-02 1.00435141022470e+05 
7.25596785209808e-02 1.00451870499701e+05 
7.27255796593527e-02 1.00468951406856e+05 
7.28918890150326e-02 1.00487038820138e+05 
7.30577408755826e-02 1.00505109268152e+05 
7.32215230253043e-02 1.00522304604020e+05 
7.33888203824794e-02 1.00540741843759e+05 
7.35565648292311e-02 1.00558562017927e+05 
7.37242265738314e-02 1.00576533282329e+05 
7.38887540579705e-02 1.00594905330644e+05 
7.40560627209635e-02 1.00613957167829e+05 
7.42214845414313e-02 1.00631575069751e+05 
7.43904510709199e-02 1.00650768068242e+05 
7.45592915136647e-02 1.00668655308300e+05 
7.47284044984616e-02 1.00686592465261e+05 
7.48975663734925e-02 1.00705788589273e+05 
7.50666408589378e-02 1.00724672206046e+05 
7.52357686813157e-02 1.00742342627617e+05 
7.54046482136425e-02 1.00760918597086e+05 
7.55734723750338e-02 1.00778184683490e+05 
7.57426123714586e-02 1.00795400086903e+05 
7.59122881950159e-02 1.00813501087557e+05 
7.60795465513857e-02 1.00830842911127e+05 
7.62499843577192e-02 1.00847122065518e+05 
7.64206809787722e-02 1.00864131743268e+05 
7.65920821430470e-02 1.00879725911757e+05 
7.67642118517137e-02 1.00894960947288e+05 
7.69362745182079e-02 1.00910654531697e+05 
7.71081789948772e-02 1.00925443295086e+05 
7.72801825314466e-02 1.00939426521053e+05 
7.74521820295094e-02 1.00952930912032e+05 
7.76220710655793e-02 1.00964278128447e+05 
7.77940577119172e-02 1.00974669951428e+05 
7.79646035986611e-02 1.00984839303195e+05 
7.81352340982699e-02 1.00994247933467e+05 
7.83061776716105e-02 1.01001069936352e+05 
7.84784863254638e-02 1.01008302321165e+05 
7.86502526025153e-02 1.01014120477034e+05 
7.88235304649820e-02 1.01019252190530e+05 
7.89966176066134e-02 1.01023747131411e+05 
7.91705497156558e-02 1.01027731736020e+05 
7.93454247380527e-02 1.01030325231368e+05 
7.95212787496126e-02 1.01032763876088e+05 
7.96970348227893e-02 1.01033998844484e+05 
7.98726664686055e-02 1.01034226735212e+05 
8.00483626123838e-02 1.01034087919687e+05 
8.02240807542362e-02 1.01032762169868e+05 
8.03996796576357e-02 1.01030192428129e+05 
8.05750557048003e-02 1.01026763557146e+05 
8.07503280721567e-02 1.01022149858925e+05 
8.09253475192026e-02 1.01016506565281e+05 
8.11003955372322e-02 1.01009944478891e+05 
8.12754800652889e-02 1.01002512040481e+05 
8.14505486276615e-02 1.00994354609527e+05 
8.16255281868992e-02 1.00985282051551e+05 
8.18005463863592e-02 1.00975494624342e+05 
8.19755898893018e-02 1.00964864667008e+05 
8.21508693286776e-02 1.00953312225840e+05 
8.23263254513430e-02 1.00941120194713e+05 
8.25019631565452e-02 1.00928585092354e+05 
8.26777169174705e-02 1.00915208578014e+05 
8.28536796849219e-02 1.00901462001073e+05 
8.30299250827183e-02 1.00887015137061e+05 
8.32066706265774e-02 1.00871596628792e+05 
8.33842367185505e-02 1.00855678317057e+05 
8.35628670794312e-02 1.00839622972727e+05 
8.37341940445251e-02 1.00823310189330e+05 
8.39143185964711e-02 1.00806155310175e+05 
8.40967086838221e-02 1.00788135185009e+05 
8.42806226397358e-02 1.00768754743686e+05 
8.44662526596772e-02 1.00749069851870e+05 
8.46520485951059e-02 1.00729525553082e+05 
8.48381746001733e-02 1.00708970751245e+05 
8.50244660264387e-02 1.00688593214690e+05 
8.52105545764327e-02 1.00667709099049e+05 
8.53966231418815e-02 1.00645819488490e+05 
8.55826571729699e-02 1.00623823155738e+05 
8.57687855573543e-02 1.00602053525514e+05 
8.59549242939838e-02 1.00579390709185e+05 
8.61410251744170e-02 1.00557155133679e+05 
8.63272905694287e-02 1.00534283205453e+05 
8.65137358094028e-02 1.00510543495356e+05 
8.67002561829944e-02 1.00486769566393e+05 
8.68867770954808e-02 1.00463678441215e+05 
8.70733894763977e-02 1.00439765600094e+05 
8.72601283477883e-02 1.00416546921710e+05 
8.74471545583019e-02 1.00393050796312e+05 
8.76346354414018e-02 1.00368714320357e+05 
8.78225722136206e-02 1.00344567152441e+05 
8.80109234640569e-02 1.00321310341391e+05 
8.81997472887413e-02 1.00297289472441e+05 
8.83891192742053e-02 1.00274160239676e+05 
8.85792094501173e-02 1.00250871072817e+05 
8.87696143022535e-02 1.00226854044397e+05 
8.89600945567247e-02 1.00203244343528e+05 
8.91506433703545e-02 1.00180702168039e+05 
8.93411925893890e-02 1.00157666851379e+05 
8.95317544601198e-02 1.00135642000995e+05 
8.97158856516143e-02 1.00114467243368e+05 
8.98963238610302e-02 1.00092818429067e+05 
9.00803057872079e-02 1.00071381748976e+05 
9.02604403046346e-02 1.00051632456560e+05 
9.04468718387008e-02 1.00030654190970e+05 
9.06333165564701e-02 1.00011029403539e+05 
9.08170021754943e-02 9.99918296506790e+04 
9.09986965482868e-02 9.99723247652855e+04 
9.11841134822832e-02 9.99530372240461e+04 
9.13677915526787e-02 9.99351896185095e+04 
9.15579073596138e-02 9.99162819019256e+04 
9.17482407163728e-02 9.98987175939573e+04 
9.19388139362193e-02 9.98813614107120e+04 
9.21294353871185e-02 9.98636279208210e+04 
9.23201241575641e-02 9.98465718553794e+04 
9.25108706144294e-02 9.98307135350091e+04 
9.27015986788504e-02 9.98146672592680e+04 
9.28923445762460e-02 9.97996767941530e+04 
9.30745533596166e-02 9.97855987955775e+04 
9.32653270230243e-02 9.97708905858132e+04 
9.34561009015678e-02 9.97567532069243e+04 
9.36468811861654e-02 9.97437249513472e+04 
9.38376575764574e-02 9.97306029752189e+04 
9.40284053470035e-02 9.97183038741337e+04 
9.42191165047454e-02 9.97064901539903e+04 
9.44098034893707e-02 9.96946251297552e+04 
9.46004919654393e-02 9.96832963519362e+04 
9.47912167090230e-02 9.96728658658828e+04 
9.49785664747015e-02 9.96625734858395e+04 
9.51693990506435e-02 9.96530728619963e+04 
9.53602808779881e-02 9.96439746390106e+04 
9.55512134952742e-02 9.96349176358485e+04 
9.57421827683704e-02 9.96262153380620e+04 
9.59331554725456e-02 9.96184681024500e+04 
9.61241061831247e-02 9.96109236033074e+04 
9.63149991578278e-02 9.96045661199268e+04 
9.65058288801494e-02 9.95986088158136e+04 
9.66966153077318e-02 9.95924272553123e+04 
9.68873814718142e-02 9.95864563799612e+04 
9.70781615909988e-02 9.95813483287105e+04 
9.72689693874411e-02 9.95761792544890e+04 
9.74598030357035e-02 9.95719012567651e+04 
9.76506749677735e-02 9.95679132663894e+04 
9.78416083769359e-02 9.95640813003368e+04 
9.80326081585346e-02 9.95607330014183e+04 
9.82236687923957e-02 9.95579105886686e+04 
9.84147698774620e-02 9.95554260221475e+04 
9.86058926005419e-02 9.95535390268009e+04 
9.87970277680443e-02 9.95520842546251e+04 
9.89880932155441e-02 9.95507398807199e+04 
9.91792713837929e-02 9.95498308514422e+04 
9.93704647114089e-02 9.95495065678029e+04 
9.95616560439481e-02 9.95492632815552e+04 
9.97528383012094e-02 9.95496446506490e+04 
9.99440193226439e-02 9.95503264144375e+04 
1.00135218139228e-01 9.95510916625618e+04 
1.00326438452021e-01 9.95522183467002e+04 
1.00517672959347e-01 9.95538012936442e+04 
1.00708899564860e-01 9.95554840435076e+04 
1.00900107493025e-01 9.95576709202633e+04 
1.01091302917289e-01 9.95601543182355e+04 
1.01282502173079e-01 9.95628085532655e+04 
1.01473709595848e-01 9.95658293168780e+04 
1.01664916901575e-01 9.95691996016946e+04 
1.01856099290824e-01 9.95727792817874e+04 
1.02047241615923e-01 9.95768329388958e+04 
1.02238346510724e-01 9.95811345845072e+04 
1.02429420389875e-01 9.95855526672525e+04 
1.02620464057097e-01 9.95899393565973e+04 
1.02811486149732e-01 9.95948517781337e+04 
1.03002485379454e-01 9.95997037060282e+04 
1.03193457851390e-01 9.96050202127216e+04 
1.03384421047074e-01 9.96106388485658e+04 
1.03575391138298e-01 9.96163994864479e+04 
1.03766389094522e-01 9.96224089722244e+04 
1.03957447990526e-01 9.96283718621729e+04 
1.04148557110530e-01 9.96345454039336e+04 
1.04339700500709e-01 9.96414547838856e+04 
1.04530892469748e-01 9.96485148151631e+04 
1.04722158444302e-01 9.96559634972127e+04 
1.04913503163770e-01 9.96635307492032e+04 
1.05104932180239e-01 9.96708550634330e+04 
1.05296411061223e-01 9.96787549139195e+04 
1.05487913664935e-01 9.96867560075305e+04 
1.05679436979556e-01 9.96953487006703e+04 
1.05870999918497e-01 9.97042848486540e+04 
1.06062601788126e-01 9.97135801098702e+04 
1.06254246180870e-01 9.97227647438862e+04 
1.06445906573218e-01 9.97326977539796e+04 
1.06637578484419e-01 9.97429157612988e+04 
1.06829271096523e-01 9.97535649755435e+04 
1.07021016861344e-01 9.97646081750671e+04 
1.07212810826728e-01 9.97760948565958e+04 
1.07404636364745e-01 9.97875479668984e+04 
1.07596450556105e-01 9.97999100751762e+04 
1.07788246776391e-01 9.98127933060350e+04 
1.07980028522979e-01 9.98262364624770e+04 
1.08171826106467e-01 9.98401541657546e+04 
1.08363642639041e-01 9.98544867053414e+04 
1.08555469623709e-01 9.98683977964220e+04 
1.08747271666025e-01 9.98833825459310e+04 
1.08939049190741e-01 9.98985376182952e+04 
1.09130816280827e-01 9.99141468887733e+04 
1.09322610566437e-01 9.99302411125685e+04 
1.09514434650279e-01 9.99466936887247e+04 
1.09706277065399e-01 9.99629178952094e+04 
1.09898109651930e-01 9.99798283875762e+04 
1.10089934212730e-01 9.99968011087031e+04 
1.10281770844458e-01 1.00014098912846e+05 
1.10473630870626e-01 1.00031852673329e+05 
1.10665531699015e-01 1.00049807782841e+05 
1.10857476060528e-01 1.00067134536938e+05 
1.11049420893861e-01 1.00085025274734e+05 
1.11241361141549e-01 1.00102538024665e+05 
1.11433308013786e-01 1.00120133408365e+05 
1.11625274049909e-01 1.00137972699566e+05 
1.11817277518728e-01 1.00155703659701e+05 
1.12009315580020e-01 1.00172395068828e+05 
1.12201340322806e-01 1.00189377147520e+05 
1.12393346634049e-01 1.00205569953438e+05 
1.12585329388360e-01 1.00221471575896e+05 
1.12777290865884e-01 1.00237452651212e+05 
1.12969252803468e-01 1.00253296227471e+05 
1.13161216988079e-01 1.00266801322042e+05 
1.13353155803928e-01 1.00280671431910e+05 
1.13545077532196e-01 1.00293421605449e+05 
1.13727073988249e-01 1.00305109654928e+05 
1.13916172157400e-01 1.00316884656448e+05 
1.14107365590307e-01 1.00328496795166e+05 
1.14299342375316e-01 1.00338585928694e+05 
1.14491301004905e-01 1.00348919633773e+05 
1.14683288191506e-01 1.00357958915383e+05 
1.14875349591155e-01 1.00366655442278e+05 
1.15067484887461e-01 1.00375068750290e+05 
1.15259691279088e-01 1.00382765414403e+05 
1.15451966937694e-01 1.00388820501092e+05 
1.15644247591287e-01 1.00394828415002e+05 
1.15836527285570e-01 1.00399552709921e+05 
1.16028806625869e-01 1.00403938205292e+05 
1.16221097139038e-01 1.00407450186355e+05 
1.16413432355214e-01 1.00410362739742e+05 
1.16605835188862e-01 1.00411978522069e+05 
1.16798249265841e-01 1.00412622839998e+05 
1.16990682081649e-01 1.00412636390408e+05 
1.17183139870145e-01 1.00411930125416e+05 
1.17375635054692e-01 1.00410095280434e+05 
1.17568192455210e-01 1.00407824332632e+05 
1.17760825099932e-01 1.00404958576120e+05 
1.17953474891452e-01 1.00401535173500e+05 
1.18146161782946e-01 1.00397713359914e+05 
1.18338896393820e-01 1.00393312217470e+05 
1.18531700887528e-01 1.00387940617887e+05 
1.18724595944504e-01 1.00381787256470e+05 
1.18917569091734e-01 1.00374952588746e+05 
1.19110543183809e-01 1.00367439784601e+05 
1.19303545330473e-01 1.00359623853270e+05 
1.19496568871293e-01 1.00351384057207e+05 
1.19689649084543e-01 1.00342131998507e+05 
1.19882806852954e-01 1.00332387215888e+05 
1.20076018060400e-01 1.00322244097641e+05 
1.20269206098866e-01 1.00311474288166e+05 
1.20462406387729e-01 1.00300449745256e+05 
1.20655606282725e-01 1.00288965477327e+05 
1.20848824184425e-01 1.00276721419448e+05 
1.21042075389479e-01 1.00263983615222e+05 
1.21235338410500e-01 1.00251186992277e+05 
1.21428546564915e-01 1.00237930501754e+05 
1.21621733078807e-01 1.00224733431954e+05 
1.21814912141209e-01 1.00211215656405e+05 
1.22008107447523e-01 1.00197085056619e+05 
1.22201361129484e-01 1.00182819716586e+05 
1.22394684310729e-01 1.00168651099785e+05 
1.22588000172633e-01 1.00154046025272e+05 
1.22781337687238e-01 1.00139665348676e+05 
1.22974704310749e-01 1.00125233852981e+05 
1.23168108482036e-01 1.00110434260544e+05 
1.23361573765832e-01 1.00095637854004e+05 
1.23555091697087e-01 1.00081184375118e+05 
1.23748578446453e-01 1.00066510494835e+05 
1.23942065278487e-01 1.00052499194138e+05 
1.24135566780239e-01 1.00038494141713e+05 
1.24329071881276e-01 1.00024139628670e+05 
1.24522605422232e-01 1.00010005576369e+05 
1.24716210421969e-01 9.99964619650540e+04 
1.24909793356361e-01 9.99830622946793e+04 
1.25103372093197e-01 9.99698987782903e+04 
1.25296979936400e-01 9.99570261793728e+04 
1.25490620709358e-01 9.99444631744251e+04 
1.25684289510662e-01 9.99322184481483e+04 
1.25878020876023e-01 9.99205993605479e+04 
1.26071778080805e-01 9.99093042926985e+04 
1.26265564811240e-01 9.98985822547592e+04 
1.26459406246293e-01 9.98883505725447e+04 
1.26653316745202e-01 9.98785806911454e+04 
1.26847293125845e-01 9.98692894072672e+04 
1.27041354218775e-01 9.98606376730498e+04 
1.27235462951991e-01 9.98524508958362e+04 
1.27429606966335e-01 9.98449456948518e+04 
1.27623792851064e-01 9.98382612564654e+04 
1.27818022759488e-01 9.98323790387316e+04 
1.28012294395171e-01 9.98271320520048e+04 
1.28206620755997e-01 9.98226390138005e+04 
1.28400978964906e-01 9.98188791060013e+04 
1.28595357311255e-01 9.98156688044047e+04 
1.28789763780083e-01 9.98133380961224e+04 
1.28984203506201e-01 9.98119220314366e+04 
1.29178676736361e-01 9.98112231111446e+04 
1.29373190402126e-01 9.98111867608534e+04 
1.29567720054928e-01 9.98115710985407e+04 
1.29762249958271e-01 9.98125627767972e+04 
1.29956785780587e-01 9.98144683490006e+04 
1.30151332591004e-01 9.98174543614986e+04 
1.30345894885221e-01 9.98211988416621e+04 
1.30540483875121e-01 9.98252913002171e+04 
1.30735082906681e-01 9.98302147603514e+04 
1.30929687043707e-01 9.98353965997386e+04 
1.31124314467107e-01 9.98413050745666e+04 
1.31318977379801e-01 9.98481029502990e+04 
1.31513679032501e-01 9.98553133255242e+04 
1.31708430425727e-01 9.98628624477775e+04 
1.31903209936908e-01 9.98712583865049e+04 
1.32098005965339e-01 9.98797822784310e+04 
1.32292827823174e-01 9.98888946464584e+04 
1.32487685506337e-01 9.98988621734193e+04 
1.32682584359603e-01 9.99090928990161e+04 
1.32877530417200e-01 9.99191560313114e+04 
1.33072500381434e-01 9.99300063935417e+04 
1.33267485642399e-01 9.99406205968191e+04 
1.33462495269506e-01 9.99515502324445e+04 
1.33657536343164e-01 9.99630508445709e+04 
1.33852612314362e-01 9.99745469330356e+04 
1.34047725719433e-01 9.99855977635168e+04 
1.34242852269456e-01 9.99972620084483e+04 
1.34437982236151e-01 1.00008483290323e+05 
1.34633129430430e-01 1.00019852351026e+05 
1.34828302083376e-01 1.00031625512945e+05 
1.35023505515550e-01 1.00043214692882e+05 
1.35218749322379e-01 1.00054293527655e+05 
1.35414014506519e-01 1.00065646439599e+05 
1.35609310131273e-01 1.00076403606788e+05 
1.35804648886142e-01 1.00087124574291e+05 
1.35999982452092e-01 1.00097978084932e+05 
1.36195337625696e-01 1.00108509354643e+05 
1.36390729598376e-01 1.00118379469066e+05 
1.36586137900341e-01 1.00128261726479e+05 
1.36781570847984e-01 1.00137412961560e+05 
1.36977041727510e-01 1.00146451658715e+05 
1.37172542268162e-01 1.00155376091693e+05 
1.37368097538112e-01 1.00163611836861e+05 
1.37563713377724e-01 1.00171039450190e+05 
1.37759348725360e-01 1.00178273014783e+05 
1.37955011533100e-01 1.00184518197436e+05 
1.38150704363757e-01 1.00190679221217e+05 
1.38346420386516e-01 1.00196749668116e+05 
1.38542185320829e-01 1.00202385298178e+05 
1.38738003099652e-01 1.00207234506151e+05 
1.38933788907825e-01 1.00211998258642e+05 
1.39129600988472e-01 1.00215942250464e+05 
1.39325446781457e-01 1.00219436527673e+05 
1.39521327025725e-01 1.00222471410172e+05 
1.39717239666576e-01 1.00225362360006e+05 
1.39913188254609e-01 1.00227531935883e+05 
1.40109134202361e-01 1.00229333204885e+05 
1.40305082387950e-01 1.00230467374993e+05 
1.40501033615968e-01 1.00231257066048e+05 
1.40696987244613e-01 1.00231620824880e+05 
1.40892951490521e-01 1.00231408545888e+05 
1.41088933276753e-01 1.00230631572335e+05 
1.41284915845989e-01 1.00229514159759e+05 
1.41480900304372e-01 1.00227741439714e+05 
1.41676890572077e-01 1.00225857206506e+05 
1.41872891562170e-01 1.00223695131900e+05 
1.42068911459153e-01 1.00221157765938e+05 
1.42264957061367e-01 1.00218241295665e+05 
1.42461012158444e-01 1.00215059637034e+05 
1.42657074630993e-01 1.00211545649191e+05 
1.42853147287822e-01 1.00207758326329e+05 
1.43049231742747e-01 1.00203575370146e+05 
1.43245333404893e-01 1.00198977583279e+05 
1.43441458365495e-01 1.00193951481541e+05 
1.43637591595424e-01 1.00188623480428e+05 
1.43833729395109e-01 1.00183063958667e+05 
1.44029871688876e-01 1.00177305867176e+05 
1.44226018106456e-01 1.00171202983321e+05 
1.44422175559932e-01 1.00164819173812e+05 
1.44618352227691e-01 1.00158246584747e+05 
1.44814536703417e-01 1.00151421623578e+05 
1.45010727596633e-01 1.00144467614049e+05 
1.45206925436580e-01 1.00137405346580e+05 
1.45403132498216e-01 1.00130159594875e+05 
1.45599358564246e-01 1.00122594072493e+05 
1.45795614536117e-01 1.00115065441143e+05 
1.45991889942430e-01 1.00107300410738e+05 
1.46188184619505e-01 1.00099490837689e+05 
1.46384496712449e-01 1.00091633027299e+05 
1.46580827926624e-01 1.00083534322160e+05 
1.46777186597063e-01 1.00075338107102e+05 
1.46973579209481e-01 1.00067111535784e+05 
1.47169994399132e-01 1.00058806690829e+05 
1.47366430981315e-01 1.00050533198206e+05 
1.47562884557826e-01 1.00042313025956e+05 
1.47759355453201e-01 1.00033969389933e+05 
1.47955853008540e-01 1.00025597551042e+05 
1.48152379737406e-01 1.00017351016481e+05 
1.48348922291900e-01 1.00009029606937e+05 
1.48545475958223e-01 1.00000850189680e+05 
1.48742031353954e-01 9.99927600786052e+04 
1.48938582405445e-01 9.99845998125749e+04 
1.49135137713554e-01 9.99765084207201e+04 
1.49331700552508e-01 9.99686419812569e+04 
1.49528262511536e-01 9.99607716414726e+04 
1.49724824701328e-01 9.99531091289595e+04 
1.49921382729979e-01 9.99456678994252e+04 
1.50117951122074e-01 9.99381759616736e+04 
1.50314532802071e-01 9.99309320192075e+04 
1.50511137052201e-01 9.99240081466912e+04 
1.50707759024818e-01 9.99171747557614e+04 
1.50904402291082e-01 9.99107271363271e+04 
1.51101062329295e-01 9.99044719968946e+04 
1.51297744909124e-01 9.98983484245027e+04 
1.51494465014821e-01 9.98921112481268e+04 
1.51691221158927e-01 9.98860446335450e+04 
1.51887999935959e-01 9.98800338342798e+04 
1.52084802409640e-01 9.98741684368383e+04 
1.52281622463290e-01 9.98684260813765e+04 
1.52478468012971e-01 9.98630315285508e+04 
1.52675356115796e-01 9.98577040224328e+04 
1.52872287189538e-01 9.98526074240500e+04 
1.53069247449438e-01 9.98477022577729e+04 
1.53266238316155e-01 9.98430059659346e+04 
1.53463253652735e-01 9.98385023603993e+04 
1.53660300855849e-01 9.98344569837904e+04 
1.53857393858836e-01 9.98305722026192e+04 
1.54054530777356e-01 9.98268424287239e+04 
1.54251695880549e-01 9.98233778927939e+04 
1.54448887344116e-01 9.98199797133301e+04 
1.54646093823887e-01 9.98167757809427e+04 
1.54843314893071e-01 9.98139056610696e+04 
1.55040558538735e-01 9.98111547023992e+04 
1.55237820202310e-01 9.98084820146227e+04 
1.55435084747459e-01 9.98061283861213e+04 
1.55632352313754e-01 9.98037515411380e+04 
1.55829614366130e-01 9.98015673035553e+04 
1.56026875158763e-01 9.97997335062196e+04 
1.56224146505946e-01 9.97979779030141e+04 
1.56421430646913e-01 9.97961994115158e+04 
1.56618719608196e-01 9.97947901489838e+04 
1.56816015290525e-01 9.97933014764797e+04 
1.57013314502429e-01 9.97919518404797e+04 
1.57210621918416e-01 9.97909084365282e+04 
1.57407954817961e-01 9.97898692409160e+04 
1.57605317402224e-01 9.97887096191672e+04 
1.57802700982155e-01 9.97878636523739e+04 
1.58000105921470e-01 9.97868442197176e+04 
1.58197525999271e-01 9.97859305107172e+04 
1.58394966010009e-01 9.97852793370293e+04 
1.58592444649996e-01 9.97846053652037e+04 
1.58789963766965e-01 9.97838172659741e+04 
1.58987508363367e-01 9.97832793234184e+04 
1.59185077011009e-01 9.97825609105558e+04 
1.59382659307378e-01 9.97819326631081e+04 
1.59580258605057e-01 9.97816387622209e+04 
1.59777885648939e-01 9.97811530123420e+04 
1.59975540991426e-01 9.97805930797935e+04 
1.60173218769027e-01 9.97802907289028e+04 
1.60370920817142e-01 9.97797662576439e+04 
1.60568646588502e-01 9.97794072950170e+04 
1.60766402030669e-01 9.97792048170761e+04 
1.60964203425508e-01 9.97788687200877e+04 
1.61162044106175e-01 9.97785468321665e+04 
1.61359909845081e-01 9.97783694072428e+04 
1.61557798763717e-01 9.97780015651551e+04 
1.61755702326483e-01 9.97779085362198e+04 
1.61953632709227e-01 9.97778976857818e+04 
1.62151606783183e-01 9.97777991463109e+04 
1.62349618054500e-01 9.97776296046082e+04 
1.62547649661968e-01 9.97776079204621e+04 
1.62745703487212e-01 9.97775573520871e+04 
1.62943769872038e-01 9.97776083694809e+04 
1.63141861672249e-01 9.97778793691934e+04 
1.63339993797426e-01 9.97783761297728e+04 
1.63538157316095e-01 9.97787345052443e+04 
1.63736332782310e-01 9.97794220773444e+04 
1.63934524724253e-01 9.97800249610817e+04 
1.64132722865076e-01 9.97807603529305e+04 
1.64330941284207e-01 9.97816814348278e+04 
1.64529197910120e-01 9.97825840258403e+04 
1.64727487241602e-01 9.97835911328652e+04 
1.64925787673262e-01 9.97847850913042e+04 
1.65124104325432e-01 9.97860107367949e+04 
1.65322424163982e-01 9.97874028358840e+04 
1.65520759400321e-01 9.97890285983275e+04 
1.65719126679604e-01 9.97907155957655e+04 
1.65917520319362e-01 9.97924011655921e+04 
1.66115923844810e-01 9.97943009687704e+04 
1.66314342064751e-01 9.97961940783726e+04 
1.66512771177582e-01 9.97982568516912e+04 
1.66711231625173e-01 9.98005904312776e+04 
1.66909737964938e-01 9.98030237818139e+04 
1.67108291829204e-01 9.98054798229441e+04 
1.67306875008229e-01 9.98082038312750e+04 
1.67505489339906e-01 9.98109275357093e+04 
1.67704133025365e-01 9.98138349167799e+04 
1.67902821143229e-01 9.98170267524751e+04 
1.68101564373226e-01 9.98203334373714e+04 
1.68300365166671e-01 9.98237066256692e+04 
1.68499202801951e-01 9.98273730728957e+04 
1.68698077388554e-01 9.98310750550137e+04 
1.68896992076997e-01 9.98349615370223e+04 
1.69095963019963e-01 9.98391635192865e+04 
1.69294996791079e-01 9.98434618203438e+04 
1.69494095140713e-01 9.98476611787337e+04 
1.69693227138844e-01 9.98521557831166e+04 
1.69892396112433e-01 9.98565438269998e+04 
1.70091599629961e-01 9.98610397766536e+04 
1.70290851128322e-01 9.98658529442199e+04 
1.70490150659279e-01 9.98708497896991e+04 
1.70689495888345e-01 9.98755046485656e+04 
1.70888855263288e-01 9.98804061654974e+04 
1.71088239614500e-01 9.98849871825872e+04 
1.71287644777490e-01 9.98896409430323e+04 
1.71487090900059e-01 9.98945143514416e+04 
1.71686580462850e-01 9.98993513573333e+04 
1.71886111893669e-01 9.99038977036096e+04 
1.72085653566386e-01 9.99086566726505e+04 
1.72285220219490e-01 9.99130889930574e+04 
1.72484804902858e-01 9.99174766453627e+04 
1.72684431136788e-01 9.99220274806353e+04 
1.72884098911260e-01 9.99264544889400e+04 
1.73083803294935e-01 9.99304239880988e+04 
1.73283512164813e-01 9.99346727072178e+04 
1.73483240845403e-01 9.99386177303052e+04 
1.73682978991409e-01 9.99425567034673e+04 
1.73882751982452e-01 9.99465461687912e+04 
1.74082559736074e-01 9.99503930184291e+04 
1.74282395476332e-01 9.99539402895412e+04 
1.74482227820505e-01 9.99572949875496e+04 
1.74682072909629e-01 9.99601476067267e+04 
1.74881919511222e-01 9.99626500343602e+04 
1.75081794308198e-01 9.99648893875729e+04 
1.75281699080635e-01 9.99668538706735e+04 
1.75481629688097e-01 9.99683428382705e+04 
1.75681556067519e-01 9.99695065609398e+04 
1.75881495488279e-01 9.99702557461150e+04 
1.76081440609870e-01 9.99706931624782e+04 
1.76281420993052e-01 9.99706421664502e+04 
1.76481443100454e-01 9.99703908197497e+04 
1.76681504449828e-01 9.99698131366175e+04 
1.76881571589231e-01 9.99686898422639e+04 
1.77081661389538e-01 9.99673840106911e+04 
1.77281767047816e-01 9.99656779777292e+04 
1.77481919840126e-01 9.99633716958740e+04 
1.77682124514467e-01 9.99607943564420e+04 
1.77882374803723e-01 9.99580807490400e+04 
1.78082631638182e-01 9.99548174316566e+04 
1.78282915998197e-01 9.99514595827089e+04 
1.78483220989194e-01 9.99477490708392e+04 
1.78683580618576e-01 9.99434338018828e+04 
1.78883994948076e-01 9.99389214311294e+04 
1.79084447591575e-01 9.99343894214426e+04 
1.79284891435965e-01 9.99292625494081e+04 
1.79485347087414e-01 9.99242518538622e+04 
1.79685800422154e-01 9.99189794035254e+04 
1.79886287840351e-01 9.99130249601865e+04 
1.80086819246580e-01 9.99069806004950e+04 
1.80287385117673e-01 9.99010544413599e+04 
1.80487941809825e-01 9.98945390124724e+04 
1.80688513344874e-01 9.98882809910262e+04 
1.80889090185605e-01 9.98817968537548e+04 
1.81089716096027e-01 9.98746558172945e+04 
1.81290409329436e-01 9.98675052141042e+04 
1.81491161156322e-01 9.98606486708259e+04 
1.81691922071528e-01 9.98532070336234e+04 
1.81892715523675e-01 9.98461930985959e+04 
1.82093529237250e-01 9.98390041124298e+04 
1.82294409111994e-01 9.98312164397486e+04 
1.82495371157074e-01 9.98235509768653e+04 
1.82696396344638e-01 9.98162501310713e+04 
1.82897431198188e-01 9.98084870206446e+04 
1.83098500902802e-01 9.98012288922561e+04 
1.83299586308453e-01 9.97939096094154e+04 
1.83500738504806e-01 9.97861290618172e+04 
1.83701971133596e-01 9.97785306351064e+04 
1.83903259418075e-01 9.97713351085182e+04 
1.84104549517643e-01 9.97637730300288e+04 
1.84305869238506e-01 9.97567571327258e+04 
1.84507190832311e-01 9.97497569205984e+04 
1.84708565962170e-01 9.97423531527582e+04 
1.84910007551541e-01 9.97352011124467e+04 
1.85111487363747e-01 9.97284675135622e+04 
1.85312959472157e-01 9.97214048930984e+04 
1.85514458243232e-01 9.97148689988913e+04 
1.85715955440064e-01 9.97084109095816e+04 
1.85917507210380e-01 9.97017126319098e+04 
1.86119127819813e-01 9.96952344000357e+04 
1.86320788264699e-01 9.96889955717489e+04 
1.86522441298784e-01 9.96826378877768e+04 
1.86724126510132e-01 9.96766748084317e+04 
1.86925816326364e-01 9.96708298526833e+04 
1.87127572057922e-01 9.96645353068586e+04 
1.87329407398909e-01 9.96584702454412e+04 
1.87531289017096e-01 9.96527658921129e+04 
1.87733163702245e-01 9.96467055252896e+04 
1.87935071072189e-01 9.96412323545287e+04 
1.88136977847412e-01 9.96358017564180e+04 
1.88338943907099e-01 9.96299819489752e+04 
1.88540981598483e-01 9.96244433780839e+04 
1.88743055020852e-01 9.96192715420296e+04 
1.88945109408711e-01 9.96137486726844e+04 
1.89147191777383e-01 9.96088470256580e+04 
1.89349271468532e-01 9.96039926918493e+04 
1.89551411456767e-01 9.95987109350409e+04 
1.89753631937821e-01 9.95937016223214e+04 
1.89955895773744e-01 9.95890338622797e+04 
1.90158147406449e-01 9.95839916927580e+04 
1.90360440274338e-01 9.95796258162993e+04 
1.90562738608434e-01 9.95752911761761e+04 
1.90765103963874e-01 9.95704655158506e+04 
1.90967556094574e-01 9.95660902844395e+04 
1.91170050935282e-01 9.95618520351061e+04 
1.91372537634576e-01 9.95573484334122e+04 
1.91575061988110e-01 9.95533064256724e+04 
1.91777590657256e-01 9.95493676269048e+04 
1.91980182039010e-01 9.95451461350472e+04 
1.92182856560234e-01 9.95411338765920e+04 
1.92385570157172e-01 9.95372856708462e+04 
1.92588279269363e-01 9.95332788944808e+04 
1.92791019713707e-01 9.95297131044248e+04 
1.92993765153543e-01 9.95262865256413e+04 
1.93196574644333e-01 9.95225963471388e+04 
1.93399470650011e-01 9.95191364776789e+04 
1.93602405153783e-01 9.95158247064695e+04 
1.93805338665983e-01 9.95124022648894e+04 
1.94008303771570e-01 9.95094290485656e+04 
1.94211279267240e-01 9.95066475634530e+04 
1.94414325204973e-01 9.95036754789450e+04 
1.94617470346149e-01 9.95009776897175e+04 
1.94820649459438e-01 9.94984355267009e+04 
1.95023841805063e-01 9.94958574705900e+04 
1.95227079094252e-01 9.94937112089488e+04 
1.95430343646664e-01 9.94917906729011e+04 
1.95633635962058e-01 9.94897702839275e+04 
1.95836979577458e-01 9.94880336265461e+04 
1.96040353405150e-01 9.94864278631391e+04 
1.96243741403058e-01 9.94848862952693e+04 
1.96447177260541e-01 9.94837551385772e+04 
1.96650647459380e-01 9.94828810535758e+04 
1.96854137184583e-01 9.94819398011185e+04 
1.97057679615038e-01 9.94812300387190e+04 
1.97261256691576e-01 9.94805392648611e+04 
1.97464845199412e-01 9.94799105466538e+04 
1.97668483691717e-01 9.94795460741960e+04 
1.97872166256699e-01 9.94794698007822e+04 
1.98075882280958e-01 9.94792834363137e+04 
1.98279657640918e-01 9.94793445774983e+04 
1.98483480001360e-01 9.94792669650422e+04 
1.98687320356320e-01 9.94792798202694e+04 
1.98891169996253e-01 9.94795566117727e+04 
1.99095054500979e-01 9.94800215286884e+04 
1.99299014553552e-01 9.94804764152314e+04 
1.99503001007401e-01 9.94811328122032e+04 
1.99707034255289e-01 9.94817419382917e+04 
1.99911062404500e-01 9.94824847734069e+04 
2.00115103437136e-01 9.94834514587793e+04 
