# Liste des scalaires : TEMPS pmat 
0.00000000000000e+00 1.00000000000000e+05 
7.22956891292051e-05 1.00000000000000e+05 
1.26266617817631e-04 1.00000000000000e+05 
1.81429320038813e-04 1.00000000000000e+05 
2.37713037242229e-04 1.00000000000000e+05 
2.94189307628276e-04 1.00000000000000e+05 
3.51912867508244e-04 1.00000000000000e+05 
4.09265450489841e-04 1.00000000000000e+05 
4.66240076584601e-04 1.00000000000000e+05 
5.24742212145030e-04 1.00000000000000e+05 
5.85458679955655e-04 1.00000000000000e+05 
6.47630289507329e-04 1.00000000000000e+05 
7.08756824963065e-04 1.00000000000000e+05 
7.72015662546540e-04 1.00000000000000e+05 
8.36770036095860e-04 1.00000000000000e+05 
9.03725858178040e-04 1.00000000000000e+05 
9.70090126911814e-04 1.00000000000000e+05 
1.03796286205359e-03 1.00000000000000e+05 
1.10740835125133e-03 1.00000000000000e+05 
1.17912981030594e-03 1.00000000000000e+05 
1.25285306795988e-03 1.00000000000000e+05 
1.32579852276260e-03 1.00000000000000e+05 
1.40015625011387e-03 1.00000000000000e+05 
1.47615207100737e-03 1.00000000000000e+05 
1.55520662104749e-03 1.00000000000000e+05 
1.63617281585054e-03 1.00000000000000e+05 
1.71969581874824e-03 1.00000000000000e+05 
1.80201726839938e-03 1.00000000000000e+05 
1.88614530817734e-03 1.00000000000000e+05 
1.97191266631270e-03 1.00000000000000e+05 
2.06057719246844e-03 1.00000000000000e+05 
2.15186176407907e-03 1.00000000000000e+05 
2.24453405935202e-03 1.00000000000000e+05 
2.33863432192784e-03 1.00000000000000e+05 
2.43406043718923e-03 1.00000000000000e+05 
2.53158685708400e-03 1.00000000000000e+05 
2.63125516707528e-03 1.00000000000000e+05 
2.72968862636433e-03 1.00000000000000e+05 
2.82879568558270e-03 1.00000000000000e+05 
2.92977576060504e-03 1.00000000000000e+05 
3.03258277719681e-03 1.00000000000000e+05 
3.13714141845268e-03 1.00000000000000e+05 
3.24348525141847e-03 1.00000000000000e+05 
3.35163068711651e-03 1.00000000000000e+05 
3.46017621251301e-03 1.00000000000000e+05 
3.57020319444362e-03 1.00000000000000e+05 
3.68141304410929e-03 1.00000000000000e+05 
3.79305405301645e-03 1.00000000000000e+05 
3.90544681950437e-03 1.00000000000000e+05 
4.01865776186422e-03 1.00000000000000e+05 
4.13244490697434e-03 1.00000000000000e+05 
4.24664812996911e-03 1.00000000000000e+05 
4.36141132503712e-03 1.00000000000000e+05 
4.47695397238531e-03 1.00000000000000e+05 
4.59322994013445e-03 1.00000000000000e+05 
4.71028808586614e-03 1.00000000000000e+05 
4.82703417837483e-03 1.00000000000000e+05 
4.94403238419858e-03 1.00000000000000e+05 
5.06126219679580e-03 1.00000000000000e+05 
5.17853862107415e-03 1.00000000000000e+05 
5.29547745715837e-03 1.00000000000000e+05 
5.41228443322636e-03 1.00000000000000e+05 
5.52914178059208e-03 1.00000000000000e+05 
5.64613816806000e-03 1.00000000000000e+05 
5.76332671345228e-03 1.00000000000000e+05 
5.88071834272358e-03 1.00000000000000e+05 
5.99861880363157e-03 1.00000000000000e+05 
6.11696751434446e-03 1.00000000000000e+05 
6.23542891922112e-03 1.00000000000000e+05 
6.35391003795790e-03 1.00000000000000e+05 
6.47273011283058e-03 1.00000000000000e+05 
6.59223371332845e-03 1.00000000000000e+05 
6.71282209217854e-03 1.00000000000000e+05 
6.83387639743375e-03 1.00000000000000e+05 
6.95455173928544e-03 1.00000000000000e+05 
7.07365671289127e-03 1.00000000000000e+05 
7.19301298056611e-03 1.00000000000000e+05 
7.31262634985029e-03 1.00000000000000e+05 
7.43260514387974e-03 1.00000000000000e+05 
7.55324284623829e-03 1.00000000000000e+05 
7.67464966649982e-03 1.00000000000000e+05 
7.79676801981465e-03 1.00000000000000e+05 
7.91966416149074e-03 1.00000000000000e+05 
8.04306055842011e-03 1.00000000000000e+05 
8.16728873053361e-03 1.00000000000000e+05 
8.29218365567179e-03 1.00000000000000e+05 
8.41683097704692e-03 1.00000000000000e+05 
8.53799636532169e-03 1.00000000000000e+05 
8.66157606637780e-03 1.00000000000000e+05 
8.78445615592960e-03 1.00000000000000e+05 
8.90631677631245e-03 1.00000000000000e+05 
9.02884428614495e-03 1.00000000000000e+05 
9.15078736134933e-03 1.00000000000000e+05 
9.27371394760759e-03 1.00000000000000e+05 
9.39739771438045e-03 1.00000000000000e+05 
9.52190688901223e-03 1.00000000000000e+05 
9.64766149434019e-03 1.00000000000000e+05 
9.77403513992059e-03 1.00000000000000e+05 
9.90102722426246e-03 1.00000000000000e+05 
1.00287428741005e-02 1.00000000000000e+05 
1.01570532852754e-02 1.00000000000000e+05 
1.02859235592710e-02 1.00000000000000e+05 
1.04144964736349e-02 1.00000000000000e+05 
1.05435865547033e-02 1.00000000000000e+05 
1.06725457544696e-02 1.00000000000000e+05 
1.08013400733131e-02 1.00000000000000e+05 
1.09306211607669e-02 1.00000000000000e+05 
1.10601539926285e-02 1.00000000000000e+05 
1.11893119132821e-02 1.00000000000000e+05 
1.13186194632951e-02 1.00000000000000e+05 
1.14476575041230e-02 1.00000000000000e+05 
1.15770816539242e-02 1.00000000000000e+05 
1.17069585536117e-02 1.00000000000000e+05 
1.18374181081883e-02 1.00000000000000e+05 
1.19682865270675e-02 1.00000000000000e+05 
1.20995090227003e-02 1.00000000000000e+05 
1.22310327922310e-02 1.00000000000000e+05 
1.23629279646991e-02 1.00000000000000e+05 
1.24952028996503e-02 1.00000000000000e+05 
1.26278191891060e-02 1.00000000000000e+05 
1.27607220766651e-02 1.00000000000000e+05 
1.28938715218616e-02 1.00000000000000e+05 
1.30271794392023e-02 1.00000000000000e+05 
1.31606800775432e-02 1.00000000000000e+05 
1.32943556680884e-02 1.00000000000000e+05 
1.34281788689671e-02 1.00000000000000e+05 
1.35621340559107e-02 1.00000000000000e+05 
1.36962136401175e-02 1.00000000000000e+05 
1.38303793925322e-02 1.00000000000000e+05 
1.39646655703874e-02 1.00000000000000e+05 
1.40990899817582e-02 1.00000000000000e+05 
1.42336213390369e-02 1.00000000000000e+05 
1.43682572327321e-02 1.00000000000000e+05 
1.45030094962736e-02 1.00000000000000e+05 
1.46378667461028e-02 1.00000000000000e+05 
1.47728328735585e-02 1.00000000000000e+05 
1.49079531289588e-02 1.00000000000000e+05 
1.50431936407783e-02 1.00000000000000e+05 
1.51785295275252e-02 1.00000000000000e+05 
1.53139637146727e-02 1.00000000000000e+05 
1.54494943749979e-02 1.00000000000000e+05 
1.55850897795074e-02 1.00000000000000e+05 
1.57207556999131e-02 1.00000000000000e+05 
1.58564899141295e-02 1.00000000000000e+05 
1.59924604450393e-02 1.00000000000000e+05 
1.61285068099359e-02 1.00000000000000e+05 
1.62645972785051e-02 1.00000000000000e+05 
1.64007592930655e-02 1.00000000000000e+05 
1.65369684712463e-02 1.00000000000000e+05 
1.66732418299559e-02 1.00000000000000e+05 
1.68095973893820e-02 1.00000000000000e+05 
1.69460142691607e-02 1.00000000000000e+05 
1.70824465013406e-02 1.00000000000000e+05 
1.72189508212433e-02 1.00000000000000e+05 
1.73544706827225e-02 1.00000000000000e+05 
1.74909510650976e-02 1.00000000000000e+05 
1.76274851330022e-02 1.00000000000000e+05 
1.77640381946534e-02 1.00000000000000e+05 
1.78992790569699e-02 1.00000000000000e+05 
1.80358110335747e-02 1.00000000000000e+05 
1.81711390788323e-02 1.00000000000000e+05 
1.83075883913223e-02 1.00000000000000e+05 
1.84439408115866e-02 1.00000000000000e+05 
1.85801548567008e-02 1.00000000000000e+05 
1.87161380999329e-02 1.00000000000000e+05 
1.88519218445828e-02 1.00000000000000e+05 
1.89875054115016e-02 1.00000000000000e+05 
1.91229369907157e-02 1.00000000000000e+05 
1.92582628713769e-02 1.00000000000000e+05 
1.93935064278831e-02 1.00000000000000e+05 
1.95285109545493e-02 1.00000000000000e+05 
1.96633510777728e-02 1.00000000000000e+05 
1.97979114691049e-02 1.00000000000000e+05 
1.99332474014786e-02 1.00000000000000e+05 
2.00690051349415e-02 1.00000000000000e+05 
2.02044348087743e-02 1.00000000000000e+05 
2.03401958068803e-02 1.00000000000000e+05 
2.04757791642180e-02 1.00000000000000e+05 
2.06112925486756e-02 1.00000000000000e+05 
2.07460817315291e-02 1.00000000000000e+05 
2.08814220631258e-02 1.00000000000000e+05 
2.10162805079788e-02 1.00000000000000e+05 
2.11516111658234e-02 1.00000000000000e+05 
2.12865776473867e-02 1.00000000000000e+05 
2.14214614482225e-02 1.00000000000000e+05 
2.15554535839460e-02 1.00000000000000e+05 
2.16886017733876e-02 1.00000000000000e+05 
2.18224360242382e-02 1.00000000000000e+05 
2.19563364516188e-02 1.00000000000000e+05 
2.20913642132551e-02 1.00000000000000e+05 
2.22252948635497e-02 1.00000000000000e+05 
2.23591395396235e-02 1.00000000000000e+05 
2.24940953017419e-02 1.00000000000000e+05 
2.26279250767576e-02 1.00000000000000e+05 
2.27618779576438e-02 1.00000000000000e+05 
2.28953925136504e-02 1.00000000000000e+05 
2.30282663312222e-02 1.00000000000000e+05 
2.31623923234954e-02 1.00000000000000e+05 
2.32979000096806e-02 1.00000000000000e+05 
2.34336462351016e-02 1.00000000000000e+05 
2.35673942302988e-02 1.00000000000000e+05 
2.37022204836124e-02 1.00000000000000e+05 
2.38363464415599e-02 1.00000000000000e+05 
2.39715838685699e-02 1.00000000000000e+05 
2.41088069256041e-02 1.00000000000000e+05 
2.42448644945904e-02 1.00000000000000e+05 
2.43786496355501e-02 1.00000000000000e+05 
2.45133179913512e-02 1.00000000000000e+05 
2.46469103010564e-02 1.00000000000000e+05 
2.47814615397794e-02 1.00000000000000e+05 
2.49161940359986e-02 1.00000000000000e+05 
2.50518037263577e-02 1.00000000000000e+05 
2.51852366807535e-02 1.00000000000000e+05 
2.53196948368896e-02 1.00000000000000e+05 
2.54531183222288e-02 1.00000000000000e+05 
2.55875633335664e-02 1.00000000000000e+05 
2.57231907811680e-02 1.00000000000000e+05 
2.58587969639383e-02 1.00000000000000e+05 
2.59921401897859e-02 1.00000000000000e+05 
2.61264797878189e-02 1.00000000000000e+05 
2.62597401189295e-02 1.00000000000000e+05 
2.63940868623581e-02 1.00000000000000e+05 
2.65284420449017e-02 1.00000000000000e+05 
2.66638108526759e-02 1.00000000000000e+05 
2.67969268419262e-02 1.00000000000000e+05 
2.69310422578323e-02 1.00000000000000e+05 
2.70640777707241e-02 1.00000000000000e+05 
2.71982235350818e-02 1.00000000000000e+05 
2.73324662878441e-02 1.00000000000000e+05 
2.74677199177596e-02 1.00000000000000e+05 
2.76007024533146e-02 1.00000000000000e+05 
2.77347712600928e-02 1.00000000000000e+05 
2.78677560952198e-02 1.00000000000000e+05 
2.80008472194648e-02 1.00000000000000e+05 
2.81351095368756e-02 1.00000000000000e+05 
2.82681642360040e-02 1.00000000000000e+05 
2.84012128126852e-02 1.00000000000000e+05 
2.85354328942516e-02 1.00000000000000e+05 
2.86684589429589e-02 1.00000000000000e+05 
2.88014202562761e-02 1.00000000000000e+05 
2.89355719025478e-02 1.00000000000000e+05 
2.90685103548799e-02 1.00000000000000e+05 
2.92014340048259e-02 1.00000000000000e+05 
2.93355341388261e-02 1.00000000000000e+05 
2.94684307790173e-02 1.00000000000000e+05 
2.96012754289536e-02 1.00000000000000e+05 
2.97353414117347e-02 1.00000000000000e+05 
2.98682013067299e-02 1.00000000000000e+05 
3.00010912671602e-02 1.00000000000000e+05 
3.01352134766688e-02 1.00000000000000e+05 
3.02681452702877e-02 1.00000000000000e+05 
3.04010765989209e-02 1.00000000000000e+05 
3.05353001894189e-02 1.00000000000000e+05 
3.06683141404454e-02 1.00000000000000e+05 
3.08014099643460e-02 1.00000000000000e+05 
3.09358559616761e-02 1.00000000000000e+05 
3.10690846147689e-02 1.00000000000000e+05 
3.12023457068441e-02 1.00000000000000e+05 
3.13370635077181e-02 1.00000000000000e+05 
3.14705388649097e-02 1.00000000000000e+05 
3.16041799850445e-02 1.00000000000000e+05 
3.17391356040829e-02 1.00000000000000e+05 
3.18731294132597e-02 1.00000000000000e+05 
3.20072980377790e-02 1.00000000000000e+05 
3.21442862969289e-02 1.00000000000000e+05 
3.22788522959372e-02 1.00000000000000e+05 
3.24136283509050e-02 1.00000000000000e+05 
3.25501667924704e-02 1.00000000000000e+05 
3.26837905965682e-02 1.00000000000000e+05 
3.28196053929454e-02 1.00000000000000e+05 
3.29570278937336e-02 1.00000000000000e+05 
3.30930032439511e-02 1.00000000000000e+05 
3.32266947500259e-02 1.00000000000000e+05 
3.33615799037469e-02 1.00000000000000e+05 
3.34952878889734e-02 1.00000000000000e+05 
3.36318595934987e-02 1.00000000000000e+05 
3.37702409000583e-02 1.00000000000000e+05 
3.39071898838611e-02 1.00000000000000e+05 
3.40408068799897e-02 1.00000000000000e+05 
3.41755449054184e-02 1.00000000000000e+05 
3.43091169338985e-02 1.00000000000000e+05 
3.44481761385108e-02 1.00000000000000e+05 
3.45869350712417e-02 1.00000000000000e+05 
3.47266203391346e-02 1.00000000000000e+05 
3.48601848990304e-02 1.00000000000000e+05 
3.50011489170378e-02 1.00000000000000e+05 
3.51348060742192e-02 1.00000000000000e+05 
3.52698812283300e-02 1.00000000000000e+05 
3.54076645969835e-02 1.00000000000000e+05 
3.55450159011182e-02 1.00000000000000e+05 
3.56791456472569e-02 1.00000000000000e+05 
3.58183110124651e-02 1.00000000000000e+05 
3.59524094009930e-02 1.00000000000000e+05 
3.60880987146344e-02 1.00000000000000e+05 
3.62258217000163e-02 1.00000000000000e+05 
3.63635024476642e-02 1.00000000000000e+05 
3.64979345541810e-02 1.00000000000000e+05 
3.66339967507391e-02 1.00000000000000e+05 
3.67685389584972e-02 1.00000000000000e+05 
3.69053524867354e-02 1.00000000000000e+05 
3.70439103000721e-02 1.00000000000000e+05 
3.71820174821995e-02 1.00000000000000e+05 
3.73169337428288e-02 1.00000000000000e+05 
3.74533991678263e-02 1.00000000000000e+05 
3.75884164945934e-02 1.00000000000000e+05 
3.77253009124556e-02 1.00000000000000e+05 
3.78638783696064e-02 1.00000000000000e+05 
3.80023966445683e-02 1.00000000000000e+05 
3.81379716485633e-02 1.00000000000000e+05 
3.82760011435425e-02 1.00000000000000e+05 
3.84117680399525e-02 1.00000000000000e+05 
3.85515422901007e-02 1.00000000000000e+05 
3.86910619277971e-02 1.00000000000000e+05 
3.88314323877917e-02 1.00000000000000e+05 
3.89679853513741e-02 1.00000000000000e+05 
3.91099014628298e-02 1.00000000000000e+05 
3.92456975346814e-02 1.00000000000000e+05 
3.93824827376898e-02 1.00000000000000e+05 
3.95220656918188e-02 1.00000000000000e+05 
3.96611931134056e-02 1.00000000000000e+05 
3.97969338908353e-02 1.00000000000000e+05 
3.99337236554257e-02 1.00000000000000e+05 
4.00694313558773e-02 1.00000000000000e+05 
4.02062468407969e-02 1.00000000000000e+05 
4.03440777593143e-02 1.00000000000000e+05 
4.04823409313267e-02 1.00000000000000e+05 
4.06179349723888e-02 1.00000000000000e+05 
4.07574021068054e-02 1.00000000000000e+05 
4.08927703742875e-02 1.00000000000000e+05 
4.10299732412899e-02 1.00000000000000e+05 
4.11686872575606e-02 1.00000000000000e+05 
4.13071248855241e-02 1.00000000000000e+05 
4.14431325446564e-02 1.00000000000000e+05 
4.15853856525313e-02 1.00000000000000e+05 
4.17210188514534e-02 1.00000000000000e+05 
4.18622388642709e-02 1.00000000000000e+05 
4.20017084058485e-02 1.00000000000000e+05 
4.21470465071647e-02 1.00000000000000e+05 
4.22838814360938e-02 1.00000000000000e+05 
4.24257225899894e-02 1.00000000000000e+05 
4.25631900710361e-02 1.00000000000000e+05 
4.27062008099809e-02 1.00000000000000e+05 
4.28474885384491e-02 1.00000000000000e+05 
4.29927225668134e-02 1.00000000000000e+05 
4.31307512269906e-02 1.00000000000000e+05 
4.32747880281176e-02 1.00000000000000e+05 
4.34134705847181e-02 1.00000000000000e+05 
4.35570372509010e-02 1.00000000000000e+05 
4.37007916346961e-02 1.00000000000000e+05 
4.38466906712357e-02 1.00000000000000e+05 
4.39869357798519e-02 1.00000000000000e+05 
4.41333171078135e-02 1.00000000000000e+05 
4.42749460037279e-02 1.00000000000000e+05 
4.44186374598875e-02 1.00000000000000e+05 
4.45634070375372e-02 1.00000000000000e+05 
4.47087580507634e-02 1.00000000000000e+05 
4.48512540720345e-02 1.00000000000000e+05 
4.49980889881557e-02 1.00000000000000e+05 
4.51399145208353e-02 1.00000000000000e+05 
4.52871005992815e-02 1.00000000000000e+05 
4.54326489769105e-02 1.00000000000000e+05 
4.55846551182395e-02 1.00000000000000e+05 
4.57276335581278e-02 1.00000000000000e+05 
4.58767389664511e-02 1.00000000000000e+05 
4.60211733277976e-02 1.00000000000000e+05 
4.61720407613972e-02 1.00000000000000e+05 
4.63216071194502e-02 1.00000000000000e+05 
4.64786487597640e-02 1.00000000000000e+05 
4.66245014730917e-02 1.00000000000000e+05 
4.67782696738046e-02 1.00000000000000e+05 
4.69254237418437e-02 1.00000000000000e+05 
4.70771945196818e-02 1.00000000000000e+05 
4.72304768783553e-02 1.00000000000000e+05 
4.73893705038023e-02 1.00000000000000e+05 
4.75389010994952e-02 1.00000000000000e+05 
4.76945235317553e-02 1.00000000000000e+05 
4.78451632354568e-02 1.00000000000000e+05 
4.80019205171957e-02 1.00000000000000e+05 
4.81564327631670e-02 1.00000000000000e+05 
4.83170717982319e-02 1.00000000000000e+05 
4.84675239278669e-02 1.00000000000000e+05 
4.86244643027685e-02 1.00000000000000e+05 
4.87754783937276e-02 1.00000000000000e+05 
4.89321783533895e-02 1.00000000000000e+05 
4.90872169770038e-02 1.00000000000000e+05 
4.92487744715190e-02 1.00000000000000e+05 
4.94002756018794e-02 1.00000000000000e+05 
4.95585645689543e-02 1.00000000000000e+05 
4.97102220326399e-02 1.00000000000000e+05 
4.98686248293376e-02 1.00000000000000e+05 
5.00258055160030e-02 1.00000000000000e+05 
5.01911816100853e-02 1.00000000000000e+05 
5.03445371653728e-02 1.00000000000000e+05 
5.05061836779033e-02 1.00000000000000e+05 
5.06612123954977e-02 1.00000000000000e+05 
5.08251982218043e-02 1.00000000000000e+05 
5.09881412776289e-02 1.00000000000000e+05 
5.11608712580791e-02 1.00000000000000e+05 
5.13183532694321e-02 1.00000000000000e+05 
5.14880954640508e-02 1.00000000000000e+05 
5.16483945484425e-02 1.00000000000000e+05 
5.18232038065623e-02 1.00000000000000e+05 
5.19912849676701e-02 1.00000000000000e+05 
5.21662280893655e-02 1.00000000000000e+05 
5.23324512272012e-02 1.00000000000000e+05 
5.25057873260413e-02 1.00000000000000e+05 
5.26765195218960e-02 1.00000000000000e+05 
5.28550776835179e-02 1.00000000000000e+05 
5.30283014190234e-02 1.00000000000000e+05 
5.32032782451625e-02 1.00000000000000e+05 
5.33764993538162e-02 1.00000000000000e+05 
5.35507813993168e-02 1.00000000000000e+05 
5.37268877147841e-02 1.00000000000000e+05 
5.39059353725351e-02 1.00000000000000e+05 
5.40823745204529e-02 1.00000000000000e+05 
5.42610971858270e-02 1.00000000000000e+05 
5.44414391673618e-02 1.00000000000000e+05 
5.46192729149880e-02 1.00000000000000e+05 
5.47995043964855e-02 1.00000000000000e+05 
5.49796953558750e-02 1.00000000000000e+05 
5.51596180054263e-02 1.00000000000000e+05 
5.53397764241044e-02 1.00000000000000e+05 
5.55199073925064e-02 1.00000000000000e+05 
5.57000348165803e-02 1.00000000000000e+05 
5.58801567469143e-02 1.00000000000000e+05 
5.60602431137119e-02 1.00000000000000e+05 
5.62404112324607e-02 1.00000000000000e+05 
5.64205468819475e-02 1.00000000000000e+05 
5.66007436343625e-02 1.00000000000000e+05 
5.67810226935176e-02 1.00000000000000e+05 
5.69613813357632e-02 1.00000000000000e+05 
5.71417853143178e-02 1.00000000000000e+05 
5.73223994264260e-02 1.00000000000000e+05 
5.75031164290942e-02 1.00000000000000e+05 
5.76840187277045e-02 1.00000000000000e+05 
5.78648282447322e-02 1.00000000000000e+05 
5.80461028850653e-02 1.00000000000000e+05 
5.82276139908526e-02 1.00000000000000e+05 
5.84084476847215e-02 1.00000000000000e+05 
5.85906898064125e-02 1.00000000000000e+05 
5.87734381553778e-02 1.00000000000000e+05 
5.89542566008442e-02 1.00000000000000e+05 
5.91383592340414e-02 1.00000000000000e+05 
5.93225512846999e-02 1.00000000000000e+05 
5.95042099920828e-02 1.00000000000000e+05 
5.96876981470876e-02 1.00000000000000e+05 
5.98698539160253e-02 1.00000000000000e+05 
6.00506622899522e-02 1.00000000000000e+05 
6.02351883404086e-02 1.00000000000000e+05 
6.04197375431879e-02 1.00000000000000e+05 
6.06012326820363e-02 1.00000000000000e+05 
6.07850874693364e-02 1.00000000000000e+05 
6.09677891887243e-02 1.00000000000000e+05 
6.11512943303739e-02 1.00000000000000e+05 
6.13372414734863e-02 1.00000000000000e+05 
6.15235753437540e-02 1.00000000000000e+05 
6.17105602170538e-02 1.00000000000000e+05 
6.18970289170926e-02 1.00000000000000e+05 
6.20826999571432e-02 1.00000000000000e+05 
6.22693726890213e-02 1.00000000000000e+05 
6.24558135819200e-02 1.00000000000000e+05 
6.26426283007363e-02 1.00000000000000e+05 
6.28300829137961e-02 1.00000000000000e+05 
6.30170911079467e-02 1.00000000000000e+05 
6.32026803753589e-02 1.00000000000000e+05 
6.33904193971336e-02 1.00000000000000e+05 
6.35761691618151e-02 1.00000000000000e+05 
6.37634942411605e-02 1.00000000000000e+05 
6.39514201938332e-02 1.00000000000000e+05 
6.41389751134248e-02 1.00000000000000e+05 
6.43245036049181e-02 1.00000000000000e+05 
6.45125204026290e-02 1.00000000000000e+05 
6.46982809048026e-02 1.00000000000000e+05 
6.48863312188851e-02 1.00000000000000e+05 
6.50747482479784e-02 1.00000000000000e+05 
6.52535318517454e-02 1.00000000000000e+05 
6.54393131636740e-02 1.00000000000000e+05 
6.56227629577123e-02 1.00000000000000e+05 
6.58090842816068e-02 1.00000000000000e+05 
6.59979340318857e-02 1.00000000000000e+05 
6.61869287778800e-02 1.00000000000000e+05 
6.63759425107533e-02 1.00000000000000e+05 
6.65622575371052e-02 1.00000000000000e+05 
6.67508294350832e-02 1.00000000000000e+05 
6.69370644777765e-02 1.00000000000000e+05 
6.71262258040426e-02 1.00000000000000e+05 
6.73154381044997e-02 1.00000000000000e+05 
6.75046637717253e-02 1.00000000000000e+05 
6.76915955755465e-02 1.00000000000000e+05 
6.78805901955115e-02 1.00000000000000e+05 
6.80672264642950e-02 1.00000000000000e+05 
6.82565287480057e-02 1.00000000000000e+05 
6.84458374360757e-02 1.00000000000000e+05 
6.86351267370689e-02 1.00000000000000e+05 
6.88227470431697e-02 1.00000000000000e+05 
6.90122340809234e-02 1.00000000000000e+05 
6.91994278196385e-02 1.00000000000000e+05 
6.93890848354865e-02 1.00000000000000e+05 
6.95786341833254e-02 1.00000000000000e+05 
6.97680559237294e-02 1.00000000000000e+05 
6.99564787246231e-02 1.00000000000000e+05 
7.01178016744089e-02 1.00000000000000e+05 
7.02935989279604e-02 1.00000000000000e+05 
7.04768695100673e-02 1.00000000000000e+05 
7.06655141840645e-02 1.00000000000000e+05 
7.08550031505818e-02 1.00000000000000e+05 
7.10443387807211e-02 1.00000000000000e+05 
7.12338795734357e-02 1.00000000000000e+05 
7.14226777785903e-02 1.00000000000000e+05 
7.16123971374413e-02 1.00000000000000e+05 
7.18022634989226e-02 1.00000000000000e+05 
7.19920531194806e-02 1.00000000000000e+05 
7.21816620267311e-02 1.00000000000000e+05 
7.23712071448944e-02 1.00000000000000e+05 
7.25606968731862e-02 1.00000000000000e+05 
7.27501982079472e-02 1.00000000000000e+05 
7.29396957624084e-02 1.00000000000000e+05 
7.31291781456896e-02 1.00000000000000e+05 
7.33186352597844e-02 1.00000000000000e+05 
7.35081380824139e-02 1.00000000000000e+05 
7.36976728477862e-02 1.00000000000000e+05 
7.38872146376187e-02 1.00000000000000e+05 
7.40767423720390e-02 1.00000000000000e+05 
7.42662227091445e-02 1.00000000000000e+05 
7.44202680944881e-02 1.00000000000000e+05 
7.45897180183660e-02 1.00000000000000e+05 
7.47746363382424e-02 1.00000000000000e+05 
7.49625901679572e-02 1.00000000000000e+05 
7.51509363642322e-02 1.00000000000000e+05 
7.53389729886942e-02 1.00000000000000e+05 
7.55272732409768e-02 1.00000000000000e+05 
7.57160151867747e-02 1.00000000000000e+05 
7.59049874918975e-02 1.00000000000000e+05 
7.60941165758703e-02 1.00000000000000e+05 
7.62834459432667e-02 1.00000000000000e+05 
7.64728801695806e-02 1.00000000000000e+05 
7.66623504312439e-02 1.00000000000001e+05 
7.68518534846007e-02 1.00000000000001e+05 
7.70412938708260e-02 1.00000000000002e+05 
7.72307283785881e-02 1.00000000000003e+05 
7.74201851901478e-02 1.00000000000004e+05 
7.76096764756372e-02 1.00000000000007e+05 
7.77992057804757e-02 1.00000000000012e+05 
7.79514585356779e-02 1.00000000000019e+05 
7.81152827585680e-02 1.00000000000030e+05 
7.82857456188092e-02 1.00000000000046e+05 
7.84534302907964e-02 1.00000000000069e+05 
7.86232024610287e-02 1.00000000000105e+05 
7.87888266554549e-02 1.00000000000163e+05 
7.89610146700600e-02 1.00000000000260e+05 
7.91275334057688e-02 1.00000000000404e+05 
7.93010698973857e-02 1.00000000000593e+05 
7.94753878441207e-02 1.00000000000912e+05 
7.96510390250370e-02 1.00000000001333e+05 
7.98212738064033e-02 1.00000000002118e+05 
7.99989980130141e-02 1.00000000004639e+05 
8.01703825737144e-02 1.00000000018628e+05 
8.03497305282429e-02 1.00000000050715e+05 
8.05299829981704e-02 1.00000000108507e+05 
8.07115032730701e-02 1.00000000288312e+05 
8.08866819439683e-02 1.00000000603947e+05 
8.10699437200984e-02 1.00000000972566e+05 
8.12463139818611e-02 1.00000001378570e+05 
8.14310848962077e-02 1.00000001856918e+05 
8.16167808781532e-02 1.00000002189411e+05 
8.18035137141707e-02 1.00000002585871e+05 
8.19832111777939e-02 1.00000003023774e+05 
8.21711607120271e-02 1.00000003541991e+05 
8.23520214286558e-02 1.00000004103516e+05 
8.25412108791811e-02 1.00000004762780e+05 
8.27312449151929e-02 1.00000005508904e+05 
8.29217678968707e-02 1.00000006333211e+05 
8.31052262352629e-02 1.00000007254998e+05 
8.32958384519322e-02 1.00000008331584e+05 
8.34803814651719e-02 1.00000009532131e+05 
8.36710728579324e-02 1.00000011003745e+05 
8.38617926755087e-02 1.00000012692549e+05 
8.40525282911719e-02 1.00000014560858e+05 
8.42389836633264e-02 1.00000016799747e+05 
8.44297594484212e-02 1.00000019212461e+05 
8.46171570950193e-02 1.00000022057270e+05 
8.48079622761515e-02 1.00000025498789e+05 
8.49987871559617e-02 1.00000029335151e+05 
8.51896409415885e-02 1.00000033308416e+05 
8.53784123861668e-02 1.00000038244161e+05 
8.55693693980671e-02 1.00000043709194e+05 
8.57588616564327e-02 1.00000049937956e+05 
8.59498995732375e-02 1.00000057270961e+05 
8.61409520142614e-02 1.00000065514117e+05 
8.63320003407273e-02 1.00000074372765e+05 
8.65222965053326e-02 1.00000084940239e+05 
8.67134014430256e-02 1.00000096588111e+05 
8.69043112754461e-02 1.00000109941627e+05 
8.70954177319305e-02 1.00000125513367e+05 
8.72865291351834e-02 1.00000143002896e+05 
8.74776317096521e-02 1.00000161972815e+05 
8.76687525179462e-02 1.00000184220575e+05 
8.78598924630544e-02 1.00000208566114e+05 
8.80510341675453e-02 1.00000236388131e+05 
8.82421712787057e-02 1.00000268640322e+05 
8.84333152908517e-02 1.00000304677658e+05 
8.86244543792976e-02 1.00000343473953e+05 
8.88156177544774e-02 1.00000389033447e+05 
8.90068083655200e-02 1.00000438545071e+05 
8.91980076620245e-02 1.00000494735334e+05 
8.93892143260817e-02 1.00000559817424e+05 
8.95804339104768e-02 1.00000632067559e+05 
8.97716523817514e-02 1.00000709353272e+05 
8.99628944683240e-02 1.00000799943237e+05 
9.01541492816804e-02 1.00000897888392e+05 
9.03453977477878e-02 1.00001008452843e+05 
9.05366454366633e-02 1.00001135918203e+05 
9.07278964524117e-02 1.00001276979450e+05 
9.09191401197322e-02 1.00001426966604e+05 
9.11104031785947e-02 1.00001602172099e+05 
9.13016808236654e-02 1.00001790063489e+05 
9.14929538453731e-02 1.00002001781727e+05 
9.16842268701339e-02 1.00002244936591e+05 
9.18755053176277e-02 1.00002512811263e+05 
9.20667803895479e-02 1.00002795868517e+05 
9.22580777688243e-02 1.00003125486323e+05 
9.24398125470605e-02 1.00003458540627e+05 
9.26301925349762e-02 1.00003848336165e+05 
9.28137050277267e-02 1.00004277222076e+05 
9.30049842000499e-02 1.00004767075173e+05 
9.31931870197023e-02 1.00005273050480e+05 
9.33843929390902e-02 1.00005868595718e+05 
9.35756183448102e-02 1.00006498929142e+05 
9.37668651138096e-02 1.00007203410950e+05 
9.39581221814432e-02 1.00008006546286e+05 
9.41493914179660e-02 1.00008883090585e+05 
9.43406617694727e-02 1.00009797837262e+05 
9.45319432669352e-02 1.00010855443302e+05 
9.47232348263953e-02 1.00011967316325e+05 
9.49145134174030e-02 1.00013202934314e+05 
9.51057803966625e-02 1.00014607558912e+05 
9.52970460724349e-02 1.00016132821921e+05 
9.54883061538597e-02 1.00017714436045e+05 
9.56795718638415e-02 1.00019535817201e+05 
9.58708471550758e-02 1.00021437719889e+05 
9.60621106507025e-02 1.00023537468972e+05 
9.62248206597820e-02 1.00025547231230e+05 
9.64013151114516e-02 1.00027886504075e+05 
9.65861525439589e-02 1.00030406793183e+05 
9.67750178330457e-02 1.00033347734161e+05 
9.69520422508030e-02 1.00036200920169e+05 
9.71368663044969e-02 1.00039450237673e+05 
9.73196955311075e-02 1.00043069532560e+05 
9.75087467185065e-02 1.00047089317692e+05 
9.76968754228242e-02 1.00051183501307e+05 
9.78806785336968e-02 1.00055736245775e+05 
9.80717452785103e-02 1.00060607848287e+05 
9.82628414588308e-02 1.00065927538544e+05 
9.84539525697134e-02 1.00071920700966e+05 
9.86450850815497e-02 1.00078326280958e+05 
9.88362345937093e-02 1.00084837110041e+05 
9.90274207357521e-02 1.00092236730427e+05 
9.92186387550578e-02 1.00099796815444e+05 
9.94098648314903e-02 1.00107994800125e+05 
9.96010812848225e-02 1.00117181350567e+05 
9.97922901213118e-02 1.00126927348904e+05 
9.99834899151733e-02 1.00136764574930e+05 
1.00174694496137e-01 1.00147839482958e+05 
1.00365902921656e-01 1.00159071163991e+05 
1.00557093427806e-01 1.00171121168624e+05 
1.00748255804637e-01 1.00184489830347e+05 
1.00939394304258e-01 1.00198547860218e+05 
1.01130508935122e-01 1.00212575913925e+05 
1.01321609968575e-01 1.00228181774809e+05 
1.01512706762153e-01 1.00243790241771e+05 
1.01703783203690e-01 1.00260307215216e+05 
1.01894835369318e-01 1.00278543358893e+05 
1.02085871466934e-01 1.00297431463565e+05 
1.02276893601275e-01 1.00315849370969e+05 
1.02467912294481e-01 1.00336246444416e+05 
1.02658937828942e-01 1.00356063559932e+05 
1.02849950338334e-01 1.00376933618487e+05 
1.03007518447050e-01 1.00395491611917e+05 
1.03180843366637e-01 1.00416303155834e+05 
1.03335180722392e-01 1.00434376660452e+05 
1.03500617699084e-01 1.00454893426347e+05 
1.03677826958561e-01 1.00476295613659e+05 
1.03859081444467e-01 1.00498605535580e+05 
1.04048323857052e-01 1.00523970189106e+05 
1.04239108388543e-01 1.00549407495100e+05 
1.04429833610433e-01 1.00572847668032e+05 
1.04619438732094e-01 1.00598220909323e+05 
1.04810177630577e-01 1.00621871951429e+05 
1.04999442260324e-01 1.00645372061084e+05 
1.05190220711413e-01 1.00670456687136e+05 
1.05381046454903e-01 1.00694845126089e+05 
1.05571926406613e-01 1.00717034788059e+05 
1.05762856477991e-01 1.00740417043151e+05 
1.05953819999959e-01 1.00761350760903e+05 
1.06144776702775e-01 1.00781777440920e+05 
1.06335723477198e-01 1.00802844802920e+05 
1.06526649641333e-01 1.00822345215086e+05 
1.06717560220959e-01 1.00839868564919e+05 
1.06908446640365e-01 1.00857543354619e+05 
1.07099319200502e-01 1.00870881579270e+05 
1.07290165036399e-01 1.00882357940458e+05 
1.07480985325646e-01 1.00893650134947e+05 
1.07671783114643e-01 1.00902719635246e+05 
1.07862560904509e-01 1.00909923309905e+05 
1.08053320170387e-01 1.00917925043043e+05 
1.08244074460049e-01 1.00923733029408e+05 
1.08434812898974e-01 1.00928786390106e+05 
1.08625540087186e-01 1.00933432553069e+05 
1.08816261087966e-01 1.00937078672762e+05 
1.09006974112725e-01 1.00939415185668e+05 
1.09197689374445e-01 1.00940694825821e+05 
1.09388413425079e-01 1.00940210192452e+05 
1.09579129709614e-01 1.00937928248479e+05 
1.09769835762728e-01 1.00934312540373e+05 
1.09960534103758e-01 1.00929379557435e+05 
1.10151220918046e-01 1.00923378668803e+05 
1.10341904414634e-01 1.00915902225848e+05 
1.10532589272078e-01 1.00907401682639e+05 
1.10723262426258e-01 1.00897590985741e+05 
1.10913925813354e-01 1.00886273688325e+05 
1.11104583176918e-01 1.00873982104852e+05 
1.11295231398129e-01 1.00861218992548e+05 
1.11485881561647e-01 1.00847049162463e+05 
1.11676537269848e-01 1.00832578986297e+05 
1.11867185974152e-01 1.00817170715446e+05 
1.12057828736999e-01 1.00800342703277e+05 
1.12248468248306e-01 1.00782896100577e+05 
1.12439101980164e-01 1.00765484640095e+05 
1.12629741628297e-01 1.00746857858233e+05 
1.12820388202928e-01 1.00728406750575e+05 
1.13011028631278e-01 1.00709390083754e+05 
1.13201664346825e-01 1.00689333833962e+05 
1.13392298275446e-01 1.00669256176666e+05 
1.13582928960277e-01 1.00649697914397e+05 
1.13773568185689e-01 1.00629307087323e+05 
1.13964216573438e-01 1.00609424113686e+05 
1.14154861757715e-01 1.00589229193206e+05 
1.14345505112175e-01 1.00568220070226e+05 
1.14536148846328e-01 1.00547334932016e+05 
1.14726790992510e-01 1.00527070947849e+05 
1.14917443770110e-01 1.00506156608826e+05 
1.15108107749128e-01 1.00485975995514e+05 
1.15298770636173e-01 1.00465699406284e+05 
1.15489432345874e-01 1.00444835821374e+05 
1.15680096253525e-01 1.00424325978619e+05 
1.15870763049096e-01 1.00404650120558e+05 
1.16061445025735e-01 1.00384528080689e+05 
1.16252141949851e-01 1.00365330533922e+05 
1.16442842650002e-01 1.00346220456710e+05 
1.16633546591664e-01 1.00326785243709e+05 
1.16824254891744e-01 1.00307890216068e+05 
1.17014968195441e-01 1.00289857387618e+05 
1.17205701109173e-01 1.00271650396491e+05 
1.17396449461297e-01 1.00254267010118e+05 
1.17587197374906e-01 1.00237097748019e+05 
1.17777940910246e-01 1.00219559910671e+05 
1.17968681189942e-01 1.00202616833215e+05 
1.18159417654137e-01 1.00186764126000e+05 
1.18350144727086e-01 1.00170553941423e+05 
1.18540877800982e-01 1.00155353724596e+05 
1.18731625272313e-01 1.00140338101828e+05 
1.18922395984203e-01 1.00125221779254e+05 
1.19113170801070e-01 1.00110608711170e+05 
1.19303944323037e-01 1.00097026524784e+05 
1.19494712511352e-01 1.00083205077252e+05 
1.19685468867910e-01 1.00070307812270e+05 
1.19876204333869e-01 1.00057580850309e+05 
1.20066931149115e-01 1.00044685382677e+05 
1.20257653892440e-01 1.00032285165793e+05 
1.20448391932710e-01 1.00020750337519e+05 
1.20639142177844e-01 1.00009080516417e+05 
1.20829891974184e-01 9.99981875782313e+04 
1.21020649388689e-01 9.99874639163284e+04 
1.21211409654851e-01 9.99765952038528e+04 
1.21402166094836e-01 9.99661709203447e+04 
1.21592903130448e-01 9.99566093819728e+04 
1.21783623627451e-01 9.99468342067898e+04 
1.21974345498847e-01 9.99376579960347e+04 
1.22165079705477e-01 9.99286988992019e+04 
1.22355818818524e-01 9.99195609608263e+04 
1.22546562286391e-01 9.99107585158362e+04 
1.22737302631733e-01 9.99025923004448e+04 
1.22928041819298e-01 9.98942251108543e+04 
1.23118785263411e-01 9.98865032531378e+04 
1.23309518117158e-01 9.98788944231415e+04 
1.23500246179981e-01 9.98711236216201e+04 
1.23690974366555e-01 9.98636656523194e+04 
1.23881700110996e-01 9.98567840229691e+04 
1.24072423556999e-01 9.98496863025820e+04 
1.24263153397385e-01 9.98431862368823e+04 
1.24453878022437e-01 9.98367789629566e+04 
1.24644602931144e-01 9.98302758842329e+04 
1.24835329524278e-01 9.98240361669093e+04 
1.25026055340726e-01 9.98183786165728e+04 
1.25216780342966e-01 9.98125290107280e+04 
1.25407511584252e-01 9.98072336094636e+04 
1.25598236924094e-01 9.98020372586272e+04 
1.25788961015258e-01 9.97966491495132e+04 
1.25979686888305e-01 9.97915966127570e+04 
1.26170413182273e-01 9.97870371330366e+04 
1.26361140899317e-01 9.97822614159817e+04 
1.26551875183417e-01 9.97779552153417e+04 
1.26742601900763e-01 9.97737062196246e+04 
1.26933327034336e-01 9.97692668105068e+04 
1.27124053318310e-01 9.97650265646407e+04 
1.27314778960752e-01 9.97611682084590e+04 
1.27505506565997e-01 9.97571334901439e+04 
1.27696240419694e-01 9.97535375939480e+04 
1.27886966687721e-01 9.97500185792181e+04 
1.28077691981775e-01 9.97463852798303e+04 
1.28268419040415e-01 9.97429028244872e+04 
1.28459147160955e-01 9.97398130790972e+04 
1.28649880369474e-01 9.97365627524345e+04 
1.28840620602974e-01 9.97337410941165e+04 
1.29031353106148e-01 9.97310274585160e+04 
1.29222084961983e-01 9.97281951641402e+04 
1.29412818609167e-01 9.97255632890192e+04 
1.29603553905536e-01 9.97232423403935e+04 
1.29794295719673e-01 9.97207516465806e+04 
1.29985044305755e-01 9.97186953552675e+04 
1.30175784297189e-01 9.97167310738822e+04 
1.30366523423842e-01 9.97146078963113e+04 
1.30557264516038e-01 9.97126741163410e+04 
1.30748008472062e-01 9.97110179216269e+04 
1.30938761451728e-01 9.97091696075613e+04 
1.31129522414458e-01 9.97077139624161e+04 
1.31320274603926e-01 9.97063154743661e+04 
1.31511026166569e-01 9.97047252402123e+04 
1.31701781409087e-01 9.97032842229712e+04 
1.31892543400916e-01 9.97021136522843e+04 
1.32083320353292e-01 9.97007288227330e+04 
1.32274107990205e-01 9.96997180139467e+04 
1.32464888354879e-01 9.96988570383632e+04 
1.32655669871881e-01 9.96976273459127e+04 
1.32846457002057e-01 9.96965056839605e+04 
1.33037254928400e-01 9.96956935431489e+04 
1.33228071073217e-01 9.96945763368562e+04 
1.33418897802013e-01 9.96939317275521e+04 
1.33609719877234e-01 9.96932875756471e+04 
1.33800545389977e-01 9.96922781034247e+04 
1.33991379468279e-01 9.96913633642056e+04 
1.34182230350634e-01 9.96908140213672e+04 
1.34373108677387e-01 9.96899046678377e+04 
1.34564003444651e-01 9.96894359915102e+04 
1.34754902632684e-01 9.96889934631580e+04 
1.34945813629013e-01 9.96882137893792e+04 
1.35136741539945e-01 9.96874969215321e+04 
1.35327700169812e-01 9.96871456780849e+04 
1.35518704764577e-01 9.96864378438725e+04 
1.35709739706179e-01 9.96861413947464e+04 
1.35900794188036e-01 9.96858880678734e+04 
1.36091849627702e-01 9.96853146000221e+04 
1.36282896972609e-01 9.96847526705060e+04 
1.36473953185344e-01 9.96845106284972e+04 
1.36665038999356e-01 9.96840076168077e+04 
1.36856130387973e-01 9.96838501335522e+04 
1.37047220195582e-01 9.96837895566989e+04 
1.37238300999645e-01 9.96833763478299e+04 
1.37429371671225e-01 9.96830270527794e+04 
1.37620456003422e-01 9.96829416136049e+04 
1.37811578144978e-01 9.96826180425907e+04 
1.38002702682678e-01 9.96825991508455e+04 
1.38195259664759e-01 9.96826668082797e+04 
1.38387803248514e-01 9.96824972007454e+04 
1.38580336161141e-01 9.96823968219808e+04 
1.38772888121404e-01 9.96824326618109e+04 
1.38928299953168e-01 9.96823844309612e+04 
1.39091991213391e-01 9.96825237506294e+04 
1.39264223377222e-01 9.96827825171553e+04 
1.39445844402276e-01 9.96829390799578e+04 
1.39637805010508e-01 9.96831892290850e+04 
1.39830423825271e-01 9.96836502273474e+04 
1.40023085783990e-01 9.96839667257467e+04 
1.40215767071603e-01 9.96845721792733e+04 
1.40408463945288e-01 9.96852773077574e+04 
1.40601162963910e-01 9.96858475375712e+04 
1.40793864285580e-01 9.96865165532177e+04 
1.40986605651825e-01 9.96873344203398e+04 
1.41179401926122e-01 9.96881237445053e+04 
1.41372227522237e-01 9.96891258193853e+04 
1.41565085363743e-01 9.96902639803455e+04 
1.41757976219003e-01 9.96912949261797e+04 
1.41950866649377e-01 9.96924390742680e+04 
1.42143794931370e-01 9.96936910873102e+04 
1.42336764943432e-01 9.96949920934875e+04 
1.42529751347575e-01 9.96964530969883e+04 
1.42722760123713e-01 9.96980566795406e+04 
1.42915781900825e-01 9.96995946563006e+04 
1.43108781406931e-01 9.97012359826670e+04 
1.43301811987899e-01 9.97029534383796e+04 
1.43494874413260e-01 9.97047495899169e+04 
1.43687950253213e-01 9.97066766877671e+04 
1.43881047832131e-01 9.97087407594583e+04 
1.44074157438374e-01 9.97108674813209e+04 
1.44267247587733e-01 9.97130594648315e+04 
1.44460372893698e-01 9.97152231959939e+04 
1.44653532646583e-01 9.97174840086394e+04 
1.44846710212559e-01 9.97198980420019e+04 
1.45039912753474e-01 9.97224311022519e+04 
1.45233127726629e-01 9.97249295692185e+04 
1.45426324981510e-01 9.97276515472743e+04 
1.45619560234861e-01 9.97304394143028e+04 
1.45812824424709e-01 9.97334686696015e+04 
1.46006106331458e-01 9.97366413885479e+04 
1.46199403219992e-01 9.97400180787945e+04 
1.46392692991739e-01 9.97435462882451e+04 
1.46585949472868e-01 9.97471396362380e+04 
1.46779227876853e-01 9.97505101591091e+04 
1.46972505554044e-01 9.97541792388633e+04 
1.47165783276892e-01 9.97579840063259e+04 
1.47359069732137e-01 9.97619876391209e+04 
1.47552343941001e-01 9.97661561014887e+04 
1.47745589055496e-01 9.97704339512959e+04 
1.47938856877228e-01 9.97745841835108e+04 
1.48132140167414e-01 9.97790115640317e+04 
1.48325430970057e-01 9.97834324113405e+04 
1.48518711278184e-01 9.97880484003433e+04 
1.48711984389416e-01 9.97927881586527e+04 
1.48905234172575e-01 9.97977600898345e+04 
1.49098504011078e-01 9.98024524409833e+04 
1.49291786047071e-01 9.98073960343194e+04 
1.49485073909857e-01 9.98121852481870e+04 
1.49678349540590e-01 9.98171058691906e+04 
1.49871616450614e-01 9.98222191233453e+04 
1.50064859188021e-01 9.98273691069262e+04 
1.50258117467776e-01 9.98322668028862e+04 
1.50451384403061e-01 9.98374693962897e+04 
1.50644656128924e-01 9.98425608198971e+04 
1.50837917541753e-01 9.98477782262634e+04 
1.51031175747626e-01 9.98531859798436e+04 
1.51224426071489e-01 9.98586322419732e+04 
1.51417684955745e-01 9.98638318635084e+04 
1.51610954162209e-01 9.98693093432348e+04 
1.51804231091371e-01 9.98746676884072e+04 
1.51997499640352e-01 9.98801208415386e+04 
1.52190767104006e-01 9.98857147915281e+04 
1.52384026837414e-01 9.98913223609928e+04 
1.52577292695548e-01 9.98967747680505e+04 
1.52770562672309e-01 9.99023764005070e+04 
1.52963834130456e-01 9.99079110027841e+04 
1.53157094241005e-01 9.99135067941042e+04 
1.53350351298889e-01 9.99192027203970e+04 
1.53543597778803e-01 9.99248711357788e+04 
1.53736844583259e-01 9.99302312210817e+04 
1.53930093787290e-01 9.99357909853704e+04 
1.54123346123410e-01 9.99411580862768e+04 
1.54316588531667e-01 9.99465418049253e+04 
1.54509831864487e-01 9.99520194749753e+04 
1.54703068281139e-01 9.99574572740612e+04 
1.54896305828238e-01 9.99625764003755e+04 
1.55089545122635e-01 9.99678739436597e+04 
1.55282788057144e-01 9.99729674018874e+04 
1.55476022703183e-01 9.99780591938576e+04 
1.55669256416359e-01 9.99832309019624e+04 
1.55862482044606e-01 9.99883573877962e+04 
1.56055709443530e-01 9.99931708906010e+04 
1.56248940390527e-01 9.99981506168847e+04 
1.56442177861565e-01 1.00002929966420e+05 
1.56635410628947e-01 1.00007704075302e+05 
1.56828645865689e-01 1.00012559147223e+05 
1.57021873577873e-01 1.00017380327982e+05 
1.57215101952036e-01 1.00021906357456e+05 
1.57408330109378e-01 1.00026610359252e+05 
1.57601565484159e-01 1.00031131682286e+05 
1.57794800896116e-01 1.00035664456485e+05 
1.57988041865602e-01 1.00040306410674e+05 
1.58181280843951e-01 1.00044944163084e+05 
1.58374529939351e-01 1.00049313471445e+05 
1.58529733073311e-01 1.00052996751227e+05 
1.58683228910841e-01 1.00056539322130e+05 
1.58843055928252e-01 1.00060253213260e+05 
1.59010577877823e-01 1.00064260043380e+05 
1.59187135243526e-01 1.00068514505195e+05 
1.59373575401300e-01 1.00072778952489e+05 
1.59547781465931e-01 1.00076996967659e+05 
1.59738244552563e-01 1.00081469406904e+05 
1.59904654075348e-01 1.00085457280255e+05 
1.60086189479483e-01 1.00089989259985e+05 
1.60243178949649e-01 1.00093952230873e+05 
1.60389060015982e-01 1.00097493804825e+05 
1.60525698720256e-01 1.00100985274364e+05 
1.60663441900423e-01 1.00104436172999e+05 
1.60798891164926e-01 1.00107884285415e+05 
1.60936530256573e-01 1.00111531178854e+05 
1.61075695744955e-01 1.00115271488311e+05 
1.61213915501641e-01 1.00118860304574e+05 
1.61348355816977e-01 1.00122543284405e+05 
1.61483805824741e-01 1.00126178584541e+05 
1.61620366065737e-01 1.00129907825279e+05 
1.61761100684522e-01 1.00133933459493e+05 
1.61898849483079e-01 1.00137930911592e+05 
1.62038165302258e-01 1.00141834190427e+05 
1.62174676429480e-01 1.00145888553176e+05 
1.62315207850892e-01 1.00149966240857e+05 
1.62453783413395e-01 1.00154067884629e+05 
1.62594011877269e-01 1.00158433321766e+05 
1.62740116380984e-01 1.00163056228085e+05 
1.62879220663143e-01 1.00167298859801e+05 
1.63022171913995e-01 1.00171937720515e+05 
1.63169509337022e-01 1.00176590724242e+05 
1.63306419322283e-01 1.00181011147846e+05 
1.63448495424070e-01 1.00185849696027e+05 
1.63588890731800e-01 1.00190687498573e+05 
1.63729051642096e-01 1.00195333022665e+05 
1.63866386478130e-01 1.00200183854832e+05 
1.64010405402671e-01 1.00205112330630e+05 
1.64145552126472e-01 1.00209833331154e+05 
1.64282324708252e-01 1.00214884065257e+05 
1.64427282675582e-01 1.00220489860353e+05 
1.64566585382160e-01 1.00225428813049e+05 
1.64704594836582e-01 1.00230821006468e+05 
1.64849130843553e-01 1.00236141587635e+05 
1.64985289680415e-01 1.00241268101615e+05 
1.65122858376119e-01 1.00246785170462e+05 
1.65264897220290e-01 1.00252492369904e+05 
1.65405099401819e-01 1.00257798777603e+05 
1.65551602135135e-01 1.00263787519212e+05 
1.65704774672564e-01 1.00269758391104e+05 
1.65841846116449e-01 1.00275203414958e+05 
1.65985467494631e-01 1.00281213449046e+05 
1.66124225346745e-01 1.00287028137900e+05 
1.66264184564564e-01 1.00292659409465e+05 
1.66410689516497e-01 1.00298901060355e+05 
1.66554294508514e-01 1.00304800061794e+05 
1.66692447512546e-01 1.00310546260143e+05 
1.66836080279051e-01 1.00316796621187e+05 
1.66986870294798e-01 1.00323398538064e+05 
1.67129923272114e-01 1.00329416118475e+05 
1.67266510330055e-01 1.00335454328783e+05 
1.67408098057547e-01 1.00341488469041e+05 
1.67556482467855e-01 1.00347850127719e+05 
1.67700443486797e-01 1.00354347873413e+05 
1.67853591671682e-01 1.00361297722129e+05 
1.68003794902227e-01 1.00367807928213e+05 
1.68140828407477e-01 1.00374048429573e+05 
1.68284723521123e-01 1.00380340605705e+05 
1.68432101474692e-01 1.00386813915126e+05 
1.68592725874332e-01 1.00394223629547e+05 
1.68738515977639e-01 1.00400946004198e+05 
1.68893960890829e-01 1.00407773154970e+05 
1.69035815385268e-01 1.00414344028181e+05 
1.69188226466206e-01 1.00421078660295e+05 
1.69332764641547e-01 1.00427503620594e+05 
1.69470460900497e-01 1.00433904997554e+05 
1.69613946860028e-01 1.00440534175891e+05 
1.69763265175844e-01 1.00447097955680e+05 
1.69920139181116e-01 1.00454367209865e+05 
1.70058443998804e-01 1.00460465630953e+05 
1.70202977663931e-01 1.00466825328024e+05 
1.70354619788797e-01 1.00473903994491e+05 
1.70514791051137e-01 1.00481251830084e+05 
1.70657555425114e-01 1.00487366356871e+05 
1.70796710045455e-01 1.00493686166652e+05 
1.70943192989442e-01 1.00499893862315e+05 
1.71083829291167e-01 1.00505852423967e+05 
1.71232950474073e-01 1.00512519401286e+05 
1.71391092597306e-01 1.00519488168175e+05 
1.71541262949551e-01 1.00525585317627e+05 
1.71686249729241e-01 1.00531933319470e+05 
1.71843857320074e-01 1.00538342357542e+05 
1.71991911492755e-01 1.00544402358434e+05 
1.72146919758649e-01 1.00551124260365e+05 
1.72312527401425e-01 1.00558197156022e+05 
1.72471019419788e-01 1.00564389891679e+05 
1.72629136081786e-01 1.00571049299573e+05 
1.72792465667893e-01 1.00577322027832e+05 
1.72952834455872e-01 1.00583424650848e+05 
1.73118767417102e-01 1.00590173554995e+05 
1.73284753728158e-01 1.00596788428253e+05 
1.73452722158777e-01 1.00602812232622e+05 
1.73618256405981e-01 1.00609249708966e+05 
1.73788935931126e-01 1.00615184858191e+05 
1.73955896282384e-01 1.00620937546314e+05 
1.74129719846864e-01 1.00627348825368e+05 
1.74303729502648e-01 1.00633560635563e+05 
1.74479936150326e-01 1.00639197125159e+05 
1.74652014176872e-01 1.00645091349847e+05 
1.74830189199443e-01 1.00650444660807e+05 
1.75004025726549e-01 1.00655536741506e+05 
1.75185157407702e-01 1.00661284586772e+05 
1.75366469485343e-01 1.00666728984762e+05 
1.75550026708157e-01 1.00671380933564e+05 
1.75729040175017e-01 1.00676437972064e+05 
1.75913971309769e-01 1.00680747219892e+05 
1.76094745493174e-01 1.00684822412061e+05 
1.76282983991662e-01 1.00689509869069e+05 
1.76472275159889e-01 1.00693899612028e+05 
1.76662900578911e-01 1.00697411348156e+05 
1.76848338030486e-01 1.00701444077649e+05 
1.77040058791199e-01 1.00704691978707e+05 
1.77226897254276e-01 1.00707595410881e+05 
1.77420169795180e-01 1.00710900129970e+05 
1.77614263097978e-01 1.00713901300932e+05 
1.77809186170438e-01 1.00716078497797e+05 
1.77999674400113e-01 1.00718445124892e+05 
1.78195310881097e-01 1.00719963789329e+05 
1.78386887148630e-01 1.00721097790509e+05 
1.78582658494044e-01 1.00722296228400e+05 
1.78778667696713e-01 1.00723104389007e+05 
1.78974550448201e-01 1.00723254475745e+05 
1.79170804238407e-01 1.00723308266548e+05 
1.79366900765999e-01 1.00722442452503e+05 
1.79563140093893e-01 1.00721170537355e+05 
1.79759110485836e-01 1.00719911048799e+05 
1.79955221011365e-01 1.00718184398756e+05 
1.80151214547455e-01 1.00716043795520e+05 
1.80347466589493e-01 1.00713824954202e+05 
1.80543639296578e-01 1.00711118348099e+05 
1.80739869246531e-01 1.00708202651173e+05 
1.80935896154130e-01 1.00705294012471e+05 
1.81132052273576e-01 1.00702041435763e+05 
1.81328110838144e-01 1.00698440788477e+05 
1.81524366939049e-01 1.00694693140044e+05 
1.81720545304379e-01 1.00690518323270e+05 
1.81916797273994e-01 1.00685973208615e+05 
1.82112919163795e-01 1.00681256811859e+05 
1.82309100805766e-01 1.00676257671554e+05 
1.82505262713177e-01 1.00671146356794e+05 
1.82701548839003e-01 1.00665771381502e+05 
1.82889901443229e-01 1.00660401429652e+05 
1.83084670095935e-01 1.00654543170501e+05 
1.83280285988001e-01 1.00648467551966e+05 
1.83476524497112e-01 1.00642208236838e+05 
1.83672782957740e-01 1.00636020844149e+05 
1.83869242534360e-01 1.00629540461043e+05 
1.84065604948124e-01 1.00622975119778e+05 
1.84262224749024e-01 1.00616119255456e+05 
1.84458639845240e-01 1.00609046077910e+05 
1.84654999877067e-01 1.00601877932375e+05 
1.84851468584213e-01 1.00594892062854e+05 
1.85048104973389e-01 1.00587591823464e+05 
1.85244506423772e-01 1.00580188932919e+05 
1.85441061240681e-01 1.00572582527178e+05 
1.85637486293392e-01 1.00564922164888e+05 
1.85833799223322e-01 1.00557061716132e+05 
1.86030179843156e-01 1.00549618415234e+05 
1.86226770427360e-01 1.00541810306812e+05 
1.86423142487223e-01 1.00534301628287e+05 
1.86619615729841e-01 1.00526583539709e+05 
1.86815935009929e-01 1.00518614896629e+05 
1.87012312693227e-01 1.00510668404201e+05 
1.87208646734425e-01 1.00503229423201e+05 
1.87405127607437e-01 1.00495408565222e+05 
1.87601557835381e-01 1.00487897406426e+05 
1.87797926101456e-01 1.00480247104806e+05 
1.87994209011104e-01 1.00472375896179e+05 
1.88190533763226e-01 1.00464574661084e+05 
1.88386870589308e-01 1.00457331479851e+05 
1.88583254718285e-01 1.00449721643628e+05 
1.88779609074515e-01 1.00442447517031e+05 
1.88975898246291e-01 1.00435037132867e+05 
1.89172152302374e-01 1.00427408513259e+05 
1.89368415048509e-01 1.00419852757666e+05 
1.89564694192757e-01 1.00412818500527e+05 
1.89761019630518e-01 1.00405433590264e+05 
1.89957319653558e-01 1.00398342610609e+05 
1.90153559368715e-01 1.00391096381861e+05 
1.90349770499206e-01 1.00383644214839e+05 
1.90545994897932e-01 1.00376187829125e+05 
1.90742238217547e-01 1.00369132800029e+05 
1.90938526610433e-01 1.00361827363756e+05 
1.91134793660373e-01 1.00354710790363e+05 
1.91331004212992e-01 1.00347443607467e+05 
1.91527191460236e-01 1.00339965432137e+05 
1.91723394985126e-01 1.00332520180154e+05 
1.91919619895106e-01 1.00325627158822e+05 
1.92115888746269e-01 1.00318309128803e+05 
1.92312138983031e-01 1.00311321452232e+05 
1.92508336168110e-01 1.00304171262780e+05 
1.92704514729966e-01 1.00296728027212e+05 
1.92900711902590e-01 1.00289289160354e+05 
1.93096933522525e-01 1.00282430609807e+05 
1.93293200553485e-01 1.00275093462741e+05 
1.93489455844491e-01 1.00268112672233e+05 
1.93685664270602e-01 1.00260967890317e+05 
1.93881859268731e-01 1.00253499440610e+05 
1.94078077633711e-01 1.00246018824110e+05 
1.94274324921409e-01 1.00239131172182e+05 
1.94470618040249e-01 1.00231750988152e+05 
1.94666903130164e-01 1.00224755653498e+05 
1.94863146394648e-01 1.00217598977877e+05 
1.95059380923512e-01 1.00210089229073e+05 
1.95255641783277e-01 1.00202595209025e+05 
1.95451934667605e-01 1.00195705327443e+05 
1.95648274731765e-01 1.00188298924116e+05 
1.95844610818629e-01 1.00181235805725e+05 
1.96040909793227e-01 1.00174046142921e+05 
1.96237204691646e-01 1.00166519654586e+05 
1.96433528522179e-01 1.00159020478313e+05 
1.96629886710271e-01 1.00152111759385e+05 
1.96826291651196e-01 1.00144651185685e+05 
1.97022694539653e-01 1.00137639777142e+05 
1.97219063229907e-01 1.00130440000595e+05 
1.97415431741992e-01 1.00122818138294e+05 
1.97611832203109e-01 1.00115166969895e+05 
1.97808270002303e-01 1.00108144340215e+05 
1.98004754340286e-01 1.00100653478184e+05 
1.98201238150795e-01 1.00093619550523e+05 
1.98397690771512e-01 1.00086458950425e+05 
1.98594146562033e-01 1.00078928910592e+05 
1.98790637431337e-01 1.00071434934758e+05 
1.98987169688361e-01 1.00064551647356e+05 
1.99183749542832e-01 1.00057165957662e+05 
1.99380330840305e-01 1.00050228365705e+05 
1.99576884493288e-01 1.00043169694007e+05 
1.99773444323253e-01 1.00035734450258e+05 
1.99970041917060e-01 1.00028323140537e+05 
2.00166684877420e-01 1.00021513154953e+05 
