# Liste des scalaires : TEMPS pmat 
0.00000000000000e+00 1.00000000000000e+05 
7.22956891292051e-05 1.00000000000000e+05 
1.31279694593929e-04 1.00000000000000e+05 
1.87082343668825e-04 1.00000000000000e+05 
2.41324538288902e-04 1.00000000000000e+05 
2.99720762090317e-04 1.00000000000000e+05 
3.59388765881182e-04 1.00000000000000e+05 
4.19878411221898e-04 1.00000000000000e+05 
4.80040029107810e-04 1.00000000000000e+05 
5.41141540402444e-04 1.00000000000000e+05 
6.03112134801046e-04 1.00000000000000e+05 
6.66392362744527e-04 1.00000000000000e+05 
7.31329327617313e-04 1.00000000000000e+05 
7.97436591763537e-04 1.00000000000000e+05 
8.64651222216852e-04 1.00000000000000e+05 
9.32854737533817e-04 1.00000000000000e+05 
1.00228264100910e-03 1.00000000000000e+05 
1.07346048832162e-03 1.00000000000000e+05 
1.14692257166724e-03 1.00000000000000e+05 
1.22015674544382e-03 1.00000000000000e+05 
1.29515644952891e-03 1.00000000000000e+05 
1.37163122910299e-03 1.00000000000000e+05 
1.44785666534068e-03 1.00000000000000e+05 
1.52530945117405e-03 1.00000000000000e+05 
1.60438859837400e-03 1.00000000000000e+05 
1.68523519086789e-03 1.00000000000000e+05 
1.76793074287547e-03 1.00000000000000e+05 
1.85243925603103e-03 1.00000000000000e+05 
1.93932372533199e-03 1.00000000000000e+05 
2.02622794442419e-03 1.00000000000000e+05 
2.11453100097931e-03 1.00000000000000e+05 
2.20440689574444e-03 1.00000000000000e+05 
2.29606205079337e-03 1.00000000000000e+05 
2.38968484937417e-03 1.00000000000000e+05 
2.48352572934282e-03 1.00000000000000e+05 
2.58198597044377e-03 1.00000000000000e+05 
2.67928550289438e-03 1.00000000000000e+05 
2.77805229196276e-03 1.00000000000000e+05 
2.87935189969959e-03 1.00000000000000e+05 
2.98164731498071e-03 1.00000000000000e+05 
3.08547729443476e-03 1.00000000000000e+05 
3.19134060994456e-03 1.00000000000000e+05 
3.29803883647305e-03 1.00000000000000e+05 
3.40777313992768e-03 1.00000000000000e+05 
3.51925436486439e-03 1.00000000000000e+05 
3.63279048941298e-03 1.00000000000000e+05 
3.74819964655965e-03 1.00000000000000e+05 
3.86556337511703e-03 1.00000000000000e+05 
3.98366273783388e-03 1.00000000000000e+05 
4.10460479222266e-03 1.00000000000000e+05 
4.22684190834507e-03 1.00000000000000e+05 
4.35028250508036e-03 1.00000000000000e+05 
4.47599301504540e-03 1.00000000000000e+05 
4.60344433138215e-03 1.00000000000000e+05 
4.73204232283061e-03 1.00000000000000e+05 
4.86281884193820e-03 1.00000000000000e+05 
4.99513586823604e-03 1.00000000000000e+05 
5.12784172759114e-03 1.00000000000000e+05 
5.25831538629434e-03 1.00000000000000e+05 
5.38649392273278e-03 1.00000000000000e+05 
5.51333142330115e-03 1.00000000000000e+05 
5.63889321250417e-03 1.00000000000000e+05 
5.76328432756612e-03 1.00000000000000e+05 
5.88699192558004e-03 1.00000000000000e+05 
6.00983459074454e-03 1.00000000000000e+05 
6.13210589328778e-03 1.00000000000000e+05 
6.25393584696200e-03 1.00000000000000e+05 
6.37542589761892e-03 1.00000000000000e+05 
6.49671311546960e-03 1.00000000000000e+05 
6.61799563404532e-03 1.00000000000000e+05 
6.73926331917693e-03 1.00000000000000e+05 
6.86068379959381e-03 1.00000000000000e+05 
6.98249810121052e-03 1.00000000000000e+05 
7.10467969894120e-03 1.00000000000000e+05 
7.22713981526686e-03 1.00000000000000e+05 
7.34965947653442e-03 1.00000000000000e+05 
7.47223454134787e-03 1.00000000000000e+05 
7.59479530618110e-03 1.00000000000000e+05 
7.71686171879747e-03 1.00000000000000e+05 
7.83853224968622e-03 1.00000000000000e+05 
7.96000555471563e-03 1.00000000000000e+05 
8.08139883082647e-03 1.00000000000000e+05 
8.20272579754175e-03 1.00000000000000e+05 
8.32408466464306e-03 1.00000000000000e+05 
8.44556138852678e-03 1.00000000000000e+05 
8.56709148807580e-03 1.00000000000000e+05 
8.68878658824903e-03 1.00000000000000e+05 
8.81084377185766e-03 1.00000000000000e+05 
8.93315910663368e-03 1.00000000000000e+05 
9.05592409368105e-03 1.00000000000000e+05 
9.17833713066158e-03 1.00000000000000e+05 
9.30099772019517e-03 1.00000000000000e+05 
9.42394557267142e-03 1.00000000000000e+05 
9.54721050193317e-03 1.00000000000000e+05 
9.67077646861346e-03 1.00000000000000e+05 
9.79465528961158e-03 1.00000000000000e+05 
9.91885020061839e-03 1.00000000000000e+05 
1.00433300950120e-02 1.00000000000000e+05 
1.01681619043851e-02 1.00000000000000e+05 
1.02933692385361e-02 1.00000000000000e+05 
1.04189630812268e-02 1.00000000000000e+05 
1.05449504815486e-02 1.00000000000000e+05 
1.06713330381376e-02 1.00000000000000e+05 
1.07980481109503e-02 1.00000000000000e+05 
1.09251209956274e-02 1.00000000000000e+05 
1.10525038395603e-02 1.00000000000000e+05 
1.11801444613667e-02 1.00000000000000e+05 
1.13079071966254e-02 1.00000000000000e+05 
1.14344061772323e-02 1.00000000000000e+05 
1.15609983476561e-02 1.00000000000000e+05 
1.16876571881988e-02 1.00000000000000e+05 
1.18143903385185e-02 1.00000000000000e+05 
1.19411923011091e-02 1.00000000000000e+05 
1.20680873387328e-02 1.00000000000000e+05 
1.21950812716034e-02 1.00000000000000e+05 
1.23221621380927e-02 1.00000000000000e+05 
1.24489964373573e-02 1.00000000000000e+05 
1.25762312241927e-02 1.00000000000000e+05 
1.27034680687719e-02 1.00000000000000e+05 
1.28308387994836e-02 1.00000000000000e+05 
1.29582961135949e-02 1.00000000000000e+05 
1.30857943066268e-02 1.00000000000000e+05 
1.32131890482316e-02 1.00000000000000e+05 
1.33407060905544e-02 1.00000000000000e+05 
1.34681338001579e-02 1.00000000000000e+05 
1.35956584549279e-02 1.00000000000000e+05 
1.37232083428618e-02 1.00000000000000e+05 
1.38507743160348e-02 1.00000000000000e+05 
1.39783258401097e-02 1.00000000000000e+05 
1.41058905986000e-02 1.00000000000000e+05 
1.42334931886070e-02 1.00000000000000e+05 
1.43611114760450e-02 1.00000000000000e+05 
1.44887153699713e-02 1.00000000000000e+05 
1.46163171558487e-02 1.00000000000000e+05 
1.47438909342327e-02 1.00000000000000e+05 
1.48714460240874e-02 1.00000000000000e+05 
1.49989981332622e-02 1.00000000000000e+05 
1.51265498218586e-02 1.00000000000000e+05 
1.52540809350460e-02 1.00000000000000e+05 
1.53816167819427e-02 1.00000000000000e+05 
1.55091359833099e-02 1.00000000000000e+05 
1.56366473702572e-02 1.00000000000000e+05 
1.57641670774430e-02 1.00000000000000e+05 
1.58916882248444e-02 1.00000000000000e+05 
1.60191859016652e-02 1.00000000000000e+05 
1.61466743512488e-02 1.00000000000000e+05 
1.62741448685754e-02 1.00000000000000e+05 
1.64016016333321e-02 1.00000000000000e+05 
1.65290363259572e-02 1.00000000000000e+05 
1.66564399130107e-02 1.00000000000000e+05 
1.67838136069635e-02 1.00000000000000e+05 
1.69111617111422e-02 1.00000000000000e+05 
1.70384900202959e-02 1.00000000000000e+05 
1.71657859344948e-02 1.00000000000000e+05 
1.72930481043788e-02 1.00000000000000e+05 
1.74203061873672e-02 1.00000000000000e+05 
1.75475214134843e-02 1.00000000000000e+05 
1.76747187955206e-02 1.00000000000000e+05 
1.78019098846488e-02 1.00000000000000e+05 
1.79291137797120e-02 1.00000000000000e+05 
1.80563463742965e-02 1.00000000000000e+05 
1.81836396472283e-02 1.00000000000000e+05 
1.83109747137003e-02 1.00000000000000e+05 
1.84383577387046e-02 1.00000000000000e+05 
1.85658106076117e-02 1.00000000000000e+05 
1.86925882704817e-02 1.00000000000000e+05 
1.88201333360517e-02 1.00000000000000e+05 
1.89456696791041e-02 1.00000000000000e+05 
1.90721306771042e-02 1.00000000000000e+05 
1.91973191337715e-02 1.00000000000000e+05 
1.93224945349996e-02 1.00000000000000e+05 
1.94488856179966e-02 1.00000000000000e+05 
1.95741262278136e-02 1.00000000000000e+05 
1.96993995249484e-02 1.00000000000000e+05 
1.98259703436390e-02 1.00000000000000e+05 
1.99513728158967e-02 1.00000000000000e+05 
2.00768726729948e-02 1.00000000000000e+05 
2.02037129300553e-02 1.00000000000000e+05 
2.03293744578307e-02 1.00000000000000e+05 
2.04563698897423e-02 1.00000000000000e+05 
2.05833903839043e-02 1.00000000000000e+05 
2.07104689250822e-02 1.00000000000000e+05 
2.08364000535088e-02 1.00000000000000e+05 
2.09635724977511e-02 1.00000000000000e+05 
2.10896812302809e-02 1.00000000000000e+05 
2.12170011361460e-02 1.00000000000000e+05 
2.13443218521544e-02 1.00000000000000e+05 
2.14716641749724e-02 1.00000000000000e+05 
2.15981451030976e-02 1.00000000000000e+05 
2.17254118317728e-02 1.00000000000000e+05 
2.18521709339414e-02 1.00000000000000e+05 
2.19793983353505e-02 1.00000000000000e+05 
2.21065500146748e-02 1.00000000000000e+05 
2.22336459133151e-02 1.00000000000000e+05 
2.23606661743034e-02 1.00000000000000e+05 
2.24876220557614e-02 1.00000000000000e+05 
2.26145059866442e-02 1.00000000000000e+05 
2.27413615466991e-02 1.00000000000000e+05 
2.28681714297713e-02 1.00000000000000e+05 
2.29949452745489e-02 1.00000000000000e+05 
2.31203590044405e-02 1.00000000000000e+05 
2.32468556099295e-02 1.00000000000000e+05 
2.33722282301321e-02 1.00000000000000e+05 
2.34988491484911e-02 1.00000000000000e+05 
2.36253979020304e-02 1.00000000000000e+05 
2.37519967255587e-02 1.00000000000000e+05 
2.38773448737486e-02 1.00000000000000e+05 
2.40037537010200e-02 1.00000000000000e+05 
2.41291033447506e-02 1.00000000000000e+05 
2.42562474358910e-02 1.00000000000000e+05 
2.43835718009097e-02 1.00000000000000e+05 
2.45109482928192e-02 1.00000000000000e+05 
2.46362072653083e-02 1.00000000000000e+05 
2.47625759201129e-02 1.00000000000000e+05 
2.48878787922232e-02 1.00000000000000e+05 
2.50151725592786e-02 1.00000000000000e+05 
2.51426099495081e-02 1.00000000000000e+05 
2.52689582430780e-02 1.00000000000000e+05 
2.53943704108487e-02 1.00000000000000e+05 
2.55205753324931e-02 1.00000000000000e+05 
2.56459485903181e-02 1.00000000000000e+05 
2.57720696012745e-02 1.00000000000000e+05 
2.58981413913169e-02 1.00000000000000e+05 
2.60242469552390e-02 1.00000000000000e+05 
2.61488109316787e-02 1.00000000000000e+05 
2.62745114412201e-02 1.00000000000000e+05 
2.63993082669930e-02 1.00000000000000e+05 
2.65253423673427e-02 1.00000000000000e+05 
2.66515486760387e-02 1.00000000000000e+05 
2.67777957792656e-02 1.00000000000000e+05 
2.69028158241577e-02 1.00000000000000e+05 
2.70289406126811e-02 1.00000000000000e+05 
2.71539117432445e-02 1.00000000000000e+05 
2.72801270234301e-02 1.00000000000000e+05 
2.74070262747528e-02 1.00000000000000e+05 
2.75340448581943e-02 1.00000000000000e+05 
2.76590754985420e-02 1.00000000000000e+05 
2.77852146152261e-02 1.00000000000000e+05 
2.79101949377886e-02 1.00000000000000e+05 
2.80363995420723e-02 1.00000000000000e+05 
2.81634570783262e-02 1.00000000000000e+05 
2.82905560691954e-02 1.00000000000000e+05 
2.84155869403927e-02 1.00000000000000e+05 
2.85417391217356e-02 1.00000000000000e+05 
2.86667472567784e-02 1.00000000000000e+05 
2.87929735016049e-02 1.00000000000000e+05 
2.89202723056645e-02 1.00000000000000e+05 
2.90474666065233e-02 1.00000000000000e+05 
2.91725330429041e-02 1.00000000000000e+05 
2.92987123232043e-02 1.00000000000000e+05 
2.94237819777450e-02 1.00000000000000e+05 
2.95501733854134e-02 1.00000000000000e+05 
2.96772623514082e-02 1.00000000000000e+05 
2.98042827242188e-02 1.00000000000000e+05 
2.99294204946808e-02 1.00000000000000e+05 
3.00556798595487e-02 1.00000000000000e+05 
3.01808597406220e-02 1.00000000000000e+05 
3.03077531934049e-02 1.00000000000000e+05 
3.04357586195849e-02 1.00000000000000e+05 
3.05640000255360e-02 1.00000000000000e+05 
3.06893428946898e-02 1.00000000000000e+05 
3.08157802511431e-02 1.00000000000000e+05 
3.09413127982438e-02 1.00000000000000e+05 
3.10688538741775e-02 1.00000000000000e+05 
3.11971095869250e-02 1.00000000000000e+05 
3.13252543486170e-02 1.00000000000000e+05 
3.14513856129665e-02 1.00000000000000e+05 
3.15790573984281e-02 1.00000000000000e+05 
3.17055431473178e-02 1.00000000000000e+05 
3.18334190260282e-02 1.00000000000000e+05 
3.19612810068047e-02 1.00000000000000e+05 
3.20891033541573e-02 1.00000000000000e+05 
3.22163636395714e-02 1.00000000000000e+05 
3.23441972912288e-02 1.00000000000000e+05 
3.24720080642278e-02 1.00000000000000e+05 
3.25997727018093e-02 1.00000000000000e+05 
3.27277220946427e-02 1.00000000000000e+05 
3.28559094483173e-02 1.00000000000000e+05 
3.29828462879092e-02 1.00000000000000e+05 
3.31107143185719e-02 1.00000000000000e+05 
3.32378195341206e-02 1.00000000000000e+05 
3.33657248000965e-02 1.00000000000000e+05 
3.34937073651188e-02 1.00000000000000e+05 
3.36218760244421e-02 1.00000000000000e+05 
3.37485047738744e-02 1.00000000000000e+05 
3.38759606866706e-02 1.00000000000000e+05 
3.40024890874814e-02 1.00000000000000e+05 
3.41305447495213e-02 1.00000000000000e+05 
3.42588470769235e-02 1.00000000000000e+05 
3.43873372527641e-02 1.00000000000000e+05 
3.45138818520061e-02 1.00000000000000e+05 
3.46416322498517e-02 1.00000000000000e+05 
3.47683679787374e-02 1.00000000000000e+05 
3.48968111384484e-02 1.00000000000000e+05 
3.50253391748531e-02 1.00000000000000e+05 
3.51542245699356e-02 1.00000000000000e+05 
3.52809075072994e-02 1.00000000000000e+05 
3.54087020704958e-02 1.00000000000000e+05 
3.55354120797983e-02 1.00000000000000e+05 
3.56637273962447e-02 1.00000000000000e+05 
3.57927952543002e-02 1.00000000000000e+05 
3.59219079411773e-02 1.00000000000000e+05 
3.60488114235434e-02 1.00000000000001e+05 
3.61769072079067e-02 1.00000000000001e+05 
3.63039470353107e-02 1.00000000000001e+05 
3.64325357369937e-02 1.00000000000002e+05 
3.65616437460099e-02 1.00000000000003e+05 
3.66907521159162e-02 1.00000000000004e+05 
3.68179262871206e-02 1.00000000000006e+05 
3.69462199971802e-02 1.00000000000009e+05 
3.70733405614161e-02 1.00000000000014e+05 
3.72018329317916e-02 1.00000000000020e+05 
3.73307973177169e-02 1.00000000000028e+05 
3.74597233045168e-02 1.00000000000040e+05 
3.75867731241931e-02 1.00000000000059e+05 
3.77149200948334e-02 1.00000000000087e+05 
3.78418842800752e-02 1.00000000000127e+05 
3.79700684776495e-02 1.00000000000181e+05 
3.80986393497300e-02 1.00000000000253e+05 
3.82271267402519e-02 1.00000000000354e+05 
3.83538314808348e-02 1.00000000000500e+05 
3.84817124010983e-02 1.00000000000714e+05 
3.86084777173547e-02 1.00000000001012e+05 
3.87365904391674e-02 1.00000000001401e+05 
3.88645889539644e-02 1.00000000001909e+05 
3.89914207927861e-02 1.00000000002611e+05 
3.91182944603363e-02 1.00000000003775e+05 
3.92464401396600e-02 1.00000000005631e+05 
3.93735253756856e-02 1.00000000008298e+05 
3.95019984048801e-02 1.00000000011881e+05 
3.96304771327657e-02 1.00000000016633e+05 
3.97588393375298e-02 1.00000000022979e+05 
3.98856026997507e-02 1.00000000031098e+05 
4.00134883415448e-02 1.00000000041494e+05 
4.01402089229082e-02 1.00000000054794e+05 
4.02684094182819e-02 1.00000000072352e+05 
4.03966446265241e-02 1.00000000094193e+05 
4.05247019184859e-02 1.00000000124956e+05 
4.06511909008517e-02 1.00000000168111e+05 
4.07790854493940e-02 1.00000000343988e+05 
4.09060770044424e-02 1.00000000545952e+05 
4.10339360918537e-02 1.00000000779689e+05 
4.11618946410328e-02 1.00000001157341e+05 
4.12896185258834e-02 1.00000001604017e+05 
4.14175378209820e-02 1.00000002110416e+05 
4.15454284281852e-02 1.00000002690850e+05 
4.16733138765362e-02 1.00000003339104e+05 
4.18010774435232e-02 1.00000004083123e+05 
4.19289666732176e-02 1.00000004920505e+05 
4.20569352454979e-02 1.00000005887937e+05 
4.21848668324138e-02 1.00000006825472e+05 
4.23128454343466e-02 1.00000007926750e+05 
4.24408891666612e-02 1.00000009237956e+05 
4.25691593932359e-02 1.00000010784310e+05 
4.26972735319930e-02 1.00000012564891e+05 
4.28255519567299e-02 1.00000014643141e+05 
4.29537449509479e-02 1.00000017101770e+05 
4.30819774473475e-02 1.00000019960391e+05 
4.32102166684812e-02 1.00000023287180e+05 
4.33386548270713e-02 1.00000027169765e+05 
4.34669157615575e-02 1.00000031617597e+05 
4.35953755730620e-02 1.00000036720734e+05 
4.37235925447339e-02 1.00000042701829e+05 
4.38517943208341e-02 1.00000049551620e+05 
4.39799646097617e-02 1.00000057480177e+05 
4.41084266347435e-02 1.00000066683850e+05 
4.42365525687331e-02 1.00000077144009e+05 
4.43649974412982e-02 1.00000089001065e+05 
4.44930571211968e-02 1.00000102793315e+05 
4.46210886368409e-02 1.00000118425847e+05 
4.47490821343356e-02 1.00000136410843e+05 
4.48774991781603e-02 1.00000157192242e+05 
4.50054452117163e-02 1.00000180641323e+05 
4.51338459192166e-02 1.00000206726070e+05 
4.52616945711247e-02 1.00000236994927e+05 
4.53894525914222e-02 1.00000271059302e+05 
4.55171326292093e-02 1.00000310005680e+05 
4.56453554057992e-02 1.00000354855726e+05 
4.57728922439571e-02 1.00000405074674e+05 
4.59010618454927e-02 1.00000461059487e+05 
4.60285753388793e-02 1.00000525280513e+05 
4.61562416931847e-02 1.00000596932849e+05 
4.62839221558718e-02 1.00000678122458e+05 
4.64123085858862e-02 1.00000770940183e+05 
4.65402900542478e-02 1.00000874276263e+05 
4.66689044947499e-02 1.00000988325255e+05 
4.67972190749501e-02 1.00001119000026e+05 
4.69258583147935e-02 1.00001264045751e+05 
4.70549895126203e-02 1.00001428613226e+05 
4.71842687129867e-02 1.00001615930541e+05 
4.73133833351122e-02 1.00001824385796e+05 
4.74427092201908e-02 1.00002052485827e+05 
4.75722217017094e-02 1.00002313435317e+05 
4.77017795049706e-02 1.00002600660344e+05 
4.78314670632180e-02 1.00002923515769e+05 
4.79612213074374e-02 1.00003288916392e+05 
4.80909276429146e-02 1.00003693855439e+05 
4.82207433194683e-02 1.00004134284131e+05 
4.83506772318602e-02 1.00004635477686e+05 
4.84805680103234e-02 1.00005182971245e+05 
4.86104341125258e-02 1.00005794790171e+05 
4.87403185219544e-02 1.00006483852015e+05 
4.88701208655562e-02 1.00007243081183e+05 
4.90001274905193e-02 1.00008062761382e+05 
4.91301070567035e-02 1.00008990842744e+05 
4.92601513231786e-02 1.00009997675607e+05 
4.93901264696689e-02 1.00011116976816e+05 
4.95203269421168e-02 1.00012373810892e+05 
4.96504319255593e-02 1.00013750843832e+05 
4.97807451995626e-02 1.00015224810482e+05 
4.99106755432570e-02 1.00016875280867e+05 
5.00407073953674e-02 1.00018658927660e+05 
5.01705063592547e-02 1.00020627717383e+05 
5.03005881224689e-02 1.00022828964406e+05 
5.04304686607911e-02 1.00025230483249e+05 
5.05605035769076e-02 1.00027795398433e+05 
5.06901178224763e-02 1.00030658508146e+05 
5.08197336572197e-02 1.00033730540238e+05 
5.09491836872962e-02 1.00037096563548e+05 
5.10790401409764e-02 1.00040846561910e+05 
5.12086298136305e-02 1.00044915696223e+05 
5.13386352574251e-02 1.00049243890674e+05 
5.14683614448338e-02 1.00054055504706e+05 
5.15982615865812e-02 1.00059193502569e+05 
5.17285484269875e-02 1.00064817373702e+05 
5.18593697187698e-02 1.00071069119125e+05 
5.19902455539268e-02 1.00077838405932e+05 
5.21218468670562e-02 1.00084980970120e+05 
5.22537409491368e-02 1.00092989419869e+05 
5.23862468263496e-02 1.00101472665047e+05 
5.25192841390392e-02 1.00110804755614e+05 
5.26532357172477e-02 1.00121181850633e+05 
5.27876522369174e-02 1.00132415542514e+05 
5.29231499932320e-02 1.00144218634592e+05 
5.30589527631191e-02 1.00157473389506e+05 
5.31956247322858e-02 1.00171436792300e+05 
5.33330051610346e-02 1.00186714894531e+05 
5.34714783684274e-02 1.00203816319134e+05 
5.36101614029036e-02 1.00222227355998e+05 
5.37492606974537e-02 1.00241331924329e+05 
5.38860058736428e-02 1.00262368933688e+05 
5.40255327330837e-02 1.00284641857477e+05 
5.41649596212163e-02 1.00308764694182e+05 
5.43042583981610e-02 1.00335470980938e+05 
5.44435926763154e-02 1.00364004306948e+05 
5.45828178346002e-02 1.00393237982657e+05 
5.47220392822917e-02 1.00425581034473e+05 
5.48612425016455e-02 1.00459196753760e+05 
5.50006804436236e-02 1.00495429590393e+05 
5.51401900307999e-02 1.00535423509269e+05 
5.52801145195174e-02 1.00577659441266e+05 
5.54203052314459e-02 1.00621003942246e+05 
5.55611086255438e-02 1.00668899606038e+05 
5.57021252306391e-02 1.00718331660428e+05 
5.58437120623394e-02 1.00771369053977e+05 
5.59857080534922e-02 1.00829796236053e+05 
5.61285738971469e-02 1.00891232488464e+05 
5.62725885984036e-02 1.00954105897276e+05 
5.64169551570678e-02 1.01023079216291e+05 
5.65615015757776e-02 1.01093549530741e+05 
5.67063784991157e-02 1.01168431348543e+05 
5.68513394883953e-02 1.01250213559511e+05 
5.69962786812458e-02 1.01334999346436e+05 
5.71411851570019e-02 1.01420167475314e+05 
5.72861540622146e-02 1.01512616595707e+05 
5.74310875314771e-02 1.01605809270236e+05 
5.75759806612156e-02 1.01703487366798e+05 
5.77208919805947e-02 1.01808966441097e+05 
5.78657788832361e-02 1.01917380138616e+05 
5.80106073153847e-02 1.02024970860590e+05 
5.81554454479739e-02 1.02140562318431e+05 
5.83003555683207e-02 1.02255338837572e+05 
5.84454077964912e-02 1.02374173047256e+05 
5.85906953759543e-02 1.02500648766656e+05 
5.87363215799626e-02 1.02629880705655e+05 
5.88823067002680e-02 1.02756422536906e+05 
5.90288390078303e-02 1.02891244126066e+05 
5.91755409248009e-02 1.03021925835916e+05 
5.93224699386932e-02 1.03154901623376e+05 
5.94696922881643e-02 1.03296141931168e+05 
5.96173904042620e-02 1.03438069563959e+05 
5.97656822460754e-02 1.03574693114574e+05 
5.99145690580675e-02 1.03716905829396e+05 
6.00640634525117e-02 1.03853697654791e+05 
6.02139964578351e-02 1.03989368428119e+05 
6.03647010379438e-02 1.04132399265195e+05 
6.05155564798323e-02 1.04271498578345e+05 
6.06665071266178e-02 1.04400504570997e+05 
6.08176047946267e-02 1.04532975676816e+05 
6.09687401019154e-02 1.04652935690210e+05 
6.11193246982586e-02 1.04766951246387e+05 
6.12707766355030e-02 1.04881904497826e+05 
6.14222563143121e-02 1.04995986368289e+05 
6.15736506561474e-02 1.05092911384049e+05 
6.17250675034028e-02 1.05186607157893e+05 
6.18764460669496e-02 1.05265628630750e+05 
6.20278269578020e-02 1.05336800895356e+05 
6.21791369507655e-02 1.05411096051152e+05 
6.23305910369176e-02 1.05468227056851e+05 
6.24823073739796e-02 1.05520915140651e+05 
6.26346719392679e-02 1.05574297450437e+05 
6.27871156373128e-02 1.05616429430312e+05 
6.29399559408705e-02 1.05651528827777e+05 
6.30931406062717e-02 1.05678261503391e+05 
6.32466948758968e-02 1.05704438611431e+05 
6.34002497776227e-02 1.05726826920692e+05 
6.35539486367017e-02 1.05745659225057e+05 
6.37074771927899e-02 1.05756295008973e+05 
6.38617770765205e-02 1.05761015387714e+05 
6.40162461594123e-02 1.05762534805124e+05 
6.41712571199729e-02 1.05755656815539e+05 
6.43266721091001e-02 1.05741129864332e+05 
6.44820403227323e-02 1.05720570972220e+05 
6.46381996837248e-02 1.05693550316525e+05 
6.47936328983658e-02 1.05660482527755e+05 
6.49504993476763e-02 1.05621074372631e+05 
6.51075964783004e-02 1.05576426161412e+05 
6.52650211828209e-02 1.05528161714314e+05 
6.54205299810423e-02 1.05474737197588e+05 
6.55777621024286e-02 1.05417318614350e+05 
6.57336392582973e-02 1.05355728647113e+05 
6.58913280096693e-02 1.05287717103824e+05 
6.60492589283217e-02 1.05215977161597e+05 
6.62072104547626e-02 1.05143226934414e+05 
6.63638684887541e-02 1.05065990449747e+05 
6.65216657912797e-02 1.04987289686634e+05 
6.66782599230972e-02 1.04905853122171e+05 
6.68355647155409e-02 1.04818987869942e+05 
6.69927042763074e-02 1.04730454188817e+05 
6.71497818555902e-02 1.04642382189034e+05 
6.73068391320655e-02 1.04549783371683e+05 
6.74638776509699e-02 1.04457900444905e+05 
6.76209906553857e-02 1.04363902129610e+05 
6.77784550339108e-02 1.04264231078865e+05 
6.79363607255213e-02 1.04162771286858e+05 
6.80947142257982e-02 1.04063058112713e+05 
6.82533080736692e-02 1.03959160981176e+05 
6.84121088681760e-02 1.03857401952433e+05 
6.85712117042567e-02 1.03754011266988e+05 
6.87306132119718e-02 1.03646442225344e+05 
6.88902839803688e-02 1.03539278203992e+05 
6.90502426213972e-02 1.03434309994189e+05 
6.92104419799552e-02 1.03326088914119e+05 
6.93708283228103e-02 1.03220315873358e+05 
6.95316345234895e-02 1.03113303296298e+05 
6.96926070270174e-02 1.03002762981393e+05 
6.98536482868957e-02 1.02892529266460e+05 
7.00147700258416e-02 1.02785103213357e+05 
7.01758748304461e-02 1.02674606804959e+05 
7.03371095593883e-02 1.02567284514604e+05 
7.04984282027961e-02 1.02459318710488e+05 
7.06596859522240e-02 1.02348407690036e+05 
7.08209785379723e-02 1.02238574601027e+05 
7.09823476496537e-02 1.02132560763023e+05 
7.11437327774181e-02 1.02024083206870e+05 
7.13051946243089e-02 1.01919456560283e+05 
7.14667887772804e-02 1.01814633402937e+05 
7.16283690987112e-02 1.01707312099371e+05 
7.17900076743271e-02 1.01601428745742e+05 
7.19517034368486e-02 1.01499636693902e+05 
7.21134455823981e-02 1.01395861122401e+05 
7.22752492595445e-02 1.01295722069501e+05 
7.24372084672105e-02 1.01195758908835e+05 
7.25991206665811e-02 1.01091362949584e+05 
7.27611365145153e-02 1.00989042392863e+05 
7.29232242352624e-02 1.00893396183367e+05 
7.30854454110593e-02 1.00793355840962e+05 
7.32476848931776e-02 1.00698979330627e+05 
7.34101767958405e-02 1.00604243525380e+05 
7.35726291024532e-02 1.00506928875340e+05 
7.37352929518597e-02 1.00411592759116e+05 
7.38980896473567e-02 1.00321594242531e+05 
7.40611351509478e-02 1.00228754241237e+05 
7.42241737998818e-02 1.00141223651880e+05 
7.43876803969907e-02 1.00053812730426e+05 
7.45511394766419e-02 9.99638262580266e+04 
7.47149922648563e-02 9.98755539317579e+04 
7.48791078048505e-02 9.97925870213510e+04 
7.50436568338990e-02 9.97068079065197e+04 
7.52081582402218e-02 9.96262772281401e+04 
7.53735343224948e-02 9.95458527007535e+04 
7.55388508425874e-02 9.94631682660649e+04 
7.57050063605770e-02 9.93821402630252e+04 
7.58719225921138e-02 9.93063691790198e+04 
7.60395768973030e-02 9.92277695281401e+04 
7.62075208915369e-02 9.91543696204434e+04 
7.63761403683878e-02 9.90812766266440e+04 
7.65450916337471e-02 9.90058708464177e+04 
7.67147152120735e-02 9.89324018622283e+04 
7.68852018488863e-02 9.88641766740151e+04 
7.70566685362790e-02 9.87931626430058e+04 
7.72285909666079e-02 9.87271156048418e+04 
7.74014668117529e-02 9.86614921170866e+04 
7.75745747722622e-02 9.85955566459771e+04 
7.77475409147028e-02 9.85300610440155e+04 
7.79203702202530e-02 9.84704204194483e+04 
7.80930864630323e-02 9.84095355517682e+04 
7.82657454394699e-02 9.83509770107910e+04 
7.84384159211300e-02 9.82956167646668e+04 
7.86110934515485e-02 9.82390510279133e+04 
7.87838912269486e-02 9.81834323054555e+04 
7.89569085644584e-02 9.81327620148023e+04 
7.91298832086245e-02 9.80818751595025e+04 
7.93027482705669e-02 9.80361062411240e+04 
7.94755672118347e-02 9.79920050211965e+04 
7.96484398560694e-02 9.79474961764314e+04 
7.98213589656547e-02 9.79051018882302e+04 
7.99942931147560e-02 9.78681721494474e+04 
8.01672657313946e-02 9.78296185546747e+04 
8.03402689984287e-02 9.77940343808733e+04 
8.05133130733320e-02 9.77590212612330e+04 
8.06863633333894e-02 9.77235311746643e+04 
8.08593758648644e-02 9.76894524483092e+04 
8.10323243180015e-02 9.76582222420575e+04 
8.12052410995902e-02 9.76272028151692e+04 
8.13781096351116e-02 9.76001338858396e+04 
8.15509494689927e-02 9.75753402623380e+04 
8.17237810673483e-02 9.75513395385168e+04 
8.18965973199547e-02 9.75295070293283e+04 
8.20693643329350e-02 9.75105758254527e+04 
8.22421817770240e-02 9.74924573812348e+04 
8.24150543528912e-02 9.74790908036248e+04 
8.25880151177737e-02 9.74679340598544e+04 
8.27611480869412e-02 9.74570718149213e+04 
8.29345655888201e-02 9.74485532235533e+04 
8.31085447346731e-02 9.74433543901980e+04 
8.32831277703436e-02 9.74384609024475e+04 
8.34583108720114e-02 9.74378808656827e+04 
8.36341412683940e-02 9.74384355942924e+04 
8.38106645698699e-02 9.74390493707129e+04 
8.39878305751542e-02 9.74412948540778e+04 
8.41655996232013e-02 9.74454765577044e+04 
8.43433621453489e-02 9.74505540372051e+04 
8.45210985072322e-02 9.74579955490340e+04 
8.46988109122714e-02 9.74682101861862e+04 
8.48765294023342e-02 9.74800683201398e+04 
8.50542842279721e-02 9.74938173376627e+04 
8.52320459525755e-02 9.75096257636671e+04 
8.54042605343848e-02 9.75265776868167e+04 
8.55821289965799e-02 9.75463112109661e+04 
8.57599987221401e-02 9.75683364026722e+04 
8.59378876696719e-02 9.75922579914018e+04 
8.61157893322033e-02 9.76178598694518e+04 
8.62936449172345e-02 9.76446288557843e+04 
8.64715902178634e-02 9.76740332617976e+04 
8.66497046258327e-02 9.77041825035897e+04 
8.68279714455305e-02 9.77373126618945e+04 
8.70063581277194e-02 9.77719659869895e+04 
8.71848964045827e-02 9.78076251765404e+04 
8.73634703396915e-02 9.78430110582825e+04 
8.75422298490031e-02 9.78805961724382e+04 
8.77211651327441e-02 9.79187992961404e+04 
8.79003474571987e-02 9.79585764274051e+04 
8.80800527161104e-02 9.80000493977428e+04 
8.82602639571973e-02 9.80424943410122e+04 
8.84409956968918e-02 9.80848339189106e+04 
8.86222687275776e-02 9.81292169172909e+04 
8.88040792503862e-02 9.81736703685605e+04 
8.89864525937055e-02 9.82194845239125e+04 
8.91694606682481e-02 9.82673192493033e+04 
8.93531010174944e-02 9.83156242082802e+04 
8.95369039615747e-02 9.83628103913516e+04 
8.97206882345200e-02 9.84116817272806e+04 
8.99044325889489e-02 9.84595610534424e+04 
9.00881947312603e-02 9.85081503026967e+04 
9.02719785860146e-02 9.85581736208822e+04 
9.04558707896533e-02 9.86076449691419e+04 
9.06398917505563e-02 9.86550335322330e+04 
9.08242482728458e-02 9.87035241939373e+04 
9.10088183584301e-02 9.87499243136361e+04 
9.11935979165164e-02 9.87961323856218e+04 
9.13784818366345e-02 9.88426797131955e+04 
9.15636887682703e-02 9.88877919510135e+04 
9.17492412505647e-02 9.89307548048388e+04 
9.19352669106593e-02 9.89730604861973e+04 
9.21217458050931e-02 9.90127476487898e+04 
9.23081691450605e-02 9.90516867304604e+04 
9.24946312749216e-02 9.90903615188157e+04 
9.26814273561415e-02 9.91272131604016e+04 
9.28678942153254e-02 9.91611585155637e+04 
9.30543895335566e-02 9.91952068360075e+04 
9.32414731976899e-02 9.92258349094280e+04 
9.34280441714353e-02 9.92545990444715e+04 
9.36149088332512e-02 9.92814753006915e+04 
9.38021409758873e-02 9.93034439692779e+04 
9.39893603887048e-02 9.93247225256433e+04 
9.41766413223948e-02 9.93450608989922e+04 
9.43638961614616e-02 9.93633552760443e+04 
9.45511664148103e-02 9.93803281516187e+04 
9.47385144482468e-02 9.93955666693404e+04 
9.49259149045529e-02 9.94090601473606e+04 
9.51133052835437e-02 9.94196317918374e+04 
9.53007576498420e-02 9.94295842834422e+04 
9.54881965753612e-02 9.94390449797351e+04 
9.56756569150851e-02 9.94477923501308e+04 
9.58632012902245e-02 9.94543918899179e+04 
9.60508106246832e-02 9.94591653147951e+04 
9.62384271038090e-02 9.94624379571897e+04 
9.64261227524236e-02 9.94637908296207e+04 
9.66138339450507e-02 9.94644780683769e+04 
9.68015856417249e-02 9.94642407785860e+04 
9.69894347714441e-02 9.94613931388280e+04 
9.71773620707309e-02 9.94581616152732e+04 
9.73653088064589e-02 9.94544898451716e+04 
9.75533357794720e-02 9.94491483441927e+04 
9.77413848171296e-02 9.94439499632676e+04 
9.79294720761132e-02 9.94380709181182e+04 
9.81176467298140e-02 9.94297131653329e+04 
9.83058855976398e-02 9.94207054529270e+04 
9.84941388027831e-02 9.94112821450490e+04 
9.86824652610902e-02 9.94004042178447e+04 
9.88708189442719e-02 9.93896145959115e+04 
9.90511654174578e-02 9.93787960731156e+04 
9.92395686369937e-02 9.93661072093100e+04 
9.94280509412126e-02 9.93531721802115e+04 
9.96165382723595e-02 9.93399470956671e+04 
9.98052931223050e-02 9.93254073335374e+04 
9.99941027875264e-02 9.93110736516072e+04 
1.00182813569527e-01 9.92964799704375e+04 
1.00371633109235e-01 9.92803121050475e+04 
1.00560497887455e-01 9.92639126940361e+04 
1.00749407325217e-01 9.92477030700718e+04 
1.00938379054684e-01 9.92303300832188e+04 
1.01127375775933e-01 9.92140011733942e+04 
1.01316383856856e-01 9.91976494529581e+04 
1.01505462004624e-01 9.91802501079228e+04 
1.01694605190102e-01 9.91641868665018e+04 
1.01883785909276e-01 9.91495683479666e+04 
1.02073038087233e-01 9.91349862619753e+04 
1.02262356647540e-01 9.91214584335674e+04 
1.02451722951816e-01 9.91086085360614e+04 
1.02641178620260e-01 9.90957465433532e+04 
1.02830707376164e-01 9.90841209711980e+04 
1.03020261256641e-01 9.90737690991828e+04 
1.03209865335183e-01 9.90629457674914e+04 
1.03399519385823e-01 9.90536270087135e+04 
1.03589214980065e-01 9.90448805633137e+04 
1.03778999371399e-01 9.90373570401930e+04 
1.03968860261655e-01 9.90306219909981e+04 
1.04158754646240e-01 9.90241467620014e+04 
1.04348703941867e-01 9.90189633195939e+04 
1.04538703089333e-01 9.90149486162058e+04 
1.04728742499033e-01 9.90119680573384e+04 
1.04918859739374e-01 9.90103929353980e+04 
1.05109048306386e-01 9.90100656153735e+04 
1.05299275088543e-01 9.90099767926961e+04 
1.05489565121297e-01 9.90116045437173e+04 
1.05679918742526e-01 9.90145794644193e+04 
1.05870322579926e-01 9.90187856466332e+04 
1.06060807679869e-01 9.90245624780525e+04 
1.06251380449469e-01 9.90316839403658e+04 
1.06442004017713e-01 9.90393118055125e+04 
1.06632694744080e-01 9.90489815929032e+04 
1.06823438138855e-01 9.90597704315350e+04 
1.07014185749844e-01 9.90723286682185e+04 
1.07204998314178e-01 9.90860570154313e+04 
1.07395955854405e-01 9.91012996669154e+04 
1.07586963017702e-01 9.91174634224906e+04 
1.07777993666512e-01 9.91353006254786e+04 
1.07969052764292e-01 9.91535871281702e+04 
1.08160102330048e-01 9.91725793834227e+04 
1.08351202771573e-01 9.91926935093116e+04 
1.08542413127836e-01 9.92139637243511e+04 
1.08733649897225e-01 9.92349496206066e+04 
1.08924925453894e-01 9.92574412319225e+04 
1.09116216642352e-01 9.92803465696986e+04 
1.09307475433521e-01 9.93042018121513e+04 
1.09498691718569e-01 9.93291192424432e+04 
1.09689990491316e-01 9.93550489522604e+04 
1.09881398048042e-01 9.93803588173484e+04 
1.10072769484067e-01 9.94073211765412e+04 
1.10264098470028e-01 9.94344608261603e+04 
1.10455364612137e-01 9.94623997229051e+04 
1.10646523303109e-01 9.94914572105695e+04 
1.10837795822425e-01 9.95207765237038e+04 
1.11029164788345e-01 9.95491744544355e+04 
1.11220526760708e-01 9.95792330659541e+04 
1.11411873297313e-01 9.96089642033303e+04 
1.11603192484270e-01 9.96391114760002e+04 
1.11794470356864e-01 9.96704265047380e+04 
1.11985868817448e-01 9.97016697969452e+04 
1.12177370424671e-01 9.97303918727900e+04 
1.12368892828516e-01 9.97602087598317e+04 
1.12560420951449e-01 9.97887655856275e+04 
1.12751948414882e-01 9.98178241927605e+04 
1.12943466406395e-01 9.98473148566988e+04 
1.13135111936181e-01 9.98766624340649e+04 
1.13326870858656e-01 9.99040159781915e+04 
1.13518666082276e-01 9.99321225839137e+04 
1.13710481332560e-01 9.99587883865319e+04 
1.13902317708516e-01 9.99851021172143e+04 
1.14094165365989e-01 1.00011762439070e+05 
1.14286141242706e-01 1.00038831921608e+05 
1.14478152675477e-01 1.00062193736741e+05 
1.14670162419310e-01 1.00086799620939e+05 
1.14862150818133e-01 1.00109160445035e+05 
1.15054105578630e-01 1.00131206881767e+05 
1.15246107476472e-01 1.00153620387790e+05 
1.15438181146980e-01 1.00175305724522e+05 
1.15630252277484e-01 1.00194741040195e+05 
1.15822312172970e-01 1.00215084973258e+05 
1.16014339036617e-01 1.00233169163656e+05 
1.16206326982588e-01 1.00250573718356e+05 
1.16398342510970e-01 1.00268392986062e+05 
1.16590399348576e-01 1.00285632599709e+05 
1.16782449693813e-01 1.00300590809014e+05 
1.16974490155198e-01 1.00316580352636e+05 
1.17166500701679e-01 1.00331174818303e+05 
1.17358477226517e-01 1.00345536218910e+05 
1.17550468286516e-01 1.00361310320293e+05 
1.17742490802315e-01 1.00377225024794e+05 
1.17934508963941e-01 1.00391531767649e+05 
1.18126526634283e-01 1.00407707429466e+05 
1.18318525442672e-01 1.00422363978432e+05 
1.18510502241535e-01 1.00437452715575e+05 
1.18702495028440e-01 1.00453880455199e+05 
1.18894514654212e-01 1.00470281123243e+05 
1.19086528706996e-01 1.00485007631720e+05 
1.19278550405501e-01 1.00501292512920e+05 
1.19470563882213e-01 1.00516670246451e+05 
1.19662565160661e-01 1.00532465566176e+05 
1.19854585064157e-01 1.00549492803103e+05 
1.20046634918985e-01 1.00566806570636e+05 
1.20238680494102e-01 1.00582792710627e+05 
1.20430742112546e-01 1.00600226191603e+05 
1.20622808172409e-01 1.00616676471652e+05 
1.20814873255579e-01 1.00633441817667e+05 
1.21006959647180e-01 1.00651479212067e+05 
1.21199075884679e-01 1.00669558861419e+05 
1.21391191796910e-01 1.00685710199393e+05 
1.21583327838603e-01 1.00703477391274e+05 
1.21775477052449e-01 1.00719785252231e+05 
1.21967632087654e-01 1.00736248896657e+05 
1.22159810916171e-01 1.00753701323551e+05 
1.22352025020604e-01 1.00770741433707e+05 
1.22544246916615e-01 1.00785639881033e+05 
1.22736498750594e-01 1.00801515402719e+05 
1.22928775803693e-01 1.00815771391647e+05 
1.23121066306941e-01 1.00829730368198e+05 
1.23313381890196e-01 1.00844043912652e+05 
1.23505731722477e-01 1.00857398188526e+05 
1.23698090742100e-01 1.00869094377780e+05 
1.23890486558758e-01 1.00881085850223e+05 
1.24082915049158e-01 1.00890874782585e+05 
1.24275363471930e-01 1.00899532241837e+05 
1.24467839665918e-01 1.00907327907928e+05 
1.24660352744638e-01 1.00913719693047e+05 
1.24852851662598e-01 1.00917870073182e+05 
1.25045387046955e-01 1.00920405868951e+05 
1.25237903666437e-01 1.00920755634129e+05 
1.25430417666717e-01 1.00921227445160e+05 
1.25622880828419e-01 1.00921201061951e+05 
1.25815329161081e-01 1.00920472787130e+05 
1.26007753397170e-01 1.00918244068771e+05 
1.26200219792115e-01 1.00915539825549e+05 
1.26392676995800e-01 1.00911510877150e+05 
1.26585135954592e-01 1.00906560457551e+05 
1.26777547968781e-01 1.00900412025115e+05 
1.26969950677636e-01 1.00893014724296e+05 
1.27162335396573e-01 1.00884540729362e+05 
1.27354767334962e-01 1.00875174831353e+05 
1.27547199348615e-01 1.00864816549909e+05 
1.27739637407411e-01 1.00853624154565e+05 
1.27932034782697e-01 1.00841355254694e+05 
1.28124433038467e-01 1.00828068072210e+05 
1.28316822568010e-01 1.00813996923053e+05 
1.28509268634690e-01 1.00798779312998e+05 
1.28701726952331e-01 1.00782947459182e+05 
1.28894196953053e-01 1.00766323710905e+05 
1.29086631257575e-01 1.00748987503065e+05 
1.29279074159618e-01 1.00731028840194e+05 
1.29471515624089e-01 1.00713126325813e+05 
1.29664021394832e-01 1.00694029758000e+05 
1.29856547431380e-01 1.00674841913159e+05 
1.30049089638896e-01 1.00655200751658e+05 
1.30241601199911e-01 1.00634911304239e+05 
1.30434133105664e-01 1.00614423143864e+05 
1.30626677814918e-01 1.00594303996654e+05 
1.30819302350197e-01 1.00573324676520e+05 
1.31011964275544e-01 1.00552630814953e+05 
1.31204657201402e-01 1.00531551415657e+05 
1.31397333207445e-01 1.00509841113531e+05 
1.31590042483605e-01 1.00488076045204e+05 
1.31782772028038e-01 1.00466845113676e+05 
1.31975584374369e-01 1.00444748069617e+05 
1.32168433785393e-01 1.00423057266390e+05 
1.32361311609977e-01 1.00401029258050e+05 
1.32554172172290e-01 1.00378424144941e+05 
1.32747066557198e-01 1.00355759612177e+05 
1.32939984345134e-01 1.00333757774316e+05 
1.33132990384334e-01 1.00310779874668e+05 
1.33326039200522e-01 1.00288382878105e+05 
1.33519120308991e-01 1.00265630157530e+05 
1.33712191842583e-01 1.00242200647303e+05 
1.33905305781131e-01 1.00218888869463e+05 
1.34098451853434e-01 1.00196589201976e+05 
1.34291693895416e-01 1.00173343084034e+05 
1.34484987038833e-01 1.00150522964476e+05 
1.34678320523672e-01 1.00127913228122e+05 
1.34871655504093e-01 1.00105053192603e+05 
1.35065042796077e-01 1.00082100606240e+05 
1.35258471287056e-01 1.00060938118279e+05 
1.35452003646134e-01 1.00038741909283e+05 
1.35645593826938e-01 1.00017949560661e+05 
1.35839232805341e-01 9.99971367603336e+04 
1.36032883049726e-01 9.99756913452401e+04 
1.36226572962180e-01 9.99548187148315e+04 
1.36420246090533e-01 9.99353627965226e+04 
1.36613974431518e-01 9.99151190865967e+04 
1.36807725502350e-01 9.98962109923273e+04 
1.37001488815775e-01 9.98773629179393e+04 
1.37195218179187e-01 9.98580373298084e+04 
1.37388943608566e-01 9.98394376598148e+04 
1.37582657507398e-01 9.98222337177634e+04 
1.37776455222247e-01 9.98045614344945e+04 
1.37970273576001e-01 9.97883044075064e+04 
1.38164103127687e-01 9.97723145055998e+04 
1.38357894473231e-01 9.97561081388386e+04 
1.38518594151259e-01 9.97432739222515e+04 
1.38689865325280e-01 9.97306757349945e+04 
1.38872021323160e-01 9.97171929738317e+04 
1.39032597071586e-01 9.97062970344061e+04 
1.39205465454077e-01 9.96950883426021e+04 
1.39370327793955e-01 9.96846580136307e+04 
1.39549181631260e-01 9.96743013555532e+04 
1.39717769243912e-01 9.96652875849975e+04 
1.39885256763915e-01 9.96560963034681e+04 
1.40060011909568e-01 9.96474454659709e+04 
1.40231824977151e-01 9.96391349435478e+04 
1.40409484459028e-01 9.96304828283663e+04 
1.40587451472903e-01 9.96224666369079e+04 
1.40766714259589e-01 9.96152887698641e+04 
1.40942221546612e-01 9.96082096498774e+04 
1.41123802549190e-01 9.96018137539723e+04 
1.41300537148416e-01 9.95959562363767e+04 
1.41484078461400e-01 9.95901808227295e+04 
1.41671900398306e-01 9.95848774372358e+04 
1.41863072637619e-01 9.95803298285454e+04 
1.42016184151998e-01 9.95767936005266e+04 
1.42184572540097e-01 9.95736008946193e+04 
1.42367460904386e-01 9.95706925385660e+04 
1.42531355481497e-01 9.95681364094500e+04 
1.42710510705984e-01 9.95658924780790e+04 
1.42903805539613e-01 9.95640480720964e+04 
1.43067454863454e-01 9.95624207141691e+04 
1.43242335181782e-01 9.95612800997517e+04 
1.43424232899008e-01 9.95602805847991e+04 
1.43610535448211e-01 9.95591682182830e+04 
1.43790378510713e-01 9.95584398322125e+04 
1.43975859144918e-01 9.95579946811977e+04 
1.44152954976903e-01 9.95574147357376e+04 
1.44337787902167e-01 9.95572293249154e+04 
1.44518545620544e-01 9.95570422173083e+04 
1.44706832352493e-01 9.95566202596758e+04 
1.44899497129191e-01 9.95563909087572e+04 
1.45088713431161e-01 9.95563129068388e+04 
1.45282977238944e-01 9.95559421785094e+04 
1.45478064261911e-01 9.95559605236125e+04 
1.45673198154918e-01 9.95559092985102e+04 
1.45868364137556e-01 9.95553703862544e+04 
1.46063543160542e-01 9.95549151910390e+04 
1.46258794716485e-01 9.95545418224828e+04 
1.46454084660807e-01 9.95536809586551e+04 
1.46649424660033e-01 9.95531846850436e+04 
1.46844792180850e-01 9.95526242174137e+04 
1.47040197816228e-01 9.95513429738908e+04 
1.47235654710449e-01 9.95500873517548e+04 
1.47431152349480e-01 9.95489072754078e+04 
1.47626678999042e-01 9.95471367791514e+04 
1.47822246220808e-01 9.95458282550420e+04 
1.48017831342461e-01 9.95443553031587e+04 
1.48213433204417e-01 9.95421403023937e+04 
1.48409057003289e-01 9.95400719344649e+04 
1.48604700942345e-01 9.95381801455861e+04 
1.48800353663869e-01 9.95356107065927e+04 
1.48996004402991e-01 9.95335833660747e+04 
1.49191659024810e-01 9.95313503529510e+04 
1.49387325459435e-01 9.95282476676847e+04 
1.49583004935578e-01 9.95252481278902e+04 
1.49778687026115e-01 9.95224150747178e+04 
1.49974361309466e-01 9.95188043253955e+04 
1.50170042963136e-01 9.95157891303410e+04 
1.50365721275075e-01 9.95125340515527e+04 
1.50561417944825e-01 9.95083685978876e+04 
1.50757137088681e-01 9.95041930113746e+04 
1.50952860046144e-01 9.95001668299525e+04 
1.51148579305416e-01 9.94953395425773e+04 
1.51344308919665e-01 9.94909415472045e+04 
1.51540037033393e-01 9.94862333212963e+04 
1.51735786159741e-01 9.94806250812460e+04 
1.51931561334754e-01 9.94748839092173e+04 
1.52127343569475e-01 9.94691453160132e+04 
1.52323128618889e-01 9.94622961006332e+04 
1.52518930907482e-01 9.94560042172019e+04 
1.52714736843475e-01 9.94493313541392e+04 
1.52910565739548e-01 9.94411865481988e+04 
1.53106423922820e-01 9.94329901113294e+04 
1.53302287993398e-01 9.94251274902152e+04 
1.53498158794971e-01 9.94157770546753e+04 
1.53694046823433e-01 9.94071864396954e+04 
1.53889935831887e-01 9.93980171577802e+04 
1.54085843484105e-01 9.93871985823763e+04 
1.54281777118919e-01 9.93762981749408e+04 
1.54477711442097e-01 9.93657534101950e+04 
1.54673654727576e-01 9.93536287679428e+04 
1.54869614996575e-01 9.93422804913927e+04 
1.55065575179747e-01 9.93303693288303e+04 
1.55261552214981e-01 9.93166880681300e+04 
1.55457552402693e-01 9.93029277781557e+04 
1.55653548453620e-01 9.92895354276647e+04 
1.55849554131869e-01 9.92743173567426e+04 
1.56045575046290e-01 9.92600953542540e+04 
1.56241594397364e-01 9.92452051808917e+04 
1.56437628489842e-01 9.92282989503866e+04 
1.56633681961117e-01 9.92112900621785e+04 
1.56829726027177e-01 9.91951095074758e+04 
1.57025778444682e-01 9.91768111046477e+04 
1.57221843145435e-01 9.91598279283564e+04 
1.57417903358814e-01 9.91421953555389e+04 
1.57613977733645e-01 9.91223828571031e+04 
1.57810070974968e-01 9.91026605736885e+04 
1.58006157217820e-01 9.90840503523120e+04 
1.58202253026805e-01 9.90632690565886e+04 
1.58398339712945e-01 9.90440668021353e+04 
1.58594426401247e-01 9.90243400075738e+04 
1.58790519202278e-01 9.90024639276052e+04 
1.58986617084470e-01 9.89808501556206e+04 
1.59182717668277e-01 9.89606374756293e+04 
1.59378820676618e-01 9.89383172677069e+04 
1.59574913959325e-01 9.89178690927190e+04 
1.59771004911071e-01 9.88970907016836e+04 
1.59967098764492e-01 9.88742927632451e+04 
1.60163193511309e-01 9.88519768617475e+04 
1.60359285552999e-01 9.88312982149193e+04 
1.60555370305956e-01 9.88086922958921e+04 
1.60716797788444e-01 9.87916502994167e+04 
1.60894368019181e-01 9.87729680994920e+04 
1.61088912631285e-01 9.87508119489835e+04 
1.61284932378922e-01 9.87291290736945e+04 
1.61480930065471e-01 9.87092365549148e+04 
1.61676897624728e-01 9.86876235043088e+04 
1.61872845495838e-01 9.86682976341436e+04 
1.62068857185717e-01 9.86490475182920e+04 
1.62264860484692e-01 9.86282804530596e+04 
1.62460856060980e-01 9.86083414256424e+04 
1.62656844289865e-01 9.85901720226444e+04 
1.62852824266308e-01 9.85706484324880e+04 
1.63048791207845e-01 9.85532111752876e+04 
1.63244759461210e-01 9.85359941722555e+04 
1.63440740309133e-01 9.85175553636046e+04 
1.63636737625008e-01 9.84999719037987e+04 
1.63832753946269e-01 9.84842583037040e+04 
1.64028786531677e-01 9.84674503439899e+04 
1.64224826799176e-01 9.84528573978129e+04 
1.64420880299229e-01 9.84387016800905e+04 
1.64616946282133e-01 9.84236609292343e+04 
1.64813023073030e-01 9.84096400129198e+04 
1.65009108842556e-01 9.83976245931577e+04 
1.65205202184793e-01 9.83846025874769e+04 
1.65401297107921e-01 9.83738835593699e+04 
1.65597403293324e-01 9.83637585079587e+04 
1.65793525180273e-01 9.83531062993145e+04 
1.65989664044286e-01 9.83434600207896e+04 
1.66185820534789e-01 9.83357660273270e+04 
1.66381994146351e-01 9.83274476763496e+04 
1.66578178531111e-01 9.83209846017840e+04 
1.66774384111399e-01 9.83151803404046e+04 
1.66970613463738e-01 9.83089407807988e+04 
1.67166864652841e-01 9.83034704959767e+04 
1.67363136025712e-01 9.82994672698882e+04 
1.67559425264383e-01 9.82950901099270e+04 
1.67755725682369e-01 9.82920693839325e+04 
1.67952048311030e-01 9.82900346781574e+04 
1.68148396979811e-01 9.82876466139877e+04 
1.68344768696771e-01 9.82861247629383e+04 
1.68541160090335e-01 9.82856312175028e+04 
1.68737555093654e-01 9.82847494961713e+04 
1.68933953340503e-01 9.82855341890379e+04 
1.69130357569366e-01 9.82868878248105e+04 
1.69326773305886e-01 9.82876666819991e+04 
1.69523199031611e-01 9.82891923247107e+04 
1.69719624235502e-01 9.82916713191527e+04 
1.69916047943446e-01 9.82938171169737e+04 
1.70112475557031e-01 9.82975305610008e+04 
1.70308910386056e-01 9.83018445236104e+04 
1.70505357182912e-01 9.83059948226623e+04 
1.70701815515790e-01 9.83113489369228e+04 
1.70898275329133e-01 9.83175953876237e+04 
1.71094745141035e-01 9.83246544092421e+04 
1.71291236379654e-01 9.83328374424936e+04 
1.71487767837156e-01 9.83417664913498e+04 
1.71684313406926e-01 9.83507627056564e+04 
1.71880853571407e-01 9.83603979321502e+04 
1.72077376890055e-01 9.83702958463129e+04 
1.72273883102885e-01 9.83806305065727e+04 
1.72470381382466e-01 9.83918712950924e+04 
1.72666881306877e-01 9.84038917619486e+04 
1.72863396333038e-01 9.84162341596924e+04 
1.73059928702172e-01 9.84291355932763e+04 
1.73256474114974e-01 9.84420383813135e+04 
1.73453034542941e-01 9.84556804162283e+04 
1.73649616511467e-01 9.84698184187217e+04 
1.73846218916243e-01 9.84848012796604e+04 
1.74042848789399e-01 9.85003959999118e+04 
1.74239510242121e-01 9.85163610367880e+04 
1.74436189152287e-01 9.85319722939261e+04 
1.74632886060896e-01 9.85485273556085e+04 
1.74829604505281e-01 9.85653515900697e+04 
1.75026340292945e-01 9.85829787059443e+04 
1.75223100504977e-01 9.86012751921747e+04 
1.75419893822229e-01 9.86199627445567e+04 
1.75616706064142e-01 9.86381022247196e+04 
1.75813536505682e-01 9.86571898576005e+04 
1.76010390592435e-01 9.86762831438460e+04 
1.76207263922746e-01 9.86959980679184e+04 
1.76404165053722e-01 9.87162718247320e+04 
1.76601105469768e-01 9.87367166245714e+04 
1.76798070877202e-01 9.87562016920226e+04 
1.76995059546013e-01 9.87766152652762e+04 
1.77192050991840e-01 9.87966491198280e+04 
1.77389033640243e-01 9.88171316676625e+04 
1.77586017328905e-01 9.88381714720728e+04 
1.77783009232602e-01 9.88590809581467e+04 
1.77979998467372e-01 9.88786798376751e+04 
1.78176982431271e-01 9.88991227055614e+04 
1.78373962604079e-01 9.89186679094082e+04 
1.78570938996159e-01 9.89385098050906e+04 
1.78767920964443e-01 9.89588854950375e+04 
1.78964917291188e-01 9.89790038586496e+04 
1.79161917433082e-01 9.89977784053367e+04 
1.79358919204119e-01 9.90172277667595e+04 
1.79555922408961e-01 9.90356525545228e+04 
1.79752925157144e-01 9.90541394382966e+04 
1.79949936707352e-01 9.90729988065892e+04 
1.80146965051906e-01 9.90913365991339e+04 
1.80343999388936e-01 9.91084141347838e+04 
1.80541037594925e-01 9.91259895647658e+04 
1.80738078243367e-01 9.91423895247455e+04 
1.80935120697764e-01 9.91586346455049e+04 
1.81132173506301e-01 9.91751889795992e+04 
1.81329245069853e-01 9.91911763166516e+04 
1.81526323872279e-01 9.92057602006345e+04 
1.81723409058597e-01 9.92208288146985e+04 
1.81920497388881e-01 9.92348223210103e+04 
1.82117587146597e-01 9.92488405554170e+04 
1.82314687165052e-01 9.92632356877534e+04 
1.82511806714492e-01 9.92771363974846e+04 
1.82708934592618e-01 9.92898857980997e+04 
1.82906071269660e-01 9.93032004266535e+04 
1.83103212479151e-01 9.93154812490334e+04 
1.83300356573605e-01 9.93276288358277e+04 
1.83497512190161e-01 9.93402524684156e+04 
1.83694688495126e-01 9.93526095308627e+04 
1.83891875111561e-01 9.93640333633103e+04 
1.84089073687798e-01 9.93762592834850e+04 
1.84286279337477e-01 9.93877093108633e+04 
1.84483490477124e-01 9.93993837870061e+04 
1.84680715652983e-01 9.94118003245108e+04 
1.84877963328659e-01 9.94240491085071e+04 
1.85075224072463e-01 9.94353708030348e+04 
1.85272499372453e-01 9.94476602288058e+04 
1.85469784463387e-01 9.94591404216458e+04 
1.85667077852402e-01 9.94708691813725e+04 
1.85864387145458e-01 9.94834602680016e+04 
1.86061719781506e-01 9.94958884326605e+04 
1.86259067378504e-01 9.95073095882768e+04 
1.86456431218728e-01 9.95197710453081e+04 
1.86653807624813e-01 9.95312725690177e+04 
1.86851194198235e-01 9.95431947668100e+04 
1.87048598682621e-01 9.95557750386069e+04 
1.87246027981703e-01 9.95679078813452e+04 
1.87443473898836e-01 9.95788482325742e+04 
1.87640939870932e-01 9.95906462317216e+04 
1.87838420779146e-01 9.96012828669974e+04 
1.88035914283797e-01 9.96118657980138e+04 
1.88233427504948e-01 9.96232685154844e+04 
1.88430966704920e-01 9.96344529144312e+04 
1.88628523744318e-01 9.96447146050042e+04 
1.88826103317749e-01 9.96558069262230e+04 
1.89023699920186e-01 9.96658366961235e+04 
1.89221310810010e-01 9.96757855490736e+04 
1.89418942506778e-01 9.96863433582575e+04 
1.89616599422459e-01 9.96965469913322e+04 
1.89814274649115e-01 9.97058559375291e+04 
1.90011971563323e-01 9.97160170253231e+04 
1.90209684727788e-01 9.97252375228612e+04 
1.90407412372607e-01 9.97344501565493e+04 
1.90605159736328e-01 9.97443043636031e+04 
1.90802929201319e-01 9.97542958508822e+04 
1.91000715709196e-01 9.97633747088024e+04 
1.91198522144912e-01 9.97735730910899e+04 
1.91396343827901e-01 9.97827635325365e+04 
1.91594178969424e-01 9.97920115028314e+04 
1.91792033035697e-01 9.98022234300601e+04 
1.91989908013394e-01 9.98122218253340e+04 
1.92187799541964e-01 9.98215549307503e+04 
1.92385709850256e-01 9.98319223395468e+04 
1.92583633374342e-01 9.98413415106155e+04 
1.92781569900328e-01 9.98508299473686e+04 
1.92979526757959e-01 9.98613432688248e+04 
1.93177506372478e-01 9.98718171409444e+04 
1.93375504853943e-01 9.98817107910470e+04 
1.93573525376231e-01 9.98927292410401e+04 
1.93771563730879e-01 9.99023585761808e+04 
1.93969617990187e-01 9.99122294622752e+04 
1.94167693490187e-01 9.99234403168304e+04 
1.94365791346225e-01 9.99345138928556e+04 
1.94563907001320e-01 9.99450576821516e+04 
1.94762044544208e-01 9.99569253213274e+04 
1.94960200164912e-01 9.99679756294255e+04 
1.95158371995534e-01 9.99792296653173e+04 
1.95356564856406e-01 9.99917589116762e+04 
1.95554779392022e-01 1.00004375059175e+05 
1.95753010484188e-01 1.00016310938767e+05 
1.95951261735008e-01 1.00029598242233e+05 
1.96149528608776e-01 1.00042013780796e+05 
1.96347808785057e-01 1.00054687249618e+05 
1.96546107513775e-01 1.00068738812572e+05 
1.96744425126878e-01 1.00082964122484e+05 
1.96942756908776e-01 1.00096484575735e+05 
1.97141106566448e-01 1.00111569520406e+05 
1.97339470420608e-01 1.00125760288218e+05 
1.97537846947896e-01 1.00140313071014e+05 
1.97736241131966e-01 1.00156366382580e+05 
1.97934652956451e-01 1.00172669391876e+05 
1.98133077839521e-01 1.00188226389971e+05 
1.98331519572734e-01 1.00205563036984e+05 
1.98529974691269e-01 1.00222004914468e+05 
1.98728441893654e-01 1.00238810696627e+05 
1.98926926144809e-01 1.00257325414654e+05 
1.99126299285679e-01 1.00276167809230e+05 
1.99325684916582e-01 1.00294107337743e+05 
1.99525083350111e-01 1.00313909799991e+05 
1.99724495027194e-01 1.00332602943384e+05 
1.99923919321784e-01 1.00351584381463e+05 
2.00123359630970e-01 1.00372331902342e+05 
