# Liste des scalaires : TEMPS pmat 
0.00000000000000e+00 1.00000000000000e+05 
7.22956891292051e-05 1.00000000000000e+05 
1.51820947171331e-04 1.00000000000000e+05 
2.39298731017669e-04 1.00000000000000e+05 
3.35524293248641e-04 1.00000000000000e+05 
4.41372411702710e-04 1.00000000000000e+05 
5.57805342002186e-04 1.00000000000000e+05 
6.85881565331610e-04 1.00000000000000e+05 
8.26765410993976e-04 1.00000000000000e+05 
9.75091623520622e-04 1.00000000000000e+05 
1.12694150086077e-03 1.00000000000000e+05 
1.28606782804056e-03 1.00000000000000e+05 
1.45222732598854e-03 1.00000000000000e+05 
1.62470088692454e-03 1.00000000000000e+05 
1.79838416069849e-03 1.00000000000000e+05 
1.97626210902597e-03 1.00000000000000e+05 
2.16163493345560e-03 1.00000000000000e+05 
2.35829693071344e-03 1.00000000000000e+05 
2.56736267929125e-03 1.00000000000000e+05 
2.78122429610585e-03 1.00000000000000e+05 
3.00855937298176e-03 1.00000000000000e+05 
3.25168798733942e-03 1.00000000000000e+05 
3.50373870821101e-03 1.00000000000000e+05 
3.76395710427204e-03 1.00000000000000e+05 
4.03763590196725e-03 1.00000000000000e+05 
4.32653817086177e-03 1.00000000000000e+05 
4.63188550338052e-03 1.00000000000000e+05 
4.94954829089276e-03 1.00000000000000e+05 
5.27345559646559e-03 1.00000000000000e+05 
5.60507209246223e-03 1.00000000000000e+05 
5.95133986268340e-03 1.00000000000000e+05 
6.32041442319440e-03 1.00000000000000e+05 
6.70644692790071e-03 1.00000000000000e+05 
7.09516648067896e-03 1.00000000000000e+05 
7.48691103634705e-03 1.00000000000000e+05 
7.87766451285980e-03 1.00000000000000e+05 
8.26114210422170e-03 1.00000000000000e+05 
8.64157293315037e-03 1.00000000000000e+05 
9.01960153868090e-03 1.00000000000000e+05 
9.39647348184356e-03 1.00000000000000e+05 
9.77457211901760e-03 1.00000000000000e+05 
1.01553788380028e-02 1.00000000000000e+05 
1.05379353550839e-02 1.00000000000000e+05 
1.09247208559855e-02 1.00000000000000e+05 
1.13129584987182e-02 1.00000000000000e+05 
1.17025548617520e-02 1.00000000000000e+05 
1.20925125072032e-02 1.00000000000000e+05 
1.24820579254318e-02 1.00000000000000e+05 
1.28721540064352e-02 1.00000000000000e+05 
1.32627420262128e-02 1.00000000000000e+05 
1.36549425959603e-02 1.00000000000000e+05 
1.40484789237661e-02 1.00000000000000e+05 
1.44426099286365e-02 1.00000000000000e+05 
1.48363257993400e-02 1.00000000000000e+05 
1.52310855781664e-02 1.00000000000000e+05 
1.56261202722826e-02 1.00000000000000e+05 
1.60214539163363e-02 1.00000000000000e+05 
1.64167412912626e-02 1.00000000000000e+05 
1.68103926986173e-02 1.00000000000000e+05 
1.72017381585832e-02 1.00000000000000e+05 
1.75937246451599e-02 1.00000000000000e+05 
1.79853491628687e-02 1.00000000000000e+05 
1.83774465046677e-02 1.00000000000000e+05 
1.87696104590601e-02 1.00000000000000e+05 
1.91600218762985e-02 1.00000000000000e+05 
1.95491858332326e-02 1.00000000000000e+05 
1.99391417357387e-02 1.00000000000000e+05 
2.03286301625336e-02 1.00000000000000e+05 
2.07185623450146e-02 1.00000000000000e+05 
2.11082762836040e-02 1.00000000000000e+05 
2.14968652838057e-02 1.00000000000000e+05 
2.18838788770167e-02 1.00000000000000e+05 
2.22706798568123e-02 1.00000000000000e+05 
2.26567316781107e-02 1.00000000000000e+05 
2.30426060132684e-02 1.00000000000000e+05 
2.34284708932905e-02 1.00000000000000e+05 
2.38136186894900e-02 1.00000000000000e+05 
2.41980257142346e-02 1.00000000000000e+05 
2.45824851512161e-02 1.00000000000000e+05 
2.49665026717239e-02 1.00000000000000e+05 
2.53507100055711e-02 1.00000000000000e+05 
2.57351865676338e-02 1.00000000000000e+05 
2.61193275734818e-02 1.00000000000000e+05 
2.65029188459886e-02 1.00000000000000e+05 
2.68863158244391e-02 1.00000000000000e+05 
2.72689597004322e-02 1.00000000000000e+05 
2.76517123774151e-02 1.00000000000000e+05 
2.80343967827307e-02 1.00000000000000e+05 
2.84164882301809e-02 1.00000000000000e+05 
2.87979942079523e-02 1.00000000000000e+05 
2.91794306436964e-02 1.00000000000000e+05 
2.95604871575709e-02 1.00000000000000e+05 
2.99418700565509e-02 1.00000000000000e+05 
3.03234005861990e-02 1.00000000000000e+05 
3.07045548732126e-02 1.00000000000000e+05 
3.10853188370629e-02 1.00000000000000e+05 
3.14663081262266e-02 1.00000000000000e+05 
3.18471775445580e-02 1.00000000000000e+05 
3.22289316987883e-02 1.00000000000000e+05 
3.26113672302628e-02 1.00000000000000e+05 
3.29936111636017e-02 1.00000000000000e+05 
3.33763468994871e-02 1.00000000000000e+05 
3.37601933691791e-02 1.00000000000000e+05 
3.41447568225377e-02 1.00000000000000e+05 
3.45308933533848e-02 1.00000000000000e+05 
3.49178051291636e-02 1.00000000000000e+05 
3.53046142565481e-02 1.00000000000000e+05 
3.56905756390680e-02 1.00000000000000e+05 
3.60763973794071e-02 1.00000000000000e+05 
3.64621694855802e-02 1.00000000000000e+05 
3.68485288856848e-02 1.00000000000000e+05 
3.72354498155968e-02 1.00000000000000e+05 
3.76224044144569e-02 1.00000000000000e+05 
3.80087011456741e-02 1.00000000000000e+05 
3.83950047198699e-02 1.00000000000000e+05 
3.87813172940117e-02 1.00000000000000e+05 
3.91682879136927e-02 1.00000000000000e+05 
3.95557941621727e-02 1.00000000000000e+05 
3.99432201941440e-02 1.00000000000000e+05 
4.03298773945672e-02 1.00000000000000e+05 
4.07164007633676e-02 1.00000000000000e+05 
4.11025627518395e-02 1.00000000000000e+05 
4.14878992940057e-02 1.00000000000000e+05 
4.18720119639237e-02 1.00000000000000e+05 
4.22543301457634e-02 1.00000000000000e+05 
4.26350041721780e-02 1.00000000000000e+05 
4.30145677561696e-02 1.00000000000000e+05 
4.33929307109492e-02 1.00000000000000e+05 
4.37708016960812e-02 1.00000000000000e+05 
4.41479391976077e-02 1.00000000000000e+05 
4.45238878285977e-02 1.00000000000000e+05 
4.48985098822730e-02 1.00000000000000e+05 
4.52725922935528e-02 1.00000000000000e+05 
4.56457963645619e-02 1.00000000000000e+05 
4.60186852280408e-02 1.00000000000000e+05 
4.63913337789817e-02 1.00000000000000e+05 
4.67632510888078e-02 1.00000000000000e+05 
4.71345341570825e-02 1.00000000000000e+05 
4.75056506578965e-02 1.00000000000000e+05 
4.78763446250247e-02 1.00000000000000e+05 
4.82470559138238e-02 1.00000000000000e+05 
4.86180897929623e-02 1.00000000000000e+05 
4.89891399144409e-02 1.00000000000000e+05 
4.93599151291181e-02 1.00000000000000e+05 
4.97310931522481e-02 1.00000000000000e+05 
5.01023893966333e-02 1.00000000000000e+05 
5.04742725276958e-02 1.00000000000000e+05 
5.08468264467534e-02 1.00000000000000e+05 
5.12197509438724e-02 1.00000000000000e+05 
5.15929360940064e-02 1.00000000000000e+05 
5.19668464684882e-02 1.00000000000000e+05 
5.23412263263265e-02 1.00000000000000e+05 
5.27166508591285e-02 1.00000000000000e+05 
5.30929552489791e-02 1.00000000000000e+05 
5.34694398510789e-02 1.00000000000000e+05 
5.38456560993444e-02 1.00000000000000e+05 
5.42222232101225e-02 1.00000000000000e+05 
5.45987838472875e-02 1.00000000000000e+05 
5.49761958904003e-02 1.00000000000000e+05 
5.53542863481068e-02 1.00000000000000e+05 
5.57324763145999e-02 1.00000000000000e+05 
5.61105419974481e-02 1.00000000000000e+05 
5.64890659539351e-02 1.00000000000000e+05 
5.68677447963298e-02 1.00000000000000e+05 
5.72472275910843e-02 1.00000000000000e+05 
5.76275464765894e-02 1.00000000000000e+05 
5.80083668496696e-02 1.00000000000000e+05 
5.83892218881218e-02 1.00000000000000e+05 
5.87700286289397e-02 1.00000000000000e+05 
5.91506511237202e-02 1.00000000000000e+05 
5.95320832470660e-02 1.00000000000000e+05 
5.99140256502711e-02 1.00000000000000e+05 
6.02959131841786e-02 1.00000000000000e+05 
6.06773173847065e-02 1.00000000000000e+05 
6.10588339998584e-02 1.00000000000000e+05 
6.14402603007548e-02 1.00000000000000e+05 
6.18226044799552e-02 1.00000000000000e+05 
6.22055826625118e-02 1.00000000000000e+05 
6.25887240451000e-02 1.00000000000000e+05 
6.29716302407719e-02 1.00000000000000e+05 
6.33549069673503e-02 1.00000000000000e+05 
6.37384447469181e-02 1.00000000000000e+05 
6.41231946839908e-02 1.00000000000000e+05 
6.45090115537766e-02 1.00000000000000e+05 
6.48953340804165e-02 1.00000000000000e+05 
6.52811738896852e-02 1.00000000000000e+05 
6.56669752928981e-02 1.00000000000000e+05 
6.60527782702582e-02 1.00000000000000e+05 
6.64393213385459e-02 1.00000000000000e+05 
6.68264342551746e-02 1.00000000000000e+05 
6.72135593726059e-02 1.00000000000000e+05 
6.76003744882359e-02 1.00000000000000e+05 
6.79873600336010e-02 1.00000000000000e+05 
6.83745613533919e-02 1.00000000000000e+05 
6.87627419688934e-02 1.00000000000000e+05 
6.91517627798898e-02 1.00000000000000e+05 
6.95409574058181e-02 1.00000000000000e+05 
6.99302492442893e-02 1.00000000000000e+05 
7.03200812643827e-02 1.00000000000000e+05 
7.07104531210107e-02 1.00000000000000e+05 
7.11021758089278e-02 1.00000000000000e+05 
7.14950974188108e-02 1.00000000000000e+05 
7.18879920544658e-02 1.00000000000000e+05 
7.22804488398585e-02 1.00000000000000e+05 
7.26729598789993e-02 1.00000000000000e+05 
7.30654455745882e-02 1.00000000000000e+05 
7.34584995779052e-02 1.00000000000000e+05 
7.38520995982040e-02 1.00000000000000e+05 
7.42455889648103e-02 1.00000000000000e+05 
7.46388395877432e-02 1.00000000000000e+05 
7.50323420512587e-02 1.00000000000000e+05 
7.54260339087532e-02 1.00000000000000e+05 
7.58206492279499e-02 1.00000000000000e+05 
7.62161366723809e-02 1.00000000000001e+05 
7.66118547528557e-02 1.00000000000002e+05 
7.70077627402081e-02 1.00000000000005e+05 
7.74043500390451e-02 1.00000000000008e+05 
7.78015573290632e-02 1.00000000000015e+05 
7.81998125401552e-02 1.00000000000022e+05 
7.85984626407994e-02 1.00000000000059e+05 
7.89970743173269e-02 1.00000000000150e+05 
7.93954605321176e-02 1.00000000000260e+05 
7.97939503982117e-02 1.00000000002185e+05 
8.01924950574129e-02 1.00000000016885e+05 
8.05916871674775e-02 1.00000000046431e+05 
8.09913618079675e-02 1.00000000227439e+05 
8.13910492264300e-02 1.00000000454402e+05 
8.17906785347723e-02 1.00000000727152e+05 
8.21906751400536e-02 1.00000000915359e+05 
8.25909939779917e-02 1.00000001272237e+05 
8.29922694059551e-02 1.00000001739304e+05 
8.33943038957067e-02 1.00000002383472e+05 
8.37965848315445e-02 1.00000003292193e+05 
8.41987296847916e-02 1.00000004578375e+05 
8.46007751811569e-02 1.00000006337156e+05 
8.50027360334059e-02 1.00000008944598e+05 
8.54050032316054e-02 1.00000013028380e+05 
8.58075810572013e-02 1.00000018851120e+05 
8.62101968669421e-02 1.00000027389674e+05 
8.66127469898752e-02 1.00000039542376e+05 
8.70153688509014e-02 1.00000057496435e+05 
8.74181291235423e-02 1.00000082271096e+05 
8.78214217494010e-02 1.00000120787558e+05 
8.82252289882027e-02 1.00000175305825e+05 
8.86292036070123e-02 1.00000251401437e+05 
8.90329512808991e-02 1.00000359608558e+05 
8.94368129870144e-02 1.00000505254179e+05 
8.98404067916862e-02 1.00000696813251e+05 
9.02443622904493e-02 1.00000980201691e+05 
9.06484644588799e-02 1.00001332941897e+05 
9.10526825922804e-02 1.00001810132333e+05 
9.14567553142093e-02 1.00002459288821e+05 
9.18607505465942e-02 1.00003263377285e+05 
9.22646464188373e-02 1.00004239043983e+05 
9.26687580024831e-02 1.00005606740706e+05 
9.30731036767275e-02 1.00007188981117e+05 
9.34772473352503e-02 1.00009205250143e+05 
9.38811650104449e-02 1.00011823463412e+05 
9.42852329185481e-02 1.00014877344819e+05 
9.46890861049498e-02 1.00018334908483e+05 
9.50931560285985e-02 1.00022942679133e+05 
9.54975084676370e-02 1.00027979282509e+05 
9.59016890562349e-02 1.00034065541550e+05 
9.63056677168994e-02 1.00041599236039e+05 
9.67098941982738e-02 1.00049992651782e+05 
9.71139367460162e-02 1.00058963221363e+05 
9.75183536390071e-02 1.00070341126716e+05 
9.79231623862447e-02 1.00082261187113e+05 
9.83278454722566e-02 1.00096044258320e+05 
9.87324056164812e-02 1.00112326517472e+05 
9.91372886854152e-02 1.00129785941203e+05 
9.95420671092387e-02 1.00147664456435e+05 
9.99473711403057e-02 1.00168883116722e+05 
1.00353214082025e-01 1.00190717631194e+05 
1.00758924279228e-01 1.00214695640425e+05 
1.01164473875557e-01 1.00241629876912e+05 
1.01570115089144e-01 1.00269217879823e+05 
1.01975550462847e-01 1.00295435490134e+05 
1.02380993471184e-01 1.00325599542539e+05 
1.02786592045912e-01 1.00354433583164e+05 
1.03192063772464e-01 1.00384979664974e+05 
1.03597404338020e-01 1.00418070967502e+05 
1.04002927021077e-01 1.00450874027806e+05 
1.04408297380751e-01 1.00481075570385e+05 
1.04813831150096e-01 1.00514031068772e+05 
1.05219603318226e-01 1.00544305618352e+05 
1.05625306216126e-01 1.00574171285527e+05 
1.06030946044200e-01 1.00604625032156e+05 
1.06436884898128e-01 1.00632591891899e+05 
1.06842766852479e-01 1.00655750421586e+05 
1.07248963328137e-01 1.00677919693788e+05 
1.07655526490676e-01 1.00694556210647e+05 
1.08062062173088e-01 1.00710347818030e+05 
1.08468624548523e-01 1.00724858264828e+05 
1.08875629134243e-01 1.00736880430211e+05 
1.09282647758897e-01 1.00745878873763e+05 
1.09690120682496e-01 1.00751465776777e+05 
1.10098087872821e-01 1.00753243266660e+05 
1.10506088328356e-01 1.00752389477263e+05 
1.10914154661646e-01 1.00748987314398e+05 
1.11322773320529e-01 1.00744718373491e+05 
1.11731372667004e-01 1.00739085111121e+05 
1.12140225470465e-01 1.00731890340982e+05 
1.12549373338209e-01 1.00724608411908e+05 
1.12958368196540e-01 1.00716663223048e+05 
1.13367330370484e-01 1.00708280047656e+05 
1.13776431792432e-01 1.00702258227393e+05 
1.14185417834299e-01 1.00698345343533e+05 
1.14594443719057e-01 1.00694881342962e+05 
1.15003654708323e-01 1.00693598101927e+05 
1.15412748533364e-01 1.00693458568331e+05 
1.15821653253356e-01 1.00694358331315e+05 
1.16230708224643e-01 1.00698013189935e+05 
1.16639683959701e-01 1.00702399879998e+05 
1.17048821073163e-01 1.00707198716860e+05 
1.17458210281003e-01 1.00711869821527e+05 
1.17867512102376e-01 1.00714959747855e+05 
1.18276649320238e-01 1.00716111419398e+05 
1.18686006833830e-01 1.00716504098196e+05 
1.19095325662337e-01 1.00712989183738e+05 
1.19504940110704e-01 1.00706933791211e+05 
1.19914875727361e-01 1.00698120140399e+05 
1.20324778313029e-01 1.00686696135425e+05 
1.20734557281661e-01 1.00669864885302e+05 
1.21144654413321e-01 1.00653127569201e+05 
1.21554783205353e-01 1.00633352213297e+05 
1.21965357556808e-01 1.00610094722728e+05 
1.22376318944513e-01 1.00583504719722e+05 
1.22787313777494e-01 1.00553928119385e+05 
1.23198246113908e-01 1.00520790739254e+05 
1.23609604540398e-01 1.00486390777066e+05 
1.24021071419634e-01 1.00449833346895e+05 
1.24432777871990e-01 1.00412117972263e+05 
1.24844692360109e-01 1.00374052342801e+05 
1.25256518972630e-01 1.00335176370546e+05 
1.25668295584732e-01 1.00294678843962e+05 
1.26080264752398e-01 1.00254329617761e+05 
1.26492099429701e-01 1.00214745419721e+05 
1.26904125583547e-01 1.00173799326179e+05 
1.27316421672696e-01 1.00134376574810e+05 
1.27728647847264e-01 1.00095061620230e+05 
1.28140863537568e-01 1.00054454967923e+05 
1.28553356214764e-01 1.00013571229433e+05 
1.28965770290097e-01 9.99741732034878e+04 
1.29378492803123e-01 9.99322248714274e+04 
1.29791558972600e-01 9.98922198499534e+04 
1.30204566055519e-01 9.98521036098820e+04 
1.30617580728612e-01 9.98109165769872e+04 
1.31030898732444e-01 9.97690837089593e+04 
1.31444183421466e-01 9.97295681553929e+04 
1.31857869267184e-01 9.96876607338180e+04 
1.32271939971681e-01 9.96482168185554e+04 
1.32685963147166e-01 9.96091979825423e+04 
1.33099999454705e-01 9.95710275236176e+04 
1.33514375063213e-01 9.95313418755131e+04 
1.33928783697423e-01 9.94950143807462e+04 
1.34343691588785e-01 9.94561613222714e+04 
1.34759047099399e-01 9.94207284201638e+04 
1.35174411752862e-01 9.93863868450488e+04 
1.35589807030878e-01 9.93518800862035e+04 
1.36005611701731e-01 9.93179982439083e+04 
1.36421554978057e-01 9.92900045664358e+04 
1.36838132573475e-01 9.92592713176979e+04 
1.37255095895008e-01 9.92332310088041e+04 
1.37672098156101e-01 9.92092750782770e+04 
1.38089000379239e-01 9.91862779083184e+04 
1.38506216940065e-01 9.91649148110987e+04 
1.38923517535349e-01 9.91496630723874e+04 
1.39341150534949e-01 9.91320975606045e+04 
1.39758901503554e-01 9.91185955173079e+04 
1.40176565432799e-01 9.91070375893489e+04 
1.40594087889083e-01 9.90966478075052e+04 
1.41011637015719e-01 9.90865514381007e+04 
1.41428925773855e-01 9.90813275745602e+04 
1.41846257513090e-01 9.90741925565227e+04 
1.42263738856342e-01 9.90694414785833e+04 
1.42681164474525e-01 9.90662159550100e+04 
1.43098474536870e-01 9.90644767281403e+04 
1.43515855950223e-01 9.90635598127261e+04 
1.43933051943239e-01 9.90662667671789e+04 
1.44350406065094e-01 9.90691811551597e+04 
1.44768003213727e-01 9.90742213823027e+04 
1.45185601098848e-01 9.90807003064032e+04 
1.45603143859143e-01 9.90874881904404e+04 
1.46020820357118e-01 9.90948716984015e+04 
1.46438388708678e-01 9.91050352837697e+04 
1.46856272310336e-01 9.91156421401933e+04 
1.47274496950946e-01 9.91279942395646e+04 
1.47692790911336e-01 9.91415586953029e+04 
1.48111097768397e-01 9.91561169082378e+04 
1.48529651870543e-01 9.91713493227907e+04 
1.48948201534064e-01 9.91887256496049e+04 
1.49367255632783e-01 9.92069997400636e+04 
1.49786758964100e-01 9.92266053803578e+04 
1.50206431188327e-01 9.92471340650451e+04 
1.50626230682452e-01 9.92684670425198e+04 
1.51046434199788e-01 9.92903560063654e+04 
1.51466769288624e-01 9.93125413469184e+04 
1.51887797684400e-01 9.93360859010575e+04 
1.52309430499330e-01 9.93601717372558e+04 
1.52731321830635e-01 9.93846953744491e+04 
1.53153438978080e-01 9.94095254575004e+04 
1.53576051944886e-01 9.94351345621610e+04 
1.53998584550093e-01 9.94605998180886e+04 
1.54421278137142e-01 9.94874452850876e+04 
1.54844248119906e-01 9.95141460495553e+04 
1.55267390039558e-01 9.95410422454875e+04 
1.55690663018115e-01 9.95684664588897e+04 
1.56114137868370e-01 9.95960520138304e+04 
1.56537574279655e-01 9.96223678551440e+04 
1.56961265101413e-01 9.96512458343081e+04 
1.57385270094733e-01 9.96798765358183e+04 
1.57809466878372e-01 9.97090055693860e+04 
1.58233800201346e-01 9.97391695169509e+04 
1.58658358740713e-01 9.97700053908346e+04 
1.59082908539596e-01 9.97988019981291e+04 
1.59507788928174e-01 9.98303224493761e+04 
1.59933031064286e-01 9.98600893524294e+04 
1.60358492945589e-01 9.98895810093112e+04 
1.60784105953861e-01 9.99198425015741e+04 
1.61209988283470e-01 9.99500717472894e+04 
1.61635925030437e-01 9.99773334407091e+04 
1.62062291162637e-01 1.00007433453526e+05 
1.62489083986204e-01 1.00035910628881e+05 
1.62916158066886e-01 1.00064303116966e+05 
1.63343408247241e-01 1.00093417498498e+05 
1.63770981423274e-01 1.00122668335935e+05 
1.64198687354478e-01 1.00148524359619e+05 
1.64626934189259e-01 1.00176502734180e+05 
1.65055685438237e-01 1.00201967714934e+05 
1.65484788496091e-01 1.00226460290520e+05 
1.65914111025904e-01 1.00251050346579e+05 
1.66343814869753e-01 1.00274895941660e+05 
1.66773616152559e-01 1.00294363908668e+05 
1.67203617480709e-01 1.00315318522574e+05 
1.67633803308927e-01 1.00332586349691e+05 
1.68064305536237e-01 1.00348794846623e+05 
1.68495045548839e-01 1.00365328969056e+05 
1.68925938712138e-01 1.00380442331143e+05 
1.69356865243316e-01 1.00391159501015e+05 
1.69788021920145e-01 1.00403148625823e+05 
1.70219392988815e-01 1.00411744429113e+05 
1.70651112253504e-01 1.00419148385009e+05 
1.71083059338055e-01 1.00426783346907e+05 
1.71515174300101e-01 1.00432749881676e+05 
1.71947347301797e-01 1.00434335255304e+05 
1.72379790434835e-01 1.00436183942303e+05 
1.72812482107701e-01 1.00433770771712e+05 
1.73245540875128e-01 1.00429092469752e+05 
1.73678813902979e-01 1.00425132482846e+05 
1.74112269098876e-01 1.00419305336671e+05 
1.74545815029318e-01 1.00410399102777e+05 
1.74979675737131e-01 1.00400805917237e+05 
1.75413819126513e-01 1.00389275992145e+05 
1.75848351087048e-01 1.00376462848736e+05 
1.76282898280014e-01 1.00363043745232e+05 
1.76717453660218e-01 1.00348838953371e+05 
1.77152073112690e-01 1.00333442201188e+05 
1.77586794285549e-01 1.00316653790833e+05 
1.78021704153687e-01 1.00299382625814e+05 
1.78456677247135e-01 1.00281109798425e+05 
1.78891603437042e-01 1.00262106378752e+05 
1.79326557875151e-01 1.00242811145875e+05 
1.79761558989666e-01 1.00223473772722e+05 
1.80196667096192e-01 1.00201889082905e+05 
1.80631965802485e-01 1.00180455286657e+05 
1.81067337830956e-01 1.00157885570293e+05 
1.81502655132973e-01 1.00134333254674e+05 
1.81938039002578e-01 1.00111040889999e+05 
1.82373463472409e-01 1.00088996227509e+05 
1.82809025057103e-01 1.00064806038654e+05 
1.83244809287314e-01 1.00042121170368e+05 
1.83680700951359e-01 1.00019443409997e+05 
1.84116573889251e-01 9.99967263216330e+04 
1.84552588216951e-01 9.99754940444529e+04 
1.84988673234375e-01 9.99571363319510e+04 
1.85424968973259e-01 9.99378116407344e+04 
1.85861551469692e-01 9.99210198683711e+04 
1.86298296198585e-01 9.99051370123885e+04 
1.86735087210937e-01 9.98903754638702e+04 
1.87172104944179e-01 9.98768304467964e+04 
1.87609232380314e-01 9.98651664065266e+04 
1.88046670691622e-01 9.98530576244320e+04 
1.88484482875177e-01 9.98421578076378e+04 
1.88922499694463e-01 9.98317309700023e+04 
1.89360423211335e-01 9.98218528306945e+04 
1.89798232587951e-01 9.98127641204006e+04 
1.90236035794976e-01 9.98061569061294e+04 
1.90673821602842e-01 9.97990895790943e+04 
1.91111670868130e-01 9.97944005383363e+04 
1.91549674986941e-01 9.97904981830174e+04 
1.91987617427575e-01 9.97873905467620e+04 
1.92425475330350e-01 9.97846577682814e+04 
1.92863324950433e-01 9.97835507923621e+04 
1.93301185938593e-01 9.97814106368138e+04 
1.93739137005266e-01 9.97801463796143e+04 
1.94177228462828e-01 9.97786460362580e+04 
1.94615273292908e-01 9.97772171403969e+04 
1.95053277198743e-01 9.97759570247375e+04 
1.95491284413034e-01 9.97761424438179e+04 
1.95929339030624e-01 9.97758514665923e+04 
1.96367521677897e-01 9.97772654725939e+04 
1.96805857432523e-01 9.97792226215292e+04 
1.97244158370081e-01 9.97818201775217e+04 
1.97682443437759e-01 9.97847755223388e+04 
1.98120749269397e-01 9.97884354604723e+04 
1.98559119921294e-01 9.97926054039048e+04 
1.98997637289173e-01 9.97977073688496e+04 
1.99436310912741e-01 9.98035296796366e+04 
1.99874949882572e-01 9.98103242213874e+04 
2.00313580915606e-01 9.98172867760134e+04 
