# Liste des scalaires : TEMPS pmat 
0.00000000000000e+00 1.00000000000000e+05 
5.42217668469038e-05 1.00000000000000e+05 
9.96886934731708e-05 1.00000000000000e+05 
1.42699645058520e-04 1.00000000000000e+05 
1.86239528004257e-04 1.00000000000000e+05 
2.30449681776297e-04 1.00000000000000e+05 
2.74211110394651e-04 1.00000000000000e+05 
3.18042467903385e-04 1.00000000000000e+05 
3.62903155666515e-04 1.00000000000000e+05 
4.08374324609194e-04 1.00000000000000e+05 
4.54250300939215e-04 1.00000000000000e+05 
5.01411561736034e-04 1.00000000000000e+05 
5.50449986481090e-04 1.00000000000000e+05 
5.99545390979810e-04 1.00000000000000e+05 
6.49687847122306e-04 1.00000000000000e+05 
7.00733802059674e-04 1.00000000000000e+05 
7.52480188844526e-04 1.00000000000000e+05 
8.05518728301438e-04 1.00000000000000e+05 
8.60477409379049e-04 1.00000000000000e+05 
9.15671221953616e-04 1.00000000000000e+05 
9.71902230023670e-04 1.00000000000000e+05 
1.02997384536086e-03 1.00000000000000e+05 
1.08993805549559e-03 1.00000000000000e+05 
1.15057035159919e-03 1.00000000000000e+05 
1.21266426236845e-03 1.00000000000000e+05 
1.27653774973324e-03 1.00000000000000e+05 
1.34177735971351e-03 1.00000000000000e+05 
1.40779461831614e-03 1.00000000000000e+05 
1.47512383833823e-03 1.00000000000000e+05 
1.54439445067807e-03 1.00000000000000e+05 
1.61535934444089e-03 1.00000000000000e+05 
1.68714403092674e-03 1.00000000000000e+05 
1.75863154629259e-03 1.00000000000000e+05 
1.83208125788064e-03 1.00000000000000e+05 
1.90756669353339e-03 1.00000000000000e+05 
1.98451397716045e-03 1.00000000000000e+05 
2.06260101441181e-03 1.00000000000000e+05 
2.14210166731547e-03 1.00000000000000e+05 
2.22336300980708e-03 1.00000000000000e+05 
2.30451292048548e-03 1.00000000000000e+05 
2.38640168951119e-03 1.00000000000000e+05 
2.47004164342830e-03 1.00000000000000e+05 
2.55650580892527e-03 1.00000000000000e+05 
2.64428798362537e-03 1.00000000000000e+05 
2.73314431477182e-03 1.00000000000000e+05 
2.82364977781848e-03 1.00000000000000e+05 
2.91575435027412e-03 1.00000000000000e+05 
3.00936521848796e-03 1.00000000000000e+05 
3.10437952512069e-03 1.00000000000000e+05 
3.20045642874033e-03 1.00000000000000e+05 
3.29738801424824e-03 1.00000000000000e+05 
3.39342690447084e-03 1.00000000000000e+05 
3.48663979656614e-03 1.00000000000000e+05 
3.58078373138721e-03 1.00000000000000e+05 
3.67896306065826e-03 1.00000000000000e+05 
3.77697220327845e-03 1.00000000000000e+05 
3.87534215588353e-03 1.00000000000000e+05 
3.97431854214677e-03 1.00000000000000e+05 
4.07382359520678e-03 1.00000000000000e+05 
4.17393405935320e-03 1.00000000000000e+05 
4.27426372361606e-03 1.00000000000000e+05 
4.37521204399093e-03 1.00000000000000e+05 
4.47660735268119e-03 1.00000000000000e+05 
4.57761757481492e-03 1.00000000000000e+05 
4.67804104332195e-03 1.00000000000000e+05 
4.77813744520721e-03 1.00000000000000e+05 
4.87744936260148e-03 1.00000000000000e+05 
4.97735623797182e-03 1.00000000000000e+05 
5.07690888548909e-03 1.00000000000000e+05 
5.17704641400710e-03 1.00000000000000e+05 
5.27658911508411e-03 1.00000000000000e+05 
5.37632296312724e-03 1.00000000000000e+05 
5.47564711299509e-03 1.00000000000000e+05 
5.57556297372312e-03 1.00000000000000e+05 
5.67605946869907e-03 1.00000000000000e+05 
5.77663672981068e-03 1.00000000000000e+05 
5.87714585688152e-03 1.00000000000000e+05 
5.97757148373324e-03 1.00000000000000e+05 
6.07791848682369e-03 1.00000000000000e+05 
6.17820741951917e-03 1.00000000000000e+05 
6.27846105916386e-03 1.00000000000000e+05 
6.37866689633863e-03 1.00000000000000e+05 
6.47889879936147e-03 1.00000000000000e+05 
6.57910194198396e-03 1.00000000000000e+05 
6.67939115335354e-03 1.00000000000000e+05 
6.77983417071013e-03 1.00000000000000e+05 
6.88050569402475e-03 1.00000000000000e+05 
6.98128026076148e-03 1.00000000000000e+05 
7.08214486341251e-03 1.00000000000000e+05 
7.18309992453691e-03 1.00000000000000e+05 
7.28419541670703e-03 1.00000000000000e+05 
7.38545417837383e-03 1.00000000000000e+05 
7.48682779786216e-03 1.00000000000000e+05 
7.58827929172872e-03 1.00000000000000e+05 
7.68976293812746e-03 1.00000000000000e+05 
7.79134453959402e-03 1.00000000000000e+05 
7.89305772330434e-03 1.00000000000000e+05 
7.99497883360080e-03 1.00000000000000e+05 
8.09713875078415e-03 1.00000000000000e+05 
8.19839635145840e-03 1.00000000000000e+05 
8.30073793331552e-03 1.00000000000000e+05 
8.40317612278819e-03 1.00000000000000e+05 
8.50468709426933e-03 1.00000000000000e+05 
8.60701747140251e-03 1.00000000000000e+05 
8.70964403490739e-03 1.00000000000000e+05 
8.81114248248271e-03 1.00000000000000e+05 
8.91383045818680e-03 1.00000000000000e+05 
9.01654603705090e-03 1.00000000000000e+05 
9.11876963043611e-03 1.00000000000000e+05 
9.22155355855805e-03 1.00000000000000e+05 
9.32433984641892e-03 1.00000000000000e+05 
9.42528342197665e-03 1.00000000000000e+05 
9.52816382398364e-03 1.00000000000000e+05 
9.63135320364094e-03 1.00000000000000e+05 
9.73254986310333e-03 1.00000000000000e+05 
9.83465023202356e-03 1.00000000000000e+05 
9.93738043707036e-03 1.00000000000000e+05 
1.00387210511609e-02 1.00000000000000e+05 
1.01422605469726e-02 1.00000000000000e+05 
1.02458597007780e-02 1.00000000000000e+05 
1.03474488835054e-02 1.00000000000000e+05 
1.04499455574236e-02 1.00000000000000e+05 
1.05531870677402e-02 1.00000000000000e+05 
1.06550055580588e-02 1.00000000000000e+05 
1.07587613749998e-02 1.00000000000000e+05 
1.08613267026085e-02 1.00000000000000e+05 
1.09636042337892e-02 1.00000000000000e+05 
1.10661905687622e-02 1.00000000000000e+05 
1.11700213805299e-02 1.00000000000000e+05 
1.12729866791810e-02 1.00000000000000e+05 
1.13769730099675e-02 1.00000000000000e+05 
1.14799888172004e-02 1.00000000000000e+05 
1.15831671395907e-02 1.00000000000000e+05 
1.16864222674584e-02 1.00000000000000e+05 
1.17906977518261e-02 1.00000000000000e+05 
1.18941358297627e-02 1.00000000000000e+05 
1.19983371455170e-02 1.00000000000000e+05 
1.21016184267885e-02 1.00000000000000e+05 
1.22045394871407e-02 1.00000000000000e+05 
1.23078445002341e-02 1.00000000000000e+05 
1.24129990156626e-02 1.00000000000000e+05 
1.25158494856360e-02 1.00000000000000e+05 
1.26199863207497e-02 1.00000000000000e+05 
1.27231659669425e-02 1.00000000000000e+05 
1.28261131878780e-02 1.00000000000000e+05 
1.29292924657499e-02 1.00000000000000e+05 
1.30343016419563e-02 1.00000000000000e+05 
1.31372271191411e-02 1.00000000000000e+05 
1.32435305969218e-02 1.00000000000000e+05 
1.33468902917930e-02 1.00000000000000e+05 
1.34499961165038e-02 1.00000000000000e+05 
1.35530078567430e-02 1.00000000000000e+05 
1.36570126601293e-02 1.00000000000000e+05 
1.37594970466755e-02 1.00000000000000e+05 
1.38643448577170e-02 1.00000000000000e+05 
1.39673132316297e-02 1.00000000000000e+05 
1.40702873614942e-02 1.00000000000000e+05 
1.41742760115033e-02 1.00000000000000e+05 
1.42782954114121e-02 1.00000000000000e+05 
1.43814464831165e-02 1.00000000000000e+05 
1.44868766094584e-02 1.00000000000000e+05 
1.45915976012128e-02 1.00000000000000e+05 
1.46949913255647e-02 1.00000000000000e+05 
1.47994710667228e-02 1.00000000000000e+05 
1.49039902513206e-02 1.00000000000000e+05 
1.50075177680861e-02 1.00000000000000e+05 
1.51134526406635e-02 1.00000000000000e+05 
1.52154545758648e-02 1.00000000000000e+05 
1.53175321390842e-02 1.00000000000000e+05 
1.54194011242690e-02 1.00000000000000e+05 
1.55245796676156e-02 1.00000000000000e+05 
1.56265196802407e-02 1.00000000000000e+05 
1.57310688743662e-02 1.00000000000000e+05 
1.58341677316646e-02 1.00000000000000e+05 
1.59373590914280e-02 1.00000000000000e+05 
1.60402261507742e-02 1.00000000000000e+05 
1.61451835662233e-02 1.00000000000000e+05 
1.62495725511099e-02 1.00000000000000e+05 
1.63553673782124e-02 1.00000000000000e+05 
1.64589486752243e-02 1.00000000000000e+05 
1.65626037204366e-02 1.00000000000000e+05 
1.66661390990018e-02 1.00000000000000e+05 
1.67715515288505e-02 1.00000000000000e+05 
1.68750331202757e-02 1.00000000000000e+05 
1.69803024863512e-02 1.00000000000000e+05 
1.70864402317144e-02 1.00000000000000e+05 
1.71901372154194e-02 1.00000000000000e+05 
1.72947239266824e-02 1.00000000000000e+05 
1.74002844962276e-02 1.00000000000000e+05 
1.75039825694954e-02 1.00000000000000e+05 
1.76095976575580e-02 1.00000000000000e+05 
1.77130487179113e-02 1.00000000000000e+05 
1.78176842849655e-02 1.00000000000000e+05 
1.79215015488786e-02 1.00000000000000e+05 
1.80272142469076e-02 1.00000000000000e+05 
1.81329575804163e-02 1.00000000000000e+05 
1.82387309180284e-02 1.00000000000000e+05 
1.83458048627125e-02 1.00000000000000e+05 
1.84514409826429e-02 1.00000000000000e+05 
1.85588028061489e-02 1.00000000000000e+05 
1.86645978390607e-02 1.00000000000000e+05 
1.87715783696520e-02 1.00000000000000e+05 
1.88776677167150e-02 1.00000000000000e+05 
1.89842736488425e-02 1.00000000000000e+05 
1.90917690086743e-02 1.00000000000000e+05 
1.91979508485493e-02 1.00000000000000e+05 
1.93048394533641e-02 1.00000000000000e+05 
1.94134608207261e-02 1.00000000000000e+05 
1.95209815260638e-02 1.00000000000000e+05 
1.96270141000876e-02 1.00000000000000e+05 
1.97335002638654e-02 1.00000000000000e+05 
1.98396826325269e-02 1.00000000000000e+05 
1.99485267526919e-02 1.00000000000000e+05 
2.00559157646110e-02 1.00000000000000e+05 
2.01642857309251e-02 1.00000000000000e+05 
2.02714877195385e-02 1.00000000000000e+05 
2.03797746858051e-02 1.00000000000000e+05 
2.04871358542966e-02 1.00000000000000e+05 
2.05970647276862e-02 1.00000000000000e+05 
2.07046113158930e-02 1.00000000000000e+05 
2.08114535785260e-02 1.00000000000000e+05 
2.09184324535130e-02 1.00000000000000e+05 
2.10266554287747e-02 1.00000000000000e+05 
2.11336188259994e-02 1.00000000000000e+05 
2.12409278811649e-02 1.00000000000000e+05 
2.13491899282304e-02 1.00000000000000e+05 
2.14566566448718e-02 1.00000000000000e+05 
2.15672823534502e-02 1.00000000000000e+05 
2.16755476141792e-02 1.00000000000000e+05 
2.17829216570494e-02 1.00000000000000e+05 
2.18904703427347e-02 1.00000000000000e+05 
2.19989306875808e-02 1.00000000000000e+05 
2.21064569591932e-02 1.00000000000000e+05 
2.22154056595167e-02 1.00000000000000e+05 
2.23264398912000e-02 1.00000000000000e+05 
2.24353758444767e-02 1.00000000000000e+05 
2.25430273483414e-02 1.00000000000000e+05 
2.26519225629302e-02 1.00000000000000e+05 
2.27598657200351e-02 1.00000000000000e+05 
2.28687887806840e-02 1.00000000000000e+05 
2.29803833757439e-02 1.00000000000000e+05 
2.30891866401217e-02 1.00000000000000e+05 
2.31979882849310e-02 1.00000000000000e+05 
2.33087991849941e-02 1.00000000000000e+05 
2.34185613550420e-02 1.00000000000000e+05 
2.35272449468288e-02 1.00000000000000e+05 
2.36386072409657e-02 1.00000000000000e+05 
2.37472117283183e-02 1.00000000000000e+05 
2.38593841904498e-02 1.00000000000000e+05 
2.39714287423073e-02 1.00000000000000e+05 
2.40811932243701e-02 1.00000000000000e+05 
2.41898899955061e-02 1.00000000000000e+05 
2.43004630392940e-02 1.00000000000000e+05 
2.44092816249933e-02 1.00000000000000e+05 
2.45194202805189e-02 1.00000000000000e+05 
2.46302960846605e-02 1.00000000000000e+05 
2.47404989015861e-02 1.00000000000000e+05 
2.48496253252402e-02 1.00000000000000e+05 
2.49603532181872e-02 1.00000000000000e+05 
2.50694134571161e-02 1.00000000000000e+05 
2.51800770071547e-02 1.00000000000000e+05 
2.52917618211310e-02 1.00000000000000e+05 
2.54021963976592e-02 1.00000000000000e+05 
2.55113017749927e-02 1.00000000000000e+05 
2.56217228722607e-02 1.00000000000000e+05 
2.57312394176509e-02 1.00000000000000e+05 
2.58421977717901e-02 1.00000000000000e+05 
2.59543786416688e-02 1.00000000000000e+05 
2.60656015115213e-02 1.00000000000000e+05 
2.61757542566581e-02 1.00000000000000e+05 
2.62873987772482e-02 1.00000000000000e+05 
2.63973203076084e-02 1.00000000000000e+05 
2.65093600067809e-02 1.00000000000000e+05 
2.66221210075289e-02 1.00000000000000e+05 
2.67332860459341e-02 1.00000000000000e+05 
2.68429497088805e-02 1.00000000000000e+05 
2.69537701954043e-02 1.00000000000000e+05 
2.70636873029753e-02 1.00000000000000e+05 
2.71768778846049e-02 1.00000000000000e+05 
2.72904986499219e-02 1.00000000000000e+05 
2.74027505009075e-02 1.00000000000000e+05 
2.75134763518505e-02 1.00000000000000e+05 
2.76265584749198e-02 1.00000000000000e+05 
2.77387442869191e-02 1.00000000000000e+05 
2.78515587458492e-02 1.00000000000000e+05 
2.79652982872040e-02 1.00000000000000e+05 
2.80782739938668e-02 1.00000000000000e+05 
2.81900794931764e-02 1.00000000000000e+05 
2.83030969204427e-02 1.00000000000000e+05 
2.84151546127112e-02 1.00000000000000e+05 
2.85284677675869e-02 1.00000000000000e+05 
2.86428059204794e-02 1.00000000000000e+05 
2.87562119113810e-02 1.00000000000000e+05 
2.88691949476955e-02 1.00000000000000e+05 
2.89844455447535e-02 1.00000000000000e+05 
2.90986950971397e-02 1.00000000000000e+05 
2.92125390662477e-02 1.00000000000000e+05 
2.93277698138610e-02 1.00000000000000e+05 
2.94420827883300e-02 1.00000000000000e+05 
2.95559644694896e-02 1.00000000000000e+05 
2.96728671636831e-02 1.00000000000000e+05 
2.97866138230327e-02 1.00000000000000e+05 
2.99025084255218e-02 1.00000000000000e+05 
3.00206172802663e-02 1.00000000000000e+05 
3.01353833216443e-02 1.00000000000000e+05 
3.02490019094328e-02 1.00000000000000e+05 
3.03660976092544e-02 1.00000000000000e+05 
3.04796007847542e-02 1.00000000000000e+05 
3.05973210138640e-02 1.00000000000000e+05 
3.07147925852371e-02 1.00000000000000e+05 
3.08293545594448e-02 1.00000000000000e+05 
3.09428568556550e-02 1.00000000000000e+05 
3.10586120938776e-02 1.00000000000000e+05 
3.11721092658541e-02 1.00000000000000e+05 
3.12876861556841e-02 1.00000000000000e+05 
3.14043113487809e-02 1.00000000000000e+05 
3.15187980491934e-02 1.00000000000000e+05 
3.16321923274833e-02 1.00000000000000e+05 
3.17482573747629e-02 1.00000000000000e+05 
3.18615594582475e-02 1.00000000000000e+05 
3.19780956988267e-02 1.00000000000000e+05 
3.20950537125266e-02 1.00000000000000e+05 
3.22095809158027e-02 1.00000000000000e+05 
3.23228771265130e-02 1.00000000000000e+05 
3.24380281997820e-02 1.00000000000000e+05 
3.25515802599292e-02 1.00000000000000e+05 
3.26688688710326e-02 1.00000000000000e+05 
3.27865833458720e-02 1.00000000000000e+05 
3.29026407363599e-02 1.00000000000000e+05 
3.30174400859780e-02 1.00000000000000e+05 
3.31347409813072e-02 1.00000000000000e+05 
3.32507415197959e-02 1.00000000000000e+05 
3.33697003092291e-02 1.00000000000000e+05 
3.34889880028302e-02 1.00000000000000e+05 
3.36085491916729e-02 1.00000000000000e+05 
3.37264191662464e-02 1.00000000000000e+05 
3.38457229116320e-02 1.00000000000000e+05 
3.39638995788884e-02 1.00000000000000e+05 
3.40857543295955e-02 1.00000000000000e+05 
3.42077180575467e-02 1.00000000000000e+05 
3.43280654804014e-02 1.00000000000000e+05 
3.44467850689504e-02 1.00000000000000e+05 
3.45672757580494e-02 1.00000000000000e+05 
3.46868363942490e-02 1.00000000000001e+05 
3.48098859417964e-02 1.00000000000001e+05 
3.49334518232596e-02 1.00000000000001e+05 
3.50536035274046e-02 1.00000000000001e+05 
3.51744977856610e-02 1.00000000000001e+05 
3.52970742621129e-02 1.00000000000001e+05 
3.54188424360915e-02 1.00000000000002e+05 
3.55395836913338e-02 1.00000000000002e+05 
3.56618240665289e-02 1.00000000000002e+05 
3.57830846170683e-02 1.00000000000003e+05 
3.59060039550133e-02 1.00000000000003e+05 
3.60303095433045e-02 1.00000000000003e+05 
3.61545626504094e-02 1.00000000000003e+05 
3.62760781628318e-02 1.00000000000003e+05 
3.63987959174711e-02 1.00000000000004e+05 
3.65203817277929e-02 1.00000000000004e+05 
3.66429489502003e-02 1.00000000000283e+05 
3.67678118861261e-02 1.00000000001388e+05 
3.68902200798828e-02 1.00000000004373e+05 
3.70122066498085e-02 1.00000000011593e+05 
3.71359473112028e-02 1.00000000024011e+05 
3.72583909116979e-02 1.00000000043101e+05 
3.73803022810149e-02 1.00000000070100e+05 
3.75054329946683e-02 1.00000000112504e+05 
3.76274001105582e-02 1.00000000292873e+05 
3.77514919320246e-02 1.00000000506190e+05 
3.78773563933300e-02 1.00000000776492e+05 
3.80004344983401e-02 1.00000001083684e+05 
3.81224007347261e-02 1.00000001539029e+05 
3.82467526300792e-02 1.00000002091630e+05 
3.83686759770590e-02 1.00000002816374e+05 
3.84943860207544e-02 1.00000003693281e+05 
3.86202597709240e-02 1.00000004593219e+05 
3.87433079032277e-02 1.00000005620245e+05 
3.88652593558077e-02 1.00000006822893e+05 
3.89896565530572e-02 1.00000008255546e+05 
3.91116305056789e-02 1.00000009847715e+05 
3.92371078953926e-02 1.00000011731306e+05 
3.93624019229700e-02 1.00000013854190e+05 
3.94856077357571e-02 1.00000016190447e+05 
3.96077461773646e-02 1.00000018772440e+05 
3.97315931638513e-02 1.00000021730102e+05 
3.98538542360365e-02 1.00000024986736e+05 
3.99790885301970e-02 1.00000028666680e+05 
4.01043439057139e-02 1.00000032838437e+05 
4.02281106971303e-02 1.00000037387405e+05 
4.03499570964790e-02 1.00000042307920e+05 
4.04738287070180e-02 1.00000047949822e+05 
4.05965783476810e-02 1.00000054161261e+05 
4.07222829674565e-02 1.00000061236202e+05 
4.08486131157982e-02 1.00000068942654e+05 
4.09733649329290e-02 1.00000077511194e+05 
4.11009052789730e-02 1.00000087344531e+05 
4.12257635059770e-02 1.00000098592868e+05 
4.13532595727411e-02 1.00000112778710e+05 
4.14807484306938e-02 1.00000128205966e+05 
4.16107918319361e-02 1.00000148150218e+05 
4.17377890399169e-02 1.00000171094236e+05 
4.18683379221708e-02 1.00000197126833e+05 
4.19971089774368e-02 1.00000228433421e+05 
4.21278125619392e-02 1.00000269304623e+05 
4.22592574270479e-02 1.00000319261634e+05 
4.23881819989853e-02 1.00000378938762e+05 
4.25203810590899e-02 1.00000454089991e+05 
4.26429473561854e-02 1.00000540044047e+05 
4.27719545062825e-02 1.00000650766324e+05 
4.29028429850402e-02 1.00000788212596e+05 
4.30368895196623e-02 1.00000958680619e+05 
4.31660611989916e-02 1.00001154713015e+05 
4.32988568391004e-02 1.00001394256532e+05 
4.34298068249756e-02 1.00001674815465e+05 
4.35611559962171e-02 1.00002008950497e+05 
4.36983601740335e-02 1.00002420179379e+05 
4.38353019538107e-02 1.00002898660495e+05 
4.39712962210587e-02 1.00003452892699e+05 
4.41096900268206e-02 1.00004102851637e+05 
4.42317541545594e-02 1.00004756190788e+05 
4.43388226105325e-02 1.00005401064786e+05 
4.44509706050807e-02 1.00006155711663e+05 
4.45721162299761e-02 1.00007067073499e+05 
4.47025396590911e-02 1.00008175572776e+05 
4.48395596107799e-02 1.00009488973396e+05 
4.49737557217883e-02 1.00010944232130e+05 
4.51070391687675e-02 1.00012587513965e+05 
4.52476649378421e-02 1.00014560534381e+05 
4.53859440131322e-02 1.00016757732671e+05 
4.55231050120041e-02 1.00019247260088e+05 
4.56660966776392e-02 1.00022204188809e+05 
4.58012059191788e-02 1.00025409330915e+05 
4.59417712740018e-02 1.00029261544848e+05 
4.60768469063689e-02 1.00033514010908e+05 
4.62210308912942e-02 1.00038781257459e+05 
4.63640446922562e-02 1.00044866877034e+05 
4.65003624726406e-02 1.00051592732677e+05 
4.66353117596757e-02 1.00059318869606e+05 
4.67738237386755e-02 1.00068604841095e+05 
4.69087352718294e-02 1.00079176979204e+05 
4.70482597635323e-02 1.00091963339722e+05 
4.71864297615418e-02 1.00106802745053e+05 
4.73227326734178e-02 1.00124006503291e+05 
4.74577837627381e-02 1.00143821131794e+05 
4.75680308627388e-02 1.00162320983165e+05 
4.76857756311604e-02 1.00184781486056e+05 
4.78078048641433e-02 1.00211214142574e+05 
4.79406702554979e-02 1.00244194093421e+05 
4.80771199306211e-02 1.00282969857593e+05 
4.82123020094534e-02 1.00327037202776e+05 
4.83492054499163e-02 1.00378139060951e+05 
4.84843816414340e-02 1.00436091834149e+05 
4.86226770693067e-02 1.00502480481041e+05 
4.87610426292187e-02 1.00578445471006e+05 
4.88976058074916e-02 1.00662479079062e+05 
4.90329125710123e-02 1.00754477443827e+05 
4.91698489871040e-02 1.00859116073905e+05 
4.93051640314881e-02 1.00973797324934e+05 
4.94438300192150e-02 1.01102143210351e+05 
4.95825408223262e-02 1.01243112273015e+05 
4.97192988664522e-02 1.01393430742769e+05 
4.98548075283330e-02 1.01553064238211e+05 
4.99920234876753e-02 1.01726701626931e+05 
5.01276336365514e-02 1.01910215290165e+05 
5.02664116306467e-02 1.02107245458881e+05 
5.04052453163630e-02 1.02316093515454e+05 
5.05424562418874e-02 1.02530384508286e+05 
5.06783436374399e-02 1.02748801498630e+05 
5.08158623091935e-02 1.02976979509098e+05 
5.09520669946078e-02 1.03209284517585e+05 
5.10916121911609e-02 1.03448736761415e+05 
5.12314412884424e-02 1.03692521411030e+05 
5.13699493158891e-02 1.03933204146938e+05 
5.15112005187066e-02 1.04173489479392e+05 
5.16501855147567e-02 1.04407332904391e+05 
5.17916487410649e-02 1.04643290776689e+05 
5.19327094040510e-02 1.04867114531336e+05 
5.20702015144466e-02 1.05074039144832e+05 
5.22107039649290e-02 1.05274642687586e+05 
5.23555194424734e-02 1.05464777056306e+05 
5.24989961163568e-02 1.05637882345588e+05 
5.26439233771829e-02 1.05817596595641e+05 
5.27887090087931e-02 1.05967206927916e+05 
5.29321703689334e-02 1.06095610369035e+05 
5.30787680532745e-02 1.06208394009459e+05 
5.32240363234329e-02 1.06302587280093e+05 
5.33695740805788e-02 1.06380034797839e+05 
5.35149942482237e-02 1.06438131532800e+05 
5.36638359001510e-02 1.06497906695624e+05 
5.38126796209703e-02 1.06563255822062e+05 
5.39614629897812e-02 1.06634341451960e+05 
5.41091354353619e-02 1.06709461962079e+05 
5.42580605958108e-02 1.06780355003397e+05 
5.44069540441894e-02 1.06845510199379e+05 
5.45558558880859e-02 1.06901779346803e+05 
5.47043803920928e-02 1.06947380455600e+05 
5.48532251937955e-02 1.06983694000942e+05 
5.50020987349174e-02 1.07010628981176e+05 
5.51511054358635e-02 1.07026360179834e+05 
5.53000746242831e-02 1.07032473408418e+05 
5.54490576497429e-02 1.07029938684704e+05 
5.55980521128752e-02 1.07017546324070e+05 
5.57469748916434e-02 1.06997548296116e+05 
5.58959260698514e-02 1.06969515858051e+05 
5.60450299818838e-02 1.06930857279284e+05 
5.61940909604541e-02 1.06882418739651e+05 
5.63431731714723e-02 1.06826669681015e+05 
5.64922699376663e-02 1.06760310550732e+05 
5.66412886975401e-02 1.06687241855112e+05 
5.67900364087978e-02 1.06608038620280e+05 
5.69391468490397e-02 1.06518787536149e+05 
5.70879282540677e-02 1.06420351082860e+05 
5.72370069592169e-02 1.06315790607612e+05 
5.73861848339944e-02 1.06201606608679e+05 
5.75352588930232e-02 1.06080468871591e+05 
5.76842189955935e-02 1.05957179314264e+05 
5.78333596347513e-02 1.05825213261062e+05 
5.79823846368341e-02 1.05681827798661e+05 
5.81314955318302e-02 1.05533620899633e+05 
5.82807081718637e-02 1.05372237126131e+05 
5.84298318859593e-02 1.05210947871686e+05 
5.85788848096321e-02 1.05051357223212e+05 
5.87280726400825e-02 1.04891825927973e+05 
5.88771660197978e-02 1.04731384539863e+05 
5.90263114739264e-02 1.04570468724202e+05 
5.91755523190091e-02 1.04406511502455e+05 
5.93247183253182e-02 1.04238758295506e+05 
5.94738158965614e-02 1.04070027273022e+05 
5.96230341980359e-02 1.03899577070148e+05 
5.97722284870605e-02 1.03727245556245e+05 
5.99213952455969e-02 1.03552404782093e+05 
6.00706586990306e-02 1.03375566507750e+05 
6.02198579375508e-02 1.03197819335186e+05 
6.03689910881772e-02 1.03020252107291e+05 
6.05182370846797e-02 1.02842810491851e+05 
6.06675312562752e-02 1.02665981599207e+05 
6.08167222592537e-02 1.02489432992407e+05 
6.09660120955722e-02 1.02313314594539e+05 
6.11009771802170e-02 1.02154259423634e+05 
6.12488773493227e-02 1.01981129133140e+05 
6.13759380796410e-02 1.01834026192339e+05 
6.15140798537800e-02 1.01675791877388e+05 
6.16566079601317e-02 1.01514058140247e+05 
6.18031502675573e-02 1.01350192214323e+05 
6.19507397821175e-02 1.01187277096184e+05 
6.20989109445640e-02 1.01026926206762e+05 
6.22481228158836e-02 1.00869324287269e+05 
6.23974067112216e-02 1.00716778512160e+05 
6.25465529562724e-02 1.00568009970053e+05 
6.26958444871046e-02 1.00424458118131e+05 
6.28452242340177e-02 1.00284955187764e+05 
6.29945774723110e-02 1.00149606007004e+05 
6.31440023383735e-02 1.00021098866962e+05 
6.32935184804871e-02 9.98992860979065e+04 
6.34428792034392e-02 9.97828550053550e+04 
6.35923561264175e-02 9.96756652673300e+04 
6.37370480512985e-02 9.95747170732429e+04 
6.38630754810815e-02 9.94894216045038e+04 
6.39821129860487e-02 9.94113005540526e+04 
6.41110642371900e-02 9.93290153060483e+04 
6.42508753482511e-02 9.92424900003415e+04 
6.43616269819853e-02 9.91760631056454e+04 
6.44819487150201e-02 9.91061328103466e+04 
6.45999899668427e-02 9.90389572043925e+04 
6.47255391564590e-02 9.89695335054709e+04 
6.48441355493426e-02 9.89057344356609e+04 
6.49679688359451e-02 9.88408855412074e+04 
6.50976405490906e-02 9.87749410214574e+04 
6.52326894396030e-02 9.87072490449459e+04 
6.53571991948972e-02 9.86470883164469e+04 
6.54749306921396e-02 9.85909650761410e+04 
6.56034556709275e-02 9.85333560694990e+04 
6.57266362586511e-02 9.84804857765002e+04 
6.58584259823884e-02 9.84266964457990e+04 
6.59961925108851e-02 9.83721442289183e+04 
6.61207884194820e-02 9.83234257389144e+04 
6.62283085063481e-02 9.82841656488342e+04 
6.63445716632608e-02 9.82410017366817e+04 
6.64696166972110e-02 9.81941959256901e+04 
6.66003755447181e-02 9.81450198245579e+04 
6.67352755271616e-02 9.80943154852397e+04 
6.68730358209801e-02 9.80430642554322e+04 
6.70058332203068e-02 9.79947918665884e+04 
6.71436812780972e-02 9.79454514744694e+04 
6.72857721007351e-02 9.78957157938665e+04 
6.74190650283807e-02 9.78502503303356e+04 
6.75594911601264e-02 9.78037657660717e+04 
6.77033812172960e-02 9.77584346372688e+04 
6.78482737945165e-02 9.77161089706886e+04 
6.79875285167564e-02 9.76783179097094e+04 
6.81321231224586e-02 9.76420569358205e+04 
6.82711716618441e-02 9.76112720095912e+04 
6.84142991011371e-02 9.75834661697645e+04 
6.85512047436131e-02 9.75601049926155e+04 
6.86657730646315e-02 9.75433862740506e+04 
6.87901372416468e-02 9.75272530287661e+04 
6.89221729627711e-02 9.75121024399784e+04 
6.90596664688416e-02 9.74991124820125e+04 
6.92012427254891e-02 9.74884374440198e+04 
6.93453900122606e-02 9.74786219274145e+04 
6.94833925292683e-02 9.74730825546147e+04 
6.96293201956393e-02 9.74706431534861e+04 
6.97754047543592e-02 9.74706357174780e+04 
6.99126621970626e-02 9.74729093165835e+04 
7.00585808734216e-02 9.74777426694560e+04 
7.01903127180142e-02 9.74835646801826e+04 
7.03352177470660e-02 9.74925105752515e+04 
7.04805974516496e-02 9.75012240814956e+04 
7.06260683054891e-02 9.75108538594884e+04 
7.07674173386555e-02 9.75216612914326e+04 
7.09130485269743e-02 9.75344401324775e+04 
7.10475727280231e-02 9.75470975907138e+04 
7.11906500275128e-02 9.75631974190955e+04 
7.13319279751151e-02 9.75799196721832e+04 
7.14785414203246e-02 9.75983129326495e+04 
7.16255604452734e-02 9.76184892923594e+04 
7.17728270942691e-02 9.76405940858262e+04 
7.19203083048659e-02 9.76639705825205e+04 
7.20679392210554e-02 9.76891576661764e+04 
7.21908367106830e-02 9.77113824665203e+04 
7.23260239492733e-02 9.77367305901071e+04 
7.24710162044700e-02 9.77658312914114e+04 
7.26186728035103e-02 9.77973799548046e+04 
7.27574684903894e-02 9.78279343680155e+04 
7.29049567825385e-02 9.78618374600752e+04 
7.30492148572913e-02 9.78963969226001e+04 
7.31966020292410e-02 9.79321998255980e+04 
7.33371639261187e-02 9.79678830793211e+04 
7.34845318754143e-02 9.80066068444833e+04 
7.36295384797952e-02 9.80447499915366e+04 
7.37769141591717e-02 9.80841205786968e+04 
7.39242858652096e-02 9.81242177635294e+04 
7.40716386878133e-02 9.81640854076038e+04 
7.42190030980394e-02 9.82049807401924e+04 
7.43663649565911e-02 9.82461369938044e+04 
7.45137331992514e-02 9.82865381643704e+04 
7.46611202405344e-02 9.83260038078189e+04 
7.48085362615303e-02 9.83649062908228e+04 
7.49559816226049e-02 9.84041482197514e+04 
7.51034800426576e-02 9.84439447108322e+04 
7.52509980175473e-02 9.84843827185214e+04 
7.53984723195110e-02 9.85243010256786e+04 
7.55289208375030e-02 9.85593355906668e+04 
7.56702378449600e-02 9.85971068809941e+04 
7.58176752846599e-02 9.86354371964442e+04 
7.59649864335847e-02 9.86739530693809e+04 
7.61121517027109e-02 9.87122977407718e+04 
7.62591189079103e-02 9.87491766003662e+04 
7.64026136124827e-02 9.87845947654245e+04 
7.65495276254711e-02 9.88203680950077e+04 
7.66965342845877e-02 9.88548544762408e+04 
7.68410322999725e-02 9.88884878735802e+04 
7.69881810348243e-02 9.89227667392505e+04 
7.71124643593345e-02 9.89509469945156e+04 
7.72491760162958e-02 9.89817089135051e+04 
7.73962793059862e-02 9.90140124021500e+04 
7.75454836705646e-02 9.90466745432287e+04 
7.76949608586058e-02 9.90797928200087e+04 
7.78443940251393e-02 9.91128931609933e+04 
7.79937686308265e-02 9.91445696209117e+04 
7.81431623895839e-02 9.91765674577569e+04 
7.82926339907957e-02 9.92060017073586e+04 
7.84421524172251e-02 9.92333870033621e+04 
7.85917496814368e-02 9.92595271403435e+04 
7.87414055786434e-02 9.92845698736422e+04 
7.88910626652371e-02 9.93070690706645e+04 
7.90146464613646e-02 9.93242240882288e+04 
7.91505886371049e-02 9.93414677098668e+04 
7.93001250304192e-02 9.93578982892073e+04 
7.94498389327783e-02 9.93730508496905e+04 
7.95995428287449e-02 9.93874573288249e+04 
7.97492083442607e-02 9.94008466634898e+04 
7.98681071351379e-02 9.94112904309441e+04 
7.99988958051029e-02 9.94226496433541e+04 
8.01427633420643e-02 9.94334928114800e+04 
8.02820529353083e-02 9.94427764963250e+04 
8.04299382272987e-02 9.94513200873758e+04 
8.05787519000286e-02 9.94578163318782e+04 
8.07282530359039e-02 9.94622595834965e+04 
8.08777305440324e-02 9.94650822879673e+04 
8.10271679577786e-02 9.94665058358319e+04 
8.11766082059326e-02 9.94675965207084e+04 
8.13260624090323e-02 9.94685680395651e+04 
8.14755003678331e-02 9.94689372573606e+04 
8.16249769079462e-02 9.94692843192225e+04 
8.17745107100759e-02 9.94700580296851e+04 
8.19240495661212e-02 9.94709184478669e+04 
8.20736271148394e-02 9.94728185579668e+04 
8.22232237637331e-02 9.94758016053421e+04 
8.23716804409603e-02 9.94792017269387e+04 
8.25055328707462e-02 9.94829704508972e+04 
8.26508353444555e-02 9.94882904088443e+04 
8.28004059932425e-02 9.94945707867516e+04 
8.29498754148601e-02 9.95027238679677e+04 
8.30992683179687e-02 9.95127230370622e+04 
8.32486564739472e-02 9.95239748725851e+04 
8.33939615597339e-02 9.95366162981713e+04 
8.35316582498742e-02 9.95504683494576e+04 
8.36587692839620e-02 9.95644802198567e+04 
8.37985914214586e-02 9.95819721919573e+04 
8.39463490305126e-02 9.96028596121750e+04 
8.40953345330146e-02 9.96259619492725e+04 
8.42318287578131e-02 9.96486885421270e+04 
8.43773858366706e-02 9.96760395245008e+04 
8.45270200776486e-02 9.97064021618619e+04 
8.46767292663904e-02 9.97404764010575e+04 
8.48265460088503e-02 9.97766896374606e+04 
8.49764443792950e-02 9.98143814299788e+04 
8.51263528669558e-02 9.98539082692928e+04 
8.52762279886606e-02 9.98960997419268e+04 
8.54261116295700e-02 9.99399724661185e+04 
8.55759901042331e-02 9.99859479711192e+04 
8.57258606121500e-02 1.00034729367424e+05 
8.58757100375054e-02 1.00084197520733e+05 
8.60255559933363e-02 1.00134928142389e+05 
8.61753868107389e-02 1.00186728638606e+05 
8.63252132371998e-02 1.00239108322584e+05 
8.64750244753555e-02 1.00292492673354e+05 
8.66248357254470e-02 1.00346200278555e+05 
8.67603581908898e-02 1.00393867604240e+05 
8.69094329028768e-02 1.00446403108832e+05 
8.70592154572434e-02 1.00499157666178e+05 
8.72089919685029e-02 1.00549791178498e+05 
8.73587523007981e-02 1.00600076746658e+05 
8.75085169766054e-02 1.00648847512249e+05 
8.76549463251230e-02 1.00694391835802e+05 
8.78023939250510e-02 1.00738511140152e+05 
8.79521307859910e-02 1.00782244927752e+05 
8.81018681422461e-02 1.00824221351149e+05 
8.82410896935841e-02 1.00861144432514e+05 
8.83908160124058e-02 1.00897928456765e+05 
8.85405278347918e-02 1.00928555481610e+05 
8.86673247768614e-02 1.00954716252878e+05 
8.88062130397164e-02 1.00983594830108e+05 
8.89514727893713e-02 1.01013298145266e+05 
8.91004242433846e-02 1.01043153613253e+05 
8.92494362180704e-02 1.01072971283751e+05 
8.93986920453795e-02 1.01101935734682e+05 
8.95480295926114e-02 1.01128733310171e+05 
8.96974738005946e-02 1.01154092475360e+05 
8.98469744914468e-02 1.01177686306526e+05 
8.99965696638380e-02 1.01200196582558e+05 
9.01462341343411e-02 1.01220996385929e+05 
9.02958574134341e-02 1.01239318299670e+05 
9.04454673095466e-02 1.01255551773268e+05 
9.05950641130186e-02 1.01269309483789e+05 
9.07446740473867e-02 1.01280481671393e+05 
9.08942810759389e-02 1.01288980733982e+05 
9.10438845204828e-02 1.01295843184513e+05 
9.11934659877604e-02 1.01300657159528e+05 
9.13430359415819e-02 1.01302838570247e+05 
9.14581452949756e-02 1.01302508138592e+05 
9.15817061422331e-02 1.01300236735776e+05 
9.16900463601067e-02 1.01296194808732e+05 
9.18050200220499e-02 1.01290315232279e+05 
9.19276391066527e-02 1.01282235103763e+05 
9.20560330813693e-02 1.01271403227045e+05 
9.21882198618109e-02 1.01257745765477e+05 
9.23285735100083e-02 1.01240873468437e+05 
9.24760057854950e-02 1.01220136605491e+05 
9.26254190946262e-02 1.01196463316050e+05 
9.27748054887617e-02 1.01170476145914e+05 
9.29241364109967e-02 1.01141722795306e+05 
9.30734068761220e-02 1.01110549975018e+05 
9.32226651195009e-02 1.01078995407753e+05 
9.33719195510439e-02 1.01043032337705e+05 
9.35212025262207e-02 1.01005381874616e+05 
9.36705116393339e-02 1.00966744166586e+05 
9.38197223879742e-02 1.00925862043549e+05 
9.39690685120272e-02 1.00883388227314e+05 
9.41184034402495e-02 1.00839170895116e+05 
9.42677486325066e-02 1.00793762384227e+05 
9.44170864433794e-02 1.00748669247480e+05 
9.45663835148280e-02 1.00704052175500e+05 
9.47156588793967e-02 1.00659192007740e+05 
9.48649409008501e-02 1.00614031209766e+05 
9.50142146388434e-02 1.00568327939852e+05 
9.51635036401815e-02 1.00521446369566e+05 
9.53127779942741e-02 1.00473593020051e+05 
9.54620016132011e-02 1.00425385714243e+05 
9.56112035226193e-02 1.00376596649702e+05 
9.57604217380617e-02 1.00327353589704e+05 
9.59096362040825e-02 1.00278154686094e+05 
9.60588792478323e-02 1.00228530235565e+05 
9.62081227830719e-02 1.00178825509124e+05 
9.63573359322021e-02 1.00129656416262e+05 
9.65065533476882e-02 1.00080911963869e+05 
9.66558003275881e-02 1.00032505002316e+05 
9.68050481954501e-02 9.99849905521127e+04 
9.69543126285560e-02 9.99377601371676e+04 
9.71035658459419e-02 9.98910137283047e+04 
9.72527789461861e-02 9.98453963808224e+04 
9.74019823800724e-02 9.98007307465698e+04 
9.75512013655107e-02 9.97568351776591e+04 
9.77004102451740e-02 9.97141946993795e+04 
9.78496408587315e-02 9.96722849220603e+04 
9.79988653382203e-02 9.96312817194826e+04 
9.81480471868477e-02 9.95917141052618e+04 
9.82972060070306e-02 9.95534148411117e+04 
9.84463748489434e-02 9.95160612303955e+04 
9.85955307470501e-02 9.94801304872235e+04 
9.87447022620137e-02 9.94450415242123e+04 
9.88938714750316e-02 9.94110048163320e+04 
9.90430078807430e-02 9.93785030870821e+04 
9.91786522316976e-02 9.93498960361297e+04 
9.93243517539690e-02 9.93201225043145e+04 
9.94735028012839e-02 9.92913169268171e+04 
9.96052365835689e-02 9.92666866835674e+04 
9.97501437440824e-02 9.92407541899911e+04 
9.98992662790568e-02 9.92158775387239e+04 
1.00048322597876e-01 9.91925083817938e+04 
1.00197258270420e-01 9.91696933904114e+04 
1.00346085600584e-01 9.91475120490459e+04 
1.00494879880879e-01 9.91252320072635e+04 
1.00643707321881e-01 9.91035490230693e+04 
1.00792566028425e-01 9.90823273295644e+04 
1.00941478529702e-01 9.90598258500545e+04 
1.01090480694109e-01 9.90363725133993e+04 
1.01207468054842e-01 9.90174832064527e+04 
1.01332077136940e-01 9.89971054724606e+04 
1.01462944856170e-01 9.89743450735052e+04 
1.01603423940257e-01 9.89510949433380e+04 
1.01750964832747e-01 9.89280413404725e+04 
1.01899584905680e-01 9.89054811437361e+04 
1.02048321163666e-01 9.88833817586640e+04 
1.02197172465778e-01 9.88619577311052e+04 
1.02346191666377e-01 9.88408977866373e+04 
1.02495375473901e-01 9.88201408805640e+04 
1.02644701690504e-01 9.87997189900564e+04 
1.02789761299927e-01 9.87796621967333e+04 
1.02939152876332e-01 9.87590674170390e+04 
1.03088537875646e-01 9.87384785842730e+04 
1.03237916818379e-01 9.87182101132866e+04 
1.03387237958313e-01 9.86984368383901e+04 
1.03536474096815e-01 9.86793013815347e+04 
1.03685689151773e-01 9.86607231855957e+04 
1.03834868054741e-01 9.86429627028797e+04 
1.03984049135831e-01 9.86257601734305e+04 
1.04133230905102e-01 9.86093136283371e+04 
1.04282434837919e-01 9.85935347121385e+04 
1.04431660765088e-01 9.85781702135735e+04 
1.04580037330705e-01 9.85628157087250e+04 
1.04729324400224e-01 9.85481306857739e+04 
1.04878632233685e-01 9.85334261019784e+04 
1.05025267563560e-01 9.85198886783260e+04 
1.05174609971993e-01 9.85064775413235e+04 
1.05293063125443e-01 9.84961570519439e+04 
1.05411543912494e-01 9.84858138892156e+04 
1.05532268450247e-01 9.84752788972071e+04 
1.05665065441776e-01 9.84639083207536e+04 
1.05807095603128e-01 9.84518133484839e+04 
1.05952114411733e-01 9.84398235310606e+04 
1.06099193137711e-01 9.84279058118274e+04 
1.06248368857266e-01 9.84158892243774e+04 
1.06397450223787e-01 9.84038886311897e+04 
1.06546483289682e-01 9.83922535790879e+04 
1.06695532581133e-01 9.83810722059444e+04 
1.06844587726734e-01 9.83697360476292e+04 
1.06993665394919e-01 9.83586124879664e+04 
1.07142819432728e-01 9.83475355865170e+04 
1.07292026233293e-01 9.83363140014606e+04 
1.07441299265050e-01 9.83253337241536e+04 
1.07590636422448e-01 9.83146553530703e+04 
1.07740015031051e-01 9.83036774012499e+04 
1.07889421689978e-01 9.82926592743027e+04 
1.08038866999054e-01 9.82815931327392e+04 
1.08188333433892e-01 9.82702676734951e+04 
1.08337818961521e-01 9.82593491310179e+04 
1.08487312836853e-01 9.82487895361300e+04 
1.08636806439825e-01 9.82378966568404e+04 
1.08786301261049e-01 9.82270369464744e+04 
1.08935809322696e-01 9.82162727712018e+04 
1.09085316912071e-01 9.82050986414460e+04 
1.09234825447152e-01 9.81943925251582e+04 
1.09384337801771e-01 9.81841304091252e+04 
1.09533849901232e-01 9.81734782651921e+04 
1.09684170194772e-01 9.81627791954768e+04 
1.09834505396536e-01 9.81523029233180e+04 
1.09984847128208e-01 9.81416542093894e+04 
1.10135195344825e-01 9.81313411953529e+04 
1.10285546298890e-01 9.81213276155477e+04 
1.10435894652106e-01 9.81105070584394e+04 
1.10586252776177e-01 9.80996906778689e+04 
1.10736628278085e-01 9.80891002968547e+04 
1.10887012745532e-01 9.80779207922232e+04 
1.11037405433177e-01 9.80674690721448e+04 
1.11187803116765e-01 9.80575593827053e+04 
1.11338199421003e-01 9.80474583798401e+04 
1.11488606393691e-01 9.80381848293207e+04 
1.11639031645681e-01 9.80300254709686e+04 
1.11769056250102e-01 9.80232610915727e+04 
1.11907465762653e-01 9.80172524406493e+04 
1.12033240745435e-01 9.80125079491906e+04 
1.12171593226495e-01 9.80063469941165e+04 
1.12316980917943e-01 9.80007502797511e+04 
1.12466940444320e-01 9.79965123683854e+04 
1.12617254083433e-01 9.79919543657650e+04 
1.12767268833611e-01 9.79889054743444e+04 
1.12917586748672e-01 9.79866234767225e+04 
1.13067902731131e-01 9.79839904432775e+04 
1.13218238012005e-01 9.79816989835995e+04 
1.13368610883395e-01 9.79810277849104e+04 
1.13517546855001e-01 9.79794285560410e+04 
1.13667976092342e-01 9.79796391778147e+04 
1.13807903676000e-01 9.79802973736777e+04 
1.13949706347611e-01 9.79803154473400e+04 
1.14100186869774e-01 9.79810994217622e+04 
1.14234395227549e-01 9.79832588988055e+04 
1.14379746283773e-01 9.79850333728891e+04 
1.14529451751899e-01 9.79884689736849e+04 
1.14679525239767e-01 9.79925792358977e+04 
1.14829657355694e-01 9.79960722584247e+04 
1.14979724327976e-01 9.80003428713650e+04 
1.15129848546057e-01 9.80062384616723e+04 
1.15279984801293e-01 9.80120450266134e+04 
1.15430185765673e-01 9.80189983899684e+04 
1.15580476407811e-01 9.80267237228661e+04 
1.15730874206709e-01 9.80344074781438e+04 
1.15881389982615e-01 9.80429172293308e+04 
1.16031998380840e-01 9.80539833898598e+04 
1.16182667594107e-01 9.80651400675796e+04 
1.16333359760807e-01 9.80781952349859e+04 
1.16484046038057e-01 9.80918462273232e+04 
1.16634713264706e-01 9.81059309448062e+04 
1.16785349959675e-01 9.81204063922510e+04 
1.16935954246987e-01 9.81353820515034e+04 
1.17086515851927e-01 9.81509014615938e+04 
1.17234572201671e-01 9.81671913544522e+04 
1.17377440075434e-01 9.81832202618028e+04 
1.17527925508986e-01 9.81997644040114e+04 
1.17671339884449e-01 9.82158129685270e+04 
1.17818262540405e-01 9.82327316750044e+04 
1.17965599396365e-01 9.82505284265617e+04 
1.18115979117474e-01 9.82694286665963e+04 
1.18266338221059e-01 9.82891744927140e+04 
1.18416676870220e-01 9.83086610098667e+04 
1.18566983462201e-01 9.83282361118474e+04 
1.18717257307763e-01 9.83478543264665e+04 
1.18867486184479e-01 9.83676082021565e+04 
1.19017680249203e-01 9.83882216590932e+04 
1.19167852337200e-01 9.84091379700594e+04 
1.19318013508154e-01 9.84296613225530e+04 
1.19468163766262e-01 9.84506094953131e+04 
1.19618323510223e-01 9.84723025599553e+04 
1.19768480642163e-01 9.84939562197742e+04 
1.19918646690852e-01 9.85165063774943e+04 
1.20068818051945e-01 9.85395948525836e+04 
1.20218990691895e-01 9.85623310822890e+04 
1.20369154931974e-01 9.85853576261964e+04 
1.20519313627707e-01 9.86090271415486e+04 
1.20669456965932e-01 9.86322407185718e+04 
1.20819592146455e-01 9.86563624024745e+04 
1.20969720114704e-01 9.86808079205856e+04 
1.21119837816181e-01 9.87045714387212e+04 
1.21269942423729e-01 9.87285752155885e+04 
1.21420046137305e-01 9.87537634368889e+04 
1.21571334995536e-01 9.87785230574929e+04 
1.21722613323208e-01 9.88044504448358e+04 
1.21873893317793e-01 9.88307304475640e+04 
1.22006138245492e-01 9.88532940666605e+04 
1.22136036504446e-01 9.88755626071658e+04 
1.22277059941023e-01 9.89007207995738e+04 
1.22410610471388e-01 9.89240692163336e+04 
1.22551570319953e-01 9.89495862830594e+04 
1.22697258516114e-01 9.89762562052131e+04 
1.22847212818139e-01 9.90031560905151e+04 
1.22997147385417e-01 9.90301240980978e+04 
1.23147583934311e-01 9.90583416653634e+04 
1.23298468457578e-01 9.90861378945743e+04 
1.23449493761439e-01 9.91149426577234e+04 
1.23600506904000e-01 9.91440858800939e+04 
1.23751521537413e-01 9.91726491583549e+04 
1.23902551459220e-01 9.92011705239165e+04 
1.24053626544542e-01 9.92306994706263e+04 
1.24204788909505e-01 9.92596810883025e+04 
1.24348643840938e-01 9.92880710004138e+04 
1.24499957732923e-01 9.93181701580873e+04 
1.24649039601199e-01 9.93472089952254e+04 
1.24800438818098e-01 9.93765801504368e+04 
1.24951874589013e-01 9.94069573014562e+04 
1.25103326496352e-01 9.94366383000103e+04 
1.25254799052186e-01 9.94671321837443e+04 
1.25406280666972e-01 9.94977415393433e+04 
1.25557757399585e-01 9.95276167417475e+04 
1.25709221223569e-01 9.95573707168207e+04 
1.25860663813423e-01 9.95879640132845e+04 
1.26012072650811e-01 9.96178242897603e+04 
1.26163459653676e-01 9.96484017342774e+04 
1.26314831762508e-01 9.96789300285706e+04 
1.26466193013576e-01 9.97086674924982e+04 
1.26617556532460e-01 9.97382189206796e+04 
1.26768930383336e-01 9.97684634030227e+04 
1.26920309728065e-01 9.97978848499761e+04 
1.27071703951195e-01 9.98279096462055e+04 
1.27223113661304e-01 9.98576437695151e+04 
1.27374541176055e-01 9.98864519215473e+04 
1.27525993775693e-01 9.99148777804392e+04 
1.27677473328955e-01 9.99437503778899e+04 
1.27828966443800e-01 9.99716721683755e+04 
1.27980479665016e-01 9.99997897284743e+04 
1.28132009695245e-01 1.00027356305259e+05 
1.28284392977848e-01 1.00053847364358e+05 
1.28436807130166e-01 1.00079746589762e+05 
1.28589244933571e-01 1.00105794765902e+05 
1.28741710072004e-01 1.00130632735115e+05 
1.28894232251547e-01 1.00155309753539e+05 
1.29046793525392e-01 1.00178966872452e+05 
1.29199402312919e-01 1.00201069318291e+05 
1.29352058941681e-01 1.00222116557373e+05 
1.29504744591560e-01 1.00242929127760e+05 
1.29657459885023e-01 1.00262338410899e+05 
1.29810183535666e-01 1.00281120279268e+05 
1.29962922005486e-01 1.00299364981019e+05 
1.30115692656556e-01 1.00315438432113e+05 
1.30268490216383e-01 1.00330113262122e+05 
1.30421296489051e-01 1.00344097245550e+05 
1.30574119192973e-01 1.00356540411967e+05 
1.30726944599713e-01 1.00367652041574e+05 
1.30879782762707e-01 1.00378298999103e+05 
1.31032657405418e-01 1.00388116711746e+05 
1.31185568342678e-01 1.00397144938176e+05 
1.31338493103530e-01 1.00405926660256e+05 
1.31491438857592e-01 1.00413807203368e+05 
1.31644385608737e-01 1.00421005446422e+05 
1.31797342366062e-01 1.00427387880550e+05 
1.31950332886118e-01 1.00432928412043e+05 
1.32103352342194e-01 1.00437673121360e+05 
1.32256378850437e-01 1.00442223873027e+05 
1.32409421813046e-01 1.00446224880619e+05 
1.32562462872664e-01 1.00449803411377e+05 
1.32715511889754e-01 1.00452862357555e+05 
1.32868592274391e-01 1.00455702798502e+05 
1.33021698354700e-01 1.00457910874886e+05 
1.33174808051553e-01 1.00460058034737e+05 
1.33327931910531e-01 1.00461836927292e+05 
1.33476983459090e-01 1.00463205744205e+05 
1.33630109541708e-01 1.00464122338644e+05 
1.33776956005419e-01 1.00464877849900e+05 
1.33930131696458e-01 1.00465255733341e+05 
1.34083293989691e-01 1.00465616443779e+05 
1.34236314549844e-01 1.00465998767334e+05 
1.34389054637867e-01 1.00466181906365e+05 
1.34541551248058e-01 1.00466246792236e+05 
1.34693961785441e-01 1.00466137553083e+05 
1.34846441351663e-01 1.00465680649560e+05 
1.34999096604926e-01 1.00465417240012e+05 
1.35151852961075e-01 1.00464957091332e+05 
1.35304728559805e-01 1.00464305028954e+05 
1.35457738046691e-01 1.00463188911350e+05 
1.35610916201771e-01 1.00461694960222e+05 
1.35764195145566e-01 1.00459717916266e+05 
1.35917466947731e-01 1.00457738484589e+05 
1.36070674562307e-01 1.00455781170794e+05 
1.36223690997948e-01 1.00452732293312e+05 
1.36376581933065e-01 1.00448686658053e+05 
1.36529484093506e-01 1.00444589062677e+05 
1.36682437035969e-01 1.00438803039103e+05 
1.36835439488895e-01 1.00432426590170e+05 
1.36988514296456e-01 1.00425437881309e+05 
1.37141660878317e-01 1.00417118488284e+05 
1.37294860710241e-01 1.00408479313650e+05 
1.37440387402595e-01 1.00400210018444e+05 
1.37593739034097e-01 1.00391137042169e+05 
1.37747113666405e-01 1.00382204510942e+05 
1.37900482803302e-01 1.00373109160365e+05 
1.38053829722252e-01 1.00363728304314e+05 
1.38207141675598e-01 1.00353679773871e+05 
1.38360432378515e-01 1.00343267879077e+05 
1.38513699255395e-01 1.00332485103737e+05 
1.38666934818826e-01 1.00321691132208e+05 
1.38820137527075e-01 1.00310714493379e+05 
1.38973311094687e-01 1.00299349045927e+05 
1.39126468229227e-01 1.00287535727561e+05 
1.39279637015953e-01 1.00275726043992e+05 
1.39432811068285e-01 1.00263771952893e+05 
1.39585983639658e-01 1.00251973063258e+05 
1.39739151217069e-01 1.00240483260960e+05 
1.39879674039809e-01 1.00229965224776e+05 
1.40012798886465e-01 1.00219957290447e+05 
1.40159031792469e-01 1.00209196530575e+05 
1.40311011365980e-01 1.00198120385984e+05 
1.40464181122516e-01 1.00187702864161e+05 
1.40617270161659e-01 1.00177543962576e+05 
1.40770253013955e-01 1.00167846108373e+05 
1.40923221805193e-01 1.00157991245667e+05 
1.41076213485601e-01 1.00148753434270e+05 
1.41229227719531e-01 1.00139684488198e+05 
1.41355234471341e-01 1.00132623431006e+05 
1.41493841898331e-01 1.00125415420183e+05 
1.41643407322998e-01 1.00117678639615e+05 
1.41796560637661e-01 1.00109944720970e+05 
1.41947747274002e-01 1.00103201291112e+05 
1.42100908295768e-01 1.00097137101647e+05 
1.42253995449035e-01 1.00091592717228e+05 
1.42406969429584e-01 1.00086754456387e+05 
1.42559851303788e-01 1.00082079454901e+05 
1.42712725714735e-01 1.00077501321642e+05 
1.42863781464207e-01 1.00073499978427e+05 
1.43016721939128e-01 1.00069687853752e+05 
1.43169703108346e-01 1.00066336283087e+05 
1.43322728253340e-01 1.00063422776450e+05 
1.43475763188779e-01 1.00060728875961e+05 
1.43628809021219e-01 1.00058058977350e+05 
1.43781866719148e-01 1.00055713360460e+05 
1.43934917521593e-01 1.00053497632240e+05 
1.44087966104305e-01 1.00051895698384e+05 
1.44241007800758e-01 1.00050735810406e+05 
1.44394037342759e-01 1.00049738192022e+05 
1.44547065841107e-01 1.00048607508593e+05 
1.44700098339884e-01 1.00047512209116e+05 
1.44853121969463e-01 1.00046383943053e+05 
1.44996353881886e-01 1.00045336569720e+05 
1.45149356377353e-01 1.00044294452929e+05 
1.45302337648922e-01 1.00043115511448e+05 
1.45455305491882e-01 1.00041613503020e+05 
1.45608263470137e-01 1.00039891124680e+05 
1.45761188986514e-01 1.00038117278672e+05 
1.45914080773302e-01 1.00035879246255e+05 
1.46060008994280e-01 1.00033559186376e+05 
1.46210555423239e-01 1.00030442004282e+05 
1.46363377776943e-01 1.00026775862458e+05 
1.46516232626875e-01 1.00022760949238e+05 
1.46669083760073e-01 1.00018273029233e+05 
1.46821966639722e-01 1.00013556793256e+05 
1.46974856758324e-01 1.00008699147260e+05 
1.47127733714770e-01 1.00003555185751e+05 
1.47280593324238e-01 9.99982777229024e+04 
1.47433446360827e-01 9.99930794818115e+04 
1.47586287285553e-01 9.99878024259863e+04 
1.47739128265016e-01 9.99825705485459e+04 
1.47891952731080e-01 9.99776747084500e+04 
1.48044766909673e-01 9.99729413107702e+04 
1.48197587908417e-01 9.99683412486922e+04 
1.48350412916769e-01 9.99640637896584e+04 
1.48503216510600e-01 9.99602208124292e+04 
1.48656013104612e-01 9.99566774599433e+04 
1.48808793766577e-01 9.99536279483225e+04 
1.48961566787265e-01 9.99506023426875e+04 
1.49114354257067e-01 9.99477674562240e+04 
1.49267160987861e-01 9.99458271630441e+04 
1.49406889268087e-01 9.99439209902143e+04 
1.49559725559608e-01 9.99418470774361e+04 
1.49712566500087e-01 9.99399214447521e+04 
1.49865387714765e-01 9.99380087734164e+04 
1.50018168126907e-01 9.99361000707646e+04 
1.50170891438012e-01 9.99347906834700e+04 
1.50323578300903e-01 9.99339590654252e+04 
1.50476299030101e-01 9.99335002924848e+04 
1.50629072067599e-01 9.99332515895442e+04 
1.50781888445655e-01 9.99329152958116e+04 
1.50934752855471e-01 9.99326308309346e+04 
1.51087667353502e-01 9.99324381726110e+04 
1.51240617414666e-01 9.99323543330752e+04 
1.51393591153537e-01 9.99323903321856e+04 
1.51546562571599e-01 9.99326955005867e+04 
1.51699524852991e-01 9.99333922741287e+04 
1.51852487473019e-01 9.99341838003405e+04 
1.52005446498546e-01 9.99350300808607e+04 
1.52158397147169e-01 9.99359500399370e+04 
1.52311342895234e-01 9.99371367235297e+04 
1.52464269545327e-01 9.99386672309896e+04 
1.52612633797598e-01 9.99409518764201e+04 
1.52765529864011e-01 9.99440914100364e+04 
1.52918423615618e-01 9.99480863016878e+04 
1.53071311476735e-01 9.99531939144706e+04 
1.53224178451837e-01 9.99595475034733e+04 
1.53376992601211e-01 9.99669135568816e+04 
1.53529747608676e-01 9.99753449093835e+04 
1.53682481023646e-01 9.99845803992068e+04 
1.53835212029309e-01 9.99945119286264e+04 
1.53987950548701e-01 1.00005323888608e+05 
1.54140717438510e-01 1.00017267540718e+05 
1.54293507157128e-01 1.00029601266058e+05 
1.54446293549517e-01 1.00042925173248e+05 
1.54599091524421e-01 1.00056659929545e+05 
1.54749847034764e-01 1.00070513140617e+05 
1.54902691446896e-01 1.00085071766880e+05 
1.55055552854156e-01 1.00100367629031e+05 
1.55208415577409e-01 1.00115845365413e+05 
1.55361290544083e-01 1.00131951057851e+05 
1.55514184927215e-01 1.00147811853124e+05 
1.55667110501798e-01 1.00163480549036e+05 
1.55820083664289e-01 1.00179213001669e+05 
1.55973105892233e-01 1.00195118950079e+05 
1.56105835397260e-01 1.00208728731887e+05 
1.56251837852788e-01 1.00223425246813e+05 
1.56404986145934e-01 1.00238387512579e+05 
1.56558129186144e-01 1.00252928911808e+05 
1.56711117594558e-01 1.00267055164108e+05 
1.56863994323786e-01 1.00280850294665e+05 
1.57016881519518e-01 1.00294168561409e+05 
1.57169929346162e-01 1.00306983850047e+05 
1.57323115352651e-01 1.00319169826528e+05 
1.57476395112845e-01 1.00330860406763e+05 
1.57629803798309e-01 1.00342108997953e+05 
1.57783306838616e-01 1.00352898245959e+05 
1.57936904620877e-01 1.00363447195010e+05 
1.58090513936468e-01 1.00373553023100e+05 
1.58244113672966e-01 1.00383316580508e+05 
1.58394197226741e-01 1.00392728780770e+05 
1.58540085122895e-01 1.00401601042239e+05 
1.58684835731621e-01 1.00410304302784e+05 
1.58838446378823e-01 1.00419754166430e+05 
1.58992035751569e-01 1.00428920388834e+05 
1.59145597199425e-01 1.00438345844844e+05 
1.59299073211500e-01 1.00448133854825e+05 
1.59452457994444e-01 1.00458234846951e+05 
1.59605785167264e-01 1.00468618935519e+05 
1.59759074611685e-01 1.00479209854976e+05 
1.59912448805895e-01 1.00489681689769e+05 
1.60065840697242e-01 1.00500219604318e+05 
1.60219284741478e-01 1.00510964380339e+05 
1.60364857415668e-01 1.00521235435343e+05 
1.60518475600240e-01 1.00532262026093e+05 
1.60672183231471e-01 1.00543457611879e+05 
1.60811848191460e-01 1.00553443138833e+05 
1.60963972290293e-01 1.00564057160303e+05 
1.61117736335091e-01 1.00574581017426e+05 
1.61271437092722e-01 1.00584631090060e+05 
1.61425086955112e-01 1.00594453825321e+05 
1.61578738039319e-01 1.00603474894005e+05 
1.61732407792662e-01 1.00611734400107e+05 
1.61886154504482e-01 1.00618637075020e+05 
1.62040007537402e-01 1.00625121656189e+05 
1.62193996422114e-01 1.00630519820087e+05 
1.62348072924336e-01 1.00635601908528e+05 
1.62502220506879e-01 1.00639832130199e+05 
1.62656400010169e-01 1.00642926848639e+05 
1.62810590871706e-01 1.00645753254617e+05 
1.62964781679991e-01 1.00648277990110e+05 
1.63118963147075e-01 1.00650700643405e+05 
1.63273147256479e-01 1.00653125423302e+05 
1.63427342218894e-01 1.00655575014069e+05 
1.63581514305176e-01 1.00658338630309e+05 
1.63735687398588e-01 1.00661164141911e+05 
1.63889852214469e-01 1.00664051849669e+05 
1.64044011014121e-01 1.00667284626247e+05 
1.64198190084077e-01 1.00671096557952e+05 
1.64352393735194e-01 1.00675078364535e+05 
1.64506588718917e-01 1.00679352253309e+05 
1.64660794259202e-01 1.00684002147992e+05 
1.64815005860905e-01 1.00690099160701e+05 
1.64969245998382e-01 1.00697836026258e+05 
1.65123499857461e-01 1.00707315567464e+05 
1.65277770789918e-01 1.00718593597604e+05 
1.65432047739894e-01 1.00731472794944e+05 
1.65586330127792e-01 1.00745899717765e+05 
1.65740618453861e-01 1.00761837139063e+05 
1.65894932948534e-01 1.00779260191796e+05 
1.66049258225998e-01 1.00797883555375e+05 
1.66203595786299e-01 1.00817098539646e+05 
1.66357936053543e-01 1.00837811830450e+05 
1.66512278959552e-01 1.00858551623908e+05 
1.66666631483985e-01 1.00879009665880e+05 
1.66820999464497e-01 1.00899582270743e+05 
1.66975375823389e-01 1.00920392223111e+05 
1.67129761089910e-01 1.00940500235942e+05 
1.67284146858200e-01 1.00960018111080e+05 
1.67438534186647e-01 1.00978251185075e+05 
1.67589048427527e-01 1.00994628494744e+05 
1.67739014708692e-01 1.01009825409248e+05 
1.67893430214929e-01 1.01024375818563e+05 
1.68047852211259e-01 1.01038461755272e+05 
1.68202273537893e-01 1.01050082841329e+05 
1.68356695234243e-01 1.01058869439158e+05 
1.68511123042638e-01 1.01065202607936e+05 
1.68665559463089e-01 1.01069794935409e+05 
1.68819999346308e-01 1.01071757531404e+05 
1.68974439907153e-01 1.01073681125294e+05 
1.69128874649881e-01 1.01075434021925e+05 
1.69283305280716e-01 1.01076768068122e+05 
1.69437737584421e-01 1.01077596417619e+05 
1.69592172059142e-01 1.01077436072802e+05 
1.69746606775841e-01 1.01076341511658e+05 
1.69901036488619e-01 1.01074105845039e+05 
1.70055456421104e-01 1.01070453857561e+05 
1.70209872656804e-01 1.01065590291729e+05 
1.70364289459007e-01 1.01059530407098e+05 
1.70518712080792e-01 1.01052131160239e+05 
1.70673138315410e-01 1.01043454508822e+05 
1.70827558337896e-01 1.01033687746848e+05 
1.70981980494168e-01 1.01022541156014e+05 
1.71136397630636e-01 1.01010082815928e+05 
1.71290810637035e-01 1.00996435184570e+05 
1.71445230991115e-01 1.00981388941528e+05 
1.71599656664105e-01 1.00964929826474e+05 
1.71754076025476e-01 1.00947644356439e+05 
1.71908496345086e-01 1.00928906158322e+05 
1.72062911301765e-01 1.00909094687288e+05 
1.72217321118996e-01 1.00888648886106e+05 
1.72371736897068e-01 1.00867283430955e+05 
1.72526158208631e-01 1.00844941229153e+05 
1.72680571949776e-01 1.00822463705196e+05 
1.72832295772211e-01 1.00799566497410e+05 
1.72986704322962e-01 1.00775958364730e+05 
1.73141107564742e-01 1.00753024498192e+05 
1.73285590567354e-01 1.00731122850823e+05 
1.73438671280068e-01 1.00707660766449e+05 
1.73588676883009e-01 1.00685170800673e+05 
1.73743025072481e-01 1.00662160483179e+05 
1.73897248740738e-01 1.00640160631960e+05 
1.74051323470805e-01 1.00619343439586e+05 
1.74205237270067e-01 1.00599871981932e+05 
1.74359104094837e-01 1.00581511682928e+05 
1.74512993888398e-01 1.00564644674875e+05 
1.74666937053877e-01 1.00548892529273e+05 
1.74820918066087e-01 1.00534355263787e+05 
1.74974964076735e-01 1.00520860518555e+05 
1.75129111379999e-01 1.00508692174818e+05 
1.75283334859386e-01 1.00497276697241e+05 
1.75437614184226e-01 1.00487221973110e+05 
1.75591916559535e-01 1.00478793664985e+05 
1.75746231081252e-01 1.00470444515883e+05 
1.75900548390232e-01 1.00462546309961e+05 
1.76054866965362e-01 1.00454565326031e+05 
1.76209192197716e-01 1.00447084483652e+05 
1.76363501927404e-01 1.00439894170813e+05 
1.76517804787807e-01 1.00433104868166e+05 
1.76672098708194e-01 1.00426432559659e+05 
1.76826387276479e-01 1.00420339124925e+05 
1.76980685808360e-01 1.00414511675937e+05 
1.77134997605905e-01 1.00408802600795e+05 
1.77289309518612e-01 1.00403226992532e+05 
1.77443628968318e-01 1.00397832639219e+05 
1.77597948070347e-01 1.00392230835174e+05 
1.77752268677614e-01 1.00386413070268e+05 
1.77906602669641e-01 1.00380596029924e+05 
1.78060949915939e-01 1.00375606025879e+05 
1.78215294605329e-01 1.00370427389669e+05 
1.78369643471602e-01 1.00365129603295e+05 
1.78523988382843e-01 1.00359619651149e+05 
1.78678329677177e-01 1.00354512266932e+05 
1.78832678195346e-01 1.00349419200366e+05 
1.78987033542952e-01 1.00344190745796e+05 
1.79141380116420e-01 1.00339480148445e+05 
1.79295725815905e-01 1.00334977299195e+05 
1.79450062802923e-01 1.00331068579345e+05 
1.79604392760061e-01 1.00327836367886e+05 
1.79758724247363e-01 1.00325554816769e+05 
1.79913062517809e-01 1.00323482185686e+05 
1.80067395594701e-01 1.00321982490085e+05 
1.80221728793598e-01 1.00320762703796e+05 
1.80376054934743e-01 1.00319716497411e+05 
1.80530375373153e-01 1.00319599622712e+05 
1.80684700080860e-01 1.00320332076649e+05 
1.80839028803750e-01 1.00322107335664e+05 
1.80993346979626e-01 1.00325435924109e+05 
1.81147659548657e-01 1.00330426055236e+05 
1.81301961728155e-01 1.00336521151720e+05 
1.81456254626670e-01 1.00343450161478e+05 
1.81610547099304e-01 1.00351106877512e+05 
1.81764843615209e-01 1.00359142992179e+05 
1.81919132445651e-01 1.00367723916998e+05 
1.82073421724459e-01 1.00376544701143e+05 
1.82227708262764e-01 1.00385256402113e+05 
1.82381993841304e-01 1.00393857906690e+05 
1.82536287831132e-01 1.00402299608423e+05 
1.82690591473473e-01 1.00410396538937e+05 
1.82844892461823e-01 1.00417909585231e+05 
1.82999195627002e-01 1.00424892183210e+05 
1.83153495496309e-01 1.00431042520377e+05 
1.83307791918642e-01 1.00436582234062e+05 
1.83462091096098e-01 1.00441686141908e+05 
1.83616392657768e-01 1.00446131439053e+05 
1.83770682150005e-01 1.00450113531331e+05 
1.83924964170015e-01 1.00453576867324e+05 
1.84079238096437e-01 1.00456435773071e+05 
1.84233507184108e-01 1.00458860626307e+05 
1.84383256363751e-01 1.00461146523777e+05 
1.84537540703914e-01 1.00463029484102e+05 
1.84691826170673e-01 1.00465169687472e+05 
1.84846118240383e-01 1.00466809832228e+05 
1.85000381989036e-01 1.00467814287302e+05 
1.85154598652396e-01 1.00468347785413e+05 
1.85308784891934e-01 1.00468707328297e+05 
1.85462978421032e-01 1.00468923860095e+05 
1.85617164800438e-01 1.00469407368201e+05 
1.85771372712626e-01 1.00469942663031e+05 
1.85925607905724e-01 1.00470493385169e+05 
1.86079875000766e-01 1.00471004607331e+05 
1.86234183166892e-01 1.00471413320009e+05 
1.86388523766899e-01 1.00471178349214e+05 
1.86542882764417e-01 1.00470504093934e+05 
1.86697254067401e-01 1.00469443820439e+05 
1.86851630975815e-01 1.00467718010025e+05 
1.87006009781890e-01 1.00465357167729e+05 
1.87160394266805e-01 1.00461953299779e+05 
1.87314785614595e-01 1.00457446874069e+05 
1.87469171086791e-01 1.00452143550505e+05 
1.87623554055295e-01 1.00445690525917e+05 
1.87777932764989e-01 1.00438204636733e+05 
1.87932307675201e-01 1.00429867532602e+05 
1.88086687735421e-01 1.00420669911533e+05 
1.88241074226027e-01 1.00410572465495e+05 
1.88395458046022e-01 1.00400113901118e+05 
1.88549841929825e-01 1.00389185212416e+05 
1.88704203119205e-01 1.00377967884237e+05 
1.88858527771536e-01 1.00366637925425e+05 
1.89012806852002e-01 1.00355404490490e+05 
1.89167060099318e-01 1.00344592851046e+05 
1.89321300265856e-01 1.00334844878776e+05 
1.89475558285168e-01 1.00325775680699e+05 
1.89629831953259e-01 1.00317558975133e+05 
1.89784140307329e-01 1.00310562879609e+05 
1.89938492645646e-01 1.00303866715150e+05 
1.90092879099955e-01 1.00298628552378e+05 
1.90247271105982e-01 1.00294992279476e+05 
1.90401629885293e-01 1.00292548352604e+05 
1.90555939596763e-01 1.00290922638375e+05 
1.90710215658806e-01 1.00290523451568e+05 
1.90864467172214e-01 1.00290562576948e+05 
1.91018709161205e-01 1.00290711366314e+05 
1.91172949927756e-01 1.00290637021705e+05 
1.91325721590391e-01 1.00290813597759e+05 
1.91480002446325e-01 1.00291041759546e+05 
1.91634317419008e-01 1.00291457346825e+05 
1.91788678696393e-01 1.00292002741392e+05 
1.91943067696868e-01 1.00292448271108e+05 
1.92097471019236e-01 1.00293088833733e+05 
1.92251869370656e-01 1.00293078305497e+05 
1.92406258784653e-01 1.00292183918004e+05 
1.92560635819589e-01 1.00290534015728e+05 
1.92714996708789e-01 1.00288622109915e+05 
1.92869340539750e-01 1.00286137505161e+05 
1.93023653912659e-01 1.00283156376338e+05 
1.93158874498234e-01 1.00280268564913e+05 
1.93307617142366e-01 1.00276996387581e+05 
1.93461853640624e-01 1.00273554005844e+05 
1.93616073983909e-01 1.00269969123600e+05 
1.93770252260018e-01 1.00266291559756e+05 
1.93924320157105e-01 1.00262516876754e+05 
1.94078245361514e-01 1.00258583698393e+05 
1.94232098062815e-01 1.00254284502674e+05 
1.94385941947310e-01 1.00249664820047e+05 
1.94539851595853e-01 1.00244866886118e+05 
1.94693842581689e-01 1.00240054442919e+05 
1.94847951361636e-01 1.00235306259754e+05 
1.95002163721145e-01 1.00230565678285e+05 
1.95156420313361e-01 1.00225644535921e+05 
1.95310679704683e-01 1.00220782042823e+05 
1.95464919953797e-01 1.00215766585135e+05 
1.95619143749064e-01 1.00210535951871e+05 
1.95773362099016e-01 1.00205268666163e+05 
1.95927605881580e-01 1.00199803619309e+05 
1.96081878237409e-01 1.00194085546281e+05 
1.96236188633287e-01 1.00188077034832e+05 
1.96390557070068e-01 1.00181880245377e+05 
1.96544959585505e-01 1.00175344054219e+05 
1.96699382249487e-01 1.00168598531943e+05 
1.96853808469444e-01 1.00161566866976e+05 
1.97008228215577e-01 1.00154174871867e+05 
1.97162639263325e-01 1.00146537943630e+05 
1.97317046647621e-01 1.00138742659866e+05 
1.97471451191185e-01 1.00130537098847e+05 
1.97625845766188e-01 1.00122288246570e+05 
1.97780235024197e-01 1.00114078885603e+05 
1.97934615210285e-01 1.00105961000917e+05 
1.98088987499573e-01 1.00098038434435e+05 
1.98243363887754e-01 1.00090511722513e+05 
1.98397747091093e-01 1.00082906016231e+05 
1.98552135069426e-01 1.00075617501112e+05 
1.98706531521902e-01 1.00069298702883e+05 
1.98860929852420e-01 1.00063640608301e+05 
1.99015327622620e-01 1.00058681201576e+05 
1.99169733063138e-01 1.00054471963964e+05 
1.99324147455940e-01 1.00051000779795e+05 
1.99478567758769e-01 1.00048155831285e+05 
1.99632997708403e-01 1.00045486105430e+05 
1.99787434224408e-01 1.00042839036878e+05 
1.99941874666287e-01 1.00040927317717e+05 
2.00096327347655e-01 1.00040370009174e+05 
2.00250790824479e-01 1.00041394151782e+05 
