# Liste des scalaires : TEMPS pmat 
0.00000000000000e+00 1.00000000000000e+05 
5.42217668469038e-05 1.00000000000000e+05 
1.01639631877604e-04 1.00000000000000e+05 
1.48654195578869e-04 1.00000000000000e+05 
1.93963970711661e-04 1.00000000000000e+05 
2.39470709394084e-04 1.00000000000000e+05 
2.84302358164778e-04 1.00000000000000e+05 
3.29450998273573e-04 1.00000000000000e+05 
3.75189230090234e-04 1.00000000000000e+05 
4.20959334538837e-04 1.00000000000000e+05 
4.67312972831107e-04 1.00000000000000e+05 
5.14478516121337e-04 1.00000000000000e+05 
5.62057645535627e-04 1.00000000000000e+05 
6.10029675870601e-04 1.00000000000000e+05 
6.58666527960758e-04 1.00000000000000e+05 
7.08349809343609e-04 1.00000000000000e+05 
7.58299617351616e-04 1.00000000000000e+05 
8.09056500746110e-04 1.00000000000000e+05 
8.60785564262257e-04 1.00000000000000e+05 
9.13438589682160e-04 1.00000000000000e+05 
9.66641229626601e-04 1.00000000000000e+05 
1.02047790242011e-03 1.00000000000000e+05 
1.07579226412925e-03 1.00000000000000e+05 
1.13212868467333e-03 1.00000000000000e+05 
1.18912450543854e-03 1.00000000000000e+05 
1.24702900095406e-03 1.00000000000000e+05 
1.30675037998727e-03 1.00000000000000e+05 
1.36739059135228e-03 1.00000000000000e+05 
1.42869096414945e-03 1.00000000000000e+05 
1.49092224237832e-03 1.00000000000000e+05 
1.55429456701746e-03 1.00000000000000e+05 
1.61955950894696e-03 1.00000000000000e+05 
1.68531218831683e-03 1.00000000000000e+05 
1.75182595644335e-03 1.00000000000000e+05 
1.81980495138510e-03 1.00000000000000e+05 
1.88991879257356e-03 1.00000000000000e+05 
1.96089959392007e-03 1.00000000000000e+05 
2.03270563168168e-03 1.00000000000000e+05 
2.10481897732768e-03 1.00000000000000e+05 
2.17790206473690e-03 1.00000000000000e+05 
2.25255044775279e-03 1.00000000000000e+05 
2.32888052162903e-03 1.00000000000000e+05 
2.40517496370372e-03 1.00000000000000e+05 
2.48210633381500e-03 1.00000000000000e+05 
2.56021638476417e-03 1.00000000000000e+05 
2.64021174246087e-03 1.00000000000000e+05 
2.72178910189722e-03 1.00000000000000e+05 
2.80403137098700e-03 1.00000000000000e+05 
2.88730097548345e-03 1.00000000000000e+05 
2.97234679289985e-03 1.00000000000000e+05 
3.05735340908104e-03 1.00000000000000e+05 
3.14409008614542e-03 1.00000000000000e+05 
3.23137796746761e-03 1.00000000000000e+05 
3.32200324843434e-03 1.00000000000000e+05 
3.41455138826015e-03 1.00000000000000e+05 
3.50866123485010e-03 1.00000000000000e+05 
3.60014566186908e-03 1.00000000000000e+05 
3.69348262980156e-03 1.00000000000000e+05 
3.78655861551128e-03 1.00000000000000e+05 
3.88443213291303e-03 1.00000000000000e+05 
3.98348440497697e-03 1.00000000000000e+05 
4.08417374852293e-03 1.00000000000000e+05 
4.18530023492790e-03 1.00000000000000e+05 
4.28729445427801e-03 1.00000000000000e+05 
4.38913127262391e-03 1.00000000000000e+05 
4.49411866848192e-03 1.00000000000000e+05 
4.60032337587874e-03 1.00000000000000e+05 
4.70767713346369e-03 1.00000000000000e+05 
4.81436787993481e-03 1.00000000000000e+05 
4.92306233826614e-03 1.00000000000000e+05 
5.03176198781523e-03 1.00000000000000e+05 
5.14312893673787e-03 1.00000000000000e+05 
5.25587626924560e-03 1.00000000000000e+05 
5.36957410137129e-03 1.00000000000000e+05 
5.48121416596489e-03 1.00000000000000e+05 
5.59487124703827e-03 1.00000000000000e+05 
5.70882990543119e-03 1.00000000000000e+05 
5.82483583222398e-03 1.00000000000000e+05 
5.94186818802193e-03 1.00000000000000e+05 
6.05894777246507e-03 1.00000000000000e+05 
6.17467445213353e-03 1.00000000000000e+05 
6.29189076849756e-03 1.00000000000000e+05 
6.40853543693279e-03 1.00000000000000e+05 
6.52603509517524e-03 1.00000000000000e+05 
6.64374846702284e-03 1.00000000000000e+05 
6.76168701455047e-03 1.00000000000000e+05 
6.87886408140164e-03 1.00000000000000e+05 
6.99731748199345e-03 1.00000000000000e+05 
7.11521254690207e-03 1.00000000000000e+05 
7.23420093882709e-03 1.00000000000000e+05 
7.35320901641887e-03 1.00000000000000e+05 
7.47283364209026e-03 1.00000000000000e+05 
7.58895287527846e-03 1.00000000000000e+05 
7.70796331523977e-03 1.00000000000000e+05 
7.82449911521815e-03 1.00000000000000e+05 
7.94339105352989e-03 1.00000000000000e+05 
8.06207550310750e-03 1.00000000000000e+05 
8.18056298489763e-03 1.00000000000000e+05 
8.29876688295022e-03 1.00000000000000e+05 
8.41683935772187e-03 1.00000000000000e+05 
8.53468862401430e-03 1.00000000000000e+05 
8.65228115094202e-03 1.00000000000000e+05 
8.76960149167920e-03 1.00000000000000e+05 
8.88662893366113e-03 1.00000000000000e+05 
9.00269002108482e-03 1.00000000000000e+05 
9.11931985804385e-03 1.00000000000000e+05 
9.23340240632921e-03 1.00000000000000e+05 
9.34954076274193e-03 1.00000000000000e+05 
9.46578775214361e-03 1.00000000000000e+05 
9.58230000285162e-03 1.00000000000000e+05 
9.69911178546633e-03 1.00000000000000e+05 
9.81578543807427e-03 1.00000000000000e+05 
9.93232387589924e-03 1.00000000000000e+05 
1.00487643784588e-02 1.00000000000000e+05 
1.01652106027384e-02 1.00000000000000e+05 
1.02815783077090e-02 1.00000000000000e+05 
1.03980199791975e-02 1.00000000000000e+05 
1.05145525273301e-02 1.00000000000000e+05 
1.06311443263381e-02 1.00000000000000e+05 
1.07477804745252e-02 1.00000000000000e+05 
1.08644823242761e-02 1.00000000000000e+05 
1.09814920424991e-02 1.00000000000000e+05 
1.10989386593707e-02 1.00000000000000e+05 
1.12163666105357e-02 1.00000000000000e+05 
1.13338304566714e-02 1.00000000000000e+05 
1.14514277318111e-02 1.00000000000000e+05 
1.15690706499800e-02 1.00000000000000e+05 
1.16863731696483e-02 1.00000000000000e+05 
1.18033380641258e-02 1.00000000000000e+05 
1.19201967883656e-02 1.00000000000000e+05 
1.20367013822964e-02 1.00000000000000e+05 
1.21530819381665e-02 1.00000000000000e+05 
1.22693251487721e-02 1.00000000000000e+05 
1.23853922851500e-02 1.00000000000000e+05 
1.25013319995559e-02 1.00000000000000e+05 
1.26176552442678e-02 1.00000000000000e+05 
1.27331525919224e-02 1.00000000000000e+05 
1.28503368853239e-02 1.00000000000000e+05 
1.29678178865276e-02 1.00000000000000e+05 
1.30854793390659e-02 1.00000000000000e+05 
1.32031787629499e-02 1.00000000000000e+05 
1.33208657009135e-02 1.00000000000000e+05 
1.34385437530988e-02 1.00000000000000e+05 
1.35564347440997e-02 1.00000000000000e+05 
1.36746127699981e-02 1.00000000000000e+05 
1.37927677201629e-02 1.00000000000000e+05 
1.39109803077134e-02 1.00000000000000e+05 
1.40294693996899e-02 1.00000000000000e+05 
1.41479583560304e-02 1.00000000000000e+05 
1.42660213476062e-02 1.00000000000000e+05 
1.43843155454973e-02 1.00000000000000e+05 
1.45027797933247e-02 1.00000000000000e+05 
1.46147203210185e-02 1.00000000000000e+05 
1.47309532631445e-02 1.00000000000000e+05 
1.48498179668773e-02 1.00000000000000e+05 
1.49692922058990e-02 1.00000000000000e+05 
1.50854489150831e-02 1.00000000000000e+05 
1.52050464766568e-02 1.00000000000000e+05 
1.53247189674736e-02 1.00000000000000e+05 
1.54444926762109e-02 1.00000000000000e+05 
1.55577988590388e-02 1.00000000000000e+05 
1.56755645238963e-02 1.00000000000000e+05 
1.57952624565737e-02 1.00000000000000e+05 
1.59120002876798e-02 1.00000000000000e+05 
1.60267683501844e-02 1.00000000000000e+05 
1.61466486159907e-02 1.00000000000000e+05 
1.62602104130408e-02 1.00000000000000e+05 
1.63782351833170e-02 1.00000000000000e+05 
1.64981994773747e-02 1.00000000000000e+05 
1.66155772163680e-02 1.00000000000000e+05 
1.67328726455103e-02 1.00000000000000e+05 
1.68536706753350e-02 1.00000000000000e+05 
1.69678716757619e-02 1.00000000000000e+05 
1.70872890172804e-02 1.00000000000000e+05 
1.72085533163586e-02 1.00000000000000e+05 
1.73273420908446e-02 1.00000000000000e+05 
1.74484713816161e-02 1.00000000000000e+05 
1.75698129558914e-02 1.00000000000000e+05 
1.76851040670842e-02 1.00000000000000e+05 
1.78063096367234e-02 1.00000000000000e+05 
1.79262795732679e-02 1.00000000000000e+05 
1.80472090683941e-02 1.00000000000000e+05 
1.81684107472702e-02 1.00000000000000e+05 
1.82882855989392e-02 1.00000000000000e+05 
1.84079694920653e-02 1.00000000000000e+05 
1.85291943612223e-02 1.00000000000000e+05 
1.86503515900651e-02 1.00000000000000e+05 
1.87714010038912e-02 1.00000000000000e+05 
1.88924191179843e-02 1.00000000000000e+05 
1.90134111663765e-02 1.00000000000000e+05 
1.91343819737720e-02 1.00000000000000e+05 
1.92553565191481e-02 1.00000000000000e+05 
1.93763487245931e-02 1.00000000000000e+05 
1.94974042761604e-02 1.00000000000000e+05 
1.96186469139178e-02 1.00000000000000e+05 
1.97400717611447e-02 1.00000000000000e+05 
1.98614136525079e-02 1.00000000000000e+05 
1.99827324431983e-02 1.00000000000000e+05 
2.01040462521745e-02 1.00000000000000e+05 
2.02253374964606e-02 1.00000000000000e+05 
2.03420640115609e-02 1.00000000000000e+05 
2.04629804098850e-02 1.00000000000000e+05 
2.05824421039131e-02 1.00000000000000e+05 
2.07025782309623e-02 1.00000000000000e+05 
2.08235979238038e-02 1.00000000000000e+05 
2.09445631929416e-02 1.00000000000000e+05 
2.10655399036911e-02 1.00000000000000e+05 
2.11865886835456e-02 1.00000000000000e+05 
2.13076361974257e-02 1.00000000000000e+05 
2.14286608466392e-02 1.00000000000000e+05 
2.15497632309956e-02 1.00000000000000e+05 
2.16709110808546e-02 1.00000000000000e+05 
2.17922353416723e-02 1.00000000000000e+05 
2.19138126571228e-02 1.00000000000000e+05 
2.20359177682784e-02 1.00000000000000e+05 
2.21582286496732e-02 1.00000000000000e+05 
2.22805020003351e-02 1.00000000000000e+05 
2.24027065716442e-02 1.00000000000000e+05 
2.25248471593436e-02 1.00000000000000e+05 
2.26465167774758e-02 1.00000000000000e+05 
2.27685676768366e-02 1.00000000000000e+05 
2.28906019613831e-02 1.00000000000000e+05 
2.30125581972457e-02 1.00000000000000e+05 
2.31344764050540e-02 1.00000000000000e+05 
2.32564052691657e-02 1.00000000000000e+05 
2.33783913173594e-02 1.00000000000000e+05 
2.35003253283377e-02 1.00000000000000e+05 
2.36222018177702e-02 1.00000000000000e+05 
2.37441962229067e-02 1.00000000000000e+05 
2.38665014662233e-02 1.00000000000000e+05 
2.39891915540072e-02 1.00000000000000e+05 
2.41123457741096e-02 1.00000000000000e+05 
2.42359485400226e-02 1.00000000000000e+05 
2.43595293885576e-02 1.00000000000000e+05 
2.44831213000814e-02 1.00000000000001e+05 
2.46064563830369e-02 1.00000000000001e+05 
2.47275382355380e-02 1.00000000000001e+05 
2.48506637555299e-02 1.00000000000002e+05 
2.49735712265363e-02 1.00000000000002e+05 
2.50962685409423e-02 1.00000000000006e+05 
2.52136140453897e-02 1.00000000000010e+05 
2.53345961071282e-02 1.00000000000012e+05 
2.54562740457763e-02 1.00000000000043e+05 
2.55791458962816e-02 1.00000000000275e+05 
2.57023338470283e-02 1.00000000000786e+05 
2.58259917994352e-02 1.00000000001457e+05 
2.59433636631328e-02 1.00000000002183e+05 
2.60643670692384e-02 1.00000000003681e+05 
2.61843997888724e-02 1.00000000005754e+05 
2.63084181240775e-02 1.00000000014802e+05 
2.64317361144837e-02 1.00000000029735e+05 
2.65553201067096e-02 1.00000000048126e+05 
2.66726719969071e-02 1.00000000074127e+05 
2.67936554023150e-02 1.00000000116882e+05 
2.69165557547915e-02 1.00000000171474e+05 
2.70398962491122e-02 1.00000000395941e+05 
2.71633741819703e-02 1.00000000667929e+05 
2.72871107699857e-02 1.00000001116327e+05 
2.74112635871367e-02 1.00000001614558e+05 
2.75359406951445e-02 1.00000002236691e+05 
2.76578736931294e-02 1.00000002812970e+05 
2.77824587237395e-02 1.00000003593160e+05 
2.79069636992999e-02 1.00000004541270e+05 
2.80314294820761e-02 1.00000005638818e+05 
2.81558886692342e-02 1.00000007001969e+05 
2.82802504038118e-02 1.00000008628759e+05 
2.84045152529699e-02 1.00000010713936e+05 
2.85286171455602e-02 1.00000013332814e+05 
2.86519246485544e-02 1.00000016362717e+05 
2.87753063888798e-02 1.00000019923756e+05 
2.88988338203061e-02 1.00000024356980e+05 
2.90226898197764e-02 1.00000029747666e+05 
2.91470357740475e-02 1.00000036332584e+05 
2.92719911643935e-02 1.00000044125868e+05 
2.93974049044138e-02 1.00000053677626e+05 
2.95227699082150e-02 1.00000065662186e+05 
2.96481321908140e-02 1.00000079778261e+05 
2.97734310441158e-02 1.00000095394573e+05 
2.98986617364710e-02 1.00000114827781e+05 
3.00238506073687e-02 1.00000136929726e+05 
3.01489044895389e-02 1.00000163176614e+05 
3.02734534857266e-02 1.00000194400002e+05 
3.03977239667033e-02 1.00000230346759e+05 
3.05218599527441e-02 1.00000272039294e+05 
3.06460909983027e-02 1.00000319961216e+05 
3.07708406550978e-02 1.00000377086436e+05 
3.08961097625540e-02 1.00000442163150e+05 
3.10220805967600e-02 1.00000520703889e+05 
3.11481659205712e-02 1.00000612894056e+05 
3.12742735996186e-02 1.00000715968714e+05 
3.14004704542168e-02 1.00000841196010e+05 
3.15267575504099e-02 1.00000981976850e+05 
3.16529507320976e-02 1.00001146354550e+05 
3.17791552816073e-02 1.00001344085429e+05 
3.19052011825625e-02 1.00001571472912e+05 
3.20312468383963e-02 1.00001823876785e+05 
3.21576081784692e-02 1.00002125753834e+05 
3.22834682106026e-02 1.00002460786509e+05 
3.24111036614030e-02 1.00002852892267e+05 
3.25389710577309e-02 1.00003319840720e+05 
3.26655809137422e-02 1.00003847684312e+05 
3.27936782441927e-02 1.00004442971279e+05 
3.29218538901306e-02 1.00005139022057e+05 
3.30471647015426e-02 1.00005902365689e+05 
3.31754035039372e-02 1.00006791450693e+05 
3.33032292958454e-02 1.00007828131231e+05 
3.34301075259216e-02 1.00009000912568e+05 
3.35576789319453e-02 1.00010309887814e+05 
3.36854230722002e-02 1.00011821451191e+05 
3.38111846185238e-02 1.00013475250311e+05 
3.39401074865828e-02 1.00015393403148e+05 
3.40697769336673e-02 1.00017624970400e+05 
3.41975472567784e-02 1.00020094033888e+05 
3.43274672042846e-02 1.00022867067929e+05 
3.44524320163996e-02 1.00025911257059e+05 
3.45824570466481e-02 1.00029416760412e+05 
3.47079050293866e-02 1.00033222690441e+05 
3.48378437704588e-02 1.00037680472107e+05 
3.49671426311400e-02 1.00042621000050e+05 
3.50970208898141e-02 1.00048111760551e+05 
3.52230897806896e-02 1.00054063086324e+05 
3.53530346166495e-02 1.00060867070030e+05 
3.54797033548122e-02 1.00068282806393e+05 
3.56100480416842e-02 1.00076862853872e+05 
3.57408174442026e-02 1.00086452290086e+05 
3.58721107226079e-02 1.00097123943471e+05 
3.59996491426836e-02 1.00108702115192e+05 
3.61323320250627e-02 1.00121991364169e+05 
3.62608267566154e-02 1.00136268695399e+05 
3.63933571442162e-02 1.00152706870147e+05 
3.65258562011484e-02 1.00170831356740e+05 
3.66582587672134e-02 1.00190566111797e+05 
3.67882394670062e-02 1.00212166343695e+05 
3.69206565381577e-02 1.00236173494285e+05 
3.70466720814538e-02 1.00261476167255e+05 
3.71790362233145e-02 1.00290745687011e+05 
3.73113413561979e-02 1.00322772158574e+05 
3.74439683485363e-02 1.00357687469738e+05 
3.75768387762566e-02 1.00396282993717e+05 
3.77099726139846e-02 1.00438364885264e+05 
3.78433899357192e-02 1.00484492366643e+05 
3.79727339851302e-02 1.00533472583548e+05 
3.81044281545437e-02 1.00587606797702e+05 
3.82379210353195e-02 1.00646840561851e+05 
3.83713561674789e-02 1.00711589619823e+05 
3.85048085220897e-02 1.00781469805398e+05 
3.86331361434464e-02 1.00854350432271e+05 
3.87667047416031e-02 1.00936848070045e+05 
3.89004036354711e-02 1.01026064130752e+05 
3.90342059353541e-02 1.01122146561452e+05 
3.91627756538868e-02 1.01222464440128e+05 
3.92963278468598e-02 1.01334554336218e+05 
3.94252369600175e-02 1.01451562632727e+05 
3.95578532275820e-02 1.01581804384166e+05 
3.96930459500728e-02 1.01724701514479e+05 
3.98262842910464e-02 1.01875972038936e+05 
3.99620944707402e-02 1.02042443840317e+05 
4.00937763757467e-02 1.02215496728871e+05 
4.02242610302378e-02 1.02399177320744e+05 
4.03598724069087e-02 1.02602815416389e+05 
4.04945023743412e-02 1.02818502771589e+05 
4.06233669133717e-02 1.03037129856684e+05 
4.07548474648785e-02 1.03273026488825e+05 
4.08860164788188e-02 1.03521433225810e+05 
4.10178671802568e-02 1.03783700783961e+05 
4.11523700182708e-02 1.04062585741232e+05 
4.12887853695744e-02 1.04356345918695e+05 
4.14247419061198e-02 1.04659766142265e+05 
4.15576914391001e-02 1.04963694654912e+05 
4.16946023528884e-02 1.05284023548653e+05 
4.18289913118527e-02 1.05602287134837e+05 
4.19675008778470e-02 1.05928930992906e+05 
4.21060486534695e-02 1.06253965158193e+05 
4.22429737159698e-02 1.06573101003137e+05 
4.23815854990543e-02 1.06887593190910e+05 
4.25202180205803e-02 1.07192137738646e+05 
4.26588772334046e-02 1.07482692220755e+05 
4.27954307224578e-02 1.07743209711211e+05 
4.29342313663908e-02 1.07983491513911e+05 
4.30730639890169e-02 1.08203803860315e+05 
4.32119450834889e-02 1.08383665582063e+05 
4.33501268653992e-02 1.08533868387846e+05 
4.34891358433721e-02 1.08660925482170e+05 
4.36271408902620e-02 1.08739017582280e+05 
4.37663731177435e-02 1.08784094032924e+05 
4.39057036412260e-02 1.08804115196338e+05 
4.40451845642721e-02 1.08799034672751e+05 
4.41848496095355e-02 1.08775171111298e+05 
4.43247068678025e-02 1.08750578363426e+05 
4.44647773074186e-02 1.08710708792053e+05 
4.46050884506385e-02 1.08666843426445e+05 
4.47456442788875e-02 1.08618797066173e+05 
4.48865878373023e-02 1.08545672328159e+05 
4.50279302891633e-02 1.08460738757641e+05 
4.51694194317342e-02 1.08361932429567e+05 
4.53110093832654e-02 1.08246386559332e+05 
4.54527169492847e-02 1.08118328321886e+05 
4.55945404283138e-02 1.07984676105997e+05 
4.57365564516911e-02 1.07841128153873e+05 
4.58787272127214e-02 1.07691899822655e+05 
4.60212003692651e-02 1.07535558121862e+05 
4.61640635783388e-02 1.07372199257222e+05 
4.63071508902498e-02 1.07205413858561e+05 
4.64504839149366e-02 1.07036550976128e+05 
4.65942027517056e-02 1.06863795549263e+05 
4.67383309596712e-02 1.06689912915497e+05 
4.68828577530860e-02 1.06514111470719e+05 
4.70278106289425e-02 1.06338181210300e+05 
4.71733388187613e-02 1.06163378195673e+05 
4.73190446487420e-02 1.05989662280902e+05 
4.74637000948589e-02 1.05821267968929e+05 
4.76094313484247e-02 1.05653256699505e+05 
4.77547942496040e-02 1.05489186375030e+05 
4.79005623787577e-02 1.05331627255314e+05 
4.80464255313154e-02 1.05179426472068e+05 
4.81923630278493e-02 1.05030694607642e+05 
4.83384500791758e-02 1.04891477723653e+05 
4.84847794682573e-02 1.04755725393190e+05 
4.86313231750367e-02 1.04627305259221e+05 
4.87783124324452e-02 1.04510695000710e+05 
4.89231710365118e-02 1.04404711597951e+05 
4.90709351383465e-02 1.04302773378036e+05 
4.92011469885626e-02 1.04225483226892e+05 
4.93443800238004e-02 1.04147302183722e+05 
4.94783312732213e-02 1.04084630053232e+05 
4.96146632728973e-02 1.04035469129506e+05 
4.97615560319816e-02 1.03994912881001e+05 
4.99022278997304e-02 1.03964007340064e+05 
5.00334929035997e-02 1.03950968554369e+05 
5.01627545369324e-02 1.03942701435862e+05 
5.02971558928043e-02 1.03948323128850e+05 
5.04379164995833e-02 1.03972903677034e+05 
5.05790108595569e-02 1.04007011133759e+05 
5.07116148969410e-02 1.04043547291275e+05 
5.08502062626150e-02 1.04095501298784e+05 
5.09820382270293e-02 1.04144854391398e+05 
5.11085819961636e-02 1.04197607598827e+05 
5.12422746650869e-02 1.04258459658521e+05 
5.13772888871731e-02 1.04321902974252e+05 
5.15102460160673e-02 1.04382471195791e+05 
5.16512519045693e-02 1.04453913962462e+05 
5.17842212784126e-02 1.04518422636987e+05 
5.19253090017533e-02 1.04585332092693e+05 
5.20614605811742e-02 1.04650423132421e+05 
5.22053486677651e-02 1.04716689117922e+05 
5.23456928926963e-02 1.04775167221406e+05 
5.24811944593192e-02 1.04827859592264e+05 
5.26256944882488e-02 1.04874246675986e+05 
5.27625210680178e-02 1.04911633117354e+05 
5.29070593534363e-02 1.04945025398887e+05 
5.30516214533583e-02 1.04969624779959e+05 
5.31891927555253e-02 1.04985774426595e+05 
5.33320270184301e-02 1.04991340840942e+05 
5.34766071838893e-02 1.04987557925623e+05 
5.36119599755306e-02 1.04974554292273e+05 
5.37559534692681e-02 1.04954710976391e+05 
5.39007259197831e-02 1.04926366894030e+05 
5.40407220169255e-02 1.04890679734719e+05 
5.41767037361412e-02 1.04849277923751e+05 
5.43184064368502e-02 1.04802972525393e+05 
5.44549015834697e-02 1.04749637136421e+05 
5.45991153400190e-02 1.04691527646568e+05 
5.47444058262036e-02 1.04630114266401e+05 
5.48862159735912e-02 1.04565887982033e+05 
5.50243018688830e-02 1.04501919169711e+05 
5.51698452091149e-02 1.04431351935904e+05 
5.53089264104629e-02 1.04361817184641e+05 
5.54554548356897e-02 1.04289083965194e+05 
5.55946041482432e-02 1.04219248376273e+05 
5.57409888142172e-02 1.04144838646385e+05 
5.58887026189782e-02 1.04072182294414e+05 
5.60352203726830e-02 1.03998847748347e+05 
5.61838740560764e-02 1.03922896116840e+05 
5.63311142250090e-02 1.03850270712630e+05 
5.64808086968102e-02 1.03777706611556e+05 
5.66308370119753e-02 1.03704035717152e+05 
5.67814432017234e-02 1.03633971485795e+05 
5.69327454170276e-02 1.03559430249025e+05 
5.70847552408772e-02 1.03485517383558e+05 
5.72375573267193e-02 1.03417584477019e+05 
5.73898795739637e-02 1.03349303395213e+05 
5.75421373300886e-02 1.03277277641113e+05 
5.76922325180472e-02 1.03211812448469e+05 
5.78423605697578e-02 1.03142301101795e+05 
5.79912277321740e-02 1.03073542499504e+05 
5.81402568530222e-02 1.03008868015466e+05 
5.82893427341559e-02 1.02943585526017e+05 
5.84384833995544e-02 1.02872795647313e+05 
5.85876751850215e-02 1.02805691551625e+05 
5.87369026474611e-02 1.02733366051586e+05 
5.88861787526226e-02 1.02659957299759e+05 
5.90355885594598e-02 1.02588413292319e+05 
5.91850119358630e-02 1.02515815079195e+05 
5.93344205894064e-02 1.02438355243901e+05 
5.94838407708224e-02 1.02361718518552e+05 
5.96331493790663e-02 1.02280327026219e+05 
5.97824168695307e-02 1.02196735456528e+05 
5.99317424048950e-02 1.02114209295096e+05 
6.00810765277459e-02 1.02029310491046e+05 
6.02304461051927e-02 1.01937367344328e+05 
6.03797989935382e-02 1.01846998672139e+05 
6.05291978253236e-02 1.01752582239827e+05 
6.06786066914413e-02 1.01653610214548e+05 
6.08280625198299e-02 1.01553280764795e+05 
6.09775147058444e-02 1.01451956519274e+05 
6.11269749917104e-02 1.01342653273625e+05 
6.12764069227693e-02 1.01235202599124e+05 
6.14258650031365e-02 1.01123171257861e+05 
6.15753217119348e-02 1.01007910535540e+05 
6.17248534369772e-02 1.00892546430845e+05 
6.18744346704692e-02 1.00777192977391e+05 
6.20240295802442e-02 1.00655061374990e+05 
6.21736710124708e-02 1.00536270517144e+05 
6.23233972080844e-02 1.00414086049561e+05 
6.24731577369607e-02 1.00290660189283e+05 
6.26230127039677e-02 1.00168943455581e+05 
6.27729613763831e-02 1.00047104434509e+05 
6.29229438261209e-02 9.99218123208842e+04 
6.30729706629950e-02 9.97992413987324e+04 
6.32230636869655e-02 9.96743899638623e+04 
6.33731655074695e-02 9.95502706267933e+04 
6.35233171542766e-02 9.94283673586152e+04 
6.36734434628874e-02 9.93075294431216e+04 
6.38235597900845e-02 9.91846951811429e+04 
6.39731229616237e-02 9.90657390151058e+04 
6.41233821539585e-02 9.89450330467751e+04 
6.42737334539072e-02 9.88256634992404e+04 
6.44141525691125e-02 9.87169612574962e+04 
6.45647564822747e-02 9.86015741731149e+04 
6.47117621901989e-02 9.84875409113029e+04 
6.48628493868005e-02 9.83740270664793e+04 
6.49999484725529e-02 9.82703919660162e+04 
6.51472001907273e-02 9.81605478806408e+04 
6.52951992442449e-02 9.80533849579155e+04 
6.54389756720142e-02 9.79504413424490e+04 
6.55771616531288e-02 9.78505522736482e+04 
6.57233047546691e-02 9.77482213714652e+04 
6.58774837278008e-02 9.76399878136159e+04 
6.60139255434605e-02 9.75454637569930e+04 
6.61640115406862e-02 9.74456064516297e+04 
6.63169945254199e-02 9.73434902362774e+04 
6.64705074400698e-02 9.72385352835448e+04 
6.66168488773161e-02 9.71410725914065e+04 
6.67698981369900e-02 9.70383669176449e+04 
6.69242934977322e-02 9.69363528819457e+04 
6.70789946919962e-02 9.68379913309927e+04 
6.72318096523121e-02 9.67427264263044e+04 
6.73846731280992e-02 9.66472294925034e+04 
6.75377844189565e-02 9.65545530757562e+04 
6.76910612378744e-02 9.64617249973071e+04 
6.78445166517165e-02 9.63702588142433e+04 
6.79982069675850e-02 9.62811106377142e+04 
6.81467370136465e-02 9.61960642110634e+04 
6.83004936690510e-02 9.61077552507624e+04 
6.84409246471629e-02 9.60293244463741e+04 
6.85935899605563e-02 9.59443101104917e+04 
6.87475819874319e-02 9.58599397271414e+04 
6.89016896523829e-02 9.57777246331244e+04 
6.90537348914575e-02 9.56978870146093e+04 
6.92061744897993e-02 9.56177426689361e+04 
6.93589086346943e-02 9.55399630895475e+04 
6.95121068462294e-02 9.54630833546044e+04 
6.96623736149573e-02 9.53897624893772e+04 
6.98161205311481e-02 9.53169496070156e+04 
6.99699096630359e-02 9.52479454028300e+04 
7.01236852731189e-02 9.51791778903046e+04 
7.02753379534881e-02 9.51151996764262e+04 
7.04282569989918e-02 9.50504572600407e+04 
7.05815990272163e-02 9.49909788553156e+04 
7.07349959693076e-02 9.49341038684076e+04 
7.08882195662453e-02 9.48802576745306e+04 
7.10414617340209e-02 9.48282073713434e+04 
7.11948942131254e-02 9.47788899354072e+04 
7.13485381635830e-02 9.47335833745578e+04 
7.15024046295621e-02 9.46918733350006e+04 
7.16564345906055e-02 9.46529277519186e+04 
7.18106488353583e-02 9.46169834854791e+04 
7.19650142275784e-02 9.45839060572545e+04 
7.21196652467015e-02 9.45533742894078e+04 
7.22746099718374e-02 9.45263020951323e+04 
7.24298153289702e-02 9.45017296507676e+04 
7.25856872298076e-02 9.44790961157795e+04 
7.27423013059989e-02 9.44610373865260e+04 
7.28994223952179e-02 9.44449236865584e+04 
7.30569288813675e-02 9.44301807050360e+04 
7.32146536369199e-02 9.44165124889512e+04 
7.33729048545112e-02 9.44051142593588e+04 
7.35314463259125e-02 9.43966121752321e+04 
7.36905473813645e-02 9.43906995783267e+04 
7.38500767387546e-02 9.43878167725070e+04 
7.40103844581406e-02 9.43871314152128e+04 
7.41710440037065e-02 9.43901763284061e+04 
7.43320345665764e-02 9.43959060956133e+04 
7.44929693590095e-02 9.44034633199865e+04 
7.46538207980712e-02 9.44126468876637e+04 
7.48144945664070e-02 9.44238431472723e+04 
7.49751509178227e-02 9.44353174748002e+04 
7.51359538963590e-02 9.44484608687293e+04 
7.52967663515332e-02 9.44617224895903e+04 
7.54555339338241e-02 9.44748143841409e+04 
7.56146323266013e-02 9.44872588797841e+04 
7.57757370747628e-02 9.45002737774849e+04 
7.59334829042677e-02 9.45112566723566e+04 
7.60915630309020e-02 9.45226244053019e+04 
7.62483695433852e-02 9.45340861388494e+04 
7.64058234648390e-02 9.45461034937577e+04 
7.65635358961459e-02 9.45587006352940e+04 
7.67213140961874e-02 9.45730744888389e+04 
7.68784436257402e-02 9.45872226090853e+04 
7.70355419104966e-02 9.46022088852614e+04 
7.71913306644346e-02 9.46188127687394e+04 
7.73477246982152e-02 9.46359783346174e+04 
7.75046686723565e-02 9.46541321428591e+04 
7.76620805679923e-02 9.46757473299139e+04 
7.78193673189849e-02 9.46952330831107e+04 
7.79770466589461e-02 9.47170310280798e+04 
7.81341962212071e-02 9.47385411781646e+04 
7.82927486365464e-02 9.47601908509746e+04 
7.84527433325055e-02 9.47833736493330e+04 
7.86137647661589e-02 9.48102853698646e+04 
7.87750306822058e-02 9.48367968475645e+04 
7.89247799454759e-02 9.48655894329605e+04 
7.90886775832067e-02 9.48992324848671e+04 
7.92527226014005e-02 9.49336983430214e+04 
7.94172025725863e-02 9.49708072406567e+04 
7.95818011998546e-02 9.50114316464299e+04 
7.97442578640099e-02 9.50523986020162e+04 
7.99092222411886e-02 9.50969046607251e+04 
8.00723520296796e-02 9.51425975836809e+04 
8.02377184020393e-02 9.51896644476822e+04 
8.04031816997056e-02 9.52387285959194e+04 
8.05686115217677e-02 9.52892594774796e+04 
8.07334802416954e-02 9.53390612455271e+04 
8.08989233388053e-02 9.53908032190339e+04 
8.10642122442075e-02 9.54437460957383e+04 
8.12295223097144e-02 9.54967426313449e+04 
8.13950334552635e-02 9.55505042678372e+04 
8.15610702960205e-02 9.56056685775868e+04 
8.16893752530632e-02 9.56490939869868e+04 
8.18305107058102e-02 9.56995501106364e+04 
8.19857597038319e-02 9.57565392452582e+04 
8.21251184210860e-02 9.58080161284039e+04 
8.22711684808239e-02 9.58625807309522e+04 
8.24246544361451e-02 9.59229909840136e+04 
8.25657088227676e-02 9.59773557991110e+04 
8.27141206066684e-02 9.60355669646246e+04 
8.28676801431269e-02 9.60951385521964e+04 
8.30215508583517e-02 9.61540936355746e+04 
8.31833698991885e-02 9.62164173215480e+04 
8.33522467641741e-02 9.62832905331813e+04 
8.34938983771181e-02 9.63386704170534e+04 
8.36468923719813e-02 9.63995680189604e+04 
8.38151857663308e-02 9.64666572355264e+04 
8.39818463840911e-02 9.65321658542044e+04 
8.41511441022953e-02 9.65988069320493e+04 
8.42982502442436e-02 9.66580582932437e+04 
8.44600670003867e-02 9.67221766896006e+04 
8.46297316562298e-02 9.67904320814551e+04 
8.47956683054375e-02 9.68567907571145e+04 
8.49644157893456e-02 9.69229172072674e+04 
8.51333243497316e-02 9.69885321317108e+04 
8.53024105723370e-02 9.70551042557557e+04 
8.54718493363287e-02 9.71199603298139e+04 
8.56417901475994e-02 9.71852293751713e+04 
8.58122412685796e-02 9.72494725824762e+04 
8.59828570044863e-02 9.73116966838539e+04 
8.61535466373487e-02 9.73728832428026e+04 
8.63242743208362e-02 9.74350025847003e+04 
8.64683975185322e-02 9.74860507934306e+04 
8.66179168971893e-02 9.75395233929317e+04 
8.67734298035024e-02 9.75945512935067e+04 
8.69310113430866e-02 9.76483810281553e+04 
8.70795441339888e-02 9.76995892242952e+04 
8.72302957784574e-02 9.77533195215499e+04 
8.73751175403698e-02 9.78042685149629e+04 
8.75297887384945e-02 9.78588947138526e+04 
8.76629107989142e-02 9.79058187257556e+04 
8.78093450653758e-02 9.79561411032687e+04 
8.79679104503225e-02 9.80090585787347e+04 
8.81240729794406e-02 9.80604669457866e+04 
8.82758263168141e-02 9.81097031089859e+04 
8.84341122644766e-02 9.81594380604616e+04 
8.85861563986480e-02 9.82048964591659e+04 
8.87451606344643e-02 9.82492989411213e+04 
8.89043991112735e-02 9.82907748048297e+04 
8.90644849041309e-02 9.83310179226473e+04 
8.92099460618849e-02 9.83641661026499e+04 
8.93611280437381e-02 9.83977812197632e+04 
8.95160566069407e-02 9.84301668441247e+04 
8.96779733273073e-02 9.84602054041393e+04 
8.98285414297660e-02 9.84849177798375e+04 
8.99857843272667e-02 9.85084648036457e+04 
9.01325704699315e-02 9.85266806406354e+04 
9.02857788626150e-02 9.85422796565372e+04 
9.04461157959733e-02 9.85545632112959e+04 
9.05963523558223e-02 9.85620618153443e+04 
9.07440375724900e-02 9.85665267975197e+04 
9.09061844682683e-02 9.85696201495122e+04 
9.10545750367086e-02 9.85691142422221e+04 
9.12113783340076e-02 9.85668732095713e+04 
9.13768364103614e-02 9.85621204162677e+04 
9.15306220384319e-02 9.85557419156009e+04 
9.16939158265614e-02 9.85456697300881e+04 
9.18672047270120e-02 9.85362656081694e+04 
9.20185078563765e-02 9.85279588033332e+04 
9.21822038048952e-02 9.85193566667650e+04 
9.23368780581192e-02 9.85115348043856e+04 
9.25021688976823e-02 9.85032769686263e+04 
9.26793610998261e-02 9.84927879833948e+04 
9.28431708352695e-02 9.84845077411796e+04 
9.30187421794199e-02 9.84754972288211e+04 
9.31850027434558e-02 9.84667830428295e+04 
9.33578318131224e-02 9.84568137131821e+04 
9.35284823824063e-02 9.84461004231540e+04 
9.37043331966375e-02 9.84347277646213e+04 
9.38786034994242e-02 9.84220313455159e+04 
9.40489115155553e-02 9.84085289561000e+04 
9.42253020614956e-02 9.83940476164344e+04 
9.43882681285537e-02 9.83801667750913e+04 
9.45470417373827e-02 9.83668391742025e+04 
9.47050378531736e-02 9.83537516030647e+04 
9.48540039057352e-02 9.83417536199659e+04 
9.49980593583340e-02 9.83303710712334e+04 
9.51543181770911e-02 9.83180468508193e+04 
9.52914830609817e-02 9.83074764917244e+04 
9.54423644332614e-02 9.82967316752293e+04 
9.55885485721203e-02 9.82869826810177e+04 
9.57314915386797e-02 9.82782220009044e+04 
9.58814833747596e-02 9.82703177196888e+04 
9.60252008900070e-02 9.82632812561703e+04 
9.61605283912598e-02 9.82574495919975e+04 
9.62971771651760e-02 9.82529039400213e+04 
9.64381166841140e-02 9.82491736452630e+04 
9.65843262631456e-02 9.82462252035458e+04 
9.67369580749265e-02 9.82447179448454e+04 
9.68969511591113e-02 9.82436486102713e+04 
9.70578849701132e-02 9.82433845568671e+04 
9.72262732352884e-02 9.82448776125591e+04 
9.73757041274149e-02 9.82468390149950e+04 
9.75323201280316e-02 9.82492366711571e+04 
9.76784887503941e-02 9.82524643652632e+04 
9.78309585653813e-02 9.82556685038289e+04 
9.79779373557028e-02 9.82589268703282e+04 
9.81314149533461e-02 9.82631262516208e+04 
9.82890352388136e-02 9.82676117455163e+04 
9.84420235055045e-02 9.82719875115365e+04 
9.86026859695483e-02 9.82773895421572e+04 
9.87546827640058e-02 9.82824032671929e+04 
9.89086347230068e-02 9.82877188619182e+04 
9.90622141946497e-02 9.82933175255492e+04 
9.92217091364561e-02 9.83001420199704e+04 
9.93808455090588e-02 9.83079704051063e+04 
9.95343528520874e-02 9.83170120963718e+04 
9.96977976135305e-02 9.83270200481726e+04 
9.98532955661000e-02 9.83375011138945e+04 
1.00018349925817e-01 9.83513411724671e+04 
1.00182249204128e-01 9.83647208557173e+04 
1.00347128647912e-01 9.83784305964718e+04 
1.00505273295546e-01 9.83917923181994e+04 
1.00673370827651e-01 9.84076304653335e+04 
1.00833499582091e-01 9.84238555585736e+04 
1.01005063431995e-01 9.84426643915369e+04 
1.01167065556195e-01 9.84613835761076e+04 
1.01312064775350e-01 9.84790662928935e+04 
1.01467832070329e-01 9.84990429668523e+04 
1.01634335508914e-01 9.85212195892125e+04 
1.01776380651404e-01 9.85408783836870e+04 
1.01930882780565e-01 9.85631563404497e+04 
1.02087309555271e-01 9.85865540116109e+04 
1.02243755167176e-01 9.86112410444811e+04 
1.02393794449389e-01 9.86356902276299e+04 
1.02550835155531e-01 9.86630653351386e+04 
1.02712684202116e-01 9.86926617920244e+04 
1.02871342445836e-01 9.87228123622470e+04 
1.03035558204068e-01 9.87556824983039e+04 
1.03198342125919e-01 9.87901975432141e+04 
1.03359429531271e-01 9.88259062984003e+04 
1.03526051927897e-01 9.88658825175423e+04 
1.03688729048623e-01 9.89068249613336e+04 
1.03856388248594e-01 9.89504059449965e+04 
1.04028977496073e-01 9.89966554478460e+04 
1.04196840540761e-01 9.90440874576313e+04 
1.04370282375120e-01 9.90940080142363e+04 
1.04547916255283e-01 9.91469428110362e+04 
1.04727525469557e-01 9.92013689338441e+04 
1.04907128548679e-01 9.92558930185661e+04 
1.05086728183289e-01 9.93107725754655e+04 
1.05266335632655e-01 9.93674918506253e+04 
1.05445944423004e-01 9.94235372522709e+04 
1.05625560340944e-01 9.94802383597860e+04 
1.05805185839624e-01 9.95365802346855e+04 
1.05984808910128e-01 9.95916143169077e+04 
1.06164432510530e-01 9.96454162678092e+04 
1.06344069086339e-01 9.96995634332021e+04 
1.06523713422340e-01 9.97511733329697e+04 
1.06703372403313e-01 9.98023355501767e+04 
1.06876679939832e-01 9.98492610626280e+04 
1.07056362363695e-01 9.98951337220170e+04 
1.07236053576056e-01 9.99396177993857e+04 
1.07415766068828e-01 9.99847373266946e+04 
1.07595496028954e-01 1.00027255950554e+05 
1.07774454277075e-01 1.00068862174724e+05 
1.07954232746308e-01 1.00108744414791e+05 
1.08132638793152e-01 1.00145616170835e+05 
1.08312442241389e-01 1.00180084136848e+05 
1.08492270579527e-01 1.00214341290019e+05 
1.08671701895898e-01 1.00245966045182e+05 
1.08850900520160e-01 1.00276540622100e+05 
1.09028498622416e-01 1.00304438097118e+05 
1.09206823481858e-01 1.00329943939679e+05 
1.09383742035157e-01 1.00353364866705e+05 
1.09561907051101e-01 1.00377321047506e+05 
1.09740692009946e-01 1.00398933924555e+05 
1.09918114658278e-01 1.00420155547180e+05 
1.10094906502060e-01 1.00439629548799e+05 
1.10272664685347e-01 1.00457338896682e+05 
1.10449229881638e-01 1.00474061388043e+05 
1.10597364327677e-01 1.00488329892785e+05 
1.10753973252651e-01 1.00502504282225e+05 
1.10907428403652e-01 1.00516794042499e+05 
1.11060166429386e-01 1.00530527390772e+05 
1.11216566823252e-01 1.00543404984133e+05 
1.11375454987430e-01 1.00556624653130e+05 
1.11534764871004e-01 1.00571862666180e+05 
1.11663600792790e-01 1.00583843313021e+05 
1.11800537881445e-01 1.00597334195998e+05 
1.11945451160946e-01 1.00611219745311e+05 
1.12079947228404e-01 1.00624135867483e+05 
1.12222354117712e-01 1.00637635690581e+05 
1.12373223659949e-01 1.00652519278539e+05 
1.12505365255548e-01 1.00665441439783e+05 
1.12647217392430e-01 1.00679144886256e+05 
1.12798835572066e-01 1.00693305172558e+05 
1.12938480027145e-01 1.00705490502621e+05 
1.13087249311484e-01 1.00718284860847e+05 
1.13244761642466e-01 1.00731754731131e+05 
1.13381290896738e-01 1.00742887351036e+05 
1.13526889431538e-01 1.00754869882020e+05 
1.13667355658459e-01 1.00765519054002e+05 
1.13821868508072e-01 1.00775901101442e+05 
1.13963659933479e-01 1.00785140672644e+05 
1.14112310202525e-01 1.00795420290611e+05 
1.14244636992993e-01 1.00804177591307e+05 
1.14390196462509e-01 1.00813733951953e+05 
1.14541635894013e-01 1.00822907734369e+05 
1.14676249055707e-01 1.00830574493073e+05 
1.14824323533569e-01 1.00838525822301e+05 
1.14968872103904e-01 1.00847083447302e+05 
1.15098033825541e-01 1.00853923816841e+05 
1.15231734647332e-01 1.00861126233360e+05 
1.15370707530906e-01 1.00868641948408e+05 
1.15511931318337e-01 1.00875869452247e+05 
1.15657475417281e-01 1.00883385652606e+05 
1.15799134748011e-01 1.00890898017972e+05 
1.15941106407660e-01 1.00898133412775e+05 
1.16082110764019e-01 1.00905533556850e+05 
1.16211864331763e-01 1.00911869656376e+05 
1.16346964154115e-01 1.00917915902760e+05 
1.16487869624367e-01 1.00923699667387e+05 
1.16635186446195e-01 1.00930202670009e+05 
1.16790281438183e-01 1.00936608247919e+05 
1.16940740614943e-01 1.00942402109004e+05 
1.17098924176714e-01 1.00947377621060e+05 
1.17252948433115e-01 1.00951274353579e+05 
1.17417941863931e-01 1.00954396669213e+05 
1.17555211830584e-01 1.00956834380692e+05 
1.17699837927863e-01 1.00959087334709e+05 
1.17852229782594e-01 1.00960889644678e+05 
1.18008402040324e-01 1.00962040146167e+05 
1.18171677914759e-01 1.00962836294390e+05 
1.18310174865057e-01 1.00963159277608e+05 
1.18456872051097e-01 1.00963158344656e+05 
1.18591413340130e-01 1.00963601848077e+05 
1.18734362356459e-01 1.00964007471503e+05 
1.18886076909773e-01 1.00964158068889e+05 
1.19026585260388e-01 1.00964803850091e+05 
1.19173841639115e-01 1.00965332347123e+05 
1.19328889263303e-01 1.00966476290838e+05 
1.19467349411754e-01 1.00967922367427e+05 
1.19616355217315e-01 1.00969006222371e+05 
1.19772703234230e-01 1.00969890142341e+05 
1.19919020619934e-01 1.00971231772963e+05 
1.20072011759304e-01 1.00972411069298e+05 
1.20229533447684e-01 1.00974187108446e+05 
1.20377446537951e-01 1.00976604806771e+05 
1.20534451101928e-01 1.00978591856957e+05 
1.20689114780522e-01 1.00980396525816e+05 
1.20849482941107e-01 1.00982287825325e+05 
1.21009572249439e-01 1.00984528895112e+05 
1.21173052016762e-01 1.00986710602734e+05 
1.21330163035626e-01 1.00989535970369e+05 
1.21492528417615e-01 1.00992203028676e+05 
1.21652416858677e-01 1.00993953319657e+05 
1.21816185146977e-01 1.00996884800040e+05 
1.21982958383988e-01 1.00998593467297e+05 
1.22150476301107e-01 1.01000707927112e+05 
1.22313757115023e-01 1.01003339114407e+05 
1.22484519594164e-01 1.01005275428047e+05 
1.22647852313348e-01 1.01006727341862e+05 
1.22818801318564e-01 1.01009505581312e+05 
1.22987693774846e-01 1.01011838386126e+05 
1.23149068363592e-01 1.01013926879919e+05 
1.23303702027989e-01 1.01016743213480e+05 
1.23473799058826e-01 1.01019010905761e+05 
1.23631937927429e-01 1.01021046411523e+05 
1.23799565292503e-01 1.01023565372229e+05 
1.23969244833247e-01 1.01025433134563e+05 
1.24129754913996e-01 1.01027163519421e+05 
1.24296623213787e-01 1.01029305410535e+05 
1.24471823246610e-01 1.01030645849877e+05 
1.24636155432512e-01 1.01031612090965e+05 
1.24813493655585e-01 1.01032349097740e+05 
1.24984485964813e-01 1.01033161232051e+05 
1.25152214160558e-01 1.01033591250275e+05 
1.25327395692025e-01 1.01035163236341e+05 
1.25480379110162e-01 1.01036095071305e+05 
1.25648378629190e-01 1.01036891167667e+05 
1.25824840797089e-01 1.01038100822041e+05 
1.25983850140317e-01 1.01039129802554e+05 
1.26144409412677e-01 1.01040004966190e+05 
1.26304984753634e-01 1.01042094452659e+05 
1.26475675125228e-01 1.01043713061324e+05 
1.26633954911152e-01 1.01045858119413e+05 
1.26801868622997e-01 1.01048275703049e+05 
1.26965000506264e-01 1.01050815574947e+05 
1.27121226499769e-01 1.01053177239416e+05 
1.27260737450339e-01 1.01056089852099e+05 
1.27407201041599e-01 1.01059263982460e+05 
1.27548955812295e-01 1.01062491727560e+05 
1.27702596168332e-01 1.01066426592078e+05 
1.27844097076097e-01 1.01070310059905e+05 
1.27996100042868e-01 1.01074722136519e+05 
1.28130494938523e-01 1.01079096644616e+05 
1.28278329323744e-01 1.01083414848730e+05 
1.28421269460083e-01 1.01087382980671e+05 
1.28574033964346e-01 1.01092130370706e+05 
1.28725783899969e-01 1.01096345975335e+05 
1.28885390397683e-01 1.01099973843682e+05 
1.29041540560288e-01 1.01103837552509e+05 
1.29206610301342e-01 1.01106878039032e+05 
1.29356294906582e-01 1.01108529174577e+05 
1.29517641206409e-01 1.01110206646081e+05 
1.29668888618192e-01 1.01110428771256e+05 
1.29828990498260e-01 1.01109205472585e+05 
1.29973831675451e-01 1.01108215069820e+05 
1.30128998700358e-01 1.01105257034200e+05 
1.30278299233044e-01 1.01101666352685e+05 
1.30434860724481e-01 1.01097833129164e+05 
1.30599335959038e-01 1.01092386702698e+05 
1.30755381106387e-01 1.01085240125018e+05 
1.30906618762546e-01 1.01078171928547e+05 
1.31066299613676e-01 1.01069225278487e+05 
1.31218743276881e-01 1.01059664054532e+05 
1.31380707102586e-01 1.01048680859319e+05 
1.31552755695926e-01 1.01034943920156e+05 
1.31702560852382e-01 1.01021405189589e+05 
1.31857321144944e-01 1.01006816541422e+05 
1.32022902854155e-01 1.00989238669910e+05 
1.32181521351067e-01 1.00970902863868e+05 
1.32353275929963e-01 1.00950713817379e+05 
1.32534210117715e-01 1.00928463014473e+05 
1.32701190832555e-01 1.00906686025611e+05 
1.32876027412052e-01 1.00884075168001e+05 
1.33047926396270e-01 1.00860160838648e+05 
1.33219324330272e-01 1.00835666366545e+05 
1.33395441120917e-01 1.00810734477887e+05 
1.33552581895799e-01 1.00788527885504e+05 
1.33714090496398e-01 1.00764712527021e+05 
1.33874839946279e-01 1.00740785012785e+05 
1.34028179559438e-01 1.00717746203189e+05 
1.34188739811905e-01 1.00693132741582e+05 
1.34335403943191e-01 1.00670679555848e+05 
1.34493637671018e-01 1.00647048081222e+05 
1.34655083942492e-01 1.00622266973635e+05 
1.34816761416763e-01 1.00598008682183e+05 
1.34975766675335e-01 1.00574597188861e+05 
1.35121301945467e-01 1.00553649491377e+05 
1.35271043565845e-01 1.00533016961051e+05 
1.35430274601209e-01 1.00511508427870e+05 
1.35590297360732e-01 1.00491280019009e+05 
1.35750954298188e-01 1.00473195874604e+05 
1.35922563076876e-01 1.00454206644730e+05 
1.36086439830339e-01 1.00437145984675e+05 
1.36260438560195e-01 1.00421807651212e+05 
1.36427981925388e-01 1.00407859553820e+05 
1.36587352635541e-01 1.00395129247038e+05 
1.36754079629141e-01 1.00383814228353e+05 
1.36927524106087e-01 1.00371692873803e+05 
1.37077226916603e-01 1.00361946878796e+05 
1.37237140964428e-01 1.00353361554453e+05 
1.37406115457248e-01 1.00345528820664e+05 
1.37569022185742e-01 1.00338369689384e+05 
1.37738613688070e-01 1.00332895827769e+05 
1.37916689464421e-01 1.00326916502461e+05 
1.38068104984516e-01 1.00322716716646e+05 
1.38229653228510e-01 1.00319558260934e+05 
1.38397934344750e-01 1.00316413167650e+05 
1.38556408797657e-01 1.00313088987996e+05 
1.38722530920929e-01 1.00310423574586e+05 
1.38880390893032e-01 1.00306991666294e+05 
1.39037594070540e-01 1.00303474845790e+05 
1.39197610075052e-01 1.00300343893361e+05 
1.39368029011740e-01 1.00296356632824e+05 
1.39517154699559e-01 1.00292057796069e+05 
1.39669394649342e-01 1.00287669764769e+05 
1.39829924403405e-01 1.00281670805290e+05 
1.39976704999008e-01 1.00275882530611e+05 
1.40132936427790e-01 1.00269514743454e+05 
1.40298747184759e-01 1.00261690728373e+05 
1.40455808200122e-01 1.00253090888199e+05 
1.40616944219446e-01 1.00243651466719e+05 
1.40790130629019e-01 1.00231488283410e+05 
1.40947577228804e-01 1.00219883144135e+05 
1.41116063714107e-01 1.00207226036732e+05 
1.41296979390658e-01 1.00193011471064e+05 
1.41465702135943e-01 1.00178774540672e+05 
1.41633999668197e-01 1.00164407108369e+05 
1.41809822253301e-01 1.00148506566915e+05 
1.41982363924379e-01 1.00132497271358e+05 
1.42161154460290e-01 1.00116419934024e+05 
1.42340538715830e-01 1.00100172313293e+05 
1.42519753767039e-01 1.00083481703883e+05 
1.42696722876736e-01 1.00067824976095e+05 
1.42877579223537e-01 1.00051180673142e+05 
1.43029045545032e-01 1.00037654677378e+05 
1.43187629188407e-01 1.00024451410740e+05 
1.43351657837948e-01 1.00011030374213e+05 
1.43516801741573e-01 9.99974043699807e+04 
1.43688811397177e-01 9.99842816499392e+04 
1.43845679693951e-01 9.99719827969156e+04 
1.44012480040152e-01 9.99594711204179e+04 
1.44189845064793e-01 9.99475440337247e+04 
1.44354055236088e-01 9.99370637342750e+04 
1.44511451308547e-01 9.99269158690757e+04 
1.44671100180188e-01 9.99180083988422e+04 
1.44844444363193e-01 9.99080838676953e+04 
1.44998301071681e-01 9.99003074598204e+04 
1.45160135950686e-01 9.98938658494038e+04 
1.45331401327361e-01 9.98878681296883e+04 
1.45493448761857e-01 9.98823687460107e+04 
1.45659770906569e-01 9.98784875297022e+04 
1.45838734855945e-01 9.98740164709407e+04 
1.45995833769210e-01 9.98711338263284e+04 
1.46165496211487e-01 9.98697084730291e+04 
1.46347832252141e-01 9.98685464946675e+04 
1.46519542782061e-01 9.98673983835364e+04 
1.46684091642652e-01 9.98674698033005e+04 
1.46858826583491e-01 9.98669940234496e+04 
1.47027717165017e-01 9.98671380165029e+04 
1.47205117720994e-01 9.98686268502946e+04 
1.47387824875836e-01 9.98701590055558e+04 
1.47565118447354e-01 9.98713929245538e+04 
1.47741421875519e-01 9.98736065594253e+04 
1.47917640483630e-01 9.98750616998892e+04 
1.48094949457275e-01 9.98768668588469e+04 
1.48274104765264e-01 9.98797505064808e+04 
1.48458509875655e-01 9.98824163266006e+04 
1.48641836133684e-01 9.98846187189794e+04 
1.48818035955734e-01 9.98872797478415e+04 
1.49002438917861e-01 9.98891665672789e+04 
1.49185431798895e-01 9.98911668477799e+04 
1.49369831090090e-01 9.98940705292141e+04 
1.49554223303756e-01 9.98967090900436e+04 
1.49738618997307e-01 9.98989165901714e+04 
1.49923024884241e-01 9.99016616881546e+04 
1.50107436971514e-01 9.99037205997719e+04 
1.50291867000303e-01 9.99059873262802e+04 
1.50476306046051e-01 9.99089501631154e+04 
1.50660748345630e-01 9.99117352084213e+04 
1.50845201133091e-01 9.99141206957038e+04 
1.51029667569237e-01 9.99170032119108e+04 
1.51214140979157e-01 9.99192773062279e+04 
1.51398631487394e-01 9.99217461626355e+04 
1.51583129317534e-01 9.99248423228943e+04 
1.51767627499111e-01 9.99276282418852e+04 
1.51952131225006e-01 9.99300321811418e+04 
1.52136640040389e-01 9.99326855035202e+04 
1.52321146548905e-01 9.99344411397072e+04 
1.52505660475429e-01 9.99360486395053e+04 
1.52690174795841e-01 9.99382836445880e+04 
1.52874684697194e-01 9.99398384153751e+04 
1.53059197686677e-01 9.99409222788262e+04 
1.53243717377888e-01 9.99422489258311e+04 
1.53428237189091e-01 9.99424698324526e+04 
1.53612766850064e-01 9.99427540216653e+04 
1.53797297558756e-01 9.99436560634284e+04 
1.53981824415812e-01 9.99443061899944e+04 
1.54165711470921e-01 9.99447000041185e+04 
1.54349339106567e-01 9.99457871854084e+04 
1.54533016913444e-01 9.99462720509265e+04 
1.54714131431199e-01 9.99472363396489e+04 
1.54896035800681e-01 9.99491590576783e+04 
1.55078343637542e-01 9.99512253191558e+04 
1.55261200916350e-01 9.99533826677346e+04 
1.55444227117089e-01 9.99566599225585e+04 
1.55627431666531e-01 9.99596858772203e+04 
1.55810985278397e-01 9.99636033996016e+04 
1.55994888287414e-01 9.99689464231602e+04 
1.56178963728863e-01 9.99745159003624e+04 
1.56363035652282e-01 9.99805484223993e+04 
1.56547354696957e-01 9.99876106883658e+04 
1.56727579930822e-01 9.99945973497539e+04 
1.56908354109099e-01 1.00002814917394e+05 
1.57091768121858e-01 1.00012741545328e+05 
1.57274714035962e-01 1.00022603567179e+05 
1.57459300322668e-01 1.00032618471344e+05 
1.57643439669510e-01 1.00043652963302e+05 
1.57828018195781e-01 1.00054941139440e+05 
1.58012598581676e-01 1.00066937738536e+05 
1.58197174179309e-01 1.00079668961921e+05 
1.58381740289896e-01 1.00092628198434e+05 
1.58566303185182e-01 1.00105309786467e+05 
1.58750615898985e-01 1.00118434855096e+05 
1.58934940462815e-01 1.00130848968308e+05 
1.59119315102302e-01 1.00143510825895e+05 
1.59303551490603e-01 1.00156539738439e+05 
1.59487669880653e-01 1.00168886052683e+05 
1.59671905095280e-01 1.00180509284364e+05 
1.59856073836562e-01 1.00191878926593e+05 
1.60040327393440e-01 1.00201888810804e+05 
1.60224858575941e-01 1.00211385489858e+05 
1.60409412834312e-01 1.00220562234402e+05 
1.60593922338879e-01 1.00228593219689e+05 
1.60778496057219e-01 1.00236017337936e+05 
1.60963073072517e-01 1.00242621162818e+05 
1.61147648734465e-01 1.00247898573403e+05 
1.61331226779039e-01 1.00252211354245e+05 
1.61515649397085e-01 1.00255122058824e+05 
1.61700224442947e-01 1.00256467836511e+05 
1.61884797943504e-01 1.00257000536311e+05 
1.62069373306167e-01 1.00256839664252e+05 
1.62253945840929e-01 1.00255905353932e+05 
1.62437187155250e-01 1.00254615394562e+05 
1.62621243213729e-01 1.00253406121360e+05 
1.62805324881848e-01 1.00252001144806e+05 
1.62989893275929e-01 1.00250946843737e+05 
1.63174199690057e-01 1.00250337161339e+05 
1.63358674585531e-01 1.00249230999615e+05 
1.63540602755427e-01 1.00249486252971e+05 
1.63723312361698e-01 1.00250848135161e+05 
1.63902434851211e-01 1.00252437827758e+05 
1.64082133481002e-01 1.00254828874472e+05 
1.64262839464115e-01 1.00258342327232e+05 
1.64444212783585e-01 1.00262193498838e+05 
1.64626729047922e-01 1.00267328837878e+05 
1.64809082824022e-01 1.00273913766447e+05 
1.64991714363294e-01 1.00281305527061e+05 
1.65174941785598e-01 1.00289441006203e+05 
1.65358376149092e-01 1.00299053170373e+05 
1.65541854787037e-01 1.00309187758797e+05 
1.65725383851459e-01 1.00320652991217e+05 
1.65909048463785e-01 1.00333597889026e+05 
1.66093006997682e-01 1.00347316050517e+05 
1.66277170647228e-01 1.00361564251446e+05 
1.66460799345503e-01 1.00376812665420e+05 
1.66644506393042e-01 1.00391963702177e+05 
1.66827856017788e-01 1.00407769695190e+05 
1.67011309256966e-01 1.00424460706665e+05 
1.67194206179759e-01 1.00440951302686e+05 
1.67378610974692e-01 1.00457473498187e+05 
1.67562835945233e-01 1.00474238643481e+05 
1.67747335352346e-01 1.00490305617651e+05 
1.67930522487364e-01 1.00506310997963e+05 
1.68114800292344e-01 1.00522635167649e+05 
1.68298346275141e-01 1.00538268555045e+05 
1.68482118387578e-01 1.00553550957085e+05 
1.68665638502027e-01 1.00568616015157e+05 
1.68849247049655e-01 1.00582893593168e+05 
1.69032381889525e-01 1.00596992391065e+05 
1.69215428278355e-01 1.00611149388098e+05 
1.69396772940712e-01 1.00624533442008e+05 
1.69578186110065e-01 1.00637627583734e+05 
1.69759909858145e-01 1.00650481551214e+05 
1.69942462807154e-01 1.00662771950990e+05 
1.70125205666135e-01 1.00675026899669e+05 
1.70308218491467e-01 1.00687387444082e+05 
1.70491458295993e-01 1.00699447707913e+05 
1.70672797909221e-01 1.00711342461276e+05 
1.70808180787947e-01 1.00720052715099e+05 
1.70951544998862e-01 1.00729271889902e+05 
1.71103591714366e-01 1.00739168556280e+05 
1.71241613560444e-01 1.00747864135352e+05 
1.71386110979783e-01 1.00757434150873e+05 
1.71538508601034e-01 1.00767469520508e+05 
1.71680396757073e-01 1.00776352422644e+05 
1.71820694741397e-01 1.00785464417963e+05 
1.71969802782454e-01 1.00795128657135e+05 
1.72116117813801e-01 1.00804337112607e+05 
1.72262542241520e-01 1.00813663148082e+05 
1.72416878645849e-01 1.00823749039538e+05 
1.72559203575435e-01 1.00832483015302e+05 
1.72711688741502e-01 1.00842049736272e+05 
1.72859594876130e-01 1.00851202277767e+05 
1.73019551254375e-01 1.00860904931968e+05 
1.73184486696026e-01 1.00870933813126e+05 
1.73335318678102e-01 1.00879903390941e+05 
1.73493519818271e-01 1.00888723628570e+05 
1.73654629312668e-01 1.00897932818825e+05 
1.73807252237313e-01 1.00906426068191e+05 
1.73970737700225e-01 1.00915314113338e+05 
1.74141010205205e-01 1.00924596757975e+05 
1.74307520235467e-01 1.00933124425924e+05 
1.74472284400567e-01 1.00941240917266e+05 
1.74643190170010e-01 1.00949205143270e+05 
1.74790451140450e-01 1.00955945043390e+05 
1.74952438207933e-01 1.00963627719082e+05 
1.75128313682905e-01 1.00971415224736e+05 
1.75305993927344e-01 1.00978764158550e+05 
1.75453003056199e-01 1.00984962655704e+05 
1.75606124578451e-01 1.00990737412205e+05 
1.75765912468411e-01 1.00996758006997e+05 
1.75933691765934e-01 1.01003587363257e+05 
1.76110720053414e-01 1.01010536443357e+05 
1.76294261530980e-01 1.01017514034242e+05 
1.76442259544430e-01 1.01023546523762e+05 
1.76597447600426e-01 1.01029404211237e+05 
1.76760276730274e-01 1.01035876808164e+05 
1.76931830537558e-01 1.01043650648633e+05 
1.77087531162081e-01 1.01050572620541e+05 
1.77251516223198e-01 1.01058059781675e+05 
1.77402320620408e-01 1.01065586800862e+05 
1.77567297937571e-01 1.01073464979432e+05 
1.77741068558523e-01 1.01082525036798e+05 
1.77895456894132e-01 1.01091202557566e+05 
1.78050586345786e-01 1.01099938755088e+05 
1.78217347098448e-01 1.01109491504868e+05 
1.78369424510114e-01 1.01118788173770e+05 
1.78534476452140e-01 1.01128606295184e+05 
1.78688515852642e-01 1.01138151265688e+05 
1.78850145242483e-01 1.01148915818631e+05 
1.79022371434010e-01 1.01160408160286e+05 
1.79187432055878e-01 1.01171217419809e+05 
1.79338767056139e-01 1.01181372184111e+05 
1.79485409368365e-01 1.01190700348296e+05 
1.79644280851929e-01 1.01200601545940e+05 
1.79800791553646e-01 1.01210640794389e+05 
1.79961306044928e-01 1.01219959527662e+05 
1.80107125169067e-01 1.01227716294932e+05 
1.80266293014556e-01 1.01236177495177e+05 
1.80410731763894e-01 1.01243077467462e+05 
1.80567103507081e-01 1.01250321908118e+05 
1.80723355837402e-01 1.01257813489091e+05 
1.80880812103531e-01 1.01264597051208e+05 
1.81045209490297e-01 1.01270784374514e+05 
1.81208769031868e-01 1.01276501078958e+05 
1.81377354394365e-01 1.01281104654733e+05 
1.81539862752684e-01 1.01284643792940e+05 
1.81710336720538e-01 1.01287903813123e+05 
1.81880240982351e-01 1.01290131678346e+05 
1.82051418819010e-01 1.01291290217949e+05 
1.82219361952947e-01 1.01291769790362e+05 
1.82392805772676e-01 1.01290698170047e+05 
1.82550805472136e-01 1.01289150867540e+05 
1.82707880552407e-01 1.01287195061535e+05 
1.82870712884909e-01 1.01284120293970e+05 
1.83033424116167e-01 1.01280091664045e+05 
1.83187216058524e-01 1.01275729241460e+05 
1.83347238990066e-01 1.01269691840884e+05 
1.83501054800264e-01 1.01263010788266e+05 
1.83659864656491e-01 1.01255856167135e+05 
1.83825127361454e-01 1.01247512458815e+05 
1.83998155871227e-01 1.01237762910421e+05 
1.84152489340992e-01 1.01228895603274e+05 
1.84311755283059e-01 1.01218448569974e+05 
1.84477354256879e-01 1.01206906344971e+05 
1.84642648565096e-01 1.01195541156804e+05 
1.84818169852089e-01 1.01182967729380e+05 
1.84989329026765e-01 1.01169964183682e+05 
1.85171417661054e-01 1.01156575959915e+05 
1.85342332814229e-01 1.01142656251669e+05 
1.85525899060647e-01 1.01127249633222e+05 
1.85701741060894e-01 1.01113579101223e+05 
1.85885931727809e-01 1.01098787263414e+05 
1.86058511823849e-01 1.01084581492682e+05 
1.86238623282496e-01 1.01070639698025e+05 
1.86420000330449e-01 1.01055587360283e+05 
1.86597222038502e-01 1.01041106090906e+05 
1.86779614318490e-01 1.01027612657601e+05 
1.86940472230599e-01 1.01015782897819e+05 
1.87110353367965e-01 1.01003060563224e+05 
1.87268005907239e-01 1.00992166081874e+05 
1.87433778292415e-01 1.00980172905454e+05 
1.87605072191173e-01 1.00967983225905e+05 
1.87767984597057e-01 1.00957474751555e+05 
1.87941458803051e-01 1.00946425463503e+05 
1.88110836930493e-01 1.00935371504408e+05 
1.88291934026684e-01 1.00924483530054e+05 
1.88461567637423e-01 1.00913499164804e+05 
1.88636669777099e-01 1.00902132816769e+05 
1.88807781467829e-01 1.00891922984378e+05 
1.88989357222354e-01 1.00881089135184e+05 
1.89161346502173e-01 1.00870425828800e+05 
1.89342141682953e-01 1.00860113378156e+05 
1.89522170906352e-01 1.00848933531014e+05 
1.89704765616012e-01 1.00837576836377e+05 
1.89885727190824e-01 1.00827329434230e+05 
1.90067249445526e-01 1.00817247736495e+05 
1.90237835429721e-01 1.00807655156714e+05 
1.90415011939738e-01 1.00798623776293e+05 
1.90595704843481e-01 1.00789018122776e+05 
1.90763341471505e-01 1.00780572340420e+05 
1.90938654486815e-01 1.00773010666872e+05 
1.91118566775894e-01 1.00765900253720e+05 
1.91281799360429e-01 1.00759677866624e+05 
1.91455282360271e-01 1.00754348067559e+05 
1.91636723587719e-01 1.00748823724432e+05 
1.91796232482265e-01 1.00744799022061e+05 
1.91968340320543e-01 1.00741920482214e+05 
1.92151911831475e-01 1.00739643150912e+05 
1.92323143217086e-01 1.00737861259712e+05 
1.92503286433832e-01 1.00737220908987e+05 
1.92674470555441e-01 1.00736529407975e+05 
1.92856077035547e-01 1.00736249128786e+05 
1.93031765865699e-01 1.00737022793601e+05 
1.93212252872588e-01 1.00738021197178e+05 
1.93388925209237e-01 1.00738857878435e+05 
1.93555165944126e-01 1.00740010063820e+05 
1.93729070250074e-01 1.00740525880189e+05 
1.93902139839036e-01 1.00740771599052e+05 
1.94082905402046e-01 1.00741281359251e+05 
1.94261308184321e-01 1.00741337994585e+05 
1.94434569562112e-01 1.00740795037280e+05 
1.94617339108738e-01 1.00739757658319e+05 
1.94795145305563e-01 1.00737506906256e+05 
1.94962819466882e-01 1.00734775887741e+05 
1.95140915399171e-01 1.00731440233241e+05 
1.95322585789724e-01 1.00726814299259e+05 
1.95501059874664e-01 1.00721220381003e+05 
1.95684761491313e-01 1.00714605481681e+05 
1.95869282895216e-01 1.00706608370132e+05 
1.96027784099925e-01 1.00698856677868e+05 
1.96202135425106e-01 1.00690170427229e+05 
1.96386995583027e-01 1.00680333627998e+05 
1.96544336468317e-01 1.00671600911431e+05 
1.96680532468626e-01 1.00663846084817e+05 
1.96830348068965e-01 1.00654633174201e+05 
1.96994377379058e-01 1.00644288007533e+05 
1.97139792170419e-01 1.00635560242768e+05 
1.97295065655722e-01 1.00625982792737e+05 
1.97460406740120e-01 1.00615611044335e+05 
1.97594966593496e-01 1.00607577507311e+05 
1.97735670211341e-01 1.00598831181174e+05 
1.97883250609492e-01 1.00589801282515e+05 
1.98028297973614e-01 1.00581557129482e+05 
1.98169109518262e-01 1.00573660767435e+05 
1.98317211968036e-01 1.00565172700434e+05 
1.98454707179005e-01 1.00557781350565e+05 
1.98599846788929e-01 1.00549707255660e+05 
1.98738779818603e-01 1.00542226671284e+05 
1.98886283891932e-01 1.00535039698456e+05 
1.99042840933369e-01 1.00527702917347e+05 
1.99191187783236e-01 1.00520709363578e+05 
1.99333746377711e-01 1.00514805486961e+05 
1.99484635980802e-01 1.00508220998481e+05 
1.99629438528684e-01 1.00502602867561e+05 
1.99786278409463e-01 1.00497603572056e+05 
1.99926639787149e-01 1.00493422452336e+05 
2.00073617664039e-01 1.00489073205637e+05 
2.00227959414138e-01 1.00485414798194e+05 
