# Liste des scalaires : TEMPS pmat 
0.00000000000000e+00 1.00000000000000e+05 
5.42217668469038e-05 1.00000000000000e+05 
9.53468963838177e-05 1.00000000000000e+05 
1.34704709288286e-04 1.00000000000000e+05 
1.76450020584728e-04 1.00000000000000e+05 
2.18351954957012e-04 1.00000000000000e+05 
2.59639476973028e-04 1.00000000000000e+05 
3.01244039763527e-04 1.00000000000000e+05 
3.43280422253424e-04 1.00000000000000e+05 
3.86288725950663e-04 1.00000000000000e+05 
4.30871791231774e-04 1.00000000000000e+05 
4.75528664583529e-04 1.00000000000000e+05 
5.20334549363796e-04 1.00000000000000e+05 
5.66475057376470e-04 1.00000000000000e+05 
6.13205951503790e-04 1.00000000000000e+05 
6.60815891820414e-04 1.00000000000000e+05 
7.08945542365472e-04 1.00000000000000e+05 
7.57740199086888e-04 1.00000000000000e+05 
8.07563764691386e-04 1.00000000000000e+05 
8.58281823833434e-04 1.00000000000000e+05 
9.09277176967710e-04 1.00000000000000e+05 
9.61535038576176e-04 1.00000000000000e+05 
1.01448338566476e-03 1.00000000000000e+05 
1.06790373633938e-03 1.00000000000000e+05 
1.12262815905360e-03 1.00000000000000e+05 
1.17809089439346e-03 1.00000000000000e+05 
1.23454121772595e-03 1.00000000000000e+05 
1.29058212313996e-03 1.00000000000000e+05 
1.34824129896534e-03 1.00000000000000e+05 
1.40585382143348e-03 1.00000000000000e+05 
1.46495232883479e-03 1.00000000000000e+05 
1.52463190957166e-03 1.00000000000000e+05 
1.58467017916978e-03 1.00000000000000e+05 
1.64420455082482e-03 1.00000000000000e+05 
1.70514377341979e-03 1.00000000000000e+05 
1.76775032170145e-03 1.00000000000000e+05 
1.83029818513149e-03 1.00000000000000e+05 
1.89385833507996e-03 1.00000000000000e+05 
1.95691491521797e-03 1.00000000000000e+05 
2.02047251563162e-03 1.00000000000000e+05 
2.08504913984334e-03 1.00000000000000e+05 
2.15086150384941e-03 1.00000000000000e+05 
2.21745663729098e-03 1.00000000000000e+05 
2.28508315366585e-03 1.00000000000000e+05 
2.35271571489038e-03 1.00000000000000e+05 
2.42076005354738e-03 1.00000000000000e+05 
2.48998524318334e-03 1.00000000000000e+05 
2.56062903807440e-03 1.00000000000000e+05 
2.63188821615061e-03 1.00000000000000e+05 
2.70421313550114e-03 1.00000000000000e+05 
2.77683276458068e-03 1.00000000000000e+05 
2.84936450049112e-03 1.00000000000000e+05 
2.92307003054396e-03 1.00000000000000e+05 
2.99800979782229e-03 1.00000000000000e+05 
3.07360965706441e-03 1.00000000000000e+05 
3.15035128731882e-03 1.00000000000000e+05 
3.22832143725156e-03 1.00000000000000e+05 
3.30669584181753e-03 1.00000000000000e+05 
3.38592615475781e-03 1.00000000000000e+05 
3.46613119241834e-03 1.00000000000000e+05 
3.54704898275497e-03 1.00000000000000e+05 
3.62934968842687e-03 1.00000000000000e+05 
3.71209278301684e-03 1.00000000000000e+05 
3.79501872912097e-03 1.00000000000000e+05 
3.87906385332331e-03 1.00000000000000e+05 
3.96366518910184e-03 1.00000000000000e+05 
4.04899238182634e-03 1.00000000000000e+05 
4.13540674767210e-03 1.00000000000000e+05 
4.22292789487626e-03 1.00000000000000e+05 
4.31152516835067e-03 1.00000000000000e+05 
4.40013955935788e-03 1.00000000000000e+05 
4.48881019897629e-03 1.00000000000000e+05 
4.57870339175882e-03 1.00000000000000e+05 
4.66869993332937e-03 1.00000000000000e+05 
4.75973476999295e-03 1.00000000000000e+05 
4.85194248966158e-03 1.00000000000000e+05 
4.94374634579970e-03 1.00000000000000e+05 
5.03675429955608e-03 1.00000000000000e+05 
5.13084700789588e-03 1.00000000000000e+05 
5.22388029957961e-03 1.00000000000000e+05 
5.31790371453961e-03 1.00000000000000e+05 
5.41304140112341e-03 1.00000000000000e+05 
5.50904618052046e-03 1.00000000000000e+05 
5.60593196178897e-03 1.00000000000000e+05 
5.70284693921127e-03 1.00000000000000e+05 
5.79861230972352e-03 1.00000000000000e+05 
5.89378135581005e-03 1.00000000000000e+05 
5.98977614326280e-03 1.00000000000000e+05 
6.08676343205458e-03 1.00000000000000e+05 
6.18496810924169e-03 1.00000000000000e+05 
6.28354433583628e-03 1.00000000000000e+05 
6.38286068359625e-03 1.00000000000000e+05 
6.48085303544531e-03 1.00000000000000e+05 
6.57945326657321e-03 1.00000000000000e+05 
6.67782925245236e-03 1.00000000000000e+05 
6.77698528062178e-03 1.00000000000000e+05 
6.87698111704531e-03 1.00000000000000e+05 
6.97794867411151e-03 1.00000000000000e+05 
7.07958787476455e-03 1.00000000000000e+05 
7.18186515856296e-03 1.00000000000000e+05 
7.28479333551786e-03 1.00000000000000e+05 
7.38835308628010e-03 1.00000000000000e+05 
7.49065279848973e-03 1.00000000000000e+05 
7.59369169213472e-03 1.00000000000000e+05 
7.69612617736179e-03 1.00000000000000e+05 
7.79861572501599e-03 1.00000000000000e+05 
7.90181388672094e-03 1.00000000000000e+05 
8.00614985820949e-03 1.00000000000000e+05 
8.11171326302447e-03 1.00000000000000e+05 
8.21816873334892e-03 1.00000000000000e+05 
8.32490947126234e-03 1.00000000000000e+05 
8.43051433349689e-03 1.00000000000000e+05 
8.53660851917418e-03 1.00000000000000e+05 
8.64328692091710e-03 1.00000000000000e+05 
8.75050710619408e-03 1.00000000000000e+05 
8.85767630847120e-03 1.00000000000000e+05 
8.96520782350772e-03 1.00000000000000e+05 
9.07328103461501e-03 1.00000000000000e+05 
9.18204887407422e-03 1.00000000000000e+05 
9.29154361726218e-03 1.00000000000000e+05 
9.40170025599893e-03 1.00000000000000e+05 
9.51229935906524e-03 1.00000000000000e+05 
9.62338598541214e-03 1.00000000000000e+05 
9.73490587285310e-03 1.00000000000000e+05 
9.84548259156019e-03 1.00000000000000e+05 
9.95811071172091e-03 1.00000000000000e+05 
1.00698727317504e-02 1.00000000000000e+05 
1.01821367487647e-02 1.00000000000000e+05 
1.02934420014341e-02 1.00000000000000e+05 
1.04058887433728e-02 1.00000000000000e+05 
1.05172498389968e-02 1.00000000000000e+05 
1.06302384249876e-02 1.00000000000000e+05 
1.07436458506394e-02 1.00000000000000e+05 
1.08577707765955e-02 1.00000000000000e+05 
1.09696420703362e-02 1.00000000000000e+05 
1.10821690500831e-02 1.00000000000000e+05 
1.11937210686107e-02 1.00000000000000e+05 
1.13067008682842e-02 1.00000000000000e+05 
1.14210823251272e-02 1.00000000000000e+05 
1.15355125407622e-02 1.00000000000000e+05 
1.16468971114522e-02 1.00000000000000e+05 
1.17593866675486e-02 1.00000000000000e+05 
1.18711831979106e-02 1.00000000000000e+05 
1.19840398830265e-02 1.00000000000000e+05 
1.20994714184752e-02 1.00000000000000e+05 
1.22149236097779e-02 1.00000000000000e+05 
1.23263009801338e-02 1.00000000000000e+05 
1.24387647710065e-02 1.00000000000000e+05 
1.25502017039197e-02 1.00000000000000e+05 
1.26642279704980e-02 1.00000000000000e+05 
1.27795870496156e-02 1.00000000000000e+05 
1.28945232026539e-02 1.00000000000000e+05 
1.30058347561014e-02 1.00000000000000e+05 
1.31176921282093e-02 1.00000000000000e+05 
1.32287645724473e-02 1.00000000000000e+05 
1.33421791275426e-02 1.00000000000000e+05 
1.34567637449280e-02 1.00000000000000e+05 
1.35717508886346e-02 1.00000000000000e+05 
1.36833565478115e-02 1.00000000000000e+05 
1.37954637506668e-02 1.00000000000000e+05 
1.39068572358214e-02 1.00000000000000e+05 
1.40195496043110e-02 1.00000000000000e+05 
1.41346647525386e-02 1.00000000000000e+05 
1.42501123430066e-02 1.00000000000000e+05 
1.43615047844991e-02 1.00000000000000e+05 
1.44740335290530e-02 1.00000000000000e+05 
1.45856822692066e-02 1.00000000000000e+05 
1.46990970989810e-02 1.00000000000000e+05 
1.48149655749303e-02 1.00000000000000e+05 
1.49310264169545e-02 1.00000000000000e+05 
1.50438171820443e-02 1.00000000002152e+05 
1.51575055546797e-02 1.00000000004575e+05 
1.52704057451527e-02 1.00000000011530e+05 
1.53866667711967e-02 1.00000000026718e+05 
1.55029543293068e-02 1.00000000047551e+05 
1.56192495287802e-02 1.00000000070817e+05 
1.57326060117164e-02 1.00000000213267e+05 
1.58477210342989e-02 1.00000000372858e+05 
1.59623434971683e-02 1.00000000622949e+05 
1.60786145038701e-02 1.00000000817672e+05 
1.61948761159783e-02 1.00000001186997e+05 
1.63111226023938e-02 1.00000002026133e+05 
1.64268924699658e-02 1.00000002849800e+05 
1.65430716697823e-02 1.00000004273239e+05 
1.66589906232185e-02 1.00000006385470e+05 
1.67750422758770e-02 1.00000009163967e+05 
1.68910536509555e-02 1.00000012846269e+05 
1.70065139299075e-02 1.00000017709301e+05 
1.71224664017308e-02 1.00000024382219e+05 
1.72384574884979e-02 1.00000032572588e+05 
1.73545077254922e-02 1.00000044722589e+05 
1.74706470877492e-02 1.00000059781341e+05 
1.75868741574387e-02 1.00000076443376e+05 
1.77032268251980e-02 1.00000098714024e+05 
1.78197070532329e-02 1.00000128926131e+05 
1.79358066753252e-02 1.00000165164189e+05 
1.80507683818135e-02 1.00000215940104e+05 
1.81672708205301e-02 1.00000276313375e+05 
1.82850428693127e-02 1.00000342031215e+05 
1.84022546003100e-02 1.00000433392338e+05 
1.85171323677522e-02 1.00000547532869e+05 
1.86331965677370e-02 1.00000685186665e+05 
1.87471164567555e-02 1.00000881536194e+05 
1.88615021192151e-02 1.00001190555638e+05 
1.89793057866564e-02 1.00001578582974e+05 
1.90963057037150e-02 1.00002061422724e+05 
1.92097249114028e-02 1.00002727801446e+05 
1.93263633912561e-02 1.00003548429804e+05 
1.94392004717995e-02 1.00004650835793e+05 
1.95527930858868e-02 1.00005972431427e+05 
1.96685746426368e-02 1.00007645169452e+05 
1.97845623524243e-02 1.00009732303311e+05 
1.98963098741018e-02 1.00012086200515e+05 
2.00099973524577e-02 1.00015102515605e+05 
2.01213542456619e-02 1.00018641692881e+05 
2.02337226110222e-02 1.00022799560561e+05 
2.03479046518936e-02 1.00028074054999e+05 
2.04623894649045e-02 1.00034416231891e+05 
2.05734981769262e-02 1.00041930212816e+05 
2.06864500355721e-02 1.00050371255059e+05 
2.07976387411589e-02 1.00059990056528e+05 
2.09101918366895e-02 1.00071329176955e+05 
2.10246227655565e-02 1.00084920494188e+05 
2.11395152112669e-02 1.00100274800260e+05 
2.12512996674029e-02 1.00118266361107e+05 
2.13650118834940e-02 1.00138684571521e+05 
2.14772537443145e-02 1.00162002933953e+05 
2.15912527055757e-02 1.00190013767040e+05 
2.17060304966352e-02 1.00222182911278e+05 
2.18217019329091e-02 1.00258313049323e+05 
2.19351824357146e-02 1.00299831341924e+05 
2.20498183742503e-02 1.00346769939344e+05 
2.21639692367758e-02 1.00400245513444e+05 
2.22790898442696e-02 1.00462438434693e+05 
2.23935722668181e-02 1.00532423618652e+05 
2.25086200993256e-02 1.00611114895596e+05 
2.26236604974930e-02 1.00700046514221e+05 
2.27378743522719e-02 1.00798919738756e+05 
2.28529336591434e-02 1.00910804408126e+05 
2.29679027304252e-02 1.01037475327312e+05 
2.30817604294717e-02 1.01177198014236e+05 
2.31964709771661e-02 1.01333951005747e+05 
2.33102027882821e-02 1.01508462697750e+05 
2.34239209748352e-02 1.01700496068482e+05 
2.35376061131831e-02 1.01912146303775e+05 
2.36519918233720e-02 1.02148803207956e+05 
2.37655052577222e-02 1.02407643256047e+05 
2.38797215538777e-02 1.02692952647310e+05 
2.39930465133541e-02 1.03007199582888e+05 
2.41062861908677e-02 1.03351297858760e+05 
2.42194265454203e-02 1.03730230645954e+05 
2.43332803776409e-02 1.04151182554890e+05 
2.44461183415644e-02 1.04607661482679e+05 
2.45597348460851e-02 1.05108700480596e+05 
2.46715177091845e-02 1.05649811649832e+05 
2.47839426395945e-02 1.06239654180621e+05 
2.48957587220674e-02 1.06875708770274e+05 
2.50089107578546e-02 1.07569245127527e+05 
2.51210313222482e-02 1.08305513453616e+05 
2.52339735966546e-02 1.09094414313736e+05 
2.53460743178678e-02 1.09924887665007e+05 
2.54581644938094e-02 1.10797258828547e+05 
2.55702906471978e-02 1.11706216683917e+05 
2.56830875699241e-02 1.12649417841128e+05 
2.57952639449883e-02 1.13606321000905e+05 
2.59080281949797e-02 1.14579917554511e+05 
2.60209172667742e-02 1.15547765400297e+05 
2.61336617429661e-02 1.16511434604630e+05 
2.62461642481618e-02 1.17439561512352e+05 
2.63584293113558e-02 1.18314743894668e+05 
2.64705475035876e-02 1.19133769143923e+05 
2.65824740059255e-02 1.19867754049572e+05 
2.66943191166273e-02 1.20548980602422e+05 
2.68062933506121e-02 1.21094693602205e+05 
2.69182750391056e-02 1.21501382394982e+05 
2.70303268526975e-02 1.21781713467174e+05 
2.71428605506346e-02 1.21950722396833e+05 
2.72559778901628e-02 1.21983697880755e+05 
2.73698643193789e-02 1.22001043929918e+05 
2.74847901451230e-02 1.21979875509188e+05 
2.75972807202119e-02 1.21889933674625e+05 
2.77138810278703e-02 1.21774577215068e+05 
2.78315384885352e-02 1.21650900736708e+05 
2.79468176406717e-02 1.21509184025172e+05 
2.80606468877661e-02 1.21316780648544e+05 
2.81764305007303e-02 1.21107097984040e+05 
2.82880424633743e-02 1.20858936947039e+05 
2.84031250320121e-02 1.20558934795179e+05 
2.85145068948462e-02 1.20245868114427e+05 
2.86297401580294e-02 1.19909846681555e+05 
2.87414316749742e-02 1.19553734133145e+05 
2.88531057925242e-02 1.19190001957768e+05 
2.89653866836917e-02 1.18799109977287e+05 
2.90787981222301e-02 1.18391654026131e+05 
2.91920924160989e-02 1.17980141145533e+05 
2.93080969055587e-02 1.17559755055989e+05 
2.94249560391579e-02 1.17131936357399e+05 
2.95432226929834e-02 1.16701036971202e+05 
2.96646452579957e-02 1.16258659987418e+05 
2.97860028598181e-02 1.15817137966841e+05 
2.99074470253848e-02 1.15380860673462e+05 
3.00233199742143e-02 1.14970942757458e+05 
3.01352479047686e-02 1.14579526969063e+05 
3.02490493511004e-02 1.14186423797902e+05 
3.03622902428552e-02 1.13800000893192e+05 
3.04787210261700e-02 1.13410580647828e+05 
3.05972284004089e-02 1.13020601423843e+05 
3.07152546866218e-02 1.12635934928463e+05 
3.08278268657881e-02 1.12277132974171e+05 
3.09412793977218e-02 1.11916739025087e+05 
3.10541316767223e-02 1.11562730904183e+05 
3.11706124460216e-02 1.11207031509810e+05 
3.12874439407533e-02 1.10855463178462e+05 
3.14049412021623e-02 1.10502635011481e+05 
3.15188093597265e-02 1.10170256966423e+05 
3.16341613314934e-02 1.09833410063568e+05 
3.17489554225878e-02 1.09502373211490e+05 
3.18650755610823e-02 1.09177710146364e+05 
3.19823296461171e-02 1.08854560726154e+05 
3.20998562701241e-02 1.08529700345066e+05 
3.22150230476433e-02 1.08221359470942e+05 
3.23311110799483e-02 1.07908288212653e+05 
3.24465249512617e-02 1.07600575191691e+05 
3.25642675468685e-02 1.07296845346961e+05 
3.26831596025300e-02 1.06993431899108e+05 
3.28030005467304e-02 1.06684651609701e+05 
3.29198663813185e-02 1.06393413187830e+05 
3.30377895418145e-02 1.06095444115663e+05 
3.31552285222916e-02 1.05801687815936e+05 
3.32749096815027e-02 1.05512933909904e+05 
3.33958395984424e-02 1.05223901222581e+05 
3.35170686733312e-02 1.04930732183628e+05 
3.36359583964743e-02 1.04653696678301e+05 
3.37560213455171e-02 1.04369882032065e+05 
3.38753080523327e-02 1.04091699388494e+05 
3.39968421944689e-02 1.03820241443029e+05 
3.41186638920566e-02 1.03552337565045e+05 
3.42405977497766e-02 1.03282601801040e+05 
3.43602374085735e-02 1.03030712674098e+05 
3.44814478118968e-02 1.02775763485231e+05 
3.46012598014602e-02 1.02530705665046e+05 
3.47231706869257e-02 1.02297533177746e+05 
3.48453333699281e-02 1.02074178255782e+05 
3.49677783053364e-02 1.01858040808288e+05 
3.50880561723207e-02 1.01665120139796e+05 
3.52097083566594e-02 1.01482418101553e+05 
3.53302999389153e-02 1.01325038901833e+05 
3.54525198699414e-02 1.01196961007549e+05 
3.55773520859019e-02 1.01086158307292e+05 
3.57008836622401e-02 1.01020700859648e+05 
3.58220070998839e-02 1.01008280095336e+05 
3.59443765528033e-02 1.01023952077703e+05 
3.60657441584592e-02 1.01093803548348e+05 
3.61883408613240e-02 1.01193264573827e+05 
3.63105464305364e-02 1.01321451679804e+05 
3.64330307125709e-02 1.01466653380963e+05 
3.65546623089310e-02 1.01664159893119e+05 
3.66772093120883e-02 1.01922832732263e+05 
3.67990262397512e-02 1.02229233303722e+05 
3.69213146614235e-02 1.02592096449513e+05 
3.70435623922587e-02 1.02994525299196e+05 
3.71658566055342e-02 1.03437580664972e+05 
3.72880728168690e-02 1.03924697360663e+05 
3.74104354275724e-02 1.04441155292504e+05 
3.75330644338461e-02 1.04986331157442e+05 
3.76561857625132e-02 1.05554156420625e+05 
3.77797315184882e-02 1.06130555960122e+05 
3.79038058114779e-02 1.06703353655265e+05 
3.80276931256881e-02 1.07265833890474e+05 
3.81523350602676e-02 1.07806146178387e+05 
3.82762678872996e-02 1.08311336781915e+05 
3.84031004993790e-02 1.08789282041358e+05 
3.85304976342899e-02 1.09220855985620e+05 
3.86578710362733e-02 1.09600690017027e+05 
3.87818261049835e-02 1.09922288451586e+05 
3.89071325524878e-02 1.10171909489066e+05 
3.90316190558799e-02 1.10364517401545e+05 
3.91573951870899e-02 1.10487732123672e+05 
3.92804690080244e-02 1.10591426886846e+05 
3.94038628316747e-02 1.10663295931320e+05 
3.95273962958698e-02 1.10671398964715e+05 
3.96511003153634e-02 1.10649526312635e+05 
3.97749247864333e-02 1.10596918672964e+05 
3.98990310445589e-02 1.10510635576663e+05 
4.00234011149695e-02 1.10431251087332e+05 
4.01480714937475e-02 1.10354709564112e+05 
4.02728778021892e-02 1.10283207253310e+05 
4.03979265530557e-02 1.10215399024133e+05 
4.05232821464736e-02 1.10144734919065e+05 
4.06490118143282e-02 1.10074401986593e+05 
4.07750608598453e-02 1.10008803770208e+05 
4.09014908926461e-02 1.09942755746005e+05 
4.10282604553695e-02 1.09882494987040e+05 
4.11554280794319e-02 1.09820447316906e+05 
4.12832308374336e-02 1.09756866829167e+05 
4.14126851653100e-02 1.09694715540889e+05 
4.15422793812318e-02 1.09630538992637e+05 
4.16716957295568e-02 1.09563551705691e+05 
4.17991510737571e-02 1.09496135591691e+05 
4.19282689927369e-02 1.09426589105071e+05 
4.20565321747001e-02 1.09354089126750e+05 
4.21870545397477e-02 1.09275203530131e+05 
4.23194813854745e-02 1.09198457359671e+05 
4.24522914898351e-02 1.09113740937926e+05 
4.25784834141198e-02 1.09030776001149e+05 
4.27049007843030e-02 1.08941801167638e+05 
4.28315999316479e-02 1.08847258209053e+05 
4.29586266950347e-02 1.08748909105195e+05 
4.30858844881270e-02 1.08647258482272e+05 
4.32134008465128e-02 1.08535711091721e+05 
4.33409890210187e-02 1.08423829286772e+05 
4.34687026149996e-02 1.08302248310877e+05 
4.35966168814923e-02 1.08174345570507e+05 
4.37248946111731e-02 1.08044586336798e+05 
4.38534384616534e-02 1.07909533192747e+05 
4.39822588946439e-02 1.07763116845024e+05 
4.41112496875382e-02 1.07615042719561e+05 
4.42404821608031e-02 1.07456313444335e+05 
4.43612015934197e-02 1.07302294548136e+05 
4.44915843278163e-02 1.07133892586734e+05 
4.46235122145669e-02 1.06958415919282e+05 
4.47558325654682e-02 1.06771517598365e+05 
4.48846470380447e-02 1.06588335482391e+05 
4.50176940407796e-02 1.06390203888292e+05 
4.51391416233804e-02 1.06204750998205e+05 
4.52606187760655e-02 1.06018113684950e+05 
4.53871274408794e-02 1.05820449146530e+05 
4.55099253034688e-02 1.05621291714734e+05 
4.56387790164634e-02 1.05412002560109e+05 
4.57680730767300e-02 1.05195846473855e+05 
4.58916078784607e-02 1.04986202249593e+05 
4.60211295726883e-02 1.04766283596512e+05 
4.61508010566476e-02 1.04544757247723e+05 
4.62756012478641e-02 1.04326865683934e+05 
4.64056470234413e-02 1.04101242578621e+05 
4.65295783187450e-02 1.03883217017380e+05 
4.66600208488944e-02 1.03652756980479e+05 
4.67852450289185e-02 1.03433650951832e+05 
4.69163359486756e-02 1.03205448011590e+05 
4.70451410360946e-02 1.02978969153975e+05 
4.71695287766644e-02 1.02763513104730e+05 
4.73015203636299e-02 1.02534184161383e+05 
4.74347346978238e-02 1.02303884772602e+05 
4.75640249575912e-02 1.02084291445672e+05 
4.76980363632964e-02 1.01859779444966e+05 
4.78305314576862e-02 1.01637142550727e+05 
4.79628249596566e-02 1.01419611351386e+05 
4.80838554727326e-02 1.01221146833343e+05 
4.82050408525863e-02 1.01024066309005e+05 
4.83309669795730e-02 1.00820756348195e+05 
4.84538790003807e-02 1.00627862303909e+05 
4.85826742466632e-02 1.00425458891579e+05 
4.87095719208721e-02 1.00223638259207e+05 
4.88393790781320e-02 1.00026013011784e+05 
4.89598705285755e-02 9.98427689344440e+04 
4.90867763707561e-02 9.96482784164443e+04 
4.92129168916111e-02 9.94590272024154e+04 
4.93457005106359e-02 9.92611444409782e+04 
4.94684428134044e-02 9.90801238982414e+04 
4.95987475415177e-02 9.88883617272756e+04 
4.97203668220943e-02 9.87098848603142e+04 
4.98458311994981e-02 9.85273889116191e+04 
4.99757865609973e-02 9.83397018426477e+04 
5.01099192962199e-02 9.81425122504291e+04 
5.02366691162239e-02 9.79592260437714e+04 
5.03713368525785e-02 9.77616316210865e+04 
5.04933734664361e-02 9.75822333714975e+04 
5.06192175577547e-02 9.74006098788645e+04 
5.07438351930389e-02 9.72193529830688e+04 
5.08727269065406e-02 9.70280020656203e+04 
5.09948291290726e-02 9.68488961185709e+04 
5.11208436604549e-02 9.66611370170074e+04 
5.12515206011411e-02 9.64659574755929e+04 
5.13753883159859e-02 9.62830563649639e+04 
5.15035478857206e-02 9.60940462667965e+04 
5.16368259475986e-02 9.58939770191108e+04 
5.17701251031653e-02 9.56959119120667e+04 
5.19035154207617e-02 9.54949623093187e+04 
5.20371257108312e-02 9.52931648626979e+04 
5.21710150065296e-02 9.50921377445883e+04 
5.23050266749256e-02 9.48899946104422e+04 
5.24391281306915e-02 9.46842619009007e+04 
5.25732632647616e-02 9.44792930218542e+04 
5.27074270900696e-02 9.42723984686577e+04 
5.28417426110607e-02 9.40652838151321e+04 
5.29758775157406e-02 9.38620654786695e+04 
5.31101181744564e-02 9.36585510617401e+04 
5.32445408211246e-02 9.34518818899121e+04 
5.33794911590263e-02 9.32479724792645e+04 
5.35148631939027e-02 9.30455355847897e+04 
5.36505534039348e-02 9.28411721603144e+04 
5.37893034995414e-02 9.26394558689866e+04 
5.39281850900651e-02 9.24395308593991e+04 
5.40674325106571e-02 9.22398378425094e+04 
5.42072122489879e-02 9.20451987684322e+04 
5.43470125718400e-02 9.18501383707977e+04 
5.44819616162008e-02 9.16658335165327e+04 
5.46175897743278e-02 9.14873257124217e+04 
5.47537293546861e-02 9.13106427866028e+04 
5.48901937189732e-02 9.11339387527689e+04 
5.50267456334649e-02 9.09637683770079e+04 
5.51633215941714e-02 9.07940869620999e+04 
5.52999436304813e-02 9.06287502098434e+04 
5.54366264755015e-02 9.04707325998483e+04 
5.55722587256147e-02 9.03174315717979e+04 
5.57083994698028e-02 9.01651064232004e+04 
5.58449194753912e-02 9.00192467937868e+04 
5.59817877899852e-02 8.98739106926383e+04 
5.61194910355676e-02 8.97324123219062e+04 
5.62582612914574e-02 8.95973113669945e+04 
5.63973072126287e-02 8.94663919582273e+04 
5.65363295254033e-02 8.93393229803180e+04 
5.66749532210218e-02 8.92197260247738e+04 
5.68138395396924e-02 8.91066440489329e+04 
5.69528417373826e-02 8.90014241138498e+04 
5.70916566552297e-02 8.89037741000444e+04 
5.72303695467096e-02 8.88140777290040e+04 
5.73680956500115e-02 8.87282963699844e+04 
5.75060047457915e-02 8.86496335401420e+04 
5.76441434173029e-02 8.85752819003080e+04 
5.77825189173829e-02 8.85087094141389e+04 
5.79210151342423e-02 8.84462537044843e+04 
5.80594211282866e-02 8.83878051509018e+04 
5.81978054510270e-02 8.83325794247121e+04 
5.83362582193959e-02 8.82827076477378e+04 
5.84745379300197e-02 8.82361061074749e+04 
5.86129039392247e-02 8.81932556754971e+04 
5.87511136910991e-02 8.81541948329866e+04 
5.88892436492940e-02 8.81184372210132e+04 
5.90273431400779e-02 8.80830153912485e+04 
5.91654975288472e-02 8.80535864360323e+04 
5.93035010778198e-02 8.80239637736607e+04 
5.94415681221732e-02 8.79963341583149e+04 
5.95794894307732e-02 8.79727845874217e+04 
5.97173441575445e-02 8.79534304446243e+04 
5.98551554286402e-02 8.79371825536250e+04 
5.99930112542437e-02 8.79245232254759e+04 
6.01307459312951e-02 8.79156508670265e+04 
6.02685179291991e-02 8.79096153664530e+04 
6.04061539217938e-02 8.79072360435028e+04 
6.05437410415840e-02 8.79076732945438e+04 
6.06812677358159e-02 8.79104182211602e+04 
6.08188310327759e-02 8.79162276309528e+04 
6.09562993851006e-02 8.79249562618554e+04 
6.10937705903210e-02 8.79351215791146e+04 
6.12311220207310e-02 8.79468045075210e+04 
6.13684130128924e-02 8.79604513017758e+04 
6.15056763676292e-02 8.79768906651114e+04 
6.16430100666153e-02 8.79964429761573e+04 
6.17802828951217e-02 8.80195949111315e+04 
6.19177270578410e-02 8.80469923499281e+04 
6.20551289640712e-02 8.80781759324051e+04 
6.21925903218171e-02 8.81131784071042e+04 
6.23301154430384e-02 8.81524609478912e+04 
6.24678727202565e-02 8.81962094726525e+04 
6.26055635955370e-02 8.82445725547531e+04 
6.27434571361691e-02 8.82976032591642e+04 
6.28812297967117e-02 8.83545898426912e+04 
6.30190317122449e-02 8.84145096404605e+04 
6.31568346343054e-02 8.84788467776267e+04 
6.32947609431556e-02 8.85474147786906e+04 
6.34325694058184e-02 8.86207198770034e+04 
6.35704392765784e-02 8.86978578700586e+04 
6.37081600114588e-02 8.87754122026400e+04 
6.38458450976754e-02 8.88583182130578e+04 
6.39834755811071e-02 8.89469765994582e+04 
6.41199685048164e-02 8.90376457531539e+04 
6.42575827669386e-02 8.91317793949177e+04 
6.43952307236972e-02 8.92279936057834e+04 
6.45327695625634e-02 8.93246516556118e+04 
6.46703005913439e-02 8.94225040287225e+04 
6.48077671488913e-02 8.95246866974186e+04 
6.49452837446634e-02 8.96272775710211e+04 
6.50827515449166e-02 8.97307184905202e+04 
6.52202253338354e-02 8.98340980776479e+04 
6.53575898362746e-02 8.99369341419940e+04 
6.54949517971516e-02 9.00417054754066e+04 
6.56322352775245e-02 9.01491736824283e+04 
6.57695666345801e-02 9.02574534714981e+04 
6.59068528580279e-02 9.03678834108658e+04 
6.60441330480991e-02 9.04791034689669e+04 
6.61812996081893e-02 9.05898179309515e+04 
6.63184659858767e-02 9.07011331043473e+04 
6.64555326196026e-02 9.08141275792541e+04 
6.65880953426343e-02 9.09220999335012e+04 
6.67211416349606e-02 9.10319019180267e+04 
6.68555989812668e-02 9.11425075570729e+04 
6.69917145734448e-02 9.12528845875869e+04 
6.71288918064486e-02 9.13640981602431e+04 
6.72666368222780e-02 9.14773219679563e+04 
6.74047990439085e-02 9.15891829535108e+04 
6.75432421488480e-02 9.17027092770872e+04 
6.76742297989964e-02 9.18097065287192e+04 
6.78152624186500e-02 9.19233077632384e+04 
6.79648181455649e-02 9.20438382472141e+04 
6.81117772494063e-02 9.21638454513562e+04 
6.82456690142290e-02 9.22717148605094e+04 
6.83896871939793e-02 9.23893029946978e+04 
6.85398819561535e-02 9.25114483083405e+04 
6.86872818831364e-02 9.26295733335481e+04 
6.88430614305145e-02 9.27537378588242e+04 
6.89994311640824e-02 9.28796282411977e+04 
6.91316138051099e-02 9.29841359957636e+04 
6.92699080999312e-02 9.30939931714785e+04 
6.94150943645039e-02 9.32083448994147e+04 
6.95682269297694e-02 9.33260760605748e+04 
6.97272222429095e-02 9.34450404542183e+04 
6.98862473456109e-02 9.35655578102813e+04 
7.00453156281837e-02 9.36826870103009e+04 
7.02044215948888e-02 9.37999157741966e+04 
7.03635706867659e-02 9.39150647845923e+04 
7.05227638123293e-02 9.40265416612702e+04 
7.06608043569548e-02 9.41216047008164e+04 
7.08117461407526e-02 9.42250446506987e+04 
7.09705169016483e-02 9.43290128204968e+04 
7.11293895839908e-02 9.44286824256020e+04 
7.12887292769557e-02 9.45274904345861e+04 
7.14480924500811e-02 9.46229002110773e+04 
7.16074834781574e-02 9.47150223570685e+04 
7.17669097702209e-02 9.48065376858233e+04 
7.19263760189450e-02 9.48942430182817e+04 
7.20856882226690e-02 9.49802353299768e+04 
7.22452144665130e-02 9.50636514377255e+04 
7.24047776970965e-02 9.51432936159550e+04 
7.25432174347811e-02 9.52098844866418e+04 
7.26888556983812e-02 9.52790755283043e+04 
7.28293122885520e-02 9.53421966487048e+04 
7.29764282462325e-02 9.54069121570529e+04 
7.31206236961451e-02 9.54676033164031e+04 
7.32701181619638e-02 9.55265325314592e+04 
7.34195674640363e-02 9.55824468185378e+04 
7.35725003462516e-02 9.56386737778136e+04 
7.37175981421469e-02 9.56879201776845e+04 
7.38689141031764e-02 9.57378391755455e+04 
7.40161645982950e-02 9.57835388115962e+04 
7.41693306312340e-02 9.58268565814513e+04 
7.43098996659380e-02 9.58644846690773e+04 
7.44609347610158e-02 9.59048173075672e+04 
7.45990295388548e-02 9.59387493800249e+04 
7.47400135986659e-02 9.59732385685333e+04 
7.48657212761825e-02 9.60014767512147e+04 
7.50031703246489e-02 9.60313043063099e+04 
7.51377222461216e-02 9.60604445271287e+04 
7.52680193789313e-02 9.60899512334106e+04 
7.53954284531128e-02 9.61178984212557e+04 
7.55267690436187e-02 9.61474862640283e+04 
7.56572639849945e-02 9.61767748588644e+04 
7.57903351898481e-02 9.62059236641004e+04 
7.59304693745021e-02 9.62362080653296e+04 
7.60694524179680e-02 9.62668005389197e+04 
7.62046285239543e-02 9.62956593190221e+04 
7.63468007211127e-02 9.63263751850490e+04 
7.64851693297092e-02 9.63559671339300e+04 
7.66281924896855e-02 9.63841589782610e+04 
7.67718682189443e-02 9.64132753293046e+04 
7.69160851958406e-02 9.64445404731551e+04 
7.70573886473454e-02 9.64749035694550e+04 
7.72040004463662e-02 9.65072413737300e+04 
7.73465005106691e-02 9.65387584318272e+04 
7.74921518781838e-02 9.65690601920451e+04 
7.76406793564932e-02 9.65988709912069e+04 
7.77898229539920e-02 9.66292429009861e+04 
7.79333676092082e-02 9.66575525177792e+04 
7.80850757684906e-02 9.66879391721520e+04 
7.82378906791418e-02 9.67186940991603e+04 
7.83879913786042e-02 9.67496431606855e+04 
7.85474017807831e-02 9.67832248994276e+04 
7.87084312488084e-02 9.68187494521667e+04 
7.88553091295889e-02 9.68518920277689e+04 
7.90166406263694e-02 9.68890143803736e+04 
7.91716486215541e-02 9.69251774023972e+04 
7.93270357207569e-02 9.69629155141661e+04 
7.94885180849106e-02 9.70030468952277e+04 
7.96500481859470e-02 9.70447126305835e+04 
7.98073842160527e-02 9.70864095108765e+04 
7.99690295843877e-02 9.71290649905294e+04 
8.01303684143425e-02 9.71716178177475e+04 
8.02921382074214e-02 9.72155234392443e+04 
8.04539600064632e-02 9.72594321464771e+04 
8.06158379664158e-02 9.73033431312883e+04 
8.07763598224689e-02 9.73468789874609e+04 
8.09365741154538e-02 9.73901101956515e+04 
8.10956022521775e-02 9.74303740699533e+04 
8.12552386681291e-02 9.74702010219322e+04 
8.14150691159988e-02 9.75078624036044e+04 
8.15752192097291e-02 9.75438360428610e+04 
8.17347561500840e-02 9.75785402860676e+04 
8.18937440858984e-02 9.76098566051469e+04 
8.20514665338769e-02 9.76384399306647e+04 
8.22099760474654e-02 9.76660416185414e+04 
8.23688047104080e-02 9.76910542277085e+04 
8.25279593182801e-02 9.77151181604552e+04 
8.26869252230458e-02 9.77381310315449e+04 
8.28458105209879e-02 9.77581059657450e+04 
8.30039890845038e-02 9.77743808611995e+04 
8.31630737568419e-02 9.77888147860374e+04 
8.33229733096489e-02 9.78008264680602e+04 
8.34836402182490e-02 9.78101976573102e+04 
8.36437812804098e-02 9.78174620618776e+04 
8.38050596478110e-02 9.78224112862119e+04 
8.39662676343020e-02 9.78242263079518e+04 
8.41287174026293e-02 9.78250491347841e+04 
8.42914264450226e-02 9.78230009355500e+04 
8.44541586790011e-02 9.78196518496970e+04 
8.46169140880181e-02 9.78135320581387e+04 
8.47796809112819e-02 9.78022709120076e+04 
8.49424641484602e-02 9.77896521708893e+04 
8.51052730130170e-02 9.77791315779693e+04 
8.52680934786264e-02 9.77676250841473e+04 
8.54309293551446e-02 9.77525572314465e+04 
8.55937821151083e-02 9.77380707206405e+04 
8.57566371197399e-02 9.77188282388809e+04 
8.59194220522464e-02 9.76975485999975e+04 
8.60823012923408e-02 9.76778111655197e+04 
8.62450407498056e-02 9.76564501263509e+04 
8.64079393127146e-02 9.76310637731961e+04 
8.65708392350996e-02 9.76073772854400e+04 
8.67337279798615e-02 9.75787337444995e+04 
8.68966106170739e-02 9.75481250789301e+04 
8.70595017094572e-02 9.75191375856262e+04 
8.72224026533578e-02 9.74884250002503e+04 
8.73853196590437e-02 9.74537362867904e+04 
8.75482608441184e-02 9.74218945744685e+04 
8.77112147636318e-02 9.73861119226993e+04 
8.78741895552905e-02 9.73499159001731e+04 
8.80371878118124e-02 9.73174113047426e+04 
8.82002006041532e-02 9.72851730797020e+04 
8.83601267126261e-02 9.72511946299764e+04 
8.85231651889872e-02 9.72209596067632e+04 
8.86862032830636e-02 9.71880517587868e+04 
8.88492489878898e-02 9.71558439857784e+04 
8.90123080686487e-02 9.71282277032924e+04 
8.91753735000560e-02 9.71015480800889e+04 
8.93384407820187e-02 9.70726745623685e+04 
8.95015111281579e-02 9.70482516340906e+04 
8.96645714688439e-02 9.70217084243607e+04 
8.98276284784670e-02 9.69962530773601e+04 
8.99906932168432e-02 9.69749633255091e+04 
9.01537632988114e-02 9.69559126689704e+04 
9.03168370130783e-02 9.69362183496817e+04 
9.04799178576732e-02 9.69202993380466e+04 
9.06429987051989e-02 9.69023039670533e+04 
9.08060877430076e-02 9.68853111473461e+04 
9.09691948835836e-02 9.68718872591038e+04 
9.11323148834837e-02 9.68587418479769e+04 
9.12954421147649e-02 9.68459423790701e+04 
9.14585766642869e-02 9.68369087309786e+04 
9.16217103193281e-02 9.68282085708119e+04 
9.17848498641363e-02 9.68207177182230e+04 
9.19480073323093e-02 9.68168940395414e+04 
9.21111784596599e-02 9.68148863061831e+04 
9.22743583838148e-02 9.68138751758875e+04 
9.24375451510620e-02 9.68152812005606e+04 
9.26007338077518e-02 9.68168784738088e+04 
9.27639304264736e-02 9.68202284535113e+04 
9.29025769954354e-02 9.68264265233494e+04 
9.30550882212934e-02 9.68344749443012e+04 
9.32183280451040e-02 9.68442219358598e+04 
9.33815732206193e-02 9.68564940754434e+04 
9.35448197605988e-02 9.68689935985579e+04 
9.37080728266550e-02 9.68832185663565e+04 
9.38713491589324e-02 9.69000649582129e+04 
9.40346453897150e-02 9.69191440503062e+04 
9.41979552015159e-02 9.69408505710564e+04 
9.43612734088491e-02 9.69661557217480e+04 
9.45245760504105e-02 9.69937631765605e+04 
9.46622755747873e-02 9.70185243495977e+04 
9.48122100187574e-02 9.70476973616419e+04 
9.49689751005728e-02 9.70801421240069e+04 
9.51239519489085e-02 9.71143475826657e+04 
9.52771151530038e-02 9.71499660490717e+04 
9.54358872127810e-02 9.71878819892228e+04 
9.55905157754506e-02 9.72257906372547e+04 
9.57510339751354e-02 9.72665878060581e+04 
9.59118902024213e-02 9.73090225234848e+04 
9.60738824615660e-02 9.73530068707995e+04 
9.62317959783028e-02 9.73960078804195e+04 
9.63952767526746e-02 9.74409284797775e+04 
9.65541387605003e-02 9.74839452548482e+04 
9.67176443054290e-02 9.75277167379986e+04 
9.68811708158051e-02 9.75713888729752e+04 
9.70447026992387e-02 9.76159727616810e+04 
9.72072663765225e-02 9.76596226858875e+04 
9.73489693253034e-02 9.76980857083431e+04 
9.75048425689624e-02 9.77397089363421e+04 
9.76674382460273e-02 9.77824051984182e+04 
9.78166862828022e-02 9.78216721156205e+04 
9.79774519322281e-02 9.78654089023956e+04 
9.81410428386293e-02 9.79090708840333e+04 
9.83046308914093e-02 9.79536862706324e+04 
9.84682217335106e-02 9.79968713820608e+04 
9.86318414470237e-02 9.80396303888671e+04 
9.87954833074626e-02 9.80825637508693e+04 
9.89591346126630e-02 9.81278257176954e+04 
9.91227847994714e-02 9.81722197285464e+04 
9.92864361399217e-02 9.82176476907951e+04 
9.94500931213416e-02 9.82624891140220e+04 
9.96137779893116e-02 9.83070713289446e+04 
9.97774816985783e-02 9.83517019535092e+04 
9.99411996007887e-02 9.83987863758382e+04 
1.00104918372978e-01 9.84453885149288e+04 
1.00268638738753e-01 9.84935790471359e+04 
1.00432364905567e-01 9.85416629534909e+04 
1.00596108987687e-01 9.85893556243056e+04 
1.00759873566282e-01 9.86375076504468e+04 
1.00923655775376e-01 9.86881971528961e+04 
1.01087447833538e-01 9.87378569804086e+04 
1.01251242658261e-01 9.87886533355909e+04 
1.01415045859897e-01 9.88385831873976e+04 
1.01578868720998e-01 9.88871685662637e+04 
1.01742714026148e-01 9.89349306664376e+04 
1.01906579465007e-01 9.89845313753063e+04 
1.02067793937706e-01 9.90313705630064e+04 
1.02231678979523e-01 9.90795251676751e+04 
1.02395576907465e-01 9.91262898300322e+04 
1.02559501443630e-01 9.91713611456513e+04 
1.02721199658280e-01 9.92150179350564e+04 
1.02885182478443e-01 9.92611782932091e+04 
1.03049183605174e-01 9.93053201739844e+04 
1.03213189194147e-01 9.93504499169934e+04 
1.03377200159720e-01 9.93935459491351e+04 
1.03541251923901e-01 9.94341247737766e+04 
1.03705330200298e-01 9.94741523477565e+04 
1.03869422303805e-01 9.95169267100537e+04 
1.04033509231998e-01 9.95584450002037e+04 
1.04197602975849e-01 9.96015398555555e+04 
1.04361694329962e-01 9.96440746887884e+04 
1.04525819678000e-01 9.96859405855271e+04 
1.04689973913719e-01 9.97283232033356e+04 
1.04854146230512e-01 9.97718505015470e+04 
1.05018327485867e-01 9.98141488591306e+04 
1.05182509628245e-01 9.98563928576392e+04 
1.05346697961755e-01 9.98977464516312e+04 
1.05510906650130e-01 9.99377719144838e+04 
1.05675140256676e-01 9.99769792255795e+04 
1.05839389915715e-01 1.00016952903909e+05 
1.06003655966987e-01 1.00054736294400e+05 
1.06167925225401e-01 1.00092859156318e+05 
1.06332203963711e-01 1.00129137203838e+05 
1.06496502606903e-01 1.00164093494639e+05 
1.06660826512617e-01 1.00198682758378e+05 
1.06825168506511e-01 1.00235014549794e+05 
1.06989529610440e-01 1.00270479177501e+05 
1.07153895133458e-01 1.00306872886904e+05 
1.07318274456274e-01 1.00342468001656e+05 
1.07482680715382e-01 1.00378468435336e+05 
1.07647126449142e-01 1.00415351231622e+05 
1.07811601831148e-01 1.00453244483808e+05 
1.07976083690143e-01 1.00493188281731e+05 
1.08140568086510e-01 1.00533536373988e+05 
1.08283293179618e-01 1.00568849432327e+05 
1.08439070538035e-01 1.00608217418513e+05 
1.08602187605989e-01 1.00649715025192e+05 
1.08754413910999e-01 1.00689687441220e+05 
1.08917095424004e-01 1.00733475814365e+05 
1.09068013766011e-01 1.00774589263929e+05 
1.09226215931879e-01 1.00817054545007e+05 
1.09390827381714e-01 1.00861391710905e+05 
1.09555469430426e-01 1.00905942113718e+05 
1.09720132166059e-01 1.00951451139364e+05 
1.09884801662750e-01 1.00997495605575e+05 
1.10049475447686e-01 1.01042964415141e+05 
1.10214156089781e-01 1.01087873833807e+05 
1.10378872006927e-01 1.01133780601237e+05 
1.10543617011225e-01 1.01180366526697e+05 
1.10708380385960e-01 1.01228040144026e+05 
1.10873148501106e-01 1.01277159591711e+05 
1.11037921013296e-01 1.01326280793538e+05 
1.11202699558537e-01 1.01375243459797e+05 
1.11367513375393e-01 1.01425395165017e+05 
1.11508333592959e-01 1.01468573903854e+05 
1.11654418055692e-01 1.01513708726046e+05 
1.11806690653918e-01 1.01561561221585e+05 
1.11968390013795e-01 1.01611631002889e+05 
1.12133248266252e-01 1.01661534538256e+05 
1.12298139749344e-01 1.01711340173154e+05 
1.12439709495281e-01 1.01753364109154e+05 
1.12586911749199e-01 1.01796424309710e+05 
1.12740656920728e-01 1.01841085912027e+05 
1.12903359598369e-01 1.01886206899709e+05 
1.13068292065229e-01 1.01929255049693e+05 
1.13233242010692e-01 1.01970703967653e+05 
1.13376018118591e-01 1.02004840844121e+05 
1.13525233800982e-01 1.02038804591351e+05 
1.13681616667309e-01 1.02072844759452e+05 
1.13846616630013e-01 1.02105621121998e+05 
1.14011622010687e-01 1.02134803545121e+05 
1.14176645196809e-01 1.02161712935048e+05 
1.14321642216391e-01 1.02183190840242e+05 
1.14474528596704e-01 1.02203975251620e+05 
1.14615721446765e-01 1.02221811667196e+05 
1.14764677406805e-01 1.02237218748024e+05 
1.14922072915286e-01 1.02251310623779e+05 
1.15068300247522e-01 1.02263662199889e+05 
1.15223835624362e-01 1.02275451163120e+05 
1.15375842073205e-01 1.02285466859079e+05 
1.15535655244485e-01 1.02295706482249e+05 
1.15687136954545e-01 1.02303843305811e+05 
1.15850063886659e-01 1.02310534011400e+05 
1.15985265885109e-01 1.02315950156830e+05 
1.16126945461004e-01 1.02320844415411e+05 
1.16265983211284e-01 1.02324630082569e+05 
1.16412344798148e-01 1.02329072340001e+05 
1.16545460090476e-01 1.02331936987197e+05 
1.16688522117499e-01 1.02333810959873e+05 
1.16827012218919e-01 1.02335879947429e+05 
1.16973109267205e-01 1.02337713776276e+05 
1.17115960300765e-01 1.02338638956685e+05 
1.17267449332157e-01 1.02340235095824e+05 
1.17409996996404e-01 1.02340135199616e+05 
1.17562348362447e-01 1.02338757639310e+05 
1.17707699844325e-01 1.02337742610049e+05 
1.17864488448441e-01 1.02336033499062e+05 
1.17998422599887e-01 1.02333615504419e+05 
1.18138994787862e-01 1.02331534521487e+05 
1.18271168245869e-01 1.02328212779302e+05 
1.18409449326952e-01 1.02323520045810e+05 
1.18554737619276e-01 1.02318856255748e+05 
1.18692552250067e-01 1.02314059831297e+05 
1.18835812556707e-01 1.02308123559233e+05 
1.18967180990520e-01 1.02303153565059e+05 
1.19105746818964e-01 1.02296749846452e+05 
1.19239473827966e-01 1.02289262565990e+05 
1.19377869503106e-01 1.02282389778615e+05 
1.19516795127971e-01 1.02275518265403e+05 
1.19663231610843e-01 1.02268170729397e+05 
1.19798942432464e-01 1.02262460108672e+05 
1.19944858005225e-01 1.02255508106132e+05 
1.20079020584607e-01 1.02248804205585e+05 
1.20218346347118e-01 1.02243040437751e+05 
1.20356522473308e-01 1.02237703078758e+05 
1.20500774033910e-01 1.02232246009526e+05 
1.20643708030341e-01 1.02228001053566e+05 
1.20795309952317e-01 1.02222624414062e+05 
1.20930531914552e-01 1.02217365083613e+05 
1.21071974284140e-01 1.02212440986374e+05 
1.21212267350696e-01 1.02207933751886e+05 
1.21359702258712e-01 1.02202576583325e+05 
1.21496914367439e-01 1.02198158309044e+05 
1.21641337508052e-01 1.02192506027987e+05 
1.21772897173956e-01 1.02186377661741e+05 
1.21909158895616e-01 1.02179946298951e+05 
1.22044513224092e-01 1.02173097998917e+05 
1.22185694299894e-01 1.02165070645187e+05 
1.22318353486468e-01 1.02157682538907e+05 
1.22456818318161e-01 1.02148654157381e+05 
1.22589907303558e-01 1.02138296025705e+05 
1.22728410783326e-01 1.02127178199796e+05 
1.22865582467779e-01 1.02115704658500e+05 
1.23009888663590e-01 1.02102645807019e+05 
1.23144535849663e-01 1.02090224278968e+05 
1.23286107820023e-01 1.02075750445847e+05 
1.23421527402519e-01 1.02060378513510e+05 
1.23565048828409e-01 1.02044114423810e+05 
1.23703661861016e-01 1.02028377026119e+05 
1.23848173380906e-01 1.02011495621645e+05 
1.23987246585260e-01 1.01995544294812e+05 
1.24137977877133e-01 1.01977156417142e+05 
1.24273944261084e-01 1.01959561097647e+05 
1.24414061896773e-01 1.01942147002594e+05 
1.24554009955355e-01 1.01925254289198e+05 
1.24699484326461e-01 1.01907059503282e+05 
1.24848632663361e-01 1.01889509900151e+05 
1.25005314797460e-01 1.01870580033746e+05 
1.25141653790969e-01 1.01854109937191e+05 
1.25282537513692e-01 1.01838419860360e+05 
1.25420473876096e-01 1.01823730058725e+05 
1.25564170798293e-01 1.01808711710326e+05 
1.25714567180730e-01 1.01794696126428e+05 
1.25872851937949e-01 1.01779686643551e+05 
1.26007935624938e-01 1.01767155786447e+05 
1.26148379695873e-01 1.01755814292634e+05 
1.26287669154582e-01 1.01745619399067e+05 
1.26427327702611e-01 1.01735887260133e+05 
1.26563773320031e-01 1.01728103757596e+05 
1.26706276442615e-01 1.01719914088656e+05 
1.26837547745855e-01 1.01712607969335e+05 
1.26976249166009e-01 1.01706473680341e+05 
1.27113556191771e-01 1.01701315383683e+05 
1.27257493810631e-01 1.01696171296597e+05 
1.27392192315061e-01 1.01692751348908e+05 
1.27534994502591e-01 1.01688782835143e+05 
1.27671522077712e-01 1.01684852907671e+05 
1.27818361444965e-01 1.01681819092124e+05 
1.27957750038558e-01 1.01679460894772e+05 
1.28105406546598e-01 1.01676724761097e+05 
1.28246719430990e-01 1.01674956546466e+05 
1.28397920307521e-01 1.01671999712364e+05 
1.28534350574528e-01 1.01668499509626e+05 
1.28679204599446e-01 1.01665020287095e+05 
1.28817534174692e-01 1.01661364455313e+05 
1.28962007839787e-01 1.01656569196254e+05 
1.29105098771771e-01 1.01651754605409e+05 
1.29258996585027e-01 1.01644834787158e+05 
1.29408599301504e-01 1.01636698532272e+05 
1.29565512165005e-01 1.01627943173932e+05 
1.29706334574913e-01 1.01619146376071e+05 
1.29854186109379e-01 1.01608813165038e+05 
1.29997856737537e-01 1.01598427290559e+05 
1.30150090784094e-01 1.01585603915469e+05 
1.30288036165266e-01 1.01572484194046e+05 
1.30431364297847e-01 1.01558256426024e+05 
1.30575792004572e-01 1.01543471780427e+05 
1.30727955154976e-01 1.01527220771582e+05 
1.30867321035175e-01 1.01512166496346e+05 
1.31012735654481e-01 1.01495122110051e+05 
1.31153155702767e-01 1.01477060750755e+05 
1.31299697071319e-01 1.01458479261847e+05 
1.31444945293032e-01 1.01439719932939e+05 
1.31596961711849e-01 1.01419259395796e+05 
1.31738727401843e-01 1.01400470624368e+05 
1.31887993041435e-01 1.01380288465595e+05 
1.32027756906302e-01 1.01359839097721e+05 
1.32173827231711e-01 1.01337314698645e+05 
1.32318605776570e-01 1.01315073868458e+05 
1.32470311951958e-01 1.01291981442288e+05 
1.32615278976977e-01 1.01270096269633e+05 
1.32769631295272e-01 1.01244744469568e+05 
1.32909993263254e-01 1.01221026201510e+05 
1.33057711316782e-01 1.01196806280273e+05 
1.33206403516569e-01 1.01171968488524e+05 
1.33352822809322e-01 1.01146869664590e+05 
1.33495413057377e-01 1.01123216152598e+05 
1.33645518348451e-01 1.01096973196712e+05 
1.33791418857238e-01 1.01070864368721e+05 
1.33948777910518e-01 1.01043076438582e+05 
1.34093571305966e-01 1.01017879741882e+05 
1.34244669717261e-01 1.00991408193769e+05 
1.34396213581165e-01 1.00965634723771e+05 
1.34555764142656e-01 1.00938079651201e+05 
1.34696934148577e-01 1.00913117791830e+05 
1.34843964830109e-01 1.00888724299776e+05 
1.34997835514199e-01 1.00864189459305e+05 
1.35159813430290e-01 1.00838527062174e+05 
1.35302166049749e-01 1.00817272427546e+05 
1.35450946642921e-01 1.00794439887921e+05 
1.35607279906999e-01 1.00770609572019e+05 
1.35772297665062e-01 1.00746987238140e+05 
1.35922054596744e-01 1.00726698786847e+05 
1.36080184790281e-01 1.00705161925861e+05 
1.36225845586449e-01 1.00687434744327e+05 
1.36380797058563e-01 1.00668706658133e+05 
1.36528593605562e-01 1.00651487566350e+05 
1.36686696513054e-01 1.00635474705082e+05 
1.36852633454881e-01 1.00620289404637e+05 
1.37011738877165e-01 1.00606056158966e+05 
1.37177699520248e-01 1.00593671393707e+05 
1.37333376302368e-01 1.00581770229546e+05 
1.37499343120553e-01 1.00569278323310e+05 
1.37660566096194e-01 1.00559318152803e+05 
1.37806823295100e-01 1.00551209731786e+05 
1.37960377071899e-01 1.00542840291000e+05 
1.38104408871153e-01 1.00536462552854e+05 
1.38255166047173e-01 1.00529548406336e+05 
1.38413829003130e-01 1.00522408745063e+05 
1.38579864770647e-01 1.00516842504055e+05 
1.38731391766002e-01 1.00512812982016e+05 
1.38890635320894e-01 1.00508897276421e+05 
1.39038223347939e-01 1.00506574267700e+05 
1.39195994463191e-01 1.00503968268316e+05 
1.39339855437831e-01 1.00501724809532e+05 
1.39496445570004e-01 1.00500437925828e+05 
1.39662549782187e-01 1.00499880698985e+05 
1.39825153352502e-01 1.00499599239067e+05 
1.39980347753933e-01 1.00499758477711e+05 
1.40143057805603e-01 1.00499976564314e+05 
1.40303582144104e-01 1.00499742808591e+05 
1.40469729741115e-01 1.00499974118355e+05 
1.40635895721016e-01 1.00500189686913e+05 
1.40802079975477e-01 1.00500058616141e+05 
1.40968272641211e-01 1.00500181722326e+05 
1.41134463684870e-01 1.00499101780462e+05 
1.41300661521040e-01 1.00495682498991e+05 
1.41466872735210e-01 1.00490947328417e+05 
1.41633104498785e-01 1.00484736107006e+05 
1.41799357520860e-01 1.00477018974409e+05 
1.41965620986565e-01 1.00466856258298e+05 
1.42131888683410e-01 1.00454449358357e+05 
1.42298160354016e-01 1.00438757608172e+05 
1.42464447000429e-01 1.00421018678706e+05 
1.42630755988211e-01 1.00401891849587e+05 
1.42797085336444e-01 1.00382271510269e+05 
1.42963423180108e-01 1.00359698940243e+05 
1.43129763205198e-01 1.00336289858469e+05 
1.43296104797625e-01 1.00311055544213e+05 
1.43462460932812e-01 1.00285481109473e+05 
1.43628840880487e-01 1.00260556596819e+05 
1.43795243097942e-01 1.00236819106327e+05 
1.43961655399530e-01 1.00212762789153e+05 
1.44128072501192e-01 1.00189396598340e+05 
1.44294493684473e-01 1.00165978541923e+05 
1.44460932368902e-01 1.00144049570302e+05 
1.44627397127500e-01 1.00124889861860e+05 
1.44793884671461e-01 1.00107314556052e+05 
1.44960380699326e-01 1.00091818393364e+05 
1.45126879790181e-01 1.00076819644520e+05 
1.45293382130025e-01 1.00062839374790e+05 
1.45459902912054e-01 1.00052011839342e+05 
1.45626451601415e-01 1.00044012973371e+05 
1.45793024964243e-01 1.00038097508689e+05 
1.45959607202312e-01 1.00035559988291e+05 
1.46126192421301e-01 1.00034572862420e+05 
1.46292780656854e-01 1.00035290959621e+05 
1.46459386952438e-01 1.00038768395843e+05 
1.46626020168508e-01 1.00045523360276e+05 
1.46792676861846e-01 1.00053189851726e+05 
1.46959340309552e-01 1.00063514720427e+05 
1.47126005683067e-01 1.00074359160915e+05 
1.47291227330928e-01 1.00085664435038e+05 
1.47457917262829e-01 1.00099173647333e+05 
1.47624637245185e-01 1.00113435577399e+05 
1.47791384564957e-01 1.00128180806680e+05 
1.47958141161813e-01 1.00143919395839e+05 
1.48124901908180e-01 1.00159398194281e+05 
1.48291669213662e-01 1.00174742047975e+05 
1.48458458881225e-01 1.00190523961127e+05 
1.48625279638882e-01 1.00206837246702e+05 
1.48792129638612e-01 1.00223859950564e+05 
1.48958989234809e-01 1.00241637583330e+05 
1.49125853794688e-01 1.00259390391854e+05 
1.49292727640595e-01 1.00276892416411e+05 
1.49459627170988e-01 1.00295496427119e+05 
1.49626560661751e-01 1.00315189097484e+05 
1.49793524012963e-01 1.00335848096778e+05 
1.49960496616013e-01 1.00357596461065e+05 
1.50127473522666e-01 1.00379859811336e+05 
1.50294457151288e-01 1.00402285356101e+05 
1.50461454863754e-01 1.00426255273342e+05 
1.50628464074883e-01 1.00451345599046e+05 
1.50795480703017e-01 1.00477519527175e+05 
1.50962503327780e-01 1.00504701740163e+05 
1.51129525358509e-01 1.00532211291170e+05 
1.51283687363748e-01 1.00557633732250e+05 
1.51450714483857e-01 1.00586129044915e+05 
1.51617747892224e-01 1.00615343493796e+05 
1.51784783611958e-01 1.00645053968489e+05 
1.51929346468030e-01 1.00671053799826e+05 
1.52085592328227e-01 1.00699002695641e+05 
1.52252633277363e-01 1.00727787711665e+05 
1.52406782016381e-01 1.00755066331749e+05 
1.52572712210915e-01 1.00784513333594e+05 
1.52739774726864e-01 1.00814472602800e+05 
1.52891081557850e-01 1.00841581053716e+05 
1.53057519071935e-01 1.00870712790175e+05 
1.53224590900373e-01 1.00899112617375e+05 
1.53385252317640e-01 1.00926783292674e+05 
1.53552338242378e-01 1.00955220459084e+05 
1.53719428951908e-01 1.00983671640521e+05 
1.53883178625444e-01 1.01011190247578e+05 
1.54050279755415e-01 1.01038135802752e+05 
1.54217381355992e-01 1.01063793225067e+05 
1.54384488910345e-01 1.01089269619451e+05 
1.54551605381289e-01 1.01114285008487e+05 
1.54718725028662e-01 1.01138877991889e+05 
1.54885852567101e-01 1.01162629823157e+05 
1.55052982670224e-01 1.01185120926341e+05 
1.55220112273360e-01 1.01205761380736e+05 
1.55387247235592e-01 1.01225741691564e+05 
1.55554390224942e-01 1.01244673775113e+05 
1.55721535164170e-01 1.01262956113929e+05 
1.55859648898526e-01 1.01277182168586e+05 
1.56001724029432e-01 1.01290568205026e+05 
1.56139734940743e-01 1.01302480786504e+05 
1.56278993656487e-01 1.01314210497312e+05 
1.56420926453047e-01 1.01325473738068e+05 
1.56562666313943e-01 1.01336472644486e+05 
1.56700598553796e-01 1.01346708003420e+05 
1.56840453739244e-01 1.01356315531454e+05 
1.56980780538842e-01 1.01365175646588e+05 
1.57131803677127e-01 1.01374667675531e+05 
1.57290170478227e-01 1.01384848102757e+05 
1.57431599643076e-01 1.01393645525098e+05 
1.57578250401736e-01 1.01402685494477e+05 
1.57728086451748e-01 1.01411636624303e+05 
1.57884273095419e-01 1.01420641000032e+05 
1.58050907224145e-01 1.01431414956778e+05 
1.58209668907748e-01 1.01442874143137e+05 
1.58373521642244e-01 1.01455741367006e+05 
1.58530356737306e-01 1.01469248440540e+05 
1.58693646952143e-01 1.01483866525717e+05 
1.58852976962776e-01 1.01498426436146e+05 
1.59018331512873e-01 1.01515156227053e+05 
1.59184060836986e-01 1.01533367905854e+05 
1.59351119570249e-01 1.01552978820167e+05 
1.59514156465656e-01 1.01573422752298e+05 
1.59681335130647e-01 1.01594336449928e+05 
1.59845491033220e-01 1.01615739191525e+05 
1.60012663562414e-01 1.01638513946562e+05 
1.60179842042952e-01 1.01662347341406e+05 
1.60347019267926e-01 1.01687129908771e+05 
1.60514198050537e-01 1.01712481611500e+05 
1.60681375387590e-01 1.01737519995916e+05 
1.60848549031941e-01 1.01761488443464e+05 
1.61015728151722e-01 1.01785631602304e+05 
1.61182915629293e-01 1.01809594529493e+05 
1.61350102760533e-01 1.01833262105077e+05 
1.61517291757969e-01 1.01856030553469e+05 
1.61684478778545e-01 1.01877388149366e+05 
1.61851660547097e-01 1.01896393555844e+05 
1.62018845769377e-01 1.01914249869064e+05 
1.62186038229378e-01 1.01930949593497e+05 
1.62353229130951e-01 1.01946551032048e+05 
1.62520421510611e-01 1.01960735203878e+05 
1.62687612440787e-01 1.01973328054032e+05 
1.62854798292447e-01 1.01983752462159e+05 
1.63021988529985e-01 1.01993271358146e+05 
1.63189187173045e-01 1.02002556394467e+05 
1.63337904662489e-01 1.02010770490445e+05 
1.63475522251824e-01 1.02017114874392e+05 
1.63620847359497e-01 1.02025275961636e+05 
1.63775813998023e-01 1.02033287480150e+05 
1.63942205081608e-01 1.02040748625635e+05 
1.64109496535629e-01 1.02050405303245e+05 
1.64276787392122e-01 1.02062761416271e+05 
1.64444079080538e-01 1.02074753246287e+05 
1.64611369581299e-01 1.02089162312968e+05 
1.64778652292153e-01 1.02103979498622e+05 
1.64945937362667e-01 1.02119431590469e+05 
1.65113230712526e-01 1.02138926870275e+05 
1.65280522742415e-01 1.02159689985011e+05 
1.65447814858383e-01 1.02181976583898e+05 
1.65615106375085e-01 1.02204271660053e+05 
1.65782391124127e-01 1.02226677130699e+05 
1.65949679818306e-01 1.02250704335140e+05 
1.66116977191244e-01 1.02274665873095e+05 
1.66284272807364e-01 1.02299729839777e+05 
1.66451567263874e-01 1.02326053251446e+05 
1.66618859621036e-01 1.02352360225452e+05 
1.66786144329731e-01 1.02377953682122e+05 
1.66953433239292e-01 1.02403463535535e+05 
1.67120730871691e-01 1.02427471384374e+05 
1.67288027103927e-01 1.02449907480373e+05 
1.67455322499442e-01 1.02470347226668e+05 
1.67622616026084e-01 1.02487107944303e+05 
1.67789902278096e-01 1.02500212400409e+05 
1.67957192689212e-01 1.02509710693569e+05 
1.68124490951737e-01 1.02514680885768e+05 
1.68291786808924e-01 1.02514749855132e+05 
1.68459080505911e-01 1.02509185915970e+05 
1.68626370733428e-01 1.02498743762403e+05 
1.68793651793804e-01 1.02481822495251e+05 
1.68960934830535e-01 1.02455535809966e+05 
1.69128281719859e-01 1.02426220293188e+05 
1.69295620342208e-01 1.02392776366615e+05 
1.69462958283455e-01 1.02356085540889e+05 
1.69630284808808e-01 1.02314319842022e+05 
1.69797601509154e-01 1.02268873384839e+05 
1.69964925440550e-01 1.02220758301343e+05 
1.70132252953200e-01 1.02171820381702e+05 
1.70299572414221e-01 1.02120595175901e+05 
1.70466892651809e-01 1.02067992320120e+05 
1.70634201652736e-01 1.02013187978845e+05 
1.70801503202951e-01 1.01955815871235e+05 
1.70968812887967e-01 1.01898102980936e+05 
1.71136124429722e-01 1.01841270628563e+05 
1.71280331924069e-01 1.01792413071387e+05 
1.71432909423508e-01 1.01742175818618e+05 
1.71596191421720e-01 1.01688779448310e+05 
1.71763480508466e-01 1.01634444900054e+05 
1.71930777975746e-01 1.01585125057780e+05 
1.72098077148962e-01 1.01537008936188e+05 
1.72265370289570e-01 1.01491136216608e+05 
1.72432664824802e-01 1.01449729013967e+05 
1.72599949175194e-01 1.01409530127292e+05 
1.72767227813177e-01 1.01371031636536e+05 
1.72905692606851e-01 1.01342641783666e+05 
1.73050612232343e-01 1.01316273005319e+05 
1.73203438177726e-01 1.01292051316143e+05 
1.73365334164786e-01 1.01270253033549e+05 
1.73532611198763e-01 1.01248609644377e+05 
1.73699884331126e-01 1.01229466481435e+05 
1.73838245088112e-01 1.01217193283894e+05 
1.73981830992792e-01 1.01206969490070e+05 
1.74131834562582e-01 1.01197887006189e+05 
1.74289460315865e-01 1.01192401076292e+05 
1.74455832128655e-01 1.01188484706133e+05 
1.74623104465647e-01 1.01186543399246e+05 
1.74761377176122e-01 1.01187726047097e+05 
1.74904545641706e-01 1.01190936627087e+05 
1.75053704675735e-01 1.01195233297954e+05 
1.75210026188081e-01 1.01202327425685e+05 
1.75374636601429e-01 1.01210390418531e+05 
1.75541898131317e-01 1.01219387917666e+05 
1.75680108983199e-01 1.01228770043865e+05 
1.75823046387870e-01 1.01239659671257e+05 
1.75971733411601e-01 1.01251718961482e+05 
1.76127314625448e-01 1.01266091671476e+05 
1.76290916238688e-01 1.01281782950772e+05 
1.76458157894121e-01 1.01298253621056e+05 
1.76596348856754e-01 1.01313408812576e+05 
1.76739198765702e-01 1.01330292122087e+05 
1.76887694529566e-01 1.01348645810808e+05 
1.77024317895880e-01 1.01366599615330e+05 
1.77165094757400e-01 1.01385549732620e+05 
1.77311278627065e-01 1.01405099519818e+05 
1.77449378419448e-01 1.01424344407412e+05 
1.77591936192454e-01 1.01444836739671e+05 
1.77739947976396e-01 1.01466605260833e+05 
1.77894871997259e-01 1.01489672355129e+05 
1.78057440626650e-01 1.01513036204559e+05 
1.78194065899770e-01 1.01531346331466e+05 
1.78335130944975e-01 1.01549481262823e+05 
1.78478644606911e-01 1.01567135203506e+05 
1.78618340896520e-01 1.01582974804993e+05 
1.78763284202783e-01 1.01597629155364e+05 
1.78914198648457e-01 1.01611203774815e+05 
1.79051114064714e-01 1.01622456418732e+05 
1.79187939908845e-01 1.01632777174569e+05 
1.79329297857935e-01 1.01642347130497e+05 
1.79469724134500e-01 1.01650180348163e+05 
1.79615069059055e-01 1.01655998330969e+05 
1.79754277773131e-01 1.01659252814199e+05 
1.79898103138346e-01 1.01659688810261e+05 
1.80035019212387e-01 1.01658069893203e+05 
1.80178821014652e-01 1.01654429307996e+05 
1.80330427313713e-01 1.01648410876968e+05 
1.80468551504070e-01 1.01641076271706e+05 
1.80612866312098e-01 1.01631493075497e+05 
1.80763985601802e-01 1.01619073242209e+05 
1.80902662470744e-01 1.01606822245234e+05 
1.81047277183196e-01 1.01593489297634e+05 
1.81193348140892e-01 1.01579555272274e+05 
1.81329455580030e-01 1.01566570679893e+05 
1.81466241726468e-01 1.01553098746670e+05 
1.81601710372198e-01 1.01539525131401e+05 
1.81738375246026e-01 1.01526537808498e+05 
1.81876337332707e-01 1.01514135211325e+05 
1.82014242619606e-01 1.01501936616463e+05 
1.82149555674019e-01 1.01491142357911e+05 
1.82286107773360e-01 1.01480117227587e+05 
1.82421402109143e-01 1.01469805052907e+05 
1.82557940430801e-01 1.01461119582722e+05 
1.82695832209728e-01 1.01451558503223e+05 
1.82834266479227e-01 1.01443192990462e+05 
1.82969570081576e-01 1.01436898659411e+05 
1.83106182137932e-01 1.01429753570992e+05 
1.83241504373210e-01 1.01421992869497e+05 
1.83378097679852e-01 1.01414424699016e+05 
1.83516400934080e-01 1.01406482068552e+05 
1.83654742075687e-01 1.01396943412933e+05 
1.83790119232749e-01 1.01386471132181e+05 
1.83929806945414e-01 1.01372656351317e+05 
1.84065212505201e-01 1.01357911187911e+05 
1.84204924225338e-01 1.01341890738823e+05 
1.84343328897921e-01 1.01322702265437e+05 
1.84481777940568e-01 1.01303581219582e+05 
1.84617403554429e-01 1.01284574684405e+05 
1.84757407471744e-01 1.01261356496564e+05 
1.84901148787121e-01 1.01235141919576e+05 
1.85052684449319e-01 1.01207346792155e+05 
1.85211660710535e-01 1.01176471101407e+05 
1.85350881850110e-01 1.01146471083980e+05 
1.85495372515289e-01 1.01114588463097e+05 
1.85646111693965e-01 1.01077334537207e+05 
1.85796971635646e-01 1.01037831561444e+05 
1.85934724414144e-01 1.01001939285097e+05 
1.86077555391365e-01 1.00963464631551e+05 
1.86221366472680e-01 1.00923150893910e+05 
1.86357745882388e-01 1.00885166096463e+05 
1.86499180108142e-01 1.00843373408710e+05 
1.86646419872196e-01 1.00799491153771e+05 
1.86784930874871e-01 1.00759331151441e+05 
1.86928958060933e-01 1.00717955339151e+05 
1.87079426954366e-01 1.00674677590420e+05 
1.87216241005825e-01 1.00635844579197e+05 
1.87359069190513e-01 1.00594518305477e+05 
1.87508572498152e-01 1.00551087534417e+05 
1.87648615406985e-01 1.00511438193257e+05 
1.87794065826402e-01 1.00471371084425e+05 
1.87947280287536e-01 1.00430261979734e+05 
1.88085578293425e-01 1.00395194713920e+05 
1.88230453671238e-01 1.00359033005307e+05 
1.88381513191997e-01 1.00322532849002e+05 
1.88525153696414e-01 1.00290594167530e+05 
1.88676360529862e-01 1.00258742948106e+05 
1.88834722566614e-01 1.00227171167262e+05 
1.88976053611566e-01 1.00201444508459e+05 
1.89129700524569e-01 1.00174248083424e+05 
1.89290734294544e-01 1.00147039248545e+05 
1.89439045170569e-01 1.00124734670558e+05 
1.89599206945538e-01 1.00102428509354e+05 
1.89766336891770e-01 1.00080642470488e+05 
1.89926156101119e-01 1.00061849006628e+05 
1.90064234159691e-01 1.00045979401281e+05 
1.90206905511238e-01 1.00029645068691e+05 
1.90355099813679e-01 1.00013074393124e+05 
1.90509838377224e-01 9.99976564849824e+04 
1.90649595127780e-01 9.99834993618238e+04 
1.90791166073490e-01 9.99700026358652e+04 
1.90938610488741e-01 9.99552832889511e+04 
1.91075142059051e-01 9.99415067404979e+04 
1.91216448216933e-01 9.99281137002316e+04 
1.91363257967995e-01 9.99135915169418e+04 
1.91510361600633e-01 9.98991228369020e+04 
1.91664475230731e-01 9.98833068016103e+04 
1.91810807906403e-01 9.98669784889924e+04 
1.91947400737460e-01 9.98506569905793e+04 
1.92089475570363e-01 9.98335410811624e+04 
1.92237545467030e-01 9.98156419721307e+04 
1.92389207654536e-01 9.97977686819383e+04 
1.92536153291479e-01 9.97805370496964e+04 
1.92693025220112e-01 9.97613437800138e+04 
1.92830008542188e-01 9.97456820815199e+04 
1.92973321685155e-01 9.97305724323349e+04 
1.93117582120442e-01 9.97159399265219e+04 
1.93268241387442e-01 9.97001644661753e+04 
1.93406236500501e-01 9.96854814353701e+04 
1.93551209264076e-01 9.96687814344290e+04 
1.93703565798412e-01 9.96501018236607e+04 
1.93845681897152e-01 9.96326574703401e+04 
1.93990438107296e-01 9.96137222665029e+04 
1.94140798593127e-01 9.95932523766220e+04 
1.94280977482114e-01 9.95735371858057e+04 
1.94428203301135e-01 9.95510387602477e+04 
1.94570138844582e-01 9.95281094178388e+04 
1.94716349024097e-01 9.95047733543741e+04 
1.94870643870929e-01 9.94788768552171e+04 
1.95018791053931e-01 9.94533770745434e+04 
1.95162635904561e-01 9.94281093252845e+04 
1.95319967928205e-01 9.93963586613541e+04 
1.95463993020862e-01 9.93675633580886e+04 
1.95615606834766e-01 9.93385812322014e+04 
1.95774538674334e-01 9.93078493969014e+04 
1.95928279121414e-01 9.92778143107470e+04 
1.96082663249090e-01 9.92471938311137e+04 
1.96236103818871e-01 9.92144773350794e+04 
1.96402500373580e-01 9.91775540506511e+04 
1.96557891136201e-01 9.91429091257655e+04 
1.96725054389530e-01 9.91047666962474e+04 
1.96874721197794e-01 9.90699817818248e+04 
1.97031460813219e-01 9.90333248698158e+04 
1.97195930095277e-01 9.89903781441129e+04 
1.97359081716225e-01 9.89475573797618e+04 
1.97526245771038e-01 9.89051060646346e+04 
1.97693409327553e-01 9.88623014672125e+04 
1.97860571279193e-01 9.88170876094871e+04 
1.98001897420230e-01 9.87800290704175e+04 
1.98149573250654e-01 9.87395141002039e+04 
1.98287705777291e-01 9.87005477409714e+04 
1.98430965987204e-01 9.86599560411897e+04 
1.98579938849938e-01 9.86157675382130e+04 
1.98730932474172e-01 9.85693647391440e+04 
1.98869633044967e-01 9.85269299675455e+04 
1.99013648660572e-01 9.84813093037356e+04 
1.99158445870428e-01 9.84356312606636e+04 
1.99306344960668e-01 9.83914804296110e+04 
1.99449696711901e-01 9.83494071120575e+04 
1.99599311505819e-01 9.83077672305899e+04 
1.99745365570507e-01 9.82707219717964e+04 
1.99887598923523e-01 9.82349900288269e+04 
2.00035951358375e-01 9.81998639067924e+04 
2.00189529555953e-01 9.81683386629667e+04 
