# Liste des scalaires : TEMPS pmat 
0.00000000000000e+00 1.00000000000000e+05 
7.22956891292051e-05 1.00000000000000e+05 
1.51820947171331e-04 1.00000000000000e+05 
2.39298731017669e-04 1.00000000000000e+05 
3.35524293248641e-04 1.00000000000000e+05 
4.41372411702710e-04 1.00000000000000e+05 
5.57805342002186e-04 1.00000000000000e+05 
6.85881565331610e-04 1.00000000000000e+05 
8.17409887732218e-04 1.00000000000000e+05 
9.51536032611630e-04 1.00000000000000e+05 
1.09192146389810e-03 1.00000000000000e+05 
1.23346202652270e-03 1.00000000000000e+05 
1.38341360278500e-03 1.00000000000000e+05 
1.53882767911802e-03 1.00000000000000e+05 
1.70005295529988e-03 1.00000000000000e+05 
1.86761568444345e-03 1.00000000000000e+05 
2.04317189338778e-03 1.00000000000000e+05 
2.22705759674317e-03 1.00000000000000e+05 
2.42067844115119e-03 1.00000000000000e+05 
2.62076893578494e-03 1.00000000000000e+05 
2.83064568228519e-03 1.00000000000000e+05 
3.05240619307868e-03 1.00000000000000e+05 
3.28384711895629e-03 1.00000000000000e+05 
3.52529695733771e-03 1.00000000000000e+05 
3.77964134215895e-03 1.00000000000000e+05 
4.04408296429064e-03 1.00000000000000e+05 
4.32051230567311e-03 1.00000000000000e+05 
4.61135234027830e-03 1.00000000000000e+05 
4.91050309814852e-03 1.00000000000000e+05 
5.21550305848320e-03 1.00000000000000e+05 
5.52505061038585e-03 1.00000000000000e+05 
5.84069056980392e-03 1.00000000000000e+05 
6.15811942106748e-03 1.00000000000000e+05 
6.48619543766877e-03 1.00000000000000e+05 
6.82709140951451e-03 1.00000000000000e+05 
7.16393494248985e-03 1.00000000000000e+05 
7.49200930190557e-03 1.00000000000000e+05 
7.81916666976936e-03 1.00000000000000e+05 
8.14365344508397e-03 1.00000000000000e+05 
8.46964253382120e-03 1.00000000000000e+05 
8.80434054075857e-03 1.00000000000000e+05 
9.15137247721093e-03 1.00000000000000e+05 
9.50542125698202e-03 1.00000000000000e+05 
9.86403746635317e-03 1.00000000000000e+05 
1.02290566504122e-02 1.00000000000000e+05 
1.05963856642125e-02 1.00000000000000e+05 
1.09650106740688e-02 1.00000000000000e+05 
1.13336472439914e-02 1.00000000000000e+05 
1.17014632281442e-02 1.00000000000000e+05 
1.20692975094871e-02 1.00000000000000e+05 
1.24379942362169e-02 1.00000000000000e+05 
1.28112538857491e-02 1.00000000000000e+05 
1.31863070492344e-02 1.00000000000000e+05 
1.35612340462625e-02 1.00000000000000e+05 
1.39369856574706e-02 1.00000000000000e+05 
1.43134139618750e-02 1.00000000000000e+05 
1.46900138420586e-02 1.00000000000000e+05 
1.50664038572171e-02 1.00000000000000e+05 
1.54413848534753e-02 1.00000000000000e+05 
1.58156306160081e-02 1.00000000000000e+05 
1.61915942256028e-02 1.00000000000000e+05 
1.65669413524198e-02 1.00000000000000e+05 
1.69442991223885e-02 1.00000000000000e+05 
1.73238545660852e-02 1.00000000000000e+05 
1.77040431302606e-02 1.00000000000000e+05 
1.80845090877332e-02 1.00000000000000e+05 
1.84668343080777e-02 1.00000000000000e+05 
1.88501493691534e-02 1.00000000000000e+05 
1.92357495515652e-02 1.00000000000000e+05 
1.96235029426903e-02 1.00000000000000e+05 
2.00114047457522e-02 1.00000000000000e+05 
2.03996205333621e-02 1.00000000000000e+05 
2.07899177210601e-02 1.00000000000000e+05 
2.11807954965026e-02 1.00000000000000e+05 
2.15733453689565e-02 1.00000000000000e+05 
2.19676932596183e-02 1.00000000000000e+05 
2.23626422261667e-02 1.00000000000000e+05 
2.27580858292364e-02 1.00000000000000e+05 
2.31547096822000e-02 1.00000000000000e+05 
2.35517108135332e-02 1.00000000000000e+05 
2.39500202737866e-02 1.00000000000000e+05 
2.43491491582910e-02 1.00000000000000e+05 
2.47474230102259e-02 1.00000000000000e+05 
2.51453960749434e-02 1.00000000000000e+05 
2.55443202524217e-02 1.00000000000000e+05 
2.59423566521774e-02 1.00000000000000e+05 
2.63414603889510e-02 1.00000000000000e+05 
2.67411352924811e-02 1.00000000000000e+05 
2.71397698603688e-02 1.00000000000000e+05 
2.75378777604903e-02 1.00000000000000e+05 
2.79366990079136e-02 1.00000000000000e+05 
2.83347811820253e-02 1.00000000000000e+05 
2.87338475630603e-02 1.00000000000000e+05 
2.91334684053650e-02 1.00000000000000e+05 
2.95325158812541e-02 1.00000000000000e+05 
2.99312451721231e-02 1.00000000000000e+05 
3.03310119628571e-02 1.00000000000000e+05 
3.07299421424394e-02 1.00000000000000e+05 
3.11296595761109e-02 1.00000000000000e+05 
3.15297955540260e-02 1.00000000000000e+05 
3.19289335726079e-02 1.00000000000000e+05 
3.23275748004110e-02 1.00000000000000e+05 
3.27269257185741e-02 1.00000000000000e+05 
3.31254156934797e-02 1.00000000000000e+05 
3.35252244913033e-02 1.00000000000000e+05 
3.39259027538447e-02 1.00000000000000e+05 
3.43259776939120e-02 1.00000000000000e+05 
3.47259954649964e-02 1.00000000000000e+05 
3.51272792187725e-02 1.00000000000000e+05 
3.55281559168549e-02 1.00000000000000e+05 
3.59298565287914e-02 1.00000000000000e+05 
3.63328070774435e-02 1.00000000000000e+05 
3.67356709900160e-02 1.00000000000000e+05 
3.71375013442021e-02 1.00000000000000e+05 
3.75394182029317e-02 1.00000000000000e+05 
3.79407280799580e-02 1.00000000000000e+05 
3.83431672080968e-02 1.00000000000000e+05 
3.87471262544826e-02 1.00000000000000e+05 
3.91513692306646e-02 1.00000000000000e+05 
3.95549720884227e-02 1.00000000000000e+05 
3.99589747598257e-02 1.00000000000000e+05 
4.03626608958945e-02 1.00000000000000e+05 
4.07675485602906e-02 1.00000000000000e+05 
4.11739395493171e-02 1.00000000000000e+05 
4.15805804733826e-02 1.00000000000000e+05 
4.19866975408730e-02 1.00000000000000e+05 
4.23927848773111e-02 1.00000000000000e+05 
4.27980238227494e-02 1.00000000000000e+05 
4.32040773154838e-02 1.00000000000000e+05 
4.36113859837933e-02 1.00000000000000e+05 
4.40186801586468e-02 1.00000000000000e+05 
4.44249648345643e-02 1.00000000000000e+05 
4.48313718256547e-02 1.00000000000000e+05 
4.52370195729139e-02 1.00000000000000e+05 
4.56436754245575e-02 1.00000000000000e+05 
4.60515715425546e-02 1.00000000000000e+05 
4.64595417505141e-02 1.00000000000000e+05 
4.68665479943296e-02 1.00000000000000e+05 
4.72734632905031e-02 1.00000000000000e+05 
4.76797057745043e-02 1.00000000000000e+05 
4.80872977342292e-02 1.00000000000000e+05 
4.84962951890201e-02 1.00000000000000e+05 
4.89055508609682e-02 1.00000000000000e+05 
4.93143074365910e-02 1.00000000000000e+05 
4.97228614050041e-02 1.00000000000000e+05 
5.01311437075544e-02 1.00000000000000e+05 
5.05400643985644e-02 1.00000000000000e+05 
5.09498019425513e-02 1.00000000000000e+05 
5.13589655897640e-02 1.00000000000000e+05 
5.17668969351767e-02 1.00000000000000e+05 
5.21746803503772e-02 1.00000000000000e+05 
5.25818142902364e-02 1.00000000000000e+05 
5.29899024944936e-02 1.00000000000000e+05 
5.33988683302849e-02 1.00000000000000e+05 
5.38077603373547e-02 1.00000000000000e+05 
5.42157514763234e-02 1.00000000000000e+05 
5.46239685797014e-02 1.00000000000000e+05 
5.50317951835439e-02 1.00000000000000e+05 
5.54408140666815e-02 1.00000000000000e+05 
5.58510863000901e-02 1.00000000000000e+05 
5.62617398491516e-02 1.00000000000000e+05 
5.66716906742163e-02 1.00000000000000e+05 
5.70817828608906e-02 1.00000000000000e+05 
5.74911246151713e-02 1.00000000000000e+05 
5.79011133897197e-02 1.00000000000000e+05 
5.83118251368399e-02 1.00000000000000e+05 
5.87221368336805e-02 1.00000000000000e+05 
5.91318249227915e-02 1.00000000000000e+05 
5.95418267150209e-02 1.00000000000000e+05 
5.99512602822277e-02 1.00000000000000e+05 
6.03616240051154e-02 1.00000000000000e+05 
6.07724972873949e-02 1.00000000000000e+05 
6.11832348469416e-02 1.00000000000000e+05 
6.15934949199727e-02 1.00000000000000e+05 
6.20037263110792e-02 1.00000000000000e+05 
6.24137848906769e-02 1.00000000000000e+05 
6.28247332060362e-02 1.00000000000000e+05 
6.32363456259142e-02 1.00000000000000e+05 
6.36480434996117e-02 1.00000000000000e+05 
6.40593648843771e-02 1.00000000000000e+05 
6.44707562711309e-02 1.00000000000000e+05 
6.48818804786442e-02 1.00000000000000e+05 
6.52939595453660e-02 1.00000000000000e+05 
6.57065941811888e-02 1.00000000000000e+05 
6.61193565116155e-02 1.00000000000000e+05 
6.65319194602094e-02 1.00000000000000e+05 
6.69446959818169e-02 1.00000000000000e+05 
6.73573504261782e-02 1.00000000000000e+05 
6.77706719612195e-02 1.00000000000000e+05 
6.81845644878238e-02 1.00000000000000e+05 
6.85987519278731e-02 1.00000000000000e+05 
6.90126843277964e-02 1.00000000000000e+05 
6.94263926743142e-02 1.00000000000000e+05 
6.98397105862654e-02 1.00000000000000e+05 
7.02535141756729e-02 1.00000000000000e+05 
7.06679330992272e-02 1.00000000000000e+05 
7.10823483515306e-02 1.00000000000000e+05 
7.14964908040901e-02 1.00000000000000e+05 
7.19107916108963e-02 1.00000000000000e+05 
7.23249625597008e-02 1.00000000000000e+05 
7.27400636399852e-02 1.00000000000000e+05 
7.31559901373653e-02 1.00000000000000e+05 
7.35720143435117e-02 1.00000000000000e+05 
7.39877649834662e-02 1.00000000000000e+05 
7.44037180160516e-02 1.00000000000000e+05 
7.48194792733542e-02 1.00000000000000e+05 
7.52359531875577e-02 1.00000000000000e+05 
7.56531193751198e-02 1.00000000000000e+05 
7.60703798790390e-02 1.00000000000000e+05 
7.64874198144345e-02 1.00000000000000e+05 
7.69046631000031e-02 1.00000000000000e+05 
7.73216318228833e-02 1.00000000000000e+05 
7.77392274441930e-02 1.00000000000000e+05 
7.81573255516190e-02 1.00000000000000e+05 
7.85755636263566e-02 1.00000000000000e+05 
7.89937295497684e-02 1.00000000000000e+05 
7.94121394173392e-02 1.00000000000000e+05 
7.98304437009477e-02 1.00000000000000e+05 
8.02490915995697e-02 1.00000000000000e+05 
8.06683893753771e-02 1.00000000000000e+05 
8.10877880373419e-02 1.00000000000000e+05 
8.15072337483774e-02 1.00000000000000e+05 
8.19265317146981e-02 1.00000000000000e+05 
8.23456261341784e-02 1.00000000000000e+05 
8.27652798764276e-02 1.00000000000000e+05 
8.31858966606950e-02 1.00000000000000e+05 
8.36068467821080e-02 1.00000000000000e+05 
8.40275072179032e-02 1.00000000000000e+05 
8.44481159169659e-02 1.00000000000000e+05 
8.48684468211663e-02 1.00000000000000e+05 
8.52889517505601e-02 1.00000000000000e+05 
8.57097372913441e-02 1.00000000000000e+05 
8.61307284179560e-02 1.00000000000000e+05 
8.65511988007932e-02 1.00000000000000e+05 
8.69718248248826e-02 1.00000000000000e+05 
8.73922679688233e-02 1.00000000000000e+05 
8.78130814386243e-02 1.00000000000000e+05 
8.82343819637679e-02 1.00000000000000e+05 
8.86558943096722e-02 1.00000000000000e+05 
8.90771473997316e-02 1.00000000000000e+05 
8.94988783621867e-02 1.00000000000000e+05 
8.99205599113108e-02 1.00000000000000e+05 
9.03427723453964e-02 1.00000000000000e+05 
9.07656709687102e-02 1.00000000000000e+05 
9.11888554955926e-02 1.00000000000000e+05 
9.16119697378046e-02 1.00000000000000e+05 
9.20358778269963e-02 1.00000000000000e+05 
9.24598954853516e-02 1.00000000000000e+05 
9.28845870869024e-02 1.00000000000000e+05 
9.33101827034633e-02 1.00000000000000e+05 
9.37361861536119e-02 1.00000000000000e+05 
9.41618741544408e-02 1.00000000000000e+05 
9.45875335035184e-02 1.00000000000000e+05 
9.50129580779164e-02 1.00000000000000e+05 
9.54386906124880e-02 1.00000000000000e+05 
9.58647196372575e-02 1.00000000000000e+05 
9.62911721935970e-02 1.00000000000000e+05 
9.67170210281921e-02 1.00000000000000e+05 
9.71429351821841e-02 1.00000000000000e+05 
9.75685740314379e-02 1.00000000000000e+05 
9.79945577122727e-02 1.00000000000000e+05 
9.84208936364266e-02 1.00000000000000e+05 
9.88475541810485e-02 1.00000000000000e+05 
9.92737105457800e-02 1.00000000000000e+05 
9.97000966513234e-02 1.00000000000000e+05 
1.00126245332051e-01 1.00000000000000e+05 
1.00552810860520e-01 1.00000000000000e+05 
1.00979817980316e-01 1.00000000000000e+05 
1.01407122192149e-01 1.00000000000000e+05 
1.01834100487530e-01 1.00000000000000e+05 
1.02261534389974e-01 1.00000000000000e+05 
1.02688865983519e-01 1.00000000000000e+05 
1.03116747537452e-01 1.00000000000000e+05 
1.03545258661144e-01 1.00000000000000e+05 
1.03974118628888e-01 1.00000000000000e+05 
1.04402816469105e-01 1.00000000000000e+05 
1.04832269658513e-01 1.00000000000000e+05 
1.05261822347154e-01 1.00000000000000e+05 
1.05691771546053e-01 1.00000000000000e+05 
1.06122107988075e-01 1.00000000000000e+05 
1.06553023385862e-01 1.00000000000000e+05 
1.06983316534471e-01 1.00000000000000e+05 
1.07412997943410e-01 1.00000000000000e+05 
1.07842523491904e-01 1.00000000000000e+05 
1.08272350203768e-01 1.00000000000000e+05 
1.08702607479048e-01 1.00000000000000e+05 
1.09133420247729e-01 1.00000000000000e+05 
1.09563674611525e-01 1.00000000000000e+05 
1.09993639606331e-01 1.00000000000000e+05 
1.10423511157091e-01 1.00000000000000e+05 
1.10853973186853e-01 1.00000000000000e+05 
1.11284986540777e-01 1.00000000000000e+05 
1.11716538012423e-01 1.00000000000000e+05 
1.12147695943732e-01 1.00000000000000e+05 
1.12578844685499e-01 1.00000000005497e+05 
1.13010022471917e-01 1.00000000038477e+05 
1.13441986642932e-01 1.00000000256425e+05 
1.13874632653898e-01 1.00000000571287e+05 
1.14307767468554e-01 1.00000000987293e+05 
1.14740665566701e-01 1.00000001245362e+05 
1.15173596889113e-01 1.00000001670633e+05 
1.15606596383671e-01 1.00000002131326e+05 
1.16039644352364e-01 1.00000002609208e+05 
1.16472746480201e-01 1.00000003102259e+05 
1.16906578869069e-01 1.00000003597845e+05 
1.17339964233269e-01 1.00000004072749e+05 
1.17773153884048e-01 1.00000004653377e+05 
1.18206404899649e-01 1.00000005603284e+05 
1.18639859268263e-01 1.00000007723650e+05 
1.19073486296115e-01 1.00000012121110e+05 
1.19507670407152e-01 1.00000024081709e+05 
1.19941426646812e-01 1.00000051185730e+05 
1.20375145613659e-01 1.00000098892983e+05 
1.20808871021763e-01 1.00000170016070e+05 
1.21242905810565e-01 1.00000266433939e+05 
1.21677207523077e-01 1.00000392118916e+05 
1.22111897525838e-01 1.00000551748211e+05 
1.22546221954359e-01 1.00000754453705e+05 
1.22980666807627e-01 1.00001009375373e+05 
1.23415105659021e-01 1.00001322636531e+05 
1.23849908960805e-01 1.00001695616625e+05 
1.24284988379246e-01 1.00002123209048e+05 
1.24720307404706e-01 1.00002571715397e+05 
1.25155319709274e-01 1.00003024177291e+05 
1.25590532234475e-01 1.00003495014989e+05 
1.26025723032405e-01 1.00003925633319e+05 
1.26461363298955e-01 1.00004356702902e+05 
1.26897354081797e-01 1.00005040961605e+05 
1.27333417283589e-01 1.00006180769167e+05 
1.27769174374844e-01 1.00008455488431e+05 
1.28205283749031e-01 1.00015882110694e+05 
1.28641406396808e-01 1.00037188802446e+05 
1.29078120480412e-01 1.00082376378452e+05 
1.29514827951684e-01 1.00156018722293e+05 
1.29952019310021e-01 1.00264167739330e+05 
1.30388960861936e-01 1.00413004093462e+05 
1.30825247129470e-01 1.00604975990907e+05 
1.31261492110693e-01 1.00839076293557e+05 
1.31697583555196e-01 1.01106717006702e+05 
1.32133707052173e-01 1.01408160793883e+05 
1.32570483263412e-01 1.01733130750408e+05 
1.33006699396039e-01 1.02073047642439e+05 
1.33442442397852e-01 1.02413373070846e+05 
1.33878084012670e-01 1.02735805738281e+05 
1.34313725644758e-01 1.03022023316483e+05 
1.34749489090618e-01 1.03268845005293e+05 
1.35185763716726e-01 1.03467803385037e+05 
1.35621463180961e-01 1.03622430364702e+05 
1.36056841223963e-01 1.03706749571778e+05 
1.36492092070919e-01 1.03732065466336e+05 
1.36927493091413e-01 1.03707400342846e+05 
1.37363129876671e-01 1.03684738076729e+05 
1.37799185261215e-01 1.03649034630444e+05 
1.38234689701770e-01 1.03593449848846e+05 
1.38670034694744e-01 1.03506427685685e+05 
1.39105257758283e-01 1.03395943286731e+05 
1.39540776734470e-01 1.03266512867355e+05 
1.39976604385981e-01 1.03122042098303e+05 
1.40412765140120e-01 1.02967927396815e+05 
1.40848427448117e-01 1.02805748334082e+05 
1.41284088904137e-01 1.02635046331121e+05 
1.41719627148030e-01 1.02458845954405e+05 
1.42155578508944e-01 1.02282620517903e+05 
1.42591917404751e-01 1.02105716314683e+05 
1.43028497243331e-01 1.01928640855006e+05 
1.43464610292455e-01 1.01748813510979e+05 
1.43900839878168e-01 1.01564718099346e+05 
1.44337027175515e-01 1.01379737860989e+05 
1.44773780052498e-01 1.01198953061074e+05 
1.45210976799438e-01 1.01019888317449e+05 
1.45648334848605e-01 1.00842746439541e+05 
1.46085296123819e-01 1.00664212830368e+05 
1.46522473872766e-01 1.00483937545673e+05 
1.46959612539643e-01 1.00307208189189e+05 
1.47397355186176e-01 1.00139102190463e+05 
1.47835555466035e-01 9.99774744400978e+04 
1.48273826294712e-01 9.98217491852618e+04 
1.48711681749790e-01 9.96698185680386e+04 
1.49149923516680e-01 9.95233362341399e+04 
1.49588198842893e-01 9.93870411979903e+04 
1.50027136318178e-01 9.92631692731114e+04 
1.50466650489682e-01 9.91517652719711e+04 
1.50906246704954e-01 9.90500389771274e+04 
1.51345499755533e-01 9.89566692210493e+04 
1.51785088417892e-01 9.88715590693628e+04 
1.52224654938774e-01 9.87984715574675e+04 
1.52664016743323e-01 9.87373111398233e+04 
1.53103408017528e-01 9.86844671723584e+04 
1.53543340006130e-01 9.86377222600338e+04 
1.53982977419880e-01 9.85928117437328e+04 
1.54422022515007e-01 9.85497169208768e+04 
1.54860998414044e-01 9.85097418771441e+04 
1.55299861866016e-01 9.84725352348515e+04 
1.55738804004677e-01 9.84340950497156e+04 
1.56178116827782e-01 9.83914084074262e+04 
1.56617059381685e-01 9.83428247290867e+04 
1.57055472736506e-01 9.82882975678982e+04 
1.57493763215256e-01 9.82322116387760e+04 
1.57932064454132e-01 9.81737330862027e+04 
1.58370481464721e-01 9.81112817175193e+04 
1.58809165857515e-01 9.80448920079782e+04 
1.59247484131432e-01 9.79748176732099e+04 
1.59685419590438e-01 9.79032355531627e+04 
1.60123225190695e-01 9.78333759414542e+04 
1.60561168749085e-01 9.77675011615256e+04 
1.60999297468731e-01 9.77050063223564e+04 
1.61437641727155e-01 9.76458473147925e+04 
1.61875678499545e-01 9.75927667384856e+04 
1.62313454441850e-01 9.75443673994852e+04 
1.62751145119175e-01 9.75112370916186e+04 
1.63189085302290e-01 9.74879644333481e+04 
1.63627293442495e-01 9.74747975891283e+04 
1.64065670932784e-01 9.74621827221584e+04 
1.64503763607620e-01 9.74582117746571e+04 
1.64941709183486e-01 9.74685035197578e+04 
1.65379655604605e-01 9.74999447014061e+04 
1.65817993552032e-01 9.75468828935630e+04 
1.66256693815030e-01 9.76072157061234e+04 
1.66695529818745e-01 9.76785369766563e+04 
1.67134137101252e-01 9.77599117465274e+04 
1.67572746358524e-01 9.78501029319184e+04 
1.68011407050855e-01 9.79468902928733e+04 
1.68450577004116e-01 9.80453300664007e+04 
1.68890205260182e-01 9.81442462279744e+04 
1.69329969637684e-01 9.82430888978660e+04 
1.69769599608832e-01 9.83426266523814e+04 
1.70209397054144e-01 9.84382769036446e+04 
1.70649330939593e-01 9.85305819530152e+04 
1.71089798965848e-01 9.86169442464247e+04 
1.71530780915659e-01 9.86970691990632e+04 
1.71971988758806e-01 9.87720233626521e+04 
1.72413052390069e-01 9.88424973970404e+04 
1.72854349387033e-01 9.89084958186704e+04 
1.73295815915522e-01 9.89681877597787e+04 
1.73737984096823e-01 9.90211030685781e+04 
1.74180521760163e-01 9.90660262079947e+04 
1.74623381378121e-01 9.91058092195542e+04 
1.75066050019641e-01 9.91368671462469e+04 
1.75508241482862e-01 9.91611716497234e+04 
1.75950219638741e-01 9.91822434559683e+04 
1.76392011574224e-01 9.92011784578528e+04 
1.76833923040018e-01 9.92151464500602e+04 
1.77276038151001e-01 9.92211815981912e+04 
1.77717949742548e-01 9.92216289621096e+04 
1.78159459243781e-01 9.92168889616608e+04 
1.78600715495811e-01 9.92064580337377e+04 
1.79041875350053e-01 9.91918070263709e+04 
1.79483167103513e-01 9.91735988994772e+04 
1.79924557781979e-01 9.91527481471586e+04 
1.80365753327431e-01 9.91306468897111e+04 
1.80806659722053e-01 9.91084016558910e+04 
1.81247314056353e-01 9.90865516040452e+04 
1.81688003950638e-01 9.90667237645537e+04 
1.82128932577181e-01 9.90496686463513e+04 
1.82569957786387e-01 9.90353318066161e+04 
1.83010836447546e-01 9.90245394659093e+04 
1.83451595870527e-01 9.90178074989599e+04 
1.83892203340453e-01 9.90159158124314e+04 
1.84332982850946e-01 9.90190296410389e+04 
1.84774104352656e-01 9.90278515217019e+04 
1.85215346198448e-01 9.90404005984109e+04 
1.85656509538647e-01 9.90557762612368e+04 
1.86097708437281e-01 9.90722843581152e+04 
1.86538872912088e-01 9.90929587812966e+04 
1.86980354380368e-01 9.91195474275116e+04 
1.87422296240078e-01 9.91531358347570e+04 
1.87864372287931e-01 9.91918601974959e+04 
1.88306456424514e-01 9.92362560879078e+04 
1.88748739182039e-01 9.92862097578853e+04 
1.89191096929372e-01 9.93409493236596e+04 
1.89633907864613e-01 9.93989345641138e+04 
1.90077293253541e-01 9.94606870297188e+04 
1.90520844397247e-01 9.95253667774794e+04 
1.90964493488069e-01 9.95932062287608e+04 
1.91408266203626e-01 9.96647112535208e+04 
1.91852146475584e-01 9.97395074618694e+04 
1.92296212457844e-01 9.98157726127444e+04 
1.92740465633910e-01 9.98938878548145e+04 
1.93184633596029e-01 9.99737170422043e+04 
1.93628625339196e-01 1.00055028219313e+05 
1.94072666458828e-01 1.00137535077021e+05 
1.94516459938110e-01 1.00218918057850e+05 
1.94960299945720e-01 1.00296721789795e+05 
1.95403971297651e-01 1.00370459256764e+05 
1.95847230868814e-01 1.00440407519682e+05 
1.96289951097639e-01 1.00506453015165e+05 
1.96732663391132e-01 1.00567805125384e+05 
1.97175422537684e-01 1.00622927150659e+05 
1.97618350012338e-01 1.00672202743373e+05 
1.98061454924822e-01 1.00716040891699e+05 
1.98504557915911e-01 1.00755535818608e+05 
1.98947454569381e-01 1.00791311279486e+05 
1.99390343786831e-01 1.00824130092951e+05 
1.99833293177898e-01 1.00852388111177e+05 
2.00276360913899e-01 1.00876366863282e+05 
