# Liste des scalaires : TEMPS pmat 
0.00000000000000e+00 1.00000000000000e+05 
7.22956891292051e-05 1.00000000000000e+05 
1.33748632217164e-04 1.00000000000000e+05 
2.01346869613918e-04 1.00000000000000e+05 
2.75704930750348e-04 1.00000000000000e+05 
3.57498798000421e-04 1.00000000000000e+05 
4.47472051975501e-04 1.00000000000000e+05 
5.46442631348090e-04 1.00000000000000e+05 
6.55310268657937e-04 1.00000000000000e+05 
7.75064669698769e-04 1.00000000000000e+05 
9.06794510843684e-04 1.00000000000000e+05 
1.04230983945728e-03 1.00000000000000e+05 
1.18242648691894e-03 1.00000000000000e+05 
1.32771636312740e-03 1.00000000000000e+05 
1.47857789044618e-03 1.00000000000000e+05 
1.63604734368231e-03 1.00000000000000e+05 
1.80175739475320e-03 1.00000000000000e+05 
1.97438252593014e-03 1.00000000000000e+05 
2.15376562092037e-03 1.00000000000000e+05 
2.34180107925096e-03 1.00000000000000e+05 
2.53706877027309e-03 1.00000000000000e+05 
2.74020464009761e-03 1.00000000000000e+05 
2.95314346719287e-03 1.00000000000000e+05 
3.17353982064591e-03 1.00000000000000e+05 
3.40282172945008e-03 1.00000000000000e+05 
3.64308048583637e-03 1.00000000000000e+05 
3.89287590106309e-03 1.00000000000000e+05 
4.15379702758792e-03 1.00000000000000e+05 
4.42797481445882e-03 1.00000000000000e+05 
4.71536665203701e-03 1.00000000000000e+05 
5.01611715976304e-03 1.00000000000000e+05 
5.31447631708387e-03 1.00000000000000e+05 
5.60350705105088e-03 1.00000000000000e+05 
5.88349055331540e-03 1.00000000000000e+05 
6.17319701617333e-03 1.00000000000000e+05 
6.47718693650411e-03 1.00000000000000e+05 
6.79456716117192e-03 1.00000000000000e+05 
7.11794317356553e-03 1.00000000000000e+05 
7.45050208638806e-03 1.00000000000000e+05 
7.78634218437583e-03 1.00000000000000e+05 
8.11806106553020e-03 1.00000000000000e+05 
8.45586252726329e-03 1.00000000000000e+05 
8.79708847820710e-03 1.00000000000000e+05 
9.14517022760704e-03 1.00000000000000e+05 
9.50024459675719e-03 1.00000000000000e+05 
9.86595601662639e-03 1.00000000000000e+05 
1.02352618445899e-02 1.00000000000000e+05 
1.06088912255753e-02 1.00000000000000e+05 
1.09859863588114e-02 1.00000000000000e+05 
1.13601729446094e-02 1.00000000000000e+05 
1.17294416023518e-02 1.00000000000000e+05 
1.20973802804003e-02 1.00000000000000e+05 
1.24652528478409e-02 1.00000000000000e+05 
1.28319844686824e-02 1.00000000000000e+05 
1.31953646447389e-02 1.00000000000000e+05 
1.35577651440713e-02 1.00000000000000e+05 
1.39197584298549e-02 1.00000000000000e+05 
1.42827678962545e-02 1.00000000000000e+05 
1.46484200913881e-02 1.00000000000000e+05 
1.50162658542293e-02 1.00000000000000e+05 
1.53845309783870e-02 1.00000000000000e+05 
1.57545850701141e-02 1.00000000000000e+05 
1.61261780988920e-02 1.00000000000000e+05 
1.64991572639665e-02 1.00000000000000e+05 
1.68745315577165e-02 1.00000000000000e+05 
1.72510036100479e-02 1.00000000000000e+05 
1.76261556943497e-02 1.00000000000000e+05 
1.80008256299868e-02 1.00000000000000e+05 
1.83740967222388e-02 1.00000000000000e+05 
1.87466086873643e-02 1.00000000000000e+05 
1.91196719486281e-02 1.00000000000000e+05 
1.94928684258281e-02 1.00000000000000e+05 
1.98644716018333e-02 1.00000000000000e+05 
2.02350813264815e-02 1.00000000000000e+05 
2.06035687280988e-02 1.00000000000000e+05 
2.09703671324105e-02 1.00000000000000e+05 
2.13362121961413e-02 1.00000000000000e+05 
2.17008684455593e-02 1.00000000000000e+05 
2.20630724012899e-02 1.00000000000000e+05 
2.24238740155179e-02 1.00000000000000e+05 
2.27826554292491e-02 1.00000000000000e+05 
2.31402642849835e-02 1.00000000000000e+05 
2.34980452162147e-02 1.00000000000000e+05 
2.38560897110917e-02 1.00000000000000e+05 
2.42133696974236e-02 1.00000000000000e+05 
2.45708063829067e-02 1.00000000000000e+05 
2.49272159901196e-02 1.00000000000000e+05 
2.52830682367771e-02 1.00000000000000e+05 
2.56391945964609e-02 1.00000000000000e+05 
2.59960344897684e-02 1.00000000000000e+05 
2.63530510924268e-02 1.00000000000000e+05 
2.67107956168384e-02 1.00000000000000e+05 
2.70687527764607e-02 1.00000000000000e+05 
2.74273945393560e-02 1.00000000000000e+05 
2.77874224871912e-02 1.00000000000000e+05 
2.81484880245864e-02 1.00000000000000e+05 
2.85104520028461e-02 1.00000000000000e+05 
2.88739020956246e-02 1.00000000000000e+05 
2.92380216868808e-02 1.00000000000000e+05 
2.96031660062077e-02 1.00000000000000e+05 
2.99699730955962e-02 1.00000000000000e+05 
3.03385814845669e-02 1.00000000000000e+05 
3.07086716758102e-02 1.00000000000000e+05 
3.10807046597903e-02 1.00000000000000e+05 
3.14537889937619e-02 1.00000000000000e+05 
3.18281018203469e-02 1.00000000000000e+05 
3.22041732265208e-02 1.00000000000000e+05 
3.25819991824131e-02 1.00000000000000e+05 
3.29613485448820e-02 1.00000000000000e+05 
3.33424278841764e-02 1.00000000000000e+05 
3.37239440673877e-02 1.00000000000000e+05 
3.41059975697088e-02 1.00000000000000e+05 
3.44885660057351e-02 1.00000000000000e+05 
3.48718179478379e-02 1.00000000000000e+05 
3.52560666149365e-02 1.00000000000000e+05 
3.56411503933289e-02 1.00000000000000e+05 
3.60261952451791e-02 1.00000000000000e+05 
3.64113266249548e-02 1.00000000000000e+05 
3.67964898691363e-02 1.00000000000000e+05 
3.71818821219749e-02 1.00000000000000e+05 
3.75678746392080e-02 1.00000000000000e+05 
3.79543462631534e-02 1.00000000000000e+05 
3.83406239045354e-02 1.00000000000000e+05 
3.87268169073909e-02 1.00000000000000e+05 
3.91129154035869e-02 1.00000000000000e+05 
3.94990836295223e-02 1.00000000000000e+05 
3.98856259564884e-02 1.00000000000000e+05 
4.02725114394519e-02 1.00000000000000e+05 
4.06592820687447e-02 1.00000000000000e+05 
4.10460159381305e-02 1.00000000000000e+05 
4.14327848685721e-02 1.00000000000000e+05 
4.18197193352699e-02 1.00000000000000e+05 
4.22070738126771e-02 1.00000000000000e+05 
4.25948662909743e-02 1.00000000000000e+05 
4.29827915348147e-02 1.00000000000000e+05 
4.33709000849500e-02 1.00000000000000e+05 
4.37593020239813e-02 1.00000000000000e+05 
4.41480812198961e-02 1.00000000000000e+05 
4.45374089944266e-02 1.00000000000000e+05 
4.49272945718539e-02 1.00000000000000e+05 
4.53174622954757e-02 1.00000000000000e+05 
4.57079441402822e-02 1.00000000000000e+05 
4.60988436156638e-02 1.00000000000000e+05 
4.64901961006234e-02 1.00000000000000e+05 
4.68820569030434e-02 1.00000000000000e+05 
4.72742212427913e-02 1.00000000000000e+05 
4.76664301109351e-02 1.00000000000000e+05 
4.80588162661024e-02 1.00000000000000e+05 
4.84515915642030e-02 1.00000000000000e+05 
4.88445168747815e-02 1.00000000000000e+05 
4.92376632430808e-02 1.00000000000000e+05 
4.96310713765097e-02 1.00000000000000e+05 
5.00243071807360e-02 1.00000000000000e+05 
5.04175421758206e-02 1.00000000000000e+05 
5.08108535410609e-02 1.00000000000000e+05 
5.12041868668714e-02 1.00000000000000e+05 
5.15975475223740e-02 1.00000000000000e+05 
5.19910055960504e-02 1.00000000000000e+05 
5.23841630728327e-02 1.00000000000000e+05 
5.27771511301061e-02 1.00000000000000e+05 
5.31701163903466e-02 1.00000000000000e+05 
5.35630173086415e-02 1.00000000000000e+05 
5.39557781902098e-02 1.00000000000000e+05 
5.43485300848324e-02 1.00000000000000e+05 
5.47409652536510e-02 1.00000000000000e+05 
5.51332084303340e-02 1.00000000000000e+05 
5.55254757064110e-02 1.00000000000000e+05 
5.59177369775368e-02 1.00000000000000e+05 
5.63098909131947e-02 1.00000000000000e+05 
5.67021087909933e-02 1.00000000000000e+05 
5.70940135892491e-02 1.00000000000000e+05 
5.74857619289604e-02 1.00000000000000e+05 
5.78772720485931e-02 1.00000000000000e+05 
5.82687459468240e-02 1.00000000000000e+05 
5.86601698003411e-02 1.00000000000000e+05 
5.90514912360696e-02 1.00000000000000e+05 
5.94425993367657e-02 1.00000000000000e+05 
5.98333342538903e-02 1.00000000000000e+05 
6.02241261808843e-02 1.00000000000000e+05 
6.06149114741208e-02 1.00000000000000e+05 
6.10054655383806e-02 1.00000000000000e+05 
6.13959638649195e-02 1.00000000000000e+05 
6.17863432533280e-02 1.00000000000000e+05 
6.21764336087827e-02 1.00000000000000e+05 
6.25666788151828e-02 1.00000000000000e+05 
6.29570137633299e-02 1.00000000000000e+05 
6.33472611437104e-02 1.00000000000000e+05 
6.37375778014363e-02 1.00000000000000e+05 
6.41278965767546e-02 1.00000000000000e+05 
6.45180275821186e-02 1.00000000000000e+05 
6.49084289623862e-02 1.00000000000000e+05 
6.52990093691493e-02 1.00000000000000e+05 
6.56895673708041e-02 1.00000000000000e+05 
6.60802158212090e-02 1.00000000000000e+05 
6.64709272061803e-02 1.00000000000000e+05 
6.68615003948363e-02 1.00000000000000e+05 
6.72523811741196e-02 1.00000000000000e+05 
6.76435239059315e-02 1.00000000000000e+05 
6.80346798636072e-02 1.00000000000000e+05 
6.84259731620970e-02 1.00000000000000e+05 
6.88174077990713e-02 1.00000000000000e+05 
6.92087239606250e-02 1.00000000000000e+05 
6.96004007457790e-02 1.00000000000000e+05 
6.99923694841714e-02 1.00000000000000e+05 
7.03842133063605e-02 1.00000000000000e+05 
7.07760460656622e-02 1.00000000000000e+05 
7.11678905361789e-02 1.00000000000000e+05 
7.15597098088765e-02 1.00000000000000e+05 
7.19517155889100e-02 1.00000000000000e+05 
7.23440625500183e-02 1.00000000000000e+05 
7.27363718897048e-02 1.00000000000000e+05 
7.31287847294568e-02 1.00000000000000e+05 
7.35213112666311e-02 1.00000000000000e+05 
7.39137476456027e-02 1.00000000000000e+05 
7.43064037038983e-02 1.00000000000000e+05 
7.46993056197976e-02 1.00000000000000e+05 
7.50920136265198e-02 1.00000000000000e+05 
7.54846399586838e-02 1.00000000000000e+05 
7.58771567052959e-02 1.00000000000000e+05 
7.62693253099228e-02 1.00000000000000e+05 
7.66613976815348e-02 1.00000000000000e+05 
7.70533150237982e-02 1.00000000000000e+05 
7.74447165283663e-02 1.00000000000000e+05 
7.78355963044221e-02 1.00000000000000e+05 
7.82260009198478e-02 1.00000000000000e+05 
7.86157956605287e-02 1.00000000000000e+05 
7.90052016988456e-02 1.00000000000000e+05 
7.93941751144436e-02 1.00000000000000e+05 
7.97824246030712e-02 1.00000000000000e+05 
8.01700742441187e-02 1.00000000000000e+05 
8.05573573034153e-02 1.00000000000000e+05 
8.09441645648482e-02 1.00000000000000e+05 
8.13308421541869e-02 1.00000000000000e+05 
8.17173972335399e-02 1.00000000000000e+05 
8.21035898348972e-02 1.00000000000000e+05 
8.24896552324308e-02 1.00000000000000e+05 
8.28757843131828e-02 1.00000000000000e+05 
8.32616322681974e-02 1.00000000000000e+05 
8.36476691404997e-02 1.00000000000000e+05 
8.40337233427788e-02 1.00000000000000e+05 
8.44194428662492e-02 1.00000000000000e+05 
8.48051759514916e-02 1.00000000000000e+05 
8.51910919362092e-02 1.00000000000000e+05 
8.55771589295794e-02 1.00000000000000e+05 
8.59638128099112e-02 1.00000000000000e+05 
8.63509195717929e-02 1.00000000000000e+05 
8.67381393783190e-02 1.00000000000000e+05 
8.71257288739581e-02 1.00000000000000e+05 
8.75138120004729e-02 1.00000000000000e+05 
8.79021392733903e-02 1.00000000000000e+05 
8.82908426612704e-02 1.00000000000000e+05 
8.86800479437267e-02 1.00000000000000e+05 
8.90694234986363e-02 1.00000000000000e+05 
8.94591213345680e-02 1.00000000000000e+05 
8.98492384474934e-02 1.00000000000000e+05 
9.02398994829093e-02 1.00000000000000e+05 
9.06313041590904e-02 1.00000000000000e+05 
9.10233323729842e-02 1.00000000000000e+05 
9.14157027800607e-02 1.00000000000000e+05 
9.18085910411335e-02 1.00000000003822e+05 
9.22020476445255e-02 1.00000000031986e+05 
9.25962176700599e-02 1.00000000217313e+05 
9.29912419230903e-02 1.00000000519248e+05 
9.33869730525036e-02 1.00000000918556e+05 
9.37831849468163e-02 1.00000001295003e+05 
9.41800049739564e-02 1.00000001779062e+05 
9.45774470013362e-02 1.00000002342155e+05 
9.49756758176349e-02 1.00000002976855e+05 
9.53748138059576e-02 1.00000003635446e+05 
9.57746350016265e-02 1.00000004318036e+05 
9.61747739617700e-02 1.00000004987144e+05 
9.65752420848498e-02 1.00000005665895e+05 
9.69761717789535e-02 1.00000006495588e+05 
9.73774410742032e-02 1.00000007757690e+05 
9.77792934676510e-02 1.00000009738701e+05 
9.81816279947077e-02 1.00000013482034e+05 
9.85844289045852e-02 1.00000026597179e+05 
9.89876886156337e-02 1.00000054531243e+05 
9.93915274580872e-02 1.00000105102972e+05 
9.97958011984516e-02 1.00000180377456e+05 
1.00200710153231e-01 1.00000285104130e+05 
1.00606146255489e-01 1.00000424505649e+05 
1.01011964009895e-01 1.00000604739298e+05 
1.01417791362454e-01 1.00000832456329e+05 
1.01823520701060e-01 1.00001113255536e+05 
1.02229106226290e-01 1.00001462751508e+05 
1.02634371416645e-01 1.00001881179554e+05 
1.03039247686625e-01 1.00002366683842e+05 
1.03444131426810e-01 1.00002917023482e+05 
1.03848764438792e-01 1.00003528432523e+05 
1.04253386294014e-01 1.00004155435384e+05 
1.04657921788777e-01 1.00004745649227e+05 
1.05062200008156e-01 1.00005313096338e+05 
1.05466161020398e-01 1.00005934245467e+05 
1.05870184840382e-01 1.00006832801171e+05 
1.06274029527372e-01 1.00008611450452e+05 
1.06677940674962e-01 1.00012475043690e+05 
1.07081855338663e-01 1.00020587605130e+05 
1.07485596591640e-01 1.00043725406256e+05 
1.07889088821349e-01 1.00090782746255e+05 
1.08292689161214e-01 1.00171594861518e+05 
1.08696158710129e-01 1.00289609934992e+05 
1.09099749785905e-01 1.00447933690490e+05 
1.09503390249463e-01 1.00652731388878e+05 
1.09906967476138e-01 1.00905288646232e+05 
1.10310359883336e-01 1.01208799030801e+05 
1.10713833650521e-01 1.01560600536736e+05 
1.11117279136988e-01 1.01946852959224e+05 
1.11520855250949e-01 1.02357027149355e+05 
1.11924539889452e-01 1.02777800960363e+05 
1.12328212030782e-01 1.03195457058551e+05 
1.12731783311142e-01 1.03601889445737e+05 
1.13135462529431e-01 1.03983945781446e+05 
1.13539161635941e-01 1.04321528002709e+05 
1.13943092081147e-01 1.04599311646624e+05 
1.14347210211862e-01 1.04816752623442e+05 
1.14751392399057e-01 1.04968438615349e+05 
1.15155534398595e-01 1.05043884694870e+05 
1.15559816837605e-01 1.05058954106261e+05 
1.15964144481942e-01 1.05037352008794e+05 
1.16368729883182e-01 1.05010033733779e+05 
1.16773520788785e-01 1.04963024838304e+05 
1.17178476404822e-01 1.04888983295157e+05 
1.17583360337053e-01 1.04782032373053e+05 
1.17988241983150e-01 1.04646207377468e+05 
1.18393151428752e-01 1.04480826690768e+05 
1.18798326956339e-01 1.04294078155189e+05 
1.19203716784298e-01 1.04089059778278e+05 
1.19609272506775e-01 1.03870395896595e+05 
1.20014783708346e-01 1.03638075985870e+05 
1.20420350367180e-01 1.03391928685532e+05 
1.20825945218874e-01 1.03135337019785e+05 
1.21231773746520e-01 1.02876037741878e+05 
1.21637807026704e-01 1.02614568295463e+05 
1.22044002290748e-01 1.02352836177475e+05 
1.22450150457829e-01 1.02088011812238e+05 
1.22856353598691e-01 1.01820136875922e+05 
1.23262589317705e-01 1.01553670317166e+05 
1.23669051017159e-01 1.01294176798215e+05 
1.24075716266499e-01 1.01041910403780e+05 
1.24482538260296e-01 1.00797238810591e+05 
1.24889308567029e-01 1.00556855657768e+05 
1.25296056333598e-01 1.00322080105886e+05 
1.25702799697218e-01 1.00099207743758e+05 
1.26109817367452e-01 9.98904050755399e+04 
1.26517058177487e-01 9.96966262238102e+04 
1.26924444717541e-01 9.95190266881414e+04 
1.27331650695021e-01 9.93534008967707e+04 
1.27738833525531e-01 9.91992510469295e+04 
1.28146021566054e-01 9.90610416982301e+04 
1.28553482602843e-01 9.89386187012141e+04 
1.28961181026103e-01 9.88311224599221e+04 
1.29369077758465e-01 9.87367652758720e+04 
1.29776854131952e-01 9.86532706351920e+04 
1.30184642734639e-01 9.85797489289689e+04 
1.30592489586696e-01 9.85164085115962e+04 
1.31000618412859e-01 9.84639748705140e+04 
1.31409018100501e-01 9.84185562584249e+04 
1.31817668389361e-01 9.83768203884787e+04 
1.32226289251923e-01 9.83359051505102e+04 
1.32634974541760e-01 9.82943463167752e+04 
1.33043776264872e-01 9.82561191526282e+04 
1.33452898520466e-01 9.82160295238071e+04 
1.33862332646867e-01 9.81729878497130e+04 
1.34272056655819e-01 9.81257107743203e+04 
1.34681811744875e-01 9.80721337571310e+04 
1.35091664313051e-01 9.80122440613670e+04 
1.35501683727890e-01 9.79476449913175e+04 
1.35911776746818e-01 9.78796709172408e+04 
1.36321662286518e-01 9.78075923078388e+04 
1.36731422776213e-01 9.77312090049005e+04 
1.37141086711127e-01 9.76497167014258e+04 
1.37550711779306e-01 9.75638552205626e+04 
1.37960137632709e-01 9.74772156156663e+04 
1.38369668225632e-01 9.73912111422827e+04 
1.38779083815403e-01 9.73060836290716e+04 
1.39188499593060e-01 9.72225497116385e+04 
1.39597923720872e-01 9.71401012839781e+04 
1.40007404211482e-01 9.70599429504826e+04 
1.40416806145941e-01 9.69857795979732e+04 
1.40826437220519e-01 9.69180256327061e+04 
1.41236098443363e-01 9.68570417858162e+04 
1.41645930864984e-01 9.68035799016752e+04 
1.42055921891222e-01 9.67563658526631e+04 
1.42466111122784e-01 9.67197072501272e+04 
1.42876380275754e-01 9.66951460197934e+04 
1.43287028204130e-01 9.66817105671993e+04 
1.43697746319137e-01 9.66699480196730e+04 
1.44108587964153e-01 9.66622439843907e+04 
1.44519695477087e-01 9.66597676003753e+04 
1.44930917349428e-01 9.66653836850054e+04 
1.45342231251699e-01 9.66804181145442e+04 
1.45753822674034e-01 9.67028071261125e+04 
1.46165594045539e-01 9.67317681703892e+04 
1.46577630394616e-01 9.67666884225258e+04 
1.46990065603051e-01 9.68072401390731e+04 
1.47402723772656e-01 9.68566650542981e+04 
1.47815578705382e-01 9.69152038712659e+04 
1.48228825215826e-01 9.69798663894368e+04 
1.48642312170942e-01 9.70491103332180e+04 
1.49056131979895e-01 9.71240273263690e+04 
1.49469907658601e-01 9.72062168793980e+04 
1.49883463003881e-01 9.72964224164604e+04 
1.50296925445538e-01 9.73951631565900e+04 
1.50710552051906e-01 9.75015121304344e+04 
1.51124235660745e-01 9.76154213659918e+04 
1.51537884730807e-01 9.77359572369432e+04 
1.51951209091189e-01 9.78646786046899e+04 
1.52364287303560e-01 9.80027512160227e+04 
1.52777255888514e-01 9.81487010710914e+04 
1.53190425379793e-01 9.82997423541615e+04 
1.53603645649949e-01 9.84556536905566e+04 
1.54016849144687e-01 9.86153418850820e+04 
1.54429792762458e-01 9.87795383363390e+04 
1.54842538998402e-01 9.89486318543884e+04 
1.55255217041661e-01 9.91186902628090e+04 
1.55668013296945e-01 9.92864365314317e+04 
1.56080956824340e-01 9.94526017074737e+04 
1.56493931386642e-01 9.96148308867607e+04 
1.56906595127495e-01 9.97749935463297e+04 
1.57318962127937e-01 9.99315519018145e+04 
1.57731194964591e-01 1.00081185810992e+05 
1.58143633569333e-01 1.00220239757269e+05 
1.58556325662879e-01 1.00349873455725e+05 
1.58969217867996e-01 1.00469237367497e+05 
1.59381931805046e-01 1.00579989264602e+05 
1.59794460462410e-01 1.00681963160926e+05 
1.60207013823695e-01 1.00771145402540e+05 
1.60619915402414e-01 1.00844748346824e+05 
1.61033161469532e-01 1.00904280694457e+05 
1.61446527856828e-01 1.00950858915623e+05 
1.61859923651377e-01 1.00983398613889e+05 
1.62273346531285e-01 1.01004146617215e+05 
1.62686852855727e-01 1.01016652114116e+05 
1.63100543856791e-01 1.01026246897428e+05 
1.63514447031224e-01 1.01030176879670e+05 
1.63928529491856e-01 1.01025688151535e+05 
1.64342565324423e-01 1.01013438023081e+05 
1.64756496783310e-01 1.00994303968772e+05 
1.65170391375103e-01 1.00966625461572e+05 
1.65584379909591e-01 1.00932417955190e+05 
1.65998483526733e-01 1.00892931208805e+05 
1.66412698505467e-01 1.00849209667148e+05 
1.66826792492604e-01 1.00801927929548e+05 
1.67240713214710e-01 1.00751185434281e+05 
1.67654538866910e-01 1.00697159821765e+05 
1.68068367008585e-01 1.00642039282244e+05 
1.68482181366356e-01 1.00585884512903e+05 
1.68895907616665e-01 1.00529590437095e+05 
1.69309410150624e-01 1.00472744634931e+05 
1.69722774273467e-01 1.00415710097513e+05 
1.70135917995804e-01 1.00358201471687e+05 
1.70549061717574e-01 1.00300957521647e+05 
1.70962222002225e-01 1.00246501656210e+05 
1.71375300997084e-01 1.00193745789064e+05 
1.71788124891499e-01 1.00141384989505e+05 
1.72200816932832e-01 1.00089325215335e+05 
1.72613316606857e-01 1.00038501937041e+05 
1.73025862864366e-01 9.99904117583966e+04 
1.73438462047588e-01 9.99447274342921e+04 
1.73851023570888e-01 9.99013126265807e+04 
1.74263361025475e-01 9.98590217635373e+04 
1.74675613647664e-01 9.98177787282107e+04 
1.75087723726428e-01 9.97797609233398e+04 
1.75499944804699e-01 9.97450254072742e+04 
1.75912299200117e-01 9.97133621387064e+04 
1.76324685078579e-01 9.96848966119838e+04 
1.76736911880440e-01 9.96585386565481e+04 
1.77149092662589e-01 9.96341592363431e+04 
1.77561214240501e-01 9.96129948231105e+04 
1.77973508920856e-01 9.95960108189759e+04 
1.78386009292237e-01 9.95823090070454e+04 
1.78798619293367e-01 9.95721251775649e+04 
1.79211145893789e-01 9.95642149424405e+04 
1.79623678028074e-01 9.95581963265798e+04 
1.80036212179046e-01 9.95561202712850e+04 
1.80448968320368e-01 9.95586310410030e+04 
1.80861957552326e-01 9.95660271044210e+04 
1.81275092437294e-01 9.95774819120114e+04 
1.81688184378417e-01 9.95897605616489e+04 
1.82101289102612e-01 9.96016132615535e+04 
1.82514412075974e-01 9.96157076973626e+04 
1.82927739478794e-01 9.96335400184689e+04 
1.83341294175348e-01 9.96533358084246e+04 
1.83754994142372e-01 9.96755264861958e+04 
1.84168650128816e-01 9.96998758917865e+04 
1.84582316478607e-01 9.97257851862144e+04 
1.84995982366982e-01 9.97536183047124e+04 
1.85409812034509e-01 9.97842184663782e+04 
1.85823835410607e-01 9.98160351210830e+04 
1.86237983097626e-01 9.98494909857944e+04 
1.86652064754817e-01 9.98843612388016e+04 
1.87066112235767e-01 9.99204242741837e+04 
1.87480123189556e-01 9.99575101152384e+04 
1.87894249174288e-01 9.99956849711711e+04 
1.88308508591782e-01 1.00034002789697e+05 
1.88722839601952e-01 1.00072989963313e+05 
1.89137024716726e-01 1.00112994832423e+05 
1.89551139140000e-01 1.00153658373818e+05 
1.89965172636733e-01 1.00193888725828e+05 
1.90379276803088e-01 1.00235354156457e+05 
1.90793492086544e-01 1.00276812433348e+05 
1.91207749517867e-01 1.00318517001754e+05 
1.91621827922877e-01 1.00360666542165e+05 
1.92035797192126e-01 1.00402747818484e+05 
1.92449659203155e-01 1.00443840307566e+05 
1.92863595458457e-01 1.00482954686138e+05 
1.93277635629056e-01 1.00519806426273e+05 
1.93691663878969e-01 1.00554602021282e+05 
1.94105423084632e-01 1.00588135323750e+05 
1.94518923763182e-01 1.00619836927381e+05 
1.94932222051695e-01 1.00648569881903e+05 
1.95345488453131e-01 1.00673983688203e+05 
1.95758728431397e-01 1.00695758284577e+05 
1.96171900376507e-01 1.00713733299378e+05 
1.96584798848581e-01 1.00728391618039e+05 
1.96997469884897e-01 1.00740534134760e+05 
1.97409959891957e-01 1.00744258889250e+05 
1.97822478775893e-01 1.00742096562899e+05 
1.98235018304466e-01 1.00736390696657e+05 
1.98647555831034e-01 1.00728637728638e+05 
1.99059868183499e-01 1.00718898646148e+05 
1.99472030086614e-01 1.00706041433896e+05 
1.99884061656198e-01 1.00690100874437e+05 
2.00296196114069e-01 1.00671521697633e+05 
