# Liste des scalaires : TEMPS pmat 
0.00000000000000e+00 1.00000000000000e+05 
7.22956891292051e-05 1.00000000000000e+05 
1.25141807014311e-04 1.00000000000000e+05 
1.80233649163831e-04 1.00000000000000e+05 
2.36739698416772e-04 1.00000000000000e+05 
2.92337402394394e-04 1.00000000000000e+05 
3.48349844816158e-04 1.00000000000000e+05 
4.05654783286730e-04 1.00000000000000e+05 
4.63289187929150e-04 1.00000000000000e+05 
5.21120100396222e-04 1.00000000000000e+05 
5.80030941855336e-04 1.00000000000000e+05 
6.40728506574956e-04 1.00000000000000e+05 
7.01723664389919e-04 1.00000000000000e+05 
7.63485648481850e-04 1.00000000000000e+05 
8.26541481685172e-04 1.00000000000000e+05 
8.91423657376769e-04 1.00000000000000e+05 
9.58103412226133e-04 1.00000000000000e+05 
1.02421309385353e-03 1.00000000000000e+05 
1.09158775800241e-03 1.00000000000000e+05 
1.16087456270958e-03 1.00000000000000e+05 
1.23271864650942e-03 1.00000000000000e+05 
1.30357225365360e-03 1.00000000000000e+05 
1.37535975791103e-03 1.00000000000000e+05 
1.44871634318271e-03 1.00000000000000e+05 
1.52432123252149e-03 1.00000000000000e+05 
1.60126693849997e-03 1.00000000000000e+05 
1.67889322976403e-03 1.00000000000000e+05 
1.75774176841155e-03 1.00000000000000e+05 
1.83849080806829e-03 1.00000000000000e+05 
1.92188289726961e-03 1.00000000000000e+05 
2.00657119699159e-03 1.00000000000000e+05 
2.09162305295659e-03 1.00000000000000e+05 
2.17906153931523e-03 1.00000000000000e+05 
2.26878012067939e-03 1.00000000000000e+05 
2.36139034121158e-03 1.00000000000000e+05 
2.45544301565512e-03 1.00000000000000e+05 
2.55000502676103e-03 1.00000000000000e+05 
2.64574575067967e-03 1.00000000000000e+05 
2.74262046365838e-03 1.00000000000000e+05 
2.84159136869012e-03 1.00000000000000e+05 
2.94110183631113e-03 1.00000000000000e+05 
3.04533802178621e-03 1.00000000000000e+05 
3.15017282662213e-03 1.00000000000000e+05 
3.25589391191941e-03 1.00000000000000e+05 
3.36217754548385e-03 1.00000000000000e+05 
3.47006932306606e-03 1.00000000000000e+05 
3.58012261142247e-03 1.00000000000000e+05 
3.69315473440932e-03 1.00000000000000e+05 
3.80787660362186e-03 1.00000000000000e+05 
3.92390948294507e-03 1.00000000000000e+05 
4.04118589871657e-03 1.00000000000000e+05 
4.15869295848701e-03 1.00000000000000e+05 
4.27738051675662e-03 1.00000000000000e+05 
4.39755733300024e-03 1.00000000000000e+05 
4.51918057204823e-03 1.00000000000000e+05 
4.64258422260636e-03 1.00000000000000e+05 
4.76754987674989e-03 1.00000000000000e+05 
4.89480798342468e-03 1.00000000000000e+05 
5.02380998071494e-03 1.00000000000000e+05 
5.15445654105431e-03 1.00000000000000e+05 
5.28667594740504e-03 1.00000000000000e+05 
5.42077901877579e-03 1.00000000000000e+05 
5.55639576791264e-03 1.00000000000000e+05 
5.69397046260701e-03 1.00000000000000e+05 
5.82900970910338e-03 1.00000000000000e+05 
5.96531652030830e-03 1.00000000000000e+05 
6.10303782986034e-03 1.00000000000000e+05 
6.24277323672707e-03 1.00000000000000e+05 
6.37784378629263e-03 1.00000000000000e+05 
6.51468482146505e-03 1.00000000000000e+05 
6.65042656307662e-03 1.00000000000000e+05 
6.78775626902989e-03 1.00000000000000e+05 
6.92728052203061e-03 1.00000000000000e+05 
7.06736195528792e-03 1.00000000000000e+05 
7.20216342383938e-03 1.00000000000000e+05 
7.34149729907948e-03 1.00000000000000e+05 
7.47675890362890e-03 1.00000000000000e+05 
7.61638620540705e-03 1.00000000000000e+05 
7.75800674749462e-03 1.00000000000000e+05 
7.89743696523811e-03 1.00000000000000e+05 
8.03379936898277e-03 1.00000000000000e+05 
8.17209460997528e-03 1.00000000000000e+05 
8.30936998233723e-03 1.00000000000000e+05 
8.44917758021031e-03 1.00000000000000e+05 
8.59008913572111e-03 1.00000000000000e+05 
8.73071154621187e-03 1.00000000000000e+05 
8.87070275175322e-03 1.00000000000000e+05 
9.01121962523730e-03 1.00000000000000e+05 
9.15194713857049e-03 1.00000000000000e+05 
9.29263127504290e-03 1.00000000000000e+05 
9.43391756902654e-03 1.00000000000000e+05 
9.57562097856107e-03 1.00000000000000e+05 
9.71828400644923e-03 1.00000000000000e+05 
9.86143036534039e-03 1.00000000000000e+05 
1.00059207300457e-02 1.00000000000000e+05 
1.01516104907500e-02 1.00000000000000e+05 
1.02978917045329e-02 1.00000000000000e+05 
1.04444454438778e-02 1.00000000000000e+05 
1.05913271013230e-02 1.00000000000000e+05 
1.07385068947882e-02 1.00000000000000e+05 
1.08860300561517e-02 1.00000000000000e+05 
1.10335688765811e-02 1.00000000000000e+05 
1.11811871835096e-02 1.00000000000000e+05 
1.13288449132399e-02 1.00000000000000e+05 
1.14765136101745e-02 1.00000000000000e+05 
1.16242948045916e-02 1.00000000000000e+05 
1.17721664519344e-02 1.00000000000000e+05 
1.19201777788925e-02 1.00000000000000e+05 
1.20683548923881e-02 1.00000000000000e+05 
1.22166775796502e-02 1.00000000000000e+05 
1.23651196658719e-02 1.00000000000000e+05 
1.25137245966551e-02 1.00000000000000e+05 
1.26624714548352e-02 1.00000000000000e+05 
1.28096436242787e-02 1.00000000000000e+05 
1.29568090313182e-02 1.00000000000000e+05 
1.31039115885274e-02 1.00000000000000e+05 
1.32509973308827e-02 1.00000000000000e+05 
1.33980047964530e-02 1.00000000000000e+05 
1.35448788551185e-02 1.00000000000000e+05 
1.36915172413066e-02 1.00000000000000e+05 
1.38380712888782e-02 1.00000000000000e+05 
1.39848825419318e-02 1.00000000000000e+05 
1.41320005793755e-02 1.00000000000000e+05 
1.42794562857012e-02 1.00000000000000e+05 
1.44272542188342e-02 1.00000000000000e+05 
1.45753266424708e-02 1.00000000000000e+05 
1.47236831242476e-02 1.00000000000000e+05 
1.48724168486032e-02 1.00000000000000e+05 
1.50215976293402e-02 1.00000000000000e+05 
1.51712675742803e-02 1.00000000000000e+05 
1.53214660093309e-02 1.00000000000000e+05 
1.54721949963985e-02 1.00000000000000e+05 
1.56235904094906e-02 1.00000000000000e+05 
1.57756785607671e-02 1.00000000000000e+05 
1.59280311065767e-02 1.00000000000000e+05 
1.60818083146212e-02 1.00000000000000e+05 
1.62347898288826e-02 1.00000000000000e+05 
1.63895361921485e-02 1.00000000000000e+05 
1.65444405231683e-02 1.00000000000000e+05 
1.66995324556376e-02 1.00000000000000e+05 
1.68537907167289e-02 1.00000000000000e+05 
1.70081544452932e-02 1.00000000000000e+05 
1.71612939346373e-02 1.00000000000000e+05 
1.73160162020628e-02 1.00000000000000e+05 
1.74690298765778e-02 1.00000000000000e+05 
1.76214732402616e-02 1.00000000000000e+05 
1.77704030337201e-02 1.00000000000000e+05 
1.79207827352685e-02 1.00000000000000e+05 
1.80699987492012e-02 1.00000000000000e+05 
1.82224619266766e-02 1.00000000000000e+05 
1.83776050389626e-02 1.00000000000000e+05 
1.85313162025810e-02 1.00000000000000e+05 
1.86806685826393e-02 1.00000000000000e+05 
1.88315784293332e-02 1.00000000000000e+05 
1.89813339658796e-02 1.00000000000000e+05 
1.91333602986656e-02 1.00000000000000e+05 
1.92872642295359e-02 1.00000000000000e+05 
1.94410948075745e-02 1.00000000000000e+05 
1.95915410058038e-02 1.00000000000000e+05 
1.97439880826181e-02 1.00000000000000e+05 
1.98949138182607e-02 1.00000000000000e+05 
2.00478838796271e-02 1.00000000000000e+05 
2.02018838423201e-02 1.00000000000000e+05 
2.03559230823319e-02 1.00000000000000e+05 
2.05081402552827e-02 1.00000000000000e+05 
2.06626844448089e-02 1.00000000000000e+05 
2.08160971218522e-02 1.00000000000000e+05 
2.09716646212299e-02 1.00000000000000e+05 
2.11275434572728e-02 1.00000000000000e+05 
2.12835954094080e-02 1.00000000000000e+05 
2.14404124128244e-02 1.00000000000000e+05 
2.15968255122193e-02 1.00000000000000e+05 
2.17531309741615e-02 1.00000000000000e+05 
2.19095514711953e-02 1.00000000000000e+05 
2.20670455419626e-02 1.00000000000000e+05 
2.22240207560044e-02 1.00000000000000e+05 
2.23766089696542e-02 1.00000000000000e+05 
2.25307925987077e-02 1.00000000000000e+05 
2.26840191266417e-02 1.00000000000000e+05 
2.28400044832724e-02 1.00000000000000e+05 
2.29972081619161e-02 1.00000000000000e+05 
2.31548855877037e-02 1.00000000000000e+05 
2.33093451213329e-02 1.00000000000000e+05 
2.34657049145281e-02 1.00000000000000e+05 
2.36206601567112e-02 1.00000000000000e+05 
2.37782569309273e-02 1.00000000000000e+05 
2.39381952922260e-02 1.00000000000000e+05 
2.40986824807644e-02 1.00000000000000e+05 
2.42552986467063e-02 1.00000000000000e+05 
2.44146387255162e-02 1.00000000000000e+05 
2.45724223293025e-02 1.00000000000000e+05 
2.47336605984746e-02 1.00000000000000e+05 
2.48971697776965e-02 1.00000000000000e+05 
2.50608289984268e-02 1.00000000000000e+05 
2.52225899583420e-02 1.00000000000000e+05 
2.53872142422254e-02 1.00000000000000e+05 
2.55402134739934e-02 1.00000000000000e+05 
2.56958310693927e-02 1.00000000000000e+05 
2.58530003559238e-02 1.00000000000000e+05 
2.60100038354990e-02 1.00000000000000e+05 
2.61635051307612e-02 1.00000000000000e+05 
2.63179633091250e-02 1.00000000000000e+05 
2.64713643669742e-02 1.00000000000000e+05 
2.66264929151599e-02 1.00000000000000e+05 
2.67831885411892e-02 1.00000000000000e+05 
2.69399565753704e-02 1.00000000000000e+05 
2.70938173553821e-02 1.00000000000000e+05 
2.72491537619340e-02 1.00000000000000e+05 
2.74031381148295e-02 1.00000000000000e+05 
2.75585813773265e-02 1.00000000000000e+05 
2.77156485586030e-02 1.00000000000000e+05 
2.78728602993414e-02 1.00000000000000e+05 
2.80270068095589e-02 1.00000000000000e+05 
2.81826694351431e-02 1.00000000000000e+05 
2.83371305896629e-02 1.00000000000000e+05 
2.84936179956855e-02 1.00000000000000e+05 
2.86517852892370e-02 1.00000000000000e+05 
2.88103877434943e-02 1.00000000000000e+05 
2.89655126345211e-02 1.00000000000000e+05 
2.91226266834844e-02 1.00000000000000e+05 
2.92787539148055e-02 1.00000000000000e+05 
2.94378295615133e-02 1.00000000000000e+05 
2.96000581596592e-02 1.00000000000000e+05 
2.97627879027114e-02 1.00000000000000e+05 
2.99221804527807e-02 1.00000000000000e+05 
3.00835527011854e-02 1.00000000000000e+05 
3.02436622697110e-02 1.00000000000000e+05 
3.04060886710226e-02 1.00000000000000e+05 
3.05705368917869e-02 1.00000000000000e+05 
3.07356176805167e-02 1.00000000000000e+05 
3.08969032826002e-02 1.00000000000000e+05 
3.10652743721133e-02 1.00000000000000e+05 
3.12275220599826e-02 1.00000000000000e+05 
3.13983642245607e-02 1.00000000000000e+05 
3.15684514455821e-02 1.00000000000000e+05 
3.17405606127607e-02 1.00000000000000e+05 
3.19074538178172e-02 1.00000000000000e+05 
3.20781091594317e-02 1.00000000000000e+05 
3.22476093983952e-02 1.00000000000000e+05 
3.24196656433100e-02 1.00000000000000e+05 
3.25933423422932e-02 1.00000000000000e+05 
3.27684742783067e-02 1.00000000000000e+05 
3.29399988923157e-02 1.00000000000000e+05 
3.31150785744181e-02 1.00000000000000e+05 
3.32867703173387e-02 1.00000000000000e+05 
3.34640590690033e-02 1.00000000000000e+05 
3.36416881204258e-02 1.00000000000000e+05 
3.38192978776067e-02 1.00000000000000e+05 
3.39944295529861e-02 1.00000000000000e+05 
3.41706625496078e-02 1.00000000000000e+05 
3.43452755907794e-02 1.00000000000000e+05 
3.45228541154431e-02 1.00000000000000e+05 
3.47006968647476e-02 1.00000000000000e+05 
3.48786116371873e-02 1.00000000000000e+05 
3.50537123452671e-02 1.00000000000000e+05 
3.52320123614536e-02 1.00000000000000e+05 
3.54066046165718e-02 1.00000000000000e+05 
3.55850957983635e-02 1.00000000000000e+05 
3.57631105464853e-02 1.00000000000000e+05 
3.59419704007513e-02 1.00000000000000e+05 
3.61202726322132e-02 1.00000000000000e+05 
3.62998985378205e-02 1.00000000000000e+05 
3.64801032870325e-02 1.00000000000000e+05 
3.66616539564983e-02 1.00000000000000e+05 
3.68434212902578e-02 1.00000000000000e+05 
3.70251466574705e-02 1.00000000000000e+05 
3.72068697321094e-02 1.00000000000000e+05 
3.73893386008430e-02 1.00000000000000e+05 
3.75722282978657e-02 1.00000000000000e+05 
3.77552390517240e-02 1.00000000000000e+05 
3.79389439666980e-02 1.00000000000000e+05 
3.81232383476532e-02 1.00000000000000e+05 
3.83081422910017e-02 1.00000000000000e+05 
3.84944859167431e-02 1.00000000000000e+05 
3.86811965816916e-02 1.00000000000000e+05 
3.88679176050205e-02 1.00000000000000e+05 
3.90553378249887e-02 1.00000000000000e+05 
3.92380157989176e-02 1.00000000000000e+05 
3.94201155200921e-02 1.00000000000000e+05 
3.96022379559023e-02 1.00000000000000e+05 
3.97843214581108e-02 1.00000000000000e+05 
3.99663793683024e-02 1.00000000000000e+05 
4.01484525285055e-02 1.00000000000000e+05 
4.03304952734714e-02 1.00000000000000e+05 
4.05124541603051e-02 1.00000000000000e+05 
4.06944177676622e-02 1.00000000000000e+05 
4.08763181851361e-02 1.00000000000000e+05 
4.10581832232342e-02 1.00000000000000e+05 
4.12400895770011e-02 1.00000000000000e+05 
4.14220511900809e-02 1.00000000000000e+05 
4.16039853819066e-02 1.00000000000000e+05 
4.17859861232481e-02 1.00000000000000e+05 
4.19680029705953e-02 1.00000000000000e+05 
4.21500768127719e-02 1.00000000000000e+05 
4.23322897529335e-02 1.00000000000000e+05 
4.25146467045012e-02 1.00000000000000e+05 
4.26971094386815e-02 1.00000000000000e+05 
4.28797770164382e-02 1.00000000000000e+05 
4.30626012785600e-02 1.00000000000000e+05 
4.32454456804360e-02 1.00000000000000e+05 
4.34283195861976e-02 1.00000000000000e+05 
4.36111437738614e-02 1.00000000000000e+05 
4.37929520703886e-02 1.00000000000000e+05 
4.39757039131153e-02 1.00000000000000e+05 
4.41583237176083e-02 1.00000000000000e+05 
4.43408361929129e-02 1.00000000000000e+05 
4.45232977493936e-02 1.00000000000000e+05 
4.47056887577565e-02 1.00000000000000e+05 
4.48880284458573e-02 1.00000000000000e+05 
4.50703975373866e-02 1.00000000000000e+05 
4.52518415614424e-02 1.00000000000000e+05 
4.54340348508445e-02 1.00000000000000e+05 
4.56161805864512e-02 1.00000000000000e+05 
4.57983477522809e-02 1.00000000000000e+05 
4.59808480214601e-02 1.00000000000000e+05 
4.61637507801282e-02 1.00000000000000e+05 
4.63470781405922e-02 1.00000000000000e+05 
4.65308654513574e-02 1.00000000000000e+05 
4.67151888281523e-02 1.00000000000000e+05 
4.69001402064791e-02 1.00000000000000e+05 
4.70859295338215e-02 1.00000000000000e+05 
4.72725824870418e-02 1.00000000000000e+05 
4.74601688836492e-02 1.00000000000000e+05 
4.76488265185385e-02 1.00000000000000e+05 
4.78385957063866e-02 1.00000000000000e+05 
4.80295632898559e-02 1.00000000000000e+05 
4.82130341537579e-02 1.00000000000000e+05 
4.84062101764848e-02 1.00000000000000e+05 
4.85928451284826e-02 1.00000000000000e+05 
4.87818283032928e-02 1.00000000000000e+05 
4.89706847237784e-02 1.00000000000000e+05 
4.91594960520553e-02 1.00000000000000e+05 
4.93481431292193e-02 1.00000000000000e+05 
4.95368053502037e-02 1.00000000000000e+05 
4.97248058746561e-02 1.00000000000000e+05 
4.99130349812891e-02 1.00000000000000e+05 
5.01013586160797e-02 1.00000000000000e+05 
5.02897590179013e-02 1.00000000000000e+05 
5.04782012993867e-02 1.00000000000000e+05 
5.06667189558513e-02 1.00000000000000e+05 
5.08552935375405e-02 1.00000000000000e+05 
5.10439643112446e-02 1.00000000000000e+05 
5.12326883090606e-02 1.00000000000000e+05 
5.14214248225409e-02 1.00000000000000e+05 
5.16101240554528e-02 1.00000000000000e+05 
5.17988242571446e-02 1.00000000000000e+05 
5.19875068160717e-02 1.00000000000000e+05 
5.21762360612377e-02 1.00000000000000e+05 
5.23650220516880e-02 1.00000000000000e+05 
5.25538400917469e-02 1.00000000000000e+05 
5.27426629464908e-02 1.00000000000000e+05 
5.29315523447595e-02 1.00000000000000e+05 
5.31204726486454e-02 1.00000000000000e+05 
5.33094907745490e-02 1.00000000000000e+05 
5.34986686518775e-02 1.00000000000000e+05 
5.36879676501310e-02 1.00000000000000e+05 
5.38774261318190e-02 1.00000000000000e+05 
5.40669520666442e-02 1.00000000000000e+05 
5.42563859997187e-02 1.00000000000000e+05 
5.44457792452809e-02 1.00000000000000e+05 
5.46351395980042e-02 1.00000000000000e+05 
5.48243608122108e-02 1.00000000000000e+05 
5.50133784193044e-02 1.00000000000000e+05 
5.52022449877709e-02 1.00000000000000e+05 
5.53909364928827e-02 1.00000000000000e+05 
5.55795863115144e-02 1.00000000000000e+05 
5.57682762741565e-02 1.00000000000000e+05 
5.59569272165884e-02 1.00000000000000e+05 
5.61456425608025e-02 1.00000000000000e+05 
5.63345401778979e-02 1.00000000000000e+05 
5.65235533702323e-02 1.00000000000000e+05 
5.67123058710512e-02 1.00000000000000e+05 
5.69011712700514e-02 1.00000000000000e+05 
5.70905831464422e-02 1.00000000000000e+05 
5.72805884715714e-02 1.00000000000000e+05 
5.74712000647074e-02 1.00000000000000e+05 
5.76624024353581e-02 1.00000000000000e+05 
5.78541817883977e-02 1.00000000000000e+05 
5.80465552197208e-02 1.00000000000000e+05 
5.82396951079286e-02 1.00000000000000e+05 
5.84338933887564e-02 1.00000000000000e+05 
5.86292182768959e-02 1.00000000000000e+05 
5.88257376307959e-02 1.00000000000000e+05 
5.90224989685386e-02 1.00000000000000e+05 
5.92192468147978e-02 1.00000000000000e+05 
5.94160257664131e-02 1.00000000000000e+05 
5.96117702888311e-02 1.00000000000000e+05 
5.98076102121283e-02 1.00000000000000e+05 
6.00024973390600e-02 1.00000000000000e+05 
6.01982844431070e-02 1.00000000000000e+05 
6.03939157845239e-02 1.00000000000000e+05 
6.05895631600585e-02 1.00000000000000e+05 
6.07852163931592e-02 1.00000000000000e+05 
6.09808675761360e-02 1.00000000000000e+05 
6.11765544228130e-02 1.00000000000000e+05 
6.13723362184089e-02 1.00000000000000e+05 
6.15681131996759e-02 1.00000000000000e+05 
6.17638678460169e-02 1.00000000000000e+05 
6.19595842962944e-02 1.00000000000000e+05 
6.21552219697982e-02 1.00000000000000e+05 
6.23508815062618e-02 1.00000000000000e+05 
6.25466376836203e-02 1.00000000000000e+05 
6.27425213542113e-02 1.00000000000000e+05 
6.29385431906742e-02 1.00000000000000e+05 
6.31346455969002e-02 1.00000000000000e+05 
6.33308936066210e-02 1.00000000000000e+05 
6.35272471231890e-02 1.00000000000000e+05 
6.37237573969235e-02 1.00000000000000e+05 
6.39204394177114e-02 1.00000000000000e+05 
6.41172548409528e-02 1.00000000000000e+05 
6.43141956085625e-02 1.00000000000000e+05 
6.45112430301233e-02 1.00000000000000e+05 
6.47081530224368e-02 1.00000000000000e+05 
6.49049847691048e-02 1.00000000000000e+05 
6.51017070386779e-02 1.00000000000000e+05 
6.52982625200093e-02 1.00000000000000e+05 
6.54946821284812e-02 1.00000000000000e+05 
6.56910449743700e-02 1.00000000000000e+05 
6.58872882703673e-02 1.00000000000000e+05 
6.60835132823987e-02 1.00000000000000e+05 
6.62795401490261e-02 1.00000000000000e+05 
6.64753459328032e-02 1.00000000000000e+05 
6.66711977350354e-02 1.00000000000000e+05 
6.68671769932015e-02 1.00000000000000e+05 
6.70633194298450e-02 1.00000000000000e+05 
6.72596263340645e-02 1.00000000000000e+05 
6.74566636389503e-02 1.00000000000000e+05 
6.76545298851829e-02 1.00000000000000e+05 
6.78535049853394e-02 1.00000000000000e+05 
6.80528278829496e-02 1.00000000000000e+05 
6.82522687500620e-02 1.00000000000000e+05 
6.84520381412046e-02 1.00000000000000e+05 
6.86523482702572e-02 1.00000000000000e+05 
6.88531946029463e-02 1.00000000000000e+05 
6.90547774641445e-02 1.00000000000000e+05 
6.92570388178587e-02 1.00000000000000e+05 
6.94599013097071e-02 1.00000000000000e+05 
6.96633137746200e-02 1.00000000000000e+05 
6.98672315193837e-02 1.00000000000000e+05 
7.00718625934541e-02 1.00000000000000e+05 
7.02751741784489e-02 1.00000000000000e+05 
7.04796608519918e-02 1.00000000000000e+05 
7.06841690381974e-02 1.00000000000000e+05 
7.08876525719589e-02 1.00000000000000e+05 
7.10911906874047e-02 1.00000000000000e+05 
7.12947535253659e-02 1.00000000000000e+05 
7.14982858105158e-02 1.00000000000000e+05 
7.17017684612284e-02 1.00000000000000e+05 
7.19052482917870e-02 1.00000000000000e+05 
7.21087193036691e-02 1.00000000000000e+05 
7.23120686087033e-02 1.00000000000000e+05 
7.25153496926814e-02 1.00000000000000e+05 
7.27185061701832e-02 1.00000000000000e+05 
7.29216561548284e-02 1.00000000000000e+05 
7.31248639749556e-02 1.00000000000000e+05 
7.33281633295558e-02 1.00000000000000e+05 
7.35316297087563e-02 1.00000000000000e+05 
7.37352334959655e-02 1.00000000000000e+05 
7.39389655706523e-02 1.00000000000000e+05 
7.41428853166172e-02 1.00000000000000e+05 
7.43470085182320e-02 1.00000000000000e+05 
7.45513711319926e-02 1.00000000000000e+05 
7.47557864982780e-02 1.00000000000000e+05 
7.49600520982112e-02 1.00000000000000e+05 
7.51642776830797e-02 1.00000000000000e+05 
7.53684494157917e-02 1.00000000000000e+05 
7.55725182792702e-02 1.00000000000000e+05 
7.57764076706824e-02 1.00000000000000e+05 
7.59802771105551e-02 1.00000000000000e+05 
7.61839775646600e-02 1.00000000000000e+05 
7.63876638771878e-02 1.00000000000000e+05 
7.65914038702288e-02 1.00000000000000e+05 
7.67950093171150e-02 1.00000000000000e+05 
7.69981746521669e-02 1.00000000000000e+05 
7.72015429116884e-02 1.00000000000000e+05 
7.74050336026675e-02 1.00000000000000e+05 
7.76093021792138e-02 1.00000000000000e+05 
7.78147088011907e-02 1.00000000000000e+05 
7.80202262738217e-02 1.00000000000000e+05 
7.82256157105720e-02 1.00000000000000e+05 
7.84310498883676e-02 1.00000000000000e+05 
7.86364778639580e-02 1.00000000000000e+05 
7.88419881127022e-02 1.00000000000000e+05 
7.90476908193894e-02 1.00000000000000e+05 
7.92536010823867e-02 1.00000000000000e+05 
7.94599034153258e-02 1.00000000000000e+05 
7.96669405451566e-02 1.00000000000000e+05 
7.98745210336730e-02 1.00000000000000e+05 
8.00820338150045e-02 1.00000000000000e+05 
8.02894467673286e-02 1.00000000000000e+05 
8.04968016739804e-02 1.00000000000000e+05 
8.07041040042570e-02 1.00000000000000e+05 
8.09113922326858e-02 1.00000000000000e+05 
8.11186731753960e-02 1.00000000000000e+05 
8.13259247781020e-02 1.00000000000000e+05 
8.15331162244133e-02 1.00000000000000e+05 
8.17402799132769e-02 1.00000000000000e+05 
8.19474068839953e-02 1.00000000000000e+05 
8.21545354638567e-02 1.00000000000000e+05 
8.23616697850334e-02 1.00000000000000e+05 
8.25687937471655e-02 1.00000000000000e+05 
8.27758707042319e-02 1.00000000000000e+05 
8.29829304289536e-02 1.00000000000000e+05 
8.31899670774181e-02 1.00000000000000e+05 
8.33970188117836e-02 1.00000000000000e+05 
8.36040932550758e-02 1.00000000000000e+05 
8.38111823161491e-02 1.00000000000000e+05 
8.40182479841991e-02 1.00000000000000e+05 
8.42253154894068e-02 1.00000000000000e+05 
8.44323735587704e-02 1.00000000000000e+05 
8.46394565684309e-02 1.00000000000000e+05 
8.48465721032003e-02 1.00000000000000e+05 
8.50537125086063e-02 1.00000000000000e+05 
8.52608454252464e-02 1.00000000000000e+05 
8.54679978062001e-02 1.00000000000000e+05 
8.56751653850451e-02 1.00000000000000e+05 
8.58823820735470e-02 1.00000000000000e+05 
8.60896540419800e-02 1.00000000000000e+05 
8.62969713460042e-02 1.00000000000000e+05 
8.65043022489500e-02 1.00000000000000e+05 
8.67116712778680e-02 1.00000000000000e+05 
8.69190717486382e-02 1.00000000000000e+05 
8.71265371490943e-02 1.00000000000000e+05 
8.73340758683494e-02 1.00000000000000e+05 
8.75416823748466e-02 1.00000000000000e+05 
8.77493258696635e-02 1.00000000000000e+05 
8.79570335863792e-02 1.00000000000000e+05 
8.81647941966810e-02 1.00000000000000e+05 
8.83726324270544e-02 1.00000000000000e+05 
8.85805182385301e-02 1.00000000000000e+05 
8.87884516087101e-02 1.00000000000000e+05 
8.89963845626519e-02 1.00000000000000e+05 
8.92043424313488e-02 1.00000000000000e+05 
8.94123004865909e-02 1.00000000000000e+05 
8.96202794603950e-02 1.00000000000000e+05 
8.98283022918426e-02 1.00000000000000e+05 
9.00363626186937e-02 1.00000000000000e+05 
9.02444252424486e-02 1.00000000000000e+05 
9.04525161803261e-02 1.00000000000000e+05 
9.06606180300900e-02 1.00000000000000e+05 
9.08687534348119e-02 1.00000000000000e+05 
9.10769461904719e-02 1.00000000000000e+05 
9.12851876592698e-02 1.00000000000000e+05 
9.14934473422403e-02 1.00000000000000e+05 
9.17017468372054e-02 1.00000000000000e+05 
9.19100639119992e-02 1.00000000000000e+05 
9.21184175699300e-02 1.00000000000000e+05 
9.23268266525756e-02 1.00000000000000e+05 
9.25352707007166e-02 1.00000000000000e+05 
9.27437285354977e-02 1.00000000000000e+05 
9.29522159969370e-02 1.00000000000000e+05 
9.31607188589799e-02 1.00000000000000e+05 
9.33692648390248e-02 1.00000000000000e+05 
9.35778807745676e-02 1.00000000000000e+05 
9.37865550287055e-02 1.00000000000000e+05 
9.39952768068841e-02 1.00000000000000e+05 
9.42040738726962e-02 1.00000000000000e+05 
9.44129330150077e-02 1.00000000000000e+05 
9.46218707571370e-02 1.00000000000000e+05 
9.48309140527789e-02 1.00000000000000e+05 
9.50400547713997e-02 1.00000000000000e+05 
9.52492690666198e-02 1.00000000000000e+05 
9.54585820583643e-02 1.00000000000000e+05 
9.56679677322953e-02 1.00000000000000e+05 
9.58774304858478e-02 1.00000000000000e+05 
9.60869932072479e-02 1.00000000000000e+05 
9.62966356172002e-02 1.00000000000000e+05 
9.65063429322742e-02 1.00000000000000e+05 
9.67161377211870e-02 1.00000000000000e+05 
9.69260092632091e-02 1.00000000000000e+05 
9.71359719951263e-02 1.00000000000000e+05 
9.73460469478627e-02 1.00000000000000e+05 
9.75562178147181e-02 1.00000000000000e+05 
9.77664756866172e-02 1.00000000000000e+05 
9.79768365748837e-02 1.00000000000000e+05 
9.81872829006872e-02 1.00000000000000e+05 
9.83978291218792e-02 1.00000000000000e+05 
9.86084963467669e-02 1.00000000000000e+05 
9.88192675961732e-02 1.00000000000000e+05 
9.90301327409178e-02 1.00000000000000e+05 
9.92411066693077e-02 1.00000000000000e+05 
9.94521687593274e-02 1.00000000000000e+05 
9.96633307582843e-02 1.00000000000000e+05 
9.98746127590202e-02 1.00000000000000e+05 
1.00085997241323e-01 1.00000000000000e+05 
1.00297473329579e-01 1.00000000000000e+05 
1.00509052118201e-01 1.00000000000000e+05 
1.00720701074636e-01 1.00000000000000e+05 
1.00932418837507e-01 1.00000000000000e+05 
1.01144234624896e-01 1.00000000000000e+05 
1.01356129737475e-01 1.00000000000000e+05 
1.01568083113591e-01 1.00000000000000e+05 
1.01780120759962e-01 1.00000000000000e+05 
1.01992226002771e-01 1.00000000000000e+05 
1.02204397765900e-01 1.00000000000000e+05 
1.02416666079503e-01 1.00000000000000e+05 
1.02629016296904e-01 1.00000000000000e+05 
1.02841423845644e-01 1.00000000000000e+05 
1.03053895382769e-01 1.00000000000000e+05 
1.03266368877996e-01 1.00000000000000e+05 
1.03478868557538e-01 1.00000000000000e+05 
1.03691394185510e-01 1.00000000000000e+05 
1.03903944341139e-01 1.00000000000000e+05 
1.04116511030650e-01 1.00000000000000e+05 
1.04329087016947e-01 1.00000000000000e+05 
1.04541660760134e-01 1.00000000000000e+05 
1.04754254496423e-01 1.00000000000000e+05 
1.04966869070519e-01 1.00000000000000e+05 
1.05179502025832e-01 1.00000000000000e+05 
1.05392145789773e-01 1.00000000000000e+05 
1.05604796567031e-01 1.00000000000000e+05 
1.05817444719860e-01 1.00000000000000e+05 
1.06030109365858e-01 1.00000000000000e+05 
1.06242792174426e-01 1.00000000000000e+05 
1.06455491481303e-01 1.00000000000000e+05 
1.06668198187378e-01 1.00000000000000e+05 
1.06880910660455e-01 1.00000000000000e+05 
1.07093619956631e-01 1.00000000000000e+05 
1.07306341697309e-01 1.00000000000000e+05 
1.07519076967974e-01 1.00000000000000e+05 
1.07731821908878e-01 1.00000000000000e+05 
1.07944568064138e-01 1.00000000000000e+05 
1.08157315416251e-01 1.00000000000000e+05 
1.08370057273784e-01 1.00000000000000e+05 
1.08582807007092e-01 1.00000000000000e+05 
1.08795566271740e-01 1.00000000000000e+05 
1.09008330593515e-01 1.00000000000000e+05 
1.09221092156262e-01 1.00000000000000e+05 
1.09433853322927e-01 1.00000000000000e+05 
1.09646609250246e-01 1.00000000000000e+05 
1.09859371113376e-01 1.00000000000000e+05 
1.10072140778531e-01 1.00000000000000e+05 
1.10284910952522e-01 1.00000000000000e+05 
1.10497664386198e-01 1.00000000000000e+05 
1.10710385553405e-01 1.00000000000000e+05 
1.10923058283002e-01 1.00000000000000e+05 
1.11135688285819e-01 1.00000000000000e+05 
1.11348289172239e-01 1.00000000000000e+05 
1.11560866349067e-01 1.00000000000000e+05 
1.11773423629218e-01 1.00000000000000e+05 
1.11985987425595e-01 1.00000000000000e+05 
1.12198562074735e-01 1.00000000000000e+05 
1.12411147297740e-01 1.00000000000000e+05 
1.12623757377134e-01 1.00000000000000e+05 
1.12836381665772e-01 1.00000000000000e+05 
1.13049001644625e-01 1.00000000000000e+05 
1.13261633570283e-01 1.00000000000000e+05 
1.13474272102576e-01 1.00000000000000e+05 
1.13686909747049e-01 1.00000000000000e+05 
1.13899560439921e-01 1.00000000000000e+05 
1.14112211816842e-01 1.00000000000000e+05 
1.14324850953420e-01 1.00000000000000e+05 
1.14537494675825e-01 1.00000000000000e+05 
1.14750141953773e-01 1.00000000000000e+05 
1.14962788434001e-01 1.00000000000000e+05 
1.15175448163108e-01 1.00000000000000e+05 
1.15388109947343e-01 1.00000000000000e+05 
1.15600763629985e-01 1.00000000000000e+05 
1.15813424859313e-01 1.00000000000000e+05 
1.16026093864638e-01 1.00000000000000e+05 
1.16238766184184e-01 1.00000000000000e+05 
1.16451453904099e-01 1.00000000000000e+05 
1.16664145589222e-01 1.00000000000000e+05 
1.16876832791999e-01 1.00000000000000e+05 
1.17089528679002e-01 1.00000000000000e+05 
1.17302234003356e-01 1.00000000000000e+05 
1.17514945848877e-01 1.00000000000000e+05 
1.17727674656686e-01 1.00000000000000e+05 
1.17940409533547e-01 1.00000000000000e+05 
1.18153142733131e-01 1.00000000000000e+05 
1.18365888311915e-01 1.00000000000000e+05 
1.18578648272042e-01 1.00000000000000e+05 
1.18791418167459e-01 1.00000000000000e+05 
1.19004207250774e-01 1.00000000000000e+05 
1.19217007015926e-01 1.00000000000000e+05 
1.19429807954778e-01 1.00000000000000e+05 
1.19642623207814e-01 1.00000000000000e+05 
1.19855453944230e-01 1.00000000000000e+05 
1.20068294674710e-01 1.00000000000000e+05 
1.20281153234566e-01 1.00000000000000e+05 
1.20494022281841e-01 1.00000000000000e+05 
1.20706892413009e-01 1.00000000000000e+05 
1.20919776608639e-01 1.00000000000000e+05 
1.21132676673927e-01 1.00000000000000e+05 
1.21345586957781e-01 1.00000000000000e+05 
1.21558514532141e-01 1.00000000000000e+05 
1.21771452152203e-01 1.00000000000000e+05 
1.21984391627882e-01 1.00000000000000e+05 
1.22197344308818e-01 1.00000000000000e+05 
1.22410312298666e-01 1.00000000000000e+05 
1.22623291312186e-01 1.00000000000000e+05 
1.22836287983077e-01 1.00000000000000e+05 
1.23049294428929e-01 1.00000000000000e+05 
1.23262304270557e-01 1.00000000000000e+05 
1.23475327674875e-01 1.00000000000000e+05 
1.23688367589635e-01 1.00000000000000e+05 
1.23901420286853e-01 1.00000000000000e+05 
1.24114491863228e-01 1.00000000000000e+05 
1.24327574688396e-01 1.00000000000000e+05 
1.24540662893929e-01 1.00000000000000e+05 
1.24753765087036e-01 1.00000000000000e+05 
1.24966884211597e-01 1.00000000000000e+05 
1.25180017696335e-01 1.00000000000000e+05 
1.25393171108642e-01 1.00000000000000e+05 
1.25606336576493e-01 1.00000000000000e+05 
1.25819509622011e-01 1.00000000000000e+05 
1.26032698005695e-01 1.00000000000000e+05 
1.26245905462326e-01 1.00000000000000e+05 
1.26459130213856e-01 1.00000000000000e+05 
1.26672377601033e-01 1.00000000000000e+05 
1.26885641085675e-01 1.00000000000000e+05 
1.27098916399215e-01 1.00000000000000e+05 
1.27312211365219e-01 1.00000000000000e+05 
1.27525529763248e-01 1.00000000000000e+05 
1.27738869160560e-01 1.00000000000000e+05 
1.27952234282792e-01 1.00000000000000e+05 
1.28165620131508e-01 1.00000000000000e+05 
1.28379021212380e-01 1.00000000000000e+05 
1.28592445182779e-01 1.00000000000000e+05 
1.28805895465399e-01 1.00000000000000e+05 
1.29019368766721e-01 1.00000000000000e+05 
1.29232868936374e-01 1.00000000000000e+05 
1.29446390391887e-01 1.00000000000000e+05 
1.29659926300489e-01 1.00000000000000e+05 
1.29873480281852e-01 1.00000000000000e+05 
1.30087053120806e-01 1.00000000000000e+05 
1.30300641361500e-01 1.00000000000000e+05 
1.30514249300528e-01 1.00000000000000e+05 
1.30727877088286e-01 1.00000000000000e+05 
1.30941523965210e-01 1.00000000000000e+05 
1.31155201091978e-01 1.00000000000000e+05 
1.31368915573152e-01 1.00000000000000e+05 
1.31582665965358e-01 1.00000000000000e+05 
1.31796453126795e-01 1.00000000000000e+05 
1.32010275521277e-01 1.00000000000000e+05 
1.32224124847120e-01 1.00000000000000e+05 
1.32438006471343e-01 1.00000000000000e+05 
1.32651924209932e-01 1.00000000000000e+05 
1.32865873981871e-01 1.00000000000000e+05 
1.33079854648798e-01 1.00000000000000e+05 
1.33293863857921e-01 1.00000000000000e+05 
1.33507894548252e-01 1.00000000000000e+05 
1.33721951719011e-01 1.00000000000000e+05 
1.33936040352363e-01 1.00000000000000e+05 
1.34150157217286e-01 1.00000000000000e+05 
1.34364301532486e-01 1.00000000000000e+05 
1.34578470536886e-01 1.00000000000000e+05 
1.34792658299719e-01 1.00000000000000e+05 
1.35006869007751e-01 1.00000000000000e+05 
1.35221107696252e-01 1.00000000000000e+05 
1.35435371808746e-01 1.00000000000000e+05 
1.35649660610735e-01 1.00000000000000e+05 
1.35863969006195e-01 1.00000000000000e+05 
1.36078293373793e-01 1.00000000000000e+05 
1.36292635987881e-01 1.00000000000000e+05 
1.36507002896108e-01 1.00000000000000e+05 
1.36721393513011e-01 1.00000000000000e+05 
1.36935807608766e-01 1.00000000000000e+05 
1.37150239387435e-01 1.00000000000000e+05 
1.37364686725732e-01 1.00000000000000e+05 
1.37579151854605e-01 1.00000000000000e+05 
1.37793641466338e-01 1.00000000000000e+05 
1.38008155024651e-01 1.00000000000000e+05 
1.38222692383672e-01 1.00000000000000e+05 
1.38437248672460e-01 1.00000000000000e+05 
1.38651820637611e-01 1.00000000000000e+05 
1.38866410881244e-01 1.00000000000000e+05 
1.39081025530941e-01 1.00000000000000e+05 
1.39295663194709e-01 1.00000000000000e+05 
1.39510323131838e-01 1.00000000000000e+05 
1.39725000562736e-01 1.00000000000000e+05 
1.39939691856807e-01 1.00000000000000e+05 
1.40154399693518e-01 1.00000000000000e+05 
1.40369130589705e-01 1.00000000000000e+05 
1.40583882975991e-01 1.00000000000000e+05 
1.40798655809333e-01 1.00000000000000e+05 
1.41013444888710e-01 1.00000000000000e+05 
1.41228246240364e-01 1.00000000000000e+05 
1.41443062142709e-01 1.00000000000000e+05 
1.41657899412798e-01 1.00000000000000e+05 
1.41872757091710e-01 1.00000000000000e+05 
1.42087633808343e-01 1.00000000000000e+05 
1.42302524536770e-01 1.00000000000000e+05 
1.42517426342869e-01 1.00000000000000e+05 
1.42732340900323e-01 1.00000000000000e+05 
1.42947276022515e-01 1.00000000000000e+05 
1.43162231856187e-01 1.00000000000000e+05 
1.43377207002701e-01 1.00000000000000e+05 
1.43592196568038e-01 1.00000000000000e+05 
1.43807197303673e-01 1.00000000000000e+05 
1.44022210988761e-01 1.00000000000000e+05 
1.44237245390200e-01 1.00000000000000e+05 
1.44452300640825e-01 1.00000000000000e+05 
1.44667375194175e-01 1.00000000000000e+05 
1.44882464555492e-01 1.00000000000000e+05 
1.45097565471324e-01 1.00000000000000e+05 
1.45312679477120e-01 1.00000000000000e+05 
1.45527813946531e-01 1.00000000000000e+05 
1.45742969882712e-01 1.00000000000000e+05 
1.45958145535648e-01 1.00000000000000e+05 
1.46173336383493e-01 1.00000000000000e+05 
1.46388539989650e-01 1.00000000000000e+05 
1.46603756872245e-01 1.00000000000000e+05 
1.46818993958805e-01 1.00000000000000e+05 
1.47034253811075e-01 1.00000000000000e+05 
1.47249534594737e-01 1.00000000000000e+05 
1.47464831153143e-01 1.00000000000000e+05 
1.47680134398970e-01 1.00000000000000e+05 
1.47895435070448e-01 1.00000000000000e+05 
1.48090156596523e-01 1.00000000000000e+05 
1.48303689252203e-01 1.00000000000000e+05 
1.48519015950713e-01 1.00000000000000e+05 
1.48725249546834e-01 1.00000000000000e+05 
1.48940579986234e-01 1.00000000000000e+05 
1.49123171316990e-01 1.00000000000000e+05 
1.49317266675358e-01 1.00000000000000e+05 
1.49521023126163e-01 1.00000000000000e+05 
1.49724493183237e-01 1.00000000000000e+05 
1.49928511581305e-01 1.00000000000000e+05 
1.50140650357405e-01 1.00000000000000e+05 
1.50349534780677e-01 1.00000000000000e+05 
1.50564821277551e-01 1.00000000000000e+05 
1.50780103436914e-01 1.00000000000000e+05 
1.50995394099884e-01 1.00000000000000e+05 
1.51209368364178e-01 1.00000000000000e+05 
1.51424688993795e-01 1.00000000000000e+05 
1.51640024533658e-01 1.00000000000000e+05 
1.51855379250228e-01 1.00000000000000e+05 
1.52070744819800e-01 1.00000000000000e+05 
1.52286114013414e-01 1.00000000000000e+05 
1.52501477206226e-01 1.00000000000000e+05 
1.52716837383231e-01 1.00000000000000e+05 
1.52932197336997e-01 1.00000000000000e+05 
1.53147576632925e-01 1.00000000000000e+05 
1.53362984787324e-01 1.00000000000000e+05 
1.53578428313279e-01 1.00000000000000e+05 
1.53793913517430e-01 1.00000000000000e+05 
1.54009437233594e-01 1.00000000000000e+05 
1.54225000119100e-01 1.00000000000000e+05 
1.54440609795725e-01 1.00000000000000e+05 
1.54656263105571e-01 1.00000000000000e+05 
1.54871953186868e-01 1.00000000000000e+05 
1.55087676861963e-01 1.00000000000000e+05 
1.55303423939331e-01 1.00000000000000e+05 
1.55519190519124e-01 1.00000000001427e+05 
1.55734981483808e-01 1.00000000012108e+05 
1.55950795257082e-01 1.00000000035349e+05 
1.56166626011520e-01 1.00000000083715e+05 
1.56382472821273e-01 1.00000000279114e+05 
1.56598329465609e-01 1.00000000522911e+05 
1.56814193566800e-01 1.00000000815947e+05 
1.57030071395063e-01 1.00000001124622e+05 
1.57245965398320e-01 1.00000001455702e+05 
1.57461871582667e-01 1.00000001671434e+05 
1.57677790642139e-01 1.00000001991356e+05 
1.57893717689153e-01 1.00000002378029e+05 
1.58109649987227e-01 1.00000002607838e+05 
1.58325593653237e-01 1.00000002711805e+05 
1.58541553154159e-01 1.00000002812186e+05 
1.58757525110125e-01 1.00000002905479e+05 
1.58973510718706e-01 1.00000002995612e+05 
1.59189505974977e-01 1.00000003105913e+05 
1.59405507429036e-01 1.00000003217810e+05 
1.59621519937948e-01 1.00000003352409e+05 
1.59837548054077e-01 1.00000003524399e+05 
1.60053587439106e-01 1.00000003769280e+05 
1.60269637425156e-01 1.00000004087702e+05 
1.60485694352452e-01 1.00000004507172e+05 
1.60701752278189e-01 1.00000005112704e+05 
1.60917815208924e-01 1.00000006110570e+05 
1.61133889518311e-01 1.00000007627763e+05 
1.61349971088816e-01 1.00000009742281e+05 
1.61566058356739e-01 1.00000012602285e+05 
1.61782150558104e-01 1.00000016290878e+05 
1.61998240707406e-01 1.00000020904042e+05 
1.62214333255999e-01 1.00000026526375e+05 
1.62430436420196e-01 1.00000033252101e+05 
1.62646546645591e-01 1.00000041121316e+05 
1.62862662128716e-01 1.00000050128247e+05 
1.63078783769445e-01 1.00000060350565e+05 
1.63294902955258e-01 1.00000071746799e+05 
1.63511023842407e-01 1.00000084397058e+05 
1.63727156225784e-01 1.00000098372042e+05 
1.63943296673460e-01 1.00000113723815e+05 
1.64159441743090e-01 1.00000130374576e+05 
1.64375594885198e-01 1.00000148506983e+05 
1.64591745471435e-01 1.00000168198004e+05 
1.64807898194603e-01 1.00000189906790e+05 
1.65024064154464e-01 1.00000214067129e+05 
1.65240240088508e-01 1.00000241415353e+05 
1.65456422606658e-01 1.00000272386565e+05 
1.65672616455922e-01 1.00000308228439e+05 
1.65888811008960e-01 1.00000349982000e+05 
1.66105010244004e-01 1.00000399549627e+05 
1.66321224774628e-01 1.00000459318481e+05 
1.66537451586644e-01 1.00000531917368e+05 
1.66753688439955e-01 1.00000619914828e+05 
1.66969938868243e-01 1.00000727087539e+05 
1.67186192841986e-01 1.00000856869996e+05 
1.67402452664086e-01 1.00001015228335e+05 
1.67618727536925e-01 1.00001209674369e+05 
1.67835014460272e-01 1.00001444787803e+05 
1.68051311883912e-01 1.00001726055174e+05 
1.68267622241275e-01 1.00002063030230e+05 
1.68483936371698e-01 1.00002464272401e+05 
1.68700255163872e-01 1.00002943167038e+05 
1.68916586617655e-01 1.00003512117248e+05 
1.69132927593680e-01 1.00004183041857e+05 
1.69349278380864e-01 1.00004971931153e+05 
1.69565639883794e-01 1.00005892614890e+05 
1.69782003925607e-01 1.00006959305274e+05 
1.69998370386148e-01 1.00008194420928e+05 
1.70214746664732e-01 1.00009618033167e+05 
1.70395427865137e-01 1.00010965713463e+05 
1.70585305222815e-01 1.00012551221649e+05 
1.70786156510935e-01 1.00014434504064e+05 
1.70997358459461e-01 1.00016662629369e+05 
1.71213757258655e-01 1.00019240652464e+05 
1.71430160942396e-01 1.00022144926614e+05 
1.71646563800011e-01 1.00025402712988e+05 
1.71862960913045e-01 1.00029036526465e+05 
1.72079346707284e-01 1.00033082129228e+05 
1.72295714160458e-01 1.00037565323464e+05 
1.72512065936193e-01 1.00042530733627e+05 
1.72728415977751e-01 1.00048018477734e+05 
1.72944769311910e-01 1.00054063729559e+05 
1.73161139729289e-01 1.00060678281171e+05 
1.73377527350349e-01 1.00067907616757e+05 
1.73593929652782e-01 1.00075772667681e+05 
1.73810342765794e-01 1.00084329277243e+05 
1.74026769629919e-01 1.00093620030747e+05 
1.74243204063782e-01 1.00103673258728e+05 
1.74459648719922e-01 1.00114491375295e+05 
1.74676096651714e-01 1.00126114325473e+05 
1.74892542149538e-01 1.00138551035923e+05 
1.75108981008584e-01 1.00151851157200e+05 
1.75325417708674e-01 1.00166044128408e+05 
1.75541848810616e-01 1.00181137026543e+05 
1.75758278281778e-01 1.00197098248224e+05 
1.75974703028321e-01 1.00213951746164e+05 
1.76191119508687e-01 1.00231682731607e+05 
1.76407525768813e-01 1.00250316445344e+05 
1.76623927673812e-01 1.00269864055737e+05 
1.76840322381903e-01 1.00290297738395e+05 
1.77015079660727e-01 1.00307388780423e+05 
1.77206496214890e-01 1.00326713853792e+05 
1.77407928540599e-01 1.00347674247750e+05 
1.77615545692601e-01 1.00369961861115e+05 
1.77831916797352e-01 1.00393923520963e+05 
1.78025711660160e-01 1.00415908839699e+05 
1.78209726826228e-01 1.00437164693419e+05 
1.78410445554571e-01 1.00460741539051e+05 
1.78611629724624e-01 1.00484757616040e+05 
1.78821594977023e-01 1.00510182991770e+05 
1.79013326914051e-01 1.00533665445794e+05 
1.79216930174191e-01 1.00558752882548e+05 
1.79421889200183e-01 1.00584068259103e+05 
1.79636846102397e-01 1.00610517773661e+05 
1.79819735151238e-01 1.00632903490422e+05 
1.80020913104963e-01 1.00657349074872e+05 
1.80237089501126e-01 1.00683305949048e+05 
1.80453240658724e-01 1.00708874661295e+05 
1.80644075403079e-01 1.00731088780878e+05 
1.80847571359744e-01 1.00754189152356e+05 
1.81063662030735e-01 1.00777927671409e+05 
1.81279751953350e-01 1.00800962097757e+05 
1.81495859956774e-01 1.00823054799443e+05 
1.81711989644472e-01 1.00844154344996e+05 
1.81928167266865e-01 1.00864157440261e+05 
1.82144397209549e-01 1.00883040058543e+05 
1.82360690817973e-01 1.00900715735513e+05 
1.82577046548579e-01 1.00917209606198e+05 
1.82793465010813e-01 1.00932562617232e+05 
1.83009937723760e-01 1.00946696220799e+05 
1.83226461980009e-01 1.00959588835396e+05 
1.83443010716608e-01 1.00971229156546e+05 
1.83659568283452e-01 1.00981654239506e+05 
1.83876115221804e-01 1.00990962172387e+05 
1.84092640584731e-01 1.00999090711688e+05 
1.84309137746489e-01 1.01005983479708e+05 
1.84525608398403e-01 1.01011612189405e+05 
1.84742051783412e-01 1.01016805167982e+05 
1.84958467122951e-01 1.01020370331514e+05 
1.85174855387143e-01 1.01022515905580e+05 
1.85391222253773e-01 1.01023547852409e+05 
1.85607567765424e-01 1.01023561307087e+05 
1.85823900427075e-01 1.01022604188424e+05 
1.86040220468728e-01 1.01020563787950e+05 
1.86256528867169e-01 1.01018560157990e+05 
1.86472826253540e-01 1.01016657234755e+05 
1.86689116397486e-01 1.01014757307162e+05 
1.86905398252345e-01 1.01012372755162e+05 
1.87121679439734e-01 1.01009398841536e+05 
1.87337957242435e-01 1.01005635542974e+05 
1.87554232164615e-01 1.01000933293891e+05 
1.87770503131908e-01 1.00995114034065e+05 
1.87986770629602e-01 1.00988041350077e+05 
1.88203032890931e-01 1.00979922386343e+05 
1.88419296680182e-01 1.00970880802585e+05 
1.88638243188644e-01 1.00960834449246e+05 
1.88857189455101e-01 1.00949852204596e+05 
1.89076132770007e-01 1.00937980379403e+05 
1.89295076342928e-01 1.00925274540887e+05 
1.89514017373335e-01 1.00911752573863e+05 
1.89732964000379e-01 1.00897453337319e+05 
1.89951909767331e-01 1.00882404746114e+05 
1.90170853818665e-01 1.00866577701619e+05 
1.90389793275008e-01 1.00850041040336e+05 
1.90608731581798e-01 1.00832804781954e+05 
1.90827665866357e-01 1.00814917954505e+05 
1.91046604228378e-01 1.00796396487333e+05 
1.91265540577743e-01 1.00777255628012e+05 
1.91484474025103e-01 1.00757471770454e+05 
1.91703402327121e-01 1.00737129587214e+05 
1.91922329146436e-01 1.00716158005180e+05 
1.92141251704047e-01 1.00694890851911e+05 
1.92360177548315e-01 1.00672896446761e+05 
1.92579101586915e-01 1.00650408516568e+05 
1.92798022729197e-01 1.00627430615518e+05 
1.93016939281482e-01 1.00604241552286e+05 
1.93235855118947e-01 1.00580680408596e+05 
1.93454767502760e-01 1.00556717053876e+05 
1.93673683284280e-01 1.00532433100937e+05 
1.93892598101022e-01 1.00507945994583e+05 
1.94111510137617e-01 1.00483243672814e+05 
1.94330417961269e-01 1.00458365078709e+05 
1.94549325999880e-01 1.00433303440183e+05 
1.94768231645736e-01 1.00408189287971e+05 
1.94987140513017e-01 1.00383068791479e+05 
1.95206049506236e-01 1.00357940177157e+05 
1.95424956133694e-01 1.00332833843693e+05 
1.95643859537956e-01 1.00307857949739e+05 
1.95862764777402e-01 1.00282838346407e+05 
1.96081669515655e-01 1.00258014766988e+05 
1.96300579253449e-01 1.00233290598101e+05 
1.96519491385428e-01 1.00208747890464e+05 
1.96738403678058e-01 1.00184308792129e+05 
1.96957315387249e-01 1.00160021852185e+05 
1.97176230952358e-01 1.00135856585153e+05 
1.97395148064558e-01 1.00112073806846e+05 
1.97614072284379e-01 1.00088530558172e+05 
1.97833000891344e-01 1.00065282145826e+05 
1.98051931936841e-01 1.00042249341507e+05 
1.98270864354310e-01 1.00019522903711e+05 
1.98489801813058e-01 9.99970097583003e+04 
1.98708742108900e-01 9.99750541794785e+04 
1.98927690893571e-01 9.99534086391902e+04 
1.99146645165959e-01 9.99321572638487e+04 
1.99365603375287e-01 9.99111834654386e+04 
1.99584564168535e-01 9.98904743613197e+04 
1.99803530501568e-01 9.98700051291241e+04 
2.00022500371581e-01 9.98500251859090e+04 
2.00241479352261e-01 9.98304497546233e+04 
