# Liste des scalaires : TEMPS pmat 
0.00000000000000e+00 1.00000000000000e+05 
7.22956891292051e-05 1.00000000000000e+05 
1.35174035233813e-04 1.00000000000000e+05 
2.04340215948881e-04 1.00000000000000e+05 
2.80423014735456e-04 1.00000000000000e+05 
3.64114093400689e-04 1.00000000000000e+05 
4.56174279932444e-04 1.00000000000000e+05 
5.57440485117376e-04 1.00000000000000e+05 
6.68833310820800e-04 1.00000000000000e+05 
7.91365419094567e-04 1.00000000000000e+05 
9.26150738195711e-04 1.00000000000000e+05 
1.07441458920697e-03 1.00000000000000e+05 
1.23750482531935e-03 1.00000000000000e+05 
1.41690408504298e-03 1.00000000000000e+05 
1.61424327073896e-03 1.00000000000000e+05 
1.83131637500454e-03 1.00000000000000e+05 
2.07009678969668e-03 1.00000000000000e+05 
2.33275524585804e-03 1.00000000000000e+05 
2.62167954763553e-03 1.00000000000000e+05 
2.93949627959077e-03 1.00000000000000e+05 
3.28306813321655e-03 1.00000000000000e+05 
3.62326923785061e-03 1.00000000000000e+05 
3.96168443730187e-03 1.00000000000000e+05 
4.30842540654255e-03 1.00000000000000e+05 
4.66533748451577e-03 1.00000000000000e+05 
5.02307105065262e-03 1.00000000000000e+05 
5.38114151721223e-03 1.00000000000000e+05 
5.73898340545126e-03 1.00000000000000e+05 
6.09819264851727e-03 1.00000000000000e+05 
6.45809876254461e-03 1.00000000000000e+05 
6.81787251134706e-03 1.00000000000000e+05 
7.17819291164882e-03 1.00000000000000e+05 
7.53771481976648e-03 1.00000000000000e+05 
7.89717835165173e-03 1.00000000000000e+05 
8.25571617045334e-03 1.00000000000000e+05 
8.61371618860612e-03 1.00000000000000e+05 
8.97166125963523e-03 1.00000000000000e+05 
9.32976926181338e-03 1.00000000000000e+05 
9.68659074901098e-03 1.00000000000000e+05 
1.00434323919178e-02 1.00000000000000e+05 
1.03996497470983e-02 1.00000000000000e+05 
1.07555880291053e-02 1.00000000000000e+05 
1.11114080402551e-02 1.00000000000000e+05 
1.14673507147707e-02 1.00000000000000e+05 
1.18223199884828e-02 1.00000000000000e+05 
1.21774045558769e-02 1.00000000000000e+05 
1.25320314888939e-02 1.00000000000000e+05 
1.28866229672347e-02 1.00000000000000e+05 
1.32412778105914e-02 1.00000000000000e+05 
1.35961067386145e-02 1.00000000000000e+05 
1.39504440423608e-02 1.00000000000000e+05 
1.43048997743145e-02 1.00000000000000e+05 
1.46589949587589e-02 1.00000000000000e+05 
1.50131580509542e-02 1.00000000000000e+05 
1.53674271301131e-02 1.00000000000000e+05 
1.57217670093137e-02 1.00000000000000e+05 
1.60759037229313e-02 1.00000000000000e+05 
1.64301824066595e-02 1.00000000000000e+05 
1.67842167210249e-02 1.00000000000000e+05 
1.71383383173303e-02 1.00000000000000e+05 
1.74925550968953e-02 1.00000000000000e+05 
1.78468433016713e-02 1.00000000000000e+05 
1.82010320475856e-02 1.00000000000000e+05 
1.85554889168553e-02 1.00000000000000e+05 
1.89098724883276e-02 1.00000000000000e+05 
1.92644241904975e-02 1.00000000000000e+05 
1.96191435169741e-02 1.00000000000000e+05 
1.99740507309674e-02 1.00000000000000e+05 
2.03290306768613e-02 1.00000000000000e+05 
2.06843498046448e-02 1.00000000000000e+05 
2.10397413922841e-02 1.00000000000000e+05 
2.13954338249023e-02 1.00000000000000e+05 
2.17513751700533e-02 1.00000000000000e+05 
2.21075756074264e-02 1.00000000000000e+05 
2.24637503026829e-02 1.00000000000000e+05 
2.28198469310207e-02 1.00000000000000e+05 
2.31759145518657e-02 1.00000000000000e+05 
2.35318664280776e-02 1.00000000000000e+05 
2.38878477141996e-02 1.00000000000000e+05 
2.42434415335047e-02 1.00000000000000e+05 
2.45986949506439e-02 1.00000000000000e+05 
2.49537612589907e-02 1.00000000000000e+05 
2.53087180894378e-02 1.00000000000000e+05 
2.56633400452747e-02 1.00000000000000e+05 
2.60178656923258e-02 1.00000000000000e+05 
2.63723048558325e-02 1.00000000000000e+05 
2.67268316064917e-02 1.00000000000000e+05 
2.70813528210202e-02 1.00000000000000e+05 
2.74354961349853e-02 1.00000000000000e+05 
2.77892036753973e-02 1.00000000000000e+05 
2.81430189629550e-02 1.00000000000000e+05 
2.84968236985666e-02 1.00000000000000e+05 
2.88509112480136e-02 1.00000000000000e+05 
2.92052589883627e-02 1.00000000000000e+05 
2.95594122582824e-02 1.00000000000000e+05 
2.99133187188010e-02 1.00000000000000e+05 
3.02676975314272e-02 1.00000000000000e+05 
3.06222048698969e-02 1.00000000000000e+05 
3.09773163067366e-02 1.00000000000000e+05 
3.13328331446140e-02 1.00000000000000e+05 
3.16883109734514e-02 1.00000000000000e+05 
3.20437375793955e-02 1.00000000000000e+05 
3.23997474741704e-02 1.00000000000000e+05 
3.27560033506629e-02 1.00000000000000e+05 
3.31129131148902e-02 1.00000000000000e+05 
3.34702676517160e-02 1.00000000000000e+05 
3.38276162827989e-02 1.00000000000000e+05 
3.41849706721781e-02 1.00000000000000e+05 
3.45429321460028e-02 1.00000000000000e+05 
3.49011669503421e-02 1.00000000000000e+05 
3.52599942958008e-02 1.00000000000000e+05 
3.56191926428851e-02 1.00000000000000e+05 
3.59783099236073e-02 1.00000000000000e+05 
3.63374199024161e-02 1.00000000000000e+05 
3.66970892722007e-02 1.00000000000000e+05 
3.70569825204562e-02 1.00000000000000e+05 
3.74173525355758e-02 1.00000000000000e+05 
3.77779933943628e-02 1.00000000000000e+05 
3.81384883613120e-02 1.00000000000000e+05 
3.84989095944415e-02 1.00000000000000e+05 
3.88598094091121e-02 1.00000000000000e+05 
3.92208578678048e-02 1.00000000000000e+05 
3.95822874225779e-02 1.00000000000000e+05 
3.99439179497736e-02 1.00000000000000e+05 
4.03053621089394e-02 1.00000000000000e+05 
4.06666935985784e-02 1.00000000000000e+05 
4.10284406937821e-02 1.00000000000000e+05 
4.13902756448479e-02 1.00000000000000e+05 
4.17524211963895e-02 1.00000000000000e+05 
4.21147304120601e-02 1.00000000000000e+05 
4.24768499814597e-02 1.00000000000000e+05 
4.28388372136943e-02 1.00000000000000e+05 
4.32012086987407e-02 1.00000000000000e+05 
4.35636341724892e-02 1.00000000000000e+05 
4.39263369862488e-02 1.00000000000000e+05 
4.42891775608913e-02 1.00000000000000e+05 
4.46518412360535e-02 1.00000000000000e+05 
4.50141362018910e-02 1.00000000000000e+05 
4.53765387210924e-02 1.00000000000000e+05 
4.57390522494547e-02 1.00000000000000e+05 
4.61017626765104e-02 1.00000000000000e+05 
4.64645149561196e-02 1.00000000000000e+05 
4.68270920913587e-02 1.00000000000000e+05 
4.71892110210166e-02 1.00000000000000e+05 
4.75514363003998e-02 1.00000000000000e+05 
4.79137538337113e-02 1.00000000000000e+05 
4.82762362349313e-02 1.00000000000000e+05 
4.86387566367716e-02 1.00000000000000e+05 
4.90011841648362e-02 1.00000000000000e+05 
4.93632416386635e-02 1.00000000000000e+05 
4.97254018909909e-02 1.00000000000000e+05 
5.00877184593875e-02 1.00000000000000e+05 
5.04502590454251e-02 1.00000000000000e+05 
5.08129046536395e-02 1.00000000000000e+05 
5.11754458400797e-02 1.00000000000000e+05 
5.15376218737374e-02 1.00000000000000e+05 
5.18999757009008e-02 1.00000000000000e+05 
5.22624817498236e-02 1.00000000000000e+05 
5.26252006980087e-02 1.00000000000000e+05 
5.29880189400475e-02 1.00000000000000e+05 
5.33507306071595e-02 1.00000000000000e+05 
5.37130970357717e-02 1.00000000000000e+05 
5.40756495533392e-02 1.00000000000000e+05 
5.44383663087040e-02 1.00000000000000e+05 
5.48012890906279e-02 1.00000000000000e+05 
5.51643155613999e-02 1.00000000000000e+05 
5.55272351576296e-02 1.00000000000000e+05 
5.58898473669985e-02 1.00000000000000e+05 
5.62526581680972e-02 1.00000000000000e+05 
5.66156278693697e-02 1.00000000000000e+05 
5.69787652405274e-02 1.00000000000000e+05 
5.73419902030401e-02 1.00000000000000e+05 
5.77051154373971e-02 1.00000000000000e+05 
5.80679901684331e-02 1.00000000000000e+05 
5.84310733628787e-02 1.00000000000000e+05 
5.87943086057780e-02 1.00000000000000e+05 
5.91576794208046e-02 1.00000000000000e+05 
5.95211587346561e-02 1.00000000000000e+05 
5.98845650049326e-02 1.00000000000000e+05 
6.02477694475749e-02 1.00000000000000e+05 
6.06111908738973e-02 1.00000000000000e+05 
6.09747859932869e-02 1.00000000000000e+05 
6.13385010250973e-02 1.00000000000000e+05 
6.17022973409585e-02 1.00000000000000e+05 
6.20660682290331e-02 1.00000000000000e+05 
6.24296114722051e-02 1.00000000000000e+05 
6.27933194177287e-02 1.00000000000000e+05 
6.31572119565208e-02 1.00000000000000e+05 
6.35212174392500e-02 1.00000000000000e+05 
6.38852483303048e-02 1.00000000000000e+05 
6.42492617700567e-02 1.00000000000000e+05 
6.46129590772476e-02 1.00000000000000e+05 
6.49767171338688e-02 1.00000000000000e+05 
6.53406137777215e-02 1.00000000000000e+05 
6.57046082961112e-02 1.00000000000000e+05 
6.60685876531032e-02 1.00000000000000e+05 
6.64324898512335e-02 1.00000000000000e+05 
6.67960239130216e-02 1.00000000000000e+05 
6.71596106607856e-02 1.00000000000000e+05 
6.75233359852708e-02 1.00000000000000e+05 
6.78872031523651e-02 1.00000000000000e+05 
6.82510425342139e-02 1.00000000000000e+05 
6.86148044695640e-02 1.00000000000000e+05 
6.89781950321411e-02 1.00000000000000e+05 
6.93417224145968e-02 1.00000000000000e+05 
6.97054592974931e-02 1.00000000000000e+05 
7.00694206987630e-02 1.00000000000000e+05 
7.04334205397681e-02 1.00000000000000e+05 
7.07973900684754e-02 1.00000000000000e+05 
7.11610945800187e-02 1.00000000000000e+05 
7.15251249744164e-02 1.00000000000000e+05 
7.18895175537203e-02 1.00000000000000e+05 
7.22542786646239e-02 1.00000000000000e+05 
7.26192288237727e-02 1.00000000000000e+05 
7.29842593462668e-02 1.00000000000000e+05 
7.33491495311676e-02 1.00000000000000e+05 
7.37144917102196e-02 1.00000000000000e+05 
7.40800502499605e-02 1.00000000000000e+05 
7.44458797600470e-02 1.00000000000000e+05 
7.48120095838377e-02 1.00000000000000e+05 
7.51781640156764e-02 1.00000000000000e+05 
7.55445794520293e-02 1.00000000000000e+05 
7.59113519014458e-02 1.00000000000000e+05 
7.62785448093094e-02 1.00000000000000e+05 
7.66461959480788e-02 1.00000000000000e+05 
7.70143275814641e-02 1.00000000000000e+05 
7.73826297052471e-02 1.00000000000000e+05 
7.77513586820696e-02 1.00000000000000e+05 
7.81206254308674e-02 1.00000000000000e+05 
7.84904014697575e-02 1.00000000000000e+05 
7.88606840592000e-02 1.00000000000000e+05 
7.92314816348252e-02 1.00000000000000e+05 
7.96024844886005e-02 1.00000000000000e+05 
7.99739346227365e-02 1.00000000000000e+05 
8.03459455078057e-02 1.00000000000000e+05 
8.07184704924641e-02 1.00000000000000e+05 
8.10914753377725e-02 1.00000000000000e+05 
8.14649399279236e-02 1.00000000000000e+05 
8.18385993719180e-02 1.00000000000000e+05 
8.22125820088882e-02 1.00000000000000e+05 
8.25870465453441e-02 1.00000000000000e+05 
8.29619181845616e-02 1.00000000000000e+05 
8.33371794446798e-02 1.00000000000000e+05 
8.37127721859281e-02 1.00000000000000e+05 
8.40884611665012e-02 1.00000000000000e+05 
8.44642924847029e-02 1.00000000000000e+05 
8.48403988396175e-02 1.00000000000000e+05 
8.52167716045398e-02 1.00000000000000e+05 
8.55933204325804e-02 1.00000000000000e+05 
8.59701184432848e-02 1.00000000007038e+05 
8.63468830466261e-02 1.00000000037227e+05 
8.67235779047999e-02 1.00000000262516e+05 
8.71003528743331e-02 1.00000000564963e+05 
8.74771976193712e-02 1.00000000921381e+05 
8.78540618436953e-02 1.00000001295027e+05 
8.82309293242479e-02 1.00000001666332e+05 
8.86076626209149e-02 1.00000001901283e+05 
8.89841715012440e-02 1.00000002146969e+05 
8.93605744828772e-02 1.00000002377521e+05 
8.97369612264292e-02 1.00000002728330e+05 
9.01132529745072e-02 1.00000003214129e+05 
9.04894531243113e-02 1.00000003912531e+05 
9.08655309488272e-02 1.00000004981971e+05 
9.12413556862704e-02 1.00000007661203e+05 
9.16170252223682e-02 1.00000013838484e+05 
9.19926687162028e-02 1.00000024982995e+05 
9.23681982575588e-02 1.00000042454753e+05 
9.27436430571439e-02 1.00000067538213e+05 
9.31190056919150e-02 1.00000101655735e+05 
9.34941581497307e-02 1.00000146581650e+05 
9.38691029595946e-02 1.00000203974401e+05 
9.42439077865366e-02 1.00000275299979e+05 
9.46186352884612e-02 1.00000361138252e+05 
9.49932158826679e-02 1.00000463772321e+05 
9.53676788408280e-02 1.00000583341796e+05 
9.57419678072543e-02 1.00000719903323e+05 
9.61160991386746e-02 1.00000871957102e+05 
9.64901576799830e-02 1.00001036734362e+05 
9.68642092128712e-02 1.00001205531510e+05 
9.72382021593972e-02 1.00001372224101e+05 
9.76121615949477e-02 1.00001533762354e+05 
9.79860863397077e-02 1.00001702703740e+05 
9.83599879410113e-02 1.00001880979606e+05 
9.87339218945356e-02 1.00002130051801e+05 
9.91079062126984e-02 1.00002545386690e+05 
9.94819509795609e-02 1.00003268857712e+05 
9.98560804804174e-02 1.00004241654480e+05 
1.00230268665348e-01 1.00006796088841e+05 
1.00604498157248e-01 1.00011874552484e+05 
1.00978803153741e-01 1.00020368765939e+05 
1.01353232390816e-01 1.00033238619600e+05 
1.01727759955019e-01 1.00051760465680e+05 
1.02102423629152e-01 1.00076798524657e+05 
1.02477192655111e-01 1.00109728915845e+05 
1.02852040534150e-01 1.00151659286820e+05 
1.03227001334836e-01 1.00203111257533e+05 
1.03602103509205e-01 1.00263771736052e+05 
1.03977320659692e-01 1.00333949638686e+05 
1.04352699763161e-01 1.00413074819544e+05 
1.04728200477804e-01 1.00501304746397e+05 
1.05103780692554e-01 1.00597219398778e+05 
1.05479495621102e-01 1.00699103424914e+05 
1.05855371818209e-01 1.00802897161473e+05 
1.06231370866916e-01 1.00907361786620e+05 
1.06607536614239e-01 1.01009757049085e+05 
1.06983806868609e-01 1.01108842567205e+05 
1.07360145758356e-01 1.01201365307685e+05 
1.07736623137423e-01 1.01285198202944e+05 
1.08113258550200e-01 1.01353927164605e+05 
1.08490006812993e-01 1.01407051951372e+05 
1.08866904309251e-01 1.01446916149861e+05 
1.09243873662386e-01 1.01465872262312e+05 
1.09620902836373e-01 1.01470556362924e+05 
1.09998058365353e-01 1.01458504026686e+05 
1.10375346958120e-01 1.01446492165773e+05 
1.10752727278223e-01 1.01426328326554e+05 
1.11130226341645e-01 1.01394091981823e+05 
1.11507760786401e-01 1.01344544839644e+05 
1.11885336978288e-01 1.01277358701194e+05 
1.12263004693332e-01 1.01195176198006e+05 
1.12640792344485e-01 1.01100636742538e+05 
1.13018649936985e-01 1.00995395300203e+05 
1.13396603072809e-01 1.00882305482105e+05 
1.13774571870199e-01 1.00762040923202e+05 
1.14152563616697e-01 1.00635255951992e+05 
1.14530636926514e-01 1.00503871102747e+05 
1.14908825359642e-01 1.00370662084796e+05 
1.15287074468245e-01 1.00236872790367e+05 
1.15665401061559e-01 1.00103610710009e+05 
1.16043744768705e-01 9.99710710331833e+04 
1.16422113137014e-01 9.98396578140337e+04 
1.16800567578290e-01 9.97111107933100e+04 
1.17179143420179e-01 9.95884969307299e+04 
1.17557780265169e-01 9.94717458630492e+04 
1.17936509522002e-01 9.93609836029925e+04 
1.18315273678481e-01 9.92564611136458e+04 
1.18694073040491e-01 9.91586016764626e+04 
1.19072970346917e-01 9.90690069833514e+04 
1.19451999142293e-01 9.89896851700463e+04 
1.19831101973395e-01 9.89209945600309e+04 
1.20210319105409e-01 9.88618572030111e+04 
1.20589595568057e-01 9.88144023144844e+04 
1.20968927952127e-01 9.87739465581721e+04 
1.21348381599424e-01 9.87514491288512e+04 
1.21727980132536e-01 9.87422748369985e+04 
1.22107673249492e-01 9.87454300166811e+04 
1.22487503615571e-01 9.87520526820459e+04 
1.22867422113007e-01 9.87581729899098e+04 
1.23247420496115e-01 9.87701779767100e+04 
1.23627564113053e-01 9.87922597968555e+04 
1.24007868773651e-01 9.88270197141578e+04 
1.24388282764090e-01 9.88720409535572e+04 
1.24768848971762e-01 9.89255796200131e+04 
1.25149519907986e-01 9.89866427512740e+04 
1.25530285894568e-01 9.90542930497904e+04 
1.25911210146205e-01 9.91280063098263e+04 
1.26292304556904e-01 9.92044852478595e+04 
1.26673513613424e-01 9.92833700046130e+04 
1.27054872603668e-01 9.93629771425374e+04 
1.27436331898108e-01 9.94424925460984e+04 
1.27817883531372e-01 9.95204668332279e+04 
1.28199589793020e-01 9.95960138057538e+04 
1.28581458122607e-01 9.96666134387926e+04 
1.28963434391666e-01 9.97318703399279e+04 
1.29345542034648e-01 9.97908518784143e+04 
1.29727733403714e-01 9.98436887005588e+04 
1.30110001994679e-01 9.98902241879752e+04 
1.30492404645628e-01 9.99301677306292e+04 
1.30874954251103e-01 9.99623375487300e+04 
1.31257592670348e-01 9.99876647649967e+04 
1.31640338847204e-01 1.00006987502006e+05 
1.32023137277207e-01 1.00021799648412e+05 
1.32405987094981e-01 1.00033086788542e+05 
1.32788946692216e-01 1.00041310750953e+05 
1.33172029448171e-01 1.00047007658259e+05 
1.33555168945260e-01 1.00051254646491e+05 
1.33938384946140e-01 1.00055060540155e+05 
1.34321555481515e-01 1.00059331863973e+05 
1.34704721588683e-01 1.00064194444593e+05 
1.35087886836271e-01 1.00069024435222e+05 
1.35471065366051e-01 1.00074509608051e+05 
1.35854227645330e-01 1.00080586852028e+05 
1.36237276893760e-01 1.00087213749442e+05 
1.36620180655434e-01 1.00094850841418e+05 
1.37003077347834e-01 1.00103522444695e+05 
1.37385955166998e-01 1.00112535507915e+05 
1.37768838620173e-01 1.00121863101702e+05 
1.38151705351379e-01 1.00131180386789e+05 
1.38534464431692e-01 1.00140059119899e+05 
1.38917098166981e-01 1.00148675018043e+05 
1.39299751700416e-01 1.00156534205077e+05 
1.39682403681658e-01 1.00163081917374e+05 
1.40065087461428e-01 1.00168776123005e+05 
1.40447799121223e-01 1.00171486197414e+05 
1.40830462536740e-01 1.00171252691713e+05 
1.41213044965406e-01 1.00170572719559e+05 
1.41595694044010e-01 1.00168362508004e+05 
1.41978418706851e-01 1.00163700086926e+05 
1.42361249622911e-01 1.00156585013621e+05 
1.42744186735621e-01 1.00147629322567e+05 
1.43127185395186e-01 1.00136988429630e+05 
1.43510147838627e-01 1.00124474669227e+05 
1.43893238504927e-01 1.00110084260828e+05 
1.44276523425238e-01 1.00094126894489e+05 
1.44659993654631e-01 1.00077309846753e+05 
1.45043643292251e-01 1.00059793129824e+05 
1.45427451228249e-01 1.00041961970458e+05 
1.45811249976899e-01 1.00023817426926e+05 
1.46195204408485e-01 1.00005465171584e+05 
1.46579433217673e-01 9.99873137482404e+04 
1.46963863652884e-01 9.99696643747867e+04 
1.47348477735096e-01 9.99527517227052e+04 
1.47733280191560e-01 9.99368122018897e+04 
1.48118047142636e-01 9.99215931132576e+04 
1.48502911726674e-01 9.99071558000118e+04 
1.48888052784259e-01 9.98938870749642e+04 
1.49273316037079e-01 9.98816075752871e+04 
1.49658689925840e-01 9.98703912486197e+04 
1.50044203926859e-01 9.98602740855742e+04 
1.50429600941398e-01 9.98508062161157e+04 
1.50815015461611e-01 9.98417829102495e+04 
1.51200637864092e-01 9.98339633376948e+04 
1.51586270531822e-01 9.98266379815209e+04 
1.51971909009096e-01 9.98199079083127e+04 
1.52357477519404e-01 9.98141348926590e+04 
1.52742654908492e-01 9.98090514963715e+04 
1.53127754516911e-01 9.98041308742513e+04 
1.53512863144340e-01 9.97999043170362e+04 
1.53897823133886e-01 9.97960316547998e+04 
1.54282682005918e-01 9.97924546229092e+04 
1.54667339886809e-01 9.97890281831238e+04 
1.55051582889103e-01 9.97857157856008e+04 
1.55435718146872e-01 9.97823335441164e+04 
1.55819775989473e-01 9.97790836539519e+04 
1.56203680202483e-01 9.97758405797599e+04 
1.56587497618687e-01 9.97725906129805e+04 
1.56971110229215e-01 9.97693185219242e+04 
1.57354363864835e-01 9.97659686356608e+04 
1.57737554747103e-01 9.97625574305862e+04 
1.58120663477725e-01 9.97594072229807e+04 
1.58503710313738e-01 9.97566766954253e+04 
1.58886756561724e-01 9.97545811480848e+04 
1.59269626372744e-01 9.97532132171550e+04 
1.59652211590931e-01 9.97522687033941e+04 
1.60034784406559e-01 9.97525483502558e+04 
1.60417307185002e-01 9.97539429467925e+04 
1.60799863347736e-01 9.97564196164730e+04 
1.61182506848318e-01 9.97595975494660e+04 
1.61565040731713e-01 9.97629373620141e+04 
1.61947377641986e-01 9.97670879721162e+04 
1.62329760159428e-01 9.97728055683257e+04 
1.62712156685096e-01 9.97805820262284e+04 
1.63094631379189e-01 9.97907660305374e+04 
1.63477270823515e-01 9.98025151512790e+04 
1.63859867246538e-01 9.98155278945389e+04 
1.64242344719598e-01 9.98297336631663e+04 
1.64624905360346e-01 9.98452171678000e+04 
1.65007534306746e-01 9.98615758506219e+04 
1.65390287431274e-01 9.98784451331643e+04 
1.65773219806256e-01 9.98956711031336e+04 
1.66156153610975e-01 9.99130444460268e+04 
1.66539007690275e-01 9.99304530890831e+04 
1.66921964119706e-01 9.99477333640068e+04 
1.67305020757356e-01 9.99645242961213e+04 
1.67688201887714e-01 9.99802777693981e+04 
1.68071565211771e-01 9.99950790963246e+04 
1.68454942793154e-01 1.00008738517212e+05 
1.68838242801512e-01 1.00021053095913e+05 
1.69221640448633e-01 1.00031978217840e+05 
1.69605141307521e-01 1.00040461698785e+05 
1.69988755515049e-01 1.00047291299492e+05 
1.70372511662198e-01 1.00050982360867e+05 
1.70756284342244e-01 1.00052393320356e+05 
1.71139963115146e-01 1.00052089385608e+05 
1.71523722620620e-01 1.00050608897962e+05 
1.71907572285783e-01 1.00049068816488e+05 
1.72291506708653e-01 1.00046172536631e+05 
1.72675556893744e-01 1.00041501756591e+05 
1.73059622678633e-01 1.00034673126540e+05 
1.73443577686270e-01 1.00026299685433e+05 
1.73827599490376e-01 1.00016664772685e+05 
1.74211706105084e-01 1.00005811444661e+05 
1.74595891958954e-01 9.99943699783716e+04 
1.74980185571564e-01 9.99825202242076e+04 
1.75364498413639e-01 9.99703239245413e+04 
1.75748705647513e-01 9.99579237375463e+04 
1.76132990823029e-01 9.99456619421618e+04 
1.76517368486990e-01 9.99337148989763e+04 
1.76901839037599e-01 9.99220998145417e+04 
1.77286431239239e-01 9.99111616509171e+04 
1.77671057945719e-01 9.99012633378970e+04 
1.78055605599267e-01 9.98921929692351e+04 
1.78440251454036e-01 9.98841694043755e+04 
1.78825011292511e-01 9.98773137459252e+04 
1.79209894283769e-01 9.98720277218369e+04 
1.79594920011902e-01 9.98681810953020e+04 
1.79979936474242e-01 9.98662020310823e+04 
1.80364846792776e-01 9.98652727289239e+04 
1.80749830606004e-01 9.98667733964409e+04 
1.81134876485138e-01 9.98700056717862e+04 
1.81520012410491e-01 9.98751637955717e+04 
1.81905244675959e-01 9.98803614610953e+04 
1.82290461490706e-01 9.98859323393993e+04 
1.82675589923703e-01 9.98922638197486e+04 
1.83060807438883e-01 9.98998644695938e+04 
1.83446113180820e-01 9.99091164268091e+04 
1.83831513801932e-01 9.99194960965391e+04 
1.84217031371509e-01 9.99307645158654e+04 
1.84602538811489e-01 9.99428440870667e+04 
1.84987966587609e-01 9.99553617251120e+04 
1.85373486472013e-01 9.99683126256696e+04 
1.85759074552317e-01 9.99813952999770e+04 
1.86144738638353e-01 9.99944672862183e+04 
1.86530477236924e-01 1.00007280336132e+05 
1.86916178130861e-01 1.00019724006233e+05 
1.87301755565239e-01 1.00031850700212e+05 
1.87687384480417e-01 1.00043526090773e+05 
1.88073042081536e-01 1.00054357200115e+05 
1.88458727464379e-01 1.00064407615507e+05 
1.88844452911695e-01 1.00073199587344e+05 
1.89230102346429e-01 1.00081156048896e+05 
1.89615583933046e-01 1.00088495658598e+05 
1.90001084533221e-01 1.00094850238541e+05 
1.90386581852005e-01 1.00100140083302e+05 
1.90772085167283e-01 1.00103875813783e+05 
1.91157607664751e-01 1.00106484987531e+05 
1.91543035447911e-01 1.00108456610049e+05 
1.91928272874181e-01 1.00110297764299e+05 
1.92313520523739e-01 1.00111763447607e+05 
1.92698766047297e-01 1.00112450374470e+05 
1.93084036752255e-01 1.00112511967813e+05 
1.93469340816452e-01 1.00112011202163e+05 
1.93854570155637e-01 1.00111109017402e+05 
1.94239633429264e-01 1.00109866195081e+05 
1.94624734749949e-01 1.00108361388802e+05 
1.95009859321179e-01 1.00106479627559e+05 
1.95395052243729e-01 1.00104518574870e+05 
1.95780320474249e-01 1.00102517627934e+05 
1.96165550231797e-01 1.00100625890217e+05 
1.96550650722927e-01 1.00098716609047e+05 
1.96935824832721e-01 1.00096907823958e+05 
1.97321065769028e-01 1.00094965482163e+05 
1.97706404844364e-01 1.00093189480994e+05 
1.98091863758246e-01 1.00091450599975e+05 
1.98477318741636e-01 1.00089525048626e+05 
1.98862680210922e-01 1.00087078491331e+05 
1.99248139579825e-01 1.00084639914278e+05 
1.99633693538121e-01 1.00082359826037e+05 
2.00019366042981e-01 1.00080352630849e+05 
2.00405171356757e-01 1.00078714764993e+05 
