# Liste des scalaires : TEMPS pmat 
0.00000000000000e+00 1.00000000000000e+05 
7.22956891292051e-05 1.00000000000000e+05 
1.44687700595982e-04 1.00000000000000e+05 
2.24318913209438e-04 1.00000000000000e+05 
3.11913247084238e-04 1.00000000000000e+05 
4.08267014346519e-04 1.00000000000000e+05 
5.14256158335028e-04 1.00000000000000e+05 
6.30844216722387e-04 1.00000000000000e+05 
7.59091080948483e-04 1.00000000000000e+05 
9.00162631597188e-04 1.00000000000000e+05 
1.05534133731076e-03 1.00000000000000e+05 
1.22377029415327e-03 1.00000000000000e+05 
1.40170329005761e-03 1.00000000000000e+05 
1.59235997147743e-03 1.00000000000000e+05 
1.79022295750485e-03 1.00000000000000e+05 
1.99785867805711e-03 1.00000000000000e+05 
2.21806291357359e-03 1.00000000000000e+05 
2.44973231784013e-03 1.00000000000000e+05 
2.69235334108874e-03 1.00000000000000e+05 
2.94976251849472e-03 1.00000000000000e+05 
3.22009039446532e-03 1.00000000000000e+05 
3.50577774107069e-03 1.00000000000000e+05 
3.81075627031612e-03 1.00000000000000e+05 
4.13081921579309e-03 1.00000000000000e+05 
4.47151060489656e-03 1.00000000000000e+05 
4.82797969150499e-03 1.00000000000000e+05 
5.20027213023352e-03 1.00000000000000e+05 
5.57458676621948e-03 1.00000000000000e+05 
5.95074724777063e-03 1.00000000000000e+05 
6.33016313227498e-03 1.00000000000000e+05 
6.71690445040669e-03 1.00000000000000e+05 
7.10181033383539e-03 1.00000000000000e+05 
7.48543062202082e-03 1.00000000000000e+05 
7.86842470907618e-03 1.00000000000000e+05 
8.25544632908961e-03 1.00000000000000e+05 
8.64754633163603e-03 1.00000000000000e+05 
9.04343342816788e-03 1.00000000000000e+05 
9.44397842694524e-03 1.00000000000000e+05 
9.84850819495867e-03 1.00000000000000e+05 
1.02531411084813e-02 1.00000000000000e+05 
1.06572506415247e-02 1.00000000000000e+05 
1.10611379761300e-02 1.00000000000000e+05 
1.14648712371016e-02 1.00000000000000e+05 
1.18689918459859e-02 1.00000000000000e+05 
1.22717173216910e-02 1.00000000000000e+05 
1.26746445776622e-02 1.00000000000000e+05 
1.30781351267674e-02 1.00000000000000e+05 
1.34817561985021e-02 1.00000000000000e+05 
1.38850619897887e-02 1.00000000000000e+05 
1.42882830633311e-02 1.00000000000000e+05 
1.46914413052752e-02 1.00000000000000e+05 
1.50938349082829e-02 1.00000000000000e+05 
1.54964160534818e-02 1.00000000000000e+05 
1.58988978536415e-02 1.00000000000000e+05 
1.63008376142861e-02 1.00000000000000e+05 
1.67025730738732e-02 1.00000000000000e+05 
1.71042779581149e-02 1.00000000000000e+05 
1.75054356780726e-02 1.00000000000000e+05 
1.79069512250855e-02 1.00000000000000e+05 
1.83085535051743e-02 1.00000000000000e+05 
1.87096691830285e-02 1.00000000000000e+05 
1.91106822381607e-02 1.00000000000000e+05 
1.95117269196150e-02 1.00000000000000e+05 
1.99123101455450e-02 1.00000000000000e+05 
2.03132780690134e-02 1.00000000000000e+05 
2.07144697967550e-02 1.00000000000000e+05 
2.11154395449517e-02 1.00000000000000e+05 
2.15164204480691e-02 1.00000000000000e+05 
2.19176632110739e-02 1.00000000000000e+05 
2.23186919578812e-02 1.00000000000000e+05 
2.27202997738175e-02 1.00000000000000e+05 
2.31213033189649e-02 1.00000000000000e+05 
2.35221510593967e-02 1.00000000000000e+05 
2.39230634685066e-02 1.00000000000000e+05 
2.43242817239884e-02 1.00000000000000e+05 
2.47251376407482e-02 1.00000000000000e+05 
2.51260921756230e-02 1.00000000000000e+05 
2.55267228174941e-02 1.00000000000000e+05 
2.59274925264812e-02 1.00000000000000e+05 
2.63284041911892e-02 1.00000000000000e+05 
2.67295344958384e-02 1.00000000000000e+05 
2.71299568903817e-02 1.00000000000000e+05 
2.75304206898205e-02 1.00000000000000e+05 
2.79309354710148e-02 1.00000000000000e+05 
2.83311356624825e-02 1.00000000000000e+05 
2.87314902666486e-02 1.00000000000000e+05 
2.91320785190741e-02 1.00000000000000e+05 
2.95321265998057e-02 1.00000000000000e+05 
2.99322709200284e-02 1.00000000000000e+05 
3.03317294730117e-02 1.00000000000000e+05 
3.07306704484716e-02 1.00000000000000e+05 
3.11298383136517e-02 1.00000000000000e+05 
3.15289834491133e-02 1.00000000000000e+05 
3.19275911019167e-02 1.00000000000000e+05 
3.23262507780210e-02 1.00000000000000e+05 
3.27242504726165e-02 1.00000000000000e+05 
3.31217533592680e-02 1.00000000000000e+05 
3.35195145383152e-02 1.00000000000000e+05 
3.39173272211130e-02 1.00000000000000e+05 
3.43147495524207e-02 1.00000000000000e+05 
3.47123751864958e-02 1.00000000000000e+05 
3.51095068180636e-02 1.00000000000000e+05 
3.55063110682989e-02 1.00000000000000e+05 
3.59035190229847e-02 1.00000000000000e+05 
3.63009229268197e-02 1.00000000000000e+05 
3.66980875230104e-02 1.00000000000000e+05 
3.70955444243415e-02 1.00000000000000e+05 
3.74925724094417e-02 1.00000000000000e+05 
3.78893023482315e-02 1.00000000000000e+05 
3.82864027540528e-02 1.00000000000000e+05 
3.86836933682526e-02 1.00000000000000e+05 
3.90808060789799e-02 1.00000000000000e+05 
3.94782644621282e-02 1.00000000000000e+05 
3.98754049580033e-02 1.00000000000000e+05 
4.02723614712950e-02 1.00000000000000e+05 
4.06697831947012e-02 1.00000000000000e+05 
4.10675114366260e-02 1.00000000000000e+05 
4.14652296639567e-02 1.00000000000000e+05 
4.18634082511860e-02 1.00000000000000e+05 
4.22613753370355e-02 1.00000000000000e+05 
4.26592209730479e-02 1.00000000000000e+05 
4.30575409312869e-02 1.00000000000000e+05 
4.34561718889029e-02 1.00000000000000e+05 
4.38548284666291e-02 1.00000000000000e+05 
4.42539661793806e-02 1.00000000000000e+05 
4.46529382026364e-02 1.00000000000000e+05 
4.50518271334673e-02 1.00000000000000e+05 
4.54512178867555e-02 1.00000000000000e+05 
4.58509485913006e-02 1.00000000000000e+05 
4.62507550249156e-02 1.00000000000000e+05 
4.66510648217832e-02 1.00000000000000e+05 
4.70512332066764e-02 1.00000000000000e+05 
4.74513230139100e-02 1.00000000000000e+05 
4.78518675432330e-02 1.00000000000000e+05 
4.82526983561261e-02 1.00000000000000e+05 
4.86535637127305e-02 1.00000000000000e+05 
4.90543985647978e-02 1.00000000000000e+05 
4.94555146497455e-02 1.00000000000000e+05 
4.98565679139057e-02 1.00000000000000e+05 
5.02579180191432e-02 1.00000000000000e+05 
5.06593219374983e-02 1.00000000000000e+05 
5.10605108776419e-02 1.00000000000000e+05 
5.14616387748653e-02 1.00000000000000e+05 
5.18630769222859e-02 1.00000000000000e+05 
5.22645782266441e-02 1.00000000000000e+05 
5.26663707761612e-02 1.00000000000000e+05 
5.30682002620599e-02 1.00000000000000e+05 
5.34698226689082e-02 1.00000000000000e+05 
5.38714822241989e-02 1.00000000000000e+05 
5.42732098254043e-02 1.00000000000000e+05 
5.46750093196531e-02 1.00000000000000e+05 
5.50772053477873e-02 1.00000000000000e+05 
5.54793061651804e-02 1.00000000000000e+05 
5.58812176926842e-02 1.00000000000000e+05 
5.62831822571959e-02 1.00000000000000e+05 
5.66852180908189e-02 1.00000000000000e+05 
5.70872961050098e-02 1.00000000000000e+05 
5.74898276031281e-02 1.00000000000000e+05 
5.78922698367240e-02 1.00000000000000e+05 
5.82943784097711e-02 1.00000000000000e+05 
5.86965768216219e-02 1.00000000000000e+05 
5.90988732818680e-02 1.00000000000000e+05 
5.95011913467518e-02 1.00000000000000e+05 
5.99040329280569e-02 1.00000000000000e+05 
6.03068181797413e-02 1.00000000000000e+05 
6.07091832599879e-02 1.00000000000000e+05 
6.11116292536271e-02 1.00000000000000e+05 
6.15141673367799e-02 1.00000000000000e+05 
6.19167363139571e-02 1.00000000000000e+05 
6.23197755295858e-02 1.00000000000000e+05 
6.27227481355787e-02 1.00000000000000e+05 
6.31253667721318e-02 1.00000000000000e+05 
6.35280683066379e-02 1.00000000000000e+05 
6.39308591958797e-02 1.00000000000000e+05 
6.43336947908132e-02 1.00000000000000e+05 
6.47369510604081e-02 1.00000000000000e+05 
6.51401454230865e-02 1.00000000000000e+05 
6.55430343910896e-02 1.00000000000000e+05 
6.59460112850009e-02 1.00000000000000e+05 
6.63490791405605e-02 1.00000000000000e+05 
6.67522056429209e-02 1.00000000000000e+05 
6.71557162884869e-02 1.00000000000000e+05 
6.75591517372208e-02 1.00000000000000e+05 
6.79623467771710e-02 1.00000000000000e+05 
6.83655848806517e-02 1.00000000000000e+05 
6.87689126088687e-02 1.00000000000000e+05 
6.91723239670452e-02 1.00000000000000e+05 
6.95761098074739e-02 1.00000000000000e+05 
6.99798207289417e-02 1.00000000000000e+05 
7.03833411838630e-02 1.00000000000000e+05 
7.07868869192792e-02 1.00000000000000e+05 
7.11905284734648e-02 1.00000000000000e+05 
7.15942807506569e-02 1.00000000000000e+05 
7.19984111817939e-02 1.00000000000000e+05 
7.24024768648105e-02 1.00000000000000e+05 
7.28063633518099e-02 1.00000000000000e+05 
7.32102832985768e-02 1.00000000000000e+05 
7.36143014009282e-02 1.00000000000000e+05 
7.40184477826585e-02 1.00000000000000e+05 
7.44229747841278e-02 1.00000000000000e+05 
7.48274631705755e-02 1.00000000000000e+05 
7.52317865956112e-02 1.00000000000000e+05 
7.56361445895407e-02 1.00000000000000e+05 
7.60406053400528e-02 1.00000000000000e+05 
7.64452066237993e-02 1.00000000000000e+05 
7.68501917701325e-02 1.00000000000000e+05 
7.72551482502382e-02 1.00000000000000e+05 
7.76599197152260e-02 1.00000000000000e+05 
7.80647695425892e-02 1.00000000000000e+05 
7.84697207440357e-02 1.00000000000000e+05 
7.88748209891744e-02 1.00000000000000e+05 
7.92803101952095e-02 1.00000000000000e+05 
7.96857852262087e-02 1.00000000000000e+05 
8.00910457435055e-02 1.00000000000000e+05 
8.04964115493462e-02 1.00000000000000e+05 
8.09018898110150e-02 1.00000000000000e+05 
8.13074928025608e-02 1.00000000000000e+05 
8.17135560580514e-02 1.00000000000000e+05 
8.21196182111775e-02 1.00000000000000e+05 
8.25254018548240e-02 1.00000000000000e+05 
8.29313032732330e-02 1.00000000000000e+05 
8.33373274549052e-02 1.00000000000000e+05 
8.37434865073252e-02 1.00000000000000e+05 
8.41501812049375e-02 1.00000000000000e+05 
8.45568873806234e-02 1.00000000000000e+05 
8.49632670955689e-02 1.00000000000000e+05 
8.53697804809943e-02 1.00000000000000e+05 
8.57764329439412e-02 1.00000000000000e+05 
8.61832406710416e-02 1.00000000000000e+05 
8.65906294222589e-02 1.00000000000000e+05 
8.69980419517054e-02 1.00000000000000e+05 
8.74051099273799e-02 1.00000000000000e+05 
8.78123210847731e-02 1.00000000000000e+05 
8.82196811103735e-02 1.00000000000000e+05 
8.86272147734985e-02 1.00000000000000e+05 
8.90353698795779e-02 1.00000000000000e+05 
8.94435597616770e-02 1.00000000000000e+05 
8.98513867029475e-02 1.00000000000000e+05 
9.02593658218532e-02 1.00000000000000e+05 
9.06674993029647e-02 1.00000000000000e+05 
9.10758168973167e-02 1.00000000000000e+05 
9.14848006044290e-02 1.00000000000000e+05 
9.18938270626061e-02 1.00000000000000e+05 
9.23024739070501e-02 1.00000000000000e+05 
9.27112863624760e-02 1.00000000000000e+05 
9.31200607851949e-02 1.00000000000000e+05 
9.35287105672164e-02 1.00000000000000e+05 
9.39381924873242e-02 1.00000000000000e+05 
9.43476646728272e-02 1.00000000000000e+05 
9.47568970063731e-02 1.00000000000000e+05 
9.51662655442692e-02 1.00000000000000e+05 
9.55753187555558e-02 1.00000000000000e+05 
9.59842743607852e-02 1.00000000000000e+05 
9.63937358216852e-02 1.00000000000000e+05 
9.68033367294028e-02 1.00000000000000e+05 
9.72128572239676e-02 1.00000000000000e+05 
9.76224932464953e-02 1.00000000000000e+05 
9.80318994627809e-02 1.00000000000000e+05 
9.84412363288230e-02 1.00000000000000e+05 
9.88507697558686e-02 1.00000000000000e+05 
9.92604508976411e-02 1.00000000000000e+05 
9.96702234235100e-02 1.00000000000000e+05 
1.00079967954694e-01 1.00000000000000e+05 
1.00489647351435e-01 1.00000000000000e+05 
1.00899286978945e-01 1.00000000000000e+05 
1.01308958641721e-01 1.00000000015283e+05 
1.01718779407020e-01 1.00000000076725e+05 
1.02128696651717e-01 1.00000000362974e+05 
1.02538550140397e-01 1.00000000935932e+05 
1.02948396491353e-01 1.00000001396039e+05 
1.03358211302380e-01 1.00000001836163e+05 
1.03768064519997e-01 1.00000002523589e+05 
1.04178068925252e-01 1.00000003572128e+05 
1.04588085401165e-01 1.00000005114146e+05 
1.04998042486493e-01 1.00000007410041e+05 
1.05408013543386e-01 1.00000010882276e+05 
1.05818044642827e-01 1.00000016023472e+05 
1.06228073238999e-01 1.00000023539889e+05 
1.06638208888028e-01 1.00000034181437e+05 
1.07048335146188e-01 1.00000049157456e+05 
1.07458408819172e-01 1.00000069677204e+05 
1.07868497309162e-01 1.00000097717727e+05 
1.08278683255348e-01 1.00000135343361e+05 
1.08688824571213e-01 1.00000184834032e+05 
1.09099068023096e-01 1.00000248054548e+05 
1.09509303898005e-01 1.00000329727859e+05 
1.09919491396106e-01 1.00000435249295e+05 
1.10329692211345e-01 1.00000577549606e+05 
1.10739985804983e-01 1.00000773826293e+05 
1.11150231636328e-01 1.00001050441279e+05 
1.11560573293702e-01 1.00001439264022e+05 
1.11970906874248e-01 1.00002001832426e+05 
1.12381193215076e-01 1.00002811751771e+05 
1.12791489693639e-01 1.00003996786583e+05 
1.13201873422924e-01 1.00005711375859e+05 
1.13612205917454e-01 1.00008134357557e+05 
1.14022628350532e-01 1.00011440395261e+05 
1.14433042959158e-01 1.00015918624861e+05 
1.14843412599987e-01 1.00021824345187e+05 
1.15253792299186e-01 1.00029561698300e+05 
1.15664257354487e-01 1.00039535237049e+05 
1.16074672405539e-01 1.00051962009273e+05 
1.16485176923064e-01 1.00066929633314e+05 
1.16895678637042e-01 1.00084806010406e+05 
1.17306142895008e-01 1.00105701221054e+05 
1.17716620187947e-01 1.00130008264124e+05 
1.18127182367056e-01 1.00157833638249e+05 
1.18537695978954e-01 1.00188555973975e+05 
1.18948299218437e-01 1.00221465223550e+05 
1.19358904822546e-01 1.00256514631926e+05 
1.19769480974752e-01 1.00293114388589e+05 
1.20180074613594e-01 1.00331089182077e+05 
1.20590755832741e-01 1.00369549809048e+05 
1.21001391163350e-01 1.00407050941422e+05 
1.21412119754337e-01 1.00442155536462e+05 
1.21822859907670e-01 1.00474205254356e+05 
1.22233582221019e-01 1.00502921290044e+05 
1.22644334551636e-01 1.00527674267317e+05 
1.23055187578948e-01 1.00547476678366e+05 
1.23466006194533e-01 1.00561949027115e+05 
1.23876934058540e-01 1.00569011653507e+05 
1.24287895960876e-01 1.00568740354408e+05 
1.24698861650933e-01 1.00562423431316e+05 
1.25109880479095e-01 1.00554697167595e+05 
1.25521022015819e-01 1.00546252929631e+05 
1.25932149135044e-01 1.00533585229852e+05 
1.26343408947732e-01 1.00514756006251e+05 
1.26754733891799e-01 1.00490263992599e+05 
1.27166087399255e-01 1.00461642880887e+05 
1.27577515621054e-01 1.00428964128250e+05 
1.27989084342570e-01 1.00393103437917e+05 
1.28400655716992e-01 1.00354447574352e+05 
1.28812373901478e-01 1.00314538356466e+05 
1.29224182137072e-01 1.00274147048266e+05 
1.29636036731610e-01 1.00234063585331e+05 
1.30047974148026e-01 1.00194223360298e+05 
1.30460053131115e-01 1.00154740187475e+05 
1.30872135094716e-01 1.00116204343345e+05 
1.31284350739367e-01 1.00079823965132e+05 
1.31696659368575e-01 1.00045482185220e+05 
1.32108893637174e-01 1.00013078724270e+05 
1.32521187208372e-01 9.99818897427935e+04 
1.32933388470772e-01 9.99518724923090e+04 
1.33345562570639e-01 9.99236250279106e+04 
1.33757816336335e-01 9.98974712462058e+04 
1.34169988877535e-01 9.98732680931100e+04 
1.34582203017252e-01 9.98503754586134e+04 
1.34994268721281e-01 9.98288383968893e+04 
1.35406274306171e-01 9.98085670277601e+04 
1.35818287642122e-01 9.97902826822230e+04 
1.36230417128973e-01 9.97742359446883e+04 
1.36642496292667e-01 9.97602325111970e+04 
1.37054651941773e-01 9.97480201057911e+04 
1.37466694300606e-01 9.97372093615607e+04 
1.37878720188497e-01 9.97277815707731e+04 
1.38290797834275e-01 9.97203859477214e+04 
1.38703033449266e-01 9.97146501216001e+04 
1.39115258643402e-01 9.97103104588625e+04 
1.39527594688492e-01 9.97069962617211e+04 
1.39939855199232e-01 9.97043456114458e+04 
1.40352137346749e-01 9.97023794980760e+04 
1.40764506767958e-01 9.97014169208915e+04 
1.41177061718939e-01 9.97012857400543e+04 
1.41589637449999e-01 9.97017192054534e+04 
1.42002202437795e-01 9.97025458259721e+04 
1.42414865183321e-01 9.97036144309289e+04 
1.42827574531744e-01 9.97050842824433e+04 
1.43240332866639e-01 9.97072684363397e+04 
1.43653063885827e-01 9.97094184023610e+04 
1.44065804950332e-01 9.97117173667425e+04 
1.44478470496134e-01 9.97139095363725e+04 
1.44891138520784e-01 9.97159767500369e+04 
1.45303830308179e-01 9.97179907615971e+04 
1.45716440251421e-01 9.97201457310531e+04 
1.46129066412697e-01 9.97221859920949e+04 
1.46541677902536e-01 9.97241021179091e+04 
1.46954253121471e-01 9.97257520836881e+04 
1.47366799055068e-01 9.97273636155648e+04 
1.47779376703876e-01 9.97290646460715e+04 
1.48191886424479e-01 9.97311597436781e+04 
1.48604431920477e-01 9.97334515085000e+04 
1.49016972997624e-01 9.97359497540726e+04 
1.49429482842336e-01 9.97385337799504e+04 
1.49841974715896e-01 9.97413630218969e+04 
1.50254467908067e-01 9.97444951548517e+04 
1.50666874609996e-01 9.97480421355548e+04 
1.51079353191687e-01 9.97517420248251e+04 
1.51491782286086e-01 9.97556225390924e+04 
1.51904166018377e-01 9.97595273472473e+04 
1.52316628164378e-01 9.97636855211711e+04 
1.52729019069271e-01 9.97681925424702e+04 
1.53141346710463e-01 9.97731806235244e+04 
1.53553762735270e-01 9.97784012583624e+04 
1.53966147922520e-01 9.97839451251518e+04 
1.54378507677326e-01 9.97896374375543e+04 
1.54790955895531e-01 9.97956755751212e+04 
1.55203352071433e-01 9.98022201238204e+04 
1.55615708286734e-01 9.98092278630343e+04 
1.56028170381828e-01 9.98162601640697e+04 
1.56440622743344e-01 9.98233856119004e+04 
1.56853069306204e-01 9.98303551550829e+04 
1.57265613479396e-01 9.98374451210593e+04 
1.57678120282708e-01 9.98447249637859e+04 
1.58090605186695e-01 9.98522066602496e+04 
1.58503209463961e-01 9.98596834518461e+04 
1.58915823164048e-01 9.98672484545822e+04 
1.59328448885464e-01 9.98747389980100e+04 
1.59741179832571e-01 9.98825166905009e+04 
1.60153884446661e-01 9.98906343092721e+04 
1.60566583152069e-01 9.98991152599488e+04 
1.60979414268774e-01 9.99076659583639e+04 
1.61392273888684e-01 9.99163543764704e+04 
1.61805163231125e-01 9.99250105058158e+04 
1.62218165249659e-01 9.99338851673847e+04 
1.62631147280670e-01 9.99430015597098e+04 
1.63044133995081e-01 9.99522629632810e+04 
1.63457260589921e-01 9.99613465500294e+04 
1.63870428324082e-01 9.99702661223711e+04 
1.64283635049986e-01 9.99788530667054e+04 
1.64696955284817e-01 9.99873447573045e+04 
1.65110253535651e-01 9.99957612876998e+04 
1.65523557895444e-01 1.00004263150307e+05 
1.65937003077775e-01 1.00012700768372e+05 
1.66350495953798e-01 1.00021225465867e+05 
1.66764029397412e-01 1.00029778928118e+05 
1.67177672135273e-01 1.00038668973114e+05 
1.67591285422787e-01 1.00047945711444e+05 
1.68004899886074e-01 1.00057654496484e+05 
1.68418651299766e-01 1.00067434156770e+05 
1.68832450948554e-01 1.00077312961921e+05 
1.69246285385815e-01 1.00087136814026e+05 
1.69660219950760e-01 1.00097074919268e+05 
1.70074113958581e-01 1.00106958128122e+05 
1.70487999160673e-01 1.00116641482986e+05 
1.70902013201210e-01 1.00125755038245e+05 
1.71316071307999e-01 1.00134354208366e+05 
1.71730154745353e-01 1.00142350638294e+05 
1.72144327859989e-01 1.00149912948397e+05 
1.72558450611315e-01 1.00157036587320e+05 
1.72972554108004e-01 1.00163862196596e+05 
1.73386777947101e-01 1.00169908881391e+05 
1.73801041208700e-01 1.00175457543210e+05 
1.74215321944572e-01 1.00180205041522e+05 
1.74629683417867e-01 1.00184526246745e+05 
1.75043988687017e-01 1.00187952734190e+05 
1.75458268880856e-01 1.00190889270383e+05 
1.75872663475595e-01 1.00192688594473e+05 
1.76287095717437e-01 1.00194021555998e+05 
1.76701542310076e-01 1.00194105464572e+05 
1.77116064464673e-01 1.00193460822254e+05 
1.77530529999119e-01 1.00192154033440e+05 
1.77944970312289e-01 1.00190595724710e+05 
1.78359523946042e-01 1.00188343517409e+05 
1.78774118110254e-01 1.00185681801557e+05 
1.79188728177836e-01 1.00182461069456e+05 
1.79603412443675e-01 1.00178914235195e+05 
1.80018042692025e-01 1.00174845769586e+05 
1.80432650606093e-01 1.00170483857929e+05 
1.80847373620277e-01 1.00165295996768e+05 
1.81262143564310e-01 1.00159627321893e+05 
1.81676934831072e-01 1.00153382787474e+05 
1.82091803412505e-01 1.00146889993649e+05 
1.82506623953380e-01 1.00140000862166e+05 
1.82921429915558e-01 1.00133109168033e+05 
1.83336357757596e-01 1.00126143052254e+05 
1.83751342960444e-01 1.00119395982610e+05 
1.84166351110921e-01 1.00112624523596e+05 
1.84581444832728e-01 1.00106115271655e+05 
1.84996403379477e-01 1.00099357905592e+05 
1.85411451886658e-01 1.00092841096299e+05 
1.85826588976538e-01 1.00086151768709e+05 
1.86241819454032e-01 1.00079399903809e+05 
1.86656871970734e-01 1.00072533575310e+05 
1.87071981719385e-01 1.00065743937047e+05 
1.87487063450185e-01 1.00058674865812e+05 
1.87902282138375e-01 1.00051888074623e+05 
1.88317465715118e-01 1.00044892072172e+05 
1.88732734606958e-01 1.00037796049329e+05 
1.89147838673843e-01 1.00030637986082e+05 
1.89562971698742e-01 1.00023645172442e+05 
1.89978192157308e-01 1.00016810867208e+05 
1.90393435048635e-01 1.00010705916556e+05 
1.90808670564550e-01 1.00005134754183e+05 
1.91223963247556e-01 1.00000029449464e+05 
1.91639123180623e-01 9.99953211682000e+04 
1.92054284513053e-01 9.99913482269003e+04 
1.92469541844013e-01 9.99875241677904e+04 
1.92884814380401e-01 9.99842495832966e+04 
1.93300070613380e-01 9.99811807008464e+04 
1.93715392216989e-01 9.99785723280731e+04 
1.94130609135839e-01 9.99761554810578e+04 
1.94545803832942e-01 9.99741660450901e+04 
1.94961093225249e-01 9.99725102743840e+04 
1.95376359224397e-01 9.99720287252675e+04 
1.95791587478505e-01 9.99718912896266e+04 
1.96206893097919e-01 9.99722764424439e+04 
1.96622100862811e-01 9.99729491098599e+04 
1.97037339417517e-01 9.99738975680752e+04 
1.97452673352400e-01 9.99750712393137e+04 
1.97867935868277e-01 9.99772799847326e+04 
1.98283167838906e-01 9.99801521294428e+04 
1.98698484268523e-01 9.99833971985702e+04 
1.99113709361093e-01 9.99867390060231e+04 
1.99529010274557e-01 9.99903316013840e+04 
1.99944407762717e-01 9.99938203898871e+04 
2.00359714378088e-01 9.99973844532562e+04 
