# Liste des scalaires : TEMPS pmat 
0.00000000000000e+00 1.00000000000000e+05 
5.42217668469038e-05 1.00000000000000e+05 
9.36704252915629e-05 1.00000000000000e+05 
1.22931062183852e-04 1.00000000000000e+05 
1.46348743670827e-04 1.00000000000000e+05 
1.66458762576270e-04 1.00000000000000e+05 
1.84464152702921e-04 1.00000000000000e+05 
2.01119204063693e-04 1.00000000000000e+05 
2.16923791319146e-04 1.00000000000000e+05 
2.32060669359506e-04 1.00000000000000e+05 
2.46703597201721e-04 1.00000000000000e+05 
2.60958436400008e-04 1.00000000000000e+05 
2.76638759518124e-04 1.00000000000000e+05 
2.93887114948051e-04 1.00000000000000e+05 
3.12860305920971e-04 1.00000000000000e+05 
3.33730815991183e-04 1.00000000000000e+05 
3.56688377068417e-04 1.00000000000000e+05 
3.81941694253373e-04 1.00000000000000e+05 
4.09720343156826e-04 1.00000000000000e+05 
4.40276856950623e-04 1.00000000000000e+05 
4.73889022123801e-04 1.00000000000000e+05 
5.10862403814296e-04 1.00000000000000e+05 
5.51533123673840e-04 1.00000000000000e+05 
5.96270915519340e-04 1.00000000000000e+05 
6.45482486549389e-04 1.00000000000000e+05 
6.96242165417634e-04 1.00000000000000e+05 
7.48136607242773e-04 1.00000000000000e+05 
8.01872581071393e-04 1.00000000000000e+05 
8.57591464803531e-04 1.00000000000000e+05 
9.10963945509961e-04 1.00000000000000e+05 
9.69595728530637e-04 1.00000000000000e+05 
1.02698457189335e-03 1.00000000000000e+05 
1.08656082227805e-03 1.00000000000000e+05 
1.14757780045712e-03 1.00000000000000e+05 
1.20677140747611e-03 1.00000000000000e+05 
1.26774386313516e-03 1.00000000000000e+05 
1.33061712320730e-03 1.00000000000000e+05 
1.39515431280327e-03 1.00000000000000e+05 
1.46214981923049e-03 1.00000000000000e+05 
1.52890649441760e-03 1.00000000000000e+05 
1.59477251493494e-03 1.00000000000000e+05 
1.66080517096231e-03 1.00000000000000e+05 
1.73018380208943e-03 1.00000000000000e+05 
1.80133939190273e-03 1.00000000000000e+05 
1.87506617910468e-03 1.00000000000000e+05 
1.94790388731250e-03 1.00000000000000e+05 
2.02004815117923e-03 1.00000000000000e+05 
2.09375734332420e-03 1.00000000000000e+05 
2.16745414620546e-03 1.00000000000000e+05 
2.24257877925578e-03 1.00000000000000e+05 
2.31819727673291e-03 1.00000000000000e+05 
2.39640472824412e-03 1.00000000000000e+05 
2.47508489371299e-03 1.00000000000000e+05 
2.55530589054443e-03 1.00000000000000e+05 
2.63630151463360e-03 1.00000000000000e+05 
2.71904333443698e-03 1.00000000000000e+05 
2.80031779500193e-03 1.00000000000000e+05 
2.88143196963780e-03 1.00000000000000e+05 
2.96352310102944e-03 1.00000000000000e+05 
3.04668622293351e-03 1.00000000000000e+05 
3.13101950851182e-03 1.00000000000000e+05 
3.21661448501492e-03 1.00000000000000e+05 
3.30349830542130e-03 1.00000000000000e+05 
3.39171398389468e-03 1.00000000000000e+05 
3.48128451061580e-03 1.00000000000000e+05 
3.57224103946103e-03 1.00000000000000e+05 
3.66450015188165e-03 1.00000000000000e+05 
3.75807656953867e-03 1.00000000000000e+05 
3.85221642616027e-03 1.00000000000000e+05 
3.94816063891878e-03 1.00000000000000e+05 
4.04547128542906e-03 1.00000000000000e+05 
4.14360201139770e-03 1.00000000000000e+05 
4.23881864679745e-03 1.00000000000000e+05 
4.33501782132727e-03 1.00000000000000e+05 
4.43215266661767e-03 1.00000000000000e+05 
4.52631600946757e-03 1.00000000000000e+05 
4.62416772258434e-03 1.00000000000000e+05 
4.71997227968869e-03 1.00000000000000e+05 
4.81688403081895e-03 1.00000000000000e+05 
4.91489337310638e-03 1.00000000000000e+05 
5.01251679334071e-03 1.00000000000000e+05 
5.11065535432890e-03 1.00000000000000e+05 
5.20868115662980e-03 1.00000000000000e+05 
5.30717325806646e-03 1.00000000000000e+05 
5.40592731703568e-03 1.00000000000000e+05 
5.50497909787741e-03 1.00000000000000e+05 
5.60430554454039e-03 1.00000000000000e+05 
5.70387175600316e-03 1.00000000000000e+05 
5.80378913936459e-03 1.00000000000000e+05 
5.90376547996433e-03 1.00000000000000e+05 
6.00319473500255e-03 1.00000000000000e+05 
6.10271354863845e-03 1.00000000000000e+05 
6.20235542116054e-03 1.00000000000000e+05 
6.30212534452885e-03 1.00000000000000e+05 
6.40208136690338e-03 1.00000000000000e+05 
6.50072338396148e-03 1.00000000000000e+05 
6.59921082554012e-03 1.00000000000000e+05 
6.69758460067821e-03 1.00000000000000e+05 
6.79587819006633e-03 1.00000000000000e+05 
6.89407981992024e-03 1.00000000000000e+05 
6.99225159919333e-03 1.00000000000000e+05 
7.09039987204696e-03 1.00000000000000e+05 
7.18851229243744e-03 1.00000000000000e+05 
7.28670178439446e-03 1.00000000000000e+05 
7.38488088872469e-03 1.00000000000000e+05 
7.48297542355816e-03 1.00000000000000e+05 
7.58107317199330e-03 1.00000000000000e+05 
7.67916991316919e-03 1.00000000000000e+05 
7.77728363091325e-03 1.00000000000000e+05 
7.87555372255592e-03 1.00000000000000e+05 
7.97408182482121e-03 1.00000000000000e+05 
8.07183741890322e-03 1.00000000000000e+05 
8.16951980823377e-03 1.00000000000000e+05 
8.26718191169137e-03 1.00000000000000e+05 
8.36486541179914e-03 1.00000000000000e+05 
8.46261538579606e-03 1.00000000000000e+05 
8.56046666167970e-03 1.00000000000000e+05 
8.65842070016914e-03 1.00000000000000e+05 
8.75651505125402e-03 1.00000000000000e+05 
8.85471548081492e-03 1.00000000000000e+05 
8.95299223887035e-03 1.00000000000000e+05 
9.05138922678461e-03 1.00000000000000e+05 
9.14995206060350e-03 1.00000000000000e+05 
9.24820727092677e-03 1.00000000000000e+05 
9.34647114338745e-03 1.00000000000000e+05 
9.44474302051060e-03 1.00000000000000e+05 
9.54300184275381e-03 1.00000000000000e+05 
9.64125479560162e-03 1.00000000000000e+05 
9.73956336262220e-03 1.00000000000000e+05 
9.83794940038345e-03 1.00000000000000e+05 
9.93648770933064e-03 1.00000000000000e+05 
1.00351673053702e-02 1.00000000000000e+05 
1.01338744939173e-02 1.00000000000000e+05 
1.02326420974282e-02 1.00000000000000e+05 
1.03314672046923e-02 1.00000000000000e+05 
1.04303672845902e-02 1.00000000000000e+05 
1.05293239386099e-02 1.00000000000000e+05 
1.06283325585108e-02 1.00000000000000e+05 
1.07273482494126e-02 1.00000000000000e+05 
1.08263590601412e-02 1.00000000000000e+05 
1.09253336695628e-02 1.00000000000000e+05 
1.10242990284228e-02 1.00000000000000e+05 
1.11232986804299e-02 1.00000000000000e+05 
1.12224163166163e-02 1.00000000000000e+05 
1.13216452140497e-02 1.00000000000000e+05 
1.14209888574571e-02 1.00000000000000e+05 
1.15204269130042e-02 1.00000000000000e+05 
1.16199435250495e-02 1.00000000000000e+05 
1.17195522062414e-02 1.00000000000000e+05 
1.18191965443095e-02 1.00000000000000e+05 
1.19188369942611e-02 1.00000000000000e+05 
1.20185608386483e-02 1.00000000000000e+05 
1.21184168338142e-02 1.00000000000000e+05 
1.22184371634916e-02 1.00000000000000e+05 
1.23186276948764e-02 1.00000000000000e+05 
1.24189547348781e-02 1.00000000000000e+05 
1.25192064492025e-02 1.00000000000000e+05 
1.26193838340286e-02 1.00000000000000e+05 
1.27195295517763e-02 1.00000000000000e+05 
1.28197062445387e-02 1.00000000000000e+05 
1.29199462602278e-02 1.00000000000000e+05 
1.30199778483621e-02 1.00000000000000e+05 
1.31199936115747e-02 1.00000000000000e+05 
1.32199996000344e-02 1.00000000000000e+05 
1.33200493018183e-02 1.00000000000000e+05 
1.34201468183163e-02 1.00000000000000e+05 
1.35202974168690e-02 1.00000000000000e+05 
1.36204602959710e-02 1.00000000000000e+05 
1.37206117520189e-02 1.00000000000000e+05 
1.38207492274911e-02 1.00000000000000e+05 
1.39208703771720e-02 1.00000000000000e+05 
1.40209634076096e-02 1.00000000000000e+05 
1.41210306078370e-02 1.00000000000000e+05 
1.42210544849841e-02 1.00000000000000e+05 
1.43210332794927e-02 1.00000000000000e+05 
1.44209740391295e-02 1.00000000000000e+05 
1.45208920027620e-02 1.00000000000000e+05 
1.46207857801625e-02 1.00000000000000e+05 
1.47206603772300e-02 1.00000000000000e+05 
1.48205038195815e-02 1.00000000000000e+05 
1.49203311694966e-02 1.00000000000000e+05 
1.50201454448611e-02 1.00000000000000e+05 
1.51199844723359e-02 1.00000000000000e+05 
1.52198478352613e-02 1.00000000000000e+05 
1.53197330689900e-02 1.00000000000000e+05 
1.54196375231486e-02 1.00000000000000e+05 
1.55195872573533e-02 1.00000000000000e+05 
1.56195719519394e-02 1.00000000000000e+05 
1.57196019423455e-02 1.00000000000000e+05 
1.58196702318326e-02 1.00000000000000e+05 
1.59183190668707e-02 1.00000000000000e+05 
1.60169440167902e-02 1.00000000000000e+05 
1.61155317999201e-02 1.00000000000000e+05 
1.62140943729332e-02 1.00000000000000e+05 
1.63126360134832e-02 1.00000000000000e+05 
1.64111488495839e-02 1.00000000000000e+05 
1.65096430254128e-02 1.00000000000000e+05 
1.66081058347446e-02 1.00000000000000e+05 
1.67065227375240e-02 1.00000000000000e+05 
1.68049101835655e-02 1.00000000000000e+05 
1.69032763147792e-02 1.00000000000000e+05 
1.70016096271445e-02 1.00000000000000e+05 
1.70999265741128e-02 1.00000000000000e+05 
1.71982083694305e-02 1.00000000000000e+05 
1.72964406720728e-02 1.00000000000000e+05 
1.73946427076304e-02 1.00000000000000e+05 
1.74928247672466e-02 1.00000000000000e+05 
1.75909797033937e-02 1.00000000000000e+05 
1.76891212551599e-02 1.00000000000000e+05 
1.77872267806678e-02 1.00000000000000e+05 
1.78852867709633e-02 1.00000000000000e+05 
1.79833191913100e-02 1.00000000000000e+05 
1.80813454257033e-02 1.00000000000000e+05 
1.81793564957036e-02 1.00000000000000e+05 
1.82773683817135e-02 1.00000000000000e+05 
1.83753493020685e-02 1.00000000000000e+05 
1.84733109804152e-02 1.00000000000000e+05 
1.85712689671806e-02 1.00000000000000e+05 
1.86692635169448e-02 1.00000000000000e+05 
1.87672900251992e-02 1.00000000000000e+05 
1.88651198464208e-02 1.00000000000000e+05 
1.89628984371201e-02 1.00000000000000e+05 
1.90606848175526e-02 1.00000000000000e+05 
1.91583837979867e-02 1.00000000000000e+05 
1.92561077583379e-02 1.00000000000000e+05 
1.93538360883933e-02 1.00000000000000e+05 
1.94515358362069e-02 1.00000000000000e+05 
1.95492217374906e-02 1.00000000000000e+05 
1.96469249370196e-02 1.00000000000000e+05 
1.97446045842612e-02 1.00000000000000e+05 
1.98423248789394e-02 1.00000000000000e+05 
1.99400643787182e-02 1.00000000000000e+05 
2.00378021292599e-02 1.00000000000000e+05 
2.01355468263884e-02 1.00000000000000e+05 
2.02332667704292e-02 1.00000000000000e+05 
2.03309860818333e-02 1.00000000000000e+05 
2.04287237217262e-02 1.00000000000000e+05 
2.05264130849788e-02 1.00000000000000e+05 
2.06241204163001e-02 1.00000000000000e+05 
2.07218002555304e-02 1.00000000000000e+05 
2.08194682121670e-02 1.00000000000000e+05 
2.09171460645446e-02 1.00000000000000e+05 
2.10148374419336e-02 1.00000000000000e+05 
2.11124049245794e-02 1.00000000000000e+05 
2.12099755875896e-02 1.00000000000000e+05 
2.13075997448216e-02 1.00000000000000e+05 
2.14050712348461e-02 1.00000000000000e+05 
2.15025684707866e-02 1.00000000000000e+05 
2.16000999504298e-02 1.00000000000000e+05 
2.16976303177244e-02 1.00000000000000e+05 
2.17952260479571e-02 1.00000000000000e+05 
2.18927606688952e-02 1.00000000000000e+05 
2.19902951691389e-02 1.00000000000000e+05 
2.20877936660412e-02 1.00000000000000e+05 
2.21852074467131e-02 1.00000000000000e+05 
2.22827041276535e-02 1.00000000000000e+05 
2.23802160550741e-02 1.00000000000000e+05 
2.24777984347818e-02 1.00000000000000e+05 
2.25754008177822e-02 1.00000000000000e+05 
2.26731463726240e-02 1.00000000000000e+05 
2.27709113960216e-02 1.00000000000000e+05 
2.28687465044221e-02 1.00000000000000e+05 
2.29666457242227e-02 1.00000000000000e+05 
2.30645687258336e-02 1.00000000000000e+05 
2.31624547871943e-02 1.00000000000000e+05 
2.32603826635684e-02 1.00000000000000e+05 
2.33582723414739e-02 1.00000000000000e+05 
2.34562157315361e-02 1.00000000000000e+05 
2.35542118485781e-02 1.00000000000000e+05 
2.36522532596179e-02 1.00000000000000e+05 
2.37502943886409e-02 1.00000000000000e+05 
2.38484258236955e-02 1.00000000000000e+05 
2.39465549475425e-02 1.00000000000000e+05 
2.40447831647379e-02 1.00000000000000e+05 
2.41431073259332e-02 1.00000000000000e+05 
2.42415551910909e-02 1.00000000000000e+05 
2.43400568304586e-02 1.00000000000000e+05 
2.44386912757718e-02 1.00000000000000e+05 
2.45373918996156e-02 1.00000000000000e+05 
2.46362218008237e-02 1.00000000000000e+05 
2.47352052069560e-02 1.00000000000000e+05 
2.48343986411115e-02 1.00000000000000e+05 
2.49336926973113e-02 1.00000000000000e+05 
2.50332682715846e-02 1.00000000000000e+05 
2.51329534484648e-02 1.00000000000000e+05 
2.52329467773746e-02 1.00000000000000e+05 
2.53332580463743e-02 1.00000000000000e+05 
2.54339591821787e-02 1.00000000000000e+05 
2.55349701091201e-02 1.00000000000000e+05 
2.56365415625516e-02 1.00000000000000e+05 
2.57384703617792e-02 1.00000000000000e+05 
2.58403719835278e-02 1.00000000000000e+05 
2.59413400304168e-02 1.00000000000000e+05 
2.60432810195890e-02 1.00000000000000e+05 
2.61462373727316e-02 1.00000000000000e+05 
2.62482383809364e-02 1.00000000000000e+05 
2.63492976320597e-02 1.00000000000000e+05 
2.64510323828423e-02 1.00000000000000e+05 
2.65518581812209e-02 1.00000000000000e+05 
2.66522350835402e-02 1.00000000000000e+05 
2.67543179186664e-02 1.00000000000000e+05 
2.68546724995739e-02 1.00000000000000e+05 
2.69554088713150e-02 1.00000000000000e+05 
2.70571488572994e-02 1.00000000000000e+05 
2.71575646711505e-02 1.00000000000000e+05 
2.72579965439020e-02 1.00000000000000e+05 
2.73584612027447e-02 1.00000000000000e+05 
2.74589571612870e-02 1.00000000000000e+05 
2.75586478465251e-02 1.00000000000000e+05 
2.76592204348402e-02 1.00000000000000e+05 
2.77582201532118e-02 1.00000000000000e+05 
2.78588114398719e-02 1.00000000000000e+05 
2.79594245108329e-02 1.00000000000000e+05 
2.80562621094777e-02 1.00000000000000e+05 
2.81552089690143e-02 1.00000000000000e+05 
2.82558731339977e-02 1.00000000000000e+05 
2.83527918244463e-02 1.00000000000000e+05 
2.84497025774613e-02 1.00000000000000e+05 
2.85466548177834e-02 1.00000000000000e+05 
2.86435959275741e-02 1.00000000000000e+05 
2.87405856151358e-02 1.00000000000000e+05 
2.88375912308872e-02 1.00000000000000e+05 
2.89346177710487e-02 1.00000000000000e+05 
2.90316439594389e-02 1.00000000000000e+05 
2.91287050906105e-02 1.00000000000000e+05 
2.92257641108341e-02 1.00000000000000e+05 
2.93228774762999e-02 1.00000000000000e+05 
2.94200128939419e-02 1.00000000000000e+05 
2.95171749340268e-02 1.00000000000000e+05 
2.96136411618887e-02 1.00000000000000e+05 
2.97108536129443e-02 1.00000000000000e+05 
2.98073339615522e-02 1.00000000000000e+05 
2.99046118563697e-02 1.00000000000000e+05 
3.00019196974503e-02 1.00000000000000e+05 
3.00984616938373e-02 1.00000000000000e+05 
3.01950052229149e-02 1.00000000000000e+05 
3.02915779596667e-02 1.00000000000000e+05 
3.03881333530489e-02 1.00000000000000e+05 
3.04847257911170e-02 1.00000000000000e+05 
3.05822743906528e-02 1.00000000000000e+05 
3.06789031684122e-02 1.00000000000000e+05 
3.07755394597765e-02 1.00000000000000e+05 
3.08722157588927e-02 1.00000000000000e+05 
3.09689063191011e-02 1.00000000000000e+05 
3.10656691995301e-02 1.00000000000000e+05 
3.11624665034062e-02 1.00000000000000e+05 
3.12593001732041e-02 1.00000000000000e+05 
3.13561397128413e-02 1.00000000000000e+05 
3.14530186649967e-02 1.00000000000000e+05 
3.15499071433207e-02 1.00000000000000e+05 
3.16468664713837e-02 1.00000000000000e+05 
3.17438569902191e-02 1.00000000000000e+05 
3.18408819200186e-02 1.00000000000000e+05 
3.19377386392788e-02 1.00000000000000e+05 
3.20348376772479e-02 1.00000000000000e+05 
3.21317049744062e-02 1.00000000000000e+05 
3.22288866990170e-02 1.00000000000000e+05 
3.23261033857795e-02 1.00000000000000e+05 
3.24233599388833e-02 1.00000000000000e+05 
3.25203122412649e-02 1.00000000000000e+05 
3.26176506708925e-02 1.00000000000000e+05 
3.27146210541344e-02 1.00000000000000e+05 
3.28120455259942e-02 1.00000000000000e+05 
3.29095075897060e-02 1.00000000000000e+05 
3.30070082625655e-02 1.00000000000000e+05 
3.31040609596329e-02 1.00000000000000e+05 
3.32016399592677e-02 1.00000000000000e+05 
3.32987348914442e-02 1.00000000000000e+05 
3.33964051157143e-02 1.00000000000000e+05 
3.34941128474855e-02 1.00000000000000e+05 
3.35918596682544e-02 1.00000000000000e+05 
3.36890808272468e-02 1.00000000000000e+05 
3.37869105928331e-02 1.00000000000000e+05 
3.38841779014496e-02 1.00000000000000e+05 
3.39821022748325e-02 1.00000000000000e+05 
3.40800704503683e-02 1.00000000000000e+05 
3.41780883614444e-02 1.00000000000000e+05 
3.42755256666204e-02 1.00000000000000e+05 
3.43736474373631e-02 1.00000000000000e+05 
3.44711350376652e-02 1.00000000000000e+05 
3.45693971466459e-02 1.00000000000000e+05 
3.46677124871540e-02 1.00000000000000e+05 
3.47658621681303e-02 1.00000000000000e+05 
3.48635148244284e-02 1.00000000000000e+05 
3.49619849755609e-02 1.00000000000000e+05 
3.50596976475196e-02 1.00000000000000e+05 
3.51582980600222e-02 1.00000000000000e+05 
3.52569492006984e-02 1.00000000000000e+05 
3.53548439051197e-02 1.00000000000000e+05 
3.54527277342243e-02 1.00000000000000e+05 
3.55515504345913e-02 1.00000000000000e+05 
3.56494636401526e-02 1.00000000000000e+05 
3.57478240236597e-02 1.00000000000000e+05 
3.58467985156900e-02 1.00000000000000e+05 
3.59448458108294e-02 1.00000000000000e+05 
3.60428857905229e-02 1.00000000000000e+05 
3.61419923651386e-02 1.00000000000000e+05 
3.62400462309471e-02 1.00000000000000e+05 
3.63385054429432e-02 1.00000000000000e+05 
3.64377727167886e-02 1.00000000000000e+05 
3.65359858185857e-02 1.00000000000000e+05 
3.66341930246337e-02 1.00000000000000e+05 
3.67336128290850e-02 1.00000000000000e+05 
3.68318566587404e-02 1.00000000000000e+05 
3.69304481684493e-02 1.00000000000000e+05 
3.70295970449797e-02 1.00000000000000e+05 
3.71279107595365e-02 1.00000000000000e+05 
3.72262362539480e-02 1.00000000000000e+05 
3.73259395710123e-02 1.00000000000000e+05 
3.74243342073137e-02 1.00000000000000e+05 
3.75228572599353e-02 1.00000000000000e+05 
3.76225798286713e-02 1.00000000000000e+05 
3.77210481134067e-02 1.00000000000000e+05 
3.78195559669112e-02 1.00000000000000e+05 
3.79184809298457e-02 1.00000000000000e+05 
3.80169278421767e-02 1.00000000000000e+05 
3.81154704605007e-02 1.00000000000000e+05 
3.82151476311790e-02 1.00000000000000e+05 
3.83138546853765e-02 1.00000000000000e+05 
3.84126161841305e-02 1.00000000000000e+05 
3.85125121923317e-02 1.00000000000000e+05 
3.86127378291059e-02 1.00000000000000e+05 
3.87116329465192e-02 1.00000000000000e+05 
3.88114049204703e-02 1.00000000000000e+05 
3.89104412554818e-02 1.00000000000000e+05 
3.90108917553520e-02 1.00000000000000e+05 
3.91115337798860e-02 1.00000000000000e+05 
3.92123764434803e-02 1.00000000000000e+05 
3.93115790344966e-02 1.00000000000000e+05 
3.94123112571450e-02 1.00000000000000e+05 
3.95116573263840e-02 1.00000000000000e+05 
3.96123408374786e-02 1.00000000000000e+05 
3.97134263568749e-02 1.00000000000000e+05 
3.98144249681604e-02 1.00000000000000e+05 
3.99138044918365e-02 1.00000000000000e+05 
4.00141180582925e-02 1.00000000000000e+05 
4.01137290482918e-02 1.00000000000000e+05 
4.02150247690394e-02 1.00000000000000e+05 
4.03158928251210e-02 1.00000000000000e+05 
4.04167061248259e-02 1.00000000000000e+05 
4.05161514923406e-02 1.00000000000000e+05 
4.06166230386585e-02 1.00000000000000e+05 
4.07164575645768e-02 1.00000000000000e+05 
4.08180399839850e-02 1.00000000000000e+05 
4.09195804845707e-02 1.00000000000000e+05 
4.10210813947896e-02 1.00000000000000e+05 
4.11207349913079e-02 1.00000000000000e+05 
4.12215960459873e-02 1.00000000000000e+05 
4.13218674245911e-02 1.00000000000000e+05 
4.14217392996240e-02 1.00000000000000e+05 
4.15232844870401e-02 1.00000000000000e+05 
4.16248587545075e-02 1.00000000000000e+05 
4.17249337709621e-02 1.00000000000000e+05 
4.18264292667305e-02 1.00000000000000e+05 
4.19272913019006e-02 1.00000000000000e+05 
4.20275108451612e-02 1.00000000000000e+05 
4.21294650894541e-02 1.00000000000000e+05 
4.22314427119702e-02 1.00000000000000e+05 
4.23325499813174e-02 1.00000000000000e+05 
4.24345974529554e-02 1.00000000000000e+05 
4.25365815172966e-02 1.00000000000000e+05 
4.26375402667849e-02 1.00000000000000e+05 
4.27399951627460e-02 1.00000000000000e+05 
4.28424573531485e-02 1.00000000000000e+05 
4.29446276646579e-02 1.00000000000000e+05 
4.30471471551840e-02 1.00000000000000e+05 
4.31497185667663e-02 1.00000000000000e+05 
4.32524696125177e-02 1.00000000000000e+05 
4.33552853491835e-02 1.00000000000000e+05 
4.34580983960588e-02 1.00000000000000e+05 
4.35608740337042e-02 1.00000000000000e+05 
4.36636701534327e-02 1.00000000000000e+05 
4.37660004850462e-02 1.00000000000000e+05 
4.38688276714560e-02 1.00000000000000e+05 
4.39717174907623e-02 1.00000000000000e+05 
4.40745849149852e-02 1.00000000000000e+05 
4.41775214508446e-02 1.00000000000000e+05 
4.42805273406233e-02 1.00000000000000e+05 
4.43835683734279e-02 1.00000000000000e+05 
4.44866295977760e-02 1.00000000000000e+05 
4.45896876457842e-02 1.00000000000000e+05 
4.46927689139680e-02 1.00000000000000e+05 
4.47958601774211e-02 1.00000000000000e+05 
4.48989155823815e-02 1.00000000000000e+05 
4.50020687135944e-02 1.00000000000000e+05 
4.51052412263054e-02 1.00000000000000e+05 
4.52085848768212e-02 1.00000000000000e+05 
4.53120138221275e-02 1.00000000000000e+05 
4.54155846910921e-02 1.00000000000000e+05 
4.55191321600197e-02 1.00000000000000e+05 
4.56230532800245e-02 1.00000000000000e+05 
4.57272013618176e-02 1.00000000000000e+05 
4.58314660257912e-02 1.00000000000000e+05 
4.59356971645774e-02 1.00000000000000e+05 
4.60400077921019e-02 1.00000000000000e+05 
4.61444017318863e-02 1.00000000000000e+05 
4.62490451016732e-02 1.00000000000000e+05 
4.63536214415249e-02 1.00000000000000e+05 
4.64583528523914e-02 1.00000000000000e+05 
4.65632309123147e-02 1.00000000000000e+05 
4.66681711120224e-02 1.00000000000000e+05 
4.67734737817810e-02 1.00000000000000e+05 
4.68789497305312e-02 1.00000000000000e+05 
4.69844618136512e-02 1.00000000000000e+05 
4.70898823654360e-02 1.00000000000000e+05 
4.71951035692560e-02 1.00000000000000e+05 
4.73003301258279e-02 1.00000000000000e+05 
4.74060146702866e-02 1.00000000000000e+05 
4.75118935544217e-02 1.00000000000000e+05 
4.76183274228881e-02 1.00000000000000e+05 
4.77248301836322e-02 1.00000000000000e+05 
4.78311243339505e-02 1.00000000000000e+05 
4.79372425427824e-02 1.00000000000000e+05 
4.80436707614609e-02 1.00000000000000e+05 
4.81507493312253e-02 1.00000000000000e+05 
4.82584212347410e-02 1.00000000000000e+05 
4.83661139277687e-02 1.00000000000000e+05 
4.84736675022314e-02 1.00000000000000e+05 
4.85809321122257e-02 1.00000000000000e+05 
4.86895518707586e-02 1.00000000000000e+05 
4.87981297307076e-02 1.00000000000000e+05 
4.89068950182938e-02 1.00000000000000e+05 
4.90158305981283e-02 1.00000000000000e+05 
4.91247062187747e-02 1.00000000000000e+05 
4.92335568673722e-02 1.00000000000000e+05 
4.93428750909970e-02 1.00000000000000e+05 
4.94520479140798e-02 1.00000000000000e+05 
4.95616271516282e-02 1.00000000000000e+05 
4.96713861745944e-02 1.00000000000000e+05 
4.97813863451049e-02 1.00000000000000e+05 
4.98911806201036e-02 1.00000000000000e+05 
5.00004186836057e-02 1.00000000000000e+05 
5.01095431289859e-02 1.00000000000000e+05 
5.02193695855455e-02 1.00000000000000e+05 
5.03295942937132e-02 1.00000000000000e+05 
5.04402763051017e-02 1.00000000000000e+05 
5.05509739037360e-02 1.00000000000000e+05 
5.06610518412856e-02 1.00000000000000e+05 
5.07712405343950e-02 1.00000000000000e+05 
5.08823758786954e-02 1.00000000000000e+05 
5.09934651635906e-02 1.00000000000000e+05 
5.11045829013784e-02 1.00000000000000e+05 
5.12157067800593e-02 1.00000000000000e+05 
5.13269762342409e-02 1.00000000000000e+05 
5.14383158109540e-02 1.00000000000000e+05 
5.15495520092294e-02 1.00000000000000e+05 
5.16607905388607e-02 1.00000000000000e+05 
5.17720948245585e-02 1.00000000000000e+05 
5.18834582996417e-02 1.00000000000000e+05 
5.19950716470173e-02 1.00000000000000e+05 
5.21069200747438e-02 1.00000000000000e+05 
5.22188424379495e-02 1.00000000000000e+05 
5.23310108524502e-02 1.00000000000000e+05 
5.24435134297685e-02 1.00000000000000e+05 
5.25562783778378e-02 1.00000000000000e+05 
5.26695527152585e-02 1.00000000000000e+05 
5.27833476373432e-02 1.00000000000000e+05 
5.28975439064888e-02 1.00000000000000e+05 
5.30122488028836e-02 1.00000000000000e+05 
5.31270539609358e-02 1.00000000000000e+05 
5.32395408822010e-02 1.00000000000000e+05 
5.33543019991755e-02 1.00000000000000e+05 
5.34676757027959e-02 1.00000000000000e+05 
5.35822198567303e-02 1.00000000000000e+05 
5.36973608248478e-02 1.00000000000000e+05 
5.38124906536749e-02 1.00000000000000e+05 
5.39263511765362e-02 1.00000000000000e+05 
5.40414005154997e-02 1.00000000000000e+05 
5.41563282080153e-02 1.00000000000000e+05 
5.42712820911012e-02 1.00000000000000e+05 
5.43863350267468e-02 1.00000000000000e+05 
5.45014448427796e-02 1.00000000000000e+05 
5.46165327270787e-02 1.00000000000000e+05 
5.47316450173128e-02 1.00000000000000e+05 
5.48467490609264e-02 1.00000000000000e+05 
5.49618587306058e-02 1.00000000000000e+05 
5.50769625359744e-02 1.00000000000000e+05 
5.51931931426550e-02 1.00000000000000e+05 
5.53094930775346e-02 1.00000000000000e+05 
5.54256074511053e-02 1.00000000000000e+05 
5.55416534031686e-02 1.00000000000000e+05 
5.56576365471788e-02 1.00000000000000e+05 
5.57732663892073e-02 1.00000000000000e+05 
5.58882111751806e-02 1.00000000000000e+05 
5.60030887091606e-02 1.00000000000000e+05 
5.61181039217691e-02 1.00000000000000e+05 
5.62333637601018e-02 1.00000000000000e+05 
5.63489101982490e-02 1.00000000000000e+05 
5.64646032656332e-02 1.00000000000000e+05 
5.65804723025220e-02 1.00000000000000e+05 
5.66964288467533e-02 1.00000000000000e+05 
5.68123963462913e-02 1.00000000000000e+05 
5.69285543814965e-02 1.00000000000000e+05 
5.70447929198860e-02 1.00000000000000e+05 
5.71613286495979e-02 1.00000000000000e+05 
5.72780850004825e-02 1.00000000000000e+05 
5.73951002039785e-02 1.00000000000000e+05 
5.75122686337365e-02 1.00000000000000e+05 
5.76294974045031e-02 1.00000000000000e+05 
5.77466934101811e-02 1.00000000000000e+05 
5.78639622752286e-02 1.00000000000000e+05 
5.79812715630690e-02 1.00000000000000e+05 
5.80986600797439e-02 1.00000000000000e+05 
5.82161965124758e-02 1.00000000000000e+05 
5.83338378074755e-02 1.00000000000000e+05 
5.84515756862469e-02 1.00000000000000e+05 
5.85693958261499e-02 1.00000000000000e+05 
5.86873970000343e-02 1.00000000000000e+05 
5.88054978565506e-02 1.00000000000000e+05 
5.89236907196879e-02 1.00000000000000e+05 
5.90419945989915e-02 1.00000000000000e+05 
5.91603740528175e-02 1.00000000000000e+05 
5.92788025008244e-02 1.00000000000000e+05 
5.93973359203616e-02 1.00000000000000e+05 
5.95159494129065e-02 1.00000000000000e+05 
5.96346033847761e-02 1.00000000000000e+05 
5.97533730326426e-02 1.00000000000000e+05 
5.98721786673230e-02 1.00000000000000e+05 
5.99910380208242e-02 1.00000000000000e+05 
6.01099515591910e-02 1.00000000000000e+05 
6.02289344904914e-02 1.00000000000000e+05 
6.03479174214128e-02 1.00000000000000e+05 
6.04670593171423e-02 1.00000000000000e+05 
6.05862880956597e-02 1.00000000000000e+05 
6.07056754930718e-02 1.00000000000000e+05 
6.08250536188721e-02 1.00000000000000e+05 
6.09443406031889e-02 1.00000000000000e+05 
6.10635617645947e-02 1.00000000000000e+05 
6.11826869896917e-02 1.00000000000000e+05 
6.13017156320102e-02 1.00000000000000e+05 
6.14207360614896e-02 1.00000000000000e+05 
6.15397445480865e-02 1.00000000000000e+05 
6.16587669629546e-02 1.00000000000000e+05 
6.17778271964649e-02 1.00000000000000e+05 
6.18968985451296e-02 1.00000000000000e+05 
6.20159094628573e-02 1.00000000000000e+05 
6.21349565744781e-02 1.00000000000000e+05 
6.22540270731925e-02 1.00000000000000e+05 
6.23731329122341e-02 1.00000000000000e+05 
6.24923003716605e-02 1.00000000000000e+05 
6.26114993661820e-02 1.00000000000000e+05 
6.27307121117858e-02 1.00000000000000e+05 
6.28499408182868e-02 1.00000000000000e+05 
6.29691884162066e-02 1.00000000000000e+05 
6.30884653589076e-02 1.00000000000000e+05 
6.32077840710417e-02 1.00000000000000e+05 
6.33271277991551e-02 1.00000000000000e+05 
6.34464757845625e-02 1.00000000000000e+05 
6.35658331112346e-02 1.00000000000000e+05 
6.36852000064641e-02 1.00000000000000e+05 
6.38045725501750e-02 1.00000000000000e+05 
6.39239544256053e-02 1.00000000000000e+05 
6.40433491501226e-02 1.00000000000000e+05 
6.41627176592710e-02 1.00000000000000e+05 
6.42821159249871e-02 1.00000000000000e+05 
6.44016047505542e-02 1.00000000000000e+05 
6.45211857626946e-02 1.00000000000000e+05 
6.46408174070837e-02 1.00000000000000e+05 
6.47605073677436e-02 1.00000000000000e+05 
6.48801642612476e-02 1.00000000000000e+05 
6.49998659390667e-02 1.00000000000000e+05 
6.51195920524600e-02 1.00000000000000e+05 
6.52393664808614e-02 1.00000000000000e+05 
6.53591408262703e-02 1.00000000000000e+05 
6.54789843267063e-02 1.00000000000000e+05 
6.55987841758782e-02 1.00000000000000e+05 
6.57186145145124e-02 1.00000000000000e+05 
6.58384767986481e-02 1.00000000000000e+05 
6.59584204137690e-02 1.00000000000000e+05 
6.60783822324520e-02 1.00000000000000e+05 
6.61984910708446e-02 1.00000000000000e+05 
6.63185562096072e-02 1.00000000000000e+05 
6.64386846623197e-02 1.00000000000000e+05 
6.65588731037333e-02 1.00000000000000e+05 
6.66791789875836e-02 1.00000000000000e+05 
6.67994948710922e-02 1.00000000000000e+05 
6.69200361137162e-02 1.00000000000000e+05 
6.70405687363373e-02 1.00000000000000e+05 
6.71612719875051e-02 1.00000000000000e+05 
6.72821245249012e-02 1.00000000000000e+05 
6.74032115731088e-02 1.00000000000000e+05 
6.75243236563777e-02 1.00000000000000e+05 
6.76456695709968e-02 1.00000000000000e+05 
6.77669797180513e-02 1.00000000000000e+05 
6.78883195103825e-02 1.00000000000000e+05 
6.80097197118703e-02 1.00000000000000e+05 
6.81311843869976e-02 1.00000000000000e+05 
6.82527157551692e-02 1.00000000000000e+05 
6.83743331525615e-02 1.00000000000000e+05 
6.84959603358355e-02 1.00000000000000e+05 
6.86175999323637e-02 1.00000000000000e+05 
6.87393009983364e-02 1.00000000000000e+05 
6.88610507174270e-02 1.00000000000000e+05 
6.89828285440063e-02 1.00000000000000e+05 
6.91046615051677e-02 1.00000000000000e+05 
6.92264325291178e-02 1.00000000000000e+05 
6.93481602443796e-02 1.00000000000000e+05 
6.94698948416027e-02 1.00000000000000e+05 
6.95916620364108e-02 1.00000000000000e+05 
6.97134436058749e-02 1.00000000000000e+05 
6.98352836616998e-02 1.00000000000000e+05 
6.99570861347979e-02 1.00000000000000e+05 
7.00788676989436e-02 1.00000000000000e+05 
7.02007220011596e-02 1.00000000000000e+05 
7.03226298289332e-02 1.00000000000000e+05 
7.04445880122880e-02 1.00000000000000e+05 
7.05666669404415e-02 1.00000000000000e+05 
7.06887507972929e-02 1.00000000000000e+05 
7.08108421455367e-02 1.00000000000000e+05 
7.09329807350966e-02 1.00000000000000e+05 
7.10551645639702e-02 1.00000000000000e+05 
7.11773715751290e-02 1.00000000000000e+05 
7.12996986962329e-02 1.00000000000000e+05 
7.14220507586077e-02 1.00000000000000e+05 
7.15444369697622e-02 1.00000000000000e+05 
7.16669065071258e-02 1.00000000000000e+05 
7.17894566492546e-02 1.00000000000000e+05 
7.19120699890345e-02 1.00000000000000e+05 
7.20348498172237e-02 1.00000000000000e+05 
7.21576729894626e-02 1.00000000000000e+05 
7.22805308600024e-02 1.00000000000000e+05 
7.24034733958163e-02 1.00000000000000e+05 
7.25264989254944e-02 1.00000000000000e+05 
7.26496021280352e-02 1.00000000000000e+05 
7.27729205519150e-02 1.00000000000000e+05 
7.28963341247353e-02 1.00000000000000e+05 
7.30198475387564e-02 1.00000000000000e+05 
7.31435332946614e-02 1.00000000000000e+05 
7.32673851061966e-02 1.00000000000000e+05 
7.33914067931971e-02 1.00000000000000e+05 
7.35157118680988e-02 1.00000000000000e+05 
7.36401951462440e-02 1.00000000000000e+05 
7.37648463445725e-02 1.00000000000000e+05 
7.38897711565490e-02 1.00000000000000e+05 
7.40149837169946e-02 1.00000000000000e+05 
7.41405028507778e-02 1.00000000000000e+05 
7.42665037131752e-02 1.00000000000000e+05 
7.43929888712323e-02 1.00000000000000e+05 
7.45200831130228e-02 1.00000000000000e+05 
7.46477253536872e-02 1.00000000000000e+05 
7.47759475090347e-02 1.00000000000000e+05 
7.49042913266573e-02 1.00000000000000e+05 
7.50327190160597e-02 1.00000000000000e+05 
7.51611843145815e-02 1.00000000000000e+05 
7.52897527638952e-02 1.00000000000000e+05 
7.54184499253538e-02 1.00000000000000e+05 
7.55472857167009e-02 1.00000000000000e+05 
7.56762900945298e-02 1.00000000000000e+05 
7.58054966024036e-02 1.00000000000000e+05 
7.59348332495620e-02 1.00000000000000e+05 
7.60643471502234e-02 1.00000000000000e+05 
7.61940747495129e-02 1.00000000000000e+05 
7.63240433226366e-02 1.00000000000000e+05 
7.64542738008684e-02 1.00000000000000e+05 
7.65848332973655e-02 1.00000000000000e+05 
7.67157094140738e-02 1.00000000000000e+05 
7.68471145811882e-02 1.00000000000000e+05 
7.69790333935921e-02 1.00000000000000e+05 
7.71115502892659e-02 1.00000000000000e+05 
7.72446939140474e-02 1.00000000000000e+05 
7.73783420430880e-02 1.00000000000000e+05 
7.75127477623013e-02 1.00000000000000e+05 
7.76479027574429e-02 1.00000000000000e+05 
7.77838016005723e-02 1.00000000000000e+05 
7.79192729735928e-02 1.00000000000000e+05 
7.80572453233722e-02 1.00000000000000e+05 
7.81936149360734e-02 1.00000000000000e+05 
7.83331689785348e-02 1.00000000000000e+05 
7.84728731884695e-02 1.00000000000000e+05 
7.86124514995709e-02 1.00000000000000e+05 
7.87521586691538e-02 1.00000000000000e+05 
7.88918960509606e-02 1.00000000000000e+05 
7.90314944226214e-02 1.00000000000000e+05 
7.91710316683476e-02 1.00000000000000e+05 
7.93107362297478e-02 1.00000000000000e+05 
7.94503150261816e-02 1.00000000000000e+05 
7.95900295189028e-02 1.00000000000000e+05 
7.97297778265575e-02 1.00000000000000e+05 
7.98693872091391e-02 1.00000000000000e+05 
8.00089372806879e-02 1.00000000000000e+05 
8.01486588805269e-02 1.00000000000000e+05 
8.02882534612080e-02 1.00000000000000e+05 
8.04279885040540e-02 1.00000000000000e+05 
8.05677606785259e-02 1.00000000000000e+05 
8.07073956013564e-02 1.00000000000000e+05 
8.08469740140344e-02 1.00000000000000e+05 
8.09867286161690e-02 1.00000000000000e+05 
8.11263587854956e-02 1.00000000000000e+05 
8.12661350983515e-02 1.00000000000000e+05 
8.14059538156588e-02 1.00000000000000e+05 
8.15456405831289e-02 1.00000000000000e+05 
8.16852767389601e-02 1.00000000000000e+05 
8.18250941217413e-02 1.00000000000000e+05 
8.19647932493554e-02 1.00000000000000e+05 
8.21046436016991e-02 1.00000000000000e+05 
8.22445418479656e-02 1.00000000000000e+05 
8.23843138471090e-02 1.00000000000000e+05 
8.25240374827888e-02 1.00000000000000e+05 
8.26639427173956e-02 1.00000000000000e+05 
8.28037353834328e-02 1.00000000000000e+05 
8.29436779718575e-02 1.00000000000000e+05 
8.30836694845912e-02 1.00000000000000e+05 
8.32235371343431e-02 1.00000000000000e+05 
8.33633597117808e-02 1.00000000000000e+05 
8.35033876114724e-02 1.00000000000000e+05 
8.36432655104347e-02 1.00000000000000e+05 
8.37832860106524e-02 1.00000000000000e+05 
8.39233570596445e-02 1.00000000000000e+05 
8.40632762006250e-02 1.00000000000000e+05 
8.42031267439195e-02 1.00000000000000e+05 
8.43431633207977e-02 1.00000000000000e+05 
8.44831035479422e-02 1.00000000000000e+05 
8.46231926507286e-02 1.00000000000000e+05 
8.47633230377027e-02 1.00000000000000e+05 
8.49033214309135e-02 1.00000000000000e+05 
8.50432703855412e-02 1.00000000000000e+05 
8.51833931166087e-02 1.00000000000000e+05 
8.53234098205850e-02 1.00000000000000e+05 
8.54635694523535e-02 1.00000000005150e+05 
8.56037735035805e-02 1.00000000031339e+05 
8.57438602907624e-02 1.00000000198067e+05 
8.58839040695979e-02 1.00000000432262e+05 
8.60241175543868e-02 1.00000000736190e+05 
8.61642311666742e-02 1.00000001212466e+05 
8.63044820143965e-02 1.00000001872306e+05 
8.64447764755866e-02 1.00000002488461e+05 
8.65849603560804e-02 1.00000002933664e+05 
8.67251010297497e-02 1.00000003420298e+05 
8.68654072126862e-02 1.00000003924559e+05 
8.70056167872122e-02 1.00000004409989e+05 
8.71459567825983e-02 1.00000004883350e+05 
8.72863376517176e-02 1.00000005339255e+05 
8.74266076025200e-02 1.00000005755012e+05 
8.75668320529057e-02 1.00000006155675e+05 
8.77072163709139e-02 1.00000006545000e+05 
8.78475057344035e-02 1.00000006949653e+05 
8.79879189019383e-02 1.00000007313057e+05 
8.81283702303667e-02 1.00000007713185e+05 
8.82687116020638e-02 1.00000008156323e+05 
8.84090078562669e-02 1.00000008648714e+05 
8.85494591959414e-02 1.00000009207350e+05 
8.86898184639990e-02 1.00000009972910e+05 
8.88302974986592e-02 1.00000010896101e+05 
8.89708117572209e-02 1.00000012425951e+05 
8.91112182231286e-02 1.00000014604421e+05 
8.92515791034132e-02 1.00000019056336e+05 
8.93920891654095e-02 1.00000027353653e+05 
8.95325092028551e-02 1.00000040293868e+05 
8.96730447722772e-02 1.00000058890808e+05 
8.98136138236500e-02 1.00000084363967e+05 
8.99540791962810e-02 1.00000117745769e+05 
9.00945016284061e-02 1.00000159322537e+05 
9.02350703715904e-02 1.00000210163597e+05 
9.03755533936634e-02 1.00000270655353e+05 
9.05161489132512e-02 1.00000343362286e+05 
9.06567751077102e-02 1.00000428092080e+05 
9.07973014458908e-02 1.00000525234511e+05 
9.09377856608387e-02 1.00000635532854e+05 
9.10784097762544e-02 1.00000759826537e+05 
9.12189505779178e-02 1.00000898154400e+05 
9.13596012009396e-02 1.00001050520066e+05 
9.15002802845857e-02 1.00001216672209e+05 
9.16408679189588e-02 1.00001395892013e+05 
9.17814202298191e-02 1.00001586090680e+05 
9.19221088665175e-02 1.00001787919778e+05 
9.20627194608553e-02 1.00001998928802e+05 
9.22034404297806e-02 1.00002218324153e+05 
9.23441879179857e-02 1.00002443263735e+05 
9.24848539071465e-02 1.00002670764857e+05 
9.26254893015509e-02 1.00002899449506e+05 
9.27662513118994e-02 1.00003128605791e+05 
9.29069376119669e-02 1.00003354525261e+05 
9.30477300995560e-02 1.00003571312360e+05 
9.31885450974402e-02 1.00003781404979e+05 
9.33292858957813e-02 1.00003990026452e+05 
9.34699993811785e-02 1.00004202981707e+05 
9.36108295633434e-02 1.00004413733407e+05 
9.37515871597911e-02 1.00004640825537e+05 
9.38924453384820e-02 1.00004900790590e+05 
9.40333216328680e-02 1.00005212258685e+05 
9.41741329680725e-02 1.00005577692919e+05 
9.43149231928494e-02 1.00006035296077e+05 
9.44558225550557e-02 1.00006621584088e+05 
9.45966576746090e-02 1.00007445979792e+05 
9.47375897204008e-02 1.00008510789420e+05 
9.48785365706001e-02 1.00010039315395e+05 
9.50194330354829e-02 1.00012176703770e+05 
9.51603142511325e-02 1.00015077111419e+05 
9.53012901030812e-02 1.00018925386634e+05 
9.54422083240351e-02 1.00023792572564e+05 
9.55832146697213e-02 1.00029968796851e+05 
9.57241736065541e-02 1.00037778630848e+05 
9.58651498317974e-02 1.00047277126718e+05 
9.60061151054678e-02 1.00058684437786e+05 
9.61470864690766e-02 1.00072216415363e+05 
9.62880679335079e-02 1.00088126449030e+05 
9.64291114765830e-02 1.00106662523717e+05 
9.65700409731186e-02 1.00128059357555e+05 
9.67110133520012e-02 1.00152592394590e+05 
9.68519761003957e-02 1.00180507353966e+05 
9.69929089431207e-02 1.00212024103263e+05 
9.71338013747556e-02 1.00247324584117e+05 
9.72747477662604e-02 1.00286622590683e+05 
9.74156124146292e-02 1.00330033222512e+05 
9.75564511102622e-02 1.00377680306881e+05 
9.76972862824479e-02 1.00429657882976e+05 
9.78381338509762e-02 1.00486036896416e+05 
9.79788888378992e-02 1.00546768233845e+05 
9.81197084858134e-02 1.00611895079989e+05 
9.82604513072377e-02 1.00681283503287e+05 
9.84011548411664e-02 1.00754816793886e+05 
9.85418660641771e-02 1.00832285884330e+05 
9.86825869711372e-02 1.00913463513730e+05 
9.88232138235671e-02 1.00998047163539e+05 
9.89639251480542e-02 1.01085716234258e+05 
9.91045575262521e-02 1.01176229358132e+05 
9.92451391765019e-02 1.01268463119444e+05 
9.93857421348220e-02 1.01362165872728e+05 
9.95263572430989e-02 1.01456943953409e+05 
9.96668735862705e-02 1.01551877739124e+05 
9.98074888959070e-02 1.01646587324663e+05 
9.99480250943865e-02 1.01740607898039e+05 
1.00088502573935e-01 1.01833326305888e+05 
1.00229012666365e-01 1.01924270445063e+05 
1.00369546429431e-01 1.02012998686397e+05 
1.00509974666494e-01 1.02098520859398e+05 
1.00650517555730e-01 1.02180324407263e+05 
1.00790984792027e-01 1.02258324884663e+05 
1.00931382714070e-01 1.02331687113710e+05 
1.01071819649467e-01 1.02400430190791e+05 
1.01212301460798e-01 1.02464179508326e+05 
1.01352672157552e-01 1.02522657968892e+05 
1.01493176855230e-01 1.02576602304179e+05 
1.01633610846477e-01 1.02625329255566e+05 
1.01773966573798e-01 1.02668474174445e+05 
1.01914368350074e-01 1.02705230369901e+05 
1.02054836028150e-01 1.02736203586207e+05 
1.02195190106820e-01 1.02764915043557e+05 
1.02335697621249e-01 1.02788532162695e+05 
1.02476141210226e-01 1.02804022395123e+05 
1.02616504787795e-01 1.02813110820959e+05 
1.02756920296488e-01 1.02816662611126e+05 
1.02897417434079e-01 1.02815735312354e+05 
1.03037803375794e-01 1.02810533419968e+05 
1.03178359107832e-01 1.02797162162136e+05 
1.03318858063093e-01 1.02783942572374e+05 
1.03459280380182e-01 1.02770727543765e+05 
1.03599759844192e-01 1.02757284567557e+05 
1.03740331984361e-01 1.02743708522090e+05 
1.03880800666517e-01 1.02728363975729e+05 
1.04021451222301e-01 1.02711054133558e+05 
1.04162053396352e-01 1.02691035354453e+05 
1.04302585940569e-01 1.02668021817723e+05 
1.04443179933048e-01 1.02641479913956e+05 
1.04583875487476e-01 1.02611276237873e+05 
1.04724475646005e-01 1.02578283479174e+05 
1.04865268077493e-01 1.02542565849562e+05 
1.05006019961491e-01 1.02504317183349e+05 
1.05146708577330e-01 1.02463920396510e+05 
1.05287461418587e-01 1.02421332398122e+05 
1.05428223248753e-01 1.02376971547363e+05 
1.05568994935203e-01 1.02331091319653e+05 
1.05709906969132e-01 1.02283928645907e+05 
1.05850799203151e-01 1.02235816362810e+05 
1.05991676484595e-01 1.02187072552201e+05 
1.06132618847727e-01 1.02137853089789e+05 
1.06273452076629e-01 1.02088401626249e+05 
1.06414423631923e-01 1.02038808439319e+05 
1.06555410383277e-01 1.01989165980074e+05 
1.06696382448868e-01 1.01939878564587e+05 
1.06837472019711e-01 1.01891150604525e+05 
1.06978626683748e-01 1.01843184657299e+05 
1.07119550065640e-01 1.01795700733050e+05 
1.07260720134644e-01 1.01749775828275e+05 
1.07401805659004e-01 1.01705190523544e+05 
1.07542876928109e-01 1.01661802926001e+05 
1.07684196785134e-01 1.01619880466082e+05 
1.07797419498440e-01 1.01586435876257e+05 
1.07919441815769e-01 1.01550638944558e+05 
1.08046860165638e-01 1.01513629880257e+05 
1.08166487443721e-01 1.01479234794582e+05 
1.08292050118461e-01 1.01443459317778e+05 
1.08415270047395e-01 1.01408806102515e+05 
1.08543594009730e-01 1.01373172184815e+05 
1.08662717482613e-01 1.01340315132058e+05 
1.08789573178777e-01 1.01305413837107e+05 
1.08911567123418e-01 1.01271905974012e+05 
1.09039518985952e-01 1.01236745755069e+05 
1.09165979755823e-01 1.01201922315556e+05 
1.09279190888109e-01 1.01170700594211e+05 
1.09402873128726e-01 1.01136503546426e+05 
1.09533234111744e-01 1.01100348466693e+05 
1.09655477299738e-01 1.01066330976203e+05 
1.09781891350942e-01 1.01031025528847e+05 
1.09906968474592e-01 1.00995933994345e+05 
1.10038196103277e-01 1.00959027278965e+05 
1.10169976527141e-01 1.00921911079162e+05 
1.10302923232924e-01 1.00884471129138e+05 
1.10412191673425e-01 1.00853650997743e+05 
1.10532386957976e-01 1.00819723571294e+05 
1.10662028450244e-01 1.00783048582410e+05 
1.10789314150530e-01 1.00747081762192e+05 
1.10921160718455e-01 1.00709899626500e+05 
1.11055995125686e-01 1.00672052425211e+05 
1.11192520527505e-01 1.00633806424917e+05 
1.11330666586284e-01 1.00595258639250e+05 
1.11472664536072e-01 1.00555664510345e+05 
1.11614718640779e-01 1.00516296900888e+05 
1.11756457634033e-01 1.00477316040721e+05 
1.11898429373588e-01 1.00438661104906e+05 
1.12040355195837e-01 1.00400239605038e+05 
1.12182232782942e-01 1.00362086403177e+05 
1.12324375716629e-01 1.00323901113762e+05 
1.12466565986907e-01 1.00285958980644e+05 
1.12608457831298e-01 1.00248376612766e+05 
1.12750579105267e-01 1.00211089765227e+05 
1.12892649793995e-01 1.00173808947802e+05 
1.13034662439786e-01 1.00136575722285e+05 
1.13176961079807e-01 1.00098688571524e+05 
1.13319310948164e-01 1.00060687955682e+05 
1.13461340579886e-01 1.00022697587295e+05 
1.13603590064765e-01 9.99848588106013e+04 
1.13745791296968e-01 9.99468236966513e+04 
1.13887932775104e-01 9.99086959547180e+04 
1.14030335138172e-01 9.98700598856029e+04 
1.14172788813497e-01 9.98314328747586e+04 
1.14314951786766e-01 9.97928448444942e+04 
1.14457295961755e-01 9.97547688815126e+04 
1.14599612399911e-01 9.97167199534863e+04 
1.14741854333165e-01 9.96787912450547e+04 
1.14884289173266e-01 9.96406335842517e+04 
1.15026744101345e-01 9.96028146090899e+04 
1.15169002463997e-01 9.95654507643820e+04 
1.15311359974430e-01 9.95292491642012e+04 
1.15453697948309e-01 9.94935004984898e+04 
1.15595962099560e-01 9.94583357029446e+04 
1.15738420740715e-01 9.94230768210356e+04 
1.15880905219270e-01 9.93886395599816e+04 
1.16023196517499e-01 9.93550675998087e+04 
1.16165583667773e-01 9.93229188582211e+04 
1.16307961665561e-01 9.92915702385601e+04 
1.16450266775796e-01 9.92612084264653e+04 
1.16592757375786e-01 9.92312787327353e+04 
1.16735258873376e-01 9.92024028874568e+04 
1.16877599301812e-01 9.91747189459515e+04 
1.17019991594837e-01 9.91487938039491e+04 
1.17162418629314e-01 9.91238707331321e+04 
1.17304748442391e-01 9.90999286034188e+04 
1.17447217582550e-01 9.90767287951933e+04 
1.17589698994517e-01 9.90543412896167e+04 
1.17732079803440e-01 9.90328596095764e+04 
1.17874453321611e-01 9.90125006087248e+04 
1.18016866349951e-01 9.89930112896420e+04 
1.18159184445360e-01 9.89743889189343e+04 
1.18301640557307e-01 9.89559606096401e+04 
1.18444109807375e-01 9.89382690446749e+04 
1.18586481661516e-01 9.89214612004850e+04 
1.18728844368731e-01 9.89056992828743e+04 
1.18871253711539e-01 9.88909976761763e+04 
1.19013570561224e-01 9.88771412857014e+04 
1.19156022121461e-01 9.88635651556916e+04 
1.19298487250444e-01 9.88508104844656e+04 
1.19440859525945e-01 9.88390631166317e+04 
1.19583220893901e-01 9.88283061117120e+04 
1.19725634247281e-01 9.88186132668399e+04 
1.19867957630047e-01 9.88096185048795e+04 
1.20010411878738e-01 9.88014253255466e+04 
1.20152879861191e-01 9.87939896158736e+04 
1.20295258540153e-01 9.87872753061454e+04 
1.20437625892866e-01 9.87810773617614e+04 
1.20580048911931e-01 9.87758877786621e+04 
1.20722384300381e-01 9.87706659266570e+04 
1.20864848095272e-01 9.87651875692265e+04 
1.21007325689522e-01 9.87607405118074e+04 
1.21149714441276e-01 9.87576720269309e+04 
1.21292091791156e-01 9.87557733182040e+04 
1.21434524974827e-01 9.87547170052530e+04 
1.21576872179343e-01 9.87544817831058e+04 
1.21719344944892e-01 9.87541559389523e+04 
1.21861830326290e-01 9.87542452564488e+04 
1.22004225441374e-01 9.87549946704280e+04 
1.22146609383269e-01 9.87564066594260e+04 
1.22289048574269e-01 9.87586073780062e+04 
1.22431402394549e-01 9.87612238935366e+04 
1.22573881046512e-01 9.87640045946270e+04 
1.22716371917072e-01 9.87669664956513e+04 
1.22858770736703e-01 9.87707919333415e+04 
1.23001158676759e-01 9.87748579865130e+04 
1.23143603086164e-01 9.87794760664633e+04 
1.23285963031430e-01 9.87842652093909e+04 
1.23428449040753e-01 9.87886692815845e+04 
1.23570948976298e-01 9.87932043781103e+04 
1.23713355705394e-01 9.87983284175905e+04 
1.23855753257088e-01 9.88039779090428e+04 
1.23998210047996e-01 9.88103229401917e+04 
1.24140584230572e-01 9.88166739122077e+04 
1.24283086607156e-01 9.88227969734888e+04 
1.24425604184065e-01 9.88288553549567e+04 
1.24568029063282e-01 9.88351405015165e+04 
1.24710446205115e-01 9.88412394900988e+04 
1.24852925169622e-01 9.88477468960389e+04 
1.24995323309760e-01 9.88547560905121e+04 
1.25137848262790e-01 9.88617737368340e+04 
1.25280388072346e-01 9.88686485301179e+04 
1.25422838002379e-01 9.88759774750053e+04 
1.25565278717201e-01 9.88831834533631e+04 
1.25707785010227e-01 9.88905768019451e+04 
1.25850211322869e-01 9.88979910769860e+04 
1.25992760244695e-01 9.89053446331707e+04 
1.26135322941764e-01 9.89124710706744e+04 
1.26277800401789e-01 9.89194756914901e+04 
1.26420264800513e-01 9.89260312277860e+04 
1.26562800327908e-01 9.89327332327235e+04 
1.26705255821733e-01 9.89394421607955e+04 
1.26847829009081e-01 9.89457483171669e+04 
1.26990415144207e-01 9.89518441278646e+04 
1.27132921512419e-01 9.89576579705955e+04 
1.27275410503890e-01 9.89632747726337e+04 
1.27417977433856e-01 9.89691412472894e+04 
1.27560464393779e-01 9.89751617043757e+04 
1.27703065035810e-01 9.89804313956759e+04 
1.27845670569994e-01 9.89850976953369e+04 
1.27988209875719e-01 9.89895717025744e+04 
1.28130728539011e-01 9.89946501530200e+04 
1.28273331791998e-01 9.90001680141052e+04 
1.28415855031581e-01 9.90054753289330e+04 
1.28558484813386e-01 9.90097971265732e+04 
1.28701091011245e-01 9.90137486366186e+04 
1.28843671066489e-01 9.90173820058628e+04 
1.28986230623693e-01 9.90206144908153e+04 
1.29128878108824e-01 9.90240339058610e+04 
1.29271448053335e-01 9.90274935232880e+04 
1.29414085454609e-01 9.90302108028686e+04 
1.29556700703700e-01 9.90326532458956e+04 
1.29699332868930e-01 9.90351646497286e+04 
1.29841926281016e-01 9.90363757789300e+04 
1.29984628886831e-01 9.90391946823685e+04 
1.30127256664792e-01 9.90421541974548e+04 
1.30269911944516e-01 9.90450194769693e+04 
1.30412547469405e-01 9.90476247703401e+04 
1.30555241328699e-01 9.90505379136844e+04 
1.30697857185131e-01 9.90521163109466e+04 
1.30840580565591e-01 9.90546883554099e+04 
1.30983273024443e-01 9.90583109749624e+04 
1.31125953317960e-01 9.90620702700465e+04 
1.31268616723455e-01 9.90655828686529e+04 
1.31411371463284e-01 9.90694211823394e+04 
1.31554019217731e-01 9.90720030549241e+04 
1.31696773519303e-01 9.90752627643777e+04 
1.31839541662314e-01 9.90788473077665e+04 
1.31982260034631e-01 9.90831194728838e+04 
1.32124964964140e-01 9.90872051683782e+04 
1.32267756939709e-01 9.90913558066188e+04 
1.32410446530938e-01 9.90948686991529e+04 
1.32553238792657e-01 9.90989590919658e+04 
1.32696045369127e-01 9.91033058769628e+04 
1.32838803784435e-01 9.91081724384559e+04 
1.32981549004124e-01 9.91128871165136e+04 
1.33124375632407e-01 9.91177373076130e+04 
1.33267102970036e-01 9.91218945797136e+04 
1.33409927800574e-01 9.91266182510675e+04 
1.33552764558836e-01 9.91315356110522e+04 
1.33695556342707e-01 9.91368686348546e+04 
1.33838336801919e-01 9.91421047908695e+04 
1.33981195927310e-01 9.91472408328726e+04 
1.34123957679044e-01 9.91523594850968e+04 
1.34266813081771e-01 9.91581316377534e+04 
1.34409677971261e-01 9.91641263665182e+04 
1.34552497469902e-01 9.91704699099122e+04 
1.34695303970007e-01 9.91766779249553e+04 
1.34838186390118e-01 9.91827375079247e+04 
1.34980972031147e-01 9.91891311742374e+04 
1.35123847611905e-01 9.91959931595020e+04 
1.35266730922193e-01 9.92029049664666e+04 
1.35409566603825e-01 9.92101922612966e+04 
1.35552387415435e-01 9.92177076487661e+04 
1.35695283731613e-01 9.92257508668839e+04 
1.35838081568655e-01 9.92342802664938e+04 
1.35980968191701e-01 9.92436073847053e+04 
1.36123861314352e-01 9.92534178914577e+04 
1.36266703609197e-01 9.92631034086258e+04 
1.36409530201513e-01 9.92728054300229e+04 
1.36552434291970e-01 9.92830774397600e+04 
1.36695238331398e-01 9.92937774086815e+04 
1.36838132111160e-01 9.93049865677194e+04 
1.36981032232777e-01 9.93164194447930e+04 
1.37123879668334e-01 9.93272799049781e+04 
1.37266711504250e-01 9.93379535567570e+04 
1.37409624091085e-01 9.93490028681742e+04 
1.37552436206474e-01 9.93603533644922e+04 
1.37695339268756e-01 9.93720065129336e+04 
1.37838249204115e-01 9.93838660001685e+04 
1.37981106466462e-01 9.93949567466859e+04 
1.38123948836678e-01 9.94057501154817e+04 
1.38266874423215e-01 9.94168006605532e+04 
1.38409700800809e-01 9.94280217370880e+04 
1.38552618351744e-01 9.94393784070551e+04 
1.38695542940505e-01 9.94508064731549e+04 
1.38838416481972e-01 9.94613755084620e+04 
1.38981276297215e-01 9.94715715147277e+04 
1.39124220571180e-01 9.94819247095570e+04 
1.39267067774923e-01 9.94923936932195e+04 
1.39410005509006e-01 9.95029642581868e+04 
1.39552949978369e-01 9.95135313581957e+04 
1.39695846119049e-01 9.95232213590398e+04 
1.39838729169505e-01 9.95323977953594e+04 
1.39981695538348e-01 9.95417036875054e+04 
1.40124567026500e-01 9.95512846277734e+04 
1.40267527595742e-01 9.95606604616298e+04 
1.40410494211395e-01 9.95702867768443e+04 
1.40553415924704e-01 9.95788878953083e+04 
1.40696325472182e-01 9.95870176797868e+04 
1.40839316114114e-01 9.95953459223687e+04 
1.40982213329727e-01 9.96038018705076e+04 
1.41125198198980e-01 9.96122147268129e+04 
1.41268187992409e-01 9.96208001723693e+04 
1.41411135224340e-01 9.96285389203621e+04 
1.41554071176757e-01 9.96357571698527e+04 
1.41697085851459e-01 9.96431950757358e+04 
1.41840008119261e-01 9.96507356081236e+04 
1.41983016549074e-01 9.96582280317646e+04 
1.42126028631191e-01 9.96659059182010e+04 
1.42269000297649e-01 9.96727979766296e+04 
1.42411960886728e-01 9.96792012666059e+04 
1.42554998312595e-01 9.96858802557093e+04 
1.42697942683408e-01 9.96926393526930e+04 
1.42840971719247e-01 9.96993935076106e+04 
1.42984003576715e-01 9.97064110434133e+04 
1.43126993837904e-01 9.97128124688459e+04 
1.43269971463214e-01 9.97186966535740e+04 
1.43413025163704e-01 9.97250204750491e+04 
1.43555983910100e-01 9.97314228043024e+04 
1.43699027205833e-01 9.97378044878180e+04 
1.43842073194361e-01 9.97445113395333e+04 
1.43985074897780e-01 9.97509365658249e+04 
1.44128062954241e-01 9.97572495018080e+04 
1.44271128850222e-01 9.97637249093673e+04 
1.44414098313399e-01 9.97703348653257e+04 
1.44557153931512e-01 9.97772618436637e+04 
1.44700213225322e-01 9.97846257935829e+04 
1.44843225591362e-01 9.97918436886027e+04 
1.44986223990609e-01 9.97989114682232e+04 
1.45129302805497e-01 9.98065479606877e+04 
1.45272285538831e-01 9.98145001248634e+04 
1.45415356920698e-01 9.98228086274861e+04 
1.45558433682056e-01 9.98319233832716e+04 
1.45701462243342e-01 9.98410634989705e+04 
1.45844477602392e-01 9.98501572871610e+04 
1.45946399570621e-01 9.98570957199895e+04 
1.46058513735673e-01 9.98649866789706e+04 
1.46181120725255e-01 9.98739855123738e+04 
1.46287765942297e-01 9.98822443477192e+04 
1.46396456699571e-01 9.98907397696900e+04 
1.46516016532573e-01 9.99001634487424e+04 
1.46619347526618e-01 9.99087000962377e+04 
1.46730902141806e-01 9.99181629629119e+04 
1.46835510422568e-01 9.99273257236739e+04 
1.46947325104692e-01 9.99375421836339e+04 
1.47056155831949e-01 9.99475460273027e+04 
1.47173219190217e-01 9.99583616140285e+04 
1.47285783381965e-01 9.99691538158287e+04 
1.47408712555303e-01 9.99812027762980e+04 
1.47533261935704e-01 9.99937446459922e+04 
1.47647195975227e-01 1.00005628493871e+05 
1.47770179600225e-01 1.00018470969266e+05 
1.47900158990325e-01 1.00032044365103e+05 
1.48024723197684e-01 1.00045453167248e+05 
1.48154852201911e-01 1.00059702118398e+05 
1.48266768197287e-01 1.00072189310186e+05 
1.48389763363666e-01 1.00086297871467e+05 
1.48499862698090e-01 1.00098880922706e+05 
1.48617336010275e-01 1.00112253708262e+05 
1.48742895818104e-01 1.00126842053331e+05 
1.48854738819287e-01 1.00139944238937e+05 
1.48976242642478e-01 1.00154321209890e+05 
1.49103951695669e-01 1.00169757851118e+05 
1.49211784765834e-01 1.00182685643496e+05 
1.49330401143015e-01 1.00196740833471e+05 
1.49436333094655e-01 1.00209459029669e+05 
1.49547089045338e-01 1.00222779206028e+05 
1.49656710239486e-01 1.00235994319112e+05 
1.49766293196037e-01 1.00249376256782e+05 
1.49882110017659e-01 1.00263357168777e+05 
1.50001931491272e-01 1.00277521444099e+05 
1.50117087058132e-01 1.00291174774623e+05 
1.50237049992896e-01 1.00305308308702e+05 
1.50360390016466e-01 1.00319795915885e+05 
1.50477854785329e-01 1.00333585002260e+05 
1.50600834601528e-01 1.00347639725420e+05 
1.50726609867685e-01 1.00361620150666e+05 
1.50853423412141e-01 1.00375612501777e+05 
1.50981949863607e-01 1.00389454885531e+05 
1.51104284111756e-01 1.00402416116889e+05 
1.51233105508002e-01 1.00415843868562e+05 
1.51362103198883e-01 1.00428579024680e+05 
1.51492438357720e-01 1.00440861484183e+05 
1.51625807514758e-01 1.00453045717430e+05 
1.51760125699693e-01 1.00464706444064e+05 
1.51895792041751e-01 1.00475999544528e+05 
1.52019602020741e-01 1.00485988525877e+05 
1.52153079854637e-01 1.00496022338004e+05 
1.52290814069654e-01 1.00505460576225e+05 
1.52430330857032e-01 1.00514474426878e+05 
1.52570843342545e-01 1.00522748035540e+05 
1.52712367532210e-01 1.00530468486092e+05 
1.52854896829994e-01 1.00537731757027e+05 
1.52998862902506e-01 1.00544337593756e+05 
1.53142859712077e-01 1.00549685812574e+05 
1.53286846955063e-01 1.00554594989516e+05 
1.53430851781650e-01 1.00558400465195e+05 
1.53574883371531e-01 1.00561753925886e+05 
1.53718879244098e-01 1.00564805158714e+05 
1.53862917807928e-01 1.00566968409408e+05 
1.54006951591433e-01 1.00567873087515e+05 
1.54150972154559e-01 1.00569367070039e+05 
1.54294995423604e-01 1.00570491074099e+05 
1.54439018702344e-01 1.00571599277327e+05 
1.54583038615273e-01 1.00572939270658e+05 
1.54727065742848e-01 1.00573778112582e+05 
1.54871086308801e-01 1.00573873997019e+05 
1.55015093378973e-01 1.00574352188948e+05 
1.55159100616218e-01 1.00574489295174e+05 
1.55303106337050e-01 1.00574533929586e+05 
1.55447105627478e-01 1.00574622928292e+05 
1.55591109485399e-01 1.00574218558889e+05 
1.55735105125086e-01 1.00573111185565e+05 
1.55879086125973e-01 1.00572189924441e+05 
1.56023065566857e-01 1.00570974414867e+05 
1.56167043618549e-01 1.00569718184692e+05 
1.56311013939829e-01 1.00568491213876e+05 
1.56454988504430e-01 1.00566907548357e+05 
1.56598955465066e-01 1.00564836549069e+05 
1.56742908957244e-01 1.00562874131345e+05 
1.56886861448296e-01 1.00560728729958e+05 
1.57030814286791e-01 1.00558620549973e+05 
1.57174759862129e-01 1.00556665147491e+05 
1.57318710108646e-01 1.00554384685350e+05 
1.57462653461000e-01 1.00551780095527e+05 
1.57606584413327e-01 1.00549274902274e+05 
1.57750514662975e-01 1.00546594235468e+05 
1.57894446139131e-01 1.00543978887682e+05 
1.58038355728436e-01 1.00541626137291e+05 
1.58182284213204e-01 1.00538945511103e+05 
1.58326205787309e-01 1.00536038587253e+05 
1.58470115370923e-01 1.00533305244881e+05 
1.58614024211978e-01 1.00530387306732e+05 
1.58757934790155e-01 1.00527757881350e+05 
1.58901811444023e-01 1.00525340444989e+05 
1.59045718632934e-01 1.00522809646552e+05 
1.59189619018460e-01 1.00520030556098e+05 
1.59333507991159e-01 1.00517628122309e+05 
1.59477396554869e-01 1.00515176693387e+05 
1.59621287583114e-01 1.00512967382481e+05 
1.59765135336420e-01 1.00511143143334e+05 
1.59909015261804e-01 1.00509260902436e+05 
1.60052896208766e-01 1.00507255568651e+05 
1.60196766024232e-01 1.00505552378555e+05 
1.60340635532471e-01 1.00503911498542e+05 
1.60484508028567e-01 1.00502468728679e+05 
1.60628327366176e-01 1.00501448922953e+05 
1.60772179556142e-01 1.00500185100103e+05 
1.60916042399492e-01 1.00498755030692e+05 
1.61059893196344e-01 1.00497577605276e+05 
1.61203743186390e-01 1.00496421136486e+05 
1.61347593669230e-01 1.00495434447742e+05 
1.61491390312410e-01 1.00494877941681e+05 
1.61635221426346e-01 1.00493986237819e+05 
1.61779068921542e-01 1.00492886581264e+05 
1.61922901949698e-01 1.00491986873102e+05 
1.62066735416794e-01 1.00491012346855e+05 
1.62210571216044e-01 1.00490107157724e+05 
1.62354353411950e-01 1.00489521435836e+05 
1.62498171791344e-01 1.00488484422124e+05 
1.62642008587313e-01 1.00487142336098e+05 
1.62785831489795e-01 1.00485918869642e+05 
1.62929655654497e-01 1.00484446780126e+05 
1.63073483972746e-01 1.00483042147280e+05 
1.63217258767863e-01 1.00481672476913e+05 
1.63361071053374e-01 1.00479992506784e+05 
1.63504902380203e-01 1.00477949822698e+05 
1.63648720967732e-01 1.00476099652955e+05 
1.63792541272893e-01 1.00473832906935e+05 
1.63936367287893e-01 1.00471492820258e+05 
1.64080139901881e-01 1.00469208618628e+05 
1.64223951081741e-01 1.00466520176585e+05 
1.64367780670769e-01 1.00463322618933e+05 
1.64511599661193e-01 1.00460245336021e+05 
1.64655409978391e-01 1.00457225188199e+05 
1.64799238140742e-01 1.00454368961564e+05 
1.64943013179934e-01 1.00451634291395e+05 
1.65086827968669e-01 1.00448784426028e+05 
1.65230654861308e-01 1.00445654828896e+05 
1.65374455312692e-01 1.00442693726666e+05 
1.65518242676816e-01 1.00439490559979e+05 
1.65662050216230e-01 1.00436270648670e+05 
1.65805817617341e-01 1.00432889613923e+05 
1.65949614153102e-01 1.00429265673660e+05 
1.66093419037917e-01 1.00425268936533e+05 
1.66237198223408e-01 1.00421002967163e+05 
1.66380964365534e-01 1.00416367779243e+05 
1.66524750739366e-01 1.00411699115522e+05 
1.66668498124777e-01 1.00407004729804e+05 
1.66812274602462e-01 1.00402001654301e+05 
1.66956059827576e-01 1.00396656693744e+05 
1.67099820455691e-01 1.00391318667781e+05 
1.67243568245383e-01 1.00385676888873e+05 
1.67387336568243e-01 1.00380077980553e+05 
1.67531066764623e-01 1.00374420114180e+05 
1.67674825905144e-01 1.00368572244434e+05 
1.67818593797369e-01 1.00362477488031e+05 
1.67962337612019e-01 1.00356420329859e+05 
1.68106068620902e-01 1.00350131269785e+05 
1.68249820358970e-01 1.00344033382431e+05 
1.68393534299998e-01 1.00338068614525e+05 
1.68537276755962e-01 1.00331913244764e+05 
1.68681027434972e-01 1.00325608025532e+05 
1.68824753851980e-01 1.00319347469763e+05 
1.68968466983167e-01 1.00312987695953e+05 
1.69112200541743e-01 1.00306822969661e+05 
1.69255896282511e-01 1.00300900796102e+05 
1.69399619811683e-01 1.00294546095477e+05 
1.69543350821678e-01 1.00288068040456e+05 
1.69687057483919e-01 1.00281795975307e+05 
1.69830750730000e-01 1.00275459015895e+05 
1.69974464546943e-01 1.00269349669196e+05 
1.70118141022316e-01 1.00263512512644e+05 
1.70261845149482e-01 1.00257324978905e+05 
1.70405556636388e-01 1.00251093835746e+05 
1.70549244197549e-01 1.00245109545204e+05 
1.70692918794764e-01 1.00239134173321e+05 
1.70836614576410e-01 1.00233449672433e+05 
1.70980273963618e-01 1.00228073725953e+05 
1.71123961316975e-01 1.00222408450372e+05 
1.71267656556904e-01 1.00216761960070e+05 
1.71411328749800e-01 1.00211403127947e+05 
1.71554988978982e-01 1.00206104633205e+05 
1.71698671221335e-01 1.00201130725768e+05 
1.71842318313348e-01 1.00196561929546e+05 
1.71985993899412e-01 1.00191726713394e+05 
1.72129678158503e-01 1.00187009034159e+05 
1.72273340374739e-01 1.00182534694779e+05 
1.72416991801245e-01 1.00178205277942e+05 
1.72560665868885e-01 1.00174183016225e+05 
1.72704306041834e-01 1.00170421850565e+05 
1.72847975161635e-01 1.00166676073473e+05 
1.72991653755747e-01 1.00163003571426e+05 
1.73135311472044e-01 1.00159589039707e+05 
1.73278959919524e-01 1.00156401334849e+05 
1.73422631765128e-01 1.00153580904635e+05 
1.73566271162490e-01 1.00151065608836e+05 
1.73709940256048e-01 1.00148553680069e+05 
1.73853619866629e-01 1.00145924715612e+05 
1.73997279889969e-01 1.00143650674843e+05 
1.74140932222379e-01 1.00141530328183e+05 
1.74284608665951e-01 1.00139816627548e+05 
1.74428253995678e-01 1.00138326545319e+05 
1.74571929707626e-01 1.00136705578619e+05 
1.74715616659698e-01 1.00135080661596e+05 
1.74859284973925e-01 1.00133686678824e+05 
1.75002946770435e-01 1.00132266291224e+05 
1.75146633133175e-01 1.00131100235065e+05 
1.75290289352658e-01 1.00129800377891e+05 
1.75433976255275e-01 1.00128444676936e+05 
1.75577674396227e-01 1.00127160076461e+05 
1.75721353956169e-01 1.00125902210242e+05 
1.75865027007201e-01 1.00124732644673e+05 
1.76008723972499e-01 1.00124013477568e+05 
1.76152390630192e-01 1.00123604828319e+05 
1.76296087534169e-01 1.00123253290097e+05 
1.76439795940737e-01 1.00123096465536e+05 
1.76583486983662e-01 1.00123293804540e+05 
1.76727173277788e-01 1.00123687858064e+05 
1.76870885420626e-01 1.00124561699948e+05 
1.77014569099063e-01 1.00125760877858e+05 
1.77158284040149e-01 1.00127042854310e+05 
1.77302010113347e-01 1.00128519803259e+05 
1.77445717868220e-01 1.00130350660581e+05 
1.77589420007445e-01 1.00132363742404e+05 
1.77733147579386e-01 1.00134804739934e+05 
1.77876846420462e-01 1.00137511324131e+05 
1.78020575721307e-01 1.00140241376387e+05 
1.78164315250058e-01 1.00143114640300e+05 
1.78308036298076e-01 1.00146250573396e+05 
1.78451751629310e-01 1.00149482830033e+05 
1.78595492985603e-01 1.00153056727466e+05 
1.78739206063506e-01 1.00156771501195e+05 
1.78882949501922e-01 1.00160405560116e+05 
1.79026702756276e-01 1.00164068788476e+05 
1.79170437539849e-01 1.00167863248750e+05 
1.79314166736771e-01 1.00171723812449e+05 
1.79457922884491e-01 1.00175664800329e+05 
1.79601651437498e-01 1.00179786440948e+05 
1.79745410660506e-01 1.00183709159573e+05 
1.79889179790280e-01 1.00187404185717e+05 
1.80032930645479e-01 1.00191246218605e+05 
1.80176676606787e-01 1.00195032677548e+05 
1.80320450918068e-01 1.00198824922986e+05 
1.80464198826119e-01 1.00202782823622e+05 
1.80607978496450e-01 1.00206489133751e+05 
1.80751768788987e-01 1.00209798276485e+05 
1.80895541359951e-01 1.00213174033114e+05 
1.81039309962008e-01 1.00216331128349e+05 
1.81183108323319e-01 1.00219432319989e+05 
1.81326881166187e-01 1.00222654515001e+05 
1.81470686512971e-01 1.00225509282446e+05 
1.81614502424982e-01 1.00228141458043e+05 
1.81758300581790e-01 1.00230655619729e+05 
1.81902095596741e-01 1.00232995678326e+05 
1.82014752767509e-01 1.00234721106847e+05 
1.82136951736567e-01 1.00236541261665e+05 
1.82265107298019e-01 1.00238100681601e+05 
1.82390907222832e-01 1.00239284129061e+05 
1.82521541415182e-01 1.00240335130356e+05 
1.82655381832364e-01 1.00240947594304e+05 
1.82770102927878e-01 1.00241242734695e+05 
1.82896296132945e-01 1.00241416959684e+05 
1.83029114166808e-01 1.00241175756895e+05 
1.83159908141634e-01 1.00240420070577e+05 
1.83295548362136e-01 1.00239415598070e+05 
1.83431328932847e-01 1.00237882322448e+05 
1.83570332399129e-01 1.00236063703910e+05 
1.83711910894644e-01 1.00234254169945e+05 
1.83855490795435e-01 1.00232126614704e+05 
1.83999031203124e-01 1.00228983066542e+05 
1.84142552568981e-01 1.00225318046820e+05 
1.84286094011213e-01 1.00220989015995e+05 
1.84429721402775e-01 1.00216211418210e+05 
1.84573404224717e-01 1.00211216583056e+05 
1.84684598680576e-01 1.00206790118706e+05 
1.84801123795669e-01 1.00201683352953e+05 
1.84911219638917e-01 1.00196882419385e+05 
1.85024274452606e-01 1.00191986398984e+05 
1.85134660482223e-01 1.00187242829585e+05 
1.85250346145668e-01 1.00182324518827e+05 
1.85362230937024e-01 1.00177499117724e+05 
1.85479907119341e-01 1.00172385206894e+05 
1.85588446786253e-01 1.00167702275857e+05 
1.85699396153813e-01 1.00162935605378e+05 
1.85808012078793e-01 1.00158283017634e+05 
1.85921911657122e-01 1.00153399495610e+05 
1.86032734511310e-01 1.00148611874379e+05 
1.86149240697787e-01 1.00143405718875e+05 
1.86258074898121e-01 1.00138559843387e+05 
1.86372115113326e-01 1.00133342303148e+05 
1.86482862822188e-01 1.00128236344592e+05 
1.86599454399245e-01 1.00123082899846e+05 
1.86719979099590e-01 1.00117311287350e+05 
1.86846846197935e-01 1.00111093526490e+05 
1.86956645688052e-01 1.00105912056054e+05 
1.87076224796191e-01 1.00099962472625e+05 
1.87202456300645e-01 1.00093603875617e+05 
1.87316664139308e-01 1.00087831066523e+05 
1.87442158000315e-01 1.00081374460104e+05 
1.87572223116698e-01 1.00074188037210e+05 
1.87689884905827e-01 1.00067827708491e+05 
1.87813938488021e-01 1.00060793691417e+05 
1.87943010068050e-01 1.00053408152346e+05 
1.88057402105884e-01 1.00046885229520e+05 
1.88183233347501e-01 1.00039724478681e+05 
1.88318214751422e-01 1.00031807858333e+05 
1.88436745898829e-01 1.00024904287690e+05 
1.88567073038765e-01 1.00017057800304e+05 
1.88705264739968e-01 1.00008780306275e+05 
1.88848628585406e-01 1.00000389111267e+05 
1.88992167955965e-01 9.99921167243714e+04 
1.89135804112918e-01 9.99836632301215e+04 
1.89279505960367e-01 9.99753995488864e+04 
1.89423346959455e-01 9.99668804396390e+04 
1.89567300156113e-01 9.99584522289908e+04 
1.89711340719068e-01 9.99503113373805e+04 
1.89855514383340e-01 9.99423780225692e+04 
1.89999810588842e-01 9.99343739799566e+04 
1.90144206640843e-01 9.99266650760953e+04 
1.90288753526600e-01 9.99187549889773e+04 
1.90433419052205e-01 9.99110495257671e+04 
1.90578126552804e-01 9.99037198593878e+04 
1.90722819352808e-01 9.98966848368044e+04 
1.90867489556989e-01 9.98896687730791e+04 
1.91012122220212e-01 9.98830455480765e+04 
1.91156721744582e-01 9.98763177254451e+04 
1.91301290364125e-01 9.98698219454462e+04 
1.91445824067593e-01 9.98637689783342e+04 
1.91590333744036e-01 9.98580411874930e+04 
1.91734821679691e-01 9.98522998101662e+04 
1.91879284169167e-01 9.98469295630781e+04 
1.92023728511191e-01 9.98413985757368e+04 
1.92168161869786e-01 9.98362591107368e+04 
1.92312579572390e-01 9.98314922824984e+04 
1.92456992279655e-01 9.98270410568982e+04 
1.92601399572457e-01 9.98226034169223e+04 
1.92745798524087e-01 9.98185157613496e+04 
1.92890196338477e-01 9.98145188518278e+04 
1.93034598615515e-01 9.98106097431702e+04 
1.93178997958137e-01 9.98069459261055e+04 
1.93323401373831e-01 9.98034176349665e+04 
1.93467804167328e-01 9.97999388145830e+04 
1.93612202631492e-01 9.97967754871473e+04 
1.93756602402495e-01 9.97934861807438e+04 
1.93901007912859e-01 9.97904536022600e+04 
1.94045411955121e-01 9.97877735758458e+04 
1.94189819761439e-01 9.97853487114959e+04 
1.94334226093282e-01 9.97829370871381e+04 
1.94478628493716e-01 9.97808611145876e+04 
1.94623032797473e-01 9.97787953208443e+04 
1.94767443219533e-01 9.97770256447523e+04 
1.94911853048739e-01 9.97755407191487e+04 
1.95056266523266e-01 9.97742756483754e+04 
1.95200677918116e-01 9.97731407898186e+04 
1.95345085388889e-01 9.97722053981897e+04 
1.95489494929146e-01 9.97714161265186e+04 
1.95633910557721e-01 9.97707950273199e+04 
1.95778325675763e-01 9.97704330810455e+04 
1.95922744306356e-01 9.97701437545338e+04 
1.96067160352763e-01 9.97697351589163e+04 
1.96211572162659e-01 9.97695370122620e+04 
1.96355985938905e-01 9.97693074679085e+04 
1.96500405802229e-01 9.97692274600733e+04 
1.96644825242102e-01 9.97694772827415e+04 
1.96789248406424e-01 9.97698170680584e+04 
1.96933669148779e-01 9.97700851478477e+04 
1.97078086078753e-01 9.97706112629690e+04 
1.97222505542403e-01 9.97711783388495e+04 
1.97366931928199e-01 9.97719430714591e+04 
1.97511358954918e-01 9.97730773700244e+04 
1.97655790746640e-01 9.97743519676713e+04 
1.97800221173784e-01 9.97755405308040e+04 
1.97944649048552e-01 9.97769580651096e+04 
1.98089080662893e-01 9.97783937097038e+04 
1.98233520463293e-01 9.97799834560452e+04 
1.98377962400170e-01 9.97818397587373e+04 
1.98522410347415e-01 9.97837289719467e+04 
1.98666858141933e-01 9.97855224816693e+04 
1.98811304744095e-01 9.97875040449648e+04 
1.98955756308648e-01 9.97894303281210e+04 
1.99100217219786e-01 9.97914482533515e+04 
1.99244681691984e-01 9.97936605537623e+04 
1.99389153217853e-01 9.97958510937865e+04 
1.99533625511599e-01 9.97978767797156e+04 
1.99678097493193e-01 9.98000356131110e+04 
1.99822574963859e-01 9.98021261340748e+04 
1.99967062005211e-01 9.98042829290135e+04 
2.00111552900299e-01 9.98066465759188e+04 
