# Liste des scalaires : TEMPS pmat 
0.00000000000000e+00 1.00000000000000e+05 
7.22956891292051e-05 1.00000000000000e+05 
1.29509999379163e-04 1.00000000000000e+05 
1.89008754325430e-04 1.00000000000000e+05 
2.48356688434466e-04 1.00000000000000e+05 
3.09160437077901e-04 1.00000000000000e+05 
3.71365278755332e-04 1.00000000000000e+05 
4.33940384674950e-04 1.00000000000000e+05 
4.97447988835370e-04 1.00000000000000e+05 
5.63266158916978e-04 1.00000000000000e+05 
6.30615659935083e-04 1.00000000000000e+05 
6.98776459435643e-04 1.00000000000000e+05 
7.68656221250898e-04 1.00000000000000e+05 
8.41288962615545e-04 1.00000000000000e+05 
9.15168407693987e-04 1.00000000000000e+05 
9.90026789528442e-04 1.00000000000000e+05 
1.06688125247634e-03 1.00000000000000e+05 
1.14685712653542e-03 1.00000000000000e+05 
1.22894220333709e-03 1.00000000000000e+05 
1.31215097767749e-03 1.00000000000000e+05 
1.39763202309379e-03 1.00000000000000e+05 
1.48667562386696e-03 1.00000000000000e+05 
1.57923931888281e-03 1.00000000000000e+05 
1.67310156945483e-03 1.00000000000000e+05 
1.76955531449276e-03 1.00000000000000e+05 
1.86966765687567e-03 1.00000000000000e+05 
1.96888030974318e-03 1.00000000000000e+05 
2.07172571706845e-03 1.00000000000000e+05 
2.17680931207489e-03 1.00000000000000e+05 
2.28496227275900e-03 1.00000000000000e+05 
2.39589334959638e-03 1.00000000000000e+05 
2.51028955442422e-03 1.00000000000000e+05 
2.62267006887771e-03 1.00000000000000e+05 
2.73958642812712e-03 1.00000000000000e+05 
2.85743750041039e-03 1.00000000000000e+05 
2.98225125757251e-03 1.00000000000000e+05 
3.10948599088098e-03 1.00000000000000e+05 
3.24195917442581e-03 1.00000000000000e+05 
3.36640091013740e-03 1.00000000000000e+05 
3.49156413128108e-03 1.00000000000000e+05 
3.62266669803911e-03 1.00000000000000e+05 
3.75453084527798e-03 1.00000000000000e+05 
3.88532654877315e-03 1.00000000000000e+05 
4.02046228182459e-03 1.00000000000000e+05 
4.15344249730742e-03 1.00000000000000e+05 
4.28969693074716e-03 1.00000000000000e+05 
4.42923710535315e-03 1.00000000000000e+05 
4.57075644690012e-03 1.00000000000000e+05 
4.71466320343047e-03 1.00000000000000e+05 
4.86041475304295e-03 1.00000000000000e+05 
4.99914339791128e-03 1.00000000000000e+05 
5.14613285263386e-03 1.00000000000000e+05 
5.28824643409460e-03 1.00000000000000e+05 
5.43736103124918e-03 1.00000000000000e+05 
5.58896839024534e-03 1.00000000000000e+05 
5.73956349275341e-03 1.00000000000000e+05 
5.88906336511244e-03 1.00000000000000e+05 
6.03748063947751e-03 1.00000000000000e+05 
6.18453209225090e-03 1.00000000000000e+05 
6.33035944595299e-03 1.00000000000000e+05 
6.47546929934717e-03 1.00000000000000e+05 
6.62008526275641e-03 1.00000000000000e+05 
6.76561153780595e-03 1.00000000000000e+05 
6.91180567592390e-03 1.00000000000000e+05 
7.05966151151162e-03 1.00000000000000e+05 
7.20736348591640e-03 1.00000000000000e+05 
7.35514906248852e-03 1.00000000000000e+05 
7.50300537277653e-03 1.00000000000000e+05 
7.65115886367217e-03 1.00000000000000e+05 
7.79925581190079e-03 1.00000000000000e+05 
7.94687433346802e-03 1.00000000000000e+05 
8.09428069863282e-03 1.00000000000000e+05 
8.24179628841701e-03 1.00000000000000e+05 
8.38943845511711e-03 1.00000000000000e+05 
8.53712647740767e-03 1.00000000000000e+05 
8.68547362125139e-03 1.00000000000000e+05 
8.83421643677140e-03 1.00000000000000e+05 
8.98416382681338e-03 1.00000000000000e+05 
9.13601991541772e-03 1.00000000000000e+05 
9.28957337011509e-03 1.00000000000000e+05 
9.44341457470569e-03 1.00000000000000e+05 
9.59728697674496e-03 1.00000000000000e+05 
9.75109188650284e-03 1.00000000000000e+05 
9.90536027609777e-03 1.00000000000000e+05 
1.00609472115518e-02 1.00000000000000e+05 
1.02176426060981e-02 1.00000000000000e+05 
1.03741390546318e-02 1.00000000000000e+05 
1.05307739321253e-02 1.00000000000000e+05 
1.06874733030097e-02 1.00000000000000e+05 
1.08444751692198e-02 1.00000000000000e+05 
1.10018088255497e-02 1.00000000000000e+05 
1.11594929932836e-02 1.00000000000000e+05 
1.13089698981980e-02 1.00000000000000e+05 
1.14675274325303e-02 1.00000000000000e+05 
1.16189958949255e-02 1.00000000000000e+05 
1.17729615977260e-02 1.00000000000000e+05 
1.19317858171495e-02 1.00000000000000e+05 
1.20914875162159e-02 1.00000000000000e+05 
1.22455349745553e-02 1.00000000000000e+05 
1.24005234383092e-02 1.00000000000000e+05 
1.25508183036380e-02 1.00000000000000e+05 
1.27102028802230e-02 1.00000000000000e+05 
1.28698583853666e-02 1.00000000000000e+05 
1.30305976965176e-02 1.00000000000000e+05 
1.31800312235994e-02 1.00000000000000e+05 
1.33418037355410e-02 1.00000000000000e+05 
1.34902231978657e-02 1.00000000000000e+05 
1.36399532059334e-02 1.00000000000000e+05 
1.37955545564095e-02 1.00000000000000e+05 
1.39510635507879e-02 1.00000000000000e+05 
1.41000655601019e-02 1.00000000000000e+05 
1.42467649658346e-02 1.00000000000000e+05 
1.43964005076654e-02 1.00000000000000e+05 
1.45483350884289e-02 1.00000000000000e+05 
1.46983820475841e-02 1.00000000000000e+05 
1.48546650807340e-02 1.00000000000000e+05 
1.50010701021702e-02 1.00000000000000e+05 
1.51513357555171e-02 1.00000000000000e+05 
1.53019095889365e-02 1.00000000000000e+05 
1.54540203622613e-02 1.00000000000000e+05 
1.56045000050808e-02 1.00000000000000e+05 
1.57591153785183e-02 1.00000000000000e+05 
1.59096705900506e-02 1.00000000000000e+05 
1.60588241854419e-02 1.00000000000000e+05 
1.62092573182472e-02 1.00000000000000e+05 
1.63616961795261e-02 1.00000000000000e+05 
1.65134626548741e-02 1.00000000000000e+05 
1.66701553831783e-02 1.00000000000000e+05 
1.68188450292555e-02 1.00000000000000e+05 
1.69739167247270e-02 1.00000000000000e+05 
1.71231462747348e-02 1.00000000000000e+05 
1.72775669837337e-02 1.00000000000000e+05 
1.74381227121113e-02 1.00000000000000e+05 
1.75936165928794e-02 1.00000000000000e+05 
1.77415378545657e-02 1.00000000000000e+05 
1.78903200840161e-02 1.00000000000000e+05 
1.80384153779285e-02 1.00000000000000e+05 
1.81916390587454e-02 1.00000000000000e+05 
1.83443592118045e-02 1.00000000000000e+05 
1.84976790677708e-02 1.00000000000000e+05 
1.86464375329642e-02 1.00000000000000e+05 
1.87969415457016e-02 1.00000000000000e+05 
1.89462120070539e-02 1.00000000000000e+05 
1.91017224392379e-02 1.00000000000000e+05 
1.92545484903105e-02 1.00000000000000e+05 
1.94077567560405e-02 1.00000000000000e+05 
1.95581588684771e-02 1.00000000000000e+05 
1.97105106747148e-02 1.00000000000000e+05 
1.98610477351420e-02 1.00000000000000e+05 
2.00175525773148e-02 1.00000000000000e+05 
2.01722773611013e-02 1.00000000000000e+05 
2.03278893073810e-02 1.00000000000000e+05 
2.04789255241530e-02 1.00000000000000e+05 
2.06373642827066e-02 1.00000000000000e+05 
2.07896523262581e-02 1.00000000000000e+05 
2.09499634949487e-02 1.00000000000000e+05 
2.11193946611378e-02 1.00000000000000e+05 
2.12802814076407e-02 1.00000000000000e+05 
2.14364632608794e-02 1.00000000000000e+05 
2.16032512059230e-02 1.00000000000000e+05 
2.17618341559335e-02 1.00000000000000e+05 
2.19325305859798e-02 1.00000000000000e+05 
2.21033222303467e-02 1.00000000000000e+05 
2.22701009392470e-02 1.00000000000000e+05 
2.24370464754082e-02 1.00000000000000e+05 
2.26081377550629e-02 1.00000000000000e+05 
2.27790079735762e-02 1.00000000000000e+05 
2.29421855680293e-02 1.00000000000000e+05 
2.31053347209756e-02 1.00000000000000e+05 
2.32683484568542e-02 1.00000000000000e+05 
2.34313118910081e-02 1.00000000000000e+05 
2.35942267961371e-02 1.00000000000000e+05 
2.37571585826694e-02 1.00000000000000e+05 
2.39200741889362e-02 1.00000000000000e+05 
2.40829483792273e-02 1.00000000000000e+05 
2.42457244093956e-02 1.00000000000000e+05 
2.44085435714445e-02 1.00000000000000e+05 
2.45714047669759e-02 1.00000000000000e+05 
2.47343716426219e-02 1.00000000000000e+05 
2.48973915696165e-02 1.00000000000000e+05 
2.50604860993442e-02 1.00000000000000e+05 
2.52237518532841e-02 1.00000000000000e+05 
2.53873110285008e-02 1.00000000000000e+05 
2.55510676700029e-02 1.00000000000000e+05 
2.57147547715418e-02 1.00000000000000e+05 
2.58782965653577e-02 1.00000000000000e+05 
2.60416546118495e-02 1.00000000000000e+05 
2.62048652550165e-02 1.00000000000000e+05 
2.63679936414352e-02 1.00000000000000e+05 
2.65311130098978e-02 1.00000000000000e+05 
2.66943521125468e-02 1.00000000000000e+05 
2.68577125490960e-02 1.00000000000000e+05 
2.70212545452687e-02 1.00000000000000e+05 
2.71850248861714e-02 1.00000000000000e+05 
2.73490914197579e-02 1.00000000000000e+05 
2.75134665625804e-02 1.00000000000000e+05 
2.76782186969954e-02 1.00000000000000e+05 
2.78432180563980e-02 1.00000000000000e+05 
2.80043530271796e-02 1.00000000000000e+05 
2.81690788259309e-02 1.00000000000000e+05 
2.83347787223283e-02 1.00000000000000e+05 
2.84992686710644e-02 1.00000000000000e+05 
2.86673187847266e-02 1.00000000000000e+05 
2.88353175733582e-02 1.00000000000000e+05 
2.90029276401606e-02 1.00000000000000e+05 
2.91711644889908e-02 1.00000000000000e+05 
2.93397769235717e-02 1.00000000000000e+05 
2.95088426419179e-02 1.00000000000000e+05 
2.96745016293314e-02 1.00000000000000e+05 
2.98396235266240e-02 1.00000000000000e+05 
3.00014391009414e-02 1.00000000000000e+05 
3.01673004717677e-02 1.00000000000000e+05 
3.03330649009391e-02 1.00000000000000e+05 
3.04974321927980e-02 1.00000000000000e+05 
3.06635660715026e-02 1.00000000000000e+05 
3.08297000937060e-02 1.00000000000000e+05 
3.09958142881234e-02 1.00000000000000e+05 
3.11619568670621e-02 1.00000000000000e+05 
3.13281804057806e-02 1.00000000000000e+05 
3.14944670394539e-02 1.00000000000000e+05 
3.16608633475297e-02 1.00000000000000e+05 
3.18263514438310e-02 1.00000000000000e+05 
3.19917818513455e-02 1.00000000000000e+05 
3.21571345589084e-02 1.00000000000000e+05 
3.23223670926767e-02 1.00000000000000e+05 
3.24875089240842e-02 1.00000000000000e+05 
3.26525883606169e-02 1.00000000000000e+05 
3.28175951907528e-02 1.00000000000000e+05 
3.29825401146409e-02 1.00000000000000e+05 
3.31474523695186e-02 1.00000000000000e+05 
3.33124004432478e-02 1.00000000000000e+05 
3.34773604299543e-02 1.00000000000000e+05 
3.36423441316687e-02 1.00000000000000e+05 
3.38072651203718e-02 1.00000000000000e+05 
3.39721859952827e-02 1.00000000000000e+05 
3.41372457629366e-02 1.00000000000000e+05 
3.43026057209865e-02 1.00000000000000e+05 
3.44655643366060e-02 1.00000000000000e+05 
3.46318846281026e-02 1.00000000000000e+05 
3.47989756897143e-02 1.00000000000000e+05 
3.49650448724329e-02 1.00000000000000e+05 
3.51331223293087e-02 1.00000000000000e+05 
3.53012031819084e-02 1.00000000000000e+05 
3.54692847257129e-02 1.00000000000000e+05 
3.56373975888270e-02 1.00000000000000e+05 
3.58054729691382e-02 1.00000000000000e+05 
3.59735550453922e-02 1.00000000000000e+05 
3.61417605350227e-02 1.00000000000000e+05 
3.63102247564991e-02 1.00000000000000e+05 
3.64789884909587e-02 1.00000000000000e+05 
3.66481563061510e-02 1.00000000000000e+05 
3.68152999023352e-02 1.00000000000000e+05 
3.69787631362512e-02 1.00000000000000e+05 
3.71484558670150e-02 1.00000000000000e+05 
3.73163758804397e-02 1.00000000000000e+05 
3.74829119442291e-02 1.00000000000000e+05 
3.76536243134805e-02 1.00000000000000e+05 
3.78223262439925e-02 1.00000000000000e+05 
3.79910385895199e-02 1.00000000000000e+05 
3.81597704171297e-02 1.00000000000000e+05 
3.83285841611314e-02 1.00000000000000e+05 
3.84973910128016e-02 1.00000000000000e+05 
3.86660085022261e-02 1.00000000000000e+05 
3.88346344527399e-02 1.00000000000000e+05 
3.90007862003070e-02 1.00000000000000e+05 
3.91693948349288e-02 1.00000000000000e+05 
3.93380581274228e-02 1.00000000000000e+05 
3.95068068246303e-02 1.00000000000000e+05 
3.96756846332861e-02 1.00000000000000e+05 
3.98445734033069e-02 1.00000000000000e+05 
4.00135358158465e-02 1.00000000000000e+05 
4.01827234970067e-02 1.00000000000000e+05 
4.03523334739434e-02 1.00000000000000e+05 
4.05224193011714e-02 1.00000000000000e+05 
4.06931385939671e-02 1.00000000000000e+05 
4.08644093035273e-02 1.00000000000000e+05 
4.10356010223034e-02 1.00000000000000e+05 
4.12067990351937e-02 1.00000000000000e+05 
4.13781136309023e-02 1.00000000000000e+05 
4.15493876124892e-02 1.00000000000000e+05 
4.17206840379170e-02 1.00000000000000e+05 
4.18918852229600e-02 1.00000000000000e+05 
4.20630524295347e-02 1.00000000000000e+05 
4.22343267372496e-02 1.00000000000000e+05 
4.24057812279810e-02 1.00000000000000e+05 
4.25774571356115e-02 1.00000000000000e+05 
4.27495613533851e-02 1.00000000000000e+05 
4.29223268713596e-02 1.00000000000000e+05 
4.30915980117157e-02 1.00000000000000e+05 
4.32655045406979e-02 1.00000000000000e+05 
4.34391302863267e-02 1.00000000000000e+05 
4.36126826414535e-02 1.00000000000000e+05 
4.37860689338521e-02 1.00000000000000e+05 
4.39593795136050e-02 1.00000000000000e+05 
4.41326571667547e-02 1.00000000000000e+05 
4.43059605924528e-02 1.00000000000000e+05 
4.44793761047631e-02 1.00000000000000e+05 
4.46528236441643e-02 1.00000000000000e+05 
4.48260381586333e-02 1.00000000000000e+05 
4.49991817531117e-02 1.00000000000000e+05 
4.51724103464247e-02 1.00000000000000e+05 
4.53458596369974e-02 1.00000000000000e+05 
4.55196295086119e-02 1.00000000000000e+05 
4.56915929816682e-02 1.00000000000000e+05 
4.58658705808483e-02 1.00000000000000e+05 
4.60401440161708e-02 1.00000000000000e+05 
4.62144505312665e-02 1.00000000000000e+05 
4.63889637050441e-02 1.00000000000000e+05 
4.65638197613041e-02 1.00000000000000e+05 
4.67390902416496e-02 1.00000000000000e+05 
4.69150765231334e-02 1.00000000000000e+05 
4.70912844378616e-02 1.00000000000000e+05 
4.72674911597820e-02 1.00000000000000e+05 
4.74436893073493e-02 1.00000000000000e+05 
4.76199027316076e-02 1.00000000000000e+05 
4.77960796398705e-02 1.00000000000000e+05 
4.79722875103404e-02 1.00000000000000e+05 
4.81484487934971e-02 1.00000000000000e+05 
4.83246138977799e-02 1.00000000000000e+05 
4.85009340575883e-02 1.00000000000000e+05 
4.86774756817757e-02 1.00000000000000e+05 
4.88542708004764e-02 1.00000000000000e+05 
4.90314164785394e-02 1.00000000000000e+05 
4.92092582309461e-02 1.00000000000000e+05 
4.93868086759453e-02 1.00000000000000e+05 
4.95659785860372e-02 1.00000000000000e+05 
4.97459848093800e-02 1.00000000000000e+05 
4.99254375053140e-02 1.00000000000000e+05 
5.01047731089481e-02 1.00000000000000e+05 
5.02841001703751e-02 1.00000000000000e+05 
5.04634395832614e-02 1.00000000000000e+05 
5.06428447046756e-02 1.00000000000000e+05 
5.08223615569345e-02 1.00000000000000e+05 
5.10019012973912e-02 1.00000000000000e+05 
5.11812325236469e-02 1.00000000000000e+05 
5.13605156706231e-02 1.00000000000000e+05 
5.15398450894595e-02 1.00000000000000e+05 
5.17193298361910e-02 1.00000000000000e+05 
5.18990866430024e-02 1.00000000000000e+05 
5.20790594395039e-02 1.00000000000000e+05 
5.22590614553783e-02 1.00000000000000e+05 
5.24391257952002e-02 1.00000000000000e+05 
5.26192295843462e-02 1.00000000000000e+05 
5.27994327315913e-02 1.00000000000000e+05 
5.29797948727261e-02 1.00000000005327e+05 
5.31602099888866e-02 1.00000000027953e+05 
5.33407521602325e-02 1.00000000076778e+05 
5.35213994567979e-02 1.00000000280732e+05 
5.37022090480251e-02 1.00000000556729e+05 
5.38833032402110e-02 1.00000001024482e+05 
5.40648191999884e-02 1.00000001559252e+05 
5.42467687725654e-02 1.00000002303455e+05 
5.44288264543205e-02 1.00000002941037e+05 
5.46110343426279e-02 1.00000003686079e+05 
5.47934229359147e-02 1.00000004421339e+05 
5.49759171320360e-02 1.00000005265650e+05 
5.51584340253023e-02 1.00000006234330e+05 
5.53409821877576e-02 1.00000007336650e+05 
5.55236614934847e-02 1.00000008556591e+05 
5.57064273221137e-02 1.00000009879578e+05 
5.58893957827023e-02 1.00000011328031e+05 
5.60727430842444e-02 1.00000012904161e+05 
5.62566049747634e-02 1.00000014599234e+05 
5.64410808504576e-02 1.00000016417638e+05 
5.66264137420130e-02 1.00000018369441e+05 
5.68118278577970e-02 1.00000020437582e+05 
5.69973186711313e-02 1.00000022602843e+05 
5.71829401688001e-02 1.00000024868964e+05 
5.73686834786742e-02 1.00000027260980e+05 
5.75545076496607e-02 1.00000029799535e+05 
5.77403010630657e-02 1.00000032490508e+05 
5.79261237465006e-02 1.00000035364104e+05 
5.81119910159731e-02 1.00000038791462e+05 
5.82971753803216e-02 1.00000043186322e+05 
5.84824227711573e-02 1.00000048545562e+05 
5.86677893197207e-02 1.00000055256867e+05 
5.88532997890317e-02 1.00000063317920e+05 
5.90389886206504e-02 1.00000074820642e+05 
5.92248185533513e-02 1.00000090715154e+05 
5.94107566565230e-02 1.00000112093998e+05 
5.95967643058800e-02 1.00000140306012e+05 
5.97827744934433e-02 1.00000176914027e+05 
5.99686545029704e-02 1.00000223479960e+05 
6.01545205676946e-02 1.00000281711294e+05 
6.03403668848898e-02 1.00000353859979e+05 
6.05262547025521e-02 1.00000442361078e+05 
6.07121921084648e-02 1.00000549676067e+05 
6.08981305729199e-02 1.00000679029930e+05 
6.10840016734951e-02 1.00000833223242e+05 
6.12699606257929e-02 1.00001016632874e+05 
6.14560074860142e-02 1.00001233857845e+05 
6.16421901696116e-02 1.00001489610719e+05 
6.18286221463647e-02 1.00001788053188e+05 
6.20152842117267e-02 1.00002135004720e+05 
6.22022231898424e-02 1.00002534683718e+05 
6.23892961170277e-02 1.00002991658962e+05 
6.25766077642087e-02 1.00003512054917e+05 
6.27639938416039e-02 1.00004099495972e+05 
6.29520755596761e-02 1.00004757658025e+05 
6.31405775235910e-02 1.00005488578044e+05 
6.33290941357842e-02 1.00006288005723e+05 
6.35176450148505e-02 1.00007153233045e+05 
6.37063063971820e-02 1.00008085228880e+05 
6.38952114507518e-02 1.00009074383699e+05 
6.40845057642153e-02 1.00010112655714e+05 
6.42742123444460e-02 1.00011196544011e+05 
6.44643730993693e-02 1.00012319156026e+05 
6.46548490394935e-02 1.00013461300289e+05 
6.48456578138028e-02 1.00014615029776e+05 
6.50366378986881e-02 1.00015776812436e+05 
6.52278056703831e-02 1.00016953528535e+05 
6.54191484032152e-02 1.00018175648783e+05 
6.56105971143514e-02 1.00019357977539e+05 
6.58021824873959e-02 1.00020730900076e+05 
6.59938821351806e-02 1.00022345330297e+05 
6.61857273550412e-02 1.00024284150917e+05 
6.63777271424155e-02 1.00026679288538e+05 
6.65698182972590e-02 1.00029810083211e+05 
6.67618924068212e-02 1.00033645666707e+05 
6.69526824188090e-02 1.00038403039629e+05 
6.71435237427129e-02 1.00044523233186e+05 
6.73345223456519e-02 1.00054902723002e+05 
6.75256294328682e-02 1.00072693135262e+05 
6.77167873868121e-02 1.00099876414612e+05 
6.79079071311173e-02 1.00139060097635e+05 
6.80990530970269e-02 1.00192764803904e+05 
6.82901995638100e-02 1.00263600927466e+05 
6.84813980474829e-02 1.00350017201727e+05 
6.86726467070100e-02 1.00453813617578e+05 
6.88639321826502e-02 1.00576534794170e+05 
6.90551821003007e-02 1.00718798376375e+05 
6.92465026832039e-02 1.00881772199867e+05 
6.94379311999701e-02 1.01066239946937e+05 
6.96294764441988e-02 1.01272381808305e+05 
6.98211739039326e-02 1.01499490140756e+05 
7.00130019429679e-02 1.01748458347645e+05 
7.02050209559534e-02 1.02014947881485e+05 
7.03970569488246e-02 1.02299411442246e+05 
7.05891666042574e-02 1.02599075019750e+05 
7.07815081657445e-02 1.02914882284389e+05 
7.09742453034864e-02 1.03240095621952e+05 
7.11675889430365e-02 1.03572416004861e+05 
7.13612148085202e-02 1.03908154359367e+05 
7.15546576425863e-02 1.04242947688217e+05 
7.17479878513393e-02 1.04572655194503e+05 
7.19413321950955e-02 1.04894388036127e+05 
7.21347914692849e-02 1.05203152302534e+05 
7.23283653297365e-02 1.05498743346160e+05 
7.25221115339620e-02 1.05773191712297e+05 
7.27158626006919e-02 1.06020254788578e+05 
7.29096764701848e-02 1.06241174923923e+05 
7.31036868384209e-02 1.06438784828982e+05 
7.32981539724432e-02 1.06623995357595e+05 
7.34930476830903e-02 1.06761481966884e+05 
7.36884592432577e-02 1.06857162376163e+05 
7.38848151444878e-02 1.06924011996466e+05 
7.40817694132871e-02 1.06963695375861e+05 
7.42788978601346e-02 1.06975628824974e+05 
7.44762204824338e-02 1.06945475294460e+05 
7.46736990122712e-02 1.06918578771995e+05 
7.48712531288027e-02 1.06896309548930e+05 
7.50689573852452e-02 1.06877063331537e+05 
7.52649175736202e-02 1.06855049175781e+05 
7.54609651099518e-02 1.06825148818936e+05 
7.56571913634802e-02 1.06786874517946e+05 
7.58535374001739e-02 1.06737994863597e+05 
7.60498705553513e-02 1.06677331795330e+05 
7.62462776654711e-02 1.06603314315360e+05 
7.64427342508069e-02 1.06516730587247e+05 
7.66392958927593e-02 1.06422042694573e+05 
7.68359772945041e-02 1.06320264352573e+05 
7.70327693830226e-02 1.06211734230256e+05 
7.72295918847327e-02 1.06097239721872e+05 
7.74264478716375e-02 1.05977927482599e+05 
7.76232870013696e-02 1.05855310330978e+05 
7.78202197846920e-02 1.05730229653080e+05 
7.80173416197759e-02 1.05603503280104e+05 
7.82146410919055e-02 1.05475489686141e+05 
7.84121758749881e-02 1.05346429534780e+05 
7.86097831922089e-02 1.05217265211252e+05 
7.88075676496523e-02 1.05088269272519e+05 
7.90058407405650e-02 1.04958670478650e+05 
7.92045105356051e-02 1.04829493859845e+05 
7.94031086315668e-02 1.04700733508090e+05 
7.96015991586672e-02 1.04572790051852e+05 
7.98000791207559e-02 1.04445231862860e+05 
7.99985594576845e-02 1.04318078021398e+05 
8.01970649613016e-02 1.04190573628064e+05 
8.03956850679098e-02 1.04063299059418e+05 
8.05944098451296e-02 1.03935787875889e+05 
8.07932885142448e-02 1.03807807526912e+05 
8.09921339749549e-02 1.03679594100444e+05 
8.11910153132641e-02 1.03550979695795e+05 
8.13900761824017e-02 1.03421180338377e+05 
8.15895079642092e-02 1.03290619230001e+05 
8.17892863222853e-02 1.03158694167440e+05 
8.19895475972203e-02 1.03025519934689e+05 
8.21906521311993e-02 1.02890610421674e+05 
8.23924601785110e-02 1.02753585695967e+05 
8.25943653156496e-02 1.02614663806332e+05 
8.27963742972216e-02 1.02474789020693e+05 
8.29984641252813e-02 1.02333532891849e+05 
8.31999588169217e-02 1.02190754467571e+05 
8.34014433325332e-02 1.02045677746572e+05 
8.36029523190537e-02 1.01898653348616e+05 
8.38045854785507e-02 1.01749913344090e+05 
8.40062424852222e-02 1.01599688848235e+05 
8.42079509706944e-02 1.01449248773026e+05 
8.44097283780732e-02 1.01296106272554e+05 
8.46116287536902e-02 1.01138027379081e+05 
8.48136240395737e-02 1.00980721707070e+05 
8.50157411249338e-02 1.00824540541068e+05 
8.52180215918530e-02 1.00668041138456e+05 
8.54204329599910e-02 1.00510860458843e+05 
8.56228796252646e-02 1.00352802943700e+05 
8.58252480741182e-02 1.00194688239184e+05 
8.60275901163359e-02 1.00036188386716e+05 
8.62300220223991e-02 9.98779914065291e+04 
8.64326593621365e-02 9.97202619960920e+04 
8.66355037189872e-02 9.95633654392040e+04 
8.68386147960368e-02 9.94071414841179e+04 
8.70419234088351e-02 9.92521980561989e+04 
8.72453983753530e-02 9.90977348156125e+04 
8.74489899256211e-02 9.89446982651515e+04 
8.76527439369923e-02 9.87935429565522e+04 
8.78565820587135e-02 9.86446333297746e+04 
8.80605221118251e-02 9.84983258088428e+04 
8.82643871821676e-02 9.83546872740335e+04 
8.84681437552259e-02 9.82134266852067e+04 
8.86718882791211e-02 9.80752008135348e+04 
8.88756987527758e-02 9.79403394769459e+04 
8.90796001253849e-02 9.78092758689730e+04 
8.92836200450202e-02 9.76820248617339e+04 
8.94876684684925e-02 9.75586780017717e+04 
8.96918892536965e-02 9.74390352084076e+04 
8.98964707457193e-02 9.73229121788225e+04 
9.01016859226313e-02 9.72113326452034e+04 
9.03075702935573e-02 9.71037809082504e+04 
9.05132377504907e-02 9.70016666084530e+04 
9.07187128803192e-02 9.69044990998710e+04 
9.09241900197226e-02 9.68117928930706e+04 
9.11297868668139e-02 9.67239852224620e+04 
9.13356598502853e-02 9.66412060489241e+04 
9.15417432075500e-02 9.65635879839025e+04 
9.17480553929346e-02 9.64912518273521e+04 
9.19544985154656e-02 9.64239335082076e+04 
9.21610413487923e-02 9.63614181559734e+04 
9.23677641055080e-02 9.63041970306653e+04 
9.25747876305759e-02 9.62512637093452e+04 
9.27819719565241e-02 9.62031586527002e+04 
9.29891153095022e-02 9.61604369133859e+04 
9.31963317481591e-02 9.61228177434547e+04 
9.34036517925813e-02 9.60899418085548e+04 
9.36110950636892e-02 9.60575958017194e+04 
9.38186347436993e-02 9.60324362098239e+04 
9.40262234375552e-02 9.60132897603084e+04 
9.42337637258581e-02 9.59988558847077e+04 
9.44413530762312e-02 9.59878784792567e+04 
9.46489793793747e-02 9.59794153651035e+04 
9.48565695707278e-02 9.59779667728859e+04 
9.50640690695488e-02 9.59757556819760e+04 
9.52715131062404e-02 9.59723064876778e+04 
9.54789917934050e-02 9.59682411260494e+04 
9.56865379069214e-02 9.59645756689434e+04 
9.58942346601333e-02 9.59610798290500e+04 
9.61020504674585e-02 9.59589445545836e+04 
9.63100464262129e-02 9.59583019756682e+04 
9.65181491455475e-02 9.59595549329873e+04 
9.67264170917033e-02 9.59617805411305e+04 
9.69348979314648e-02 9.59646803106712e+04 
9.71432458548542e-02 9.59678454310252e+04 
9.73514933824026e-02 9.59716888523038e+04 
9.75597439916522e-02 9.59756612979600e+04 
9.77680430985896e-02 9.59796175327856e+04 
9.79764461951621e-02 9.59836019944573e+04 
9.81849393948133e-02 9.59874058804885e+04 
9.83936864638116e-02 9.59907583314443e+04 
9.86028778357056e-02 9.59940966453698e+04 
9.88127320489423e-02 9.59969933704213e+04 
9.90226837402122e-02 9.59994493266960e+04 
9.92324579076953e-02 9.60015712570287e+04 
9.94421894882833e-02 9.60032237238176e+04 
9.96519802643872e-02 9.60043572010340e+04 
9.98619242531198e-02 9.60054540609544e+04 
1.00072072265128e-01 9.60063008479246e+04 
1.00282407245569e-01 9.60070944993844e+04 
1.00492893603039e-01 9.60081401685686e+04 
1.00703451877509e-01 9.60094663457255e+04 
1.00914208860841e-01 9.60112366681443e+04 
1.01125255585833e-01 9.60139864138364e+04 
1.01336754151664e-01 9.60177051928495e+04 
1.01548716438460e-01 9.60226412783482e+04 
1.01760193669001e-01 9.60291281130830e+04 
1.01971714535354e-01 9.60374947758614e+04 
1.02183390625409e-01 9.60477305602593e+04 
1.02395265335178e-01 9.60605049390658e+04 
1.02607305106145e-01 9.60740497361720e+04 
1.02819446757599e-01 9.60932376305898e+04 
1.03031578538312e-01 9.61169716789395e+04 
1.03243782901597e-01 9.61473009810894e+04 
1.03456020708158e-01 9.61802704770720e+04 
1.03668348056469e-01 9.62144089641614e+04 
1.03880730765828e-01 9.62516940819123e+04 
1.04093120538295e-01 9.62932832099763e+04 
1.04305372147902e-01 9.63392787658295e+04 
1.04517631109180e-01 9.63911202745668e+04 
1.04729869194215e-01 9.64475809605526e+04 
1.04942202622331e-01 9.65091648931181e+04 
1.05154656400942e-01 9.65757928805796e+04 
1.05367179013542e-01 9.66471674526768e+04 
1.05579824142870e-01 9.67231497149257e+04 
1.05792459650452e-01 9.68039838445031e+04 
1.06004996430259e-01 9.68894055314084e+04 
1.06217481564443e-01 9.69792810413826e+04 
1.06430119999174e-01 9.70732752738735e+04 
1.06642965081533e-01 9.71709000908143e+04 
1.06856142267999e-01 9.72717980439085e+04 
1.07069625819009e-01 9.73759820787701e+04 
1.07283336698219e-01 9.74829020317742e+04 
1.07497164984740e-01 9.75919443093902e+04 
1.07711169591959e-01 9.77024741674243e+04 
1.07925289991672e-01 9.78138014041569e+04 
1.08123223375445e-01 9.79167928467500e+04 
1.08335620653032e-01 9.80274073024452e+04 
1.08542349365288e-01 9.81346349872534e+04 
1.08751612660541e-01 9.82417456154132e+04 
1.08965381613093e-01 9.83498834578651e+04 
1.09178928829429e-01 9.84554103135878e+04 
1.09392501699791e-01 9.85583967082905e+04 
1.09605932728119e-01 9.86589817646612e+04 
1.09819286926720e-01 9.87566530067738e+04 
1.10007806839945e-01 9.88397903776036e+04 
1.10203853224852e-01 9.89234855755136e+04 
1.10408306084684e-01 9.90069587240616e+04 
1.10593368401283e-01 9.90789334647419e+04 
1.10791336413904e-01 9.91530712978921e+04 
1.10999817221403e-01 9.92275135679026e+04 
1.11197736359903e-01 9.92941318568216e+04 
1.11390485209717e-01 9.93559991732468e+04 
1.11599258256660e-01 9.94188892808869e+04 
1.11774522174365e-01 9.94688310901029e+04 
1.11958843858991e-01 9.95187480348427e+04 
1.12154068340210e-01 9.95684564689495e+04 
1.12338736133748e-01 9.96122078949850e+04 
1.12534691618961e-01 9.96556026375655e+04 
1.12718546771344e-01 9.96936705880688e+04 
1.12914798704731e-01 9.97316911162737e+04 
1.13103293245144e-01 9.97659662966412e+04 
1.13306483071732e-01 9.98011368078224e+04 
1.13498974070709e-01 9.98316475991805e+04 
1.13702877139220e-01 9.98606246083982e+04 
1.13895129984071e-01 9.98858788311765e+04 
1.14096826518201e-01 9.99097677445654e+04 
1.14298416325247e-01 9.99332931616099e+04 
1.14494816839706e-01 9.99556247246834e+04 
1.14699849889082e-01 9.99776141442022e+04 
1.14885265822700e-01 9.99964977559603e+04 
1.15077671481653e-01 1.00014971986630e+05 
1.15278137731063e-01 1.00033089274662e+05 
1.15467095970937e-01 1.00049222168574e+05 
1.15663571902459e-01 1.00064973607684e+05 
1.15855668031092e-01 1.00079191871675e+05 
1.16048582874892e-01 1.00092551681677e+05 
1.16250405019458e-01 1.00105570410105e+05 
1.16437667407474e-01 1.00116730487826e+05 
1.16634111255932e-01 1.00127656808005e+05 
1.16840308014541e-01 1.00138402144355e+05 
1.17036416836991e-01 1.00147796216804e+05 
1.17226843939726e-01 1.00156341003170e+05 
1.17427505659172e-01 1.00164769254443e+05 
1.17618925055143e-01 1.00172258050837e+05 
1.17820515153908e-01 1.00179629623095e+05 
1.18036115270369e-01 1.00187084503494e+05 
1.18241165580178e-01 1.00193739380535e+05 
1.18438274734083e-01 1.00199863417084e+05 
1.18652676014337e-01 1.00205906020059e+05 
1.18852860292234e-01 1.00211152101404e+05 
1.19060414262266e-01 1.00216467582466e+05 
1.19277352752647e-01 1.00221863446935e+05 
1.19481715333638e-01 1.00226701020096e+05 
1.19695894175927e-01 1.00231578194142e+05 
1.19911421046281e-01 1.00236305680628e+05 
1.20112179744263e-01 1.00240131273801e+05 
1.20322631295958e-01 1.00244237827424e+05 
1.20539511440310e-01 1.00248284027654e+05 
1.20749663675493e-01 1.00252265483701e+05 
1.20966476037653e-01 1.00255892738429e+05 
1.21183297288153e-01 1.00259100375318e+05 
1.21387145681204e-01 1.00261641167609e+05 
1.21603886085794e-01 1.00263982311520e+05 
1.21820631817841e-01 1.00266017045438e+05 
1.22037330623669e-01 1.00267861709057e+05 
1.22253993723942e-01 1.00268941839378e+05 
1.22470669378802e-01 1.00269400374754e+05 
1.22687292909066e-01 1.00269337363176e+05 
1.22903905750722e-01 1.00268945922470e+05 
1.23120536230764e-01 1.00268409527057e+05 
1.23332046677230e-01 1.00267416532710e+05 
1.23548617799693e-01 1.00266212260081e+05 
1.23765211031369e-01 1.00264452974749e+05 
1.23972974495008e-01 1.00262297621440e+05 
1.24189525066997e-01 1.00259861112314e+05 
1.24406100985027e-01 1.00256997006961e+05 
1.24622650548775e-01 1.00254328780091e+05 
1.24839184812199e-01 1.00251288876466e+05 
1.25055751552474e-01 1.00248198042786e+05 
1.25268493358942e-01 1.00244644449107e+05 
1.25485049117176e-01 1.00240904395816e+05 
1.25701641305551e-01 1.00237389475278e+05 
1.25918222779272e-01 1.00234266281693e+05 
1.26134807567544e-01 1.00230979007045e+05 
1.26351435632940e-01 1.00227842392456e+05 
1.26568058637107e-01 1.00224609542662e+05 
1.26784713273098e-01 1.00221261412251e+05 
1.27001410338062e-01 1.00217901503428e+05 
1.27218107713284e-01 1.00215543382096e+05 
1.27434823742097e-01 1.00213387706070e+05 
1.27651584438376e-01 1.00211798913669e+05 
1.27868351249893e-01 1.00209929362582e+05 
1.28085153103777e-01 1.00208036868336e+05 
1.28301992241972e-01 1.00206169475130e+05 
1.28518833104276e-01 1.00204869453478e+05 
1.28735696770734e-01 1.00203408707057e+05 
1.28952600006202e-01 1.00202062169495e+05 
1.29169514584166e-01 1.00200523311715e+05 
1.29386465231585e-01 1.00198974475659e+05 
1.29603448045973e-01 1.00197361017218e+05 
1.29820433842160e-01 1.00196104281119e+05 
1.30037446747192e-01 1.00194783642234e+05 
1.30254497041954e-01 1.00193519123191e+05 
1.30471566173319e-01 1.00192463100720e+05 
1.30688675854132e-01 1.00191248297620e+05 
1.30905816511459e-01 1.00189908342201e+05 
1.31122964710501e-01 1.00188910366511e+05 
1.31340148504161e-01 1.00187734596674e+05 
1.31557367182550e-01 1.00186801913495e+05 
1.31774610305497e-01 1.00186035531403e+05 
1.31991891159119e-01 1.00185690396187e+05 
1.32209193754937e-01 1.00185336272342e+05 
1.32426497027292e-01 1.00185933038778e+05 
1.32643830756469e-01 1.00186842442510e+05 
1.32861188942229e-01 1.00188333573165e+05 
1.33078561220073e-01 1.00190097826833e+05 
1.33295960896671e-01 1.00192452443785e+05 
1.33513375184481e-01 1.00195356895645e+05 
1.33730786629909e-01 1.00199269524417e+05 
1.33948224463629e-01 1.00203537092873e+05 
1.34165686627894e-01 1.00208323931772e+05 
1.34383164707254e-01 1.00213324904497e+05 
1.34600672744873e-01 1.00218753575942e+05 
1.34818197580381e-01 1.00224474452213e+05 
1.35035722761572e-01 1.00230973754283e+05 
1.35253273892245e-01 1.00237586317038e+05 
1.35470851588633e-01 1.00244463506745e+05 
1.35688448681326e-01 1.00251299953854e+05 
1.35906079808125e-01 1.00258340312067e+05 
1.36123729726791e-01 1.00265348815874e+05 
1.36341383443266e-01 1.00272905126003e+05 
1.36559066213578e-01 1.00280414695543e+05 
1.36776777187006e-01 1.00287948508363e+05 
1.36994512332933e-01 1.00295302054346e+05 
1.37212283884245e-01 1.00302816780188e+05 
1.37430073984427e-01 1.00309933619048e+05 
1.37647868327840e-01 1.00317181165333e+05 
1.37865692158018e-01 1.00324122402400e+05 
1.38083541167932e-01 1.00330992148433e+05 
1.38301411360412e-01 1.00337624028130e+05 
1.38519311989535e-01 1.00343948716478e+05 
1.38737226395787e-01 1.00349962092326e+05 
1.38955140896793e-01 1.00355949711614e+05 
1.39173080727347e-01 1.00361639647007e+05 
1.39391044124399e-01 1.00367123904017e+05 
1.39609022903100e-01 1.00371713473325e+05 
1.39827026509715e-01 1.00376352352132e+05 
1.40045043419391e-01 1.00380832918855e+05 
1.40263056234928e-01 1.00385510192645e+05 
1.40481086207666e-01 1.00390083451976e+05 
1.40699136621247e-01 1.00394661513489e+05 
1.40917188419220e-01 1.00399067834695e+05 
1.41135252177720e-01 1.00403396279048e+05 
1.41353322594868e-01 1.00407409211768e+05 
1.41571377090418e-01 1.00411561267313e+05 
1.41789430501495e-01 1.00415261428951e+05 
1.42007494983403e-01 1.00418524838690e+05 
1.42225541018886e-01 1.00421130634244e+05 
1.42443583696686e-01 1.00423184791075e+05 
1.42661623717600e-01 1.00424488058473e+05 
1.42879633539653e-01 1.00425737555358e+05 
1.43097621474984e-01 1.00426618436217e+05 
1.43315610102686e-01 1.00427100632646e+05 
1.43533561939305e-01 1.00427180110019e+05 
1.43751498095936e-01 1.00427204620492e+05 
1.43969427090796e-01 1.00426824009547e+05 
1.44187317425029e-01 1.00426688004302e+05 
1.44405174815155e-01 1.00426295144029e+05 
1.44623032253090e-01 1.00425632294206e+05 
1.44840844837283e-01 1.00424644834209e+05 
1.45058638846000e-01 1.00423776356763e+05 
1.45276429374284e-01 1.00422502412519e+05 
1.45494178797202e-01 1.00421551664178e+05 
1.45711890375871e-01 1.00420185420529e+05 
1.45929602739060e-01 1.00418821325721e+05 
1.46147265234331e-01 1.00417234164043e+05 
1.46364907114647e-01 1.00415848240521e+05 
1.46582546996977e-01 1.00413926568237e+05 
1.46800143962409e-01 1.00412267497116e+05 
1.47017701284629e-01 1.00410287351906e+05 
1.47235259966619e-01 1.00407820200308e+05 
1.47452771770565e-01 1.00405042232445e+05 
1.47670268694251e-01 1.00402344872371e+05 
1.47887770413939e-01 1.00399499211217e+05 
1.48105237486632e-01 1.00396940175249e+05 
1.48322677276419e-01 1.00394531591565e+05 
1.48540128684084e-01 1.00392086681443e+05 
1.48757550373715e-01 1.00389557717247e+05 
1.48974973957924e-01 1.00387267603028e+05 
1.49192415769605e-01 1.00385067960829e+05 
1.49409838665855e-01 1.00382728613618e+05 
1.49627253393810e-01 1.00380461144010e+05 
1.49844690966464e-01 1.00378182416322e+05 
1.50062116396351e-01 1.00375770368758e+05 
1.50279558095717e-01 1.00373458148373e+05 
1.50497026351443e-01 1.00370748850782e+05 
1.50714487480080e-01 1.00368539466855e+05 
1.50931955208620e-01 1.00365996259991e+05 
1.51149452568042e-01 1.00363157461695e+05 
1.51366952297828e-01 1.00360011382969e+05 
1.51584479718769e-01 1.00356773652531e+05 
1.51802038987871e-01 1.00353324660943e+05 
1.52019600804048e-01 1.00350601135990e+05 
1.52237181194372e-01 1.00347636080693e+05 
1.52454796246347e-01 1.00344768007712e+05 
1.52672424717484e-01 1.00341981433271e+05 
1.52890088986043e-01 1.00339305305500e+05 
1.53107786786688e-01 1.00337055021645e+05 
1.53325492263005e-01 1.00335758907850e+05 
1.53543223603252e-01 1.00335028691887e+05 
1.53760992787810e-01 1.00335252290357e+05 
1.53978783389100e-01 1.00336217824439e+05 
1.54196615122637e-01 1.00338152310134e+05 
1.54414479795122e-01 1.00340513320531e+05 
1.54632351345319e-01 1.00344186599446e+05 
1.54850245239025e-01 1.00348088742167e+05 
1.55068168271973e-01 1.00352387258867e+05 
1.55286109194174e-01 1.00356947297089e+05 
1.55504088133936e-01 1.00361902589282e+05 
1.55722094994189e-01 1.00366903737756e+05 
1.55940107868023e-01 1.00373044450652e+05 
1.56158147002358e-01 1.00379100274655e+05 
1.56376217058780e-01 1.00385267057611e+05 
1.56594310375540e-01 1.00391419563324e+05 
1.56812444594735e-01 1.00397764603526e+05 
1.57030605130578e-01 1.00403985259409e+05 
1.57248771841575e-01 1.00410811224231e+05 
1.57466962011919e-01 1.00417577048641e+05 
1.57685178165464e-01 1.00424658487503e+05 
1.57903414018740e-01 1.00431781834598e+05 
1.58121685474442e-01 1.00439127216535e+05 
1.58339975248487e-01 1.00446460244528e+05 
1.58558264651463e-01 1.00454594690103e+05 
1.58776568943687e-01 1.00462530833623e+05 
1.58994890211612e-01 1.00470568592115e+05 
1.59213223097283e-01 1.00478520427621e+05 
1.59431583826251e-01 1.00486615967131e+05 
1.59649955406629e-01 1.00494577814475e+05 
1.59868320368636e-01 1.00503600552591e+05 
1.60086693523665e-01 1.00512198465323e+05 
1.60305078612286e-01 1.00521046173617e+05 
1.60523470213069e-01 1.00529669929406e+05 
1.60741885588564e-01 1.00538626672397e+05 
1.60960309380091e-01 1.00547146729882e+05 
1.61178724239529e-01 1.00556658214866e+05 
1.61397145308322e-01 1.00565652469659e+05 
1.61615578661080e-01 1.00574620155873e+05 
1.61834018089578e-01 1.00583530823833e+05 
1.62052482171100e-01 1.00592814425418e+05 
1.62270957786626e-01 1.00601681145281e+05 
1.62489426737362e-01 1.00611630813733e+05 
1.62707905038363e-01 1.00621158023617e+05 
1.62926399911840e-01 1.00630865498666e+05 
1.63144903747384e-01 1.00640472585321e+05 
1.63363435400213e-01 1.00649977971175e+05 
1.63581983303620e-01 1.00659199817021e+05 
1.63800528417763e-01 1.00669361467430e+05 
1.64019086902827e-01 1.00678982835386e+05 
1.64237666565181e-01 1.00688694531215e+05 
1.64456259547804e-01 1.00697851307971e+05 
1.64674884779214e-01 1.00707295558511e+05 
1.64893530758056e-01 1.00716543334792e+05 
1.65112178471988e-01 1.00726831688235e+05 
1.65330844319787e-01 1.00736509390881e+05 
1.65549535178483e-01 1.00746161908794e+05 
1.65768244193620e-01 1.00755480941863e+05 
1.65986989539754e-01 1.00764582482343e+05 
1.66205758661220e-01 1.00773144347339e+05 
1.66424533735392e-01 1.00782330138848e+05 
1.66643331236632e-01 1.00790536663459e+05 
1.66862156212232e-01 1.00798335910829e+05 
1.67081003780693e-01 1.00805419690465e+05 
1.67299890629960e-01 1.00811998306534e+05 
1.67518802520819e-01 1.00817807503529e+05 
1.67737723415794e-01 1.00823875633046e+05 
1.67956669984168e-01 1.00828862876947e+05 
1.68175644738803e-01 1.00833426975056e+05 
1.68394645093012e-01 1.00837507359767e+05 
1.68613685729127e-01 1.00841311945942e+05 
1.68832750430067e-01 1.00844600460562e+05 
1.69051825213858e-01 1.00848777237517e+05 
1.69270926939100e-01 1.00852163435731e+05 
1.69490055110348e-01 1.00855529375257e+05 
1.69709209728026e-01 1.00858782777119e+05 
1.69928403568619e-01 1.00862269718865e+05 
1.70147618787913e-01 1.00865758492833e+05 
1.70366843505246e-01 1.00870603771602e+05 
1.70586094978212e-01 1.00875362905589e+05 
1.70805369956256e-01 1.00880758324040e+05 
1.71024670329873e-01 1.00886663776529e+05 
1.71244006918893e-01 1.00893446983900e+05 
1.71463360555204e-01 1.00900790211589e+05 
1.71682720601873e-01 1.00910090501177e+05 
1.71902103546801e-01 1.00920176186922e+05 
1.72121504419051e-01 1.00931395666053e+05 
1.72340926157153e-01 1.00943704616335e+05 
1.72560378656263e-01 1.00957434199446e+05 
1.72779842657434e-01 1.00972201870051e+05 
1.72999309050077e-01 1.00989208604082e+05 
1.73218793588080e-01 1.01007154435255e+05 
1.73438291335161e-01 1.01026519134798e+05 
1.73657806347270e-01 1.01047084414986e+05 
1.73877348310434e-01 1.01069069541592e+05 
1.74096898524013e-01 1.01092196327341e+05 
1.74316449261513e-01 1.01117393698197e+05 
1.74536015745311e-01 1.01143222404625e+05 
1.74755593310689e-01 1.01170177457843e+05 
1.74975186258846e-01 1.01197917269861e+05 
1.75194803906038e-01 1.01226593495525e+05 
1.75414428639515e-01 1.01255769039363e+05 
1.75634053460873e-01 1.01286557103820e+05 
1.75853693066477e-01 1.01317283905367e+05 
1.76073343362552e-01 1.01348401434326e+05 
1.76293007562867e-01 1.01379512650380e+05 
1.76512694142450e-01 1.01410696220717e+05 
1.76732386673561e-01 1.01441320858705e+05 
1.76952078202430e-01 1.01472691245333e+05 
1.77171782585571e-01 1.01502972683903e+05 
1.77391496414666e-01 1.01532515593976e+05 
1.77611221325876e-01 1.01560717434225e+05 
1.77830965161239e-01 1.01587686400970e+05 
1.78050713223140e-01 1.01613187097200e+05 
1.78270458586258e-01 1.01637582635264e+05 
1.78490214386388e-01 1.01659306453321e+05 
1.78709978268083e-01 1.01678333149735e+05 
1.78929749984609e-01 1.01695773500274e+05 
1.79149536858193e-01 1.01710313790095e+05 
1.79369326073338e-01 1.01720587727195e+05 
1.79589110050979e-01 1.01728896926930e+05 
1.79808901171038e-01 1.01732946022699e+05 
1.79988997747580e-01 1.01732984987667e+05 
1.80182621439100e-01 1.01732397066018e+05 
1.80384278700350e-01 1.01730855552734e+05 
1.80582577813770e-01 1.01727896148253e+05 
1.80756778270733e-01 1.01725022247086e+05 
1.80944402189140e-01 1.01720020147590e+05 
1.81120358855149e-01 1.01714139523502e+05 
1.81299975751525e-01 1.01706129756071e+05 
1.81480209063696e-01 1.01695604103042e+05 
1.81649846485194e-01 1.01684223000077e+05 
1.81827276589562e-01 1.01671182639162e+05 
1.82008699368954e-01 1.01655287683981e+05 
1.82178180403640e-01 1.01639162911338e+05 
1.82356941237004e-01 1.01620776877142e+05 
1.82529411123330e-01 1.01601606223107e+05 
1.82712163698225e-01 1.01579726710005e+05 
1.82887932302039e-01 1.01558040330265e+05 
1.83059608442475e-01 1.01535289900412e+05 
1.83236897101838e-01 1.01510612815653e+05 
1.83428725078594e-01 1.01482379257156e+05 
1.83608245748306e-01 1.01454586309150e+05 
1.83796555702580e-01 1.01423950042378e+05 
1.83998116540131e-01 1.01390881282338e+05 
1.84156408632260e-01 1.01363689101733e+05 
1.84328738652425e-01 1.01333373789415e+05 
1.84514649222528e-01 1.01299748781521e+05 
1.84714159349834e-01 1.01262866963188e+05 
1.84880379501671e-01 1.01231454441458e+05 
1.85062874991365e-01 1.01197216615241e+05 
1.85260561338709e-01 1.01159144725520e+05 
1.85472121075573e-01 1.01118086311704e+05 
1.85633844344826e-01 1.01086409941605e+05 
1.85807384504403e-01 1.01052260924854e+05 
1.85991555094082e-01 1.01015726220339e+05 
1.86191011367712e-01 1.00977121789694e+05 
1.86403038895078e-01 1.00935678585036e+05 
1.86623590261348e-01 1.00893042004593e+05 
1.86845515089095e-01 1.00850424022649e+05 
1.87067442971429e-01 1.00807632628448e+05 
1.87289259925967e-01 1.00766133962544e+05 
1.87510887073288e-01 1.00726531368767e+05 
1.87732301391744e-01 1.00687228842463e+05 
1.87953634412817e-01 1.00649010296759e+05 
1.88174966451437e-01 1.00611427410887e+05 
1.88396349300133e-01 1.00574742943709e+05 
1.88617787719377e-01 1.00538342425280e+05 
1.88839264175521e-01 1.00504173997663e+05 
1.89060744678593e-01 1.00469759311384e+05 
1.89282238567798e-01 1.00436143530588e+05 
1.89503743979814e-01 1.00402973344118e+05 
1.89725261534540e-01 1.00370313198191e+05 
1.89946792739238e-01 1.00338091972303e+05 
1.90168310255541e-01 1.00307960474602e+05 
1.90389831401450e-01 1.00277727004837e+05 
1.90611354219633e-01 1.00248471635511e+05 
1.90832871532410e-01 1.00219803338118e+05 
1.91054392205139e-01 1.00191969780332e+05 
1.91275917084927e-01 1.00164898057657e+05 
1.91497418952312e-01 1.00139857133452e+05 
1.91718917425130e-01 1.00115012309450e+05 
1.91940405804083e-01 1.00091491749517e+05 
1.92161888097376e-01 1.00068974540139e+05 
1.92383368933329e-01 1.00047680159390e+05 
1.92604849058486e-01 1.00026613099068e+05 
1.92826302640753e-01 1.00008811440243e+05 
1.93047751168579e-01 9.99912915130043e+04 
1.93269191234019e-01 9.99753527092787e+04 
1.93490618449459e-01 9.99605130871723e+04 
1.93712041342075e-01 9.99469148271275e+04 
1.93933460274028e-01 9.99341125116654e+04 
1.94154851047184e-01 9.99240702341052e+04 
1.94376236712566e-01 9.99139079194350e+04 
1.94597614195630e-01 9.99047337861305e+04 
1.94818980164900e-01 9.98962462128645e+04 
1.95040342549478e-01 9.98887311316202e+04 
1.95261701065391e-01 9.98814158248429e+04 
1.95483032621810e-01 9.98749595019014e+04 
1.95704360779051e-01 9.98684225328297e+04 
1.95925681902190e-01 9.98627196668145e+04 
1.96146993095072e-01 9.98579136777552e+04 
1.96368301261068e-01 9.98536119945534e+04 
1.96589605461530e-01 9.98491849540879e+04 
1.96810883488671e-01 9.98467594814324e+04 
1.97032158805563e-01 9.98439129914396e+04 
1.97253427277786e-01 9.98408525375732e+04 
1.97474686385084e-01 9.98373271905205e+04 
1.97695942128382e-01 9.98330347045622e+04 
1.97917193492777e-01 9.98278085974627e+04 
1.98138419517298e-01 9.98225284536052e+04 
1.98359643555048e-01 9.98153141272702e+04 
1.98580861051873e-01 9.98074117555632e+04 
1.98802069901969e-01 9.97985555856149e+04 
1.99023275092868e-01 9.97892495901034e+04 
1.99244475642961e-01 9.97790386413997e+04 
1.99465651699692e-01 9.97689625112644e+04 
1.99686826295747e-01 9.97582958340539e+04 
1.99907994142272e-01 9.97474875034111e+04 
2.00129153076113e-01 9.97363819179602e+04 
