# Liste des scalaires : TEMPS pmat 
0.00000000000000e+00 1.00000000000000e+05 
5.42217668469038e-05 1.00000000000000e+05 
9.74278515959904e-05 1.00000000000000e+05 
1.40169374587848e-04 1.00000000000000e+05 
1.83292372333387e-04 1.00000000000000e+05 
2.26423363695522e-04 1.00000000000000e+05 
2.69099446307872e-04 1.00000000000000e+05 
3.10763807588228e-04 1.00000000000000e+05 
3.52411649018902e-04 1.00000000000000e+05 
3.95623945445291e-04 1.00000000000000e+05 
4.39109080378119e-04 1.00000000000000e+05 
4.83229455222434e-04 1.00000000000000e+05 
5.28957672305424e-04 1.00000000000000e+05 
5.76477053667459e-04 1.00000000000000e+05 
6.24894550902505e-04 1.00000000000000e+05 
6.74672552588744e-04 1.00000000000000e+05 
7.26051028531706e-04 1.00000000000000e+05 
7.77496315225538e-04 1.00000000000000e+05 
8.30042905035036e-04 1.00000000000000e+05 
8.84619241172911e-04 1.00000000000000e+05 
9.40409941351579e-04 1.00000000000000e+05 
9.96877173220930e-04 1.00000000000000e+05 
1.05455730860830e-03 1.00000000000000e+05 
1.11418927016171e-03 1.00000000000000e+05 
1.17426319266557e-03 1.00000000000000e+05 
1.23506609973086e-03 1.00000000000000e+05 
1.29738350859652e-03 1.00000000000000e+05 
1.36095072182541e-03 1.00000000000000e+05 
1.42575355226504e-03 1.00000000000000e+05 
1.49182531908356e-03 1.00000000000000e+05 
1.55935247567902e-03 1.00000000000000e+05 
1.62870750846556e-03 1.00000000000000e+05 
1.69925164557198e-03 1.00000000000000e+05 
1.76894321678765e-03 1.00000000000000e+05 
1.83976079044878e-03 1.00000000000000e+05 
1.91177522252962e-03 1.00000000000000e+05 
1.98507051838718e-03 1.00000000000000e+05 
2.05963287226141e-03 1.00000000000000e+05 
2.13560067771900e-03 1.00000000000000e+05 
2.21287567365531e-03 1.00000000000000e+05 
2.29145004293080e-03 1.00000000000000e+05 
2.37143395443059e-03 1.00000000000000e+05 
2.45290913011756e-03 1.00000000000000e+05 
2.53578373220597e-03 1.00000000000000e+05 
2.61675500306681e-03 1.00000000000000e+05 
2.69879662341023e-03 1.00000000000000e+05 
2.78188759831117e-03 1.00000000000000e+05 
2.86606821878699e-03 1.00000000000000e+05 
2.95139102640320e-03 1.00000000000000e+05 
3.03779533962373e-03 1.00000000000000e+05 
3.12532306926204e-03 1.00000000000000e+05 
3.21392243169939e-03 1.00000000000000e+05 
3.30355288278611e-03 1.00000000000000e+05 
3.39429766031687e-03 1.00000000000000e+05 
3.48623544702564e-03 1.00000000000000e+05 
3.57926351839427e-03 1.00000000000000e+05 
3.67340282993981e-03 1.00000000000000e+05 
3.76861782461799e-03 1.00000000000000e+05 
3.86488923349935e-03 1.00000000000000e+05 
3.96225961210632e-03 1.00000000000000e+05 
4.06073673902294e-03 1.00000000000000e+05 
4.16036344154054e-03 1.00000000000000e+05 
4.26108905084123e-03 1.00000000000000e+05 
4.36248392928688e-03 1.00000000000000e+05 
4.46390296613791e-03 1.00000000000000e+05 
4.56536865755104e-03 1.00000000000000e+05 
4.66686770619751e-03 1.00000000000000e+05 
4.76844301835852e-03 1.00000000000000e+05 
4.87010210096884e-03 1.00000000000000e+05 
4.97184634573827e-03 1.00000000000000e+05 
5.07373885093331e-03 1.00000000000000e+05 
5.17579493751760e-03 1.00000000000000e+05 
5.27798611486715e-03 1.00000000000000e+05 
5.38034777588930e-03 1.00000000000000e+05 
5.48287756361863e-03 1.00000000000000e+05 
5.58556908477906e-03 1.00000000000000e+05 
5.68846727152130e-03 1.00000000000000e+05 
5.79105200953696e-03 1.00000000000000e+05 
5.89317101800396e-03 1.00000000000000e+05 
5.99489210683000e-03 1.00000000000000e+05 
6.09612284502839e-03 1.00000000000000e+05 
6.19681598105005e-03 1.00000000000000e+05 
6.29711950604525e-03 1.00000000000000e+05 
6.39724988069671e-03 1.00000000000000e+05 
6.49721605370570e-03 1.00000000000000e+05 
6.59717463054850e-03 1.00000000000000e+05 
6.69706778207788e-03 1.00000000000000e+05 
6.79704338875698e-03 1.00000000000000e+05 
6.89693734804408e-03 1.00000000000000e+05 
6.99655895110962e-03 1.00000000000000e+05 
7.09593263812530e-03 1.00000000000000e+05 
7.19516631039953e-03 1.00000000000000e+05 
7.29430571932538e-03 1.00000000000000e+05 
7.39332979632465e-03 1.00000000000000e+05 
7.49238991517669e-03 1.00000000000000e+05 
7.59151356547213e-03 1.00000000000000e+05 
7.69068921323472e-03 1.00000000000000e+05 
7.79005439072620e-03 1.00000000000000e+05 
7.88961941262953e-03 1.00000000000000e+05 
7.98951834891646e-03 1.00000000000000e+05 
8.08979956590349e-03 1.00000000000000e+05 
8.18988240582283e-03 1.00000000000000e+05 
8.29002037563868e-03 1.00000000000000e+05 
8.39028917156020e-03 1.00000000000000e+05 
8.49073523455943e-03 1.00000000000000e+05 
8.59135299356559e-03 1.00000000000000e+05 
8.69213636753571e-03 1.00000000000000e+05 
8.79306120183446e-03 1.00000000000000e+05 
8.89410849900295e-03 1.00000000000000e+05 
8.99525293657055e-03 1.00000000000000e+05 
9.09651668568823e-03 1.00000000000000e+05 
9.19786456795720e-03 1.00000000000000e+05 
9.29938719786890e-03 1.00000000000000e+05 
9.40103565382312e-03 1.00000000000000e+05 
9.50269788261528e-03 1.00000000000000e+05 
9.60434290614353e-03 1.00000000000000e+05 
9.70603054282965e-03 1.00000000000000e+05 
9.80791599585285e-03 1.00000000000000e+05 
9.91009071454992e-03 1.00000000000000e+05 
1.00125912358030e-02 1.00000000000000e+05 
1.01154141174737e-02 1.00000000000000e+05 
1.02186134157513e-02 1.00000000000000e+05 
1.03221689192646e-02 1.00000000000000e+05 
1.04260406469929e-02 1.00000000000000e+05 
1.05300922297045e-02 1.00000000000000e+05 
1.06342944239046e-02 1.00000000000000e+05 
1.07385972167147e-02 1.00000000000000e+05 
1.08430643270145e-02 1.00000000000000e+05 
1.09476627132536e-02 1.00000000000000e+05 
1.10507882889620e-02 1.00000000000000e+05 
1.11539281353420e-02 1.00000000000000e+05 
1.12570461719614e-02 1.00000000000000e+05 
1.13601766867441e-02 1.00000000000000e+05 
1.14632603194459e-02 1.00000000000000e+05 
1.15663961225871e-02 1.00000000000000e+05 
1.16695044607853e-02 1.00000000000000e+05 
1.17725924110914e-02 1.00000000000000e+05 
1.18755613267573e-02 1.00000000000000e+05 
1.19784822719180e-02 1.00000000000000e+05 
1.20812783002176e-02 1.00000000000000e+05 
1.21841394558731e-02 1.00000000000000e+05 
1.22870036543388e-02 1.00000000000000e+05 
1.23898507106421e-02 1.00000000000000e+05 
1.24925744344363e-02 1.00000000000000e+05 
1.25952893964482e-02 1.00000000000000e+05 
1.26979345915825e-02 1.00000000000000e+05 
1.28005990216039e-02 1.00000000000000e+05 
1.29033874977158e-02 1.00000000000000e+05 
1.30063888138231e-02 1.00000000000000e+05 
1.31095798277336e-02 1.00000000000000e+05 
1.32129523945913e-02 1.00000000000000e+05 
1.33164554417943e-02 1.00000000000000e+05 
1.34199875979659e-02 1.00000000000000e+05 
1.35235215465556e-02 1.00000000000000e+05 
1.36270650109297e-02 1.00000000000000e+05 
1.37306008877620e-02 1.00000000000000e+05 
1.38341046100718e-02 1.00000000000000e+05 
1.39375885381459e-02 1.00000000000000e+05 
1.40410977443606e-02 1.00000000000000e+05 
1.41446744929345e-02 1.00000000000000e+05 
1.42483151368441e-02 1.00000000000000e+05 
1.43520256419350e-02 1.00000000000000e+05 
1.44558218326559e-02 1.00000000000000e+05 
1.45596478044276e-02 1.00000000000000e+05 
1.46635411237742e-02 1.00000000000000e+05 
1.47674935184941e-02 1.00000000000000e+05 
1.48714608938273e-02 1.00000000000000e+05 
1.49754239309199e-02 1.00000000000000e+05 
1.50794172942550e-02 1.00000000000000e+05 
1.51834349277524e-02 1.00000000000000e+05 
1.52875358684716e-02 1.00000000000000e+05 
1.53917400166784e-02 1.00000000000000e+05 
1.54960481331382e-02 1.00000000000000e+05 
1.56006946038611e-02 1.00000000000000e+05 
1.57057376953450e-02 1.00000000000000e+05 
1.58112229665147e-02 1.00000000000000e+05 
1.59159842245194e-02 1.00000000000000e+05 
1.60217950816631e-02 1.00000000000000e+05 
1.61268024647946e-02 1.00000000000000e+05 
1.62327775119309e-02 1.00000000000000e+05 
1.63388959723646e-02 1.00000000000000e+05 
1.64452063208007e-02 1.00000000000000e+05 
1.65507500778275e-02 1.00000000000000e+05 
1.66573355279803e-02 1.00000000000000e+05 
1.67633648093337e-02 1.00000000000000e+05 
1.68702595291856e-02 1.00000000000000e+05 
1.69772718102701e-02 1.00000000000000e+05 
1.70845785530974e-02 1.00000000000000e+05 
1.71918256439189e-02 1.00000000000000e+05 
1.72997731055645e-02 1.00000000000000e+05 
1.74077386591724e-02 1.00000000000000e+05 
1.75166724805606e-02 1.00000000000000e+05 
1.76261557582230e-02 1.00000000000000e+05 
1.77364961907025e-02 1.00000000000000e+05 
1.78474778753679e-02 1.00000000000000e+05 
1.79594122492367e-02 1.00000000000000e+05 
1.80724389757513e-02 1.00000000000000e+05 
1.81869286831332e-02 1.00000000000000e+05 
1.83015221164396e-02 1.00000000000000e+05 
1.84160853961405e-02 1.00000000000000e+05 
1.85305346919586e-02 1.00000000000000e+05 
1.86449941922186e-02 1.00000000000000e+05 
1.87594731963576e-02 1.00000000000000e+05 
1.88740369689667e-02 1.00000000000000e+05 
1.89886902073583e-02 1.00000000000000e+05 
1.91034898236908e-02 1.00000000000000e+05 
1.92182520579539e-02 1.00000000000000e+05 
1.93331786338381e-02 1.00000000000000e+05 
1.94480530880266e-02 1.00000000000000e+05 
1.95630927884697e-02 1.00000000000000e+05 
1.96781480285215e-02 1.00000000000000e+05 
1.97921852508749e-02 1.00000000000000e+05 
1.99070194935321e-02 1.00000000000000e+05 
2.00200232537880e-02 1.00000000000000e+05 
2.01345655869519e-02 1.00000000000000e+05 
2.02493477875309e-02 1.00000000000000e+05 
2.03631683103897e-02 1.00000000000000e+05 
2.04782221998558e-02 1.00000000000000e+05 
2.05835704790604e-02 1.00000000000000e+05 
2.06935413667627e-02 1.00000000000000e+05 
2.08083434904671e-02 1.00000000000000e+05 
2.09164963894557e-02 1.00000000000000e+05 
2.10298858258241e-02 1.00000000000000e+05 
2.11406366739818e-02 1.00000000000000e+05 
2.12484774147184e-02 1.00000000000000e+05 
2.13620005578703e-02 1.00000000000000e+05 
2.14705152984341e-02 1.00000000000000e+05 
2.15856905864252e-02 1.00000000000000e+05 
2.17004371871869e-02 1.00000000000000e+05 
2.18190810597577e-02 1.00000000000000e+05 
2.19294811861970e-02 1.00000000000000e+05 
2.20485659145694e-02 1.00000000000000e+05 
2.21614153322588e-02 1.00000000000000e+05 
2.22807808983620e-02 1.00000000000000e+05 
2.24000122658632e-02 1.00000000000000e+05 
2.25121375525458e-02 1.00000000000000e+05 
2.26314408347307e-02 1.00000000000000e+05 
2.27444487531046e-02 1.00000000000000e+05 
2.28636257131037e-02 1.00000000000000e+05 
2.29790750369327e-02 1.00000000000000e+05 
2.30979690402409e-02 1.00000000000000e+05 
2.32168994706543e-02 1.00000000000000e+05 
2.33340062503091e-02 1.00000000000000e+05 
2.34530037138975e-02 1.00000000000000e+05 
2.35721228150663e-02 1.00000000000000e+05 
2.36912756473795e-02 1.00000000000000e+05 
2.38104407966744e-02 1.00000000000000e+05 
2.39294877176195e-02 1.00000000000000e+05 
2.40487124452620e-02 1.00000000000000e+05 
2.41677295936005e-02 1.00000000000000e+05 
2.42867572003141e-02 1.00000000000000e+05 
2.44061261601069e-02 1.00000000000000e+05 
2.45257365007514e-02 1.00000000000000e+05 
2.46451803873400e-02 1.00000000000000e+05 
2.47650834181374e-02 1.00000000000000e+05 
2.48852323722441e-02 1.00000000000000e+05 
2.50058696396055e-02 1.00000000000000e+05 
2.51263200603049e-02 1.00000000000000e+05 
2.52477204994869e-02 1.00000000000000e+05 
2.53689886510012e-02 1.00000000000000e+05 
2.54912722857392e-02 1.00000000000000e+05 
2.56146359231371e-02 1.00000000000000e+05 
2.57392912991845e-02 1.00000000000000e+05 
2.58650933341304e-02 1.00000000000000e+05 
2.59920489294001e-02 1.00000000000000e+05 
2.61205503015705e-02 1.00000000000000e+05 
2.62477777273952e-02 1.00000000000000e+05 
2.63774213401535e-02 1.00000000000000e+05 
2.65026829385695e-02 1.00000000000000e+05 
2.66325354749633e-02 1.00000000000000e+05 
2.67626954384972e-02 1.00000000000000e+05 
2.68925461039740e-02 1.00000000000000e+05 
2.70171468190680e-02 1.00000000000000e+05 
2.71462393392723e-02 1.00000000000000e+05 
2.72709902845962e-02 1.00000000000000e+05 
2.73965676002194e-02 1.00000000000000e+05 
2.75250758491343e-02 1.00000000000000e+05 
2.76540808141336e-02 1.00000000000000e+05 
2.77792399029896e-02 1.00000000000000e+05 
2.79067731455984e-02 1.00000000000000e+05 
2.80325953516281e-02 1.00000000000000e+05 
2.81598820139263e-02 1.00000000000000e+05 
2.82895145694262e-02 1.00000000000000e+05 
2.84159607595399e-02 1.00000000000000e+05 
2.85431192741618e-02 1.00000000000000e+05 
2.86724697121278e-02 1.00000000000000e+05 
2.88017532850893e-02 1.00000000000000e+05 
2.89308141711816e-02 1.00000000000000e+05 
2.90600282286039e-02 1.00000000000000e+05 
2.91889431564639e-02 1.00000000000000e+05 
2.93179914961648e-02 1.00000000000000e+05 
2.94471351263171e-02 1.00000000000000e+05 
2.95763518808440e-02 1.00000000000000e+05 
2.97051974407685e-02 1.00000000000000e+05 
2.98348215237831e-02 1.00000000000000e+05 
2.99637048296791e-02 1.00000000000000e+05 
3.00934019389737e-02 1.00000000000000e+05 
3.02238908528903e-02 1.00000000000000e+05 
3.03550561838638e-02 1.00000000000000e+05 
3.04862911598524e-02 1.00000000000000e+05 
3.06186396551333e-02 1.00000000000000e+05 
3.07513776243879e-02 1.00000000000000e+05 
3.08844879620768e-02 1.00000000000000e+05 
3.10177731168539e-02 1.00000000000000e+05 
3.11506667107960e-02 1.00000000000000e+05 
3.12845034701106e-02 1.00000000000000e+05 
3.14198126382466e-02 1.00000000000000e+05 
3.15574517581191e-02 1.00000000000000e+05 
3.16960393025024e-02 1.00000000000000e+05 
3.18369996861475e-02 1.00000000000000e+05 
3.19782073624102e-02 1.00000000000000e+05 
3.21196147184328e-02 1.00000000000000e+05 
3.22613408927004e-02 1.00000000000000e+05 
3.24033487967254e-02 1.00000000000000e+05 
3.25368293110012e-02 1.00000000000000e+05 
3.26730864786831e-02 1.00000000000000e+05 
3.28070380335665e-02 1.00000000000000e+05 
3.29424204114823e-02 1.00000000000000e+05 
3.30793095936312e-02 1.00000000000000e+05 
3.32175093876548e-02 1.00000000000000e+05 
3.33523585506686e-02 1.00000000000000e+05 
3.34894425044777e-02 1.00000000000000e+05 
3.36248633505467e-02 1.00000000000000e+05 
3.37622530050318e-02 1.00000000000000e+05 
3.39022292799427e-02 1.00000000000000e+05 
3.40431440815573e-02 1.00000000000000e+05 
3.41807480967924e-02 1.00000000000000e+05 
3.43209976432222e-02 1.00000000000000e+05 
3.44597176960731e-02 1.00000000000000e+05 
3.46005041833120e-02 1.00000000000000e+05 
3.47413591687546e-02 1.00000000000000e+05 
3.48820188790144e-02 1.00000000000000e+05 
3.50216865683028e-02 1.00000000000000e+05 
3.51622220156963e-02 1.00000000000000e+05 
3.53018814559743e-02 1.00000000000000e+05 
3.54424251060758e-02 1.00000000000000e+05 
3.55827898937443e-02 1.00000000000000e+05 
3.57230448810132e-02 1.00000000000000e+05 
3.58632535456119e-02 1.00000000000000e+05 
3.60035521266695e-02 1.00000000000000e+05 
3.61439451445688e-02 1.00000000000000e+05 
3.62843307728200e-02 1.00000000000000e+05 
3.64246325124432e-02 1.00000000000000e+05 
3.65649438980221e-02 1.00000000000000e+05 
3.67053887177334e-02 1.00000000000000e+05 
3.68460739767567e-02 1.00000000000000e+05 
3.69869752048468e-02 1.00000000000000e+05 
3.71279356115034e-02 1.00000000000000e+05 
3.72689146977033e-02 1.00000000000000e+05 
3.74100269837020e-02 1.00000000000000e+05 
3.75514007182511e-02 1.00000000000000e+05 
3.76931305249269e-02 1.00000000000000e+05 
3.78351705189023e-02 1.00000000000000e+05 
3.79772813580160e-02 1.00000000000000e+05 
3.81194312799082e-02 1.00000000000000e+05 
3.82616733256808e-02 1.00000000000000e+05 
3.84040632958084e-02 1.00000000000000e+05 
3.85466654213471e-02 1.00000000000000e+05 
3.86894929794775e-02 1.00000000000000e+05 
3.88323379956365e-02 1.00000000000000e+05 
3.89752079129327e-02 1.00000000000000e+05 
3.91181941547680e-02 1.00000000000000e+05 
3.92613897973316e-02 1.00000000000000e+05 
3.94048121733236e-02 1.00000000000000e+05 
3.95484173173828e-02 1.00000000000000e+05 
3.96920533597282e-02 1.00000000000000e+05 
3.98358094333932e-02 1.00000000000000e+05 
3.99798134176790e-02 1.00000000000000e+05 
4.01241616551574e-02 1.00000000000000e+05 
4.02688991605983e-02 1.00000000000000e+05 
4.04140114449793e-02 1.00000000000000e+05 
4.05593322731492e-02 1.00000000000000e+05 
4.07049060581874e-02 1.00000000000000e+05 
4.08507585269865e-02 1.00000000000000e+05 
4.09968952865711e-02 1.00000000000000e+05 
4.11432801979963e-02 1.00000000000000e+05 
4.12898896945229e-02 1.00000000000000e+05 
4.14365707552014e-02 1.00000000000000e+05 
4.15834135556303e-02 1.00000000000000e+05 
4.17306006727334e-02 1.00000000000000e+05 
4.18782029642650e-02 1.00000000000000e+05 
4.20261695657655e-02 1.00000000000000e+05 
4.21742967410204e-02 1.00000000000000e+05 
4.23225205025939e-02 1.00000000000000e+05 
4.24708460165696e-02 1.00000000000000e+05 
4.26192407830796e-02 1.00000000000000e+05 
4.27606155279067e-02 1.00000000000000e+05 
4.29089720882936e-02 1.00000000000000e+05 
4.30571786354593e-02 1.00000000000000e+05 
4.32043971034531e-02 1.00000000000000e+05 
4.33523610851618e-02 1.00000000000000e+05 
4.35003145786914e-02 1.00000000000000e+05 
4.36455437109704e-02 1.00000000000000e+05 
4.37931787278724e-02 1.00000000000000e+05 
4.39406781554255e-02 1.00000000000000e+05 
4.40880451217271e-02 1.00000000000000e+05 
4.42353061979807e-02 1.00000000000000e+05 
4.43825196785121e-02 1.00000000000000e+05 
4.45296565762279e-02 1.00000000000000e+05 
4.46764922426645e-02 1.00000000000000e+05 
4.48231315973903e-02 1.00000000000000e+05 
4.49696193455993e-02 1.00000000000000e+05 
4.51160435858454e-02 1.00000000000000e+05 
4.52625254241900e-02 1.00000000000000e+05 
4.54091032641081e-02 1.00000000000000e+05 
4.55555698104646e-02 1.00000000000000e+05 
4.57020029379594e-02 1.00000000000000e+05 
4.58484103291161e-02 1.00000000000000e+05 
4.59948575703331e-02 1.00000000000000e+05 
4.61413550754371e-02 1.00000000000000e+05 
4.62879435797046e-02 1.00000000000000e+05 
4.64344010894395e-02 1.00000000000000e+05 
4.65807783388779e-02 1.00000000000000e+05 
4.67271075417148e-02 1.00000000000000e+05 
4.68734653199865e-02 1.00000000000000e+05 
4.70198544211527e-02 1.00000000000000e+05 
4.71663441245464e-02 1.00000000000000e+05 
4.73127511705567e-02 1.00000000000000e+05 
4.74591028532445e-02 1.00000000000000e+05 
4.76054367411927e-02 1.00000000000000e+05 
4.77518419336724e-02 1.00000000000000e+05 
4.78983162339943e-02 1.00000000000000e+05 
4.80449529256189e-02 1.00000000000000e+05 
4.81915987492828e-02 1.00000000000000e+05 
4.83382499151375e-02 1.00000000000000e+05 
4.84849398979489e-02 1.00000000000000e+05 
4.86317558606990e-02 1.00000000000000e+05 
4.87786821473970e-02 1.00000000000000e+05 
4.89258140776052e-02 1.00000000000000e+05 
4.90730101627094e-02 1.00000000000000e+05 
4.92202513954061e-02 1.00000000000000e+05 
4.93675714027475e-02 1.00000000000000e+05 
4.95150430093795e-02 1.00000000000000e+05 
4.96626436016998e-02 1.00000000000000e+05 
4.98103778341575e-02 1.00000000000000e+05 
4.99581553541702e-02 1.00000000000000e+05 
5.01058659329660e-02 1.00000000000000e+05 
5.02536200202975e-02 1.00000000000000e+05 
5.04014173005479e-02 1.00000000000000e+05 
5.05493037720076e-02 1.00000000000000e+05 
5.06972209727578e-02 1.00000000000000e+05 
5.08452000250149e-02 1.00000000000000e+05 
5.09931643213991e-02 1.00000000000000e+05 
5.11411992499432e-02 1.00000000000000e+05 
5.12893203466562e-02 1.00000000000000e+05 
5.14375616145789e-02 1.00000000000000e+05 
5.15858726928287e-02 1.00000000000000e+05 
5.17342812104793e-02 1.00000000000000e+05 
5.18827156059693e-02 1.00000000000000e+05 
5.20312560651618e-02 1.00000000000000e+05 
5.21799237477215e-02 1.00000000000000e+05 
5.23287404245309e-02 1.00000000000000e+05 
5.24776527631588e-02 1.00000000000000e+05 
5.26266615603536e-02 1.00000000000000e+05 
5.27757236047248e-02 1.00000000000000e+05 
5.29248934265760e-02 1.00000000000000e+05 
5.30741938225471e-02 1.00000000000000e+05 
5.32236385027226e-02 1.00000000000000e+05 
5.33731833194760e-02 1.00000000000000e+05 
5.35228407279766e-02 1.00000000000000e+05 
5.36725632772917e-02 1.00000000000000e+05 
5.38223932018342e-02 1.00000000000000e+05 
5.39723638327053e-02 1.00000000000000e+05 
5.41224808186638e-02 1.00000000000000e+05 
5.42727235572785e-02 1.00000000000000e+05 
5.44230863854645e-02 1.00000000000000e+05 
5.45735394721044e-02 1.00000000000000e+05 
5.47241110784561e-02 1.00000000000000e+05 
5.48748412266032e-02 1.00000000000000e+05 
5.50257310931942e-02 1.00000000000000e+05 
5.51767483151750e-02 1.00000000000000e+05 
5.53278780356602e-02 1.00000000000000e+05 
5.54791096189609e-02 1.00000000000000e+05 
5.56304546172313e-02 1.00000000000000e+05 
5.57819539761531e-02 1.00000000000000e+05 
5.59336118344907e-02 1.00000000000000e+05 
5.60853958487524e-02 1.00000000002215e+05 
5.62372749427278e-02 1.00000000030622e+05 
5.63892619099178e-02 1.00000000097045e+05 
5.65413492226916e-02 1.00000000405952e+05 
5.66935228899060e-02 1.00000000782215e+05 
5.68458220356427e-02 1.00000001212703e+05 
5.69981768102299e-02 1.00000001794501e+05 
5.71505871287331e-02 1.00000002173786e+05 
5.73030473113947e-02 1.00000002506525e+05 
5.74555338091463e-02 1.00000002875923e+05 
5.76080832336834e-02 1.00000003245090e+05 
5.77607590175156e-02 1.00000003625450e+05 
5.79134975219617e-02 1.00000003975318e+05 
5.80662703992414e-02 1.00000004329497e+05 
5.82190640942743e-02 1.00000004713114e+05 
5.83718385950670e-02 1.00000005167595e+05 
5.85246174946168e-02 1.00000005689924e+05 
5.86774820541540e-02 1.00000006396391e+05 
5.88303886323789e-02 1.00000007272190e+05 
5.89833544487408e-02 1.00000008672684e+05 
5.91364027458832e-02 1.00000010646390e+05 
5.92894970094178e-02 1.00000014912181e+05 
5.94426588204379e-02 1.00000024207409e+05 
5.95959621078807e-02 1.00000039491847e+05 
5.97493464007287e-02 1.00000062873205e+05 
5.99028117410429e-02 1.00000096834025e+05 
6.00563505969057e-02 1.00000141829677e+05 
6.02099053885749e-02 1.00000198746551e+05 
6.03634937567348e-02 1.00000269327469e+05 
6.05172037980368e-02 1.00000355312051e+05 
6.06709996739489e-02 1.00000458189046e+05 
6.08248917954442e-02 1.00000579527096e+05 
6.09788676964170e-02 1.00000720360472e+05 
6.11328626053905e-02 1.00000881460730e+05 
6.12868832500994e-02 1.00001063385181e+05 
6.14410158658746e-02 1.00001266038285e+05 
6.15952153231248e-02 1.00001488759702e+05 
6.17494980006380e-02 1.00001730360432e+05 
6.19038499839941e-02 1.00001988591348e+05 
6.20582133451965e-02 1.00002260687095e+05 
6.22125834604458e-02 1.00002542652305e+05 
6.23670415488374e-02 1.00002832155483e+05 
6.25215433355356e-02 1.00003124435604e+05 
6.26761040474411e-02 1.00003415982474e+05 
6.28307167322486e-02 1.00003701669806e+05 
6.29853298396807e-02 1.00003981619712e+05 
6.31399339260563e-02 1.00004252731252e+05 
6.32946216024363e-02 1.00004517912006e+05 
6.34493488664549e-02 1.00004785993424e+05 
6.36041318963338e-02 1.00005045205635e+05 
6.37589677170213e-02 1.00005338285849e+05 
6.39138039023777e-02 1.00005691267773e+05 
6.40686257055407e-02 1.00006102124815e+05 
6.42235274229312e-02 1.00006604163412e+05 
6.43784667628199e-02 1.00007279023228e+05 
6.45334528570814e-02 1.00008167829036e+05 
6.46884745996971e-02 1.00009333888736e+05 
6.48434704170799e-02 1.00011139101623e+05 
6.49984043198100e-02 1.00014163589748e+05 
6.51533853149377e-02 1.00018972697256e+05 
6.53083844536656e-02 1.00026031632312e+05 
6.54634193161281e-02 1.00036133279204e+05 
6.56184997534476e-02 1.00049669643357e+05 
6.57735677160740e-02 1.00066611916134e+05 
6.59285900064219e-02 1.00087565668230e+05 
6.60836852609596e-02 1.00113149909438e+05 
6.62388059387286e-02 1.00143827684163e+05 
6.63939674518776e-02 1.00180108823831e+05 
6.65491678658767e-02 1.00222553751916e+05 
6.67043500023676e-02 1.00271627670796e+05 
6.68594728112553e-02 1.00327833852537e+05 
6.70146586795174e-02 1.00391571437156e+05 
6.71698538023918e-02 1.00463131069271e+05 
6.73250774267495e-02 1.00542769509929e+05 
6.74803300061909e-02 1.00630613609368e+05 
6.76355458393698e-02 1.00726625689265e+05 
6.77906876439246e-02 1.00830671388262e+05 
6.79458878262654e-02 1.00942524231164e+05 
6.81011045185538e-02 1.01061856825015e+05 
6.82563656161786e-02 1.01188178200179e+05 
6.84116745875920e-02 1.01320833326623e+05 
6.85669626699172e-02 1.01458947043711e+05 
6.87221936393940e-02 1.01601521629155e+05 
6.88774948397053e-02 1.01748230887742e+05 
6.90328292193514e-02 1.01896763579974e+05 
6.91882247778363e-02 1.02046421357614e+05 
6.93436758300289e-02 1.02194927558179e+05 
6.94991020390227e-02 1.02342891186104e+05 
6.96544618109794e-02 1.02488215773743e+05 
6.98098844129216e-02 1.02629892597442e+05 
6.99653368709265e-02 1.02765605830717e+05 
7.01208485546785e-02 1.02895002895289e+05 
7.02764102171443e-02 1.03016742829891e+05 
7.04319394043417e-02 1.03129213390056e+05 
7.05873928066290e-02 1.03231417778545e+05 
7.07429025470685e-02 1.03324925553249e+05 
7.08984344707629e-02 1.03407297725497e+05 
7.10540193190165e-02 1.03476901699376e+05 
7.12096498102993e-02 1.03531544646160e+05 
7.13652434049625e-02 1.03582728574275e+05 
7.15207608158890e-02 1.03620516276073e+05 
7.16763339183621e-02 1.03641855221169e+05 
7.18319277601870e-02 1.03650122671598e+05 
7.19875727255423e-02 1.03647998316117e+05 
7.21432595408115e-02 1.03637388251262e+05 
7.22989112818408e-02 1.03611768094208e+05 
7.24544885123951e-02 1.03586562341648e+05 
7.26101208542990e-02 1.03561053170005e+05 
7.27657694523625e-02 1.03535850443832e+05 
7.29214649964850e-02 1.03509209079973e+05 
7.30771987578993e-02 1.03480777938996e+05 
7.32328955632276e-02 1.03449589097971e+05 
7.33885196769140e-02 1.03414939560548e+05 
7.35441939502273e-02 1.03376306250845e+05 
7.36998774168541e-02 1.03333871713118e+05 
7.38555953021938e-02 1.03288428960581e+05 
7.40113379950065e-02 1.03240043119682e+05 
7.41670276007500e-02 1.03188665246254e+05 
7.43226355624085e-02 1.03134494742920e+05 
7.44782807175950e-02 1.03077564433971e+05 
7.46339212655310e-02 1.03018181742961e+05 
7.47895824980235e-02 1.02956602979604e+05 
7.49452681793895e-02 1.02893043420644e+05 
7.51009116042083e-02 1.02827653822866e+05 
7.52564963731566e-02 1.02760728863245e+05 
7.54121543564820e-02 1.02692447524452e+05 
7.55678454071869e-02 1.02623063335421e+05 
7.57235947708623e-02 1.02552999150550e+05 
7.58793987215733e-02 1.02482676153635e+05 
7.60351885823006e-02 1.02412398927452e+05 
7.61909367927880e-02 1.02342102645220e+05 
7.63467576695210e-02 1.02273037011717e+05 
7.65026018091605e-02 1.02205155886506e+05 
7.66584919626688e-02 1.02138374301668e+05 
7.68144224637569e-02 1.02072996456099e+05 
7.69703256433893e-02 1.02008501557481e+05 
7.71261748637126e-02 1.01944749399878e+05 
7.72820842075791e-02 1.01881981015184e+05 
7.74380080981093e-02 1.01820415618260e+05 
7.75939718891361e-02 1.01760306212435e+05 
7.77499756694615e-02 1.01701521459327e+05 
7.79059518534739e-02 1.01643979987801e+05 
7.80618785649530e-02 1.01587370532019e+05 
7.82178680035043e-02 1.01531332406285e+05 
7.83738757094981e-02 1.01475794736277e+05 
7.85299246083809e-02 1.01420526813631e+05 
7.86860124614220e-02 1.01365361626636e+05 
7.88420766529896e-02 1.01310246168517e+05 
7.89980956596127e-02 1.01255118230649e+05 
7.91541757516510e-02 1.01199790339665e+05 
7.93102697934947e-02 1.01144442393100e+05 
7.94663863001285e-02 1.01089004527493e+05 
7.96225333993153e-02 1.01033400683799e+05 
7.97786721297339e-02 1.00977806073077e+05 
7.99347574149594e-02 1.00922390458088e+05 
8.00908447619687e-02 1.00867161815793e+05 
8.02469209736263e-02 1.00812065052263e+05 
8.04029979225396e-02 1.00757108452339e+05 
8.05591060974578e-02 1.00702193507807e+05 
8.07152059357718e-02 1.00647681618732e+05 
8.08712526378297e-02 1.00593707020547e+05 
8.10272962717692e-02 1.00540336582963e+05 
8.11833258893820e-02 1.00487566476237e+05 
8.13393526225051e-02 1.00435422312240e+05 
8.14954051526377e-02 1.00383827529963e+05 
8.16514474243604e-02 1.00333171702140e+05 
8.18074367881034e-02 1.00283655756761e+05 
8.19634251374884e-02 1.00235331049366e+05 
8.21194038595463e-02 1.00188299265826e+05 
8.22753853568867e-02 1.00142480383114e+05 
8.24313973752320e-02 1.00097891779159e+05 
8.25874072188158e-02 1.00054563935653e+05 
8.27433724825665e-02 1.00012211159941e+05 
8.28993399863548e-02 9.99715190304920e+04 
8.30553012737270e-02 9.99320687770434e+04 
8.32112694412054e-02 9.98935552264942e+04 
8.33672704765204e-02 9.98557659860602e+04 
8.35232710098746e-02 9.98192385010465e+04 
8.36792297228959e-02 9.97838169077763e+04 
8.38351919168582e-02 9.97493028607079e+04 
8.39911513164712e-02 9.97155757325280e+04 
8.41471212354644e-02 9.96825198062935e+04 
8.43031280278889e-02 9.96498392150149e+04 
8.44591374288739e-02 9.96176834442274e+04 
8.46151092826949e-02 9.95862452813382e+04 
8.47710876400021e-02 9.95554911375191e+04 
8.49270659817779e-02 9.95253994720084e+04 
8.50830569268583e-02 9.94959360335306e+04 
8.52390865674899e-02 9.94662987126096e+04 
8.53951209490850e-02 9.94373634935406e+04 
8.55511204717961e-02 9.94092522024869e+04 
8.57071268509654e-02 9.93822226346252e+04 
8.58631340171880e-02 9.93560768171897e+04 
8.60191518795648e-02 9.93309395999122e+04 
8.61752050582002e-02 9.93064022369788e+04 
8.63312657059404e-02 9.92827783805873e+04 
8.64872959394343e-02 9.92602902735720e+04 
8.66433333648799e-02 9.92389852954779e+04 
8.67993757347850e-02 9.92188033156947e+04 
8.69554294872096e-02 9.91997184168468e+04 
8.71115131477395e-02 9.91811264765645e+04 
8.72676065173375e-02 9.91630309077688e+04 
8.74236716954453e-02 9.91455065240460e+04 
8.75797435686947e-02 9.91283920499549e+04 
8.77358242064020e-02 9.91113385794187e+04 
8.78919195308083e-02 9.90941072526307e+04 
8.80480470293300e-02 9.90759820967535e+04 
8.82041896435498e-02 9.90572890119741e+04 
8.83603086992890e-02 9.90384157642350e+04 
8.85164324860733e-02 9.90192613627275e+04 
8.86725606625915e-02 9.89999917050449e+04 
8.88286972509791e-02 9.89806636595738e+04 
8.89848588335910e-02 9.89615376908874e+04 
8.91410360473938e-02 9.89425707583293e+04 
8.92971917431973e-02 9.89245505260763e+04 
8.94533546698295e-02 9.89071841140773e+04 
8.96095340469802e-02 9.88914694145004e+04 
8.97657350582532e-02 9.88774547547867e+04 
8.99219697734403e-02 9.88646442633460e+04 
9.00782244221020e-02 9.88536509664457e+04 
9.02344629591146e-02 9.88447094560984e+04 
9.03907090307703e-02 9.88378845298362e+04 
9.05469732782261e-02 9.88333822908355e+04 
9.07032626078279e-02 9.88297987602719e+04 
9.08595859646897e-02 9.88285897157809e+04 
9.10159288203956e-02 9.88297070182532e+04 
9.11722568117406e-02 9.88328494869135e+04 
9.13285898692034e-02 9.88379223854246e+04 
9.14849416466878e-02 9.88438861042014e+04 
9.16413182033771e-02 9.88508556833941e+04 
9.17977231270911e-02 9.88571683236363e+04 
9.19541464618507e-02 9.88630565970539e+04 
9.21105508934052e-02 9.88690215248208e+04 
9.22669559936428e-02 9.88754721946448e+04 
9.24233714011541e-02 9.88807938153902e+04 
9.25798062257909e-02 9.88858996730567e+04 
9.27362688104102e-02 9.88902634650486e+04 
9.28927486447333e-02 9.88939897029315e+04 
9.30492111931858e-02 9.88974661724030e+04 
9.32056770590211e-02 9.89005293352697e+04 
9.33621565425754e-02 9.89037247656960e+04 
9.35186601858906e-02 9.89074148424823e+04 
9.36751940175007e-02 9.89110063246701e+04 
9.38317462576941e-02 9.89143168992718e+04 
9.39882843267980e-02 9.89176969918311e+04 
9.41448270156632e-02 9.89213970198016e+04 
9.43013844760754e-02 9.89256971533748e+04 
9.44579673019567e-02 9.89303934924262e+04 
9.46145799212727e-02 9.89342245102215e+04 
9.47712107337350e-02 9.89380943443205e+04 
9.49278284292930e-02 9.89420727692819e+04 
9.50844495712861e-02 9.89466410028996e+04 
9.52410858846247e-02 9.89513584664203e+04 
9.53977492505790e-02 9.89560253291809e+04 
9.55544424965143e-02 9.89601859117295e+04 
9.57111543790952e-02 9.89636936964197e+04 
9.58678552036059e-02 9.89664922543765e+04 
9.60245585009495e-02 9.89694423155727e+04 
9.61812769161389e-02 9.89719915370339e+04 
9.63380225969027e-02 9.89743561584217e+04 
9.64947961579390e-02 9.89750874051686e+04 
9.66515888318850e-02 9.89749267004309e+04 
9.68083721993546e-02 9.89744157134430e+04 
9.69651567235767e-02 9.89752929297516e+04 
9.71219560634851e-02 9.89756691204288e+04 
9.72787816349177e-02 9.89756312380553e+04 
9.74356325519473e-02 9.89739333529479e+04 
9.75925027984551e-02 9.89716000518723e+04 
9.77493649631757e-02 9.89687177295499e+04 
9.79062283328101e-02 9.89658059641264e+04 
9.80631073109259e-02 9.89627460072183e+04 
9.82200128246188e-02 9.89588448165078e+04 
9.83769427017419e-02 9.89532490983225e+04 
9.85338930010318e-02 9.89468713430465e+04 
9.86908380026551e-02 9.89400118662559e+04 
9.88477856692922e-02 9.89329563640291e+04 
9.90047520861108e-02 9.89258009492577e+04 
9.91617478085151e-02 9.89182120281488e+04 
9.93187702167439e-02 9.89097345865642e+04 
9.94758132207685e-02 9.89008078716407e+04 
9.96328530260316e-02 9.88917825239339e+04 
9.97898968666494e-02 9.88825389611962e+04 
9.99469635171676e-02 9.88735553753735e+04 
1.00104063654234e-01 9.88646679179851e+04 
1.00261194711022e-01 9.88558201634252e+04 
1.00418345925140e-01 9.88470860235184e+04 
1.00575493896703e-01 9.88384354589351e+04 
1.00732647007715e-01 9.88286479409244e+04 
1.00889823327247e-01 9.88210039823221e+04 
1.01047033827618e-01 9.88138966483328e+04 
1.01204276480824e-01 9.88071299842002e+04 
1.01361538820485e-01 9.88007635990695e+04 
1.01518796829562e-01 9.87947024994251e+04 
1.01676061472167e-01 9.87878218418950e+04 
1.01833348595116e-01 9.87818962443735e+04 
1.01990669314409e-01 9.87772254208739e+04 
1.02148021906727e-01 9.87739928119344e+04 
1.02305394191713e-01 9.87705088174867e+04 
1.02462761498347e-01 9.87662569254730e+04 
1.02620137242652e-01 9.87634855250973e+04 
1.02777536589160e-01 9.87612953428355e+04 
1.02934970154021e-01 9.87600979481266e+04 
1.03092434579634e-01 9.87586665303996e+04 
1.03249919019560e-01 9.87573679233648e+04 
1.03407397409826e-01 9.87561879756672e+04 
1.03564884842633e-01 9.87564359165852e+04 
1.03722396538352e-01 9.87575696667557e+04 
1.03879944395825e-01 9.87591936518374e+04 
1.04037523629442e-01 9.87596276632265e+04 
1.04195123647285e-01 9.87600141248545e+04 
1.04352718172499e-01 9.87608771977412e+04 
1.04510323310564e-01 9.87640858921412e+04 
1.04667955871818e-01 9.87683078465010e+04 
1.04825628662703e-01 9.87732694550458e+04 
1.04983335599392e-01 9.87782715906422e+04 
1.05141064257111e-01 9.87834813158123e+04 
1.05298788092181e-01 9.87885214157939e+04 
1.05456524125508e-01 9.87952889263246e+04 
1.05614291052647e-01 9.88025837092269e+04 
1.05772103893641e-01 9.88100783454230e+04 
1.05929955311954e-01 9.88172166813953e+04 
1.06087829812808e-01 9.88243312283695e+04 
1.06245700850921e-01 9.88306695413631e+04 
1.06403585005579e-01 9.88384662696727e+04 
1.06561501327406e-01 9.88466970902891e+04 
1.06719466693314e-01 9.88552033344894e+04 
1.06877472389748e-01 9.88633186696109e+04 
1.07035501496715e-01 9.88715539388456e+04 
1.07193526512866e-01 9.88790628503664e+04 
1.07351564607253e-01 9.88881572765047e+04 
1.07509633632357e-01 9.88977186114130e+04 
1.07667753340876e-01 9.89076011637049e+04 
1.07825915317648e-01 9.89172934121721e+04 
1.07984100253433e-01 9.89272593330747e+04 
1.08142280897684e-01 9.89368087298056e+04 
1.08300475158741e-01 9.89473192991266e+04 
1.08458699908042e-01 9.89583203016357e+04 
1.08616977059888e-01 9.89696028157570e+04 
1.08775297932167e-01 9.89806113914752e+04 
1.08933640285668e-01 9.89917838202913e+04 
1.09091976063335e-01 9.90028827555366e+04 
1.09250324172823e-01 9.90138381177163e+04 
1.09408697677356e-01 9.90253903739749e+04 
1.09567119044000e-01 9.90376133264247e+04 
1.09725579988715e-01 9.90503862252074e+04 
1.09884060148835e-01 9.90636690894681e+04 
1.10042530854830e-01 9.90764608542309e+04 
1.10201010572343e-01 9.90907391030127e+04 
1.10359511185859e-01 9.91057106609129e+04 
1.10518055329043e-01 9.91211022124273e+04 
1.10676634576693e-01 9.91364343463691e+04 
1.10835231250103e-01 9.91517639329326e+04 
1.10993820047209e-01 9.91660540915049e+04 
1.11152414063941e-01 9.91816303877291e+04 
1.11311030906579e-01 9.91977815004271e+04 
1.11469691035633e-01 9.92141110077290e+04 
1.11628385203637e-01 9.92300546270548e+04 
1.11787095332336e-01 9.92459349793070e+04 
1.11945799746610e-01 9.92615938423758e+04 
1.12104505233781e-01 9.92783269245747e+04 
1.12263234900353e-01 9.92953720135082e+04 
1.12422006793931e-01 9.93126788582441e+04 
1.12580810552701e-01 9.93289776065109e+04 
1.12739627881206e-01 9.93453386654635e+04 
1.12898438964746e-01 9.93615299362101e+04 
1.13057246670796e-01 9.93792817599378e+04 
1.13216075939521e-01 9.93967864602968e+04 
1.13374943252926e-01 9.94150527735247e+04 
1.13533837509415e-01 9.94320810744182e+04 
1.13692738021893e-01 9.94487687293470e+04 
1.13851621417802e-01 9.94654331606802e+04 
1.14010485738704e-01 9.94833019677726e+04 
1.14167248870631e-01 9.95012066789376e+04 
1.14326133959612e-01 9.95198516204136e+04 
1.14485036000643e-01 9.95372832871101e+04 
1.14643942570682e-01 9.95544723145117e+04 
1.14802841965124e-01 9.95722974102948e+04 
1.14961743930633e-01 9.95913177294382e+04 
1.15120673903357e-01 9.96106373276243e+04 
1.15279647596674e-01 9.96303197115373e+04 
1.15438655776501e-01 9.96487684036760e+04 
1.15597674866891e-01 9.96669151538330e+04 
1.15756684810548e-01 9.96854785155822e+04 
1.15915687899368e-01 9.97048964249140e+04 
1.16074701938058e-01 9.97243789561525e+04 
1.16233735982122e-01 9.97440931819692e+04 
1.16392774241567e-01 9.97624417320561e+04 
1.16551790365890e-01 9.97803488754728e+04 
1.16710763481398e-01 9.97985249268749e+04 
1.16869709981160e-01 9.98174378789697e+04 
1.17028659087452e-01 9.98363245443121e+04 
1.17187641493971e-01 9.98553629642993e+04 
1.17346662937782e-01 9.98730953692762e+04 
1.17505716210659e-01 9.98902683019351e+04 
1.17664788207703e-01 9.99076011453794e+04 
1.17823880188308e-01 9.99254277009471e+04 
1.17983002280718e-01 9.99431823157983e+04 
1.18142155650459e-01 9.99609841097053e+04 
1.18301314538342e-01 9.99773904674916e+04 
1.18460452440617e-01 9.99931842334417e+04 
1.18619538046670e-01 1.00009087803461e+05 
1.18778585351832e-01 1.00025411917848e+05 
1.18937616755207e-01 1.00041684101491e+05 
1.19096658749375e-01 1.00058144379530e+05 
1.19255708402719e-01 1.00073328237930e+05 
1.19414751307316e-01 1.00087971282990e+05 
1.19573764179763e-01 1.00103227488090e+05 
1.19732759285551e-01 1.00118422253900e+05 
1.19891761782217e-01 1.00133604439553e+05 
1.20050791831379e-01 1.00148944116949e+05 
1.20209840728085e-01 1.00163891896603e+05 
1.20368890932505e-01 1.00178409187391e+05 
1.20527917488864e-01 1.00192987580963e+05 
1.20686932669249e-01 1.00207651168951e+05 
1.20845959611211e-01 1.00222475585339e+05 
1.21005015418201e-01 1.00237525894421e+05 
1.21164088578217e-01 1.00252208710278e+05 
1.21323161163068e-01 1.00266546875904e+05 
1.21482207085425e-01 1.00280885312577e+05 
1.21641240788078e-01 1.00295237978191e+05 
1.21800285057519e-01 1.00309564053124e+05 
1.21959357785640e-01 1.00324229303311e+05 
1.22118447713186e-01 1.00338226009683e+05 
1.22277537455099e-01 1.00351902469392e+05 
1.22436600729447e-01 1.00365550316747e+05 
1.22595654306284e-01 1.00379155318647e+05 
1.22754721431359e-01 1.00392763401035e+05 
1.22913822161445e-01 1.00406283540644e+05 
1.23072947363452e-01 1.00419161691795e+05 
1.23232080860147e-01 1.00431618907021e+05 
1.23391192480360e-01 1.00443955752154e+05 
1.23550292013630e-01 1.00456067392964e+05 
1.23709399613054e-01 1.00468141758543e+05 
1.23868529474143e-01 1.00480067453284e+05 
1.24027672805315e-01 1.00491355279275e+05 
1.24186819207157e-01 1.00502280379076e+05 
1.24345947159768e-01 1.00513098800733e+05 
1.24505082606182e-01 1.00523767715456e+05 
1.24664244667621e-01 1.00534355708602e+05 
1.24823445305837e-01 1.00544762952375e+05 
1.24982668841189e-01 1.00554559132782e+05 
1.25141900962787e-01 1.00564014656705e+05 
1.25301112496886e-01 1.00573374351638e+05 
1.25460324659478e-01 1.00582530522220e+05 
1.25619559447670e-01 1.00591538908391e+05 
1.25778833386884e-01 1.00600321543006e+05 
1.25938131983396e-01 1.00608384374098e+05 
1.26097443697254e-01 1.00616297459615e+05 
1.26256737657345e-01 1.00624250425636e+05 
1.26416034424017e-01 1.00631757436714e+05 
1.26575357320109e-01 1.00639100345219e+05 
1.26734723466905e-01 1.00646344744704e+05 
1.26894115716406e-01 1.00653381510048e+05 
1.27053525077434e-01 1.00659955502402e+05 
1.27212908812974e-01 1.00666494171925e+05 
1.27372301475879e-01 1.00672720476469e+05 
1.27531706071537e-01 1.00678850897862e+05 
1.27691164011095e-01 1.00684883279329e+05 
1.27850654774508e-01 1.00690608091351e+05 
1.28010165185334e-01 1.00695836340160e+05 
1.28169656438960e-01 1.00700897474350e+05 
1.28329157930743e-01 1.00705551911684e+05 
1.28488683047447e-01 1.00709971369103e+05 
1.28648259463092e-01 1.00714030540106e+05 
1.28807864684048e-01 1.00717492898634e+05 
1.28967492812464e-01 1.00720524103762e+05 
1.29127106054147e-01 1.00723817865309e+05 
1.29286726201789e-01 1.00725529815530e+05 
1.29446377984331e-01 1.00726660976583e+05 
1.29606084372824e-01 1.00727137722452e+05 
1.29765821231516e-01 1.00727193058672e+05 
1.29925585304920e-01 1.00726442775867e+05 
1.30085339866644e-01 1.00725276150001e+05 
1.30245103058734e-01 1.00723188678164e+05 
1.30404865491745e-01 1.00720825464801e+05 
1.30564658759857e-01 1.00718440387677e+05 
1.30724516872099e-01 1.00715710945929e+05 
1.30884373568764e-01 1.00712089618860e+05 
1.31044207958269e-01 1.00708583484496e+05 
1.31204080280217e-01 1.00704716113574e+05 
1.31364033198530e-01 1.00700684674857e+05 
1.31524062927639e-01 1.00696354613117e+05 
1.31684136442623e-01 1.00691228638915e+05 
1.31844212859885e-01 1.00685659208340e+05 
1.32004275358172e-01 1.00679937117293e+05 
1.32164357236974e-01 1.00673831227995e+05 
1.32324501026267e-01 1.00666783884651e+05 
1.32484714681913e-01 1.00659274140390e+05 
1.32644962115529e-01 1.00650673892123e+05 
1.32805221516717e-01 1.00641192496296e+05 
1.32965469742061e-01 1.00631765628766e+05 
1.33125725117771e-01 1.00621171825593e+05 
1.33286034703337e-01 1.00610151621324e+05 
1.33446391441511e-01 1.00598875940667e+05 
1.33606760486357e-01 1.00587320153971e+05 
1.33767141477415e-01 1.00574738080209e+05 
1.33927514821912e-01 1.00562515116923e+05 
1.34087884408752e-01 1.00549364817482e+05 
1.34248327090038e-01 1.00536156810852e+05 
1.34408797048283e-01 1.00522922630874e+05 
1.34569281067882e-01 1.00509159730424e+05 
1.34729783645569e-01 1.00495222749496e+05 
1.34890282130974e-01 1.00481592190681e+05 
1.35050780916181e-01 1.00467654652456e+05 
1.35211352043588e-01 1.00453752888386e+05 
1.35371950170571e-01 1.00440323427694e+05 
1.35532563326380e-01 1.00426609829360e+05 
1.35693197267726e-01 1.00413054576741e+05 
1.35853826595476e-01 1.00399800901246e+05 
1.36014454042871e-01 1.00386479518469e+05 
1.36175151838752e-01 1.00373551160667e+05 
1.36335874646359e-01 1.00360908552701e+05 
1.36496612483292e-01 1.00348611023478e+05 
1.36657374091414e-01 1.00336549033831e+05 
1.36818133655362e-01 1.00325048858975e+05 
1.36978892435117e-01 1.00313624928217e+05 
1.37139722357881e-01 1.00302751011863e+05 
1.37300578233488e-01 1.00292337128098e+05 
1.37461450316769e-01 1.00282251983119e+05 
1.37622347897359e-01 1.00272502292814e+05 
1.37783244652995e-01 1.00263292384959e+05 
1.37944140309426e-01 1.00254211405901e+05 
1.38105106609549e-01 1.00245699622356e+05 
1.38266098709104e-01 1.00237666303328e+05 
1.38427107045146e-01 1.00230070403213e+05 
1.38588141774835e-01 1.00222843883846e+05 
1.38749177131479e-01 1.00216265745842e+05 
1.38910211919672e-01 1.00209848415152e+05 
1.39071318403869e-01 1.00204033003176e+05 
1.39232452202439e-01 1.00198774179773e+05 
1.39393604131877e-01 1.00193804365943e+05 
1.39554783786952e-01 1.00189134288940e+05 
1.39715964990730e-01 1.00185259101745e+05 
1.39877145937396e-01 1.00181858593246e+05 
1.40038398529178e-01 1.00179619136939e+05 
1.40199678695010e-01 1.00177541059052e+05 
1.40360977401255e-01 1.00175663141818e+05 
1.40522303584559e-01 1.00174105927432e+05 
1.40683631148291e-01 1.00172992938080e+05 
1.40844958194798e-01 1.00171973735901e+05 
1.41006356664472e-01 1.00171377949005e+05 
1.41167782830053e-01 1.00171235427878e+05 
1.41329227516615e-01 1.00171217534920e+05 
1.41490698728354e-01 1.00171345495070e+05 
1.41652170404244e-01 1.00171909806801e+05 
1.41813640161505e-01 1.00172454919531e+05 
1.41975180058952e-01 1.00173366484253e+05 
1.42136746792065e-01 1.00174663898726e+05 
1.42298330760694e-01 1.00176062230298e+05 
1.42459939322386e-01 1.00177557436211e+05 
1.42621546869985e-01 1.00179458563024e+05 
1.42783150325948e-01 1.00181407782742e+05 
1.42944822116892e-01 1.00183596245010e+05 
1.43106519930261e-01 1.00185987133018e+05 
1.43268233938599e-01 1.00188207542909e+05 
1.43429971050445e-01 1.00190282280658e+05 
1.43591706472584e-01 1.00192549719494e+05 
1.43753435971773e-01 1.00194686238799e+05 
1.43915232240113e-01 1.00196948974164e+05 
1.44077054065060e-01 1.00199322731219e+05 
1.44238891110787e-01 1.00201393324853e+05 
1.44400749765714e-01 1.00203166316096e+05 
1.44562606118904e-01 1.00205048264745e+05 
1.44724454984077e-01 1.00206702206434e+05 
1.44886369593496e-01 1.00208379843178e+05 
1.45048310390756e-01 1.00210103208094e+05 
1.45210266957987e-01 1.00211015923464e+05 
1.45372244991376e-01 1.00211673269864e+05 
1.45534220948731e-01 1.00212382927604e+05 
1.45696189222402e-01 1.00212915645257e+05 
1.45858222957832e-01 1.00213428158121e+05 
1.46020284264776e-01 1.00213930064947e+05 
1.46182362662410e-01 1.00213948630927e+05 
1.46344462450422e-01 1.00213597079733e+05 
1.46506559879192e-01 1.00213257560679e+05 
1.46668649318144e-01 1.00212572461154e+05 
1.46830803719522e-01 1.00211752049387e+05 
1.46992986452600e-01 1.00210798225995e+05 
1.47155186946384e-01 1.00209434097945e+05 
1.47317407979098e-01 1.00207727071844e+05 
1.47479625607489e-01 1.00205844527627e+05 
1.47641834796135e-01 1.00203766901792e+05 
1.47804108281262e-01 1.00201623291086e+05 
1.47966410613420e-01 1.00199438022951e+05 
1.48128731647076e-01 1.00196788585006e+05 
1.48291072276390e-01 1.00193772115298e+05 
1.48453407728992e-01 1.00190723886519e+05 
1.48615734046181e-01 1.00187468477965e+05 
1.48778122898812e-01 1.00184141195479e+05 
1.48940539858210e-01 1.00180816635554e+05 
1.49102975340274e-01 1.00177011923434e+05 
1.49265428476161e-01 1.00172742982558e+05 
1.49427873723420e-01 1.00168435133103e+05 
1.49590308303847e-01 1.00163845759435e+05 
1.49752803118357e-01 1.00159175793566e+05 
1.49915324563984e-01 1.00154450301652e+05 
1.50077863581826e-01 1.00149304810163e+05 
1.50240417895259e-01 1.00143778812760e+05 
1.50402961351446e-01 1.00138029132755e+05 
1.50565492120447e-01 1.00132260726506e+05 
1.50728080585858e-01 1.00126602596006e+05 
1.50890694269573e-01 1.00121126040459e+05 
1.51053324907529e-01 1.00115200168083e+05 
1.51215969155786e-01 1.00109059771829e+05 
1.51378600131374e-01 1.00103089640732e+05 
1.51541216944761e-01 1.00097059116924e+05 
1.51703888825180e-01 1.00091103036362e+05 
1.51866584518619e-01 1.00085292490788e+05 
1.52029296300128e-01 1.00079028815681e+05 
1.52192019743078e-01 1.00072529133543e+05 
1.52354727078276e-01 1.00066093414848e+05 
1.52517418208462e-01 1.00059641681742e+05 
1.52680161599011e-01 1.00053272761977e+05 
1.52842927361585e-01 1.00047036127540e+05 
1.53005708055658e-01 1.00040424552505e+05 
1.53168498637583e-01 1.00033568506439e+05 
1.53331270620723e-01 1.00026870469093e+05 
1.53494024467038e-01 1.00020173905576e+05 
1.53656828456178e-01 1.00013641853272e+05 
1.53819654163760e-01 1.00007285526899e+05 
1.53982494285031e-01 1.00000599374843e+05 
1.54145343401578e-01 9.99937042107377e+04 
1.54308172428515e-01 9.99870665386546e+04 
1.54470982173826e-01 9.99804234772971e+04 
1.54633840958368e-01 9.99739758349616e+04 
1.54796721636737e-01 9.99676788872199e+04 
1.54959617113024e-01 9.99610418645248e+04 
1.55122521682419e-01 9.99542689937672e+04 
1.55285405693764e-01 9.99476961000763e+04 
1.55448270410936e-01 9.99412162699101e+04 
1.55611183933219e-01 9.99349899128392e+04 
1.55774119893676e-01 9.99289899366914e+04 
1.55937071445627e-01 9.99227761269013e+04 
1.56100032212276e-01 9.99165561175321e+04 
1.56262971652904e-01 9.99106030804782e+04 
1.56425891917756e-01 9.99049095708774e+04 
1.56588860465131e-01 9.98995798095529e+04 
1.56751851335327e-01 9.98945820742265e+04 
1.56914858071679e-01 9.98893768580720e+04 
1.57077873612660e-01 9.98843801868584e+04 
1.57240866452292e-01 9.98796379472299e+04 
1.57403840151139e-01 9.98753422428089e+04 
1.57566861318355e-01 9.98713430375962e+04 
1.57729904113405e-01 9.98675218373491e+04 
1.57892962423965e-01 9.98637378137840e+04 
1.58056028614424e-01 9.98605257612410e+04 
1.58219070134856e-01 9.98575630210254e+04 
1.58382092227598e-01 9.98552332307480e+04 
1.58545134860562e-01 9.98533052014280e+04 
1.58708201439384e-01 9.98518311611584e+04 
1.58871296611846e-01 9.98502934909808e+04 
1.59034379473768e-01 9.98485452811486e+04 
1.59197425257024e-01 9.98471778992551e+04 
1.59360468475625e-01 9.98457369493499e+04 
1.59523510034876e-01 9.98448593765367e+04 
1.59686575194044e-01 9.98440254896066e+04 
1.59849669216808e-01 9.98429442634248e+04 
1.60012751093179e-01 9.98415945452509e+04 
1.60175795919985e-01 9.98406083086298e+04 
1.60338838700330e-01 9.98396062684256e+04 
1.60501880892658e-01 9.98387693400627e+04 
1.60664946819126e-01 9.98380760485096e+04 
1.60828042251997e-01 9.98372441200563e+04 
1.60991125916261e-01 9.98363880825600e+04 
1.61154172639473e-01 9.98358455953275e+04 
1.61317217760068e-01 9.98354872784802e+04 
1.61480263228852e-01 9.98355048869002e+04 
1.61643332700915e-01 9.98359706473605e+04 
1.61806432384382e-01 9.98361897951974e+04 
1.61969521110721e-01 9.98362117927567e+04 
1.62132573500534e-01 9.98365690651003e+04 
1.62295624881907e-01 9.98370425565091e+04 
1.62458677692990e-01 9.98378705481901e+04 
1.62621755044374e-01 9.98388916574366e+04 
1.62784863314043e-01 9.98398127586371e+04 
1.62947961932583e-01 9.98404368150209e+04 
1.63111025455864e-01 9.98412581012695e+04 
1.63274088797316e-01 9.98418303870816e+04 
1.63437155318587e-01 9.98429881465579e+04 
1.63600247660064e-01 9.98441203762146e+04 
1.63763372077315e-01 9.98452528455278e+04 
1.63926488723929e-01 9.98459713373168e+04 
1.64089572172312e-01 9.98465440330595e+04 
1.64252656442296e-01 9.98472228518639e+04 
1.64415745967446e-01 9.98481429166080e+04 
1.64578862803935e-01 9.98492335615845e+04 
1.64742012789670e-01 9.98500690476752e+04 
1.64905156970085e-01 9.98506997157791e+04 
1.65068270008392e-01 9.98509288325456e+04 
1.65231385090613e-01 9.98512548282403e+04 
1.65394507471778e-01 9.98515440621417e+04 
1.65557658732370e-01 9.98518456568858e+04 
1.65720844211185e-01 9.98517093300178e+04 
1.65884025845759e-01 9.98511449469674e+04 
1.66047178331006e-01 9.98505546529974e+04 
1.66210334285643e-01 9.98498367105195e+04 
1.66373499255171e-01 9.98488659176192e+04 
1.66536694192238e-01 9.98477657519461e+04 
1.66699923582896e-01 9.98458522177382e+04 
1.66863151271618e-01 9.98427983619729e+04 
1.67026351109716e-01 9.98400564960624e+04 
1.67189555692180e-01 9.98375781493511e+04 
1.67352770091428e-01 9.98350472547671e+04 
1.67516014648757e-01 9.98327405637227e+04 
1.67679293453889e-01 9.98297746458986e+04 
1.67842572854686e-01 9.98264823965581e+04 
1.68005825640918e-01 9.98234753696343e+04 
1.68169084872417e-01 9.98205404469527e+04 
1.68332355728515e-01 9.98175532647289e+04 
1.68495657878000e-01 9.98144824724087e+04 
1.68658989325433e-01 9.98113337615350e+04 
1.68822320641737e-01 9.98077301377239e+04 
1.68985636728409e-01 9.98040803402027e+04 
1.69148942102835e-01 9.98004133378757e+04 
1.69312246720666e-01 9.97968388580341e+04 
1.69475554699139e-01 9.97935653709996e+04 
1.69638855092348e-01 9.97900495467715e+04 
1.69802156514969e-01 9.97863441053848e+04 
1.69965452426944e-01 9.97828596795605e+04 
1.70128733019538e-01 9.97795221271522e+04 
1.70292016436256e-01 9.97763303185389e+04 
1.70455305647936e-01 9.97734800396767e+04 
1.70618589011416e-01 9.97704789711200e+04 
1.70781875517239e-01 9.97673609534720e+04 
1.70945159661346e-01 9.97645294130877e+04 
1.71108430971300e-01 9.97619733489666e+04 
1.71271708103619e-01 9.97597036291513e+04 
1.71434993712732e-01 9.97579670652287e+04 
1.71598275471956e-01 9.97562239589662e+04 
1.71761562883301e-01 9.97545521048042e+04 
1.71924851071957e-01 9.97533254721055e+04 
1.72088129174841e-01 9.97525563629446e+04 
1.72251415618515e-01 9.97522408221992e+04 
1.72414713525028e-01 9.97524700448189e+04 
1.72578009926992e-01 9.97527804778409e+04 
1.72741314806943e-01 9.97531525139705e+04 
1.72904623368124e-01 9.97539486045741e+04 
1.73067924793600e-01 9.97550491044395e+04 
1.73231236218129e-01 9.97565639128426e+04 
1.73394561441668e-01 9.97585618730423e+04 
1.73557886936681e-01 9.97605032468310e+04 
1.73721223367409e-01 9.97624108084796e+04 
1.73884565889017e-01 9.97648408771776e+04 
1.74047904392819e-01 9.97677385702954e+04 
1.74211254115638e-01 9.97709644753208e+04 
1.74374619373415e-01 9.97746081842914e+04 
1.74537986086449e-01 9.97781495670440e+04 
1.74701365800933e-01 9.97818770851583e+04 
1.74864753371774e-01 9.97859135025755e+04 
1.75028139720367e-01 9.97902786465926e+04 
1.75191537784886e-01 9.97950562012728e+04 
1.75354952285827e-01 9.98001173261274e+04 
1.75518368559541e-01 9.98051105037455e+04 
1.75681799202839e-01 9.98101627258993e+04 
1.75845238869929e-01 9.98155698590520e+04 
1.76008679694911e-01 9.98210841322195e+04 
1.76172132909769e-01 9.98268860898150e+04 
1.76335603340169e-01 9.98330896635985e+04 
1.76499075991710e-01 9.98393006192175e+04 
1.76662564020998e-01 9.98454733894342e+04 
1.76826061928281e-01 9.98520347333907e+04 
1.76989562987187e-01 9.98589070923885e+04 
1.77153077429408e-01 9.98659734331892e+04 
1.77316609700058e-01 9.98733874684905e+04 
1.77480145028104e-01 9.98805492924009e+04 
1.77643696779040e-01 9.98875433920825e+04 
1.77807259226646e-01 9.98947246899564e+04 
1.77970826589262e-01 9.99020966186821e+04 
1.78134408565602e-01 9.99095879296437e+04 
1.78298008884382e-01 9.99172471345223e+04 
1.78461613423750e-01 9.99245609298081e+04 
1.78625235540122e-01 9.99316090632887e+04 
1.78788869202115e-01 9.99387735709039e+04 
1.78952509219603e-01 9.99460501060742e+04 
1.79116165236827e-01 9.99534059066660e+04 
1.79279840407424e-01 9.99609793652472e+04 
1.79443521217173e-01 9.99681299327700e+04 
1.79607221152316e-01 9.99749034908830e+04 
1.79770933592027e-01 9.99817320623208e+04 
1.79934653183452e-01 9.99885729652322e+04 
1.80098389646264e-01 9.99953477698842e+04 
1.80262146210378e-01 1.00002246084649e+05 
1.80425909878816e-01 1.00008262247052e+05 
1.80589694255619e-01 1.00013920394448e+05 
1.80753492069291e-01 1.00019935228272e+05 
1.80917297577551e-01 1.00026254483818e+05 
1.81081120508957e-01 1.00032711818253e+05 
1.81244965173825e-01 1.00039577961361e+05 
1.81408819105872e-01 1.00045905304414e+05 
1.81572695573354e-01 1.00051971978698e+05 
1.81736586003029e-01 1.00058409678071e+05 
1.81900484687996e-01 1.00065239585907e+05 
1.82064400374367e-01 1.00072214455768e+05 
1.82228339169076e-01 1.00079548040462e+05 
1.82392289258078e-01 1.00086533093293e+05 
1.82556263359125e-01 1.00093340776412e+05 
1.82720251027592e-01 1.00100415856664e+05 
1.82884247549827e-01 1.00107789677311e+05 
1.83048259646943e-01 1.00115436873128e+05 
1.83212295316127e-01 1.00123444673404e+05 
1.83376343689158e-01 1.00131156257338e+05 
1.83540417031084e-01 1.00138825350054e+05 
1.83704502833926e-01 1.00146918735883e+05 
1.83868598254401e-01 1.00155497023287e+05 
1.84032707771303e-01 1.00164384330632e+05 
1.84196840924295e-01 1.00173590523010e+05 
1.84360988030856e-01 1.00182790448733e+05 
1.84525160862722e-01 1.00192035468878e+05 
1.84689344479162e-01 1.00201682187574e+05 
1.84853538421879e-01 1.00211469748795e+05 
1.85017744927712e-01 1.00221590292313e+05 
1.85181973951704e-01 1.00232324658008e+05 
1.85346216747036e-01 1.00243073385070e+05 
1.85510484752531e-01 1.00253932987663e+05 
1.85674760881067e-01 1.00265323459889e+05 
1.85839046562764e-01 1.00277212131766e+05 
1.86003343254682e-01 1.00289576416570e+05 
1.86167660136245e-01 1.00302498924175e+05 
1.86331989525439e-01 1.00315414412572e+05 
1.86496342715613e-01 1.00328411290345e+05 
1.86660700945711e-01 1.00341752986913e+05 
1.86825066130161e-01 1.00355383541483e+05 
1.86989440527155e-01 1.00369164478718e+05 
1.87153832285380e-01 1.00383184960580e+05 
1.87318234473940e-01 1.00396882206026e+05 
1.87482658581578e-01 1.00410252030721e+05 
1.87647084597889e-01 1.00423560596647e+05 
1.87811513605090e-01 1.00436685738606e+05 
1.87975949813219e-01 1.00449575748000e+05 
1.88140400625927e-01 1.00462239522150e+05 
1.88304859663728e-01 1.00474094276639e+05 
1.88469339089361e-01 1.00485035447829e+05 
1.88633818270630e-01 1.00495332641314e+05 
1.88798296169568e-01 1.00504848110649e+05 
1.88962779591268e-01 1.00513632871014e+05 
1.89127276085391e-01 1.00521672766484e+05 
1.89291779562949e-01 1.00528677728156e+05 
1.89456303139941e-01 1.00534265356537e+05 
1.89620826060873e-01 1.00538853606581e+05 
1.89785344298198e-01 1.00542700930940e+05 
1.89949866940961e-01 1.00545835634965e+05 
1.90114402831899e-01 1.00547498165616e+05 
1.90278945826588e-01 1.00547758284521e+05 
1.90443509508812e-01 1.00546315734035e+05 
1.90608073098663e-01 1.00543487005039e+05 
1.90772630087433e-01 1.00540248153015e+05 
1.90937190820825e-01 1.00536928818701e+05 
1.91101766223829e-01 1.00533508821097e+05 
1.91266349993513e-01 1.00529789557317e+05 
1.91430955189312e-01 1.00525609609981e+05 
1.91595560770547e-01 1.00521270963312e+05 
1.91760159140637e-01 1.00516642652917e+05 
1.91924760264481e-01 1.00511712507165e+05 
1.92089376497678e-01 1.00506343675416e+05 
1.92254001296847e-01 1.00500290749707e+05 
1.92418646823581e-01 1.00493520232452e+05 
1.92583291761010e-01 1.00486070565297e+05 
1.92747928856554e-01 1.00478273119009e+05 
1.92912567402671e-01 1.00469850159428e+05 
1.93077219838041e-01 1.00460973445036e+05 
1.93241879552354e-01 1.00451331814640e+05 
1.93406558020581e-01 1.00441184867459e+05 
1.93571233808185e-01 1.00430531854211e+05 
1.93735900591490e-01 1.00419332055939e+05 
1.93900567921162e-01 1.00407796715970e+05 
1.94065247071192e-01 1.00396055906630e+05 
1.94229931600384e-01 1.00384015348650e+05 
1.94394632756597e-01 1.00371616774674e+05 
1.94559329010217e-01 1.00359066433119e+05 
1.94724014460318e-01 1.00346022512720e+05 
1.94888700023485e-01 1.00333044769105e+05 
1.95053395124011e-01 1.00320119781157e+05 
1.95218093564580e-01 1.00306731408400e+05 
1.95382806886993e-01 1.00293187151462e+05 
1.95547513391184e-01 1.00279734379430e+05 
1.95712206525125e-01 1.00266159701209e+05 
1.95876899484052e-01 1.00252463202196e+05 
1.96041600194510e-01 1.00238794152381e+05 
1.96206302764050e-01 1.00224871111025e+05 
1.96371019655392e-01 1.00210877192667e+05 
1.96535729166035e-01 1.00197011821142e+05 
1.96700422652100e-01 1.00183003915487e+05 
1.96865115887524e-01 1.00168862876559e+05 
1.97029816167584e-01 1.00154756486352e+05 
1.97194517652695e-01 1.00140437159900e+05 
1.97359234279002e-01 1.00126019991415e+05 
1.97523944923533e-01 1.00111705516569e+05 
1.97688637716266e-01 1.00096911845454e+05 
1.97853330546948e-01 1.00081989590411e+05 
1.98018031199501e-01 1.00067027572336e+05 
1.98182733659057e-01 1.00051987597653e+05 
1.98347453324547e-01 1.00036729810837e+05 
1.98512170450089e-01 1.00021444833028e+05 
1.98676869909707e-01 1.00005689746534e+05 
1.98841570387337e-01 9.99896910438392e+04 
1.99006280804003e-01 9.99735544312831e+04 
1.99170994672518e-01 9.99573258068700e+04 
1.99335728040909e-01 9.99407966810888e+04 
1.99500463004472e-01 9.99242120025018e+04 
1.99665182525630e-01 9.99070209516458e+04 
1.99829904275220e-01 9.98896772347682e+04 
1.99994638058644e-01 9.98722855994056e+04 
2.00159376511359e-01 9.98548458188044e+04 
