# Liste des scalaires : TEMPS pmat 
0.00000000000000e+00 1.00000000000000e+05 
5.42217668469038e-05 1.00000000000000e+05 
9.56313466982843e-05 1.00000000000000e+05 
1.37341881446022e-04 1.00000000000000e+05 
1.79117331091772e-04 1.00000000000000e+05 
2.20422897940454e-04 1.00000000000000e+05 
2.62396769366337e-04 1.00000000000000e+05 
3.04602704787547e-04 1.00000000000000e+05 
3.47753121403144e-04 1.00000000000000e+05 
3.90925959158556e-04 1.00000000000000e+05 
4.34613646906968e-04 1.00000000000000e+05 
4.79767515313695e-04 1.00000000000000e+05 
5.25503705316694e-04 1.00000000000000e+05 
5.71605497148602e-04 1.00000000000000e+05 
6.19221003013813e-04 1.00000000000000e+05 
6.67604784686893e-04 1.00000000000000e+05 
7.16770512886697e-04 1.00000000000000e+05 
7.67014680173368e-04 1.00000000000000e+05 
8.18718152374118e-04 1.00000000000000e+05 
8.71746525332450e-04 1.00000000000000e+05 
9.25308085449373e-04 1.00000000000000e+05 
9.79648789640714e-04 1.00000000000000e+05 
1.03526921684516e-03 1.00000000000000e+05 
1.09204978710908e-03 1.00000000000000e+05 
1.14973776773042e-03 1.00000000000000e+05 
1.20850626077267e-03 1.00000000000000e+05 
1.26821270757798e-03 1.00000000000000e+05 
1.32902104828488e-03 1.00000000000000e+05 
1.39093473280443e-03 1.00000000000000e+05 
1.45379360385244e-03 1.00000000000000e+05 
1.51775182324639e-03 1.00000000000000e+05 
1.58261869712110e-03 1.00000000000000e+05 
1.64857366553850e-03 1.00000000000000e+05 
1.71508355356134e-03 1.00000000000000e+05 
1.78295777242036e-03 1.00000000000000e+05 
1.85212402379525e-03 1.00000000000000e+05 
1.92219616935977e-03 1.00000000000000e+05 
1.99341256725751e-03 1.00000000000000e+05 
2.06592480908121e-03 1.00000000000000e+05 
2.13676670443921e-03 1.00000000000000e+05 
2.20879385247224e-03 1.00000000000000e+05 
2.28219200610643e-03 1.00000000000000e+05 
2.35712681060701e-03 1.00000000000000e+05 
2.43371861691997e-03 1.00000000000000e+05 
2.51051741556096e-03 1.00000000000000e+05 
2.58852938181178e-03 1.00000000000000e+05 
2.66561126614469e-03 1.00000000000000e+05 
2.74395117024501e-03 1.00000000000000e+05 
2.82362812204843e-03 1.00000000000000e+05 
2.90464132135398e-03 1.00000000000000e+05 
2.98714084819455e-03 1.00000000000000e+05 
3.07114566906412e-03 1.00000000000000e+05 
3.15627287105863e-03 1.00000000000000e+05 
3.24241995346905e-03 1.00000000000000e+05 
3.32770885645330e-03 1.00000000000000e+05 
3.41418980451102e-03 1.00000000000000e+05 
3.50202465598244e-03 1.00000000000000e+05 
3.59121702087917e-03 1.00000000000000e+05 
3.68175977289453e-03 1.00000000000000e+05 
3.77371180676439e-03 1.00000000000000e+05 
3.86738902997341e-03 1.00000000000000e+05 
3.96307358183603e-03 1.00000000000000e+05 
4.06055818463515e-03 1.00000000000000e+05 
4.15569370544557e-03 1.00000000000000e+05 
4.25150995363903e-03 1.00000000000000e+05 
4.34864625856585e-03 1.00000000000000e+05 
4.44674519821531e-03 1.00000000000000e+05 
4.54587856187867e-03 1.00000000000000e+05 
4.64602598786438e-03 1.00000000000000e+05 
4.74725651232906e-03 1.00000000000000e+05 
4.84957197554776e-03 1.00000000000000e+05 
4.95296646699088e-03 1.00000000000000e+05 
5.05746378725662e-03 1.00000000000000e+05 
5.16322019297612e-03 1.00000000000000e+05 
5.27017217345450e-03 1.00000000000000e+05 
5.37774700603846e-03 1.00000000000000e+05 
5.48560076282428e-03 1.00000000000000e+05 
5.59352165689891e-03 1.00000000000000e+05 
5.70118004414506e-03 1.00000000000000e+05 
5.80869917087482e-03 1.00000000000000e+05 
5.91612246785794e-03 1.00000000000000e+05 
6.02260776024142e-03 1.00000000000000e+05 
6.12943678519620e-03 1.00000000000000e+05 
6.23575548966468e-03 1.00000000000000e+05 
6.34200625785691e-03 1.00000000000000e+05 
6.44803888680146e-03 1.00000000000000e+05 
6.55389359355508e-03 1.00000000000000e+05 
6.65967549531033e-03 1.00000000000000e+05 
6.76540986289698e-03 1.00000000000000e+05 
6.87117429033906e-03 1.00000000000000e+05 
6.97700389639798e-03 1.00000000000000e+05 
7.08284514614524e-03 1.00000000000000e+05 
7.18837278415326e-03 1.00000000000000e+05 
7.29395274167409e-03 1.00000000000000e+05 
7.39947722587713e-03 1.00000000000000e+05 
7.50499266960142e-03 1.00000000000000e+05 
7.61052720249623e-03 1.00000000000000e+05 
7.71599336688461e-03 1.00000000000000e+05 
7.82128270353485e-03 1.00000000000000e+05 
7.92641023161608e-03 1.00000000000000e+05 
8.03137929876597e-03 1.00000000000000e+05 
8.13619189000590e-03 1.00000000000000e+05 
8.24098818979729e-03 1.00000000000000e+05 
8.34551558708423e-03 1.00000000000000e+05 
8.44983998829540e-03 1.00000000000000e+05 
8.55396012640769e-03 1.00000000000000e+05 
8.65795573898354e-03 1.00000000000000e+05 
8.76182592318791e-03 1.00000000000000e+05 
8.86557330941413e-03 1.00000000000000e+05 
8.96917296161763e-03 1.00000000000000e+05 
9.07267736632249e-03 1.00000000000000e+05 
9.17611079039994e-03 1.00000000000000e+05 
9.27944778828965e-03 1.00000000000000e+05 
9.38271881281941e-03 1.00000000000000e+05 
9.48593447783411e-03 1.00000000000000e+05 
9.58906820875389e-03 1.00000000000000e+05 
9.69219410608725e-03 1.00000000000000e+05 
9.79538530912481e-03 1.00000000000000e+05 
9.89867473034894e-03 1.00000000000000e+05 
1.00021896853183e-02 1.00000000000000e+05 
1.01060104777758e-02 1.00000000000000e+05 
1.02102122248295e-02 1.00000000000000e+05 
1.03147616138953e-02 1.00000000000000e+05 
1.04196486491188e-02 1.00000000000000e+05 
1.05248176840246e-02 1.00000000000000e+05 
1.06302290613352e-02 1.00000000000000e+05 
1.07358444040425e-02 1.00000000000000e+05 
1.08416460693779e-02 1.00000000000000e+05 
1.09476518500446e-02 1.00000000000000e+05 
1.10537867286408e-02 1.00000000000000e+05 
1.11600143221667e-02 1.00000000000000e+05 
1.12662823233089e-02 1.00000000000000e+05 
1.13726613609137e-02 1.00000000000000e+05 
1.14791394439960e-02 1.00000000000000e+05 
1.15856452443938e-02 1.00000000000000e+05 
1.16921805492287e-02 1.00000000000000e+05 
1.17987694807872e-02 1.00000000000000e+05 
1.19053665806865e-02 1.00000000000000e+05 
1.20120048985495e-02 1.00000000000000e+05 
1.21187052802562e-02 1.00000000000000e+05 
1.22254744797851e-02 1.00000000000000e+05 
1.23323132196469e-02 1.00000000000000e+05 
1.24392424740779e-02 1.00000000000000e+05 
1.25462043666439e-02 1.00000000000000e+05 
1.26532284745567e-02 1.00000000000000e+05 
1.27603304066780e-02 1.00000000000000e+05 
1.28675220922804e-02 1.00000000000000e+05 
1.29747959778742e-02 1.00000000000000e+05 
1.30821687645426e-02 1.00000000000000e+05 
1.31895788125858e-02 1.00000000000000e+05 
1.32970531850545e-02 1.00000000000000e+05 
1.34046008310645e-02 1.00000000000000e+05 
1.35122248213036e-02 1.00000000000000e+05 
1.36199242655413e-02 1.00000000000000e+05 
1.37284310404777e-02 1.00000000000000e+05 
1.38362474892700e-02 1.00000000000000e+05 
1.39441147341272e-02 1.00000000000000e+05 
1.40520373622387e-02 1.00000000000000e+05 
1.41600251382624e-02 1.00000000000000e+05 
1.42680782195120e-02 1.00000000000000e+05 
1.43762057688543e-02 1.00000000000000e+05 
1.44843421141930e-02 1.00000000000000e+05 
1.45925230316233e-02 1.00000000000000e+05 
1.47007455081605e-02 1.00000000000000e+05 
1.48090430165846e-02 1.00000000000000e+05 
1.49174161032083e-02 1.00000000000000e+05 
1.50258885459874e-02 1.00000000000000e+05 
1.51344147795407e-02 1.00000000000000e+05 
1.52430049948070e-02 1.00000000000000e+05 
1.53516547152801e-02 1.00000000000000e+05 
1.54603502701918e-02 1.00000000000000e+05 
1.55690982078937e-02 1.00000000000000e+05 
1.56779076973889e-02 1.00000000000000e+05 
1.57867266269960e-02 1.00000000000000e+05 
1.58955835258295e-02 1.00000000000000e+05 
1.60044822992180e-02 1.00000000000000e+05 
1.61134356483553e-02 1.00000000000000e+05 
1.62224562991878e-02 1.00000000000000e+05 
1.63315530830331e-02 1.00000000000000e+05 
1.64406765948914e-02 1.00000000000000e+05 
1.65498609249317e-02 1.00000000000000e+05 
1.66591112484631e-02 1.00000000000000e+05 
1.67669785708279e-02 1.00000000000000e+05 
1.68758197029149e-02 1.00000000000000e+05 
1.69837181625671e-02 1.00000000000000e+05 
1.70933168853800e-02 1.00000000000000e+05 
1.72030040109702e-02 1.00000000000000e+05 
1.73127710831068e-02 1.00000000000000e+05 
1.74207451970467e-02 1.00000000000000e+05 
1.75296773019408e-02 1.00000000000000e+05 
1.76376448563500e-02 1.00000000000000e+05 
1.77474021653915e-02 1.00000000000000e+05 
1.78577097087842e-02 1.00000000000000e+05 
1.79681326748218e-02 1.00000000000000e+05 
1.80761064221119e-02 1.00000000000000e+05 
1.81850742301448e-02 1.00000000000000e+05 
1.82930452677785e-02 1.00000000000000e+05 
1.84033965520004e-02 1.00000000000000e+05 
1.85145324374674e-02 1.00000000000000e+05 
1.86253037161163e-02 1.00000000000000e+05 
1.87333733787630e-02 1.00000000000000e+05 
1.88425227122417e-02 1.00000000000000e+05 
1.89506516638772e-02 1.00000000000000e+05 
1.90602383425503e-02 1.00000000000000e+05 
1.91715762393108e-02 1.00000000000000e+05 
1.92828172219518e-02 1.00000000000000e+05 
1.93910982112734e-02 1.00000000000000e+05 
1.95006457210124e-02 1.00000000000000e+05 
1.96091071512308e-02 1.00000000000000e+05 
1.97193005367756e-02 1.00000000000000e+05 
1.98304698184906e-02 1.00000000000000e+05 
1.99422119686182e-02 1.00000000000000e+05 
2.00514072395544e-02 1.00000000000000e+05 
2.01622593686472e-02 1.00000000000000e+05 
2.02719284733883e-02 1.00000000000000e+05 
2.03834368459313e-02 1.00000000000000e+05 
2.04957354159504e-02 1.00000000000000e+05 
2.06080797360212e-02 1.00000000000000e+05 
2.07179567380289e-02 1.00000000000000e+05 
2.08288024016139e-02 1.00000000000000e+05 
2.09387156550419e-02 1.00000000000000e+05 
2.10511910033217e-02 1.00000000000000e+05 
2.11636965340367e-02 1.00000000000000e+05 
2.12762141330429e-02 1.00000000000000e+05 
2.13860744121919e-02 1.00000000000000e+05 
2.14968664843348e-02 1.00000000000000e+05 
2.16067473184904e-02 1.00000000000000e+05 
2.17193757237320e-02 1.00000000000000e+05 
2.18320642696633e-02 1.00000000000000e+05 
2.19446682576282e-02 1.00000000000000e+05 
2.20546435181788e-02 1.00000000000000e+05 
2.21653864062360e-02 1.00000000000000e+05 
2.22753366972574e-02 1.00000000000000e+05 
2.23863649572573e-02 1.00000000000000e+05 
2.24990205651675e-02 1.00000000000000e+05 
2.26116127227062e-02 1.00000000000000e+05 
2.27219557599885e-02 1.00000000000000e+05 
2.28335138883969e-02 1.00000000000000e+05 
2.29440422786076e-02 1.00000000000000e+05 
2.30561744402851e-02 1.00000000000000e+05 
2.31696547953030e-02 1.00000000000000e+05 
2.32832208713848e-02 1.00000000000000e+05 
2.33941968641762e-02 1.00000000000000e+05 
2.35066568576704e-02 1.00000000000000e+05 
2.36180233532074e-02 1.00000000000000e+05 
2.37311043896344e-02 1.00000000000000e+05 
2.38457602834051e-02 1.00000000000000e+05 
2.39606425182756e-02 1.00000000000000e+05 
2.40729452074312e-02 1.00000000000000e+05 
2.41873180763977e-02 1.00000000000000e+05 
2.43004350149500e-02 1.00000000000000e+05 
2.44158503303425e-02 1.00000000000000e+05 
2.45323188965943e-02 1.00000000000000e+05 
2.46492357697325e-02 1.00000000000000e+05 
2.47604749779086e-02 1.00000000000000e+05 
2.48769412941248e-02 1.00000000000000e+05 
2.49894098357116e-02 1.00000000000000e+05 
2.51039521362358e-02 1.00000000000000e+05 
2.52207602189181e-02 1.00000000000000e+05 
2.53382869519464e-02 1.00000000000000e+05 
2.54507801997082e-02 1.00000000000000e+05 
2.55643513009939e-02 1.00000000000000e+05 
2.56771444898903e-02 1.00000000000000e+05 
2.57916080039137e-02 1.00000000000000e+05 
2.59062299623353e-02 1.00000000000000e+05 
2.60210945968625e-02 1.00000000000000e+05 
2.61345495845613e-02 1.00000000000000e+05 
2.62492983202983e-02 1.00000000000000e+05 
2.63631388308033e-02 1.00000000000000e+05 
2.64782435694923e-02 1.00000000000000e+05 
2.65932245084603e-02 1.00000000000000e+05 
2.67082195696314e-02 1.00000000000000e+05 
2.68226103873066e-02 1.00000000000000e+05 
2.69377063679819e-02 1.00000000000000e+05 
2.70525702068725e-02 1.00000000000000e+05 
2.71677400733311e-02 1.00000000000000e+05 
2.72829553627830e-02 1.00000000000000e+05 
2.73982012650363e-02 1.00000000000000e+05 
2.75134201583589e-02 1.00000000000000e+05 
2.76286447231665e-02 1.00000000000000e+05 
2.77438432836411e-02 1.00000000000000e+05 
2.78590267364492e-02 1.00000000000000e+05 
2.79741753196241e-02 1.00000000000000e+05 
2.80893720374007e-02 1.00000000000000e+05 
2.82046173750643e-02 1.00000000000000e+05 
2.83199372393146e-02 1.00000000000000e+05 
2.84353127991880e-02 1.00000000000000e+05 
2.85507284554914e-02 1.00000000000000e+05 
2.86661479760293e-02 1.00000000000000e+05 
2.87816136890265e-02 1.00000000000000e+05 
2.88971483670924e-02 1.00000000000000e+05 
2.90127648397305e-02 1.00000000000000e+05 
2.91284283731363e-02 1.00000000000000e+05 
2.92440363832003e-02 1.00000000000000e+05 
2.93596285822779e-02 1.00000000000000e+05 
2.94752035633066e-02 1.00000000000000e+05 
2.95908080391741e-02 1.00000000000000e+05 
2.97064263418633e-02 1.00000000000000e+05 
2.98220807595166e-02 1.00000000000000e+05 
2.99377179600370e-02 1.00000000000000e+05 
3.00533855670921e-02 1.00000000000000e+05 
3.01690678418772e-02 1.00000000000000e+05 
3.02847993656752e-02 1.00000000000000e+05 
3.04005740675057e-02 1.00000000000000e+05 
3.05164144190017e-02 1.00000000000000e+05 
3.06322632629673e-02 1.00000000000000e+05 
3.07481411265699e-02 1.00000000000000e+05 
3.08640729207679e-02 1.00000000000000e+05 
3.09799547256828e-02 1.00000000000000e+05 
3.10959297386547e-02 1.00000000000000e+05 
3.12120166008148e-02 1.00000000000000e+05 
3.13281080864011e-02 1.00000000000000e+05 
3.14443754626330e-02 1.00000000000000e+05 
3.15608387296020e-02 1.00000000000000e+05 
3.16776389092043e-02 1.00000000000000e+05 
3.17944341235573e-02 1.00000000000000e+05 
3.19119133921953e-02 1.00000000000000e+05 
3.20295456385226e-02 1.00000000000000e+05 
3.21479257937744e-02 1.00000000000000e+05 
3.22668821473690e-02 1.00000000000000e+05 
3.23868569502105e-02 1.00000000000000e+05 
3.25069048757150e-02 1.00000000000000e+05 
3.26280189642790e-02 1.00000000000000e+05 
3.27498362336273e-02 1.00000000000000e+05 
3.28725504693697e-02 1.00000000000000e+05 
3.29964896213367e-02 1.00000000000000e+05 
3.31208667093238e-02 1.00000000000000e+05 
3.32456062579454e-02 1.00000000000000e+05 
3.33707357010799e-02 1.00000000000000e+05 
3.34961905703612e-02 1.00000000000000e+05 
3.36221167906739e-02 1.00000000000000e+05 
3.37485691355293e-02 1.00000000000000e+05 
3.38739013956633e-02 1.00000000000000e+05 
3.40007427566867e-02 1.00000000000000e+05 
3.41263132755362e-02 1.00000000000000e+05 
3.42534840266028e-02 1.00000000000000e+05 
3.43825209966855e-02 1.00000000000000e+05 
3.45120590111257e-02 1.00000000000000e+05 
3.46385684128256e-02 1.00000000000000e+05 
3.47671838468181e-02 1.00000000000000e+05 
3.48944832664368e-02 1.00000000000000e+05 
3.50230830330392e-02 1.00000000000000e+05 
3.51534077429371e-02 1.00000000000000e+05 
3.52750322177602e-02 1.00000000000000e+05 
3.53933455155066e-02 1.00000000000000e+05 
3.55176096818508e-02 1.00000000000000e+05 
3.56366512456074e-02 1.00000000000000e+05 
3.57585203674088e-02 1.00000000000000e+05 
3.58832016150270e-02 1.00000000000000e+05 
3.60088819296722e-02 1.00000000000000e+05 
3.61304302708045e-02 1.00000000000000e+05 
3.62601127488270e-02 1.00000000000000e+05 
3.63829605985821e-02 1.00000000000000e+05 
3.65120918537349e-02 1.00000000000000e+05 
3.66426522705125e-02 1.00000000000000e+05 
3.67735003563003e-02 1.00000000000000e+05 
3.69026410086585e-02 1.00000000000000e+05 
3.70343119819262e-02 1.00000000000000e+05 
3.71648893858088e-02 1.00000000000000e+05 
3.72979127808387e-02 1.00000000000000e+05 
3.74314555158018e-02 1.00000000000000e+05 
3.75656613668420e-02 1.00000000000000e+05 
3.76990741620292e-02 1.00000000000000e+05 
3.78344553766779e-02 1.00000000000000e+05 
3.79682011523404e-02 1.00000000000000e+05 
3.81028774466431e-02 1.00000000000000e+05 
3.82401942679306e-02 1.00000000000000e+05 
3.83775618435199e-02 1.00000000000000e+05 
3.85116608016973e-02 1.00000000000000e+05 
3.86482059171758e-02 1.00000000000000e+05 
3.87818767050825e-02 1.00000000000000e+05 
3.89166167008784e-02 1.00000000000000e+05 
3.90539149863867e-02 1.00000000000000e+05 
3.91918219399143e-02 1.00000000000000e+05 
3.93262530426785e-02 1.00000000000000e+05 
3.94630133851234e-02 1.00000000000000e+05 
3.95981893496272e-02 1.00000000000000e+05 
3.97355105012269e-02 1.00000000000000e+05 
3.98667174505294e-02 1.00000000000000e+05 
3.99979213581472e-02 1.00000000000000e+05 
4.01268900446923e-02 1.00000000000000e+05 
4.02572051443854e-02 1.00000000000000e+05 
4.03864914102083e-02 1.00000000000000e+05 
4.05169868074633e-02 1.00000000000000e+05 
4.06489113940472e-02 1.00000000000000e+05 
4.07809788625859e-02 1.00000000000000e+05 
4.09106095620679e-02 1.00000000000000e+05 
4.10414249962407e-02 1.00000000000000e+05 
4.11711501717661e-02 1.00000000000000e+05 
4.13022740209819e-02 1.00000000000000e+05 
4.14348316682290e-02 1.00000000000000e+05 
4.15674351156001e-02 1.00000000000000e+05 
4.16975153230269e-02 1.00000000000000e+05 
4.18288717198196e-02 1.00000000000000e+05 
4.19590993187995e-02 1.00000000000000e+05 
4.20907897031904e-02 1.00000000000000e+05 
4.22255369461393e-02 1.00000000000000e+05 
4.23590653838755e-02 1.00000000000000e+05 
4.24897660633655e-02 1.00000000000000e+05 
4.26219096137457e-02 1.00000000000000e+05 
4.27528802300886e-02 1.00000000000000e+05 
4.28859560005822e-02 1.00000000000000e+05 
4.30213028620444e-02 1.00000000000000e+05 
4.31564428022151e-02 1.00000000000000e+05 
4.32882036534008e-02 1.00000000000000e+05 
4.34217831984014e-02 1.00000000000000e+05 
4.35540923422345e-02 1.00000000000000e+05 
4.36921647980842e-02 1.00000000000000e+05 
4.38288633783454e-02 1.00000000000000e+05 
4.39661037016793e-02 1.00000000000000e+05 
4.40998221156412e-02 1.00000000000000e+05 
4.42396787230944e-02 1.00000000000000e+05 
4.43741225719788e-02 1.00000000000000e+05 
4.45147067939449e-02 1.00000000000000e+05 
4.46548176512502e-02 1.00000000000000e+05 
4.47976934323823e-02 1.00000000000000e+05 
4.49339957607808e-02 1.00000000000000e+05 
4.50707816676582e-02 1.00000000000000e+05 
4.52066095589322e-02 1.00000000000000e+05 
4.53491948815229e-02 1.00000000000000e+05 
4.54908850220133e-02 1.00000000000000e+05 
4.56315879858454e-02 1.00000000000000e+05 
4.57677605998394e-02 1.00000000000000e+05 
4.59047899997898e-02 1.00000000000000e+05 
4.60408988480609e-02 1.00000000000000e+05 
4.61795440148727e-02 1.00000000000000e+05 
4.63199239102343e-02 1.00000000000000e+05 
4.64610884614767e-02 1.00000000000000e+05 
4.65984869906270e-02 1.00000000000000e+05 
4.67374611271467e-02 1.00000000000000e+05 
4.68755034458120e-02 1.00000000000000e+05 
4.70155775766123e-02 1.00000000000000e+05 
4.71576429513031e-02 1.00000000000000e+05 
4.72997755800776e-02 1.00000000000000e+05 
4.74384822344818e-02 1.00000000000000e+05 
4.75830253254694e-02 1.00000000000000e+05 
4.77220755565223e-02 1.00000000000000e+05 
4.78671785317781e-02 1.00000000000000e+05 
4.80111124949450e-02 1.00000000000000e+05 
4.81556961400004e-02 1.00000000000000e+05 
4.82963985842621e-02 1.00000000000000e+05 
4.84416626769799e-02 1.00000000000000e+05 
4.85834277226215e-02 1.00000000000000e+05 
4.87286868628925e-02 1.00000000000000e+05 
4.88741021556104e-02 1.00000000000000e+05 
4.90197225247204e-02 1.00000000000000e+05 
4.91642553721126e-02 1.00000000000000e+05 
4.93101290864500e-02 1.00000000000000e+05 
4.94562603277161e-02 1.00000000000000e+05 
4.96028085435183e-02 1.00000000000000e+05 
4.97499589330560e-02 1.00000000000000e+05 
4.98979045243252e-02 1.00000000000000e+05 
5.00440445020078e-02 1.00000000000000e+05 
5.01921655955634e-02 1.00000000000000e+05 
5.03384141756956e-02 1.00000000000000e+05 
5.04865759121117e-02 1.00000000000000e+05 
5.06365296321695e-02 1.00000000000000e+05 
5.07879927867787e-02 1.00000000000000e+05 
5.09352739277582e-02 1.00000000000000e+05 
5.10868277464327e-02 1.00000000000000e+05 
5.12356721067134e-02 1.00000000000000e+05 
5.13858081446899e-02 1.00000000000000e+05 
5.15382575347599e-02 1.00000000000000e+05 
5.16883567821546e-02 1.00000000000000e+05 
5.18395649808460e-02 1.00000000000000e+05 
5.19921718134070e-02 1.00000000000000e+05 
5.21426447019431e-02 1.00000000000000e+05 
5.22927095194130e-02 1.00000000000000e+05 
5.24447592063996e-02 1.00000000000000e+05 
5.25946776099516e-02 1.00000000000000e+05 
5.27455862763511e-02 1.00000000000000e+05 
5.28984395154384e-02 1.00000000000000e+05 
5.30512871946204e-02 1.00000000000000e+05 
5.32019107268359e-02 1.00000000000000e+05 
5.33548503706601e-02 1.00000000000000e+05 
5.35073664996493e-02 1.00000000000000e+05 
5.36595500394322e-02 1.00000000000000e+05 
5.38125176492259e-02 1.00000000000000e+05 
5.39654645537677e-02 1.00000000000000e+05 
5.41184023982604e-02 1.00000000000000e+05 
5.42714178955582e-02 1.00000000000000e+05 
5.44244494670650e-02 1.00000000000000e+05 
5.45774866049290e-02 1.00000000000000e+05 
5.47305288484584e-02 1.00000000000000e+05 
5.48835661774946e-02 1.00000000000000e+05 
5.50365994729919e-02 1.00000000000000e+05 
5.51897018283729e-02 1.00000000000000e+05 
5.53428239791220e-02 1.00000000000000e+05 
5.54959948727440e-02 1.00000000000000e+05 
5.56491375201167e-02 1.00000000000000e+05 
5.58022827568328e-02 1.00000000000000e+05 
5.59554190409678e-02 1.00000000000000e+05 
5.61086116938637e-02 1.00000000000000e+05 
5.62618266613992e-02 1.00000000000000e+05 
5.64150983652729e-02 1.00000000000000e+05 
5.65683547464210e-02 1.00000000000000e+05 
5.67216256286910e-02 1.00000000000000e+05 
5.68748855121962e-02 1.00000000000000e+05 
5.70281942372884e-02 1.00000000000000e+05 
5.71815286235500e-02 1.00000000000000e+05 
5.73349223076734e-02 1.00000000000000e+05 
5.74883055656811e-02 1.00000000000000e+05 
5.76417095884184e-02 1.00000000000000e+05 
5.77950990737462e-02 1.00000000000000e+05 
5.79485312076604e-02 1.00000000000000e+05 
5.81019923423405e-02 1.00000000000000e+05 
5.82555189728864e-02 1.00000000000000e+05 
5.84090436500674e-02 1.00000000000000e+05 
5.85625958306763e-02 1.00000000000000e+05 
5.87161336055057e-02 1.00000000000000e+05 
5.88697103885015e-02 1.00000000000000e+05 
5.90233172702906e-02 1.00000000000000e+05 
5.91769927020702e-02 1.00000000000000e+05 
5.93306683320955e-02 1.00000000000000e+05 
5.94843749637851e-02 1.00000000000000e+05 
5.96380688506694e-02 1.00000000000000e+05 
5.97917985899205e-02 1.00000000000000e+05 
5.99455593186732e-02 1.00000000000000e+05 
6.00993797760653e-02 1.00000000000000e+05 
6.02531894855626e-02 1.00000000000000e+05 
6.04070104650826e-02 1.00000000000000e+05 
6.05608001748758e-02 1.00000000000000e+05 
6.07146024319386e-02 1.00000000000000e+05 
6.08684045868750e-02 1.00000000000000e+05 
6.10222629678845e-02 1.00000000000000e+05 
6.11761171134535e-02 1.00000000000000e+05 
6.13300665409211e-02 1.00000000000000e+05 
6.14839851944842e-02 1.00000000000000e+05 
6.16378468108082e-02 1.00000000000000e+05 
6.17916595654603e-02 1.00000000000000e+05 
6.19455156999680e-02 1.00000000000000e+05 
6.20994013667479e-02 1.00000000000000e+05 
6.22533868562497e-02 1.00000000000000e+05 
6.24073392583471e-02 1.00000000000000e+05 
6.25613104542750e-02 1.00000000000000e+05 
6.27152908752847e-02 1.00000000000000e+05 
6.28693327268731e-02 1.00000000000000e+05 
6.30233677075672e-02 1.00000000000000e+05 
6.31774760754346e-02 1.00000000000000e+05 
6.33315551146779e-02 1.00000000000000e+05 
6.34856516241402e-02 1.00000000000000e+05 
6.36397659217770e-02 1.00000000000000e+05 
6.37938473330509e-02 1.00000000000000e+05 
6.39479813751211e-02 1.00000000000000e+05 
6.41021395383324e-02 1.00000000000000e+05 
6.42562420772579e-02 1.00000000000000e+05 
6.44103439198869e-02 1.00000000000000e+05 
6.45645294104160e-02 1.00000000000000e+05 
6.47188264502469e-02 1.00000000000000e+05 
6.48731167382342e-02 1.00000000000000e+05 
6.50274760156901e-02 1.00000000000000e+05 
6.51818316880291e-02 1.00000000000000e+05 
6.53362048429415e-02 1.00000000000000e+05 
6.54905976178270e-02 1.00000000006850e+05 
6.56450671663379e-02 1.00000000034090e+05 
6.57995331086705e-02 1.00000000091600e+05 
6.59540517582354e-02 1.00000000312236e+05 
6.61085660061909e-02 1.00000000588699e+05 
6.62631010920231e-02 1.00000000902220e+05 
6.64176591823996e-02 1.00000001438248e+05 
6.65722812505757e-02 1.00000001994194e+05 
6.67269222969646e-02 1.00000002340023e+05 
6.68815791016943e-02 1.00000002650413e+05 
6.70362433749368e-02 1.00000003047205e+05 
6.71909081459387e-02 1.00000003525735e+05 
6.73455806423493e-02 1.00000004128986e+05 
6.75002811921789e-02 1.00000004908921e+05 
6.76549710066455e-02 1.00000006080631e+05 
6.78097076396985e-02 1.00000007557603e+05 
6.79644368967116e-02 1.00000010120472e+05 
6.81191504138592e-02 1.00000014166362e+05 
6.82738744524524e-02 1.00000020296960e+05 
6.84286387183082e-02 1.00000029394332e+05 
6.85834004492223e-02 1.00000042533442e+05 
6.87382135470616e-02 1.00000060182803e+05 
6.88929976988132e-02 1.00000083170248e+05 
6.90477762328954e-02 1.00000112619512e+05 
6.92025614148445e-02 1.00000149823168e+05 
6.93573332086075e-02 1.00000196006860e+05 
6.95121374995250e-02 1.00000252592264e+05 
6.96669469494481e-02 1.00000320870184e+05 
6.98217273794311e-02 1.00000402129845e+05 
6.99765047214666e-02 1.00000497685625e+05 
7.01312958138275e-02 1.00000608569325e+05 
7.02860749498651e-02 1.00000735551795e+05 
7.04408835336452e-02 1.00000879316566e+05 
7.05957006420465e-02 1.00001039659298e+05 
7.07504953465740e-02 1.00001216310304e+05 
7.09052878102742e-02 1.00001408481741e+05 
7.10600984544470e-02 1.00001615161857e+05 
7.12148992585551e-02 1.00001834275143e+05 
7.13697289566714e-02 1.00002063934151e+05 
7.15245688300057e-02 1.00002300991448e+05 
7.16793919861520e-02 1.00002544352852e+05 
7.18342120542868e-02 1.00002790712977e+05 
7.19890516484387e-02 1.00003039945852e+05 
7.21438842137205e-02 1.00003287380454e+05 
7.22987447370571e-02 1.00003535903886e+05 
7.24536209337684e-02 1.00003795783891e+05 
7.26084838867786e-02 1.00004065653759e+05 
7.27633482061798e-02 1.00004341804696e+05 
7.29182378532133e-02 1.00004681023911e+05 
7.30731311246372e-02 1.00005090326019e+05 
7.32280600693604e-02 1.00005600777073e+05 
7.33830102424597e-02 1.00006227069801e+05 
7.35379529819060e-02 1.00007085364660e+05 
7.36928956453860e-02 1.00008158398136e+05 
7.38478626643615e-02 1.00009814827353e+05 
7.40028352967596e-02 1.00012254517298e+05 
7.41578442475437e-02 1.00015685348790e+05 
7.43128803001205e-02 1.00020467378505e+05 
7.44679132976256e-02 1.00026835468259e+05 
7.46229499012817e-02 1.00035078571496e+05 
7.47780153346072e-02 1.00045504079932e+05 
7.49330907771566e-02 1.00058556877121e+05 
7.50882082595529e-02 1.00074702888374e+05 
7.52433599722283e-02 1.00094360821482e+05 
7.53985175126153e-02 1.00118005669982e+05 
7.55536443028368e-02 1.00146116569097e+05 
7.57087964519579e-02 1.00179189858883e+05 
7.58639973602942e-02 1.00217741730759e+05 
7.60192083069214e-02 1.00262242194277e+05 
7.61744694808288e-02 1.00313124308659e+05 
7.63297216592046e-02 1.00370756575343e+05 
7.64849498762546e-02 1.00435519445060e+05 
7.66402108083574e-02 1.00507707291513e+05 
7.67955222688239e-02 1.00587524930729e+05 
7.69508431415111e-02 1.00675103951547e+05 
7.71062120517604e-02 1.00770460051648e+05 
7.72615733591822e-02 1.00873424536317e+05 
7.74169141705000e-02 1.00983767533978e+05 
7.75722884959138e-02 1.01101104451677e+05 
7.77277079023928e-02 1.01225004576911e+05 
7.78831322396047e-02 1.01354903433228e+05 
7.80386023461537e-02 1.01489911127355e+05 
7.81940656784851e-02 1.01629554651568e+05 
7.83495103360794e-02 1.01772527949269e+05 
7.85049879284837e-02 1.01917635041796e+05 
7.86605115292072e-02 1.02064025535111e+05 
7.88160420344076e-02 1.02210287351170e+05 
7.89716189955911e-02 1.02356013637479e+05 
7.91271878606837e-02 1.02500119764159e+05 
7.92827379174165e-02 1.02640996043719e+05 
7.94383176190444e-02 1.02777137697240e+05 
7.95939445975921e-02 1.02907978969668e+05 
7.97495803485741e-02 1.03032238158504e+05 
7.99052613593727e-02 1.03149018669930e+05 
8.00609345791482e-02 1.03256840724134e+05 
8.02165899606294e-02 1.03354591656471e+05 
8.03722741469420e-02 1.03443912584611e+05 
8.05280068495480e-02 1.03522940187847e+05 
8.06837530845829e-02 1.03589343520676e+05 
8.08395494340672e-02 1.03640759383505e+05 
8.09953424343175e-02 1.03685144030587e+05 
8.11511228333174e-02 1.03721744105119e+05 
8.13069366034104e-02 1.03741420578552e+05 
8.14628103755524e-02 1.03748445809515e+05 
8.16187079118215e-02 1.03744512081520e+05 
8.17746597724417e-02 1.03732670856868e+05 
8.19306110823530e-02 1.03709440372821e+05 
8.20865532129680e-02 1.03681561420883e+05 
8.22425303471242e-02 1.03653761348422e+05 
8.23985671550839e-02 1.03626336510032e+05 
8.25546264943022e-02 1.03599618562970e+05 
8.27107385507880e-02 1.03572095102700e+05 
8.28668528301673e-02 1.03542845648059e+05 
8.30229628019383e-02 1.03511380530371e+05 
8.31791105732167e-02 1.03477529815567e+05 
8.33352956934553e-02 1.03441057442016e+05 
8.34915118239275e-02 1.03402655656054e+05 
8.36477615630767e-02 1.03362756250853e+05 
8.38040048206913e-02 1.03320580246811e+05 
8.39602315600376e-02 1.03276350084604e+05 
8.41164605207880e-02 1.03229731172370e+05 
8.42727237972676e-02 1.03180982347378e+05 
8.44290182960386e-02 1.03130504340824e+05 
8.45853490378682e-02 1.03078444940482e+05 
8.47416775674014e-02 1.03024424153613e+05 
8.48979942755306e-02 1.02968740733769e+05 
8.50543173683339e-02 1.02911417235765e+05 
8.52106732928318e-02 1.02852432118557e+05 
8.53670599524277e-02 1.02792116744186e+05 
8.55234853999919e-02 1.02730883573382e+05 
8.56799109254359e-02 1.02668817760929e+05 
8.58363142909576e-02 1.02606069839473e+05 
8.59927057903864e-02 1.02542855345274e+05 
8.61491587206029e-02 1.02479414017001e+05 
8.63056518048931e-02 1.02416100829471e+05 
8.64621728290041e-02 1.02353386317369e+05 
8.66186873338834e-02 1.02291169158745e+05 
8.67751716039591e-02 1.02229476433135e+05 
8.69316449148190e-02 1.02168385339224e+05 
8.70881849632086e-02 1.02107844723992e+05 
8.72447702443473e-02 1.02047963055107e+05 
8.74013871884433e-02 1.01988947632860e+05 
8.75579989506919e-02 1.01930641194276e+05 
8.77145826004567e-02 1.01872836672203e+05 
8.78711541830483e-02 1.01815525446099e+05 
8.80277954473111e-02 1.01758490192354e+05 
8.81844826807173e-02 1.01701769505309e+05 
8.83411989776538e-02 1.01645454030758e+05 
8.84979105959194e-02 1.01589437347454e+05 
8.86545975250345e-02 1.01533688486379e+05 
8.88112703039268e-02 1.01478297764601e+05 
8.89680059689304e-02 1.01423029737835e+05 
8.91247811200999e-02 1.01367860164624e+05 
8.92815820871861e-02 1.01312852553102e+05 
8.94383785583955e-02 1.01258063115840e+05 
8.95951534859898e-02 1.01203190851172e+05 
8.97519173336775e-02 1.01148436828439e+05 
8.99087398728984e-02 1.01093710511355e+05 
9.00655991152592e-02 1.01038902047154e+05 
9.02224829912553e-02 1.00984222860546e+05 
9.03793632502887e-02 1.00929655514416e+05 
9.05362251464632e-02 1.00875234575024e+05 
9.06930814111584e-02 1.00821399705099e+05 
9.08499960416866e-02 1.00767687379727e+05 
9.10069480222738e-02 1.00714159710567e+05 
9.11639263675882e-02 1.00661047049154e+05 
9.13209037704878e-02 1.00609007720425e+05 
9.14778659739888e-02 1.00558070522664e+05 
9.16348268205527e-02 1.00508643408999e+05 
9.17918449363941e-02 1.00460514055151e+05 
9.19489014532706e-02 1.00413630613319e+05 
9.21059882314432e-02 1.00367619143704e+05 
9.22630783686900e-02 1.00322764052863e+05 
9.24201583079757e-02 1.00278761467145e+05 
9.25772430292109e-02 1.00235745631818e+05 
9.27343881024634e-02 1.00192990619275e+05 
9.28915744495752e-02 1.00150279271129e+05 
9.30487875597357e-02 1.00107279236592e+05 
9.32059959145996e-02 1.00064318628655e+05 
9.33632047874504e-02 1.00021328426551e+05 
9.35204162549254e-02 9.99781202304293e+04 
9.36776387653822e-02 9.99339313197781e+04 
9.38348722218636e-02 9.98897656808500e+04 
9.39921176939171e-02 9.98454988805577e+04 
9.41493596042629e-02 9.98017357830265e+04 
9.43066026765575e-02 9.97584085199619e+04 
9.44638490869180e-02 9.97158992213719e+04 
9.46211066228430e-02 9.96741009683185e+04 
9.47783752502131e-02 9.96328529399406e+04 
9.49356560751457e-02 9.95914046859112e+04 
9.50929346993932e-02 9.95510342518951e+04 
9.52502162070706e-02 9.95123588594610e+04 
9.54075024267911e-02 9.94760101845043e+04 
9.55648004569363e-02 9.94410555903669e+04 
9.57221107157611e-02 9.94072086826317e+04 
9.58794338367619e-02 9.93739229565023e+04 
9.60367550064649e-02 9.93421288988181e+04 
9.61940796621590e-02 9.93111272358818e+04 
9.63514099177105e-02 9.92813028297788e+04 
9.65087516359364e-02 9.92517952619099e+04 
9.66661059677910e-02 9.92223108092969e+04 
9.68234725462862e-02 9.91922203719818e+04 
9.69808365760451e-02 9.91622140404594e+04 
9.71382038300588e-02 9.91322633161999e+04 
9.72955769575950e-02 9.91031553492079e+04 
9.74529603383741e-02 9.90742496545635e+04 
9.76103559823407e-02 9.90452376447367e+04 
9.77677619701646e-02 9.90159188484195e+04 
9.79251642537094e-02 9.89868164020048e+04 
9.80825690791861e-02 9.89582099339298e+04 
9.82399794109143e-02 9.89305615933282e+04 
9.83973957934321e-02 9.89033810094540e+04 
9.85548224322176e-02 9.88764794411594e+04 
9.87122577866207e-02 9.88499970576339e+04 
9.88696906709652e-02 9.88247656522705e+04 
9.90271303174912e-02 9.88005024285566e+04 
9.91845786014178e-02 9.87777845746563e+04 
9.93420344708941e-02 9.87558730451142e+04 
9.94995033855262e-02 9.87348252195830e+04 
9.96569839630192e-02 9.87138330576045e+04 
9.98144641435076e-02 9.86936189664112e+04 
9.99719545876809e-02 9.86740186645801e+04 
1.00129456571607e-01 9.86559062602441e+04 
1.00286968969269e-01 9.86382258661729e+04 
1.00444496663669e-01 9.86210774254824e+04 
1.00602037169258e-01 9.86037599455957e+04 
1.00759576366559e-01 9.85870022448246e+04 
1.00917124125722e-01 9.85707603947024e+04 
1.01074683130452e-01 9.85554816638765e+04 
1.01232252404287e-01 9.85404536180504e+04 
1.01389837043248e-01 9.85257533096702e+04 
1.01547434293329e-01 9.85112726004324e+04 
1.01705030002773e-01 9.84971666952513e+04 
1.01862633324121e-01 9.84836415581099e+04 
1.02020247923201e-01 9.84711496971465e+04 
1.02177872698707e-01 9.84597214112930e+04 
1.02335513684907e-01 9.84493852093647e+04 
1.02493168260298e-01 9.84393653253194e+04 
1.02650822693826e-01 9.84304029531007e+04 
1.02808486659361e-01 9.84223108931835e+04 
1.02966163706094e-01 9.84157711704382e+04 
1.03123852599467e-01 9.84100560409636e+04 
1.03281559736567e-01 9.84051050939564e+04 
1.03439282600083e-01 9.84000032970378e+04 
1.03597008051405e-01 9.83955134889721e+04 
1.03754746653306e-01 9.83914719567584e+04 
1.03912501229144e-01 9.83879571026116e+04 
1.04070270226545e-01 9.83847535515944e+04 
1.04228060314159e-01 9.83815440508024e+04 
1.04385868146346e-01 9.83778552132796e+04 
1.04543681287690e-01 9.83733521626196e+04 
1.04701510775054e-01 9.83682944764758e+04 
1.04859358657571e-01 9.83633161420840e+04 
1.05017222859694e-01 9.83583066747232e+04 
1.05175109891026e-01 9.83532298471176e+04 
1.05333016834952e-01 9.83473581249261e+04 
1.05490931665304e-01 9.83412132618959e+04 
1.05648865926512e-01 9.83351434522937e+04 
1.05806821344602e-01 9.83293579492985e+04 
1.05964795837168e-01 9.83236426036743e+04 
1.06122795431016e-01 9.83178966579414e+04 
1.06280817561289e-01 9.83117335500637e+04 
1.06438849965884e-01 9.83052447878785e+04 
1.06596904318170e-01 9.82985682943350e+04 
1.06754982301340e-01 9.82915258274076e+04 
1.06913081814313e-01 9.82844387877802e+04 
1.07071208747027e-01 9.82776436720676e+04 
1.07229357061928e-01 9.82708622680263e+04 
1.07387499404503e-01 9.82633331502985e+04 
1.07545644967949e-01 9.82549560446901e+04 
1.07703794588913e-01 9.82492309456859e+04 
1.07861957291680e-01 9.82445795774321e+04 
1.08020128820168e-01 9.82413855286513e+04 
1.08178312349171e-01 9.82384238981434e+04 
1.08336492340794e-01 9.82364598928978e+04 
1.08494680021013e-01 9.82355809238800e+04 
1.08652875057243e-01 9.82364810007101e+04 
1.08811086675075e-01 9.82384059937921e+04 
1.08969311300883e-01 9.82411539569237e+04 
1.09127551333840e-01 9.82437900337332e+04 
1.09285789881317e-01 9.82469328191249e+04 
1.09444038098361e-01 9.82507491256097e+04 
1.09602295652034e-01 9.82558646197253e+04 
1.09760571202754e-01 9.82618302250658e+04 
1.09918860237626e-01 9.82686534603677e+04 
1.10077163935311e-01 9.82755394834138e+04 
1.10235466070375e-01 9.82830143618599e+04 
1.10393778278639e-01 9.82913222435318e+04 
1.10552100210612e-01 9.82998527367679e+04 
1.10710439808935e-01 9.83100643911391e+04 
1.10868794039647e-01 9.83209967043573e+04 
1.11027162508276e-01 9.83324267555120e+04 
1.11185529936708e-01 9.83443282867263e+04 
1.11343908808946e-01 9.83564345843287e+04 
1.11502298658406e-01 9.83678556415519e+04 
1.11660706696614e-01 9.83801269336770e+04 
1.11819130594454e-01 9.83932680607935e+04 
1.11977569225890e-01 9.84080948595233e+04 
1.12136007713719e-01 9.84225539372058e+04 
1.12294458656742e-01 9.84365626871725e+04 
1.12452921687527e-01 9.84530247404993e+04 
1.12611404196169e-01 9.84707248801410e+04 
1.12769903381290e-01 9.84896763028837e+04 
1.12928417139805e-01 9.85085162156405e+04 
1.13086929960046e-01 9.85284988287109e+04 
1.13245453667014e-01 9.85492897906153e+04 
1.13403988452640e-01 9.85720307578353e+04 
1.13562541744833e-01 9.85953928218200e+04 
1.13721110646807e-01 9.86193279695070e+04 
1.13879692502366e-01 9.86425529736077e+04 
1.14038272638454e-01 9.86662595409478e+04 
1.14196861609532e-01 9.86903716251903e+04 
1.14355459957815e-01 9.87161941885785e+04 
1.14514075430085e-01 9.87423923347357e+04 
1.14672704996494e-01 9.87689397009864e+04 
1.14831346633460e-01 9.87947388413145e+04 
1.14989985442833e-01 9.88205596797755e+04 
1.15148629933894e-01 9.88468748268031e+04 
1.15307281217462e-01 9.88752542344558e+04 
1.15465947685228e-01 9.89037211078678e+04 
1.15624625299104e-01 9.89325359634248e+04 
1.15783311853913e-01 9.89610737756965e+04 
1.15941992765994e-01 9.89897786348770e+04 
1.16100676134283e-01 9.90187992798044e+04 
1.16259363405128e-01 9.90491434008972e+04 
1.16418062469203e-01 9.90799504757689e+04 
1.16576770953388e-01 9.91111312904960e+04 
1.16735486642097e-01 9.91418077177613e+04 
1.16894195807802e-01 9.91724675210341e+04 
1.17052906101183e-01 9.92030971915048e+04 
1.17211619406306e-01 9.92344739594213e+04 
1.17370343111058e-01 9.92658635896905e+04 
1.17529075714976e-01 9.92973546356873e+04 
1.17687815082263e-01 9.93280163579383e+04 
1.17846548824586e-01 9.93583539692030e+04 
1.18005284838599e-01 9.93884140821532e+04 
1.18164024306002e-01 9.94190510271798e+04 
1.18322773824185e-01 9.94495474009270e+04 
1.18481533043363e-01 9.94800214944850e+04 
1.18640299560154e-01 9.95096765709822e+04 
1.18799062496617e-01 9.95389925640603e+04 
1.18957830225719e-01 9.95681007881307e+04 
1.19116602603563e-01 9.95978267966797e+04 
1.19275384228144e-01 9.96275536665183e+04 
1.19434176078882e-01 9.96574530151168e+04 
1.19592975461919e-01 9.96867188128298e+04 
1.19751773437364e-01 9.97157801918416e+04 
1.19910580338078e-01 9.97448082353504e+04 
1.20069394903420e-01 9.97746157631485e+04 
1.20228220488208e-01 9.98045984851584e+04 
1.20387059322879e-01 9.98348877504635e+04 
1.20545908243977e-01 9.98648464141140e+04 
1.20704758309233e-01 9.98946483221498e+04 
1.20863620926693e-01 9.99245509408239e+04 
1.21022494265935e-01 9.99553440965237e+04 
1.21181381149992e-01 9.99864862051730e+04 
1.21340283901885e-01 1.00018141789359e+05 
1.21499198353851e-01 1.00049810226229e+05 
1.21658114641145e-01 1.00081586255856e+05 
1.21817044320139e-01 1.00113809160571e+05 
1.21975985559576e-01 1.00146862928966e+05 
1.22134940345907e-01 1.00180655353624e+05 
1.22293911386512e-01 1.00215197237575e+05 
1.22452894107471e-01 1.00248890985479e+05 
1.22611878753988e-01 1.00283321375017e+05 
1.22770877559553e-01 1.00318359780598e+05 
1.22929888775342e-01 1.00354792201310e+05 
1.23088914369945e-01 1.00391536512267e+05 
1.23247957536932e-01 1.00428671133728e+05 
1.23407012858985e-01 1.00465445890809e+05 
1.23566070028430e-01 1.00502478023364e+05 
1.23725141274090e-01 1.00539617168650e+05 
1.23884225280974e-01 1.00577386747736e+05 
1.24043323472063e-01 1.00614859778997e+05 
1.24202439155635e-01 1.00651901509439e+05 
1.24361566457849e-01 1.00688345964847e+05 
1.24520695271972e-01 1.00724052928210e+05 
1.24679827925225e-01 1.00758421824219e+05 
1.24838955563387e-01 1.00792330828832e+05 
1.24998088962861e-01 1.00824769245684e+05 
1.25157221994195e-01 1.00855364588410e+05 
1.25316355238052e-01 1.00883980489563e+05 
1.25475475516965e-01 1.00909959455753e+05 
1.25634589480945e-01 1.00932801617677e+05 
1.25793698749878e-01 1.00954505522565e+05 
1.25952812766411e-01 1.00973249462173e+05 
1.26111926788627e-01 1.00989034298000e+05 
1.26271040709757e-01 1.01001400917269e+05 
1.26430142074871e-01 1.01011880393958e+05 
1.26589237802269e-01 1.01019821752517e+05 
1.26748329616470e-01 1.01024085721809e+05 
1.26907426105833e-01 1.01024843521181e+05 
1.27066523413897e-01 1.01023017581053e+05 
1.27225620683068e-01 1.01016492596368e+05 
1.27384706170450e-01 1.01008165877293e+05 
1.27543787650090e-01 1.01000049191652e+05 
1.27702866661129e-01 1.00991815733167e+05 
1.27861951150367e-01 1.00982971492534e+05 
1.28021039004542e-01 1.00973260020526e+05 
1.28180128947671e-01 1.00962380107635e+05 
1.28339209067940e-01 1.00950107223206e+05 
1.28498287656034e-01 1.00936768253536e+05 
1.28657366193925e-01 1.00921866261424e+05 
1.28816452961289e-01 1.00905720228180e+05 
1.28975547316203e-01 1.00887286440545e+05 
1.29134648974135e-01 1.00867823280642e+05 
1.29293744887843e-01 1.00847109865758e+05 
1.29452841169719e-01 1.00824700758858e+05 
1.29611938275231e-01 1.00800568262417e+05 
1.29771042250948e-01 1.00775150534277e+05 
1.29930153221516e-01 1.00747867711967e+05 
1.30089270157077e-01 1.00719763828755e+05 
1.30248380534213e-01 1.00690728545603e+05 
1.30407493892415e-01 1.00660395096267e+05 
1.30566612768042e-01 1.00628524516645e+05 
1.30725744916364e-01 1.00595837567996e+05 
1.30884890859830e-01 1.00561859486029e+05 
1.31044048318850e-01 1.00527774082912e+05 
1.31203203051886e-01 1.00493249182717e+05 
1.31362363152901e-01 1.00458103595287e+05 
1.31521531045330e-01 1.00421681246355e+05 
1.31680714884551e-01 1.00385366912784e+05 
1.31839914692304e-01 1.00348408032931e+05 
1.31999127906852e-01 1.00312219287927e+05 
1.32158339834038e-01 1.00276702398233e+05 
1.32317558072089e-01 1.00240869263469e+05 
1.32476784926847e-01 1.00204589605980e+05 
1.32636028675086e-01 1.00168963606652e+05 
1.32795289298560e-01 1.00133701415778e+05 
1.32954563996791e-01 1.00099009659480e+05 
1.33113838935495e-01 1.00065472497797e+05 
1.33273121507684e-01 1.00032621514263e+05 
1.33432413347346e-01 9.99994917601800e+04 
1.33591722411815e-01 9.99669363294735e+04 
1.33751048788350e-01 9.99345087099240e+04 
1.33910390302610e-01 9.99033424509173e+04 
1.34069734217234e-01 9.98731527686176e+04 
1.34229088018179e-01 9.98433753676806e+04 
1.34388452803740e-01 9.98134746274314e+04 
1.34547836224317e-01 9.97842415414476e+04 
1.34707238517985e-01 9.97553333124242e+04 
1.34866657767120e-01 9.97276904790045e+04 
1.35026081474220e-01 9.97009429379948e+04 
1.35185517537981e-01 9.96748766853352e+04 
1.35344966343772e-01 9.96488839745695e+04 
1.35504435258422e-01 9.96237472261339e+04 
1.35663924152078e-01 9.95992746043753e+04 
1.35823431320181e-01 9.95759002575200e+04 
1.35982945264307e-01 9.95535918941422e+04 
1.36142473922925e-01 9.95322023959530e+04 
1.36302016915680e-01 9.95110498643545e+04 
1.36461580008532e-01 9.94911712575359e+04 
1.36621163266922e-01 9.94718955422776e+04 
1.36780764747593e-01 9.94534471475509e+04 
1.36940373925744e-01 9.94363796855899e+04 
1.37099999066806e-01 9.94209436586775e+04 
1.37259640047944e-01 9.94069288718693e+04 
1.37419301492554e-01 9.93949747228023e+04 
1.37578984671860e-01 9.93839386134358e+04 
1.37738688194703e-01 9.93756908847236e+04 
1.37898402023918e-01 9.93699426081477e+04 
1.38058133913849e-01 9.93663062036164e+04 
1.38217884222773e-01 9.93639398019248e+04 
1.38377657954827e-01 9.93637375647853e+04 
1.38537455491183e-01 9.93639860591175e+04 
1.38697275032855e-01 9.93646513046644e+04 
1.38857105714812e-01 9.93657611895055e+04 
1.39016954590703e-01 9.93679208597983e+04 
1.39176822233406e-01 9.93706932616940e+04 
1.39336712214127e-01 9.93746199125964e+04 
1.39496625894629e-01 9.93793178607746e+04 
1.39656561862744e-01 9.93844626628908e+04 
1.39816510489030e-01 9.93895566945436e+04 
1.39976479692705e-01 9.93956159759434e+04 
1.40136469807264e-01 9.94018782910939e+04 
1.40296484123822e-01 9.94086432216114e+04 
1.40456524431371e-01 9.94153813681734e+04 
1.40616588606145e-01 9.94223312996337e+04 
1.40776667059942e-01 9.94301192573834e+04 
1.40936767593926e-01 9.94385435170115e+04 
1.41096890171504e-01 9.94473758058839e+04 
1.41257027605904e-01 9.94570888568854e+04 
1.41417174684000e-01 9.94678097695931e+04 
1.41577336979894e-01 9.94790229416154e+04 
1.41737509010505e-01 9.94910346817149e+04 
1.41897690392854e-01 9.95039547767917e+04 
1.42057878060659e-01 9.95178973145889e+04 
1.42218069282016e-01 9.95326728806671e+04 
1.42378269966584e-01 9.95483890772892e+04 
1.42538485464516e-01 9.95646061920125e+04 
1.42698711171087e-01 9.95814578117806e+04 
1.42858947107152e-01 9.95988652776133e+04 
1.43019189993302e-01 9.96170617322985e+04 
1.43179436528552e-01 9.96356753553030e+04 
1.43339692297542e-01 9.96548099932565e+04 
1.43499961973772e-01 9.96739848389402e+04 
1.43660242046149e-01 9.96934092674686e+04 
1.43820533744405e-01 9.97131705246981e+04 
1.43980833851135e-01 9.97333963495139e+04 
1.44141138380486e-01 9.97537319718655e+04 
1.44301453903306e-01 9.97741607770718e+04 
1.44461784528842e-01 9.97942619261661e+04 
1.44622127202586e-01 9.98142544581292e+04 
1.44782483591927e-01 9.98342619821337e+04 
1.44942850126944e-01 9.98544324873806e+04 
1.45103222286180e-01 9.98744664522531e+04 
1.45263606578345e-01 9.98943448936113e+04 
1.45424006487249e-01 9.99136819853137e+04 
1.45584419148946e-01 9.99327387613607e+04 
1.45744846628984e-01 9.99516470541344e+04 
1.45905285023325e-01 9.99705443958403e+04 
1.46065729084222e-01 9.99892135262678e+04 
1.46226185800620e-01 1.00007725414159e+05 
1.46386658043981e-01 1.00025731662001e+05 
1.46547143615888e-01 1.00043450529813e+05 
1.46707645445135e-01 1.00060968849992e+05 
1.46868159362262e-01 1.00078313919109e+05 
1.47028679762145e-01 1.00095445319106e+05 
1.47189213753736e-01 1.00112381192169e+05 
1.47349763595700e-01 1.00128949202374e+05 
1.47510327412231e-01 1.00145065109135e+05 
1.47670908540170e-01 1.00160913906566e+05 
1.47831502412145e-01 1.00176574995082e+05 
1.47992103281503e-01 1.00191991588465e+05 
1.48152718045211e-01 1.00207056122660e+05 
1.48313348438341e-01 1.00221459546949e+05 
1.48473992723409e-01 1.00235219565727e+05 
1.48634654370431e-01 1.00248508233573e+05 
1.48795328546632e-01 1.00261201986318e+05 
1.48956009327727e-01 1.00273459422294e+05 
1.49116703564914e-01 1.00285259366701e+05 
1.49277412564196e-01 1.00296358862121e+05 
1.49438134848219e-01 1.00306787023822e+05 
1.49598874257273e-01 1.00316826209829e+05 
1.49759625595573e-01 1.00326123246917e+05 
1.49920382977873e-01 1.00335383560619e+05 
1.50081153343773e-01 1.00343953132920e+05 
1.50241937737470e-01 1.00351732174086e+05 
1.50402734910815e-01 1.00359099714896e+05 
1.50563548947595e-01 1.00366286532225e+05 
1.50724374142032e-01 1.00372992937329e+05 
1.50885204416623e-01 1.00379523946815e+05 
1.51046046911366e-01 1.00385864462168e+05 
1.51206902206388e-01 1.00391995916697e+05 
1.51367769491299e-01 1.00397905591803e+05 
1.51528653130187e-01 1.00403827597392e+05 
1.51689546940362e-01 1.00409546819881e+05 
1.51850444501355e-01 1.00415169506931e+05 
1.52011353654479e-01 1.00420825883001e+05 
1.52172274488961e-01 1.00426958047975e+05 
1.52333206964753e-01 1.00433040245628e+05 
1.52494155527630e-01 1.00439273944754e+05 
1.52655113752359e-01 1.00445062813403e+05 
1.52816074966798e-01 1.00450770762063e+05 
1.52977047243565e-01 1.00456520918136e+05 
1.53138030473608e-01 1.00462278882529e+05 
1.53299025250752e-01 1.00467894348046e+05 
1.53460035859158e-01 1.00473863891047e+05 
1.53621055901188e-01 1.00479226117530e+05 
1.53782078231230e-01 1.00484396705713e+05 
1.53943110776572e-01 1.00489351283702e+05 
1.54104153899919e-01 1.00494408430902e+05 
1.54265208389349e-01 1.00499393036497e+05 
1.54426278677425e-01 1.00504371225205e+05 
1.54587358532237e-01 1.00508909970575e+05 
1.54748441218555e-01 1.00513319947876e+05 
1.54909534762198e-01 1.00517623204767e+05 
1.55070639991629e-01 1.00522195453637e+05 
1.55231757666096e-01 1.00527228822398e+05 
1.55392892035124e-01 1.00531908481296e+05 
1.55554036951101e-01 1.00535647809727e+05 
1.55715186021923e-01 1.00539086124689e+05 
1.55876347173233e-01 1.00542395889839e+05 
1.56037521441839e-01 1.00545847522922e+05 
1.56198709635610e-01 1.00549001768234e+05 
1.56359915533935e-01 1.00551915370275e+05 
1.56521132712258e-01 1.00554193440781e+05 
1.56682354934706e-01 1.00556188218169e+05 
1.56843590120308e-01 1.00558051857922e+05 
1.57004839569645e-01 1.00560062128966e+05 
1.57166104167495e-01 1.00561844009232e+05 
1.57327387262149e-01 1.00563429706673e+05 
1.57488682255258e-01 1.00564273094490e+05 
1.57649982965373e-01 1.00564743181353e+05 
1.57811297169672e-01 1.00564954614397e+05 
1.57972626417576e-01 1.00565368454990e+05 
1.58133971734918e-01 1.00565387981957e+05 
1.58295336161101e-01 1.00564981858269e+05 
1.58456713033450e-01 1.00563535207116e+05 
1.58618095948795e-01 1.00561798731400e+05 
1.58779492302851e-01 1.00559851653337e+05 
1.58940903984113e-01 1.00556957261894e+05 
1.59102332360248e-01 1.00553771964612e+05 
1.59263780305023e-01 1.00550322589544e+05 
1.59425241358332e-01 1.00545502659134e+05 
1.59586709132113e-01 1.00540086277799e+05 
1.59748190627936e-01 1.00534014014052e+05 
1.59909688188557e-01 1.00527496978504e+05 
1.60071203426671e-01 1.00520530711727e+05 
1.60232738854030e-01 1.00513111203440e+05 
1.60394282928794e-01 1.00505058511072e+05 
1.60555821582852e-01 1.00496063976416e+05 
1.60717358694661e-01 1.00486180433849e+05 
1.60878900463142e-01 1.00476614908030e+05 
1.61040449071558e-01 1.00466589720547e+05 
1.61202006689620e-01 1.00456196689387e+05 
1.61363568436881e-01 1.00445171756161e+05 
1.61525125434304e-01 1.00432825980555e+05 
1.61686681330565e-01 1.00420268225424e+05 
1.61848242423052e-01 1.00408008072807e+05 
1.62009811115143e-01 1.00395592455023e+05 
1.62171388866594e-01 1.00382851801395e+05 
1.62332970763637e-01 1.00369314479068e+05 
1.62494547972964e-01 1.00355259459606e+05 
1.62656123656406e-01 1.00340644344128e+05 
1.62817704524367e-01 1.00326530676909e+05 
1.62979293030305e-01 1.00312583709233e+05 
1.63140890210467e-01 1.00298439298286e+05 
1.63302491251936e-01 1.00283307114447e+05 
1.63464087359834e-01 1.00268080772954e+05 
1.63625681709497e-01 1.00252746536866e+05 
1.63787281220532e-01 1.00238010533589e+05 
1.63948888282934e-01 1.00223151323243e+05 
1.64110503676464e-01 1.00208447732533e+05 
1.64272122596553e-01 1.00193244282646e+05 
1.64433735921370e-01 1.00177799427337e+05 
1.64595346963387e-01 1.00162488303686e+05 
1.64756962630388e-01 1.00147825291776e+05 
1.64918585681922e-01 1.00133338526410e+05 
1.65080216751960e-01 1.00119134992036e+05 
1.65241851085631e-01 1.00104489823635e+05 
1.65403479267551e-01 1.00089878877652e+05 
1.65565104851895e-01 1.00075397916310e+05 
1.65726735021758e-01 1.00061728877260e+05 
1.65888373043415e-01 1.00048441715236e+05 
1.66050019391276e-01 1.00035414882246e+05 
1.66211669331292e-01 1.00022120808904e+05 
1.66373313547526e-01 1.00009073424695e+05 
1.66534955375720e-01 9.99962706388429e+04 
1.66696602175594e-01 9.99843556360868e+04 
1.66858257237798e-01 9.99729402474083e+04 
1.67019920850202e-01 9.99618711757592e+04 
1.67181588209298e-01 9.99506611155581e+04 
1.67343249890002e-01 9.99393978682367e+04 
1.67504909032281e-01 9.99283722544306e+04 
1.67666573028353e-01 9.99183587504514e+04 
1.67828245465895e-01 9.99090361639285e+04 
1.67989926512598e-01 9.99002679339249e+04 
1.68151611277800e-01 9.98917313976421e+04 
1.68313290268036e-01 9.98837212543137e+04 
1.68474966481634e-01 9.98763364634871e+04 
1.68636647351834e-01 9.98700141016768e+04 
1.68798336792153e-01 9.98645747689219e+04 
1.68960035022939e-01 9.98595153591835e+04 
1.69121737103926e-01 9.98547106695927e+04 
1.69283433600881e-01 9.98501392759104e+04 
1.69445127529542e-01 9.98459182725680e+04 
1.69606826354129e-01 9.98423072442162e+04 
1.69768534094155e-01 9.98391920196440e+04 
1.69930251068299e-01 9.98362980133056e+04 
1.70091972228984e-01 9.98332302984783e+04 
1.70253688167971e-01 9.98303620211318e+04 
1.70415402014066e-01 9.98274933753716e+04 
1.70577121076779e-01 9.98255404952644e+04 
1.70738849482276e-01 9.98236567553586e+04 
1.70900587633223e-01 9.98216506877451e+04 
1.71062330272683e-01 9.98192424493547e+04 
1.71224067803460e-01 9.98168401351410e+04 
1.71385803556215e-01 9.98147471413653e+04 
1.71547544747161e-01 9.98131705387075e+04 
1.71709295724041e-01 9.98116530256134e+04 
1.71871057013289e-01 9.98103673810353e+04 
1.72032823250657e-01 9.98089934369784e+04 
1.72194584664214e-01 9.98077967125272e+04 
1.72356344737828e-01 9.98068581052822e+04 
1.72518110673953e-01 9.98063845706557e+04 
1.72679887034997e-01 9.98060331869613e+04 
1.72841674481636e-01 9.98058357913034e+04 
1.73003467599451e-01 9.98055762934803e+04 
1.73165256160703e-01 9.98054066851632e+04 
1.73327043961038e-01 9.98053551293526e+04 
1.73488838122731e-01 9.98056265953136e+04 
1.73650643292439e-01 9.98060174784079e+04 
1.73812460230221e-01 9.98062838876746e+04 
1.73974283448626e-01 9.98063813940264e+04 
1.74136102080598e-01 9.98063803977775e+04 
1.74297920332815e-01 9.98062564817517e+04 
1.74459745146874e-01 9.98061366364870e+04 
1.74621581322759e-01 9.98060430583005e+04 
1.74783429775847e-01 9.98060268038870e+04 
1.74945285024604e-01 9.98054001350084e+04 
1.75107135732823e-01 9.98043562365200e+04 
1.75268986623141e-01 9.98030970505955e+04 
1.75430844440509e-01 9.98015194133814e+04 
1.75592714074166e-01 9.97996653496115e+04 
1.75754596729434e-01 9.97976430666517e+04 
1.75916486936285e-01 9.97952267287197e+04 
1.76078372976231e-01 9.97926699296690e+04 
1.76240260020147e-01 9.97902321933303e+04 
1.76402154571149e-01 9.97877736313712e+04 
1.76564061663191e-01 9.97852658452186e+04 
1.76725982842128e-01 9.97828439086371e+04 
1.76887912633375e-01 9.97803177413549e+04 
1.77049838833962e-01 9.97776811581261e+04 
1.77211766952200e-01 9.97749191504905e+04 
1.77373703160050e-01 9.97720980070091e+04 
1.77535652606751e-01 9.97691490780029e+04 
1.77697617105281e-01 9.97660832008628e+04 
1.77859591164651e-01 9.97627034566882e+04 
1.78021562259955e-01 9.97590925829426e+04 
1.78183536237996e-01 9.97552594286390e+04 
1.78345519037946e-01 9.97513479531114e+04 
1.78507515947392e-01 9.97472728978039e+04 
1.78669529101110e-01 9.97430536471428e+04 
1.78831552918931e-01 9.97386043802520e+04 
1.78993574458196e-01 9.97339961621054e+04 
1.79155599973482e-01 9.97292651972332e+04 
1.79317635134887e-01 9.97244618167885e+04 
1.79479685429215e-01 9.97195307745482e+04 
1.79641753204531e-01 9.97144426296420e+04 
1.79803832869935e-01 9.97091174131060e+04 
1.79965911357929e-01 9.97037238129784e+04 
1.80127995088510e-01 9.96983761299619e+04 
1.80290089655838e-01 9.96929062784395e+04 
1.80452200584157e-01 9.96873890883174e+04 
1.80614330396283e-01 9.96819126623871e+04 
1.80776473500748e-01 9.96764562643120e+04 
1.80938616831150e-01 9.96710216317288e+04 
1.81100766970375e-01 9.96656921122362e+04 
1.81262929414403e-01 9.96605091066238e+04 
1.81425109679764e-01 9.96554985367120e+04 
1.81587310449108e-01 9.96506960649400e+04 
1.81749526170353e-01 9.96460157253676e+04 
1.81911743895956e-01 9.96415712558872e+04 
1.82073970370680e-01 9.96373346650389e+04 
1.82236210941763e-01 9.96333902797734e+04 
1.82398471103226e-01 9.96296960298690e+04 
1.82560753708217e-01 9.96263214132165e+04 
1.82723053252666e-01 9.96231933060856e+04 
1.82885356893906e-01 9.96204498013609e+04 
1.83047671464086e-01 9.96181447521586e+04 
1.83210002072562e-01 9.96163177151315e+04 
1.83372354133335e-01 9.96150265761150e+04 
1.83534730658579e-01 9.96142300838433e+04 
1.83697126233199e-01 9.96138168754419e+04 
1.83859528189839e-01 9.96139442785586e+04 
1.84021943368130e-01 9.96145048307958e+04 
1.84184376559352e-01 9.96155880505130e+04 
1.84346832991468e-01 9.96173370143505e+04 
1.84509315787938e-01 9.96196260850796e+04 
1.84671819692145e-01 9.96219346142555e+04 
1.84834332467946e-01 9.96252182438557e+04 
1.84996860683511e-01 9.96292457932878e+04 
1.85159408940073e-01 9.96339177857791e+04 
1.85321982256301e-01 9.96392943828915e+04 
1.85484583871886e-01 9.96450051888863e+04 
1.85647208964339e-01 9.96513462748426e+04 
1.85809845614715e-01 9.96578619745320e+04 
1.85972500233067e-01 9.96645058317580e+04 
1.86135177062851e-01 9.96712489890125e+04 
1.86297880887991e-01 9.96782394847827e+04 
1.86460614981068e-01 9.96854563367659e+04 
1.86623374848469e-01 9.96931794387803e+04 
1.86786148854361e-01 9.97011508755729e+04 
1.86948943276942e-01 9.97093845930201e+04 
1.87111762045011e-01 9.97176756652339e+04 
1.87274609791935e-01 9.97262305576538e+04 
1.87437489847689e-01 9.97350599139898e+04 
1.87600398023752e-01 9.97443071365849e+04 
1.87763323277981e-01 9.97538138087818e+04 
1.87926271643940e-01 9.97634996858185e+04 
1.88089246811738e-01 9.97734424068436e+04 
1.88252253096376e-01 9.97835627756552e+04 
1.88415293791615e-01 9.97940324184380e+04 
1.88578365002139e-01 9.98049734709578e+04 
1.88741456432125e-01 9.98163500649493e+04 
1.88904573675930e-01 9.98281602071356e+04 
1.89067720110759e-01 9.98401302001690e+04 
1.89230899623932e-01 9.98525290509584e+04 
1.89394115434648e-01 9.98653575630834e+04 
1.89557363826973e-01 9.98789845775292e+04 
1.89720635124508e-01 9.98929380743233e+04 
1.89883934529223e-01 9.99073766806174e+04 
1.90047265090138e-01 9.99216226889702e+04 
1.90210630383236e-01 9.99365926365281e+04 
1.90374033499591e-01 9.99522659321921e+04 
1.90537470882810e-01 9.99689834327698e+04 
1.90700933231647e-01 9.99863557986393e+04 
1.90864425469585e-01 1.00004591465326e+05 
1.91027939434118e-01 1.00023124112705e+05 
1.91191471718806e-01 1.00042206371818e+05 
1.91355022280899e-01 1.00061711802652e+05 
1.91518590343823e-01 1.00081828815197e+05 
1.91682173141495e-01 1.00102286006840e+05 
1.91845767485670e-01 1.00122907448083e+05 
1.92009379784564e-01 1.00143476132664e+05 
1.92173011788924e-01 1.00164165633906e+05 
1.92336663449912e-01 1.00184725556262e+05 
1.92500333762197e-01 1.00205407482428e+05 
1.92664020261446e-01 1.00225755804978e+05 
1.92827719911184e-01 1.00245527453354e+05 
1.92991438856905e-01 1.00264813688648e+05 
1.93155178871444e-01 1.00283798471593e+05 
1.93318939897460e-01 1.00302268161949e+05 
1.93482720694088e-01 1.00320218102392e+05 
1.93646518820985e-01 1.00337436789293e+05 
1.93810331322785e-01 1.00353916746992e+05 
1.93974164126936e-01 1.00369483413723e+05 
1.94138019232329e-01 1.00383969770791e+05 
1.94301896609464e-01 1.00397570392779e+05 
1.94465795025925e-01 1.00410372900498e+05 
1.94629711792374e-01 1.00422274981654e+05 
1.94793644155134e-01 1.00433233047248e+05 
1.94957598069109e-01 1.00443022974646e+05 
1.95121575987738e-01 1.00451569403884e+05 
1.95285577939464e-01 1.00459105995266e+05 
1.95449602797161e-01 1.00465486333337e+05 
1.95613647546256e-01 1.00470530137701e+05 
1.95777709637618e-01 1.00474196596314e+05 
1.95941795024457e-01 1.00476346376811e+05 
1.96105906570633e-01 1.00477319151092e+05 
1.96270044374281e-01 1.00477213336843e+05 
1.96434207300202e-01 1.00476162239003e+05 
1.96598392233447e-01 1.00473720277509e+05 
1.96762596895490e-01 1.00470182415952e+05 
1.96926827085504e-01 1.00464434775361e+05 
1.97091085775804e-01 1.00458694421366e+05 
1.97255373281123e-01 1.00452957880916e+05 
1.97419688394044e-01 1.00447127570708e+05 
1.97584028106522e-01 1.00441544866953e+05 
1.97748390330136e-01 1.00435982134994e+05 
1.97912780578312e-01 1.00430237882829e+05 
1.98077201734275e-01 1.00424451775865e+05 
1.98241654375883e-01 1.00418610494778e+05 
1.98406137232651e-01 1.00412464152954e+05 
1.98570647354869e-01 1.00406162340057e+05 
1.98735182849614e-01 1.00399608784552e+05 
1.98899748834625e-01 1.00392815101649e+05 
1.99064348031326e-01 1.00385644254550e+05 
1.99228981345152e-01 1.00378092993161e+05 
1.99393647450595e-01 1.00369833913986e+05 
1.99558343282285e-01 1.00360937466273e+05 
1.99723067054173e-01 1.00351546048050e+05 
1.99887823373859e-01 1.00341915434924e+05 
2.00052614836727e-01 1.00331887283368e+05 
2.00217442716723e-01 1.00321584923182e+05 
