# Liste des scalaires : TEMPS pmat 
0.00000000000000e+00 1.00000000000000e+05 
7.22956891292051e-05 1.00000000000000e+05 
1.29230180235873e-04 1.00000000000000e+05 
1.86817756304512e-04 1.00000000000000e+05 
2.45522428584626e-04 1.00000000000000e+05 
3.04973407086002e-04 1.00000000000000e+05 
3.66329620243439e-04 1.00000000000000e+05 
4.27085563250696e-04 1.00000000000000e+05 
4.89115538205492e-04 1.00000000000000e+05 
5.50689887204266e-04 1.00000000000000e+05 
6.13309482902145e-04 1.00000000000000e+05 
6.77522330768136e-04 1.00000000000000e+05 
7.48156463420725e-04 1.00000000000000e+05 
8.22544608804323e-04 1.00000000000000e+05 
8.98237703901302e-04 1.00000000000000e+05 
9.77065028577363e-04 1.00000000000000e+05 
1.05778195538040e-03 1.00000000000000e+05 
1.13702068438330e-03 1.00000000000000e+05 
1.21778327935223e-03 1.00000000000000e+05 
1.29928430669241e-03 1.00000000000000e+05 
1.38176176067564e-03 1.00000000000000e+05 
1.46579021302486e-03 1.00000000000000e+05 
1.55141274248353e-03 1.00000000000000e+05 
1.63890992127519e-03 1.00000000000000e+05 
1.72829558465223e-03 1.00000000000000e+05 
1.81909710028191e-03 1.00000000000000e+05 
1.91108950637003e-03 1.00000000000000e+05 
2.00436489198954e-03 1.00000000000000e+05 
2.09921564919955e-03 1.00000000000000e+05 
2.19567859434203e-03 1.00000000000000e+05 
2.29391324817925e-03 1.00000000000000e+05 
2.39412285991272e-03 1.00000000000000e+05 
2.50266133190883e-03 1.00000000000000e+05 
2.61270653473922e-03 1.00000000000000e+05 
2.72461022417517e-03 1.00000000000000e+05 
2.83852391361794e-03 1.00000000000000e+05 
2.95485459355147e-03 1.00000000000000e+05 
3.07343869465674e-03 1.00000000000000e+05 
3.19374145004776e-03 1.00000000000000e+05 
3.31566297208145e-03 1.00000000000000e+05 
3.43977645715925e-03 1.00000000000000e+05 
3.56589247940044e-03 1.00000000000000e+05 
3.69386426505186e-03 1.00000000000000e+05 
3.82305861685510e-03 1.00000000000000e+05 
3.95255992495871e-03 1.00000000000000e+05 
4.08146785804017e-03 1.00000000000000e+05 
4.21109986842191e-03 1.00000000000000e+05 
4.34138681219285e-03 1.00000000000000e+05 
4.47033341679759e-03 1.00000000000000e+05 
4.60093955495123e-03 1.00000000000000e+05 
4.73079191738722e-03 1.00000000000000e+05 
4.86004966914905e-03 1.00000000000000e+05 
4.99027456293904e-03 1.00000000000000e+05 
5.12147833206838e-03 1.00000000000000e+05 
5.25145548188995e-03 1.00000000000000e+05 
5.38318842859960e-03 1.00000000000000e+05 
5.51420046131062e-03 1.00000000000000e+05 
5.64471087101322e-03 1.00000000000000e+05 
5.77492424598270e-03 1.00000000000000e+05 
5.90435041100363e-03 1.00000000000000e+05 
6.03281452144807e-03 1.00000000000000e+05 
6.16051975206846e-03 1.00000000000000e+05 
6.28764183356074e-03 1.00000000000000e+05 
6.41442977061466e-03 1.00000000000000e+05 
6.54077058841476e-03 1.00000000000000e+05 
6.66703150877492e-03 1.00000000000000e+05 
6.79324510052956e-03 1.00000000000000e+05 
6.91948273572590e-03 1.00000000000000e+05 
7.04577839601640e-03 1.00000000000000e+05 
7.17226963487497e-03 1.00000000000000e+05 
7.29881574251725e-03 1.00000000000000e+05 
7.42559339727534e-03 1.00000000000000e+05 
7.55262985091315e-03 1.00000000000000e+05 
7.67990617328861e-03 1.00000000000000e+05 
7.80740963382678e-03 1.00000000000000e+05 
7.93529137287275e-03 1.00000000000000e+05 
8.06345045204211e-03 1.00000000000000e+05 
8.19194045659427e-03 1.00000000000000e+05 
8.32085751265198e-03 1.00000000000000e+05 
8.44982101926283e-03 1.00000000000000e+05 
8.58071666831398e-03 1.00000000000000e+05 
8.71066080449258e-03 1.00000000000000e+05 
8.84080425466622e-03 1.00000000000000e+05 
8.97297917554080e-03 1.00000000000000e+05 
9.10305005332149e-03 1.00000000000000e+05 
9.23314806705376e-03 1.00000000000000e+05 
9.36337775253830e-03 1.00000000000000e+05 
9.49356653656207e-03 1.00000000000000e+05 
9.62397540481871e-03 1.00000000000000e+05 
9.75459611930812e-03 1.00000000000000e+05 
9.88528823218476e-03 1.00000000000000e+05 
1.00164749226102e-02 1.00000000000000e+05 
1.01479681164052e-02 1.00000000000000e+05 
1.02796361189634e-02 1.00000000000000e+05 
1.04114952388577e-02 1.00000000000000e+05 
1.05434678467180e-02 1.00000000000000e+05 
1.06754731052461e-02 1.00000000000000e+05 
1.08077087020270e-02 1.00000000000000e+05 
1.09400361914558e-02 1.00000000000000e+05 
1.10728465010689e-02 1.00000000000000e+05 
1.12058260883066e-02 1.00000000000000e+05 
1.13388466434023e-02 1.00000000000000e+05 
1.14719345462496e-02 1.00000000000000e+05 
1.16052949328797e-02 1.00000000000000e+05 
1.17387253836616e-02 1.00000000000000e+05 
1.18722959256527e-02 1.00000000000000e+05 
1.20063004338029e-02 1.00000000000000e+05 
1.21409024777621e-02 1.00000000000000e+05 
1.22726175136655e-02 1.00000000000000e+05 
1.24043778058448e-02 1.00000000000000e+05 
1.25361973783367e-02 1.00000000000000e+05 
1.26680683070006e-02 1.00000000000000e+05 
1.27999767442786e-02 1.00000000000000e+05 
1.29319221713180e-02 1.00000000000000e+05 
1.30639227094213e-02 1.00000000000000e+05 
1.31959688132899e-02 1.00000000000000e+05 
1.33280808416808e-02 1.00000000000000e+05 
1.34602521227730e-02 1.00000000000000e+05 
1.35924653161717e-02 1.00000000000000e+05 
1.37247234610230e-02 1.00000000000000e+05 
1.38570543143425e-02 1.00000000000000e+05 
1.39894415352770e-02 1.00000000000000e+05 
1.41219150807066e-02 1.00000000000000e+05 
1.42544666167350e-02 1.00000000000000e+05 
1.43870757079189e-02 1.00000000000000e+05 
1.45197488675703e-02 1.00000000000000e+05 
1.46525348970411e-02 1.00000000000000e+05 
1.47854111146357e-02 1.00000000000000e+05 
1.49184281671946e-02 1.00000000000000e+05 
1.50515738920614e-02 1.00000000000000e+05 
1.51845864756197e-02 1.00000000000000e+05 
1.53178822193750e-02 1.00000000000000e+05 
1.54514234218962e-02 1.00000000000000e+05 
1.55851074098817e-02 1.00000000000000e+05 
1.57189521483575e-02 1.00000000000000e+05 
1.58533150337322e-02 1.00000000000000e+05 
1.59877805766785e-02 1.00000000000000e+05 
1.61226783548979e-02 1.00000000000000e+05 
1.62529557934556e-02 1.00000000000000e+05 
1.63831917145185e-02 1.00000000000000e+05 
1.65133761100539e-02 1.00000000000000e+05 
1.66435108076729e-02 1.00000000000000e+05 
1.67735906962485e-02 1.00000000000000e+05 
1.69036462629604e-02 1.00000000000000e+05 
1.70336599171114e-02 1.00000000000000e+05 
1.71636336437038e-02 1.00000000000000e+05 
1.72935435565899e-02 1.00000000000000e+05 
1.74234089572450e-02 1.00000000000000e+05 
1.75531998821030e-02 1.00000000000000e+05 
1.76829561953402e-02 1.00000000000000e+05 
1.78127231968030e-02 1.00000000000000e+05 
1.79424624936149e-02 1.00000000000000e+05 
1.80721704244369e-02 1.00000000000000e+05 
1.82018944777808e-02 1.00000000000000e+05 
1.83315212464997e-02 1.00000000000000e+05 
1.84611111949258e-02 1.00000000000000e+05 
1.85906959361631e-02 1.00000000000000e+05 
1.87202096933064e-02 1.00000000000000e+05 
1.88496756918908e-02 1.00000000000000e+05 
1.89791967849788e-02 1.00000000000000e+05 
1.91086752370751e-02 1.00000000000000e+05 
1.92382989592902e-02 1.00000000000000e+05 
1.93681441238169e-02 1.00000000000000e+05 
1.94981345745697e-02 1.00000000000000e+05 
1.96282267208652e-02 1.00000000000000e+05 
1.97585374617019e-02 1.00000000000000e+05 
1.98889140317807e-02 1.00000000000000e+05 
2.00195494518695e-02 1.00000000000000e+05 
2.01504611891447e-02 1.00000000000000e+05 
2.02814977020993e-02 1.00000000000000e+05 
2.04125623878699e-02 1.00000000000000e+05 
2.05432771350736e-02 1.00000000000000e+05 
2.06736793440775e-02 1.00000000000000e+05 
2.08037855042502e-02 1.00000000000000e+05 
2.09339199392389e-02 1.00000000000000e+05 
2.10635327338767e-02 1.00000000000000e+05 
2.11932755745788e-02 1.00000000000000e+05 
2.13207537179989e-02 1.00000000000000e+05 
2.14481178303496e-02 1.00000000000000e+05 
2.15753223474626e-02 1.00000000000000e+05 
2.17024949959949e-02 1.00000000000000e+05 
2.18295755993962e-02 1.00000000000000e+05 
2.19566910011191e-02 1.00000000000000e+05 
2.20836775470703e-02 1.00000000000000e+05 
2.22106488760504e-02 1.00000000000000e+05 
2.23375757590891e-02 1.00000000000000e+05 
2.24645503274420e-02 1.00000000000000e+05 
2.25915155604234e-02 1.00000000000000e+05 
2.27185489892641e-02 1.00000000000000e+05 
2.28455104481636e-02 1.00000000000000e+05 
2.29724962648585e-02 1.00000000000000e+05 
2.30994849728174e-02 1.00000000000000e+05 
2.32265560531725e-02 1.00000000000000e+05 
2.33536580868663e-02 1.00000000000000e+05 
2.34808608743837e-02 1.00000000000000e+05 
2.36080290266023e-02 1.00000000000000e+05 
2.37352559335701e-02 1.00000000000000e+05 
2.38625259436644e-02 1.00000000000000e+05 
2.39899144455179e-02 1.00000000000000e+05 
2.41173787868995e-02 1.00000000000000e+05 
2.42449755700614e-02 1.00000000000000e+05 
2.43725676629133e-02 1.00000000000000e+05 
2.45002744894902e-02 1.00000000000000e+05 
2.46279162201615e-02 1.00000000000000e+05 
2.47546559236624e-02 1.00000000000000e+05 
2.48824450583937e-02 1.00000000000000e+05 
2.50102772303658e-02 1.00000000000000e+05 
2.51375876025735e-02 1.00000000000000e+05 
2.52644167858320e-02 1.00000000000000e+05 
2.53912101650184e-02 1.00000000000000e+05 
2.55180220478118e-02 1.00000000000000e+05 
2.56449028537297e-02 1.00000000000000e+05 
2.57718764756128e-02 1.00000000000000e+05 
2.58987201281324e-02 1.00000000000000e+05 
2.60256683347949e-02 1.00000000000000e+05 
2.61525714700257e-02 1.00000000000000e+05 
2.62795134655704e-02 1.00000000000000e+05 
2.64065516398389e-02 1.00000000000000e+05 
2.65337120618960e-02 1.00000000000000e+05 
2.66607710898099e-02 1.00000000000000e+05 
2.67879588712242e-02 1.00000000000000e+05 
2.69151824340406e-02 1.00000000000000e+05 
2.70424732787376e-02 1.00000000000000e+05 
2.71699019646983e-02 1.00000000000000e+05 
2.72974654492260e-02 1.00000000000000e+05 
2.74249364720859e-02 1.00000000000000e+05 
2.75525275857398e-02 1.00000000000000e+05 
2.76801428751604e-02 1.00000000000000e+05 
2.78078135216428e-02 1.00000000000000e+05 
2.79356051098905e-02 1.00000000000000e+05 
2.80635382976107e-02 1.00000000000000e+05 
2.81913703470535e-02 1.00000000000000e+05 
2.83192924346795e-02 1.00000000000000e+05 
2.84471925403443e-02 1.00000000000000e+05 
2.85751230330369e-02 1.00000000000000e+05 
2.87031600481577e-02 1.00000000000000e+05 
2.88313287891215e-02 1.00000000000000e+05 
2.89594576843722e-02 1.00000000000000e+05 
2.90877351686702e-02 1.00000000000000e+05 
2.92160953497358e-02 1.00000000000000e+05 
2.93445517462058e-02 1.00000000000000e+05 
2.94731729327493e-02 1.00000000000000e+05 
2.96019454026779e-02 1.00000000000000e+05 
2.97306379806670e-02 1.00000000000000e+05 
2.98592897205871e-02 1.00000000000000e+05 
2.99878831115824e-02 1.00000000000000e+05 
3.01164126301843e-02 1.00000000000000e+05 
3.02448993133645e-02 1.00000000000000e+05 
3.03733049928213e-02 1.00000000000000e+05 
3.05016675108906e-02 1.00000000000000e+05 
3.06299497999683e-02 1.00000000000000e+05 
3.07581699932630e-02 1.00000000000000e+05 
3.08863070936424e-02 1.00000000000000e+05 
3.10143777015338e-02 1.00000000000000e+05 
3.11422998052430e-02 1.00000000000000e+05 
3.12701494528547e-02 1.00000000000000e+05 
3.13978176835353e-02 1.00000000000000e+05 
3.15254669651394e-02 1.00000000000000e+05 
3.16530109770123e-02 1.00000000000000e+05 
3.17804929581681e-02 1.00000000000000e+05 
3.19078103045167e-02 1.00000000000000e+05 
3.20351632066085e-02 1.00000000000000e+05 
3.21621950415905e-02 1.00000000000000e+05 
3.22891345210644e-02 1.00000000000000e+05 
3.24161075120814e-02 1.00000000000000e+05 
3.25430741581468e-02 1.00000000000000e+05 
3.26699331761236e-02 1.00000000000000e+05 
3.27970312776229e-02 1.00000000000000e+05 
3.29241508436264e-02 1.00000000000000e+05 
3.30516052173394e-02 1.00000000000000e+05 
3.31795768974048e-02 1.00000000000000e+05 
3.33080461953848e-02 1.00000000000000e+05 
3.34367641006955e-02 1.00000000000000e+05 
3.35653811248880e-02 1.00000000000000e+05 
3.36924606296106e-02 1.00000000000000e+05 
3.38196169859390e-02 1.00000000000000e+05 
3.39467717606074e-02 1.00000000000000e+05 
3.40738619401510e-02 1.00000000000000e+05 
3.42007923528370e-02 1.00000000000000e+05 
3.43277447225422e-02 1.00000000000000e+05 
3.44545709530568e-02 1.00000000000000e+05 
3.45813312846420e-02 1.00000000000000e+05 
3.47079668633605e-02 1.00000000000000e+05 
3.48343898695770e-02 1.00000000000000e+05 
3.49606145147714e-02 1.00000000000000e+05 
3.50869756951636e-02 1.00000000000000e+05 
3.52134242522291e-02 1.00000000000000e+05 
3.53400982146724e-02 1.00000000000000e+05 
3.54670465071642e-02 1.00000000000000e+05 
3.55942206491722e-02 1.00000000000000e+05 
3.57216223013726e-02 1.00000000000000e+05 
3.58491392195015e-02 1.00000000000000e+05 
3.59766837935766e-02 1.00000000000000e+05 
3.61042377639925e-02 1.00000000000000e+05 
3.62320218147447e-02 1.00000000000000e+05 
3.63598312784719e-02 1.00000000000000e+05 
3.64878840654253e-02 1.00000000000000e+05 
3.66161565526948e-02 1.00000000000000e+05 
3.67445678629827e-02 1.00000000000000e+05 
3.68730442576784e-02 1.00000000000000e+05 
3.70018413179433e-02 1.00000000000000e+05 
3.71311762425685e-02 1.00000000000000e+05 
3.72609985247761e-02 1.00000000000000e+05 
3.73908585356884e-02 1.00000000000000e+05 
3.75207751543826e-02 1.00000000000000e+05 
3.76505097395260e-02 1.00000000000000e+05 
3.77804483840231e-02 1.00000000000000e+05 
3.79102038622073e-02 1.00000000000000e+05 
3.80399617385947e-02 1.00000000000000e+05 
3.81697199099739e-02 1.00000000000000e+05 
3.82996230732160e-02 1.00000000000000e+05 
3.84293051973540e-02 1.00000000000000e+05 
3.85591091771548e-02 1.00000000000000e+05 
3.86886485806802e-02 1.00000000000000e+05 
3.88174534244780e-02 1.00000000000000e+05 
3.89464367615604e-02 1.00000000000000e+05 
3.90755281732021e-02 1.00000000000000e+05 
3.92046467232472e-02 1.00000000000000e+05 
3.93338501493052e-02 1.00000000000000e+05 
3.94628786073067e-02 1.00000000000000e+05 
3.95920415483868e-02 1.00000000000000e+05 
3.97212332608479e-02 1.00000000000000e+05 
3.98503858474470e-02 1.00000000000000e+05 
3.99794461570216e-02 1.00000000000000e+05 
4.01085599277662e-02 1.00000000000000e+05 
4.02375910448383e-02 1.00000000000000e+05 
4.03667434604604e-02 1.00000000000000e+05 
4.04959617084539e-02 1.00000000000000e+05 
4.06252308842684e-02 1.00000000000000e+05 
4.07544903267672e-02 1.00000000000000e+05 
4.08839368558205e-02 1.00000000000000e+05 
4.10135569691226e-02 1.00000000000000e+05 
4.11435164706016e-02 1.00000000000000e+05 
4.12737347569139e-02 1.00000000000000e+05 
4.14041474182671e-02 1.00000000000000e+05 
4.15349388536390e-02 1.00000000000000e+05 
4.16660801961375e-02 1.00000000000000e+05 
4.17973028908911e-02 1.00000000000000e+05 
4.19271172525206e-02 1.00000000000000e+05 
4.20567773949363e-02 1.00000000000000e+05 
4.21863494315273e-02 1.00000000000000e+05 
4.23159587049870e-02 1.00000000000000e+05 
4.24457762270369e-02 1.00000000000000e+05 
4.25755242377853e-02 1.00000000000000e+05 
4.27052913486434e-02 1.00000000000000e+05 
4.28349701820795e-02 1.00000000000000e+05 
4.29645946206768e-02 1.00000000000000e+05 
4.30941447619716e-02 1.00000000000000e+05 
4.32236866557932e-02 1.00000000000000e+05 
4.33530585133049e-02 1.00000000000000e+05 
4.34826240808057e-02 1.00000000000000e+05 
4.36124855656285e-02 1.00000000000000e+05 
4.37426494517868e-02 1.00000000000000e+05 
4.38731456673521e-02 1.00000000000000e+05 
4.40039897782615e-02 1.00000000000000e+05 
4.41349642490086e-02 1.00000000000000e+05 
4.42660546994244e-02 1.00000000000000e+05 
4.43972119148386e-02 1.00000000000000e+05 
4.45266820079447e-02 1.00000000000000e+05 
4.46569144012542e-02 1.00000000000000e+05 
4.47876494201786e-02 1.00000000000000e+05 
4.49168178014304e-02 1.00000000000000e+05 
4.50460943868922e-02 1.00000000000000e+05 
4.51753817441898e-02 1.00000000000000e+05 
4.53048917599403e-02 1.00000000000000e+05 
4.54343417453059e-02 1.00000000000000e+05 
4.55638780767252e-02 1.00000000000000e+05 
4.56934913992318e-02 1.00000000000000e+05 
4.58234694046915e-02 1.00000000000000e+05 
4.59538192937585e-02 1.00000000000000e+05 
4.60845142261197e-02 1.00000000000000e+05 
4.62155634340279e-02 1.00000000000000e+05 
4.63469857108713e-02 1.00000000000000e+05 
4.64787218698031e-02 1.00000000000000e+05 
4.66107902628972e-02 1.00000000000000e+05 
4.67430837954999e-02 1.00000000000000e+05 
4.68755149083665e-02 1.00000000000000e+05 
4.70080706959954e-02 1.00000000000000e+05 
4.71407711867333e-02 1.00000000000000e+05 
4.72736466376785e-02 1.00000000000000e+05 
4.74068217171036e-02 1.00000000000000e+05 
4.75402837531308e-02 1.00000000000000e+05 
4.76741221768812e-02 1.00000000000000e+05 
4.78084926818138e-02 1.00000000000000e+05 
4.79428148514470e-02 1.00000000000000e+05 
4.80771414032859e-02 1.00000000000000e+05 
4.82115440949541e-02 1.00000000000000e+05 
4.83460709049003e-02 1.00000000000000e+05 
4.84809016394561e-02 1.00000000000000e+05 
4.86162000626700e-02 1.00000000000000e+05 
4.87521803982089e-02 1.00000000000000e+05 
4.88884030911066e-02 1.00000000000000e+05 
4.90246773781571e-02 1.00000000000000e+05 
4.91609370593185e-02 1.00000000001272e+05 
4.92968879576661e-02 1.00000000010312e+05 
4.94333850071138e-02 1.00000000035419e+05 
4.95701243556953e-02 1.00000000081165e+05 
4.97069671157057e-02 1.00000000149424e+05 
4.98440126204792e-02 1.00000000362516e+05 
4.99810144619065e-02 1.00000000614138e+05 
5.01180008887232e-02 1.00000001011331e+05 
5.02549860734721e-02 1.00000001429145e+05 
5.03920673868919e-02 1.00000001890907e+05 
5.05293864070709e-02 1.00000002391904e+05 
5.06670802879015e-02 1.00000002938006e+05 
5.08052280978416e-02 1.00000003427914e+05 
5.09434804486751e-02 1.00000003953805e+05 
5.10812022770545e-02 1.00000004442765e+05 
5.12203728332377e-02 1.00000005012574e+05 
5.13595762566967e-02 1.00000005697962e+05 
5.14972894138758e-02 1.00000006502905e+05 
5.16366656870770e-02 1.00000007491248e+05 
5.17757325964977e-02 1.00000008622788e+05 
5.19152772453240e-02 1.00000009967504e+05 
5.20548935646852e-02 1.00000011717703e+05 
5.21946330700803e-02 1.00000013971729e+05 
5.23329399099087e-02 1.00000016693405e+05 
5.24720560157279e-02 1.00000020260882e+05 
5.26108866876663e-02 1.00000025261458e+05 
5.27508194562106e-02 1.00000032083292e+05 
5.28909259967396e-02 1.00000041308566e+05 
5.30311869847894e-02 1.00000053410434e+05 
5.31686243026453e-02 1.00000068642936e+05 
5.33097585556359e-02 1.00000088522260e+05 
5.34471047805692e-02 1.00000112617142e+05 
5.35885991899208e-02 1.00000143202524e+05 
5.37308715137905e-02 1.00000180529553e+05 
5.38735523280256e-02 1.00000225581215e+05 
5.40135026789311e-02 1.00000278021961e+05 
5.41529257704756e-02 1.00000339869167e+05 
5.42901534020863e-02 1.00000410863856e+05 
5.44297058649409e-02 1.00000494634206e+05 
5.45721194030441e-02 1.00000593697430e+05 
5.47151010487999e-02 1.00000708243795e+05 
5.48542070144435e-02 1.00000835226242e+05 
5.49959278103020e-02 1.00000982223982e+05 
5.51363711336567e-02 1.00001146330055e+05 
5.52814057811677e-02 1.00001336676545e+05 
5.54264265544331e-02 1.00001549888244e+05 
5.55714378488081e-02 1.00001787404887e+05 
5.57144836045252e-02 1.00002045906073e+05 
5.58599112167691e-02 1.00002335240443e+05 
5.60059723312770e-02 1.00002652722407e+05 
5.61528534390520e-02 1.00003000519178e+05 
5.62999966554543e-02 1.00003378912400e+05 
5.64481375707239e-02 1.00003791054829e+05 
5.65912571467700e-02 1.00004216795370e+05 
5.67384737352012e-02 1.00004685149849e+05 
5.68817459180331e-02 1.00005169415348e+05 
5.70265424620744e-02 1.00005689896134e+05 
5.71698056868412e-02 1.00006236608068e+05 
5.73191887106729e-02 1.00006847551916e+05 
5.74601395629553e-02 1.00007458553194e+05 
5.76066937816368e-02 1.00008139748411e+05 
5.77498722647883e-02 1.00008854268297e+05 
5.78963458516622e-02 1.00009655067987e+05 
5.80430956301778e-02 1.00010539131018e+05 
5.81902342570149e-02 1.00011539899570e+05 
5.83351148342089e-02 1.00012647218299e+05 
5.84824644501292e-02 1.00013933735838e+05 
5.86279246027010e-02 1.00015392729365e+05 
5.87753227581315e-02 1.00017125526249e+05 
5.89227088914272e-02 1.00019165121456e+05 
5.90678559779590e-02 1.00021557390060e+05 
5.92076411598821e-02 1.00024269031704e+05 
5.93502337077136e-02 1.00027543483513e+05 
5.94901431562831e-02 1.00031341090730e+05 
5.96309111335145e-02 1.00035860385608e+05 
5.97774182868588e-02 1.00041439357843e+05 
5.99211052095049e-02 1.00047911066262e+05 
6.00612182751351e-02 1.00055314616150e+05 
6.02068817356901e-02 1.00064372487801e+05 
6.03476603429384e-02 1.00074594578640e+05 
6.04943053023093e-02 1.00086995076532e+05 
6.06406566806380e-02 1.00101405926019e+05 
6.07873258394179e-02 1.00118151046920e+05 
6.09314409620880e-02 1.00137003639106e+05 
6.10782755138651e-02 1.00158997337829e+05 
6.12241180119837e-02 1.00183831529083e+05 
6.13710923674779e-02 1.00212208177735e+05 
6.15181699366248e-02 1.00244327477439e+05 
6.16652986817004e-02 1.00280484858200e+05 
6.18124633801556e-02 1.00320861072382e+05 
6.19597225919862e-02 1.00365855905944e+05 
6.21070226631311e-02 1.00415622358231e+05 
6.22544062118842e-02 1.00470500736296e+05 
6.24018992200588e-02 1.00530834416174e+05 
6.25495776450051e-02 1.00596906700958e+05 
6.26955649880881e-02 1.00667779321873e+05 
6.28433552344116e-02 1.00745431460543e+05 
6.29911539543539e-02 1.00828964774848e+05 
6.31392095759016e-02 1.00918706189829e+05 
6.32876785155575e-02 1.01014929677728e+05 
6.34365005916733e-02 1.01117628942902e+05 
6.35859239502914e-02 1.01226678253312e+05 
6.37311346144361e-02 1.01338333128151e+05 
6.38754610960350e-02 1.01454416235555e+05 
6.40258288629515e-02 1.01580646505564e+05 
6.41753781807649e-02 1.01712188413555e+05 
6.43255966524447e-02 1.01848672906107e+05 
6.44723563809284e-02 1.01985569920928e+05 
6.46243368054384e-02 1.02130750291220e+05 
6.47724722246019e-02 1.02275025187376e+05 
6.49254045234846e-02 1.02425764668216e+05 
6.50797120370448e-02 1.02580866227629e+05 
6.52348382990832e-02 1.02738834069027e+05 
6.53857676572823e-02 1.02892920615080e+05 
6.55426346382960e-02 1.03052388916752e+05 
6.56949149216301e-02 1.03204953847491e+05 
6.58529126161321e-02 1.03360475886961e+05 
6.60113798394692e-02 1.03513915557902e+05 
6.61702880445326e-02 1.03664215695548e+05 
6.63220121935893e-02 1.03802580297679e+05 
6.64809546153956e-02 1.03941739903712e+05 
6.66323480190964e-02 1.04067851205804e+05 
6.67923357505950e-02 1.04193673133208e+05 
6.69500645476593e-02 1.04310743443479e+05 
6.71130658543196e-02 1.04424195521206e+05 
6.72646289544785e-02 1.04518847867207e+05 
6.74223934906061e-02 1.04606533395533e+05 
6.75747020336318e-02 1.04678404088886e+05 
6.77333604460331e-02 1.04745295316442e+05 
6.78904722255812e-02 1.04805651813946e+05 
6.80546180101481e-02 1.04863522172754e+05 
6.82080233962504e-02 1.04900360293714e+05 
6.83679077273467e-02 1.04924105887338e+05 
6.85219562634280e-02 1.04935910084324e+05 
6.86828897345429e-02 1.04937904200944e+05 
6.88365853084582e-02 1.04931487645992e+05 
6.89984900200867e-02 1.04915925642138e+05 
6.91496679079643e-02 1.04885371029488e+05 
6.93087782170914e-02 1.04854085846943e+05 
6.94616365891048e-02 1.04824654674015e+05 
6.96234159717069e-02 1.04792970252748e+05 
6.97844447825875e-02 1.04761391738003e+05 
6.99565188916109e-02 1.04725150532765e+05 
7.01132377040990e-02 1.04689838460904e+05 
7.02814183527393e-02 1.04648884008860e+05 
7.04416117265069e-02 1.04606374156509e+05 
7.06143909418972e-02 1.04556316949987e+05 
7.07824818232684e-02 1.04502747726520e+05 
7.09560160585445e-02 1.04442117584092e+05 
7.11128304037650e-02 1.04384391065238e+05 
7.12725876994773e-02 1.04322830618098e+05 
7.14302364738809e-02 1.04259488826753e+05 
7.15897107749090e-02 1.04192830085071e+05 
7.17519925670468e-02 1.04122579646561e+05 
7.19146104317745e-02 1.04049717737576e+05 
7.20713676960034e-02 1.03977577057215e+05 
7.22354005560262e-02 1.03900357937433e+05 
7.23938191236313e-02 1.03824320624984e+05 
7.25591014860115e-02 1.03743566532914e+05 
7.27225342996721e-02 1.03662528347885e+05 
7.28869535893707e-02 1.03579764243091e+05 
7.30476636502283e-02 1.03498099737156e+05 
7.32163719359073e-02 1.03411770208771e+05 
7.33785190187815e-02 1.03328379697594e+05 
7.35503711766003e-02 1.03239591583416e+05 
7.37204605235777e-02 1.03151534072679e+05 
7.38974298909766e-02 1.03059698677985e+05 
7.40638583150597e-02 1.02973505193909e+05 
7.42380686677677e-02 1.02883562618579e+05 
7.44058525370410e-02 1.02797356098677e+05 
7.45824032458548e-02 1.02707007502771e+05 
7.47589380990021e-02 1.02617130725972e+05 
7.49354490075600e-02 1.02527789950718e+05 
7.51085878438503e-02 1.02440831543433e+05 
7.52851705693258e-02 1.02353172787797e+05 
7.54608177444842e-02 1.02266793238678e+05 
7.56376321362666e-02 1.02180455229685e+05 
7.58148705788545e-02 1.02094649193277e+05 
7.59924013815398e-02 1.02009655944289e+05 
7.61702108679910e-02 1.01925357673409e+05 
7.63481893914349e-02 1.01842051379690e+05 
7.65263379523516e-02 1.01759598244014e+05 
7.66962317931450e-02 1.01681675724128e+05 
7.68745905287684e-02 1.01600701023156e+05 
7.70495632599598e-02 1.01522241446889e+05 
7.72203838608514e-02 1.01446476920602e+05 
7.73948128117122e-02 1.01370153444927e+05 
7.75675902194964e-02 1.01295479387490e+05 
7.77430142533785e-02 1.01220424551225e+05 
7.79217122490403e-02 1.01144807793457e+05 
7.81006641413236e-02 1.01070128380787e+05 
7.82760179123794e-02 1.00997861685164e+05 
7.84551512101386e-02 1.00925164297962e+05 
7.86327058758614e-02 1.00854132138728e+05 
7.88121424578625e-02 1.00783260519243e+05 
7.89917075337189e-02 1.00713148674180e+05 
7.91714406432586e-02 1.00644078799103e+05 
7.93514193475629e-02 1.00575913097655e+05 
7.95315957341408e-02 1.00508804892867e+05 
7.97120308925539e-02 1.00442701214140e+05 
7.98927464047524e-02 1.00377527520561e+05 
8.00736768941785e-02 1.00313161902920e+05 
8.02549232157142e-02 1.00249562674013e+05 
8.04305172466289e-02 1.00189027194997e+05 
8.06123371113847e-02 1.00127315703826e+05 
8.07920464099929e-02 1.00067441623020e+05 
8.09746381159072e-02 1.00007549329552e+05 
8.11576625203900e-02 9.99481798853430e+04 
8.13412200675592e-02 9.98895729955318e+04 
8.15243924715886e-02 9.98318171775201e+04 
8.17089394783792e-02 9.97744912584547e+04 
8.18927945323056e-02 9.97181567622275e+04 
8.20787508309856e-02 9.96618002568852e+04 
8.22654387848049e-02 9.96057861786967e+04 
8.24527780300048e-02 9.95505221114567e+04 
8.26401377393950e-02 9.94959217438988e+04 
8.28274375054640e-02 9.94421359213233e+04 
8.30043215178532e-02 9.93921333060754e+04 
8.31876920163111e-02 9.93408605049208e+04 
8.33695630398077e-02 9.92904711228588e+04 
8.35567416519228e-02 9.92394296215231e+04 
8.37349698244791e-02 9.91915359863265e+04 
8.39198038413318e-02 9.91428753778675e+04 
8.40984355820655e-02 9.90966881711559e+04 
8.42839897313697e-02 9.90493896503200e+04 
8.44676971749312e-02 9.90034149550631e+04 
8.46542084421657e-02 9.89577129397082e+04 
8.48340686364032e-02 9.89143535687980e+04 
8.50212904526445e-02 9.88704229581118e+04 
8.52016585700384e-02 9.88287702153050e+04 
8.53894055394212e-02 9.87863434411106e+04 
8.55772128051578e-02 9.87443120114036e+04 
8.57650389463696e-02 9.87034163106675e+04 
8.59485922293448e-02 9.86643808534267e+04 
8.61363980678631e-02 9.86252703613414e+04 
8.63224975737904e-02 9.85876072074949e+04 
8.65103613998152e-02 9.85506257455325e+04 
8.66982637458966e-02 9.85145322807062e+04 
8.68861277748982e-02 9.84794780313142e+04 
8.70741131436588e-02 9.84453724345637e+04 
8.72620579932419e-02 9.84122268438798e+04 
8.74500607664600e-02 9.83801123737209e+04 
8.76381730652220e-02 9.83488591139642e+04 
8.78263636522992e-02 9.83183790685408e+04 
8.80145907843561e-02 9.82888940822486e+04 
8.82029224917412e-02 9.82603466380746e+04 
8.83912002428089e-02 9.82327550482250e+04 
8.85795941361974e-02 9.82061685009711e+04 
8.87681293928449e-02 9.81804398700915e+04 
8.89566317972358e-02 9.81554813390375e+04 
8.91451803541088e-02 9.81314926628070e+04 
8.93338255590148e-02 9.81084390382295e+04 
8.95225726534998e-02 9.80862525734319e+04 
8.97113985580723e-02 9.80650060285940e+04 
8.99002575187442e-02 9.80445860680485e+04 
9.00891186663332e-02 9.80248835663659e+04 
9.02780177137288e-02 9.80060335860874e+04 
9.04669957268398e-02 9.79880105810276e+04 
9.06559889743926e-02 9.79707198958971e+04 
9.08451099922627e-02 9.79541606797224e+04 
9.10343235601219e-02 9.79379151169279e+04 
9.12235907472543e-02 9.79225825233240e+04 
9.14128925400732e-02 9.79080618314877e+04 
9.16022578338507e-02 9.78942127955109e+04 
9.17916521167334e-02 9.78809381429979e+04 
9.19808899623482e-02 9.78681862985944e+04 
9.21702422862171e-02 9.78558767770425e+04 
9.23597986335716e-02 9.78438832585640e+04 
9.25490584727471e-02 9.78323364442971e+04 
9.27383714515015e-02 9.78211586916126e+04 
9.29278017215559e-02 9.78105576592503e+04 
9.31171676929232e-02 9.78001023583459e+04 
9.33067145597900e-02 9.77899757420111e+04 
9.34964407246813e-02 9.77797696311994e+04 
9.36858496896185e-02 9.77697602595431e+04 
9.38752974679302e-02 9.77600035444343e+04 
9.40648211457080e-02 9.77502793810213e+04 
9.42543078746117e-02 9.77409478551891e+04 
9.44439616879090e-02 9.77319926256221e+04 
9.46338238266809e-02 9.77231936618320e+04 
9.48233906032565e-02 9.77148278649106e+04 
9.50130335440633e-02 9.77067047307557e+04 
9.52027509614854e-02 9.76987522586791e+04 
9.53924634254848e-02 9.76911013019304e+04 
9.55823249369770e-02 9.76837137821234e+04 
9.57723843810794e-02 9.76766428616415e+04 
9.59621550798413e-02 9.76697660897631e+04 
9.61520097247681e-02 9.76632998949883e+04 
9.63419484894143e-02 9.76571684559492e+04 
9.65318664232628e-02 9.76513330605024e+04 
9.67219492728774e-02 9.76457458124484e+04 
9.69122605279393e-02 9.76403420802474e+04 
9.71022992065891e-02 9.76352757860822e+04 
9.72924454352439e-02 9.76305604330118e+04 
9.74826936698164e-02 9.76261668853477e+04 
9.76729485177663e-02 9.76222170683479e+04 
9.78633489679292e-02 9.76187165774424e+04 
9.80540071583526e-02 9.76156615379729e+04 
9.82444352731473e-02 9.76131402699634e+04 
9.84350379701662e-02 9.76112201934929e+04 
9.86257731856549e-02 9.76099337076827e+04 
9.88165812947744e-02 9.76094513909556e+04 
9.90075721242786e-02 9.76098134312983e+04 
9.91986284893465e-02 9.76109347412924e+04 
9.93896750320992e-02 9.76129480458166e+04 
9.95808464411251e-02 9.76160320551715e+04 
9.97720588907510e-02 9.76202266429625e+04 
9.99632892540024e-02 9.76256285499057e+04 
1.00154554576625e-01 9.76321842995069e+04 
1.00345871795751e-01 9.76387929255600e+04 
1.00537249287094e-01 9.76473199071186e+04 
1.00728648214925e-01 9.76574605124814e+04 
1.00920069508965e-01 9.76689493337977e+04 
1.01111492821813e-01 9.76815841276350e+04 
1.01302941623416e-01 9.76954393090579e+04 
1.01494434899669e-01 9.77114037021110e+04 
1.01685986445003e-01 9.77274809776080e+04 
1.01877564598209e-01 9.77436013984405e+04 
1.02069175527055e-01 9.77598058100276e+04 
1.02260805354540e-01 9.77762519247365e+04 
1.02452478047061e-01 9.77937208572689e+04 
1.02644211287326e-01 9.78123193108267e+04 
1.02828929061712e-01 9.78317498803875e+04 
1.03020772133918e-01 9.78535527195214e+04 
1.03212649166245e-01 9.78774024966979e+04 
1.03404557965090e-01 9.79033710806254e+04 
1.03596511681735e-01 9.79314129974500e+04 
1.03788510568159e-01 9.79612870172656e+04 
1.03980554947619e-01 9.79930407478874e+04 
1.04172638013248e-01 9.80265009861722e+04 
1.04364760117681e-01 9.80617097759363e+04 
1.04556918737803e-01 9.80985409490705e+04 
1.04749125507032e-01 9.81371148811050e+04 
1.04941381912836e-01 9.81770311762678e+04 
1.05133686182197e-01 9.82183242737284e+04 
1.05326029934205e-01 9.82607787082729e+04 
1.05518414355369e-01 9.83042448746035e+04 
1.05710836806946e-01 9.83486448235107e+04 
1.05903307387002e-01 9.83940229935082e+04 
1.06095825367051e-01 9.84401258250143e+04 
1.06288388518296e-01 9.84867477204085e+04 
1.06480987637924e-01 9.85340792469989e+04 
1.06673623930354e-01 9.85819670241819e+04 
1.06866294547892e-01 9.86304450477657e+04 
1.07059009531830e-01 9.86794182613211e+04 
1.07251768986736e-01 9.87287776616484e+04 
1.07444570860627e-01 9.87783127556292e+04 
1.07637406577743e-01 9.88280533341248e+04 
1.07830277290627e-01 9.88778233312941e+04 
1.08023179816541e-01 9.89276528412390e+04 
1.08216123431051e-01 9.89774971260826e+04 
1.08409108968172e-01 9.90272609241799e+04 
1.08602134999666e-01 9.90767303229367e+04 
1.08795193827786e-01 9.91259366778955e+04 
1.08988286969277e-01 9.91748036655380e+04 
1.09181411355656e-01 9.92232789373844e+04 
1.09374575351916e-01 9.92711975835407e+04 
1.09567779726110e-01 9.93187105819894e+04 
1.09761022845106e-01 9.93657913248292e+04 
1.09954289481905e-01 9.94120200629536e+04 
1.10147583606243e-01 9.94576712017478e+04 
1.10340891486226e-01 9.95025027577212e+04 
1.10534222724776e-01 9.95464296616849e+04 
1.10727591252967e-01 9.95897011181829e+04 
1.10920994320794e-01 9.96321233266348e+04 
1.11114406788031e-01 9.96736269585705e+04 
1.11307848006009e-01 9.97143532627281e+04 
1.11501299531074e-01 9.97542231438274e+04 
1.11694778420935e-01 9.97931337932007e+04 
1.11888302696365e-01 9.98311907538894e+04 
1.12081853403100e-01 9.98682030820103e+04 
1.12275408777155e-01 9.99041425598088e+04 
1.12468991688758e-01 9.99390787825902e+04 
1.12662584436635e-01 9.99730443743665e+04 
1.12856204496047e-01 1.00005994362359e+05 
1.13049868940870e-01 1.00038002111654e+05 
1.13243557816908e-01 1.00068761172413e+05 
1.13437249371069e-01 1.00098379512327e+05 
1.13630965649889e-01 1.00126838460150e+05 
1.13824688701379e-01 1.00154197332896e+05 
1.14018436120989e-01 1.00180443334216e+05 
1.14212225171638e-01 1.00205601153878e+05 
1.14406036259512e-01 1.00229344479744e+05 
1.14599848133960e-01 1.00251914650464e+05 
1.14793683345290e-01 1.00273366405488e+05 
1.14987524560588e-01 1.00293687972434e+05 
1.15181390342642e-01 1.00312837753177e+05 
1.15375297802611e-01 1.00330846018730e+05 
1.15569226885465e-01 1.00347392051265e+05 
1.15763156488842e-01 1.00363142862001e+05 
1.15957108918641e-01 1.00377388856643e+05 
1.16151066185108e-01 1.00390214598041e+05 
1.16345046894388e-01 1.00401573771721e+05 
1.16539067879220e-01 1.00411795052136e+05 
1.16733108430851e-01 1.00420605821118e+05 
1.16927147436073e-01 1.00427521023284e+05 
1.17121206953093e-01 1.00433888698873e+05 
1.17315269586739e-01 1.00439531374539e+05 
1.17509354367879e-01 1.00444442614809e+05 
1.17703478187856e-01 1.00448512907520e+05 
1.17897620894402e-01 1.00451494316344e+05 
1.18091761188818e-01 1.00453634138519e+05 
1.18285921701943e-01 1.00455786418601e+05 
1.18480085464591e-01 1.00455767172471e+05 
1.18674272222800e-01 1.00454510667109e+05 
1.18868498897348e-01 1.00452768233594e+05 
1.19062745196094e-01 1.00449938577480e+05 
1.19256989701606e-01 1.00446280681028e+05 
1.19451254969165e-01 1.00441645101212e+05 
1.19645524028136e-01 1.00436568879935e+05 
1.19839817120720e-01 1.00431134605791e+05 
1.20034150766906e-01 1.00425256029735e+05 
1.20228504448565e-01 1.00419235367315e+05 
1.20422857063177e-01 1.00412870716120e+05 
1.20617231619083e-01 1.00406349055173e+05 
1.20811611553639e-01 1.00399385461763e+05 
1.21006019306829e-01 1.00392035354664e+05 
1.21200470874287e-01 1.00384305118784e+05 
1.21394945254600e-01 1.00375849971522e+05 
1.21589421901598e-01 1.00366991660367e+05 
1.21783922725689e-01 1.00357715842286e+05 
1.21978431817897e-01 1.00348126225236e+05 
1.22172970954145e-01 1.00338237645907e+05 
1.22367553573534e-01 1.00328187710342e+05 
1.22562157722877e-01 1.00317678810439e+05 
1.22756763707341e-01 1.00307149640372e+05 
1.22951392729961e-01 1.00296602798403e+05 
1.23146029822675e-01 1.00286247805788e+05 
1.23340697261909e-01 1.00276176596847e+05 
1.23535407609706e-01 1.00266575839911e+05 
1.23730139006702e-01 1.00257187209787e+05 
1.23924872537412e-01 1.00248488553733e+05 
1.24119628942227e-01 1.00240416963083e+05 
1.24314393945577e-01 1.00233255782419e+05 
1.24509189597912e-01 1.00227140600923e+05 
1.24704027782515e-01 1.00222232391192e+05 
1.24898886478591e-01 1.00218175352473e+05 
1.25093747438819e-01 1.00215416868234e+05 
1.25288630791821e-01 1.00213812928648e+05 
1.25483522175064e-01 1.00213399840797e+05 
1.25678443262463e-01 1.00214370070694e+05 
1.25873405752439e-01 1.00216793054038e+05 
1.26068387676766e-01 1.00220389331391e+05 
1.26263370992396e-01 1.00225193263746e+05 
1.26458375183450e-01 1.00230955250879e+05 
1.26653385587573e-01 1.00237851843227e+05 
1.26848423712082e-01 1.00245862108830e+05 
1.27043501490759e-01 1.00255077914934e+05 
1.27238597467895e-01 1.00265089338957e+05 
1.27433693159923e-01 1.00276192282122e+05 
1.27628807738311e-01 1.00288171739941e+05 
1.27823926575587e-01 1.00301101918262e+05 
1.28019071406049e-01 1.00314925038460e+05 
1.28214253885079e-01 1.00329648972216e+05 
1.28409453164560e-01 1.00344795235067e+05 
1.28604650091227e-01 1.00360707896202e+05 
1.28799863864818e-01 1.00377159073065e+05 
1.28995080726267e-01 1.00394199548658e+05 
1.29190323331620e-01 1.00411790153259e+05 
1.29385602741423e-01 1.00429957794021e+05 
1.29580898558384e-01 1.00448228126597e+05 
1.29776191298829e-01 1.00466953348570e+05 
1.29971500408082e-01 1.00485898928367e+05 
1.30166812581378e-01 1.00505126334414e+05 
1.30362151447148e-01 1.00524619532557e+05 
1.30557527758693e-01 1.00544359816756e+05 
1.30752921150444e-01 1.00563860461123e+05 
1.30948311978974e-01 1.00583517486297e+05 
1.31143720422627e-01 1.00603055110584e+05 
1.31339133646438e-01 1.00622510879300e+05 
1.31534576505371e-01 1.00641957601818e+05 
1.31730059565275e-01 1.00661304741573e+05 
1.31925561742251e-01 1.00680039080950e+05 
1.32121065017922e-01 1.00698467741892e+05 
1.32316589815573e-01 1.00716281253528e+05 
1.32512123575537e-01 1.00733568496683e+05 
1.32707692468537e-01 1.00750289270253e+05 
1.32903306997655e-01 1.00766331493140e+05 
1.33098945203440e-01 1.00781101076623e+05 
1.33294590037326e-01 1.00795257558657e+05 
1.33490261960638e-01 1.00808268843622e+05 
1.33685945062927e-01 1.00819968621059e+05 
1.33881668741087e-01 1.00830052832244e+05 
1.34077443423956e-01 1.00838659548983e+05 
1.34273242662660e-01 1.00846990139337e+05 
1.34469052659832e-01 1.00853188343129e+05 
1.34664894450459e-01 1.00856593338113e+05 
1.34860755185018e-01 1.00858021353120e+05 
1.35056663219149e-01 1.00857872529676e+05 
1.35252624529729e-01 1.00856327267641e+05 
1.35448608141004e-01 1.00852940562438e+05 
1.35644602858505e-01 1.00847423900701e+05 
1.35840618122589e-01 1.00842208932183e+05 
1.36036629029577e-01 1.00837362250363e+05 
1.36232712108408e-01 1.00832753513227e+05 
1.36428852190826e-01 1.00827797012569e+05 
1.36625006536595e-01 1.00821737488679e+05 
1.36821142334664e-01 1.00814760143785e+05 
1.37017332386070e-01 1.00806315393249e+05 
1.37213526481656e-01 1.00796409298192e+05 
1.37409782013192e-01 1.00785431300240e+05 
1.37606088328903e-01 1.00773459854520e+05 
1.37802423512620e-01 1.00760064482234e+05 
1.37998754202852e-01 1.00745944079445e+05 
1.38195119326472e-01 1.00730696475321e+05 
1.38391502165943e-01 1.00714953650683e+05 
1.38587931799704e-01 1.00698582683284e+05 
1.38784406499705e-01 1.00681651225018e+05 
1.38980914332525e-01 1.00663828001076e+05 
1.39177437441650e-01 1.00645862038503e+05 
1.39373990445328e-01 1.00627499997991e+05 
1.39570570596732e-01 1.00609169489040e+05 
1.39767187936368e-01 1.00590720293941e+05 
1.39963848359514e-01 1.00572200186952e+05 
1.40160544347284e-01 1.00553252833939e+05 
1.40357259586305e-01 1.00534668044403e+05 
1.40553990537751e-01 1.00516408536894e+05 
1.40750736709234e-01 1.00498686834211e+05 
1.40947499387677e-01 1.00481442873104e+05 
1.41144277195671e-01 1.00465009034385e+05 
1.41341070413323e-01 1.00449466995805e+05 
1.41537874581361e-01 1.00434388174700e+05 
1.41734687933731e-01 1.00419738609118e+05 
1.41931523021960e-01 1.00405863510484e+05 
1.42128390736936e-01 1.00392698292710e+05 
1.42325297340913e-01 1.00380559735969e+05 
1.42522247458327e-01 1.00369383047509e+05 
1.42719236570529e-01 1.00359460063166e+05 
1.42916265321232e-01 1.00350464146930e+05 
1.43113343159059e-01 1.00342598478251e+05 
1.43310472968189e-01 1.00335869830787e+05 
1.43507654663288e-01 1.00330199252655e+05 
1.43704887274631e-01 1.00325137933578e+05 
1.43902163009273e-01 1.00321165288919e+05 
1.44099469975871e-01 1.00317930579569e+05 
1.44296815606106e-01 1.00315527740803e+05 
1.44494199642581e-01 1.00313986370805e+05 
1.44691620778973e-01 1.00313247383537e+05 
1.44889081228016e-01 1.00312939765670e+05 
1.45086571520699e-01 1.00313474195562e+05 
1.45284093288319e-01 1.00314513749368e+05 
1.45481653582140e-01 1.00316133250250e+05 
1.45679268288253e-01 1.00318321850307e+05 
1.45876943007147e-01 1.00321059339024e+05 
1.46074678696372e-01 1.00323374464920e+05 
1.46272461661254e-01 1.00326567643951e+05 
1.46470299387129e-01 1.00330047288611e+05 
1.46668195237986e-01 1.00333756838162e+05 
1.46866154953369e-01 1.00337620052837e+05 
1.47064176289760e-01 1.00341675945455e+05 
1.47262254982457e-01 1.00345439323992e+05 
1.47460380707022e-01 1.00349469845984e+05 
1.47658548968258e-01 1.00353739030675e+05 
1.47856763330292e-01 1.00357836551444e+05 
1.48055028320912e-01 1.00361732055471e+05 
1.48253343163962e-01 1.00365547349844e+05 
1.48451707165790e-01 1.00368907218908e+05 
1.48650111709206e-01 1.00372416958254e+05 
1.48848556751068e-01 1.00375760268329e+05 
1.49047048735197e-01 1.00378953394744e+05 
1.49245593289852e-01 1.00382095260630e+05 
1.49444190462377e-01 1.00384982029327e+05 
1.49642841677005e-01 1.00387356836981e+05 
1.49841539393021e-01 1.00389471032282e+05 
1.50040283254560e-01 1.00390961031502e+05 
1.50239078869603e-01 1.00391717122750e+05 
1.50437930628376e-01 1.00392401507994e+05 
1.50636837715971e-01 1.00392729671504e+05 
1.50835800594380e-01 1.00392173208898e+05 
1.51034811160278e-01 1.00391080073543e+05 
1.51233866835470e-01 1.00389184843329e+05 
1.51432972899224e-01 1.00386473151311e+05 
1.51632133281173e-01 1.00383426707011e+05 
1.51831348071571e-01 1.00379919333545e+05 
1.52030621035195e-01 1.00375608011001e+05 
1.52229940830295e-01 1.00370532298660e+05 
1.52429318422940e-01 1.00364495001712e+05 
1.52628755638914e-01 1.00357496715205e+05 
1.52828265695985e-01 1.00349652559391e+05 
1.53027853382598e-01 1.00340916534792e+05 
1.53227515409691e-01 1.00331144947671e+05 
1.53427235645159e-01 1.00320580794295e+05 
1.53627016324708e-01 1.00309124123450e+05 
1.53826859515299e-01 1.00296731007378e+05 
1.54026762070826e-01 1.00283617765832e+05 
1.54226716951429e-01 1.00269868394386e+05 
1.54426722983977e-01 1.00255265258277e+05 
1.54626773115450e-01 1.00239999571118e+05 
1.54826855759041e-01 1.00224144434559e+05 
1.55026978188492e-01 1.00207696935942e+05 
1.55227137121419e-01 1.00190861055828e+05 
1.55427332354227e-01 1.00173551023886e+05 
1.55627570627744e-01 1.00156105385714e+05 
1.55827845060256e-01 1.00138746849378e+05 
1.56028159580848e-01 1.00121398077147e+05 
1.56228520390150e-01 1.00104010101239e+05 
1.56428936905378e-01 1.00086585325297e+05 
1.56629414711693e-01 1.00069163231079e+05 
1.56829956813755e-01 1.00051753247823e+05 
1.57030554404661e-01 1.00034340285782e+05 
1.57231208337258e-01 1.00016938228080e+05 
1.57431921930364e-01 9.99994989694772e+04 
1.57632698820746e-01 9.99821613109030e+04 
1.57833540300023e-01 9.99649929816992e+04 
1.58034447209782e-01 9.99480448883713e+04 
1.58235410707489e-01 9.99312756179435e+04 
1.58436429527834e-01 9.99147380318590e+04 
1.58637508457674e-01 9.98983413166486e+04 
1.58838647499221e-01 9.98821985114701e+04 
1.59039845319252e-01 9.98663647794963e+04 
1.59241105226843e-01 9.98509163527678e+04 
1.59442421593941e-01 9.98358053728262e+04 
1.59643792266135e-01 9.98210694246352e+04 
1.59845223892889e-01 9.98066055450499e+04 
1.60046718390589e-01 9.97924711524625e+04 
1.60248278994208e-01 9.97787205035694e+04 
1.60449908586187e-01 9.97654614991437e+04 
1.60651599144162e-01 9.97526235905023e+04 
1.60853349077921e-01 9.97402457798260e+04 
1.61055161541220e-01 9.97282078554006e+04 
1.61257037082713e-01 9.97165373169624e+04 
1.61458976203801e-01 9.97053054940522e+04 
1.61660978584011e-01 9.96945387695847e+04 
1.61863037163403e-01 9.96838173877570e+04 
1.62065148551849e-01 9.96738590293760e+04 
1.62267315833884e-01 9.96643887185970e+04 
1.62469541482725e-01 9.96553364437167e+04 
1.62671828963725e-01 9.96467177479324e+04 
1.62874179935579e-01 9.96386086107893e+04 
1.63076584302664e-01 9.96308045849981e+04 
1.63279043713777e-01 9.96235070773178e+04 
1.63481560064310e-01 9.96161645808255e+04 
1.63684136758632e-01 9.96088201061915e+04 
1.63886774636172e-01 9.96015669003780e+04 
1.64089472808869e-01 9.95944876504438e+04 
1.64292221875666e-01 9.95876847015404e+04 
1.64495019345630e-01 9.95812114267474e+04 
1.64697867973374e-01 9.95750123848853e+04 
1.64900768308881e-01 9.95691419772529e+04 
1.65103720295471e-01 9.95635712119532e+04 
1.65306724522319e-01 9.95584075485196e+04 
1.65509775678157e-01 9.95535774178545e+04 
1.65712871158210e-01 9.95489411724537e+04 
1.65916015331074e-01 9.95445174176319e+04 
1.66119210995142e-01 9.95403993247455e+04 
1.66322460613086e-01 9.95365275121939e+04 
1.66525765739294e-01 9.95330263634575e+04 
1.66729121532046e-01 9.95297947769216e+04 
1.66932527555726e-01 9.95268005834407e+04 
1.67135987529376e-01 9.95239439629676e+04 
1.67339505449148e-01 9.95213045233600e+04 
1.67543082341091e-01 9.95188372146015e+04 
1.67746719176515e-01 9.95166643660492e+04 
1.67950409618410e-01 9.95147700874388e+04 
1.68154152596849e-01 9.95130070115953e+04 
1.68357950925494e-01 9.95112709882949e+04 
1.68561808134524e-01 9.95095646098510e+04 
1.68765723920277e-01 9.95080602055084e+04 
1.68969699222656e-01 9.95070428517310e+04 
1.69173726292207e-01 9.95063467241259e+04 
1.69377804735128e-01 9.95059642262188e+04 
1.69581937285633e-01 9.95056556730253e+04 
1.69786127046250e-01 9.95054835951380e+04 
1.69990373143547e-01 9.95053491275005e+04 
1.70194676016745e-01 9.95053930421265e+04 
1.70399028566579e-01 9.95053623951652e+04 
1.70603429699424e-01 9.95052435003204e+04 
1.70807881740196e-01 9.95049738637768e+04 
1.71012387751210e-01 9.95045682496568e+04 
1.71216946456601e-01 9.95040815812849e+04 
1.71421557901979e-01 9.95036991007299e+04 
1.71626215179374e-01 9.95032960482624e+04 
1.71830917393910e-01 9.95029291528139e+04 
1.72035667238921e-01 9.95025489572954e+04 
1.72240468198710e-01 9.95022240320544e+04 
1.72445319011943e-01 9.95019472055375e+04 
1.72650212270500e-01 9.95018255572060e+04 
1.72855119523318e-01 9.95017353696968e+04 
1.73060045475352e-01 9.95016845473055e+04 
1.73264983902189e-01 9.95016287205014e+04 
1.73469940175836e-01 9.95016245535418e+04 
1.73674925971430e-01 9.95016196063129e+04 
1.73879938508005e-01 9.95017246580682e+04 
1.74084966094980e-01 9.95018174033142e+04 
1.74290013320786e-01 9.95019220683779e+04 
1.74495075296336e-01 9.95020239809140e+04 
1.74700157885734e-01 9.95021517698381e+04 
1.74905273177130e-01 9.95022730345652e+04 
1.75110418927434e-01 9.95025090310258e+04 
1.75315583497361e-01 9.95027828419788e+04 
1.75520770948097e-01 9.95031162386054e+04 
1.75725977247496e-01 9.95034467364542e+04 
1.75931208302801e-01 9.95038774306266e+04 
1.76136475301085e-01 9.95044050166143e+04 
1.76341776429567e-01 9.95046865030031e+04 
1.76547099303021e-01 9.95053233394020e+04 
1.76752447371523e-01 9.95062649654710e+04 
1.76957816976646e-01 9.95072786175782e+04 
1.77163213614404e-01 9.95083471300396e+04 
1.77368647072856e-01 9.95093963199650e+04 
1.77574115620558e-01 9.95110709452523e+04 
1.77779606045032e-01 9.95122707160383e+04 
1.77985121372775e-01 9.95130001451350e+04 
1.78190657345243e-01 9.95134212735472e+04 
1.78396218794354e-01 9.95137238536701e+04 
1.78601815447228e-01 9.95138850764493e+04 
1.78807445741560e-01 9.95143656924867e+04 
1.79013097040987e-01 9.95153111469248e+04 
1.79218773139738e-01 9.95167800636543e+04 
1.79424469674349e-01 9.95187774444659e+04 
1.79630191348485e-01 9.95211515076327e+04 
1.79835948237596e-01 9.95238230977150e+04 
1.80041739240691e-01 9.95269056067096e+04 
1.80247552340169e-01 9.95302008478909e+04 
1.80453391501227e-01 9.95337135398261e+04 
1.80659252371889e-01 9.95373946547050e+04 
1.80865139431573e-01 9.95410419822065e+04 
1.81071062835264e-01 9.95448518932837e+04 
1.81277022147629e-01 9.95488296571469e+04 
1.81483006036739e-01 9.95528071177486e+04 
1.81689018727739e-01 9.95569656468518e+04 
1.81895056160146e-01 9.95610256532796e+04 
1.82101122542807e-01 9.95649635987060e+04 
1.82307228205220e-01 9.95687411469937e+04 
1.82513372737641e-01 9.95723504401921e+04 
1.82719544869482e-01 9.95757493682724e+04 
1.82925748706238e-01 9.95789847619618e+04 
1.83131979190519e-01 9.95819861867589e+04 
1.83338239431967e-01 9.95847780342861e+04 
1.83544539733609e-01 9.95873803844852e+04 
1.83750878831615e-01 9.95899426867504e+04 
1.83957244868968e-01 9.95923116168656e+04 
1.84163641737428e-01 9.95945350205143e+04 
1.84370062957050e-01 9.95965421355337e+04 
1.84576510699361e-01 9.95983526680442e+04 
1.84782996211896e-01 9.95999970030814e+04 
1.84989517990461e-01 9.96015574394640e+04 
1.85196064380221e-01 9.96029341202914e+04 
1.85402639735706e-01 9.96042557339386e+04 
1.85609236968362e-01 9.96054853018121e+04 
1.85815858182053e-01 9.96067912366598e+04 
1.86022515804969e-01 9.96079890891853e+04 
1.86229208630537e-01 9.96092093895493e+04 
1.86435924971696e-01 9.96104169215361e+04 
1.86642669759318e-01 9.96117222416935e+04 
1.86849435619424e-01 9.96133783906576e+04 
1.87056225561504e-01 9.96153692578288e+04 
1.87263052753159e-01 9.96175604455868e+04 
1.87469916798831e-01 9.96202023563044e+04 
1.87676805521090e-01 9.96232134112856e+04 
1.87883724450867e-01 9.96267143571307e+04 
1.88090666140249e-01 9.96307453182571e+04 
1.88297634204926e-01 9.96352712105853e+04 
1.88504641406982e-01 9.96403091366083e+04 
1.88711687390802e-01 9.96460750261435e+04 
1.88918758702314e-01 9.96524721148907e+04 
1.89125860667540e-01 9.96597192963839e+04 
1.89332984427688e-01 9.96677962423193e+04 
1.89540132576362e-01 9.96767630445301e+04 
1.89747317335050e-01 9.96867697072286e+04 
1.89954537488543e-01 9.96979377379113e+04 
1.90161778559300e-01 9.97102226454916e+04 
1.90369045624382e-01 9.97237350190077e+04 
1.90576327800965e-01 9.97384914579597e+04 
1.90783626535915e-01 9.97545478740617e+04 
1.90990954750847e-01 9.97719126938252e+04 
1.91198310546636e-01 9.97906496328839e+04 
1.91405679650276e-01 9.98105391627377e+04 
1.91613067422758e-01 9.98317468561541e+04 
1.91820461846532e-01 9.98541420595273e+04 
1.92027863954929e-01 9.98777833878120e+04 
1.92235288145005e-01 9.99026959551050e+04 
1.92442732835091e-01 9.99288710277777e+04 
1.92650184705534e-01 9.99560108354530e+04 
1.92857649406444e-01 9.99842692759577e+04 
1.93065115501378e-01 1.00013433780468e+05 
1.93272585095231e-01 1.00043543453140e+05 
1.93480074223888e-01 1.00074558813902e+05 
1.93687582887643e-01 1.00106377966126e+05 
1.93895098475918e-01 1.00138668783516e+05 
1.94102626045919e-01 1.00171499365122e+05 
1.94310155423537e-01 1.00204625222862e+05 
1.94517688851092e-01 1.00238031472859e+05 
1.94725241502367e-01 1.00271632864021e+05 
1.94932813362582e-01 1.00305263479971e+05 
1.95140390953523e-01 1.00338610881716e+05 
1.95347978227503e-01 1.00371700285284e+05 
1.95555566253140e-01 1.00404296325861e+05 
1.95763157970076e-01 1.00436351177965e+05 
1.95970770075632e-01 1.00467785722262e+05 
1.96178403471706e-01 1.00498411058404e+05 
1.96386045365269e-01 1.00527990277560e+05 
1.96593699852434e-01 1.00556455143369e+05 
1.96801359288967e-01 1.00583743006119e+05 
1.97009027683499e-01 1.00609759584262e+05 
1.97216720927073e-01 1.00634409954624e+05 
1.97424440022890e-01 1.00657631876402e+05 
1.97632170789399e-01 1.00679402986988e+05 
1.97839916217306e-01 1.00699390599115e+05 
1.98047668511609e-01 1.00717342101215e+05 
1.98255430843671e-01 1.00733204866021e+05 
1.98463216902311e-01 1.00747313120696e+05 
1.98671027047164e-01 1.00760752581774e+05 
1.98878845359636e-01 1.00770820733476e+05 
1.99086673425094e-01 1.00778235123816e+05 
1.99294503339876e-01 1.00783709495578e+05 
1.99502337513135e-01 1.00787543404400e+05 
1.99710188287951e-01 1.00788483912615e+05 
1.99918055974804e-01 1.00788249267438e+05 
2.00125925586683e-01 1.00788205505124e+05 
