# Liste des scalaires : TEMPS pmat 
0.00000000000000e+00 1.00000000000000e+05 
5.42217668469038e-05 1.00000000000000e+05 
9.20307082073499e-05 1.00000000000000e+05 
1.18885483263110e-04 1.00000000000000e+05 
1.41204055922990e-04 1.00000000000000e+05 
1.60690012637541e-04 1.00000000000000e+05 
1.78224322762339e-04 1.00000000000000e+05 
1.94444433660337e-04 1.00000000000000e+05 
2.12286555648135e-04 1.00000000000000e+05 
2.31912889834714e-04 1.00000000000000e+05 
2.53501857439950e-04 1.00000000000000e+05 
2.77249721805709e-04 1.00000000000000e+05 
3.03372372608045e-04 1.00000000000000e+05 
3.32107288490614e-04 1.00000000000000e+05 
3.63715695961440e-04 1.00000000000000e+05 
3.98484944179348e-04 1.00000000000000e+05 
4.36731117219048e-04 1.00000000000000e+05 
4.78801907562717e-04 1.00000000000000e+05 
5.25079776940753e-04 1.00000000000000e+05 
5.74782037350150e-04 1.00000000000000e+05 
6.27382130650344e-04 1.00000000000000e+05 
6.81111460388376e-04 1.00000000000000e+05 
7.36159457274438e-04 1.00000000000000e+05 
7.92607008482139e-04 1.00000000000000e+05 
8.49772514290727e-04 1.00000000000000e+05 
9.06610245056210e-04 1.00000000000000e+05 
9.64249142378665e-04 1.00000000000000e+05 
1.02323610014548e-03 1.00000000000000e+05 
1.08439868275325e-03 1.00000000000000e+05 
1.14810834824969e-03 1.00000000000000e+05 
1.20931193326925e-03 1.00000000000000e+05 
1.27179902923300e-03 1.00000000000000e+05 
1.33605093686822e-03 1.00000000000000e+05 
1.40269858533492e-03 1.00000000000000e+05 
1.47191321788338e-03 1.00000000000000e+05 
1.53835052480129e-03 1.00000000000000e+05 
1.60603948469603e-03 1.00000000000000e+05 
1.67543676618952e-03 1.00000000000000e+05 
1.74530887938238e-03 1.00000000000000e+05 
1.81621640648282e-03 1.00000000000000e+05 
1.88755841622508e-03 1.00000000000000e+05 
1.96035184277277e-03 1.00000000000000e+05 
2.03466130045163e-03 1.00000000000000e+05 
2.11073898647151e-03 1.00000000000000e+05 
2.18775819850097e-03 1.00000000000000e+05 
2.26623908096312e-03 1.00000000000000e+05 
2.34533532584861e-03 1.00000000000000e+05 
2.42499393150820e-03 1.00000000000000e+05 
2.50595810523167e-03 1.00000000000000e+05 
2.58825880965865e-03 1.00000000000000e+05 
2.67206549669840e-03 1.00000000000000e+05 
2.75604428085444e-03 1.00000000000000e+05 
2.84149125212085e-03 1.00000000000000e+05 
2.92843109333644e-03 1.00000000000000e+05 
3.01689385218285e-03 1.00000000000000e+05 
3.10694905782758e-03 1.00000000000000e+05 
3.19866720711016e-03 1.00000000000000e+05 
3.29205816074531e-03 1.00000000000000e+05 
3.38563412999826e-03 1.00000000000000e+05 
3.48103350486343e-03 1.00000000000000e+05 
3.57802743536298e-03 1.00000000000000e+05 
3.67506874660197e-03 1.00000000000000e+05 
3.77344128845225e-03 1.00000000000000e+05 
3.87313408307307e-03 1.00000000000000e+05 
3.97410557599813e-03 1.00000000000000e+05 
4.07640705001893e-03 1.00000000000000e+05 
4.17996960356411e-03 1.00000000000000e+05 
4.28464662003755e-03 1.00000000000000e+05 
4.38916168807582e-03 1.00000000000000e+05 
4.49352038974188e-03 1.00000000000000e+05 
4.59771375373826e-03 1.00000000000000e+05 
4.70142832986045e-03 1.00000000000000e+05 
4.80481246327035e-03 1.00000000000000e+05 
4.90790140424742e-03 1.00000000000000e+05 
5.01072230084080e-03 1.00000000000000e+05 
5.11339262432177e-03 1.00000000000000e+05 
5.21588247755251e-03 1.00000000000000e+05 
5.31789288219848e-03 1.00000000000000e+05 
5.41968057091190e-03 1.00000000000000e+05 
5.52143541952015e-03 1.00000000000000e+05 
5.62325417775464e-03 1.00000000000000e+05 
5.72526116694418e-03 1.00000000000000e+05 
5.82749215408405e-03 1.00000000000000e+05 
5.92995014275044e-03 1.00000000000000e+05 
6.03198341391555e-03 1.00000000000000e+05 
6.13359657253314e-03 1.00000000000000e+05 
6.23478360868072e-03 1.00000000000000e+05 
6.33567843032335e-03 1.00000000000000e+05 
6.43629177537926e-03 1.00000000000000e+05 
6.53672227669344e-03 1.00000000000000e+05 
6.63710837758891e-03 1.00000000000000e+05 
6.73748861032329e-03 1.00000000000000e+05 
6.83787228557391e-03 1.00000000000000e+05 
6.93835859979360e-03 1.00000000000000e+05 
7.03898429042641e-03 1.00000000000000e+05 
7.13976452293696e-03 1.00000000000000e+05 
7.24069249650905e-03 1.00000000000000e+05 
7.34170730244445e-03 1.00000000000000e+05 
7.44282273045327e-03 1.00000000000000e+05 
7.54397040111444e-03 1.00000000000000e+05 
7.64512612074659e-03 1.00000000000000e+05 
7.74635702244752e-03 1.00000000000000e+05 
7.84765745386636e-03 1.00000000000000e+05 
7.94904202965408e-03 1.00000000000000e+05 
8.05049710157769e-03 1.00000000000000e+05 
8.15203570624684e-03 1.00000000000000e+05 
8.25373994907556e-03 1.00000000000000e+05 
8.35546058401318e-03 1.00000000000000e+05 
8.45745798059435e-03 1.00000000000000e+05 
8.55960675460269e-03 1.00000000000000e+05 
8.66191147812142e-03 1.00000000000000e+05 
8.76437535153312e-03 1.00000000000000e+05 
8.86645070124936e-03 1.00000000000000e+05 
8.96936376204545e-03 1.00000000000000e+05 
9.07244967066118e-03 1.00000000000000e+05 
9.17498757940477e-03 1.00000000000000e+05 
9.27752979988949e-03 1.00000000000000e+05 
9.38113593075648e-03 1.00000000000000e+05 
9.48397263391908e-03 1.00000000000000e+05 
9.58762154979511e-03 1.00000000000000e+05 
9.69182561682277e-03 1.00000000000000e+05 
9.79609883324735e-03 1.00000000000000e+05 
9.89871940767766e-03 1.00000000000000e+05 
1.00030876859119e-02 1.00000000000000e+05 
1.01059400724286e-02 1.00000000000000e+05 
1.02097556059228e-02 1.00000000000000e+05 
1.03138596358158e-02 1.00000000000000e+05 
1.04177960403411e-02 1.00000000000000e+05 
1.05206675480511e-02 1.00000000000000e+05 
1.06244084217978e-02 1.00000000000000e+05 
1.07272731701591e-02 1.00000000000000e+05 
1.08307421358498e-02 1.00000000000000e+05 
1.09341037150876e-02 1.00000000000000e+05 
1.10374243963243e-02 1.00000000000000e+05 
1.11396939535342e-02 1.00000000000000e+05 
1.12427840065793e-02 1.00000000000000e+05 
1.13446761093933e-02 1.00000000000000e+05 
1.14473947866976e-02 1.00000000000000e+05 
1.15503416495478e-02 1.00000000000000e+05 
1.16533877293548e-02 1.00000000000000e+05 
1.17545326700939e-02 1.00000000000000e+05 
1.18581183761068e-02 1.00000000000000e+05 
1.19590204141279e-02 1.00000000000000e+05 
1.20617771381063e-02 1.00000000000000e+05 
1.21664764180248e-02 1.00000000000000e+05 
1.22717229955559e-02 1.00000000000000e+05 
1.23723346930836e-02 1.00000000000000e+05 
1.24755638330868e-02 1.00000000000000e+05 
1.25765979646137e-02 1.00000000000000e+05 
1.26802484714673e-02 1.00000000000000e+05 
1.27867675398781e-02 1.00000000000000e+05 
1.28938361731934e-02 1.00000000000000e+05 
1.29941154163176e-02 1.00000000000000e+05 
1.30946044203986e-02 1.00000000000000e+05 
1.31952560180872e-02 1.00000000000000e+05 
1.32960706824132e-02 1.00000000000000e+05 
1.33971440915380e-02 1.00000000000000e+05 
1.34984967470462e-02 1.00000000000000e+05 
1.36000992532103e-02 1.00000000000000e+05 
1.37020507577511e-02 1.00000000000000e+05 
1.38043655962039e-02 1.00000000000000e+05 
1.39070629023954e-02 1.00000000000000e+05 
1.40102094826877e-02 1.00000000000000e+05 
1.41137904101658e-02 1.00000000000000e+05 
1.42178499022199e-02 1.00000000000000e+05 
1.43223866344446e-02 1.00000000000000e+05 
1.44274460302418e-02 1.00000000000000e+05 
1.45330701679225e-02 1.00000000000000e+05 
1.46393019571672e-02 1.00000000000000e+05 
1.47461780770475e-02 1.00000000000000e+05 
1.48524077932690e-02 1.00000000000000e+05 
1.49602938479215e-02 1.00000000000000e+05 
1.50664058893461e-02 1.00000000000000e+05 
1.51737941936562e-02 1.00000000000000e+05 
1.52844133528343e-02 1.00000000000000e+05 
1.53952544327103e-02 1.00000000000000e+05 
1.55018375207048e-02 1.00000000000000e+05 
1.56100341553720e-02 1.00000000000000e+05 
1.57172645542120e-02 1.00000000000000e+05 
1.58266136072528e-02 1.00000000000000e+05 
1.59348907076071e-02 1.00000000000000e+05 
1.60433334263464e-02 1.00000000000000e+05 
1.61519278360612e-02 1.00000000000000e+05 
1.62607362953283e-02 1.00000000000000e+05 
1.63697534600631e-02 1.00000000000000e+05 
1.64791287207237e-02 1.00000000000000e+05 
1.65888647228584e-02 1.00000000000000e+05 
1.66989373172060e-02 1.00000000000000e+05 
1.68083535731151e-02 1.00000000000000e+05 
1.69190504272734e-02 1.00000000000000e+05 
1.70300522413858e-02 1.00000000000000e+05 
1.71414102155513e-02 1.00000000000000e+05 
1.72531641364655e-02 1.00000000000000e+05 
1.73653240202395e-02 1.00000000000000e+05 
1.74779493311280e-02 1.00000000000000e+05 
1.75911209660857e-02 1.00000000000000e+05 
1.77035785494830e-02 1.00000000000000e+05 
1.78171191052530e-02 1.00000000000000e+05 
1.79280099765318e-02 1.00000000000000e+05 
1.80389730706389e-02 1.00000000000000e+05 
1.81499269417058e-02 1.00000000000000e+05 
1.82610023636945e-02 1.00000000000000e+05 
1.83721032941290e-02 1.00000000000000e+05 
1.84833554697564e-02 1.00000000000000e+05 
1.85946130223452e-02 1.00000000000000e+05 
1.87058781175134e-02 1.00000000000000e+05 
1.88173184087870e-02 1.00000000000000e+05 
1.89288259838344e-02 1.00000000000000e+05 
1.90403715237539e-02 1.00000000000000e+05 
1.91521615372481e-02 1.00000000000000e+05 
1.92640273304142e-02 1.00000000000000e+05 
1.93759806353855e-02 1.00000000000000e+05 
1.94882405332003e-02 1.00000000000000e+05 
1.96005517696379e-02 1.00000000000000e+05 
1.97104466115626e-02 1.00000000000000e+05 
1.98213880075814e-02 1.00000000000000e+05 
1.99342534713714e-02 1.00000000000000e+05 
2.00463468148686e-02 1.00000000000000e+05 
2.01563573129702e-02 1.00000000000000e+05 
2.02673325090643e-02 1.00000000000000e+05 
2.03773241064063e-02 1.00000000000000e+05 
2.04910827079714e-02 1.00000000000000e+05 
2.06059129680154e-02 1.00000000000000e+05 
2.07188971328897e-02 1.00000000000000e+05 
2.08288413168046e-02 1.00000000000000e+05 
2.09401647372727e-02 1.00000000000000e+05 
2.10503293912106e-02 1.00000000000000e+05 
2.11621339540994e-02 1.00000000000000e+05 
2.12767999010750e-02 1.00000000000000e+05 
2.13908803973761e-02 1.00000000000000e+05 
2.15017914967896e-02 1.00000000000000e+05 
2.16144513839351e-02 1.00000000000000e+05 
2.17262211679464e-02 1.00000000000000e+05 
2.18432731968736e-02 1.00000000000000e+05 
2.19594152699669e-02 1.00000000000000e+05 
2.20761266404087e-02 1.00000000000000e+05 
2.21892964841191e-02 1.00000000000000e+05 
2.23059955304335e-02 1.00000000000000e+05 
2.24205153147192e-02 1.00000000000000e+05 
2.25363753471144e-02 1.00000000000000e+05 
2.26525314742251e-02 1.00000000000000e+05 
2.27689486657205e-02 1.00000000000000e+05 
2.28858042240278e-02 1.00000000000000e+05 
2.30029002366442e-02 1.00000000000000e+05 
2.31191366705448e-02 1.00000000000000e+05 
2.32358173650566e-02 1.00000000000000e+05 
2.33529986720755e-02 1.00000000000000e+05 
2.34702861679877e-02 1.00000000000000e+05 
2.35878186581267e-02 1.00000000000000e+05 
2.37056034797246e-02 1.00000000000000e+05 
2.38237460190459e-02 1.00000000000000e+05 
2.39425295297787e-02 1.00000000000000e+05 
2.40617444138971e-02 1.00000000000000e+05 
2.41812631073409e-02 1.00000000000000e+05 
2.43006668922891e-02 1.00000000000000e+05 
2.44200039412088e-02 1.00000000000000e+05 
2.45394034335671e-02 1.00000000000000e+05 
2.46588867364772e-02 1.00000000000000e+05 
2.47784595500192e-02 1.00000000000000e+05 
2.48983151984147e-02 1.00000000000000e+05 
2.50168943142835e-02 1.00000000000000e+05 
2.51376170027529e-02 1.00000000000000e+05 
2.52568828936903e-02 1.00000000000000e+05 
2.53776576919264e-02 1.00000000000000e+05 
2.54989512822566e-02 1.00000000000000e+05 
2.56200796116918e-02 1.00000000000000e+05 
2.57410019616769e-02 1.00000000000000e+05 
2.58625913696207e-02 1.00000000000000e+05 
2.59846301334480e-02 1.00000000000000e+05 
2.61071471487838e-02 1.00000000000000e+05 
2.62301067878038e-02 1.00000000000000e+05 
2.63536972208109e-02 1.00000000000000e+05 
2.64775967965939e-02 1.00000000000000e+05 
2.66014522256242e-02 1.00000000000000e+05 
2.67256196054605e-02 1.00000000000000e+05 
2.68501757953763e-02 1.00000000000000e+05 
2.69750184156226e-02 1.00000000000000e+05 
2.71001178523832e-02 1.00000000000000e+05 
2.72238594457578e-02 1.00000000000000e+05 
2.73489785036634e-02 1.00000000000000e+05 
2.74722486442218e-02 1.00000000000000e+05 
2.75957340519395e-02 1.00000000000000e+05 
2.77192806429142e-02 1.00000000000000e+05 
2.78430731778586e-02 1.00000000000000e+05 
2.79672593682584e-02 1.00000000000000e+05 
2.80918099245478e-02 1.00000000000000e+05 
2.82164887381764e-02 1.00000000000000e+05 
2.83413453571539e-02 1.00000000000000e+05 
2.84664886362370e-02 1.00000000000000e+05 
2.85920434951287e-02 1.00000000000000e+05 
2.87180604351672e-02 1.00000000000000e+05 
2.88444440129468e-02 1.00000000000000e+05 
2.89712876726641e-02 1.00000000000000e+05 
2.90986712101479e-02 1.00000000000000e+05 
2.92256383911417e-02 1.00000000000000e+05 
2.93537537891457e-02 1.00000000000000e+05 
2.94818768375950e-02 1.00000000000000e+05 
2.96100484981253e-02 1.00000000000000e+05 
2.97272077894374e-02 1.00000000000000e+05 
2.98555727078439e-02 1.00000000000000e+05 
2.99837060361134e-02 1.00000000000000e+05 
3.01118818460934e-02 1.00000000000000e+05 
3.02331510642259e-02 1.00000000000000e+05 
3.03615407817054e-02 1.00000000000000e+05 
3.04901710790867e-02 1.00000000000000e+05 
3.06190330772359e-02 1.00000000000000e+05 
3.07479700767668e-02 1.00000000000000e+05 
3.08771510092865e-02 1.00000000000000e+05 
3.10066390725716e-02 1.00000000000000e+05 
3.11365144666727e-02 1.00000000000000e+05 
3.12669868513359e-02 1.00000000000000e+05 
3.13980483232649e-02 1.00000000000000e+05 
3.15295421514505e-02 1.00000000000000e+05 
3.16617909322022e-02 1.00000000000000e+05 
3.17938843206740e-02 1.00000000000000e+05 
3.19271495777842e-02 1.00000000000000e+05 
3.20604948230676e-02 1.00000000000000e+05 
3.21968923571211e-02 1.00000000000000e+05 
3.23329941787505e-02 1.00000000000000e+05 
3.24689996854990e-02 1.00000000000000e+05 
3.26055547335726e-02 1.00000000000000e+05 
3.27424084068321e-02 1.00000000000000e+05 
3.28796139355573e-02 1.00000000000000e+05 
3.30170320388620e-02 1.00000000000000e+05 
3.31546395889126e-02 1.00000000000000e+05 
3.32923472754654e-02 1.00000000000000e+05 
3.34303958180309e-02 1.00000000000000e+05 
3.35686983234281e-02 1.00000000000000e+05 
3.37070691929954e-02 1.00000000000000e+05 
3.38457246178440e-02 1.00000000000000e+05 
3.39846382223657e-02 1.00000000000000e+05 
3.41235997541681e-02 1.00000000000000e+05 
3.42622051174978e-02 1.00000000000000e+05 
3.44016132934819e-02 1.00000000000000e+05 
3.45412305117493e-02 1.00000000000000e+05 
3.46817094477473e-02 1.00000000000000e+05 
3.48229953629857e-02 1.00000000000000e+05 
3.49651225031062e-02 1.00000000000000e+05 
3.51077946538067e-02 1.00000000000000e+05 
3.52511893533563e-02 1.00000000000000e+05 
3.53948854466193e-02 1.00000000000000e+05 
3.55391589743860e-02 1.00000000000000e+05 
3.56830055149756e-02 1.00000000000000e+05 
3.58275274932212e-02 1.00000000000000e+05 
3.59719996810435e-02 1.00000000000000e+05 
3.61159631052235e-02 1.00000000000000e+05 
3.62601953878143e-02 1.00000000000000e+05 
3.64046839494686e-02 1.00000000000000e+05 
3.65483736600061e-02 1.00000000000000e+05 
3.66915120503998e-02 1.00000000000000e+05 
3.68351845378437e-02 1.00000000000000e+05 
3.69791166111575e-02 1.00000000000000e+05 
3.71225949219283e-02 1.00000000000000e+05 
3.72662105611174e-02 1.00000000000000e+05 
3.74107753685747e-02 1.00000000000000e+05 
3.75549193638061e-02 1.00000000000000e+05 
3.76995977565308e-02 1.00000000000000e+05 
3.78443060780079e-02 1.00000000000000e+05 
3.79891653718316e-02 1.00000000000000e+05 
3.81337000857327e-02 1.00000000000000e+05 
3.82785940884383e-02 1.00000000000000e+05 
3.84230655535844e-02 1.00000000000000e+05 
3.85681070486939e-02 1.00000000000000e+05 
3.87106804104141e-02 1.00000000000000e+05 
3.88520400522537e-02 1.00000000000000e+05 
3.89934345034351e-02 1.00000000000000e+05 
3.91361084147647e-02 1.00000000000000e+05 
3.92778267201290e-02 1.00000000000000e+05 
3.94200667303966e-02 1.00000000000000e+05 
3.95641410335976e-02 1.00000000000000e+05 
3.97090947206380e-02 1.00000000000000e+05 
3.98534038617641e-02 1.00000000000000e+05 
3.99999924530770e-02 1.00000000000000e+05 
4.01450937811210e-02 1.00000000000000e+05 
4.02947649004968e-02 1.00000000000000e+05 
4.04451862371080e-02 1.00000000000000e+05 
4.05944928593722e-02 1.00000000000000e+05 
4.07426678586016e-02 1.00000000000000e+05 
4.08935381653954e-02 1.00000000000000e+05 
4.10438540239661e-02 1.00000000000000e+05 
4.11947544380055e-02 1.00000000000000e+05 
4.13457157721628e-02 1.00000000000000e+05 
4.14967909550838e-02 1.00000000000000e+05 
4.16478444118158e-02 1.00000000000000e+05 
4.17988839252511e-02 1.00000000000000e+05 
4.19498858495727e-02 1.00000000000000e+05 
4.21010392160765e-02 1.00000000000000e+05 
4.22522926790663e-02 1.00000000000000e+05 
4.24037051233322e-02 1.00000000000000e+05 
4.25551339305672e-02 1.00000000000000e+05 
4.27065794790672e-02 1.00000000000000e+05 
4.28580212220407e-02 1.00000000000000e+05 
4.30096235069137e-02 1.00000000000000e+05 
4.31613212646822e-02 1.00000000000000e+05 
4.33131656584075e-02 1.00000000000000e+05 
4.34650361209817e-02 1.00000000000000e+05 
4.36169193572126e-02 1.00000000000000e+05 
4.37687861113977e-02 1.00000000000000e+05 
4.39207996585037e-02 1.00000000000000e+05 
4.40729122460005e-02 1.00000000000000e+05 
4.42251811657272e-02 1.00000000000000e+05 
4.43773624408132e-02 1.00000000000000e+05 
4.45295709344504e-02 1.00000000000000e+05 
4.46818393335428e-02 1.00000000000000e+05 
4.48342136161496e-02 1.00000000000000e+05 
4.49867606897719e-02 1.00000000000000e+05 
4.51393708430440e-02 1.00000000000000e+05 
4.52918987474982e-02 1.00000000000000e+05 
4.54444638217981e-02 1.00000000000000e+05 
4.55970706571457e-02 1.00000000000000e+05 
4.57497714426606e-02 1.00000000000000e+05 
4.59026221225986e-02 1.00000000000000e+05 
4.60555043360466e-02 1.00000000000000e+05 
4.62082729613321e-02 1.00000000000000e+05 
4.63610389979013e-02 1.00000000000000e+05 
4.65138205305960e-02 1.00000000000000e+05 
4.66666588306547e-02 1.00000000000000e+05 
4.68196245587466e-02 1.00000000000000e+05 
4.69726126691983e-02 1.00000000000000e+05 
4.71254875189204e-02 1.00000000000000e+05 
4.72783545116934e-02 1.00000000000000e+05 
4.74312380162660e-02 1.00000000000000e+05 
4.75841693381190e-02 1.00000000000000e+05 
4.77372303791334e-02 1.00000000000000e+05 
4.78903132548756e-02 1.00000000000000e+05 
4.80432730338194e-02 1.00000000000000e+05 
4.81962380748160e-02 1.00000000000000e+05 
4.83492304894926e-02 1.00000000000000e+05 
4.85022761839330e-02 1.00000000000000e+05 
4.86554096157523e-02 1.00000000003430e+05 
4.88085548560189e-02 1.00000000021106e+05 
4.89615680906159e-02 1.00000000063760e+05 
4.91145615864831e-02 1.00000000236045e+05 
4.92675595364248e-02 1.00000000466982e+05 
4.94205989357078e-02 1.00000000734630e+05 
4.95737266908401e-02 1.00000001036505e+05 
4.97268575728697e-02 1.00000001487789e+05 
4.98798423278819e-02 1.00000001989935e+05 
5.00328157209533e-02 1.00000002426279e+05 
5.01858139242049e-02 1.00000002815665e+05 
5.03388255141332e-02 1.00000003317912e+05 
5.04918954417172e-02 1.00000004067750e+05 
5.06449755063335e-02 1.00000004864053e+05 
5.07980173541034e-02 1.00000005990998e+05 
5.09510904163509e-02 1.00000007674996e+05 
5.11041123476965e-02 1.00000010437657e+05 
5.12571490547957e-02 1.00000014665058e+05 
5.14102678055896e-02 1.00000020748796e+05 
5.15634060518571e-02 1.00000029542948e+05 
5.17165089327089e-02 1.00000041485092e+05 
5.18696461285254e-02 1.00000057355964e+05 
5.20227251005382e-02 1.00000077859399e+05 
5.21758188442518e-02 1.00000103968635e+05 
5.23289945388748e-02 1.00000136846969e+05 
5.24822010040815e-02 1.00000177630488e+05 
5.26253539701181e-02 1.00000223957357e+05 
5.27748647208843e-02 1.00000282015939e+05 
5.29280438368015e-02 1.00000352947420e+05 
5.30812323250038e-02 1.00000436695729e+05 
5.32344868417521e-02 1.00000534581574e+05 
5.33877455157563e-02 1.00000647385474e+05 
5.35409606979676e-02 1.00000775809138e+05 
5.36942032368255e-02 1.00000920399988e+05 
5.38473862360806e-02 1.00001081252293e+05 
5.40005720247099e-02 1.00001258064919e+05 
5.41538290494715e-02 1.00001450192742e+05 
5.43071253051306e-02 1.00001656231176e+05 
5.44603676168145e-02 1.00001875205409e+05 
5.46136434189199e-02 1.00002104643093e+05 
5.47668864500740e-02 1.00002343528722e+05 
5.49201725428463e-02 1.00002588921198e+05 
5.50735793940700e-02 1.00002839150614e+05 
5.52270299915122e-02 1.00003093172503e+05 
5.53804724393693e-02 1.00003353654562e+05 
5.55339538923452e-02 1.00003621258207e+05 
5.56874019303034e-02 1.00003901348597e+05 
5.58408334111912e-02 1.00004200167555e+05 
5.59943201382155e-02 1.00004542357325e+05 
5.61478121445556e-02 1.00004938385328e+05 
5.63012602632420e-02 1.00005432872869e+05 
5.64547294283487e-02 1.00006041376462e+05 
5.66081455512098e-02 1.00006885592211e+05 
5.67615426494709e-02 1.00007977875270e+05 
5.69149955831993e-02 1.00009493349033e+05 
5.70684745074995e-02 1.00011611352136e+05 
5.72219269022677e-02 1.00014515778751e+05 
5.73754246070442e-02 1.00018440656374e+05 
5.75288911042603e-02 1.00023500317300e+05 
5.76824128863255e-02 1.00030056496337e+05 
5.78360272948103e-02 1.00038434962441e+05 
5.79895956062289e-02 1.00048963551709e+05 
5.81430877284861e-02 1.00061993774167e+05 
5.82966079494355e-02 1.00077912178930e+05 
5.84350011784135e-02 1.00095093527786e+05 
5.85790253325073e-02 1.00116158744112e+05 
5.87295707094349e-02 1.00142077794433e+05 
5.88655386074891e-02 1.00169271649633e+05 
5.90067997680485e-02 1.00201663317803e+05 
5.91543184350949e-02 1.00240378383257e+05 
5.92951845776897e-02 1.00282323473497e+05 
5.94424177326269e-02 1.00331694400955e+05 
5.95961294261496e-02 1.00389602212028e+05 
5.97338537109331e-02 1.00447242893396e+05 
5.98781035152882e-02 1.00513581647864e+05 
6.00297641274626e-02 1.00590061510399e+05 
6.01738383747778e-02 1.00669155100415e+05 
6.03253653432620e-02 1.00759043094765e+05 
6.04792951520027e-02 1.00857292451895e+05 
6.06195103304678e-02 1.00952678109871e+05 
6.07680819063888e-02 1.01059527359817e+05 
6.09221529517287e-02 1.01176181875911e+05 
6.10705306976910e-02 1.01293809724019e+05 
6.12156902814283e-02 1.01413211619931e+05 
6.13697130034298e-02 1.01543898153956e+05 
6.15141347859165e-02 1.01669442082154e+05 
6.16674876494395e-02 1.01804587268989e+05 
6.18214586970231e-02 1.01941682183000e+05 
6.19750463586808e-02 1.02077890907778e+05 
6.21290410337375e-02 1.02214290885303e+05 
6.22820144517620e-02 1.02348477363861e+05 
6.24362736606223e-02 1.02481389053995e+05 
6.25906050489222e-02 1.02610261332815e+05 
6.27450454011943e-02 1.02733839459799e+05 
6.28995077977607e-02 1.02851357064628e+05 
6.30539933811130e-02 1.02961954013781e+05 
6.32085493386646e-02 1.03064811286334e+05 
6.33631668343507e-02 1.03158425248171e+05 
6.35177981608290e-02 1.03243940784528e+05 
6.36724896620539e-02 1.03319003414106e+05 
6.38271776640721e-02 1.03382960713760e+05 
6.39818889615426e-02 1.03433275899350e+05 
6.41366764440336e-02 1.03480114055439e+05 
6.42915229527454e-02 1.03514175817544e+05 
6.44463768539562e-02 1.03533212326704e+05 
6.46012830622398e-02 1.03539854688037e+05 
6.47561671416104e-02 1.03537076248282e+05 
6.49110535479071e-02 1.03526159150761e+05 
6.50659786511484e-02 1.03501321642233e+05 
6.52209041385753e-02 1.03477103690906e+05 
6.53757973496358e-02 1.03452615554529e+05 
6.55307463409750e-02 1.03428338070091e+05 
6.56856872815309e-02 1.03402678989163e+05 
6.58406735745846e-02 1.03374956555488e+05 
6.59957500329276e-02 1.03344151999883e+05 
6.61508981178583e-02 1.03309942619097e+05 
6.63060654569619e-02 1.03271959334327e+05 
6.64613070474240e-02 1.03230273396059e+05 
6.66165168337173e-02 1.03185538170282e+05 
6.67717390076625e-02 1.03137893313060e+05 
6.69270056860616e-02 1.03087415080786e+05 
6.70823018795852e-02 1.03034327966573e+05 
6.72375929060276e-02 1.02979108781889e+05 
6.73929066151817e-02 1.02921979386571e+05 
6.75482088550067e-02 1.02863043561569e+05 
6.77034860411570e-02 1.02802930077381e+05 
6.78587639326374e-02 1.02741807899060e+05 
6.80140432339987e-02 1.02680148623162e+05 
6.81693059240802e-02 1.02618256367901e+05 
6.83245498619015e-02 1.02556284152245e+05 
6.84798038914490e-02 1.02494111742380e+05 
6.86351055378448e-02 1.02432408873080e+05 
6.87903667809955e-02 1.02370817069918e+05 
6.89456973727774e-02 1.02309597837043e+05 
6.91010353803109e-02 1.02248765972635e+05 
6.92563256639975e-02 1.02188334933745e+05 
6.94116450206656e-02 1.02127899367081e+05 
6.95669969199636e-02 1.02067745613986e+05 
6.97223577388828e-02 1.02007673337283e+05 
6.98777471843201e-02 1.01947686893974e+05 
7.00331449741986e-02 1.01887800899167e+05 
7.01884942121380e-02 1.01828088551238e+05 
7.03438489053015e-02 1.01768108525343e+05 
7.04992317863637e-02 1.01708340405248e+05 
7.06545896696895e-02 1.01648716752763e+05 
7.08100126003034e-02 1.01589394798525e+05 
7.09654037564103e-02 1.01530547135864e+05 
7.11207141523125e-02 1.01472467584821e+05 
7.12760266154386e-02 1.01414842699833e+05 
7.14314439011339e-02 1.01358031103728e+05 
7.15867509663110e-02 1.01302459937448e+05 
7.17421587733468e-02 1.01248171333278e+05 
7.18974842383060e-02 1.01195365660468e+05 
7.20527309085929e-02 1.01144097624548e+05 
7.22079968143261e-02 1.01094384408974e+05 
7.23634090835966e-02 1.01045692237423e+05 
7.25187225940650e-02 1.00998030174364e+05 
7.26741272452460e-02 1.00951551214955e+05 
7.28294680570409e-02 1.00906612533994e+05 
7.29847214429099e-02 1.00863481797778e+05 
7.31399816479418e-02 1.00821963504873e+05 
7.32953374919634e-02 1.00782111066900e+05 
7.34505980924391e-02 1.00743315254084e+05 
7.36059069596861e-02 1.00705104940494e+05 
7.37611837464568e-02 1.00667563918396e+05 
7.39163795117040e-02 1.00630723260265e+05 
7.40715926863491e-02 1.00594061846308e+05 
7.42268166636556e-02 1.00557731514271e+05 
7.43820464387734e-02 1.00521342934998e+05 
7.45372414867372e-02 1.00484770299785e+05 
7.46924465884499e-02 1.00448522543381e+05 
7.48475511784922e-02 1.00412733225789e+05 
7.50026546058846e-02 1.00376922525262e+05 
7.51577326486804e-02 1.00341603063246e+05 
7.53127967653943e-02 1.00306764235114e+05 
7.54678201859640e-02 1.00272265599254e+05 
7.56228678240813e-02 1.00238402054456e+05 
7.57778639784526e-02 1.00205603622439e+05 
7.59328424976471e-02 1.00173534202311e+05 
7.60877672882105e-02 1.00142664987126e+05 
7.62426809465759e-02 1.00112721268457e+05 
7.63975454705921e-02 1.00083513575439e+05 
7.65524398819300e-02 1.00055474096548e+05 
7.67073164152173e-02 1.00028956580580e+05 
7.68621928006562e-02 1.00003518248902e+05 
7.70169985257783e-02 9.99796369456320e+04 
7.71718090862224e-02 9.99568560211296e+04 
7.73265847678710e-02 9.99349305169060e+04 
7.74813916204437e-02 9.99141714149790e+04 
7.76361940611709e-02 9.98947596321764e+04 
7.77903483471152e-02 9.98760327898398e+04 
7.79450764890680e-02 9.98585786591078e+04 
7.80998267933942e-02 9.98419092560916e+04 
7.82521469021868e-02 9.98258700726968e+04 
7.84068740361099e-02 9.98100180866918e+04 
7.85615276276859e-02 9.97947832896252e+04 
7.87162856112305e-02 9.97793562000324e+04 
7.88709428984858e-02 9.97644451475615e+04 
7.90256573655815e-02 9.97494746802017e+04 
7.91803819797684e-02 9.97340739097114e+04 
7.93351151475727e-02 9.97182998157132e+04 
7.94898530503253e-02 9.97023324508446e+04 
7.96446434769278e-02 9.96845486979815e+04 
7.97993790719846e-02 9.96670790695490e+04 
7.99541516393271e-02 9.96490994324597e+04 
8.01089289611466e-02 9.96299276227692e+04 
8.02637233929702e-02 9.96098505792197e+04 
8.04184640951578e-02 9.95895249972170e+04 
8.05732112523232e-02 9.95682920462356e+04 
8.07279595481727e-02 9.95467026716941e+04 
8.08827542751248e-02 9.95245585519645e+04 
8.10375403528774e-02 9.95013883561552e+04 
8.11923536323253e-02 9.94776782585380e+04 
8.13471533016276e-02 9.94539790291438e+04 
8.15019938045463e-02 9.94293923286289e+04 
8.16568799763044e-02 9.94051989434598e+04 
8.18118161238975e-02 9.93810770055420e+04 
8.19667318774176e-02 9.93570534160346e+04 
8.21216727148179e-02 9.93340656206918e+04 
8.22765655873231e-02 9.93113392197510e+04 
8.24314957095188e-02 9.92888029750630e+04 
8.25865398980445e-02 9.92680538740963e+04 
8.27416214884103e-02 9.92482641427357e+04 
8.28967442098310e-02 9.92286983852888e+04 
8.30518562171515e-02 9.92099721733309e+04 
8.32069204613441e-02 9.91925295585461e+04 
8.33620093423548e-02 9.91760054104771e+04 
8.35172308833448e-02 9.91608554546399e+04 
8.36724341227878e-02 9.91466048733786e+04 
8.38276908563230e-02 9.91320332982008e+04 
8.39829037565228e-02 9.91179961685064e+04 
8.41380647090334e-02 9.91049384290618e+04 
8.42932461457352e-02 9.90928162842246e+04 
8.44485669538197e-02 9.90812654898146e+04 
8.46038633066123e-02 9.90701469854188e+04 
8.47592096557792e-02 9.90582718328053e+04 
8.49145078393574e-02 9.90460193617050e+04 
8.50697382830072e-02 9.90339210802332e+04 
8.52249789371909e-02 9.90218037649093e+04 
8.53803363467091e-02 9.90097181616522e+04 
8.55356631942799e-02 9.89974348507923e+04 
8.56910455503390e-02 9.89836657872901e+04 
8.58463999877553e-02 9.89692051579899e+04 
8.60017268491518e-02 9.89548315043675e+04 
8.61570908218644e-02 9.89404389105055e+04 
8.63126161378961e-02 9.89260986382635e+04 
8.64681216929247e-02 9.89116918658264e+04 
8.66236768921832e-02 9.88957898846724e+04 
8.67791850397813e-02 9.88792417592234e+04 
8.69346180665212e-02 9.88627455456543e+04 
8.70900571006536e-02 9.88463996979790e+04 
8.72456192685832e-02 9.88298251844500e+04 
8.74011487351768e-02 9.88130833210400e+04 
8.75567432840863e-02 9.87951209621880e+04 
8.77123097645113e-02 9.87765509185079e+04 
8.78678249249980e-02 9.87583234468896e+04 
8.80233700792994e-02 9.87395303404890e+04 
8.81790386040250e-02 9.87210697531644e+04 
8.83346667511211e-02 9.87022192308259e+04 
8.84903390052151e-02 9.86830673649637e+04 
8.86459747058684e-02 9.86635277793636e+04 
8.88015566509253e-02 9.86445388124701e+04 
8.89571685350889e-02 9.86251068875332e+04 
8.91129075626269e-02 9.86067563891805e+04 
8.92686124627508e-02 9.85886512737082e+04 
8.94243797348254e-02 9.85711026337782e+04 
8.95801217072161e-02 9.85540141047260e+04 
8.97358136705417e-02 9.85380630196448e+04 
8.98915391067323e-02 9.85224788339824e+04 
9.00473949786796e-02 9.85088484601314e+04 
9.02032117218874e-02 9.84962371133346e+04 
9.03590944764366e-02 9.84848666948788e+04 
9.05149566926623e-02 9.84744816304386e+04 
9.06707745281832e-02 9.84656908729077e+04 
9.08266348842419e-02 9.84573648615559e+04 
9.09826354956078e-02 9.84526455008068e+04 
9.11386005017079e-02 9.84480828267085e+04 
9.12946376003278e-02 9.84431394899247e+04 
9.14506608581477e-02 9.84396956442618e+04 
9.16066451932296e-02 9.84389065367918e+04 
9.17626739705478e-02 9.84405324205047e+04 
9.19188411658043e-02 9.84434755503510e+04 
9.20749655486499e-02 9.84478220861547e+04 
9.22311521152419e-02 9.84509203900235e+04 
9.23873170330302e-02 9.84538292472531e+04 
9.25434382132882e-02 9.84578731589380e+04 
9.26996040084757e-02 9.84632995266845e+04 
9.28559061204995e-02 9.84696554529102e+04 
9.30121629666825e-02 9.84758100429311e+04 
9.31684855501778e-02 9.84801106156994e+04 
9.33247879357831e-02 9.84840961799277e+04 
9.34810516739531e-02 9.84884478858500e+04 
9.36373621969296e-02 9.84936011237805e+04 
9.37938192666101e-02 9.84999467973255e+04 
9.39502301143303e-02 9.85063140493499e+04 
9.41067085689613e-02 9.85107242707020e+04 
9.42631649877080e-02 9.85161241340070e+04 
9.44195785670152e-02 9.85222677766535e+04 
9.45760381808472e-02 9.85287858429739e+04 
9.47325547009486e-02 9.85373900312165e+04 
9.48891148235420e-02 9.85459743573253e+04 
9.50457205318174e-02 9.85540192540685e+04 
9.52023344021998e-02 9.85631532877495e+04 
9.53589096814639e-02 9.85732157128571e+04 
9.55155314569488e-02 9.85816228389050e+04 
9.56721208262390e-02 9.85922933739533e+04 
9.58287876376102e-02 9.86041753037037e+04 
9.59854688382063e-02 9.86172667354396e+04 
9.61421695396936e-02 9.86312546968354e+04 
9.62988922243482e-02 9.86456645921730e+04 
9.64555968779395e-02 9.86611048017464e+04 
9.66122706632324e-02 9.86779268856920e+04 
9.67690204318825e-02 9.86955630220668e+04 
9.69257836458142e-02 9.87128738829778e+04 
9.70825659495713e-02 9.87294655258391e+04 
9.72393705734944e-02 9.87473483494568e+04 
9.73961605358804e-02 9.87649311489066e+04 
9.75529234343674e-02 9.87828321834511e+04 
9.77097630702081e-02 9.88021374651060e+04 
9.78666190257427e-02 9.88203220241670e+04 
9.80234962585747e-02 9.88371749414476e+04 
9.81803934487448e-02 9.88545219476546e+04 
9.83372780768246e-02 9.88720479671811e+04 
9.84941363774858e-02 9.88894964815140e+04 
9.86510690506093e-02 9.89082890095254e+04 
9.88080130315669e-02 9.89261767308119e+04 
9.89649824447686e-02 9.89425023454642e+04 
9.91219307292132e-02 9.89588369700299e+04 
9.92788935333527e-02 9.89762505602900e+04 
9.94358520636102e-02 9.89934237444242e+04 
9.95928578194636e-02 9.90119488647436e+04 
9.97498717675917e-02 9.90294534053216e+04 
9.99069211130780e-02 9.90452645572819e+04 
1.00063945370375e-01 9.90601388552513e+04 
1.00220990269500e-01 9.90775068657409e+04 
1.00378053150332e-01 9.90944392034840e+04 
1.00535147923854e-01 9.91125984990526e+04 
1.00692251288592e-01 9.91296332354018e+04 
1.00849386896766e-01 9.91447291850413e+04 
1.01006495073239e-01 9.91593882678577e+04 
1.01163623523613e-01 9.91763714605468e+04 
1.01320767252447e-01 9.91929918437232e+04 
1.01477940283926e-01 9.92109068777514e+04 
1.01635118914091e-01 9.92263306994944e+04 
1.01792326274123e-01 9.92407019327507e+04 
1.01949499985460e-01 9.92560070422499e+04 
1.02106691243339e-01 9.92732578716735e+04 
1.02263891090963e-01 9.92898562836975e+04 
1.02421115574963e-01 9.93077553526542e+04 
1.02578341659118e-01 9.93225160550644e+04 
1.02735597430655e-01 9.93366159295556e+04 
1.02892820136402e-01 9.93515921496350e+04 
1.03050057885534e-01 9.93684529872779e+04 
1.03207301651953e-01 9.93846387941131e+04 
1.03364569308000e-01 9.94021013284266e+04 
1.03521840744616e-01 9.94165374027188e+04 
1.03679143340280e-01 9.94301962566735e+04 
1.03836413500696e-01 9.94447018358837e+04 
1.03993699753937e-01 9.94610315705575e+04 
1.04150992428721e-01 9.94767042127954e+04 
1.04308310020595e-01 9.94936571434210e+04 
1.04465633930474e-01 9.95076378401234e+04 
1.04622992726291e-01 9.95210492016510e+04 
1.04780324473351e-01 9.95353135729970e+04 
1.04937676718692e-01 9.95512611644626e+04 
1.05095039321641e-01 9.95665600732014e+04 
1.05252430191622e-01 9.95830411332994e+04 
1.05409830179583e-01 9.95967567399945e+04 
1.05567264563838e-01 9.96097569350832e+04 
1.05724675089154e-01 9.96235863997142e+04 
1.05882110089680e-01 9.96389360486356e+04 
1.06039558818197e-01 9.96538041309632e+04 
1.06197037106900e-01 9.96697068266707e+04 
1.06354525496053e-01 9.96830499063984e+04 
1.06512044307890e-01 9.96954266198186e+04 
1.06669539147142e-01 9.97084836367485e+04 
1.06827057521709e-01 9.97228793141786e+04 
1.06984587976868e-01 9.97370071539429e+04 
1.07142145081878e-01 9.97514578721591e+04 
1.07299710232900e-01 9.97645939494594e+04 
1.07457301693595e-01 9.97758271297206e+04 
1.07614869384045e-01 9.97874483927149e+04 
1.07772460940543e-01 9.97992714948573e+04 
1.07930064559922e-01 9.98113194578811e+04 
1.08087695599910e-01 9.98232676006608e+04 
1.08245335579868e-01 9.98338790219528e+04 
1.08403001887523e-01 9.98442029479880e+04 
1.08560646898522e-01 9.98547727719455e+04 
1.08718316364389e-01 9.98650392580891e+04 
1.08875997596366e-01 9.98759266992351e+04 
1.09033709999952e-01 9.98867842447962e+04 
1.09191429777344e-01 9.98968105326706e+04 
1.09349182059039e-01 9.99059061894601e+04 
1.09506922526099e-01 9.99151730790710e+04 
1.09664684775416e-01 9.99249719347941e+04 
1.09822445470074e-01 9.99346160571112e+04 
1.09980222015405e-01 9.99450582271569e+04 
1.10137999587185e-01 9.99532383985215e+04 
1.10295799831768e-01 9.99607238638811e+04 
1.10453575061715e-01 9.99694169013025e+04 
1.10611367616581e-01 9.99778267607652e+04 
1.10769154940185e-01 9.99863074474377e+04 
1.10926959113311e-01 9.99947308033709e+04 
1.11084761707059e-01 1.00001652413659e+05 
1.11242596197132e-01 1.00007367826251e+05 
1.11400402502762e-01 1.00012878910993e+05 
1.11558222157272e-01 1.00017824299548e+05 
1.11716027348100e-01 1.00022594349719e+05 
1.11873845870646e-01 1.00027155043396e+05 
1.12031663978755e-01 1.00030182894528e+05 
1.12189522148069e-01 1.00032078132843e+05 
1.12347355682860e-01 1.00034283951008e+05 
1.12505205562854e-01 1.00035536994769e+05 
1.12663037609831e-01 1.00037032613974e+05 
1.12820884747399e-01 1.00038245148697e+05 
1.12978733656215e-01 1.00038354415570e+05 
1.13136628807107e-01 1.00036536665924e+05 
1.13294503034328e-01 1.00035153503552e+05 
1.13452397630017e-01 1.00034020125642e+05 
1.13610275773656e-01 1.00033394085814e+05 
1.13768172347974e-01 1.00033533389232e+05 
1.13926074177268e-01 1.00032802406181e+05 
1.14084025312737e-01 1.00030650340060e+05 
1.14241958867786e-01 1.00029629317656e+05 
1.14399916995226e-01 1.00029270993204e+05 
1.14557860682783e-01 1.00029654785059e+05 
1.14715823252421e-01 1.00030217323397e+05 
1.14873791425576e-01 1.00029127384104e+05 
1.15031807404444e-01 1.00027704334353e+05 
1.15189806056446e-01 1.00027212049218e+05 
1.15347830396779e-01 1.00027399747382e+05 
1.15505841539632e-01 1.00027824624016e+05 
1.15663872761887e-01 1.00028796698960e+05 
1.15821909198564e-01 1.00028243587004e+05 
1.15979992510999e-01 1.00027300545072e+05 
1.16138060733281e-01 1.00026902112776e+05 
1.16296155379100e-01 1.00027166147783e+05 
1.16454238964781e-01 1.00027755580099e+05 
1.16612347313947e-01 1.00028609829354e+05 
1.16770460835424e-01 1.00027904258094e+05 
1.16928620628039e-01 1.00026635738381e+05 
1.17086766569344e-01 1.00026019546388e+05 
1.17244939398584e-01 1.00025756585860e+05 
1.17403099944922e-01 1.00025794773256e+05 
1.17561286368853e-01 1.00026188046824e+05 
1.17719476296817e-01 1.00024919582394e+05 
1.17877710901697e-01 1.00023356322525e+05 
1.18035929835820e-01 1.00022337517975e+05 
1.18194173476554e-01 1.00021772537386e+05 
1.18352397723426e-01 1.00021619198496e+05 
1.18510647423817e-01 1.00021749888803e+05 
1.18668894973660e-01 1.00020774497004e+05 
1.18827189227177e-01 1.00019160817038e+05 
1.18985465858079e-01 1.00017548831105e+05 
1.19143761477132e-01 1.00016552502195e+05 
1.19302024528011e-01 1.00016055316054e+05 
1.19460309989890e-01 1.00015914366332e+05 
1.19618588975459e-01 1.00014942070669e+05 
1.19776915756931e-01 1.00013325090474e+05 
1.19935226204199e-01 1.00011531255453e+05 
1.20093555741529e-01 1.00010350797516e+05 
1.20251848190009e-01 1.00009835843494e+05 
1.20410167437378e-01 1.00009511372034e+05 
1.20568482155715e-01 1.00008260537389e+05 
1.20726850468493e-01 1.00006446930664e+05 
1.20885209763449e-01 1.00005039989414e+05 
1.21043592592392e-01 1.00003544218779e+05 
1.21201939257370e-01 1.00002863333410e+05 
1.21360315415468e-01 1.00002217467732e+05 
1.21518686963229e-01 1.00000840194882e+05 
1.21677066722273e-01 9.99990025001837e+04 
1.21835458785463e-01 9.99978717588288e+04 
1.21993858396352e-01 9.99967714292740e+04 
1.22152229802661e-01 9.99961886425532e+04 
1.22310613071291e-01 9.99956106736260e+04 
1.22468999386862e-01 9.99941232423194e+04 
1.22627398309974e-01 9.99922594104244e+04 
1.22785812120182e-01 9.99911565352014e+04 
1.22944240310511e-01 9.99903130648459e+04 
1.23102647931524e-01 9.99897622030922e+04 
1.23261069823651e-01 9.99892001337104e+04 
1.23419497382195e-01 9.99875729552190e+04 
1.23577937191138e-01 9.99855547979341e+04 
1.23736389155577e-01 9.99843078176460e+04 
1.23894856990799e-01 9.99830495665121e+04 
1.24053306259174e-01 9.99820883138870e+04 
1.24211770497161e-01 9.99810341203679e+04 
1.24370245884968e-01 9.99797313056106e+04 
1.24528736726426e-01 9.99779024123909e+04 
1.24687240299385e-01 9.99766355362028e+04 
1.24845762776703e-01 9.99751105771135e+04 
1.25004271114012e-01 9.99739384171745e+04 
1.25162795529619e-01 9.99728646962926e+04 
1.25321333314364e-01 9.99714626974241e+04 
1.25479887789094e-01 9.99699150205494e+04 
1.25638454643917e-01 9.99686778032781e+04 
1.25797041457465e-01 9.99671676892745e+04 
1.25955614840606e-01 9.99661845260358e+04 
1.26114202629590e-01 9.99653411348022e+04 
1.26272803398797e-01 9.99646347827533e+04 
1.26431419321589e-01 9.99641232551937e+04 
1.26590046324207e-01 9.99634203032370e+04 
1.26748692578874e-01 9.99630732945273e+04 
1.26907324167685e-01 9.99636484266096e+04 
1.27065967186829e-01 9.99651206980231e+04 
1.27224621056140e-01 9.99662069270521e+04 
1.27383288127631e-01 9.99675177741636e+04 
1.27541965485607e-01 9.99695214981973e+04 
1.27700661402786e-01 9.99720481999170e+04 
1.27859340774899e-01 9.99755068086611e+04 
1.28018029174798e-01 9.99798320779408e+04 
1.28176727199642e-01 9.99837218178473e+04 
1.28335437836027e-01 9.99878166271942e+04 
1.28494159358386e-01 9.99924897909612e+04 
1.28652899244580e-01 9.99976518777727e+04 
1.28811621547053e-01 1.00003692223730e+05 
1.28970350937736e-01 1.00010520825075e+05 
1.29129089444939e-01 1.00017002768089e+05 
1.29287839756350e-01 1.00023846234508e+05 
1.29446601216945e-01 1.00031318538523e+05 
1.29605380439343e-01 1.00039288843243e+05 
1.29764142920252e-01 1.00048231597296e+05 
1.29922911386913e-01 1.00058077054762e+05 
1.30081690090828e-01 1.00067847745092e+05 
1.30240480672537e-01 1.00077988495580e+05 
1.30399285463691e-01 1.00088812899252e+05 
1.30558111134764e-01 1.00099756946398e+05 
1.30716926126840e-01 1.00111508521159e+05 
1.30875752206451e-01 1.00124069963656e+05 
1.31034593499416e-01 1.00136562055694e+05 
1.31193451874005e-01 1.00148807082385e+05 
1.31352330433115e-01 1.00161817110663e+05 
1.31511236937842e-01 1.00174766283413e+05 
1.31670139647762e-01 1.00188143997873e+05 
1.31829058917525e-01 1.00201988553785e+05 
1.31987999390397e-01 1.00215545538616e+05 
1.32146959755887e-01 1.00228577002093e+05 
1.32305942558857e-01 1.00242248819337e+05 
1.32464956969717e-01 1.00255670797107e+05 
1.32623971411976e-01 1.00269361375498e+05 
1.32783005022887e-01 1.00283229859384e+05 
1.32942061416859e-01 1.00296602312235e+05 
1.33101138666476e-01 1.00309338531391e+05 
1.33260238355054e-01 1.00322537127798e+05 
1.33419373394089e-01 1.00335301211963e+05 
1.33578512302089e-01 1.00348217287062e+05 
1.33737675990729e-01 1.00361160183756e+05 
1.33896869337104e-01 1.00373523635130e+05 
1.34056087919862e-01 1.00384965622976e+05 
1.34215330762340e-01 1.00396677372615e+05 
1.34374611828326e-01 1.00407792855050e+05 
1.34533898626420e-01 1.00418982122633e+05 
1.34693211328016e-01 1.00430175234820e+05 
1.34852554557241e-01 1.00440730536121e+05 
1.35011922175773e-01 1.00450271356579e+05 
1.35171312671180e-01 1.00459987850504e+05 
1.35330741567496e-01 1.00468921557201e+05 
1.35490176045374e-01 1.00477962603525e+05 
1.35649636846817e-01 1.00487223781445e+05 
1.35809129171366e-01 1.00495849023019e+05 
1.35968645866571e-01 1.00503735117707e+05 
1.36128185980552e-01 1.00511640995373e+05 
1.36287764908810e-01 1.00518952118532e+05 
1.36447349840546e-01 1.00526501944245e+05 
1.36606961161184e-01 1.00534327490078e+05 
1.36766603699652e-01 1.00541463959924e+05 
1.36926268627193e-01 1.00548099274872e+05 
1.37085956748750e-01 1.00554811084688e+05 
1.37245681198050e-01 1.00561017263756e+05 
1.37405409719068e-01 1.00567455786233e+05 
1.37565160866866e-01 1.00574027069284e+05 
1.37724938870546e-01 1.00579777103343e+05 
1.37884733076089e-01 1.00584788692400e+05 
1.38044547687074e-01 1.00589800916302e+05 
1.38204393759156e-01 1.00593934185684e+05 
1.38364240757837e-01 1.00598488934788e+05 
1.38524104739664e-01 1.00603031612906e+05 
1.38683991039355e-01 1.00606937399355e+05 
1.38843887981387e-01 1.00609999402632e+05 
1.39003804223332e-01 1.00613013946743e+05 
1.39163749860161e-01 1.00615623323439e+05 
1.39323697213918e-01 1.00618596193873e+05 
1.39483659807632e-01 1.00622157912458e+05 
1.39643644771351e-01 1.00624874357290e+05 
1.39803639580771e-01 1.00627097723823e+05 
1.39963652154168e-01 1.00629871455448e+05 
1.40123701179071e-01 1.00632412660349e+05 
1.40283730727488e-01 1.00635112915675e+05 
1.40443781635860e-01 1.00638435547755e+05 
1.40603886016724e-01 1.00641188238944e+05 
1.40764003962804e-01 1.00643520337649e+05 
1.40924104082156e-01 1.00646626116919e+05 
1.41084264776680e-01 1.00649395775050e+05 
1.41244392804806e-01 1.00652331542140e+05 
1.41404549948129e-01 1.00655756430689e+05 
1.41564771598085e-01 1.00658953635199e+05 
1.41725001894709e-01 1.00661598176251e+05 
1.41885222592487e-01 1.00664972677844e+05 
1.42045500469290e-01 1.00667716299197e+05 
1.42205752376682e-01 1.00670782666332e+05 
1.42366037794827e-01 1.00674291045459e+05 
1.42526388053583e-01 1.00677898611318e+05 
1.42686743106846e-01 1.00680884517478e+05 
1.42847095470200e-01 1.00684411671387e+05 
1.43007497746613e-01 1.00687009061143e+05 
1.43167877156610e-01 1.00690095689741e+05 
1.43328290544511e-01 1.00693510622419e+05 
1.43488765612581e-01 1.00696797004172e+05 
1.43649234842743e-01 1.00699453555846e+05 
1.43809694108280e-01 1.00702935561971e+05 
1.43970207325789e-01 1.00705469508692e+05 
1.44130689224954e-01 1.00708258330036e+05 
1.44291196009401e-01 1.00711961479316e+05 
1.44451759265528e-01 1.00715088416221e+05 
1.44612263459484e-01 1.00717510010004e+05 
1.44772759732063e-01 1.00720748527234e+05 
1.44933370884198e-01 1.00722739385540e+05 
1.45093966354478e-01 1.00725077682570e+05 
1.45254588024560e-01 1.00727995847277e+05 
1.45415252852894e-01 1.00730753261158e+05 
1.45575834612746e-01 1.00732518573417e+05 
1.45736411936111e-01 1.00734798880098e+05 
1.45897140202626e-01 1.00735740924791e+05 
1.46057795489397e-01 1.00736724715432e+05 
1.46218497481794e-01 1.00738022508785e+05 
1.46379221540829e-01 1.00738892962316e+05 
1.46539884970054e-01 1.00738851408598e+05 
1.46700544359372e-01 1.00738981974195e+05 
1.46861321979624e-01 1.00737601886576e+05 
1.47022010384105e-01 1.00736020697617e+05 
1.47182753750659e-01 1.00734515164729e+05 
1.47343514369521e-01 1.00732661469101e+05 
1.47504272847075e-01 1.00730509837028e+05 
1.47665032226182e-01 1.00728233790500e+05 
1.47825859575699e-01 1.00724771329726e+05 
1.47986602514390e-01 1.00720534448317e+05 
1.48147406219150e-01 1.00715760483661e+05 
1.48308229642109e-01 1.00710122552849e+05 
1.48469083483692e-01 1.00703168947396e+05 
1.48629944513332e-01 1.00695861145521e+05 
1.48790855317715e-01 1.00686803260608e+05 
1.48951687853636e-01 1.00677228395428e+05 
1.49112587444192e-01 1.00667219876094e+05 
1.49273508052608e-01 1.00656048890224e+05 
1.49434463844814e-01 1.00644020417293e+05 
1.49595433440129e-01 1.00631337497077e+05 
1.49756457057738e-01 1.00617537134018e+05 
1.49917405601550e-01 1.00603225599304e+05 
1.50078425330333e-01 1.00588219310573e+05 
1.50239464125504e-01 1.00572661446924e+05 
1.50400540675439e-01 1.00556300248894e+05 
1.50561635581216e-01 1.00539917219959e+05 
1.50722785768507e-01 1.00522762274929e+05 
1.50883862445426e-01 1.00505067915331e+05 
1.51045011946281e-01 1.00487333547756e+05 
1.51206176880523e-01 1.00469309568171e+05 
1.51367379759315e-01 1.00450777882372e+05 
1.51528602866753e-01 1.00432496447499e+05 
1.51689880295944e-01 1.00413490328645e+05 
1.51851084774110e-01 1.00394589367787e+05 
1.52012361616353e-01 1.00375833423183e+05 
1.52173649545315e-01 1.00356946920491e+05 
1.52334974890218e-01 1.00337671160210e+05 
1.52496320666450e-01 1.00318770864471e+05 
1.52657719452886e-01 1.00299287649474e+05 
1.52819045782159e-01 1.00280088399962e+05 
1.52980444384828e-01 1.00261171096789e+05 
1.53141850603634e-01 1.00242220109074e+05 
1.53303295006043e-01 1.00223090787523e+05 
1.53464760673275e-01 1.00204508402700e+05 
1.53626279403850e-01 1.00185509548582e+05 
1.53787726279253e-01 1.00166983421197e+05 
1.53949247053342e-01 1.00148932377167e+05 
1.54110737656251e-01 1.00130917520438e+05 
1.54272294152228e-01 1.00112968350746e+05 
1.54433884120405e-01 1.00095675188399e+05 
1.54595528374990e-01 1.00078145400291e+05 
1.54757081284243e-01 1.00061142437983e+05 
1.54918695294250e-01 1.00044726343544e+05 
1.55080267387133e-01 1.00028421677386e+05 
1.55241906256560e-01 1.00012266403009e+05 
1.55403612407504e-01 9.99967458331553e+04 
1.55565346488491e-01 9.99810904822575e+04 
1.55726980069882e-01 9.99660337546113e+04 
1.55888674605373e-01 9.99515923779057e+04 
1.56050327445688e-01 9.99372114078412e+04 
1.56212048966428e-01 9.99230678029316e+04 
1.56373839932645e-01 9.99095457844479e+04 
1.56535662120821e-01 9.98960240258877e+04 
1.56697383100958e-01 9.98831108984892e+04 
1.56859166340594e-01 9.98708322501503e+04 
1.57020909263296e-01 9.98583993543697e+04 
1.57182722950428e-01 9.98462765852003e+04 
1.57344609539542e-01 9.98348397328189e+04 
1.57506530345813e-01 9.98234781785431e+04 
1.57668349936535e-01 9.98129054204923e+04 
1.57830233277279e-01 9.98029062656657e+04 
1.57992076041003e-01 9.97931955187225e+04 
1.58153990802479e-01 9.97837201810935e+04 
1.58315981426180e-01 9.97749476622000e+04 
1.58478007275283e-01 9.97661920444576e+04 
1.58639930601297e-01 9.97581393696562e+04 
1.58801918287579e-01 9.97507021894079e+04 
1.58963861946925e-01 9.97433179268474e+04 
1.59125877133087e-01 9.97360467535633e+04 
1.59287968302766e-01 9.97294581794213e+04 
1.59450092019549e-01 9.97228896658278e+04 
1.59612105059316e-01 9.97169194283523e+04 
1.59774180363978e-01 9.97114419888088e+04 
1.59936203984299e-01 9.97056896464216e+04 
1.60098298573346e-01 9.96997298236345e+04 
1.60260469639874e-01 9.96943805438928e+04 
1.60422672404762e-01 9.96888016534326e+04 
1.60584761291498e-01 9.96835277864876e+04 
1.60746913586111e-01 9.96786688926448e+04 
1.60909014694759e-01 9.96732700723878e+04 
1.61071188628085e-01 9.96673865228170e+04 
1.61233442208011e-01 9.96618255817887e+04 
1.61395730354682e-01 9.96561428744117e+04 
1.61557904828371e-01 9.96507247128938e+04 
1.61720143880758e-01 9.96457280970028e+04 
1.61882334836158e-01 9.96399631567190e+04 
1.62044599578480e-01 9.96337804740494e+04 
1.62206946219851e-01 9.96281415897432e+04 
1.62369332273468e-01 9.96228319095792e+04 
1.62531609765856e-01 9.96176712018785e+04 
1.62693954716247e-01 9.96129203892514e+04 
1.62856259927926e-01 9.96070452222114e+04 
1.63018640804756e-01 9.96009369888110e+04 
1.63181108279056e-01 9.95954565501736e+04 
1.63343622195575e-01 9.95904112624167e+04 
1.63506038488609e-01 9.95856933837718e+04 
1.63668526694748e-01 9.95814701827015e+04 
1.63830984892967e-01 9.95763279320127e+04 
1.63993520788580e-01 9.95709844202406e+04 
1.64156149084681e-01 9.95661277624335e+04 
1.64318829126116e-01 9.95618055569204e+04 
1.64481422650364e-01 9.95577642264459e+04 
1.64644091441693e-01 9.95538195407009e+04 
1.64806734774275e-01 9.95494089089257e+04 
1.64969456455331e-01 9.95445605085303e+04 
1.65132273827044e-01 9.95403342398942e+04 
1.65295142585718e-01 9.95361142660897e+04 
1.65457929329584e-01 9.95325519628832e+04 
1.65620791043845e-01 9.95292385141358e+04 
1.65783623218082e-01 9.95249949776890e+04 
1.65946532410115e-01 9.95203693112256e+04 
1.66109536036295e-01 9.95162577797970e+04 
1.66272584823959e-01 9.95128534434443e+04 
1.66435547105489e-01 9.95097885976729e+04 
1.66598579965036e-01 9.95069818693752e+04 
1.66761572868644e-01 9.95030639352407e+04 
1.66924640486057e-01 9.94991878652241e+04 
1.67087798431940e-01 9.94960164739386e+04 
1.67250987561213e-01 9.94932093467503e+04 
1.67414089414741e-01 9.94910682382818e+04 
1.67577217996863e-01 9.94895308318326e+04 
1.67740338702062e-01 9.94875094031273e+04 
1.67903500221762e-01 9.94854659136386e+04 
1.68066701327286e-01 9.94840947867861e+04 
1.68229931216365e-01 9.94832949331844e+04 
1.68393115090409e-01 9.94829947399091e+04 
1.68556283677588e-01 9.94833675619580e+04 
1.68719450024382e-01 9.94830441941113e+04 
1.68882657243999e-01 9.94826808180089e+04 
1.69045907814177e-01 9.94829660774624e+04 
1.69209191719309e-01 9.94839151941904e+04 
1.69372435904170e-01 9.94853879164796e+04 
1.69535670618164e-01 9.94873927498317e+04 
1.69698910595404e-01 9.94885675626528e+04 
1.69862198335777e-01 9.94897861094563e+04 
1.70025528216327e-01 9.94915755695875e+04 
1.70188904934548e-01 9.94938531401712e+04 
1.70352251827926e-01 9.94965613639628e+04 
1.70515595777642e-01 9.94994853957806e+04 
1.70678951334120e-01 9.95019788715274e+04 
1.70842358257193e-01 9.95042189947074e+04 
1.71005789390902e-01 9.95071299902362e+04 
1.71169282491949e-01 9.95098658173842e+04 
1.71332759876311e-01 9.95131292071238e+04 
1.71496235668234e-01 9.95170392651669e+04 
1.71659722670862e-01 9.95206077048666e+04 
1.71823253104824e-01 9.95241983693315e+04 
1.71986786267216e-01 9.95283050116758e+04 
1.72150377606699e-01 9.95328020932786e+04 
1.72313970174648e-01 9.95377951479796e+04 
1.72477553851726e-01 9.95433033509206e+04 
1.72641143995456e-01 9.95482366693858e+04 
1.72804753830093e-01 9.95518514661698e+04 
1.72968359331151e-01 9.95562007080599e+04 
1.73132016457731e-01 9.95616277999848e+04 
1.73295670334011e-01 9.95671659790201e+04 
1.73459307025436e-01 9.95733073077095e+04 
1.73622948469789e-01 9.95779009165928e+04 
1.73786599329338e-01 9.95821250985397e+04 
1.73950242361509e-01 9.95869785003610e+04 
1.74113933966815e-01 9.95924192635731e+04 
1.74277619540088e-01 9.95981873977148e+04 
1.74441284683809e-01 9.96044417626710e+04 
1.74604951336952e-01 9.96095397662252e+04 
1.74768630552912e-01 9.96142285719829e+04 
1.74932304803024e-01 9.96195000569115e+04 
1.75096030394032e-01 9.96253734081141e+04 
1.75259751980681e-01 9.96314790110918e+04 
1.75423457303283e-01 9.96380869822481e+04 
1.75587166850255e-01 9.96436005320941e+04 
1.75750896065758e-01 9.96488465192681e+04 
1.75914626768583e-01 9.96547673312308e+04 
1.76078414566456e-01 9.96613120310831e+04 
1.76242204753757e-01 9.96683039168178e+04 
1.76405986108480e-01 9.96760106716468e+04 
1.76569783078844e-01 9.96827596430003e+04 
1.76733600260341e-01 9.96891251750437e+04 
1.76897424667334e-01 9.96958721457423e+04 
1.77061310845764e-01 9.97028613709333e+04 
1.77225205659540e-01 9.97103280074925e+04 
1.77389098588237e-01 9.97181482194898e+04 
1.77553017851138e-01 9.97249580482578e+04 
1.77716952855106e-01 9.97313457987014e+04 
1.77880897289069e-01 9.97380027973095e+04 
1.78044904565813e-01 9.97450595422271e+04 
1.78208923496285e-01 9.97521513819952e+04 
1.78372943497441e-01 9.97596996695428e+04 
1.78536990349382e-01 9.97661947093826e+04 
1.78701050923684e-01 9.97722650278686e+04 
1.78865119955445e-01 9.97787732167977e+04 
1.79029249672150e-01 9.97855452168446e+04 
1.79193389812985e-01 9.97924595284326e+04 
1.79357530789124e-01 9.97993023450479e+04 
1.79521696555167e-01 9.98052986654327e+04 
1.79685872586997e-01 9.98107705219626e+04 
1.79850055669415e-01 9.98165793386322e+04 
1.80014296379427e-01 9.98222378718864e+04 
1.80178543800803e-01 9.98279049365312e+04 
1.80342791740610e-01 9.98336394911572e+04 
1.80507062388812e-01 9.98391005712644e+04 
1.80671341456197e-01 9.98439396863908e+04 
1.80835627835335e-01 9.98488959842711e+04 
1.80999970130786e-01 9.98538472300351e+04 
1.81164315533751e-01 9.98592190005863e+04 
1.81328662544277e-01 9.98654177094696e+04 
1.81493031061815e-01 9.98711122664073e+04 
1.81657407957229e-01 9.98766718598574e+04 
1.81821793649090e-01 9.98828321978728e+04 
1.81986234952273e-01 9.98895877283247e+04 
1.82150676630144e-01 9.98967208149217e+04 
1.82315121679069e-01 9.99049534051012e+04 
1.82479585237499e-01 9.99128262317720e+04 
1.82644060991149e-01 9.99202129382756e+04 
1.82808547813118e-01 9.99285093845855e+04 
1.82973091267409e-01 9.99376830599451e+04 
1.83137634215467e-01 9.99475657673073e+04 
1.83302183333252e-01 9.99582626456952e+04 
1.83466744161504e-01 9.99686895825734e+04 
1.83631327245626e-01 9.99791563980081e+04 
1.83795923773200e-01 9.99901825337021e+04 
1.83960577855546e-01 1.00001798711719e+05 
1.84125230166904e-01 1.00014045011713e+05 
1.84289886039023e-01 1.00027028512701e+05 
1.84454548298073e-01 1.00039637153374e+05 
1.84619241637292e-01 1.00052057449036e+05 
1.84783949738290e-01 1.00064983356465e+05 
1.84948716436855e-01 1.00078230248958e+05 
1.85113475812961e-01 1.00091768953329e+05 
1.85278237696073e-01 1.00105664037173e+05 
1.85443006952330e-01 1.00118782334306e+05 
1.85607817964329e-01 1.00131237986406e+05 
1.85772645463173e-01 1.00143800854833e+05 
1.85937532355183e-01 1.00156173291034e+05 
1.86102403327975e-01 1.00168402473255e+05 
1.86267276859808e-01 1.00180667251969e+05 
1.86432157333104e-01 1.00191837884625e+05 
1.86597082520984e-01 1.00201970033875e+05 
1.86762030503223e-01 1.00211845327823e+05 
1.86927024036672e-01 1.00221149370989e+05 
1.87092006990554e-01 1.00230002166898e+05 
1.87256991764625e-01 1.00238659219052e+05 
1.87421982168584e-01 1.00246092634718e+05 
1.87587017421042e-01 1.00252467630286e+05 
1.87752070535304e-01 1.00258586406519e+05 
1.87917138424152e-01 1.00264169452747e+05 
1.88082211549824e-01 1.00269400252653e+05 
1.88247295254514e-01 1.00274538188411e+05 
1.88412386496027e-01 1.00278685571633e+05 
1.88577491031087e-01 1.00281936992344e+05 
1.88742611578601e-01 1.00285151891351e+05 
1.88907746759702e-01 1.00287995029047e+05 
1.89072887665256e-01 1.00290716921602e+05 
1.89238040171016e-01 1.00293498075688e+05 
1.89403201353882e-01 1.00295603827141e+05 
1.89568376980971e-01 1.00297043873568e+05 
1.89733570664112e-01 1.00298696657866e+05 
1.89898781994929e-01 1.00300168729730e+05 
1.90064001503758e-01 1.00301791290595e+05 
1.90229235958230e-01 1.00303663429281e+05 
1.90394474193045e-01 1.00305020042416e+05 
1.90559738875960e-01 1.00305865258935e+05 
1.90725024730713e-01 1.00307044962929e+05 
1.90890331352521e-01 1.00308020502916e+05 
1.91055647269863e-01 1.00309215517978e+05 
1.91220955341049e-01 1.00310675516643e+05 
1.91386263723037e-01 1.00311679404519e+05 
1.91551622259381e-01 1.00312138762309e+05 
1.91717015612464e-01 1.00312824116556e+05 
1.91882430397052e-01 1.00313100523290e+05 
1.92047845017888e-01 1.00313410828798e+05 
1.92213259214916e-01 1.00313834655168e+05 
1.92378683416133e-01 1.00313673868543e+05 
1.92544163560912e-01 1.00312871232490e+05 
1.92709665624508e-01 1.00312177733359e+05 
1.92875187865931e-01 1.00311005230374e+05 
1.93040720356765e-01 1.00309813296052e+05 
1.93206268262165e-01 1.00308790560281e+05 
1.93371830235438e-01 1.00307308542096e+05 
1.93537404700597e-01 1.00305430850692e+05 
1.93703007278022e-01 1.00303878633165e+05 
1.93868628213812e-01 1.00302106170993e+05 
1.94034258485728e-01 1.00300697783674e+05 
1.94199903293041e-01 1.00299788807823e+05 
1.94365561358441e-01 1.00298901116440e+05 
1.94531238765295e-01 1.00298015890697e+05 
1.94696935965720e-01 1.00297899049827e+05 
1.94862651488370e-01 1.00297901937717e+05 
1.95028377327123e-01 1.00298587116067e+05 
1.95194118368632e-01 1.00300031945012e+05 
1.95359872947424e-01 1.00301766180830e+05 
1.95525646521447e-01 1.00303698426270e+05 
1.95691439740725e-01 1.00306525510482e+05 
1.95857251656377e-01 1.00309483502943e+05 
1.96023073977812e-01 1.00313133288305e+05 
1.96188911882825e-01 1.00317501667374e+05 
1.96354763500526e-01 1.00322105186724e+05 
1.96520634118828e-01 1.00326808649401e+05 
1.96686524505416e-01 1.00332217772363e+05 
1.96852433746707e-01 1.00337521800989e+05 
1.97018353178364e-01 1.00343373190272e+05 
1.97184287849840e-01 1.00349747724373e+05 
1.97350235265115e-01 1.00356131804582e+05 
1.97516137573222e-01 1.00362189660147e+05 
1.97682066755737e-01 1.00368435710211e+05 
1.97848067976469e-01 1.00373534594181e+05 
1.98014078481327e-01 1.00379033911654e+05 
1.98180103719733e-01 1.00384540864097e+05 
1.98346141507368e-01 1.00390486736374e+05 
1.98512073745038e-01 1.00396219159342e+05 
1.98678035935858e-01 1.00402228337767e+05 
1.98844096002489e-01 1.00407291660091e+05 
1.99010194602901e-01 1.00412094330507e+05 
1.99176314710704e-01 1.00416506447179e+05 
1.99342449051417e-01 1.00420416479120e+05 
1.99508439519003e-01 1.00423591779107e+05 
1.99674469389802e-01 1.00426576031680e+05 
1.99840617226208e-01 1.00428591085351e+05 
2.00006812043524e-01 1.00430061228145e+05 
2.00173037468557e-01 1.00431212050880e+05 
