# Liste des scalaires : TEMPS pmat 
0.00000000000000e+00 1.00000000000000e+05 
5.42217668469038e-05 1.00000000000000e+05 
9.42440131270309e-05 1.00000000000000e+05 
1.35865258866653e-04 1.00000000000000e+05 
1.76958779353067e-04 1.00000000000000e+05 
2.17789175551221e-04 1.00000000000000e+05 
2.59131839064456e-04 1.00000000000000e+05 
3.00503657246314e-04 1.00000000000000e+05 
3.42053762128000e-04 1.00000000000000e+05 
3.84557908207091e-04 1.00000000000000e+05 
4.28248036359780e-04 1.00000000000000e+05 
4.72960715586907e-04 1.00000000000000e+05 
5.19179321305685e-04 1.00000000000000e+05 
5.65611941943420e-04 1.00000000000000e+05 
6.11643497631478e-04 1.00000000000000e+05 
6.58749607643352e-04 1.00000000000000e+05 
7.07112844172491e-04 1.00000000000000e+05 
7.57131852203018e-04 1.00000000000000e+05 
8.08212446225682e-04 1.00000000000000e+05 
8.60943799157437e-04 1.00000000000000e+05 
9.11916017802396e-04 1.00000000000000e+05 
9.63573680235144e-04 1.00000000000000e+05 
1.01636906623119e-03 1.00000000000000e+05 
1.07069922236088e-03 1.00000000000000e+05 
1.12698049103420e-03 1.00000000000000e+05 
1.18549602882636e-03 1.00000000000000e+05 
1.24062860626435e-03 1.00000000000000e+05 
1.29693986340760e-03 1.00000000000000e+05 
1.35365186051781e-03 1.00000000000000e+05 
1.41128403175626e-03 1.00000000000000e+05 
1.46963606687055e-03 1.00000000000000e+05 
1.52902149168034e-03 1.00000000000000e+05 
1.58909915353978e-03 1.00000000000000e+05 
1.64764088148584e-03 1.00000000000000e+05 
1.70741236165927e-03 1.00000000000000e+05 
1.76814648557364e-03 1.00000000000000e+05 
1.82860047151465e-03 1.00000000000000e+05 
1.88991672881144e-03 1.00000000000000e+05 
1.95170667421695e-03 1.00000000000000e+05 
2.01484129144645e-03 1.00000000000000e+05 
2.07780412497954e-03 1.00000000000000e+05 
2.14159775742131e-03 1.00000000000000e+05 
2.20639494066905e-03 1.00000000000000e+05 
2.27240522215520e-03 1.00000000000000e+05 
2.33866569433079e-03 1.00000000000000e+05 
2.40559794330055e-03 1.00000000000000e+05 
2.47339923496988e-03 1.00000000000000e+05 
2.54240705490392e-03 1.00000000000000e+05 
2.61269888384505e-03 1.00000000000000e+05 
2.68354904755736e-03 1.00000000000000e+05 
2.75515623551792e-03 1.00000000000000e+05 
2.82753015030452e-03 1.00000000000000e+05 
2.90122078902259e-03 1.00000000000000e+05 
2.97592735994571e-03 1.00000000000000e+05 
3.05169071968592e-03 1.00000000000000e+05 
3.12873363170342e-03 1.00000000000000e+05 
3.20666162482824e-03 1.00000000000000e+05 
3.28542105571528e-03 1.00000000000000e+05 
3.36530010712642e-03 1.00000000000000e+05 
3.44638836382153e-03 1.00000000000000e+05 
3.52825629835337e-03 1.00000000000000e+05 
3.61107068190031e-03 1.00000000000000e+05 
3.69500244641508e-03 1.00000000000000e+05 
3.77998584440594e-03 1.00000000000000e+05 
3.86569104508307e-03 1.00000000000000e+05 
3.95230587480224e-03 1.00000000000000e+05 
4.03984637485802e-03 1.00000000000000e+05 
4.12847765344262e-03 1.00000000000000e+05 
4.21834760605441e-03 1.00000000000000e+05 
4.30886001890175e-03 1.00000000000000e+05 
4.40026095621783e-03 1.00000000000000e+05 
4.49268537288295e-03 1.00000000000000e+05 
4.58611078028249e-03 1.00000000000000e+05 
4.68056491216272e-03 1.00000000000000e+05 
4.77586090741167e-03 1.00000000000000e+05 
4.87091360429231e-03 1.00000000000000e+05 
4.96695307594974e-03 1.00000000000000e+05 
5.06352570352065e-03 1.00000000000000e+05 
5.16050502187696e-03 1.00000000000000e+05 
5.25781716322557e-03 1.00000000000000e+05 
5.35571653895720e-03 1.00000000000000e+05 
5.45433796794180e-03 1.00000000000000e+05 
5.55441542742382e-03 1.00000000000000e+05 
5.65442587404171e-03 1.00000000000000e+05 
5.75388919503247e-03 1.00000000000000e+05 
5.85291958584365e-03 1.00000000000000e+05 
5.95163900561467e-03 1.00000000000000e+05 
6.05018662666234e-03 1.00000000000000e+05 
6.14860248957036e-03 1.00000000000000e+05 
6.24696049380412e-03 1.00000000000000e+05 
6.35016310353192e-03 1.00000000000000e+05 
6.45336195940135e-03 1.00000000000000e+05 
6.55507239394292e-03 1.00000000000000e+05 
6.65758935585026e-03 1.00000000000000e+05 
6.75944119926867e-03 1.00000000000000e+05 
6.86223899973470e-03 1.00000000000000e+05 
6.96601899748480e-03 1.00000000000000e+05 
7.07011005838108e-03 1.00000000000000e+05 
7.17396011235246e-03 1.00000000000000e+05 
7.27710375546934e-03 1.00000000000000e+05 
7.37988114641616e-03 1.00000000000000e+05 
7.48296139193181e-03 1.00000000000000e+05 
7.58625580619753e-03 1.00000000000000e+05 
7.69034342375527e-03 1.00000000000000e+05 
7.79392532963629e-03 1.00000000000000e+05 
7.89944755005264e-03 1.00000000000000e+05 
8.00498635118877e-03 1.00000000000000e+05 
8.10838898456379e-03 1.00000000000000e+05 
8.21207826242169e-03 1.00000000000000e+05 
8.31615252087315e-03 1.00000000000000e+05 
8.41936907014559e-03 1.00000000000000e+05 
8.52412929752828e-03 1.00000000000000e+05 
8.62779863065656e-03 1.00000000000000e+05 
8.73271358241405e-03 1.00000000000000e+05 
8.83887223199130e-03 1.00000000000000e+05 
8.94588557001575e-03 1.00000000000000e+05 
9.05059517350311e-03 1.00000000000000e+05 
9.15731105271263e-03 1.00000000000000e+05 
9.26267480846618e-03 1.00000000000000e+05 
9.36832662679868e-03 1.00000000000000e+05 
9.47419965808040e-03 1.00000000000000e+05 
9.58029167965845e-03 1.00000000000000e+05 
9.68668280778933e-03 1.00000000000000e+05 
9.79336935473537e-03 1.00000000000000e+05 
9.90001490811285e-03 1.00000000000000e+05 
1.00065945995067e-02 1.00000000000000e+05 
1.01130636596727e-02 1.00000000000000e+05 
1.02181412081353e-02 1.00000000000000e+05 
1.03207894327422e-02 1.00000000000000e+05 
1.04267938577260e-02 1.00000000000000e+05 
1.05300912034501e-02 1.00000000000000e+05 
1.06347544999176e-02 1.00000000000000e+05 
1.07399995397185e-02 1.00000000000000e+05 
1.08451447424864e-02 1.00000000000000e+05 
1.09486476565931e-02 1.00000000000000e+05 
1.10522946212316e-02 1.00000000000000e+05 
1.11561014733073e-02 1.00000000000000e+05 
1.12600017711541e-02 1.00000000000000e+05 
1.13622260221167e-02 1.00000000000000e+05 
1.14665487368042e-02 1.00000000000000e+05 
1.15710792095721e-02 1.00000000000000e+05 
1.16759304536046e-02 1.00000000000000e+05 
1.17811393937070e-02 1.00000000000000e+05 
1.18854602836387e-02 1.00000000000000e+05 
1.19912524255552e-02 1.00000000000000e+05 
1.20973018877840e-02 1.00000000000000e+05 
1.22012887715772e-02 1.00000000000000e+05 
1.23074970573542e-02 1.00000000000000e+05 
1.24124839435018e-02 1.00000000000000e+05 
1.25190031899383e-02 1.00000000000000e+05 
1.26258047144642e-02 1.00000000000000e+05 
1.27329834467909e-02 1.00000000000000e+05 
1.28399051463533e-02 1.00000000000000e+05 
1.29480784117970e-02 1.00000000000000e+05 
1.30554909323809e-02 1.00000000000000e+05 
1.31644798802606e-02 1.00000000000000e+05 
1.32746518492395e-02 1.00000000000000e+05 
1.33848758122066e-02 1.00000000000000e+05 
1.34890311246545e-02 1.00000000000000e+05 
1.35978237659711e-02 1.00000000000000e+05 
1.37049782911627e-02 1.00000000000000e+05 
1.38141547474820e-02 1.00000000000000e+05 
1.39243070715039e-02 1.00000000000000e+05 
1.40344963147864e-02 1.00000000000000e+05 
1.41424596243783e-02 1.00000000000000e+05 
1.42514047604173e-02 1.00000000000000e+05 
1.43594370628136e-02 1.00000000000000e+05 
1.44691591162895e-02 1.00000000000000e+05 
1.45770410935576e-02 1.00000000000000e+05 
1.46860143240578e-02 1.00000000000000e+05 
1.47942230309850e-02 1.00000000000000e+05 
1.49024629897344e-02 1.00000000000000e+05 
1.50105510912947e-02 1.00000000000000e+05 
1.51180274154015e-02 1.00000000000000e+05 
1.52259505303027e-02 1.00000000000000e+05 
1.53349502119266e-02 1.00000000000000e+05 
1.54430404019553e-02 1.00000000000000e+05 
1.55512551515123e-02 1.00000000000000e+05 
1.56594136263971e-02 1.00000000000000e+05 
1.57689801888026e-02 1.00000000000000e+05 
1.58785414223650e-02 1.00000000000000e+05 
1.59880993358920e-02 1.00000000000000e+05 
1.60963800351923e-02 1.00000000000000e+05 
1.62052382704113e-02 1.00000000000000e+05 
1.63136180447802e-02 1.00000000000000e+05 
1.64230783025719e-02 1.00000000000000e+05 
1.65322961830580e-02 1.00000000000000e+05 
1.66417231644820e-02 1.00000000000000e+05 
1.67501960527535e-02 1.00000000000000e+05 
1.68596167637218e-02 1.00000000000000e+05 
1.69680670992205e-02 1.00000000000000e+05 
1.70774530122190e-02 1.00000000000000e+05 
1.71868457382990e-02 1.00000000000000e+05 
1.72962360601066e-02 1.00000000000000e+05 
1.74045339200213e-02 1.00000000000000e+05 
1.75137837854135e-02 1.00000000000000e+05 
1.76221406887234e-02 1.00000000000000e+05 
1.77316220342124e-02 1.00000000000000e+05 
1.78411450316407e-02 1.00000000000000e+05 
1.79506829077972e-02 1.00000000000000e+05 
1.80590055374478e-02 1.00000000000000e+05 
1.81682990581623e-02 1.00000000000000e+05 
1.82767236566918e-02 1.00000000000000e+05 
1.83863626136229e-02 1.00000000000000e+05 
1.84960563602929e-02 1.00000000000000e+05 
1.86057955056031e-02 1.00000000000000e+05 
1.87142528300093e-02 1.00000000000000e+05 
1.88237189849949e-02 1.00000000000000e+05 
1.89323667213718e-02 1.00000000000000e+05 
1.90420402775204e-02 1.00000000000000e+05 
1.91518910511965e-02 1.00000000000000e+05 
1.92617829887576e-02 1.00000000000000e+05 
1.93707326354297e-02 1.00000000000000e+05 
1.94805546858109e-02 1.00000000000000e+05 
1.95896953693600e-02 1.00000000000000e+05 
1.96995312205466e-02 1.00000000000000e+05 
1.98093488659295e-02 1.00000000000000e+05 
1.99191607945187e-02 1.00000000000000e+05 
2.00284517980049e-02 1.00000000000000e+05 
2.01382246760646e-02 1.00000000000000e+05 
2.02476782647458e-02 1.00000000000000e+05 
2.03574751205783e-02 1.00000000000000e+05 
2.04673535803126e-02 1.00000000000000e+05 
2.05772566831664e-02 1.00000000000000e+05 
2.06870108741486e-02 1.00000000000000e+05 
2.07969085395805e-02 1.00000000000000e+05 
2.09067219868118e-02 1.00000000000000e+05 
2.10168158933069e-02 1.00000000000000e+05 
2.11271083723461e-02 1.00000000000000e+05 
2.12374584301348e-02 1.00000000000000e+05 
2.13472018150203e-02 1.00000000000000e+05 
2.14576849137403e-02 1.00000000000000e+05 
2.15674100769377e-02 1.00000000000000e+05 
2.16782093692042e-02 1.00000000000000e+05 
2.17890388930960e-02 1.00000000000000e+05 
2.18999161557267e-02 1.00000000000000e+05 
2.20097594488998e-02 1.00000000000000e+05 
2.21206535852543e-02 1.00000000000000e+05 
2.22306857240825e-02 1.00000000000000e+05 
2.23417069469176e-02 1.00000000000000e+05 
2.24527881960519e-02 1.00000000000000e+05 
2.25640043899252e-02 1.00000000000000e+05 
2.26747892596483e-02 1.00000000000000e+05 
2.27861798774771e-02 1.00000000000000e+05 
2.28973462097742e-02 1.00000000000000e+05 
2.30089757346573e-02 1.00000000000000e+05 
2.31205211453997e-02 1.00000000000000e+05 
2.32320721059185e-02 1.00000000000000e+05 
2.33428020465307e-02 1.00000000000000e+05 
2.34520730589955e-02 1.00000000000000e+05 
2.35603210216290e-02 1.00000000000000e+05 
2.36709232434291e-02 1.00000000000000e+05 
2.37815120121111e-02 1.00000000000000e+05 
2.38921352909474e-02 1.00000000000000e+05 
2.40001448839124e-02 1.00000000000000e+05 
2.41090590486877e-02 1.00000000000000e+05 
2.42169782695866e-02 1.00000000000000e+05 
2.43264685753159e-02 1.00000000000000e+05 
2.44343422193596e-02 1.00000000000000e+05 
2.45438581743296e-02 1.00000000000000e+05 
2.46517265130034e-02 1.00000000000000e+05 
2.47596175063897e-02 1.00000000000000e+05 
2.48675219270674e-02 1.00000000012930e+05 
2.49772162556396e-02 1.00000000050024e+05 
2.50851861889160e-02 1.00000000241559e+05 
2.51946353554067e-02 1.00000000497767e+05 
2.53026934118976e-02 1.00000000826304e+05 
2.54108080832653e-02 1.00000001275957e+05 
2.55189637864817e-02 1.00000001824790e+05 
2.56282209440404e-02 1.00000002331730e+05 
2.57364743162940e-02 1.00000002709703e+05 
2.58458307467855e-02 1.00000003012988e+05 
2.59542152729121e-02 1.00000003391397e+05 
2.60626982269465e-02 1.00000003771195e+05 
2.61712864338781e-02 1.00000004438501e+05 
2.62800203924864e-02 1.00000005506327e+05 
2.63889116372084e-02 1.00000009273687e+05 
2.64986964812210e-02 1.00000022874289e+05 
2.66084854136953e-02 1.00000054386317e+05 
2.67179896694261e-02 1.00000118939490e+05 
2.68277348669540e-02 1.00000232316532e+05 
2.69374640312914e-02 1.00000402736234e+05 
2.70471567809629e-02 1.00000645834720e+05 
2.71567987396469e-02 1.00000969463634e+05 
2.72663571904268e-02 1.00001366547660e+05 
2.73759799883217e-02 1.00001837577701e+05 
2.74855570529594e-02 1.00002389686858e+05 
2.75951888042714e-02 1.00003021325580e+05 
2.77048734965089e-02 1.00003730925314e+05 
2.78145960649205e-02 1.00004517177858e+05 
2.79241782095103e-02 1.00005380034816e+05 
2.80340760000846e-02 1.00006324040085e+05 
2.81441156652068e-02 1.00007334654015e+05 
2.82542638839043e-02 1.00008391928609e+05 
2.83646153246430e-02 1.00009496681427e+05 
2.84750903757185e-02 1.00010656063510e+05 
2.85855565709273e-02 1.00011893250367e+05 
2.86960888278667e-02 1.00013191777118e+05 
2.88066939468376e-02 1.00014302504851e+05 
2.89173779976557e-02 1.00015534883441e+05 
2.90280562222638e-02 1.00016863911350e+05 
2.91386498645672e-02 1.00018323956913e+05 
2.92491963159065e-02 1.00019913544078e+05 
2.93596795954650e-02 1.00021660760986e+05 
2.94676654912002e-02 1.00023530452814e+05 
2.95765560290765e-02 1.00025859514847e+05 
2.96869062765684e-02 1.00028298061616e+05 
2.97972082218951e-02 1.00031130388267e+05 
2.99050114021275e-02 1.00033761775339e+05 
3.00152917527984e-02 1.00035582663933e+05 
3.01230366976214e-02 1.00037273769921e+05 
3.02316780105342e-02 1.00064580988096e+05 
3.03418162351969e-02 1.00164618309236e+05 
3.04519159396612e-02 1.00356750467820e+05 
3.05595654538994e-02 1.00652754946553e+05 
3.06696455880082e-02 1.01089052638658e+05 
3.07772778323516e-02 1.01666001743469e+05 
3.08857852686078e-02 1.02411077684816e+05 
3.09957036414457e-02 1.03332941320063e+05 
3.11056929109583e-02 1.04397325221232e+05 
3.12131196618496e-02 1.05571101324549e+05 
3.13231122864851e-02 1.06894901563825e+05 
3.14306112379582e-02 1.08288824792565e+05 
3.15391072157400e-02 1.09793083182588e+05 
3.16490515738150e-02 1.11407467330152e+05 
3.17589714067516e-02 1.13069344867315e+05 
3.18665622405222e-02 1.14691229831514e+05 
3.19764925649001e-02 1.16312629998953e+05 
3.20842053258815e-02 1.17817242716235e+05 
3.21929476786353e-02 1.19283198811005e+05 
3.23028498815246e-02 1.20823522554177e+05 
3.24127163960447e-02 1.22121755394621e+05 
3.25206392942501e-02 1.23170585356586e+05 
3.26305288011681e-02 1.24024622214262e+05 
3.27385973064550e-02 1.24675740279323e+05 
3.28477414693453e-02 1.25155659410878e+05 
3.29576065163731e-02 1.25434984654018e+05 
3.30674674885466e-02 1.25517349747066e+05 
3.31757493741362e-02 1.25404241104187e+05 
3.32856897635545e-02 1.25288139639474e+05 
3.33940997417305e-02 1.25164640846009e+05 
3.35036434194447e-02 1.25010508471866e+05 
3.36135566870811e-02 1.24828056210541e+05 
3.37235057442360e-02 1.24614678749298e+05 
3.38320947439488e-02 1.24365440346295e+05 
3.39421080293201e-02 1.24060659174719e+05 
3.40508909298775e-02 1.23710274838785e+05 
3.41609630161324e-02 1.23306924548729e+05 
3.42711157956409e-02 1.22862940315996e+05 
3.43813263887616e-02 1.22390927064249e+05 
3.44905951891403e-02 1.21897308237699e+05 
3.46009035684652e-02 1.21378810336898e+05 
3.47105792908212e-02 1.20846161659344e+05 
3.48209338274024e-02 1.20297124454577e+05 
3.49313471174020e-02 1.19736044278824e+05 
3.50417711303296e-02 1.19169122273563e+05 
3.51523373030085e-02 1.18599270407534e+05 
3.52627832080251e-02 1.18030597319596e+05 
3.53734104973346e-02 1.17463615812732e+05 
3.54839099670117e-02 1.16902680843065e+05 
3.55945511674755e-02 1.16347912213001e+05 
3.57052254899530e-02 1.15801527265655e+05 
3.58161843680332e-02 1.15262163912627e+05 
3.59270362644349e-02 1.14732652029634e+05 
3.60382880153712e-02 1.14210749071803e+05 
3.61494051672980e-02 1.13700531747674e+05 
3.62608479327655e-02 1.13199327955671e+05 
3.63722610094048e-02 1.12708231376465e+05 
3.64826923034331e-02 1.12232356860749e+05 
3.65942705893600e-02 1.11763243648634e+05 
3.67048256349807e-02 1.11308647697768e+05 
3.68161232257070e-02 1.10861365174740e+05 
3.69278328250897e-02 1.10421998987278e+05 
3.70395532399191e-02 1.09997314888979e+05 
3.71502101077800e-02 1.09586566083459e+05 
3.72619143955128e-02 1.09178714111315e+05 
3.73726886692978e-02 1.08788013432306e+05 
3.74843774589959e-02 1.08407835338315e+05 
3.75960020680665e-02 1.08051578266466e+05 
3.77075969986003e-02 1.07714688136889e+05 
3.78185087238376e-02 1.07412441114789e+05 
3.79300765037566e-02 1.07145590262576e+05 
3.80410544698593e-02 1.06920603257264e+05 
3.81526798764555e-02 1.06743631906718e+05 
3.82645139232928e-02 1.06589237537685e+05 
3.83765417461404e-02 1.06494694230183e+05 
3.84876978702219e-02 1.06451922145980e+05 
3.85999284872277e-02 1.06459634712927e+05 
3.87111944896946e-02 1.06509006051541e+05 
3.88234505145482e-02 1.06626709189816e+05 
3.89357212501281e-02 1.06748016094448e+05 
3.90480031284692e-02 1.06892978654975e+05 
3.91595782562387e-02 1.07071044185558e+05 
3.92718765559074e-02 1.07273794613055e+05 
3.93836117999379e-02 1.07502003194531e+05 
3.94959289678196e-02 1.07766616755751e+05 
3.96082568388852e-02 1.08065759013206e+05 
3.97205939408723e-02 1.08384108243255e+05 
3.98329321173411e-02 1.08718229789127e+05 
3.99452770748412e-02 1.09061879533744e+05 
4.00576304759479e-02 1.09413143851162e+05 
4.01699808525781e-02 1.09760580924203e+05 
4.02822850517132e-02 1.10095671325038e+05 
4.03945651031633e-02 1.10409901485535e+05 
4.05068137946328e-02 1.10722820516072e+05 
4.06190831733646e-02 1.10995418403598e+05 
4.07313620054810e-02 1.11224604520602e+05 
4.08436626081677e-02 1.11416709554434e+05 
4.09560218522592e-02 1.11565794742910e+05 
4.10684060471368e-02 1.11676662990084e+05 
4.11807931664120e-02 1.11742339642046e+05 
4.12931732021926e-02 1.11794978388349e+05 
4.14055238994023e-02 1.11817310956765e+05 
4.15178733544645e-02 1.11822928625659e+05 
4.16302952603439e-02 1.11782294552163e+05 
4.17427624862985e-02 1.11686432905950e+05 
4.18552772781802e-02 1.11539835246516e+05 
4.19678489222170e-02 1.11349187043327e+05 
4.20804315618730e-02 1.11119351978567e+05 
4.21930368359187e-02 1.10878947065588e+05 
4.23057147311119e-02 1.10628959620656e+05 
4.24184574380841e-02 1.10367799770002e+05 
4.25307901117920e-02 1.10095863962701e+05 
4.26437014213489e-02 1.09803417528145e+05 
4.27566283008213e-02 1.09495060537260e+05 
4.28695931287767e-02 1.09179347917183e+05 
4.29827413005944e-02 1.08855037547324e+05 
4.30960319843412e-02 1.08525563052525e+05 
4.32095258090348e-02 1.08193102158866e+05 
4.33231758842721e-02 1.07858286279367e+05 
4.34370942346135e-02 1.07519800077770e+05 
4.35512372911559e-02 1.07178519041122e+05 
4.36657357235750e-02 1.06835092625701e+05 
4.37797050659334e-02 1.06492876586715e+05 
4.38936063159251e-02 1.06151147727216e+05 
4.40074487595702e-02 1.05810739894994e+05 
4.41212435113976e-02 1.05472218617467e+05 
4.42349265249327e-02 1.05135733597996e+05 
4.43484623395293e-02 1.04801199014740e+05 
4.44619695223566e-02 1.04468512221386e+05 
4.45755303910811e-02 1.04137638576101e+05 
4.46892597641262e-02 1.03808332202193e+05 
4.48031456879942e-02 1.03480549634191e+05 
4.49171206490724e-02 1.03154635233276e+05 
4.50311456292829e-02 1.02830887818088e+05 
4.51452549960854e-02 1.02509090773447e+05 
4.52594468934822e-02 1.02189999979446e+05 
4.53737527280713e-02 1.01873397603604e+05 
4.54882181368404e-02 1.01559492371614e+05 
4.56028450089692e-02 1.01247841592677e+05 
4.57175111390484e-02 1.00939338573441e+05 
4.58321780997277e-02 1.00634450127896e+05 
4.59468754768565e-02 1.00333337715119e+05 
4.60615509789590e-02 1.00036322550562e+05 
4.61740807778069e-02 9.97490567437195e+04 
4.62886586012518e-02 9.94610451874723e+04 
4.64031952326624e-02 9.91778412247338e+04 
4.65176854775744e-02 9.88995882719478e+04 
4.66321603635411e-02 9.86265379252815e+04 
4.67466232808755e-02 9.83589271389183e+04 
4.68610505272783e-02 9.80970284569153e+04 
4.69754619143295e-02 9.78411144515682e+04 
4.70898975199289e-02 9.75903514034816e+04 
4.72043454763155e-02 9.73462189857986e+04 
4.73188241450012e-02 9.71089787791415e+04 
4.74333479908193e-02 9.68785268285077e+04 
4.75478714580065e-02 9.66549681644447e+04 
4.76624166970260e-02 9.64383586650910e+04 
4.77770148511316e-02 9.62286230968921e+04 
4.78916577425852e-02 9.60257725707803e+04 
4.80063401022503e-02 9.58306731934122e+04 
4.81210561008197e-02 9.56420059415872e+04 
4.82357605883568e-02 9.54599589739663e+04 
4.83504615899263e-02 9.52845563333399e+04 
4.84651994445421e-02 9.51157898804066e+04 
4.85799426998077e-02 9.49537683180990e+04 
4.86947074412027e-02 9.47987359334914e+04 
4.88095008936942e-02 9.46506140214131e+04 
4.89242812663012e-02 9.45093904771395e+04 
4.90390770018055e-02 9.43749930014243e+04 
4.91539606600124e-02 9.42471164282562e+04 
4.92688904288989e-02 9.41256891980012e+04 
4.93838955009278e-02 9.40105942691192e+04 
4.94990051342547e-02 9.39015578861360e+04 
4.96142054774705e-02 9.37984694710105e+04 
4.97295152246441e-02 9.37011068744663e+04 
4.98449736186876e-02 9.36091165671842e+04 
4.99605927468038e-02 9.35221943420427e+04 
5.00764125054698e-02 9.34401372449340e+04 
5.01922481242581e-02 9.33626701712666e+04 
5.03079489351332e-02 9.32896597948482e+04 
5.04242435861423e-02 9.32203304159621e+04 
5.05413071133275e-02 9.31542004635657e+04 
5.06588182126289e-02 9.30911236631338e+04 
5.07738571132578e-02 9.30323142239606e+04 
5.08918043486661e-02 9.29745498832928e+04 
5.10089455531403e-02 9.29194611982396e+04 
5.11282983254990e-02 9.28653003660749e+04 
5.12491436747307e-02 9.28119898681957e+04 
5.13699090403568e-02 9.27598451555106e+04 
5.14903169497358e-02 9.27087277013324e+04 
5.16109193845322e-02 9.26579378190232e+04 
5.17314283374657e-02 9.26073991482012e+04 
5.18518032013081e-02 9.25568401122592e+04 
5.19721989008956e-02 9.25058209449208e+04 
5.20925824035941e-02 9.24540738124537e+04 
5.22089883041359e-02 9.24032427844337e+04 
5.23273862305737e-02 9.23504457970663e+04 
5.24444886545677e-02 9.22971005843707e+04 
5.25628834688302e-02 9.22419053815061e+04 
5.26812392569052e-02 9.21852619835896e+04 
5.27995362837292e-02 9.21270466903924e+04 
5.29177786048496e-02 9.20673275356596e+04 
5.30359542074551e-02 9.20059596691704e+04 
5.31540610095759e-02 9.19430402524962e+04 
5.32721043506059e-02 9.18785673481464e+04 
5.33901386403715e-02 9.18124483992986e+04 
5.35081570621579e-02 9.17446519703621e+04 
5.36261797887253e-02 9.16753585175700e+04 
5.37442056931197e-02 9.16045090741155e+04 
5.38622240534530e-02 9.15322862685866e+04 
5.39802467158439e-02 9.14587605731214e+04 
5.40983227268199e-02 9.13839324450451e+04 
5.42164415615289e-02 9.13078296285311e+04 
5.43346005738686e-02 9.12307018049298e+04 
5.44528145741636e-02 9.11525514736394e+04 
5.45710652990548e-02 9.10735928487138e+04 
5.46893735367195e-02 9.09939132777655e+04 
5.48076990323916e-02 9.09135924459178e+04 
5.49260895148376e-02 9.08326775008536e+04 
5.50445923321804e-02 9.07513351388300e+04 
5.51631599491998e-02 9.06696503226476e+04 
5.52818452242532e-02 9.05878197587531e+04 
5.54007245129468e-02 9.05057927589937e+04 
5.55198107799887e-02 9.04240632290453e+04 
5.56391668185447e-02 9.03418994916860e+04 
5.57587986311275e-02 9.02595584896143e+04 
5.58787087783021e-02 9.01771842295987e+04 
5.59932370521374e-02 9.00990856147576e+04 
5.61134446672453e-02 9.00179083574985e+04 
5.62342201742943e-02 8.99370627026757e+04 
5.63553314494360e-02 8.98565684176281e+04 
5.64735732658173e-02 8.97786940231708e+04 
5.65945373756392e-02 8.96998137824844e+04 
5.67147139825841e-02 8.96223584275930e+04 
5.68355759565961e-02 8.95454249482035e+04 
5.69563017245556e-02 8.94695291521380e+04 
5.70769162211731e-02 8.93946335254284e+04 
5.71975195923736e-02 8.93208599822872e+04 
5.73179358653648e-02 8.92482649604340e+04 
5.74382697504673e-02 8.91768795255080e+04 
5.75585406443539e-02 8.91066944150989e+04 
5.76789397958463e-02 8.90375948799909e+04 
5.77994984435404e-02 8.89696009981485e+04 
5.79203167511281e-02 8.89027298836886e+04 
5.80411653406278e-02 8.88370402331681e+04 
5.81620766841313e-02 8.87726970056430e+04 
5.82830983456895e-02 8.87098271567123e+04 
5.84040482717564e-02 8.86484912345137e+04 
5.85250069612642e-02 8.85883047117953e+04 
5.86461281419634e-02 8.85295166253205e+04 
5.87672424739724e-02 8.84726354544681e+04 
5.88883884913413e-02 8.84179834228253e+04 
5.90096296963118e-02 8.83657015238396e+04 
5.91310418402255e-02 8.83125027443714e+04 
5.92525628894794e-02 8.82635173631571e+04 
5.93742594383508e-02 8.82184465182816e+04 
5.94957511840737e-02 8.81765292495585e+04 
5.96171764127149e-02 8.81373635349491e+04 
5.97385934123809e-02 8.81001405198226e+04 
5.98601327991150e-02 8.80685157415537e+04 
5.99817592276534e-02 8.80361277291625e+04 
6.01035213833117e-02 8.80032741946740e+04 
6.02251612978193e-02 8.79699820875858e+04 
6.03467834253963e-02 8.79371717465930e+04 
6.04684692996324e-02 8.79055013617506e+04 
6.05902864212312e-02 8.78751118007159e+04 
6.07120782172952e-02 8.78482182337738e+04 
6.08339067006525e-02 8.78256908297051e+04 
6.09557268661074e-02 8.78081766736881e+04 
6.10775573037262e-02 8.77961631284923e+04 
6.11993026885607e-02 8.77908212292597e+04 
6.13211342160939e-02 8.77943759534847e+04 
6.14429534130979e-02 8.78014244081243e+04 
6.15537715956928e-02 8.78167680412688e+04 
6.16730532845664e-02 8.78430493098915e+04 
6.17953705582098e-02 8.78806977962371e+04 
6.19174621201043e-02 8.79294109045648e+04 
6.20396392314260e-02 8.79875040225174e+04 
6.21617225231510e-02 8.80576252534436e+04 
6.22842345576545e-02 8.81350029075862e+04 
6.24067737200638e-02 8.82201382024531e+04 
6.25298151110171e-02 8.83143897501981e+04 
6.26524619026518e-02 8.84165326358001e+04 
6.27754747369498e-02 8.85325713825577e+04 
6.28990211776754e-02 8.86614151188138e+04 
6.30231876695528e-02 8.88025429559003e+04 
6.31473902773132e-02 8.89564689298151e+04 
6.32717926785923e-02 8.91220876548372e+04 
6.33961864373736e-02 8.93012779405001e+04 
6.35207995291087e-02 8.94915451350822e+04 
6.36454784717101e-02 8.96922801717899e+04 
6.37703640446402e-02 8.99027986559138e+04 
6.38952726582854e-02 9.01219280163117e+04 
6.40128921144284e-02 9.03357380181006e+04 
6.41381055715236e-02 9.05704874596622e+04 
6.42640706383923e-02 9.08132464887543e+04 
6.43902606197124e-02 9.10617289062338e+04 
6.45142168023272e-02 9.13102568051533e+04 
6.46411553468448e-02 9.15680122245793e+04 
6.47682322998436e-02 9.18275404161541e+04 
6.48961618201674e-02 9.20895187079705e+04 
6.50252311322704e-02 9.23536135773915e+04 
6.51505791127359e-02 9.26094242431844e+04 
6.52760501287806e-02 9.28620194620063e+04 
6.54015751924971e-02 9.31111441013185e+04 
6.55271800105744e-02 9.33559292301080e+04 
6.56528465311408e-02 9.35955294965498e+04 
6.57784314886783e-02 9.38288084281551e+04 
6.59039917231961e-02 9.40549513786362e+04 
6.60297504690478e-02 9.42740555482367e+04 
6.61556981250816e-02 9.44854827912820e+04 
6.62817520753211e-02 9.46880840837681e+04 
6.64079062545142e-02 9.48824889760698e+04 
6.65341026199995e-02 9.50678057748994e+04 
6.66603184121866e-02 9.52452808743420e+04 
6.67866255729880e-02 9.54140411679339e+04 
6.69129696904247e-02 9.55732080281368e+04 
6.70393205078099e-02 9.57234671560722e+04 
6.71657001613580e-02 9.58640615648096e+04 
6.72920948365910e-02 9.59978023500436e+04 
6.74185004568509e-02 9.61236283079785e+04 
6.75449897183064e-02 9.62428631432895e+04 
6.76715095801170e-02 9.63551719933442e+04 
6.77980544395795e-02 9.64615173373895e+04 
6.79246135540832e-02 9.65623168397236e+04 
6.80511856082877e-02 9.66581179317011e+04 
6.81777720990435e-02 9.67488435220226e+04 
6.83044211606983e-02 9.68350583477719e+04 
6.84310041658714e-02 9.69171730175874e+04 
6.85576627123856e-02 9.69954263584989e+04 
6.86843856117886e-02 9.70702445908481e+04 
6.88112631920452e-02 9.71429489320622e+04 
6.89382704678854e-02 9.72125558480619e+04 
6.90653551746737e-02 9.72793023896285e+04 
6.91924059418931e-02 9.73438528903920e+04 
6.93195830560068e-02 9.74066413422830e+04 
6.94467368122914e-02 9.74673003880594e+04 
6.95740211512461e-02 9.75273664785277e+04 
6.97014126762899e-02 9.75872047794008e+04 
6.98289892555022e-02 9.76462611208995e+04 
6.99565719925843e-02 9.77042817805203e+04 
7.00844861396577e-02 9.77612725545583e+04 
7.02123200759593e-02 9.78175633831703e+04 
7.03402266428439e-02 9.78732608913311e+04 
7.04681769085054e-02 9.79284637265407e+04 
7.05962356932769e-02 9.79833525263000e+04 
7.07243117340476e-02 9.80380278774097e+04 
7.08524111268132e-02 9.80925249263915e+04 
7.09804887411995e-02 9.81468729505470e+04 
7.11085751679173e-02 9.82011772288574e+04 
7.12367188574226e-02 9.82555915394614e+04 
7.13649655146570e-02 9.83101807197245e+04 
7.14933346855166e-02 9.83650226079481e+04 
7.16217845668469e-02 9.84201613844042e+04 
7.17503579756946e-02 9.84755993410372e+04 
7.18790594734077e-02 9.85313008015411e+04 
7.20078952860649e-02 9.85872728211515e+04 
7.21369291834931e-02 9.86435002343210e+04 
7.22661509097704e-02 9.86999571745858e+04 
7.23955849228096e-02 9.87566190776407e+04 
7.25253035163525e-02 9.88133792915940e+04 
7.26551593073791e-02 9.88701243574481e+04 
7.27855444519815e-02 9.89269860915317e+04 
7.29165535966907e-02 9.89838394710116e+04 
7.30479841916880e-02 9.90406191901360e+04 
7.31802889068661e-02 9.90973677638483e+04 
7.33127567222827e-02 9.91536366777052e+04 
7.34459284147764e-02 9.92095281045501e+04 
7.35798458425908e-02 9.92650316247863e+04 
7.37138903236406e-02 9.93196877690817e+04 
7.38479195813192e-02 9.93733121480245e+04 
7.39819048733409e-02 9.94258707178418e+04 
7.41158719205547e-02 9.94772189773838e+04 
7.42498381653154e-02 9.95272636946972e+04 
7.43837780173431e-02 9.95759285252618e+04 
7.45177361307217e-02 9.96233496037244e+04 
7.46480630554197e-02 9.96682540555825e+04 
7.47786683180158e-02 9.97118628541085e+04 
7.49095123658370e-02 9.97541369537481e+04 
7.50403841395576e-02 9.97951917012234e+04 
7.51712374052051e-02 9.98351357903720e+04 
7.53021254676727e-02 9.98738539883145e+04 
7.54330411021681e-02 9.99115754932525e+04 
7.55639511213326e-02 9.99482747277960e+04 
7.56948611185004e-02 9.99839568765507e+04 
7.58257187222569e-02 1.00018745931667e+05 
7.59564379857354e-02 1.00052777601779e+05 
7.60871061732776e-02 1.00085895813472e+05 
7.62176829596986e-02 1.00118355118474e+05 
7.63482021940539e-02 1.00150063515956e+05 
7.64786849155059e-02 1.00181836840270e+05 
7.66090547496848e-02 1.00212768678078e+05 
7.67393413729041e-02 1.00242938047186e+05 
7.68696444935103e-02 1.00272683628948e+05 
7.69999474045075e-02 1.00302151944733e+05 
7.71303615847940e-02 1.00331516784929e+05 
7.72608790858335e-02 1.00360571366160e+05 
7.73914588579369e-02 1.00389452803634e+05 
7.75221537989185e-02 1.00418123394054e+05 
7.76530272288473e-02 1.00446622756450e+05 
7.77839796790351e-02 1.00474946675631e+05 
7.79151638326554e-02 1.00503126484319e+05 
7.80465409628899e-02 1.00531088189672e+05 
7.81779678405044e-02 1.00558760445153e+05 
7.83096251556912e-02 1.00586095291184e+05 
7.84265839754248e-02 1.00610022291006e+05 
7.85540626810670e-02 1.00635687908862e+05 
7.86858946481059e-02 1.00661997050851e+05 
7.88175631120485e-02 1.00687471287275e+05 
7.89491537801206e-02 1.00712202129006e+05 
7.90806905779927e-02 1.00735946584022e+05 
7.92123405362816e-02 1.00759242881465e+05 
7.93442842936425e-02 1.00782265066768e+05 
7.94764434336376e-02 1.00804837101050e+05 
7.96087000321662e-02 1.00826938346398e+05 
7.97410632629332e-02 1.00848173965892e+05 
7.98736374959978e-02 1.00868496535385e+05 
8.00064187240251e-02 1.00888156575960e+05 
8.01392974011815e-02 1.00907192077693e+05 
8.02721938630785e-02 1.00925613801235e+05 
8.04050706464854e-02 1.00943470633625e+05 
8.05378386002890e-02 1.00960836898531e+05 
8.06706929385664e-02 1.00977796186218e+05 
8.08037570985247e-02 1.00994453688472e+05 
8.09370026213501e-02 1.01010857149703e+05 
8.10703287345249e-02 1.01027009043199e+05 
8.12037060268207e-02 1.01042957035048e+05 
8.13370734558861e-02 1.01058767262358e+05 
8.14702753758081e-02 1.01074511339440e+05 
8.16034113939185e-02 1.01090201387839e+05 
8.17365311162270e-02 1.01105921333061e+05 
8.18697804278209e-02 1.01121657301868e+05 
8.20031538075554e-02 1.01137426910265e+05 
8.21365466993553e-02 1.01153286593655e+05 
8.22699140397879e-02 1.01169256503012e+05 
8.24033378500931e-02 1.01185294555067e+05 
8.25368884008373e-02 1.01201418471363e+05 
8.26706806930542e-02 1.01217489269633e+05 
8.28046873545473e-02 1.01233462356343e+05 
8.29389035616551e-02 1.01249351493233e+05 
8.30733278609852e-02 1.01265116507260e+05 
8.32078013820751e-02 1.01280610737931e+05 
8.33423532924205e-02 1.01295788350205e+05 
8.34771026457283e-02 1.01310501875217e+05 
8.36122179582043e-02 1.01324773221835e+05 
8.37476592255077e-02 1.01338634451287e+05 
8.38834055469114e-02 1.01352068693432e+05 
8.40194192447014e-02 1.01365008440213e+05 
8.41557991040993e-02 1.01377499223340e+05 
8.42925659411988e-02 1.01389299613683e+05 
8.44299219826665e-02 1.01400387514672e+05 
8.45678642931005e-02 1.01410743964175e+05 
8.47062928004741e-02 1.01420497458937e+05 
8.48453394467122e-02 1.01429134753924e+05 
8.49841498002486e-02 1.01436682260396e+05 
8.51246428664717e-02 1.01442549004912e+05 
8.52662851232199e-02 1.01447920707910e+05 
8.54104264515593e-02 1.01452448359896e+05 
8.55566409663925e-02 1.01455928594142e+05 
8.57021341727588e-02 1.01458186892718e+05 
8.58509816033356e-02 1.01459048148299e+05 
8.59977275507359e-02 1.01458362687773e+05 
8.61457703828863e-02 1.01456042919250e+05 
8.62955680061679e-02 1.01452255521704e+05 
8.64453640241718e-02 1.01446842694090e+05 
8.65922425446846e-02 1.01440143186424e+05 
8.67406781386267e-02 1.01431887521439e+05 
8.68877987205525e-02 1.01422146069236e+05 
8.70363791815927e-02 1.01410832860491e+05 
8.71864933181700e-02 1.01398488964876e+05 
8.73366500999691e-02 1.01384681498553e+05 
8.74839223596030e-02 1.01370803236607e+05 
8.76325567183931e-02 1.01356244674128e+05 
8.77798001098029e-02 1.01341440716896e+05 
8.79284142510337e-02 1.01326489569320e+05 
8.80777760078318e-02 1.01311638538171e+05 
8.82271546273669e-02 1.01297029635743e+05 
8.83695510403286e-02 1.01283945065083e+05 
8.85133329489365e-02 1.01270823051543e+05 
8.86557810730899e-02 1.01257888808291e+05 
8.88000839248403e-02 1.01245383017663e+05 
8.89459887234878e-02 1.01232941942562e+05 
8.90920100210223e-02 1.01220616502030e+05 
8.92348103630026e-02 1.01209127327288e+05 
8.93791012508646e-02 1.01197356503539e+05 
8.95220733486746e-02 1.01185622726993e+05 
8.96668937311118e-02 1.01173855476057e+05 
8.98134684410483e-02 1.01161674885620e+05 
8.99592939980477e-02 1.01149147930384e+05 
9.01077901028542e-02 1.01136214936416e+05 
9.02515875279323e-02 1.01123058836648e+05 
9.04002007086214e-02 1.01108760028981e+05 
9.05449287183172e-02 1.01094406504438e+05 
9.06954219913289e-02 1.01078781309027e+05 
9.08428904395796e-02 1.01062710733742e+05 
9.09867236013251e-02 1.01046512336949e+05 
9.11374558008690e-02 1.01028552212307e+05 
9.12826027286968e-02 1.01010259393187e+05 
9.14340769248074e-02 1.00990491744768e+05 
9.15859502081144e-02 1.00969682771985e+05 
9.17378607145015e-02 1.00947788297959e+05 
9.18898441975214e-02 1.00925158431379e+05 
9.20410884617883e-02 1.00901164467440e+05 
9.21933794554750e-02 1.00875683782066e+05 
9.23458824167339e-02 1.00849346340366e+05 
9.24986383020353e-02 1.00821660665099e+05 
9.26515130834802e-02 1.00792416464386e+05 
9.28045530503949e-02 1.00762486882564e+05 
9.29579076255805e-02 1.00730704554325e+05 
9.31031257206386e-02 1.00699380316303e+05 
9.32576995319018e-02 1.00665321431546e+05 
9.34126112585349e-02 1.00630028582671e+05 
9.35675394483282e-02 1.00593369788468e+05 
9.37212418339953e-02 1.00556681642614e+05 
9.38745969441966e-02 1.00518553352620e+05 
9.40279285489629e-02 1.00479907058092e+05 
9.41811307994359e-02 1.00441189195772e+05 
9.43341467907804e-02 1.00402090928602e+05 
9.44871417105331e-02 1.00362534696122e+05 
9.46401866841949e-02 1.00323473479872e+05 
9.47934212352589e-02 1.00283995679174e+05 
9.49468240923012e-02 1.00244514688547e+05 
9.51018695248531e-02 1.00205531012843e+05 
9.52569239008708e-02 1.00167123906798e+05 
9.54119915464219e-02 1.00128996672923e+05 
9.55656810833161e-02 1.00093588000674e+05 
9.57193648893062e-02 1.00058047894637e+05 
9.58730624547877e-02 1.00023566529341e+05 
9.60267786166809e-02 9.99897136125777e+04 
9.61804895373509e-02 9.99577507030877e+04 
9.63342329054131e-02 9.99284566545531e+04 
9.64879967108952e-02 9.99019236887436e+04 
9.66418637960215e-02 9.98773152008422e+04 
9.67957729487273e-02 9.98540923250431e+04 
9.69497506802503e-02 9.98326794458123e+04 
9.71038049773279e-02 9.98136900697531e+04 
9.72578639946310e-02 9.97954356856213e+04 
9.74119813698144e-02 9.97779696747809e+04 
9.75662257249171e-02 9.97606233657744e+04 
9.77206049386370e-02 9.97436117699982e+04 
9.78752177029849e-02 9.97283505235045e+04 
9.80301493682543e-02 9.97148262745868e+04 
9.81852660427165e-02 9.97028713769109e+04 
9.83403585536375e-02 9.96929637237722e+04 
9.84955275344396e-02 9.96838984400523e+04 
9.86507338956620e-02 9.96752329444599e+04 
9.88060144605223e-02 9.96678837630233e+04 
9.89613410999797e-02 9.96610233686658e+04 
9.91166796366446e-02 9.96553093273918e+04 
9.92720273443439e-02 9.96496150912774e+04 
9.94273929080396e-02 9.96441456844325e+04 
9.95827694123098e-02 9.96382097428961e+04 
9.97381515203373e-02 9.96325276955286e+04 
9.98935421471703e-02 9.96267342256225e+04 
1.00048943674998e-01 9.96209113732155e+04 
1.00204354017104e-01 9.96153222839135e+04 
1.00359781811015e-01 9.96088867760746e+04 
1.00515220286718e-01 9.96004804878976e+04 
1.00670664351179e-01 9.95913877357480e+04 
1.00826116946887e-01 9.95815127661767e+04 
1.00981579848877e-01 9.95717095448025e+04 
1.01137051700167e-01 9.95620237539649e+04 
1.01292541028547e-01 9.95518392900081e+04 
1.01448040811841e-01 9.95403945361413e+04 
1.01603546323986e-01 9.95288051201268e+04 
1.01759060245004e-01 9.95174979491071e+04 
1.01914584084758e-01 9.95067239761171e+04 
1.02070117203521e-01 9.94969042766562e+04 
1.02225667887965e-01 9.94871035532054e+04 
1.02381229191544e-01 9.94765230079777e+04 
1.02536796854570e-01 9.94663712113055e+04 
1.02692373069999e-01 9.94567487742677e+04 
1.02847958784923e-01 9.94473975249357e+04 
1.03003552633607e-01 9.94388155997109e+04 
1.03159165444226e-01 9.94300516536676e+04 
1.03314788012009e-01 9.94205012358505e+04 
1.03470417367727e-01 9.94115466675324e+04 
1.03626058156829e-01 9.94031047984028e+04 
1.03781709593411e-01 9.93959130965452e+04 
1.03937370086077e-01 9.93892907345093e+04 
1.04093050318107e-01 9.93826880806633e+04 
1.04248735561432e-01 9.93758329119980e+04 
1.04404434445382e-01 9.93689157021888e+04 
1.04560145648500e-01 9.93627512580961e+04 
1.04715867954977e-01 9.93570280203638e+04 
1.04871599899398e-01 9.93524281854719e+04 
1.05027343376247e-01 9.93477958692861e+04 
1.05183059960897e-01 9.93431644137357e+04 
1.05338832362592e-01 9.93386716689103e+04 
1.05494617572636e-01 9.93349529701541e+04 
1.05650413868558e-01 9.93328694448911e+04 
1.05806188265599e-01 9.93320243360966e+04 
1.05961966712287e-01 9.93315600806098e+04 
1.06117724826628e-01 9.93311802938924e+04 
1.06273541576149e-01 9.93322853856362e+04 
1.06429382871456e-01 9.93342291613873e+04 
1.06585245447863e-01 9.93366066507309e+04 
1.06741060698628e-01 9.93405224897741e+04 
1.06896882720065e-01 9.93473598556119e+04 
1.07052683702013e-01 9.93561749603280e+04 
1.07208544961163e-01 9.93672307319339e+04 
1.07364431417170e-01 9.93804986786136e+04 
1.07520339203645e-01 9.93961998194926e+04 
1.07667974995592e-01 9.94123403930828e+04 
1.07823841772865e-01 9.94295577492208e+04 
1.07979687619699e-01 9.94472856736633e+04 
1.08135592154283e-01 9.94661368541911e+04 
1.08291521495441e-01 9.94861408008700e+04 
1.08447472959741e-01 9.95071572682222e+04 
1.08603374976509e-01 9.95292059516278e+04 
1.08759285604625e-01 9.95511855234386e+04 
1.08915178999561e-01 9.95727118434833e+04 
1.09071131351388e-01 9.95943884452172e+04 
1.09227102837510e-01 9.96159714948180e+04 
1.09383090364166e-01 9.96373758684586e+04 
1.09539030240456e-01 9.96594313745595e+04 
1.09694968229685e-01 9.96813901211214e+04 
1.09850890035959e-01 9.97027261345148e+04 
1.10006867213706e-01 9.97238304975871e+04 
1.10162863868161e-01 9.97445657289911e+04 
1.10318877748568e-01 9.97651214033272e+04 
1.10474865009589e-01 9.97860581824802e+04 
1.10630855209462e-01 9.98071206701455e+04 
1.10786838815499e-01 9.98278178968578e+04 
1.10942878294003e-01 9.98486776872973e+04 
1.11098932418855e-01 9.98699205965228e+04 
1.11255000618733e-01 9.98916255527522e+04 
1.11411042454868e-01 9.99141571728727e+04 
1.11567088293990e-01 9.99371367721371e+04 
1.11723133835974e-01 9.99601665995630e+04 
1.11879239331507e-01 9.99831776071594e+04 
1.12035359724136e-01 1.00006887812539e+05 
1.12191495005899e-01 1.00031602915181e+05 
1.12347616959919e-01 1.00056896476064e+05 
1.12503744330662e-01 1.00082459405502e+05 
1.12659878604989e-01 1.00107609020629e+05 
1.12816070254178e-01 1.00132860339486e+05 
1.12972269993323e-01 1.00158049730508e+05 
1.13128480564976e-01 1.00183623329582e+05 
1.13284682805162e-01 1.00208804162181e+05 
1.13440890223263e-01 1.00233242635037e+05 
1.13597104692101e-01 1.00256245362922e+05 
1.13753375219502e-01 1.00278597555796e+05 
1.13909653132065e-01 1.00300707672591e+05 
1.14065940258399e-01 1.00321606922273e+05 
1.14222221206962e-01 1.00341843185435e+05 
1.14378506237815e-01 1.00361281743441e+05 
1.14534804907190e-01 1.00379488089509e+05 
1.14691158315933e-01 1.00396547226781e+05 
1.14847517170979e-01 1.00412767904549e+05 
1.15003882438599e-01 1.00427959291685e+05 
1.15160270109637e-01 1.00442567521150e+05 
1.15316660371217e-01 1.00456603637121e+05 
1.15473075610859e-01 1.00469844568868e+05 
1.15629545450463e-01 1.00482813284294e+05 
1.15786013463113e-01 1.00496093036113e+05 
1.15942486191186e-01 1.00509663473061e+05 
1.16098983509527e-01 1.00524626100156e+05 
1.16255482471697e-01 1.00540024148898e+05 
1.16412007292450e-01 1.00555679838967e+05 
1.16568586279515e-01 1.00572083451482e+05 
1.16725161019477e-01 1.00589589772995e+05 
1.16881738949846e-01 1.00608096401763e+05 
1.17038341815535e-01 1.00628064451623e+05 
1.17194943157276e-01 1.00648987469169e+05 
1.17351569712331e-01 1.00670508033614e+05 
1.17508250997650e-01 1.00692993134221e+05 
1.17664927336162e-01 1.00716529354184e+05 
1.17821607187599e-01 1.00740875403446e+05 
1.17978306172465e-01 1.00766111452028e+05 
1.18135003589364e-01 1.00791712708096e+05 
1.18291721364745e-01 1.00817060730847e+05 
1.18448495014953e-01 1.00842432508358e+05 
1.18605265075996e-01 1.00867726904377e+05 
1.18762038894988e-01 1.00892703980228e+05 
1.18918823184329e-01 1.00917368597209e+05 
1.19075605018243e-01 1.00941191788777e+05 
1.19232406250530e-01 1.00963734453772e+05 
1.19389266764584e-01 1.00985378307226e+05 
1.19546125312819e-01 1.01006187947547e+05 
1.19702988437394e-01 1.01025645783681e+05 
1.19859863665023e-01 1.01044149016788e+05 
1.20016733674759e-01 1.01061428131318e+05 
1.20173617868583e-01 1.01077294531087e+05 
1.20330544922382e-01 1.01092010068884e+05 
1.20487480840376e-01 1.01105728394815e+05 
1.20644422815665e-01 1.01118265419342e+05 
1.20801359098939e-01 1.01130194897650e+05 
1.20958286983162e-01 1.01141322542783e+05 
1.21115219381994e-01 1.01151604275195e+05 
1.21272171176526e-01 1.01161374115225e+05 
1.21429129198157e-01 1.01171082372122e+05 
1.21586090955567e-01 1.01180197714952e+05 
1.21743051762605e-01 1.01189486401364e+05 
1.21900016976425e-01 1.01198881902919e+05 
1.22056982752353e-01 1.01208349891270e+05 
1.22213956211923e-01 1.01218049185966e+05 
1.22370936406878e-01 1.01228203751726e+05 
1.22527921555426e-01 1.01238424148191e+05 
1.22684907513197e-01 1.01249123471153e+05 
1.22841899200081e-01 1.01260059732821e+05 
1.22998893100963e-01 1.01271016811634e+05 
1.23155894730247e-01 1.01281857052762e+05 
1.23312901958547e-01 1.01292612863764e+05 
1.23469912403354e-01 1.01302616300408e+05 
1.23626922051035e-01 1.01312293148895e+05 
1.23783934680352e-01 1.01321497317889e+05 
1.23940946765180e-01 1.01329256495803e+05 
1.24097964090382e-01 1.01336536664628e+05 
1.24254984726173e-01 1.01341725112592e+05 
1.24412006886544e-01 1.01344786801265e+05 
1.24569030204159e-01 1.01346716087240e+05 
1.24726058724737e-01 1.01347218565163e+05 
1.24883091512759e-01 1.01346636186902e+05 
1.25040132049074e-01 1.01344905780786e+05 
1.25197177661021e-01 1.01342890503495e+05 
1.25354225734040e-01 1.01338227759229e+05 
1.25511273746744e-01 1.01331340487018e+05 
1.25668324607854e-01 1.01322395353834e+05 
1.25825376899054e-01 1.01312306772744e+05 
1.25982434518197e-01 1.01300807579532e+05 
1.26139494485306e-01 1.01289015692597e+05 
1.26296554198721e-01 1.01276238585568e+05 
1.26453613001757e-01 1.01263461395642e+05 
1.26610673574408e-01 1.01250606364919e+05 
1.26767735310127e-01 1.01238274070006e+05 
1.26924801313550e-01 1.01225960695895e+05 
1.27081869406253e-01 1.01213905095311e+05 
1.27238936854792e-01 1.01201965499416e+05 
1.27396001991525e-01 1.01191011387106e+05 
1.27553068205344e-01 1.01181139623784e+05 
1.27710134551837e-01 1.01173026523999e+05 
1.27867203675118e-01 1.01167009530835e+05 
1.28024273300649e-01 1.01163579759786e+05 
1.28181340630726e-01 1.01160689622198e+05 
1.28338403655429e-01 1.01158911359862e+05 
1.28495465775751e-01 1.01158494760787e+05 
1.28652526901398e-01 1.01158825839711e+05 
1.28809590357617e-01 1.01159882443732e+05 
1.28966653840080e-01 1.01160234835081e+05 
1.29123716539146e-01 1.01159448387399e+05 
1.29280778478925e-01 1.01157499350727e+05 
1.29437840385229e-01 1.01155526412191e+05 
1.29594903126886e-01 1.01150865092447e+05 
1.29751968461167e-01 1.01144039585170e+05 
1.29909032266682e-01 1.01135309453220e+05 
1.30066093708930e-01 1.01124238139214e+05 
1.30223152212973e-01 1.01110874696174e+05 
1.30380208486639e-01 1.01097702821827e+05 
1.30537263711443e-01 1.01084101730443e+05 
1.30694319688273e-01 1.01069211186277e+05 
1.30851372817792e-01 1.01053370245294e+05 
1.31008422713363e-01 1.01036481179846e+05 
1.31165447781779e-01 1.01019809561054e+05 
1.31322481160097e-01 1.01003995084045e+05 
1.31479513783823e-01 1.00989228876564e+05 
1.31636556436066e-01 1.00977741888128e+05 
1.31793600209877e-01 1.00969788290092e+05 
1.31950644457521e-01 1.00964637732801e+05 
1.32107686301695e-01 1.00963773032646e+05 
1.32264727292753e-01 1.00967420384805e+05 
1.32421761873505e-01 1.00975907926034e+05 
1.32578800526266e-01 1.00988367689664e+05 
1.32735837440518e-01 1.01003642108987e+05 
1.32892870173868e-01 1.01022686102713e+05 
1.33049895925024e-01 1.01046468750598e+05 
1.33206919107121e-01 1.01074611173698e+05 
1.33363935490336e-01 1.01107255900980e+05 
1.33520956059784e-01 1.01143327611978e+05 
1.33677976402367e-01 1.01181754294726e+05 
1.33834993686213e-01 1.01221167813292e+05 
1.33992004463159e-01 1.01262620420502e+05 
1.34149012845316e-01 1.01303840753339e+05 
1.34306012950715e-01 1.01343470800367e+05 
1.34463016117657e-01 1.01382208387567e+05 
1.34620018878497e-01 1.01419938954719e+05 
1.34777017746345e-01 1.01456395083631e+05 
1.34934009022622e-01 1.01493789022213e+05 
1.35090997916256e-01 1.01530022296403e+05 
1.35247977403550e-01 1.01562456475501e+05 
1.35404959228428e-01 1.01590908684124e+05 
1.35561941249911e-01 1.01614688025744e+05 
1.35718920109360e-01 1.01635199191169e+05 
1.35875891331481e-01 1.01653280289516e+05 
1.36032861044306e-01 1.01669823834694e+05 
1.36189821344929e-01 1.01686176179925e+05 
1.36346784279097e-01 1.01702222834108e+05 
1.36503748614847e-01 1.01719587023027e+05 
1.36660710481758e-01 1.01738995485904e+05 
1.36817665628954e-01 1.01760431599521e+05 
1.36974620143420e-01 1.01781953538051e+05 
1.37131566071422e-01 1.01807687985231e+05 
1.37288514953700e-01 1.01838786498292e+05 
1.37445465599362e-01 1.01874618521938e+05 
1.37602413890078e-01 1.01912591577817e+05 
1.37759355120324e-01 1.01953278151659e+05 
1.37916294988097e-01 1.01991433398365e+05 
1.38073225274117e-01 1.02029747892690e+05 
1.38230157357337e-01 1.02068697895301e+05 
1.38387090843736e-01 1.02107949512235e+05 
1.38544021189635e-01 1.02148360209225e+05 
1.38700943455372e-01 1.02187905743145e+05 
1.38857862803107e-01 1.02223111780363e+05 
1.39014771565489e-01 1.02253666138612e+05 
1.39171681344216e-01 1.02280115473723e+05 
1.39328592601540e-01 1.02296850376793e+05 
1.39485500698692e-01 1.02312112133302e+05 
1.39642400069443e-01 1.02324620514359e+05 
1.39799295844773e-01 1.02334546954950e+05 
1.39956180240750e-01 1.02335951121468e+05 
1.40113065133189e-01 1.02331278397941e+05 
1.40269951746669e-01 1.02315042140830e+05 
1.40426835564652e-01 1.02294684401357e+05 
1.40583710791852e-01 1.02269644563238e+05 
1.40740582320660e-01 1.02241859765024e+05 
1.40897442678614e-01 1.02209923546631e+05 
1.41054303434285e-01 1.02173087304426e+05 
1.41211166461685e-01 1.02130208154885e+05 
1.41368027253326e-01 1.02082493764330e+05 
1.41524879076128e-01 1.02030648673786e+05 
1.41681727171474e-01 1.01979258716969e+05 
1.41838564068502e-01 1.01927545357271e+05 
1.41995401449830e-01 1.01875842139110e+05 
1.42152241835541e-01 1.01825180533808e+05 
1.42309081107698e-01 1.01776083037156e+05 
1.42465912710876e-01 1.01729175081778e+05 
1.42623182137960e-01 1.01682628525285e+05 
1.42780453327083e-01 1.01637104125743e+05 
1.42937749246947e-01 1.01591102670873e+05 
1.43095043296756e-01 1.01549146975338e+05 
1.43252338206494e-01 1.01514338544886e+05 
1.43409647213103e-01 1.01483911054056e+05 
1.43566935909412e-01 1.01457216049590e+05 
1.43724230899219e-01 1.01434085223926e+05 
1.43881552286489e-01 1.01412454335879e+05 
1.44038872309028e-01 1.01393192420583e+05 
1.44196195226098e-01 1.01375624343313e+05 
1.44353538165648e-01 1.01359662265752e+05 
1.44510863702922e-01 1.01345083392255e+05 
1.44668198701415e-01 1.01328722328388e+05 
1.44825561148415e-01 1.01309515874686e+05 
1.44982923277472e-01 1.01287169715619e+05 
1.45140290305184e-01 1.01262072466696e+05 
1.45297677236875e-01 1.01233003869665e+05 
1.45455049462901e-01 1.01196538783612e+05 
1.45612430010225e-01 1.01150827602683e+05 
1.45769837691689e-01 1.01102598706861e+05 
1.45927246664085e-01 1.01052377596099e+05 
1.46084662230875e-01 1.01000933024747e+05 
1.46242095184314e-01 1.00948196912801e+05 
1.46399513188802e-01 1.00893199090764e+05 
1.46556939184750e-01 1.00835762711056e+05 
1.46714392411967e-01 1.00776721455738e+05 
1.46871847743173e-01 1.00714681548966e+05 
1.47029311820975e-01 1.00656998050813e+05 
1.47186793891910e-01 1.00603010406000e+05 
1.47344260938011e-01 1.00552906090755e+05 
1.47501736976463e-01 1.00505228987283e+05 
1.47659242832072e-01 1.00461851827828e+05 
1.47816752967865e-01 1.00422361914273e+05 
1.47974274078958e-01 1.00389624839981e+05 
1.48131808967551e-01 1.00361281452163e+05 
1.48289327584230e-01 1.00334468552820e+05 
1.48446851262475e-01 1.00308693950052e+05 
1.48604406122313e-01 1.00288370260509e+05 
1.48761967321242e-01 1.00274336460168e+05 
1.48919539571828e-01 1.00264283642964e+05 
1.49077121469483e-01 1.00257066478008e+05 
1.49234682968607e-01 1.00253365791339e+05 
1.49392250751507e-01 1.00249422927197e+05 
1.49549853369462e-01 1.00244600997234e+05 
1.49707463790754e-01 1.00236896148995e+05 
1.49865086916699e-01 1.00224858792925e+05 
1.50022720030111e-01 1.00210023290556e+05 
1.50180331909322e-01 1.00191160149822e+05 
1.50337946605722e-01 1.00163657297116e+05 
1.50495596795034e-01 1.00126935973909e+05 
1.50653255963006e-01 1.00086038251141e+05 
1.50810927609302e-01 1.00042221790880e+05 
1.50968605655413e-01 9.99955114863703e+04 
1.51126259117806e-01 9.99464729843113e+04 
1.51283913902095e-01 9.98949603591995e+04 
1.51441606098871e-01 9.98414376849777e+04 
1.51599308449794e-01 9.97892692902811e+04 
1.51757024139794e-01 9.97394390302195e+04 
1.51914745937107e-01 9.96924043489999e+04 
1.52072440547115e-01 9.96486438379560e+04 
1.52230138192952e-01 9.96079350682815e+04 
1.52387871541476e-01 9.95693044970435e+04 
1.52545607333734e-01 9.95335894495571e+04 
1.52703348023574e-01 9.95011728547496e+04 
1.52861089203312e-01 9.94723093139699e+04 
1.53018830278915e-01 9.94460393571304e+04 
1.53176573778375e-01 9.94217612805220e+04 
1.53334320478918e-01 9.93989891992488e+04 
1.53492069759759e-01 9.93776315471833e+04 
1.53649824373323e-01 9.93569802117057e+04 
1.53807579328735e-01 9.93376646963731e+04 
1.53965334901277e-01 9.93183724828241e+04 
1.54123094245361e-01 9.92991452501181e+04 
1.54280859002529e-01 9.92799380394650e+04 
1.54438628392477e-01 9.92618541862425e+04 
1.54596405593025e-01 9.92453177911122e+04 
1.54754187046855e-01 9.92298600208342e+04 
1.54911971810225e-01 9.92152313599953e+04 
1.55069763886119e-01 9.92012443507972e+04 
1.55227564265263e-01 9.91881621014441e+04 
1.55385370980469e-01 9.91764782176946e+04 
1.55543187185671e-01 9.91653893081905e+04 
1.55701008948428e-01 9.91554385401656e+04 
1.55858834830328e-01 9.91447214375766e+04 
1.56016668923037e-01 9.91329242229373e+04 
1.56174512717529e-01 9.91205074578402e+04 
1.56332364021154e-01 9.91072875196327e+04 
1.56490226237855e-01 9.90912618756299e+04 
1.56648095700524e-01 9.90757702826474e+04 
1.56805970856794e-01 9.90596884606448e+04 
1.56963856340694e-01 9.90438204496054e+04 
1.57121754207887e-01 9.90276681548770e+04 
1.57279662371441e-01 9.90120204108728e+04 
1.57437584551595e-01 9.89959249282535e+04 
1.57595517193646e-01 9.89845219075238e+04 
1.57753458303139e-01 9.89740769399761e+04 
1.57911412270820e-01 9.89653156111603e+04 
1.58069382184847e-01 9.89591696449647e+04 
1.58227365955705e-01 9.89555611830009e+04 
1.58385367693124e-01 9.89547814483044e+04 
1.58543383438163e-01 9.89586790698308e+04 
1.58701392197921e-01 9.89685602884020e+04 
1.58859366130106e-01 9.89850181879276e+04 
1.59017379718867e-01 9.90057459775589e+04 
1.59175421024399e-01 9.90327107418480e+04 
1.59333475895576e-01 9.90621662284787e+04 
1.59491554548683e-01 9.90949581117545e+04 
1.59649614675181e-01 9.91297497309403e+04 
1.59807655005551e-01 9.91661249859623e+04 
1.59965734187393e-01 9.92027172683232e+04 
1.60123824157947e-01 9.92369516372985e+04 
1.60281910345865e-01 9.92682819984957e+04 
1.60440027585466e-01 9.92983152534710e+04 
1.60598132673490e-01 9.93296851341592e+04 
1.60756221286841e-01 9.93583813689050e+04 
1.60914349316566e-01 9.93849944657717e+04 
1.61072486378796e-01 9.94105021463247e+04 
1.61230620042659e-01 9.94352298039011e+04 
1.61388797006552e-01 9.94599072261020e+04 
1.61546971082914e-01 9.94839753996491e+04 
1.61705133960445e-01 9.95080685985313e+04 
1.61863338247969e-01 9.95333299560656e+04 
1.62021547190863e-01 9.95578626949685e+04 
1.62179750998630e-01 9.95809585988263e+04 
1.62338006863487e-01 9.96038747294377e+04 
1.62496266991832e-01 9.96259958569611e+04 
1.62644604559634e-01 9.96450362536869e+04 
1.62798706541958e-01 9.96643952011371e+04 
1.62944965988457e-01 9.96823621463615e+04 
1.63097698011833e-01 9.97001908153310e+04 
1.63246792508030e-01 9.97162775561807e+04 
1.63403392375354e-01 9.97314552531153e+04 
1.63561728777883e-01 9.97450745766055e+04 
1.63720043557789e-01 9.97564877966877e+04 
1.63866897024466e-01 9.97651224431996e+04 
1.64021836408289e-01 9.97719594882199e+04 
1.64166615403691e-01 9.97764885536349e+04 
1.64319277326710e-01 9.97808605769762e+04 
1.64477595021206e-01 9.97860112145215e+04 
1.64627697555543e-01 9.97920119589305e+04 
1.64785958192334e-01 9.97998566988369e+04 
1.64944241288872e-01 9.98055717481086e+04 
1.65093732872564e-01 9.98123731867335e+04 
1.65252074722073e-01 9.98186685611343e+04 
1.65410401270449e-01 9.98255695940338e+04 
1.65564357016103e-01 9.98302710847335e+04 
1.65722624952364e-01 9.98357780322559e+04 
1.65880918851606e-01 9.98393946722752e+04 
1.66037105340999e-01 9.98444246520224e+04 
1.66195466387377e-01 9.98471704497441e+04 
1.66353813584637e-01 9.98473209592885e+04 
1.66512137449846e-01 9.98474295963407e+04 
1.66670425850547e-01 9.98482238660047e+04 
1.66828750824198e-01 9.98512297569596e+04 
1.66987090053332e-01 9.98544557347106e+04 
1.67145490941634e-01 9.98569709348246e+04 
1.67303884125869e-01 9.98594410418292e+04 
1.67462253719278e-01 9.98623016266094e+04 
1.67620597923932e-01 9.98663866212211e+04 
1.67778992091950e-01 9.98728626417429e+04 
1.67937403189854e-01 9.98807524516353e+04 
1.68095878245838e-01 9.98884343412101e+04 
1.68254354019150e-01 9.98964136339175e+04 
1.68412809558853e-01 9.99033220006203e+04 
1.68571253562167e-01 9.99100093778758e+04 
1.68729765942376e-01 9.99160704895220e+04 
1.68888298268266e-01 9.99212232293607e+04 
1.69046896362064e-01 9.99233436861855e+04 
1.69205506787289e-01 9.99228429385874e+04 
1.69364107294209e-01 9.99193112656472e+04 
1.69522715602175e-01 9.99125394149524e+04 
1.69681416398883e-01 9.99008851180261e+04 
1.69840140402605e-01 9.98831640290964e+04 
1.69998933053437e-01 9.98582689096299e+04 
1.70157749449234e-01 9.98276338812888e+04 
1.70316572989502e-01 9.97925488476557e+04 
1.70475429568418e-01 9.97533064582311e+04 
1.70634307646528e-01 9.97101560928184e+04 
1.70793193593545e-01 9.96702018834979e+04 
1.70952164573176e-01 9.96334554739766e+04 
1.71111073000620e-01 9.96039982448219e+04 
1.71270042639811e-01 9.95805082331115e+04 
1.71428935887871e-01 9.95681987211609e+04 
1.71587863135016e-01 9.95633740881134e+04 
1.71746807761882e-01 9.95696753367329e+04 
1.71905823435297e-01 9.95880658221509e+04 
1.72064762349102e-01 9.96116117007116e+04 
1.72223776234961e-01 9.96410880494213e+04 
1.72382721473380e-01 9.96777179808723e+04 
1.72541719670690e-01 9.97163211191826e+04 
1.72700741699027e-01 9.97595197204372e+04 
1.72859809447438e-01 9.98029637703393e+04 
1.73018795742990e-01 9.98469258198738e+04 
1.73177873023998e-01 9.98883113824283e+04 
1.73336890475990e-01 9.99258761379043e+04 
1.73495976078595e-01 9.99589857958045e+04 
1.73655089872638e-01 9.99892593425136e+04 
1.73814227602244e-01 1.00014984517588e+05 
1.73973280012510e-01 1.00038035282314e+05 
1.74132437539427e-01 1.00058217400209e+05 
1.74291545422341e-01 1.00075835234954e+05 
1.74450733811507e-01 1.00091471816514e+05 
1.74609946035011e-01 1.00104238602639e+05 
1.74769162691145e-01 1.00115756165763e+05 
1.74928377203975e-01 1.00127575220792e+05 
1.75087597568433e-01 1.00137910788600e+05 
1.75246800041842e-01 1.00148385151325e+05 
1.75406136918010e-01 1.00162816786171e+05 
1.75565432081708e-01 1.00182409875009e+05 
1.75724733651744e-01 1.00205025198877e+05 
1.75884123579348e-01 1.00229381072666e+05 
1.76043501066640e-01 1.00253005536289e+05 
1.76202873665189e-01 1.00276564072992e+05 
1.76362312296386e-01 1.00299571587574e+05 
1.76521723651783e-01 1.00325677836897e+05 
1.76681119689193e-01 1.00352850589046e+05 
1.76840634982733e-01 1.00380429658442e+05 
1.77000146885075e-01 1.00408536111635e+05 
1.77159672986095e-01 1.00436647471189e+05 
1.77319258921787e-01 1.00466145921562e+05 
1.77478823901834e-01 1.00495873596293e+05 
1.77638372316391e-01 1.00522055200281e+05 
1.77798052303492e-01 1.00547563943043e+05 
1.77957709666262e-01 1.00572266090679e+05 
1.78117409897786e-01 1.00593799301203e+05 
1.78277198151549e-01 1.00613997629322e+05 
1.78436962898652e-01 1.00631365431098e+05 
1.78596694459122e-01 1.00649190191788e+05 
1.78756572050925e-01 1.00660428662862e+05 
1.78916435321334e-01 1.00668167327336e+05 
1.79076341129819e-01 1.00662522541772e+05 
1.79236337279046e-01 1.00647622182952e+05 
1.79396321852505e-01 1.00627522248799e+05 
1.79556263391220e-01 1.00601579507204e+05 
1.79716299133180e-01 1.00571023445048e+05 
1.79876381406325e-01 1.00540922683109e+05 
1.80036522101123e-01 1.00511426784627e+05 
1.80196677045561e-01 1.00482470963701e+05 
1.80356914836766e-01 1.00463619780614e+05 
1.80517096684018e-01 1.00450099882996e+05 
1.80677279398242e-01 1.00442747587379e+05 
1.80837502063783e-01 1.00436611994305e+05 
1.80997885649331e-01 1.00432563431647e+05 
1.81158201974454e-01 1.00434906944625e+05 
1.81318628514964e-01 1.00444261341475e+05 
1.81479060487892e-01 1.00454409040723e+05 
1.81639416560543e-01 1.00462932640938e+05 
1.81799807937788e-01 1.00468740367981e+05 
1.81959992823685e-01 1.00479838754543e+05 
1.82120424298789e-01 1.00496870448513e+05 
1.82280874460110e-01 1.00518475348085e+05 
1.82441149923134e-01 1.00544515301752e+05 
1.82601451730770e-01 1.00572550361626e+05 
1.82761812418879e-01 1.00609964820186e+05 
1.82921832509374e-01 1.00655174623109e+05 
1.83082127713472e-01 1.00707468219064e+05 
1.83242518907009e-01 1.00766763641711e+05 
1.83402653901475e-01 1.00823356622985e+05 
1.83562854440784e-01 1.00873566105905e+05 
1.83723110651447e-01 1.00917783382580e+05 
1.83883025913930e-01 1.00957994262723e+05 
1.84043247492777e-01 1.00985475099038e+05 
1.84203581111406e-01 1.00997385847634e+05 
1.84363642869146e-01 1.00984459330710e+05 
1.84523805122047e-01 1.00962817049064e+05 
1.84684029120362e-01 1.00930237432877e+05 
1.84843912327000e-01 1.00891093617939e+05 
1.85004129801610e-01 1.00845858634457e+05 
1.85164470638933e-01 1.00796006778902e+05 
1.85324528430891e-01 1.00739513240787e+05 
1.85484720920999e-01 1.00684216553629e+05 
1.85644980430476e-01 1.00634453700519e+05 
1.85804898226431e-01 1.00591319791214e+05 
1.85965175286282e-01 1.00552822635511e+05 
1.86125575078362e-01 1.00514292389296e+05 
1.86285694111971e-01 1.00476727677125e+05 
1.86445981548987e-01 1.00443799828786e+05 
1.86606341140078e-01 1.00418349379951e+05 
1.86766356671938e-01 1.00399582945183e+05 
1.86926754532791e-01 1.00388286514520e+05 
1.87087165878263e-01 1.00377277655208e+05 
1.87247407571503e-01 1.00363725015577e+05 
1.87407823914931e-01 1.00345486468040e+05 
1.87568240812862e-01 1.00326411934359e+05 
1.87728416382672e-01 1.00309600702324e+05 
1.87888831646695e-01 1.00290590466316e+05 
1.88049251759468e-01 1.00275020734853e+05 
1.88209674159430e-01 1.00265322544929e+05 
1.88370102898792e-01 1.00261843059509e+05 
1.88530533764037e-01 1.00265798486354e+05 
1.88690921822093e-01 1.00277706860559e+05 
1.88851725358334e-01 1.00292449872060e+05 
1.89012651924074e-01 1.00312711541892e+05 
1.89173296265509e-01 1.00333382517156e+05 
1.89334196053642e-01 1.00356864771740e+05 
1.89495181889107e-01 1.00381948665089e+05 
1.89655813744372e-01 1.00403648027165e+05 
1.89816869165635e-01 1.00417026104851e+05 
1.89978044715692e-01 1.00425456612292e+05 
1.90138935993458e-01 1.00433068800875e+05 
1.90300099276437e-01 1.00445695790565e+05 
1.90461348578337e-01 1.00461022188904e+05 
1.90622240239681e-01 1.00472051621628e+05 
1.90783558356876e-01 1.00476595689594e+05 
1.90944992426350e-01 1.00481575884761e+05 
1.91106142049250e-01 1.00492746843497e+05 
1.91267572542326e-01 1.00509423422587e+05 
1.91429089144788e-01 1.00529967043581e+05 
1.91590248343525e-01 1.00545780718672e+05 
1.91751800867110e-01 1.00559324328129e+05 
1.91913369258479e-01 1.00576813379446e+05 
1.92074786871350e-01 1.00586101129966e+05 
1.92236408489606e-01 1.00584172298723e+05 
1.92398041365480e-01 1.00577272913022e+05 
1.92559480403257e-01 1.00552299117537e+05 
1.92721130329647e-01 1.00512964107549e+05 
1.92882788328596e-01 1.00471897206928e+05 
1.93044460480192e-01 1.00438404589192e+05 
1.93206149608108e-01 1.00399351829476e+05 
1.93367848285443e-01 1.00373242696908e+05 
1.93529555311458e-01 1.00348070856975e+05 
1.93691271151928e-01 1.00322920457196e+05 
1.93852992489724e-01 1.00310696075958e+05 
1.94014724546163e-01 1.00318328139729e+05 
1.94176471589171e-01 1.00335731535575e+05 
1.94338228528512e-01 1.00364450833504e+05 
1.94499997672075e-01 1.00387748877266e+05 
1.94661783302132e-01 1.00405629620383e+05 
1.94823584628875e-01 1.00421663261586e+05 
1.94985405384589e-01 1.00442058565334e+05 
1.95147249539168e-01 1.00455376609306e+05 
1.95309108851155e-01 1.00467325577227e+05 
1.95470979783385e-01 1.00474809753337e+05 
1.95632864455049e-01 1.00477256595617e+05 
1.95794759433139e-01 1.00478229052126e+05 
1.95956666011628e-01 1.00483027627467e+05 
1.96118589503837e-01 1.00481110448636e+05 
1.96280522951653e-01 1.00480720265499e+05 
1.96442463754116e-01 1.00476321826635e+05 
1.96604415989799e-01 1.00473462277384e+05 
1.96766383005699e-01 1.00473182137750e+05 
1.96928364199340e-01 1.00476964172404e+05 
1.97090367790062e-01 1.00479126431562e+05 
1.97252385194080e-01 1.00490184295834e+05 
1.97414412880543e-01 1.00491685676858e+05 
1.97576455599730e-01 1.00488931110432e+05 
1.97738516360028e-01 1.00482600876609e+05 
1.97900592324726e-01 1.00472427415677e+05 
1.98062690841662e-01 1.00453972280335e+05 
1.98224804139064e-01 1.00430971162264e+05 
1.98386928500636e-01 1.00406103289987e+05 
1.98549068795547e-01 1.00387480493490e+05 
1.98711226968726e-01 1.00367392907116e+05 
1.98873399278925e-01 1.00350086808854e+05 
1.99035594395023e-01 1.00333255262671e+05 
1.99197802476213e-01 1.00319910619963e+05 
1.99360018446706e-01 1.00305289625540e+05 
1.99522250267286e-01 1.00291481844163e+05 
1.99684498689417e-01 1.00279451657853e+05 
1.99846759861249e-01 1.00273113433342e+05 
2.00009044269591e-01 1.00260981468131e+05 
2.00171341544505e-01 1.00246365816736e+05 
