# Liste des scalaires : TEMPS pmat 
0.00000000000000e+00 1.00000000000000e+05 
5.42217668469038e-05 1.00000000000000e+05 
9.83839465636152e-05 1.00000000000000e+05 
1.39114815355462e-04 1.00000000000000e+05 
1.80145306041665e-04 1.00000000000000e+05 
2.22053006450677e-04 1.00000000000000e+05 
2.62081970748510e-04 1.00000000000000e+05 
3.03185527333359e-04 1.00000000000000e+05 
3.45609362735075e-04 1.00000000000000e+05 
3.87616498527255e-04 1.00000000000000e+05 
4.30357834005800e-04 1.00000000000000e+05 
4.75126058903052e-04 1.00000000000000e+05 
5.18759313162507e-04 1.00000000000000e+05 
5.63710406685804e-04 1.00000000000000e+05 
6.09626146812872e-04 1.00000000000000e+05 
6.56709143414657e-04 1.00000000000000e+05 
7.03260150168008e-04 1.00000000000000e+05 
7.51353581290734e-04 1.00000000000000e+05 
8.00631740270683e-04 1.00000000000000e+05 
8.49754311658235e-04 1.00000000000000e+05 
8.99977570365825e-04 1.00000000000000e+05 
9.51347679932158e-04 1.00000000000000e+05 
1.00351781648103e-03 1.00000000000000e+05 
1.05693953825451e-03 1.00000000000000e+05 
1.11173400868779e-03 1.00000000000000e+05 
1.16723302227903e-03 1.00000000000000e+05 
1.22372392130726e-03 1.00000000000000e+05 
1.28148671224610e-03 1.00000000000000e+05 
1.33962283066255e-03 1.00000000000000e+05 
1.39844874422206e-03 1.00000000000000e+05 
1.45836550364784e-03 1.00000000000000e+05 
1.51966502612793e-03 1.00000000000000e+05 
1.58184464305924e-03 1.00000000000000e+05 
1.64488066727963e-03 1.00000000000000e+05 
1.70894366941708e-03 1.00000000000000e+05 
1.77415817392730e-03 1.00000000000000e+05 
1.84059320602822e-03 1.00000000000000e+05 
1.90771489644751e-03 1.00000000000000e+05 
1.97507931745636e-03 1.00000000000000e+05 
2.04352524099683e-03 1.00000000000000e+05 
2.11314531347115e-03 1.00000000000000e+05 
2.18384713260372e-03 1.00000000000000e+05 
2.25542193197213e-03 1.00000000000000e+05 
2.32801600185703e-03 1.00000000000000e+05 
2.40207179466915e-03 1.00000000000000e+05 
2.47700988639459e-03 1.00000000000000e+05 
2.55285662963649e-03 1.00000000000000e+05 
2.62967617701718e-03 1.00000000000000e+05 
2.70755156440078e-03 1.00000000000000e+05 
2.78655562410707e-03 1.00000000000000e+05 
2.86587264541591e-03 1.00000000000000e+05 
2.94656031358261e-03 1.00000000000000e+05 
3.02863880215130e-03 1.00000000000000e+05 
3.11208876509361e-03 1.00000000000000e+05 
3.19697408669965e-03 1.00000000000000e+05 
3.28301802743064e-03 1.00000000000000e+05 
3.36909110675281e-03 1.00000000000000e+05 
3.45647907173672e-03 1.00000000000000e+05 
3.54519682049574e-03 1.00000000000000e+05 
3.63517874755534e-03 1.00000000000000e+05 
3.72653272134220e-03 1.00000000000000e+05 
3.81916628660442e-03 1.00000000000000e+05 
3.91282961490015e-03 1.00000000000000e+05 
4.00789905859098e-03 1.00000000000000e+05 
4.10418063507922e-03 1.00000000000000e+05 
4.20148737365613e-03 1.00000000000000e+05 
4.29980339525753e-03 1.00000000000000e+05 
4.39897541399789e-03 1.00000000000000e+05 
4.49885311098587e-03 1.00000000000000e+05 
4.59981413417487e-03 1.00000000000000e+05 
4.70176096913220e-03 1.00000000000000e+05 
4.80463640103485e-03 1.00000000000000e+05 
4.90827819928988e-03 1.00000000000000e+05 
5.01253270328639e-03 1.00000000000000e+05 
5.11602472216518e-03 1.00000000000000e+05 
5.21865642178214e-03 1.00000000000000e+05 
5.32336338305737e-03 1.00000000000000e+05 
5.42902437124799e-03 1.00000000000000e+05 
5.53332223922689e-03 1.00000000000000e+05 
5.63915435359087e-03 1.00000000000000e+05 
5.74548155788204e-03 1.00000000000000e+05 
5.85142840729206e-03 1.00000000000000e+05 
5.95790480558823e-03 1.00000000000000e+05 
6.06589305562063e-03 1.00000000000000e+05 
6.17358424484506e-03 1.00000000000000e+05 
6.28177852994112e-03 1.00000000000000e+05 
6.38841139747117e-03 1.00000000000000e+05 
6.49509408209776e-03 1.00000000000000e+05 
6.60186340494554e-03 1.00000000000000e+05 
6.70903378696149e-03 1.00000000000000e+05 
6.81618316813699e-03 1.00000000000000e+05 
6.92307806279453e-03 1.00000000000000e+05 
7.02988589016528e-03 1.00000000000000e+05 
7.13649999768313e-03 1.00000000000000e+05 
7.24260876197574e-03 1.00000000000000e+05 
7.34840776989933e-03 1.00000000000000e+05 
7.45397390983779e-03 1.00000000000000e+05 
7.55883855915311e-03 1.00000000000000e+05 
7.66176794833155e-03 1.00000000000000e+05 
7.76449396600368e-03 1.00000000000000e+05 
7.86685214462814e-03 1.00000000000000e+05 
7.96886924373954e-03 1.00000000000000e+05 
8.07045647663409e-03 1.00000000000000e+05 
8.17160576854263e-03 1.00000000000000e+05 
8.27229193803027e-03 1.00000000000000e+05 
8.37265015668671e-03 1.00000000000000e+05 
8.47264809150582e-03 1.00000000000000e+05 
8.57237897741104e-03 1.00000000000000e+05 
8.67196253685881e-03 1.00000000000000e+05 
8.77136106063606e-03 1.00000000000000e+05 
8.87070885663736e-03 1.00000000000000e+05 
8.97005055256354e-03 1.00000000000000e+05 
9.06943966593853e-03 1.00000000000000e+05 
9.16883341838848e-03 1.00000000000000e+05 
9.26781707114737e-03 1.00000000000000e+05 
9.36640620279359e-03 1.00000000000000e+05 
9.46490213273585e-03 1.00000000000000e+05 
9.56344984999771e-03 1.00000000000000e+05 
9.66203162952551e-03 1.00000000000000e+05 
9.76028120589264e-03 1.00000000000000e+05 
9.85891195321261e-03 1.00000000000000e+05 
9.95775603101360e-03 1.00000000000000e+05 
1.00570235732088e-02 1.00000000000000e+05 
1.01557203027470e-02 1.00000000000000e+05 
1.02545488070211e-02 1.00000000000000e+05 
1.03539302157879e-02 1.00000000000000e+05 
1.04536492289984e-02 1.00000000000000e+05 
1.05532257912523e-02 1.00000000000000e+05 
1.06527608850421e-02 1.00000000000000e+05 
1.07513144997517e-02 1.00000000000000e+05 
1.08497487185513e-02 1.00000000000000e+05 
1.09485264418688e-02 1.00000000000000e+05 
1.10477307688656e-02 1.00000000000000e+05 
1.11470658858445e-02 1.00000000000000e+05 
1.12468026596513e-02 1.00000000000000e+05 
1.13470981311194e-02 1.00000000000000e+05 
1.14479597003872e-02 1.00000000000000e+05 
1.15491596929950e-02 1.00000000000000e+05 
1.16509544706376e-02 1.00000000000000e+05 
1.17533029984675e-02 1.00000000000000e+05 
1.18562825853596e-02 1.00000000000000e+05 
1.19599432656300e-02 1.00000000000000e+05 
1.20642261473009e-02 1.00000000000000e+05 
1.21646463274237e-02 1.00000000000000e+05 
1.22657952024386e-02 1.00000000000000e+05 
1.23670679006533e-02 1.00000000000000e+05 
1.24686207027604e-02 1.00000000000000e+05 
1.25755342252971e-02 1.00000000000000e+05 
1.26824572255895e-02 1.00000000000000e+05 
1.27853621602212e-02 1.00000000000000e+05 
1.28885737714792e-02 1.00000000000000e+05 
1.29972605278761e-02 1.00000000000000e+05 
1.31064526937784e-02 1.00000000000000e+05 
1.32154286952443e-02 1.00000000000000e+05 
1.33236858840307e-02 1.00000000000000e+05 
1.34314327391581e-02 1.00000000000000e+05 
1.35389221213698e-02 1.00000000000000e+05 
1.36484536894611e-02 1.00000000000000e+05 
1.37590030510461e-02 1.00000000000000e+05 
1.38695760621399e-02 1.00000000000000e+05 
1.39796002250806e-02 1.00000000000000e+05 
1.40889948876845e-02 1.00000000000000e+05 
1.41984873986519e-02 1.00000000000000e+05 
1.43099196467452e-02 1.00000000000000e+05 
1.44224623097597e-02 1.00000000000000e+05 
1.45344204171682e-02 1.00000000000000e+05 
1.46457352297598e-02 1.00000000000000e+05 
1.47572779500584e-02 1.00000000000000e+05 
1.48692000971512e-02 1.00000000000000e+05 
1.49811481786579e-02 1.00000000000000e+05 
1.50930681788382e-02 1.00000000000000e+05 
1.52066154646363e-02 1.00000000000000e+05 
1.53208449456010e-02 1.00000000000000e+05 
1.54359350375774e-02 1.00000000000000e+05 
1.55517430732626e-02 1.00000000000000e+05 
1.56666738793542e-02 1.00000000000000e+05 
1.57813683438816e-02 1.00000000000000e+05 
1.58986819024544e-02 1.00000000000000e+05 
1.60171402748011e-02 1.00000000000000e+05 
1.61358657686370e-02 1.00000000000000e+05 
1.62541418623043e-02 1.00000000000000e+05 
1.63723974819100e-02 1.00000000000000e+05 
1.64909690298548e-02 1.00000000000000e+05 
1.66097131498339e-02 1.00000000000000e+05 
1.67287937083405e-02 1.00000000000000e+05 
1.68482293467947e-02 1.00000000000000e+05 
1.69676850187588e-02 1.00000000000000e+05 
1.70878228709482e-02 1.00000000000000e+05 
1.72083755461110e-02 1.00000000000000e+05 
1.73281835805992e-02 1.00000000000000e+05 
1.74434686012604e-02 1.00000000000000e+05 
1.75588663152106e-02 1.00000000000000e+05 
1.76742151177079e-02 1.00000000000000e+05 
1.77897040393894e-02 1.00000000000000e+05 
1.79050762896563e-02 1.00000000000000e+05 
1.80205964159707e-02 1.00000000000000e+05 
1.81361439772122e-02 1.00000000000000e+05 
1.82518757782826e-02 1.00000000000000e+05 
1.83679023564762e-02 1.00000000000000e+05 
1.84843300798715e-02 1.00000000000000e+05 
1.86008873940009e-02 1.00000000000000e+05 
1.87177065282435e-02 1.00000000000000e+05 
1.88345543337109e-02 1.00000000000000e+05 
1.89515139323101e-02 1.00000000000000e+05 
1.90685920833839e-02 1.00000000000000e+05 
1.91859252086088e-02 1.00000000000000e+05 
1.93034154551318e-02 1.00000000000000e+05 
1.94213020415396e-02 1.00000000000000e+05 
1.95392078100332e-02 1.00000000000000e+05 
1.96570927074271e-02 1.00000000000000e+05 
1.97750995599719e-02 1.00000000000000e+05 
1.98934501806348e-02 1.00000000000000e+05 
2.00119341471573e-02 1.00000000000000e+05 
2.01308359365648e-02 1.00000000000000e+05 
2.02501099507302e-02 1.00000000000000e+05 
2.03690396259384e-02 1.00000000000000e+05 
2.04882926530584e-02 1.00000000000000e+05 
2.06075687145348e-02 1.00000000000000e+05 
2.07270089080221e-02 1.00000000000000e+05 
2.08469538590473e-02 1.00000000000000e+05 
2.09670306743126e-02 1.00000000000000e+05 
2.10871280387875e-02 1.00000000000000e+05 
2.12065037806070e-02 1.00000000000000e+05 
2.13263173472606e-02 1.00000000000000e+05 
2.14463707817543e-02 1.00000000000000e+05 
2.15669582603378e-02 1.00000000000000e+05 
2.16879466676114e-02 1.00000000000000e+05 
2.18083069289059e-02 1.00000000000000e+05 
2.19283920358862e-02 1.00000000000000e+05 
2.20491633497180e-02 1.00000000000000e+05 
2.21701275138051e-02 1.00000000000000e+05 
2.22914962379878e-02 1.00000000000000e+05 
2.24128562548277e-02 1.00000000000000e+05 
2.25346188874343e-02 1.00000000000000e+05 
2.26566016277455e-02 1.00000000000000e+05 
2.27779348092850e-02 1.00000000000000e+05 
2.28989829692535e-02 1.00000000000000e+05 
2.30206520825024e-02 1.00000000000000e+05 
2.31425885156737e-02 1.00000000000000e+05 
2.32650654591074e-02 1.00000000000000e+05 
2.33879600900525e-02 1.00000000000000e+05 
2.35112117244844e-02 1.00000000000000e+05 
2.36346717127876e-02 1.00000000000000e+05 
2.37574239718414e-02 1.00000000000000e+05 
2.38806166274849e-02 1.00000000000000e+05 
2.40034433795585e-02 1.00000000000000e+05 
2.41267466525620e-02 1.00000000000000e+05 
2.42503751896592e-02 1.00000000000000e+05 
2.43741462859368e-02 1.00000000000000e+05 
2.45007108035491e-02 1.00000000000000e+05 
2.46272859167090e-02 1.00000000000000e+05 
2.47549002641781e-02 1.00000000000000e+05 
2.48820154509121e-02 1.00000000000000e+05 
2.50095316018733e-02 1.00000000000000e+05 
2.51368702303865e-02 1.00000000000000e+05 
2.52644753679235e-02 1.00000000000000e+05 
2.53923837552060e-02 1.00000000000000e+05 
2.55198158050007e-02 1.00000000000000e+05 
2.56477959763073e-02 1.00000000000000e+05 
2.57762061890711e-02 1.00000000000000e+05 
2.59048869964220e-02 1.00000000000000e+05 
2.60338349073391e-02 1.00000000000000e+05 
2.61627659204387e-02 1.00000000000000e+05 
2.62916708877794e-02 1.00000000000000e+05 
2.64205086206583e-02 1.00000000000000e+05 
2.65493179351870e-02 1.00000000000000e+05 
2.66780928645576e-02 1.00000000000000e+05 
2.68068403201598e-02 1.00000000000000e+05 
2.69355715537585e-02 1.00000000000000e+05 
2.70642839550207e-02 1.00000000000000e+05 
2.71929675746834e-02 1.00000000000000e+05 
2.73216393120189e-02 1.00000000000000e+05 
2.74502990401641e-02 1.00000000000000e+05 
2.75789593723828e-02 1.00000000000000e+05 
2.77076214397375e-02 1.00000000000000e+05 
2.78362822010214e-02 1.00000000000000e+05 
2.79649416740687e-02 1.00000000000000e+05 
2.80936128489782e-02 1.00000000000000e+05 
2.82222949862305e-02 1.00000000000000e+05 
2.83510007695600e-02 1.00000000000000e+05 
2.84797211016391e-02 1.00000000000000e+05 
2.86084547337351e-02 1.00000000000000e+05 
2.87372189246361e-02 1.00000000000000e+05 
2.88660150600554e-02 1.00000000000000e+05 
2.89948454645715e-02 1.00000000000000e+05 
2.91237275096608e-02 1.00000000000000e+05 
2.92526521916594e-02 1.00000000000000e+05 
2.93816216127664e-02 1.00000000000000e+05 
2.95106768685905e-02 1.00000000000000e+05 
2.96398148407600e-02 1.00000000000000e+05 
2.97689814734430e-02 1.00000000000000e+05 
2.98980189228665e-02 1.00000000000000e+05 
3.00270985447283e-02 1.00000000000000e+05 
3.01563921238969e-02 1.00000000000000e+05 
3.02859881555367e-02 1.00000000000000e+05 
3.04159706999696e-02 1.00000000000000e+05 
3.05458013557405e-02 1.00000000000000e+05 
3.06755495214761e-02 1.00000000000000e+05 
3.08053457661170e-02 1.00000000000000e+05 
3.09352206036825e-02 1.00000000000000e+05 
3.10652788143343e-02 1.00000000000000e+05 
3.11956117432502e-02 1.00000000000000e+05 
3.13263458784894e-02 1.00000000000000e+05 
3.14576514259825e-02 1.00000000000000e+05 
3.15896070273620e-02 1.00000000000000e+05 
3.17223739489696e-02 1.00000000000000e+05 
3.18557088243442e-02 1.00000000000000e+05 
3.19891278962775e-02 1.00000000000000e+05 
3.21226282953344e-02 1.00000000000000e+05 
3.22562172492854e-02 1.00000000000000e+05 
3.23898913065967e-02 1.00000000000000e+05 
3.25236816565219e-02 1.00000000000000e+05 
3.26578348170347e-02 1.00000000000000e+05 
3.27925442897282e-02 1.00000000000000e+05 
3.29277849210738e-02 1.00000000000000e+05 
3.30637280421437e-02 1.00000000000000e+05 
3.31969636103707e-02 1.00000000000000e+05 
3.33302043102662e-02 1.00000000000000e+05 
3.34634234663849e-02 1.00000000000000e+05 
3.35966305024834e-02 1.00000000000000e+05 
3.37297895514579e-02 1.00000000000000e+05 
3.38630095474814e-02 1.00000000000000e+05 
3.39937424505753e-02 1.00000000000000e+05 
3.41244418180296e-02 1.00000000000000e+05 
3.42550542718276e-02 1.00000000000000e+05 
3.43856060623023e-02 1.00000000000000e+05 
3.45160472203157e-02 1.00000000000000e+05 
3.46464996077018e-02 1.00000000000000e+05 
3.47769605071324e-02 1.00000000000000e+05 
3.49074969233232e-02 1.00000000000000e+05 
3.50381764214537e-02 1.00000000000000e+05 
3.51690042597347e-02 1.00000000000000e+05 
3.52999749694004e-02 1.00000000000000e+05 
3.54311579347153e-02 1.00000000000000e+05 
3.55625693910289e-02 1.00000000000000e+05 
3.56942334884225e-02 1.00000000000000e+05 
3.58262413828307e-02 1.00000000000000e+05 
3.59582604181059e-02 1.00000000000000e+05 
3.60902869851601e-02 1.00000000000000e+05 
3.62223873496312e-02 1.00000000000000e+05 
3.63545227737643e-02 1.00000000000000e+05 
3.64867127562421e-02 1.00000000000000e+05 
3.66190579400120e-02 1.00000000000000e+05 
3.67516354535820e-02 1.00000000000000e+05 
3.68845745272611e-02 1.00000000014118e+05 
3.70178704809335e-02 1.00000000099023e+05 
3.71515520761935e-02 1.00000000685622e+05 
3.72858810538156e-02 1.00000001603364e+05 
3.74202476618034e-02 1.00000002954069e+05 
3.75547033736789e-02 1.00000004778622e+05 
3.76892699652817e-02 1.00000006690325e+05 
3.78239401773648e-02 1.00000008996585e+05 
3.79586788368851e-02 1.00000011644881e+05 
3.80934023154436e-02 1.00000014601851e+05 
3.82280718798391e-02 1.00000017796614e+05 
3.83632128705091e-02 1.00000021161590e+05 
3.84987869165099e-02 1.00000024648816e+05 
3.86344766123631e-02 1.00000028166388e+05 
3.87703253927879e-02 1.00000031622680e+05 
3.89063878582060e-02 1.00000034863869e+05 
3.90425872203958e-02 1.00000037811205e+05 
3.91789965869005e-02 1.00000040451871e+05 
3.93125584587905e-02 1.00000042655655e+05 
3.94462036283149e-02 1.00000044523440e+05 
3.95798833150940e-02 1.00000046106010e+05 
3.97136194961277e-02 1.00000047698410e+05 
3.98473211759583e-02 1.00000049207996e+05 
3.99810634768836e-02 1.00000051165755e+05 
4.01147562326939e-02 1.00000051695369e+05 
4.02485324421066e-02 1.00000053164595e+05 
4.03824034575959e-02 1.00000059417274e+05 
4.05164749235425e-02 1.00000101618958e+05 
4.06507329466385e-02 1.00000228397136e+05 
4.07853064620703e-02 1.00000477047944e+05 
4.09201681293084e-02 1.00000869214223e+05 
4.10555331466378e-02 1.00001405171633e+05 
4.11912068263289e-02 1.00002092138434e+05 
4.13268452464308e-02 1.00002924185008e+05 
4.14626062464505e-02 1.00003903361139e+05 
4.15983721734511e-02 1.00005022051697e+05 
4.17341512434280e-02 1.00006267759565e+05 
4.18700901986662e-02 1.00007631317201e+05 
4.20061062255608e-02 1.00009088498961e+05 
4.21422352056478e-02 1.00010602662597e+05 
4.22787304628169e-02 1.00012154670777e+05 
4.24154763546399e-02 1.00013676350071e+05 
4.25526001485940e-02 1.00015147387584e+05 
4.26901174323217e-02 1.00016522462265e+05 
4.28280688301296e-02 1.00017822704418e+05 
4.29664571297615e-02 1.00018876808981e+05 
4.31053277418975e-02 1.00019881803687e+05 
4.32438694197048e-02 1.00020715345333e+05 
4.33804315736213e-02 1.00021608687596e+05 
4.35192840277520e-02 1.00022405545913e+05 
4.36581551124132e-02 1.00022841093888e+05 
4.37969984906011e-02 1.00023263594625e+05 
4.39360807212461e-02 1.00024458792743e+05 
4.40742492311532e-02 1.00029003594500e+05 
4.42123856999372e-02 1.00099067609160e+05 
4.43506104998205e-02 1.00282333615237e+05 
4.44883125529692e-02 1.00600671634475e+05 
4.46265398749088e-02 1.01098250235507e+05 
4.47649044290555e-02 1.01771658992736e+05 
4.49032322526505e-02 1.02606953911690e+05 
4.50415759322007e-02 1.03587488646169e+05 
4.51798547587357e-02 1.04697140368331e+05 
4.53181159166011e-02 1.05906302251575e+05 
4.54564724309575e-02 1.07180836687157e+05 
4.55949002295898e-02 1.08493955929057e+05 
4.57334322355469e-02 1.09798006970370e+05 
4.58719790639982e-02 1.11041859779961e+05 
4.60106135089452e-02 1.12159795951346e+05 
4.61493660135148e-02 1.13191278779668e+05 
4.62879432128885e-02 1.14100803284639e+05 
4.64268228579561e-02 1.14730382807530e+05 
4.65661419768005e-02 1.15141999723826e+05 
4.67058721640876e-02 1.15333045183365e+05 
4.68457872405932e-02 1.15264366946791e+05 
4.69833993140116e-02 1.15222493594339e+05 
4.71230179939918e-02 1.15173737566060e+05 
4.72624529898399e-02 1.15106849450646e+05 
4.74019062171108e-02 1.14978734722101e+05 
4.75413117153357e-02 1.14803224463529e+05 
4.76809149488136e-02 1.14569909948459e+05 
4.78207840083795e-02 1.14301883444125e+05 
4.79609111072748e-02 1.14005044944812e+05 
4.81014630336651e-02 1.13683458089949e+05 
4.82425966237299e-02 1.13340364517532e+05 
4.83813138062654e-02 1.12987404169633e+05 
4.85232242067002e-02 1.12616858262923e+05 
4.86660506719357e-02 1.12237887534033e+05 
4.88088958236863e-02 1.11858283071494e+05 
4.89519760845772e-02 1.11481264561607e+05 
4.90952994348784e-02 1.11109732809048e+05 
4.92369361542332e-02 1.10748813295483e+05 
4.93785257415171e-02 1.10395996137144e+05 
4.95200821055317e-02 1.10051281252918e+05 
4.96617052756252e-02 1.09714826775646e+05 
4.98034030439531e-02 1.09386318885474e+05 
4.99452200831473e-02 1.09066187384688e+05 
5.00871065647664e-02 1.08753549526336e+05 
5.02291245704287e-02 1.08447568241698e+05 
5.03711883242828e-02 1.08148006660823e+05 
5.05133513509283e-02 1.07854452530007e+05 
5.06556046051427e-02 1.07566091568829e+05 
5.07979567851093e-02 1.07282889250051e+05 
5.09403265753899e-02 1.07004253147340e+05 
5.10828413762515e-02 1.06729434156161e+05 
5.12254935196779e-02 1.06458015564791e+05 
5.13683796831253e-02 1.06189499762125e+05 
5.15115819078859e-02 1.05923379928219e+05 
5.16551288748202e-02 1.05659420328219e+05 
5.17990272889707e-02 1.05397317297436e+05 
5.19433679702069e-02 1.05136847433983e+05 
5.20880812163316e-02 1.04877697375329e+05 
5.22329386000788e-02 1.04620528840025e+05 
5.23779631697954e-02 1.04365237232338e+05 
5.25231316367632e-02 1.04111919626947e+05 
5.26683879176447e-02 1.03860696569245e+05 
5.28138422160362e-02 1.03611455782356e+05 
5.29573753726758e-02 1.03367867726856e+05 
5.31029690202600e-02 1.03123411815575e+05 
5.32487961457911e-02 1.02881365829674e+05 
5.33950977871213e-02 1.02641632577575e+05 
5.35419973392072e-02 1.02404250900441e+05 
5.36896753839026e-02 1.02169145059280e+05 
5.38338171449074e-02 1.01943288145485e+05 
5.39819076397034e-02 1.01715249830394e+05 
5.41298841014555e-02 1.01491582693340e+05 
5.42778908487657e-02 1.01272333343152e+05 
5.44260501160850e-02 1.01057496616758e+05 
5.45745454618349e-02 1.00846928417187e+05 
5.47233536140781e-02 1.00640836098171e+05 
5.48694834789319e-02 1.00443439916515e+05 
5.50194693142998e-02 1.00245987321700e+05 
5.51658489133123e-02 1.00058466746405e+05 
5.53122903779205e-02 9.98760223254761e+04 
5.54587966702693e-02 9.96986040778778e+04 
5.56053058234834e-02 9.95262913962017e+04 
5.57518860107035e-02 9.93590344948757e+04 
5.58984744078305e-02 9.91967267231589e+04 
5.60450247751674e-02 9.90393880453896e+04 
5.61913786823057e-02 9.88870023907014e+04 
5.63376352316514e-02 9.87392135915985e+04 
5.64838092079140e-02 9.85958026820328e+04 
5.66300230625608e-02 9.84564872497407e+04 
5.67763330336086e-02 9.83208549563742e+04 
5.69228345073914e-02 9.81886397791507e+04 
5.70694609325343e-02 9.80595686866438e+04 
5.72163729510654e-02 9.79330700975935e+04 
5.73635335271847e-02 9.78092503431256e+04 
5.75110228821728e-02 9.76876460679764e+04 
5.76589202026917e-02 9.75678410560152e+04 
5.78072398984433e-02 9.74496622784943e+04 
5.79559263116646e-02 9.73325395525872e+04 
5.81050452288740e-02 9.72161825630589e+04 
5.82545656456163e-02 9.71005327397317e+04 
5.84042163667225e-02 9.69857732678643e+04 
5.85540663696018e-02 9.68718818165359e+04 
5.87041599098344e-02 9.67588803747075e+04 
5.88544646509281e-02 9.66468569325025e+04 
5.90051921497746e-02 9.65359472564274e+04 
5.91563591404546e-02 9.64264738458892e+04 
5.93080662190079e-02 9.63193399612772e+04 
5.94605427095891e-02 9.62144197397080e+04 
5.96138092640518e-02 9.61133459157380e+04 
5.97662276528347e-02 9.60193299304556e+04 
5.99197093082187e-02 9.59322192679994e+04 
6.00708437214171e-02 9.58576222288357e+04 
6.02243321193407e-02 9.57973092357053e+04 
6.03774374387403e-02 9.57458659852481e+04 
6.05308535052419e-02 9.57205244857454e+04 
6.06824431081351e-02 9.57201425211556e+04 
6.08350739785321e-02 9.57602466509506e+04 
6.09873516663485e-02 9.58063597833502e+04 
6.11405707980886e-02 9.58726461304329e+04 
6.12932104373013e-02 9.59588264019377e+04 
6.14460045210354e-02 9.60792828075985e+04 
6.15968257820225e-02 9.62353716146217e+04 
6.17476328119087e-02 9.64326660339556e+04 
6.18984031854375e-02 9.66656391257742e+04 
6.20492325583894e-02 9.69356345279384e+04 
6.22000487654215e-02 9.72405553613264e+04 
6.23508196204302e-02 9.75804364248695e+04 
6.25014263856368e-02 9.79522342433161e+04 
6.26519667309485e-02 9.83529772679757e+04 
6.28024807030989e-02 9.87801934805138e+04 
6.29530935056937e-02 9.92297894509583e+04 
6.31038425216699e-02 9.96968368721983e+04 
6.32547324613363e-02 1.00175720451328e+05 
6.34050501771744e-02 1.00659406186849e+05 
6.35561179235619e-02 1.01138482354082e+05 
6.37063248122399e-02 1.01612170054708e+05 
6.38577053434518e-02 1.02080573700146e+05 
6.40089871565038e-02 1.02531073673991e+05 
6.41606834306315e-02 1.02961582693718e+05 
6.43105502642885e-02 1.03357127923015e+05 
6.44614216107441e-02 1.03719849173792e+05 
6.46111520228706e-02 1.04061165544701e+05 
6.47624432735207e-02 1.04344271077209e+05 
6.49132291120947e-02 1.04576110998967e+05 
6.50644904510891e-02 1.04771573238914e+05 
6.52139212231037e-02 1.04912369429310e+05 
6.53643824706427e-02 1.05053036098661e+05 
6.55136988433542e-02 1.05184488478026e+05 
6.56646057457791e-02 1.05307013141535e+05 
6.58149521507116e-02 1.05412422642769e+05 
6.59657553614585e-02 1.05499380829804e+05 
6.61146522192795e-02 1.05570199186839e+05 
6.62645544978938e-02 1.05629133088292e+05 
6.64132713874552e-02 1.05674304928941e+05 
6.65635678372928e-02 1.05705762645737e+05 
6.67132707671208e-02 1.05724390956779e+05 
6.68634305659182e-02 1.05730907226984e+05 
6.70116714557095e-02 1.05726312993830e+05 
6.71609101574389e-02 1.05712675247677e+05 
6.73089728476090e-02 1.05691222380795e+05 
6.74586290872929e-02 1.05660794696433e+05 
6.76076157059437e-02 1.05623310691949e+05 
6.77571294730627e-02 1.05579410669654e+05 
6.79047076208473e-02 1.05530615773480e+05 
6.80532704581332e-02 1.05476939289251e+05 
6.82006599361505e-02 1.05419458552306e+05 
6.83496550365571e-02 1.05357721341260e+05 
6.84979151396704e-02 1.05293658523215e+05 
6.86467632564425e-02 1.05226924439552e+05 
6.87936593371097e-02 1.05159204730288e+05 
6.89415160592578e-02 1.05089220469771e+05 
6.90882115818870e-02 1.05018005098361e+05 
6.92363868186728e-02 1.04945240011709e+05 
6.93838306945257e-02 1.04870631138981e+05 
6.95317742011407e-02 1.04794735281015e+05 
6.96778238667519e-02 1.04718717133100e+05 
6.98248901938629e-02 1.04642135211903e+05 
6.99708449250837e-02 1.04566335102436e+05 
7.01184607655523e-02 1.04488932270675e+05 
7.02652479148694e-02 1.04411041538185e+05 
7.04126967065994e-02 1.04330372117168e+05 
7.05582254012838e-02 1.04247883594909e+05 
7.07045730986954e-02 1.04161071408767e+05 
7.08498836135105e-02 1.04070806362671e+05 
7.09968049058445e-02 1.03974992202318e+05 
7.11427595782467e-02 1.03874637954505e+05 
7.12893723724337e-02 1.03767953991255e+05 
7.14341090328872e-02 1.03656647458367e+05 
7.15796109515498e-02 1.03538328944695e+05 
7.17240434666200e-02 1.03413965697094e+05 
7.18698887181012e-02 1.03281590315991e+05 
7.20145908574686e-02 1.03142916319296e+05 
7.21599716579899e-02 1.02997222781858e+05 
7.23034789686521e-02 1.02844849463962e+05 
7.24478185955508e-02 1.02684084787331e+05 
7.25912417140481e-02 1.02516111911156e+05 
7.27362819054242e-02 1.02341149096005e+05 
7.28802250320862e-02 1.02161343544849e+05 
7.30249107761908e-02 1.01973486867770e+05 
7.31678529720201e-02 1.01781737667093e+05 
7.33114689891651e-02 1.01582921924595e+05 
7.34542448558386e-02 1.01379377851213e+05 
7.35986056154440e-02 1.01168047899894e+05 
7.37420084131813e-02 1.00953037986601e+05 
7.38861112155174e-02 1.00732164239895e+05 
7.40285060135602e-02 1.00509564095442e+05 
7.41715515053880e-02 1.00281866670162e+05 
7.43138122024508e-02 1.00051661086710e+05 
7.44576284165149e-02 9.98155686067684e+04 
7.46004127070521e-02 9.95780878825838e+04 
7.47439951761410e-02 9.93366231185109e+04 
7.48858592984757e-02 9.90958197981870e+04 
7.50285544234193e-02 9.88516132343263e+04 
7.51704472373984e-02 9.86071879642251e+04 
7.53139343594316e-02 9.83588089539351e+04 
7.54565319325720e-02 9.81111599589497e+04 
7.55998152573835e-02 9.78617687065124e+04 
7.57414106872203e-02 9.76152851361251e+04 
7.58838222693160e-02 9.73676879352173e+04 
7.60253978625961e-02 9.71217418184198e+04 
7.61685265693181e-02 9.68737025692320e+04 
7.63108356912574e-02 9.66280674937869e+04 
7.64538267566620e-02 9.63828000532751e+04 
7.65951315880314e-02 9.61421651812773e+04 
7.67372876616805e-02 9.59019098749035e+04 
7.68785985259493e-02 9.56653437715669e+04 
7.70214511967159e-02 9.54286478072660e+04 
7.71636017576241e-02 9.51955660822048e+04 
7.73064449422334e-02 9.49637696360569e+04 
7.74475907699274e-02 9.47377593273807e+04 
7.75896072408151e-02 9.45132179392259e+04 
7.77307885762340e-02 9.42931976174487e+04 
7.78735029040758e-02 9.40741190444299e+04 
7.80156239302918e-02 9.38593192573086e+04 
7.81583722817788e-02 9.36469765050580e+04 
7.82994832770481e-02 9.34408186186671e+04 
7.84414834049973e-02 9.32373155799706e+04 
7.85826540774874e-02 9.30383107441971e+04 
7.87253482890251e-02 9.28409953251467e+04 
7.88675556294515e-02 9.26484626630999e+04 
7.90103202622221e-02 9.24594505767822e+04 
7.91515042567321e-02 9.22770002425123e+04 
7.92936017628133e-02 9.20980274898350e+04 
7.94348587164134e-02 9.19250326204138e+04 
7.95776243435860e-02 9.17554136934967e+04 
7.97200066800427e-02 9.15912784982341e+04 
7.98628678776152e-02 9.14319247141373e+04 
8.00041859584199e-02 9.12798234310365e+04 
8.01464691101725e-02 9.11316676482543e+04 
8.02878911825424e-02 9.09906812851726e+04 
8.04308201660295e-02 9.08545359871079e+04 
8.05734478182200e-02 9.07253371944458e+04 
8.07165105363148e-02 9.06017468125949e+04 
8.08580596656644e-02 9.04867095736375e+04 
8.10006189511043e-02 9.03781437758558e+04 
8.11422861011636e-02 9.02782573050157e+04 
8.12854458551150e-02 9.01797073146076e+04 
8.14283317746238e-02 9.00956638316061e+04 
8.15716365557496e-02 9.00197463139491e+04 
8.17134513771821e-02 8.99550734990039e+04 
8.18563205344975e-02 8.98998472802445e+04 
8.19982673448234e-02 8.98538675920082e+04 
8.21416975151406e-02 8.98153757199519e+04 
8.22848825131574e-02 8.97842376577915e+04 
8.24284780013278e-02 8.97537832047369e+04 
8.25706086044495e-02 8.97386611551342e+04 
8.27138405955419e-02 8.97364806018416e+04 
8.28561198744023e-02 8.97475961219948e+04 
8.29998786660865e-02 8.97716022755654e+04 
8.31434189365461e-02 8.98117184730786e+04 
8.32873540111772e-02 8.98578533041543e+04 
8.34298286727531e-02 8.99119284514803e+04 
8.35734003051662e-02 8.99753326764450e+04 
8.37159996043349e-02 9.00498264064932e+04 
8.38600561165380e-02 9.01407096154136e+04 
8.40039150733818e-02 9.02472662662478e+04 
8.41481631128563e-02 9.03684461231193e+04 
8.42909805599880e-02 9.05019839030098e+04 
8.44349264650947e-02 9.06524325816863e+04 
8.45779168231493e-02 9.08138491434535e+04 
8.47223880939225e-02 9.09897076967486e+04 
8.48666764930833e-02 9.11788276540373e+04 
8.50113538465553e-02 9.13804227146101e+04 
8.51545789718875e-02 9.15917745138511e+04 
8.52989287162230e-02 9.18157746366034e+04 
8.54422975315981e-02 9.20479759551725e+04 
8.55871407942955e-02 9.22912053373601e+04 
8.57317828886578e-02 9.25424616029356e+04 
8.58767994173455e-02 9.27994966644180e+04 
8.60203369331129e-02 9.30573914396488e+04 
8.61649897824666e-02 9.33203352674026e+04 
8.63086444639403e-02 9.35836719971632e+04 
8.64537760633433e-02 9.38508443847204e+04 
8.65986922130824e-02 9.41163356532157e+04 
8.67439851724951e-02 9.43798574418154e+04 
8.68877763603646e-02 9.46367478616075e+04 
8.70326803263174e-02 9.48906860631567e+04 
8.71765714770707e-02 9.51372608927785e+04 
8.73219462703979e-02 9.53787634517767e+04 
8.74670820293637e-02 9.56130386558776e+04 
8.76125925345541e-02 9.58399391592639e+04 
8.77565650691464e-02 9.60562783715168e+04 
8.79016397006347e-02 9.62660029893083e+04 
8.80456798486483e-02 9.64635320412869e+04 
8.81912078253932e-02 9.66603510451936e+04 
8.83364448029310e-02 9.68397617182156e+04 
8.84820080396273e-02 9.70059098955248e+04 
8.86259717575860e-02 9.71588663291773e+04 
8.87709972974531e-02 9.73069587442357e+04 
8.89149738948277e-02 9.74432789351672e+04 
8.90604479559859e-02 9.75764350070049e+04 
8.92056631756626e-02 9.77025242940148e+04 
8.93512866835237e-02 9.78257536546713e+04 
8.94953314760258e-02 9.79362303105375e+04 
8.96404638705732e-02 9.80368654142612e+04 
8.97845461217485e-02 9.81270575899352e+04 
8.99301317483133e-02 9.82121983600005e+04 
9.00753956217452e-02 9.82902940850400e+04 
9.02210497757448e-02 9.83555443256552e+04 
9.03650701303142e-02 9.84063503577774e+04 
9.05101541603191e-02 9.84458973317548e+04 
9.06541717730818e-02 9.84752521290724e+04 
9.07996946663470e-02 9.84886738221627e+04 
9.09448728777870e-02 9.85014496696950e+04 
9.10904482937737e-02 9.85122117265591e+04 
9.12343707799499e-02 9.85195945948832e+04 
9.13793455152770e-02 9.85232297146404e+04 
9.15232477687115e-02 9.85229164099711e+04 
9.16686497012874e-02 9.85169486067436e+04 
9.18136543148286e-02 9.85038651787993e+04 
9.19590834523656e-02 9.84842269580106e+04 
9.21028535136504e-02 9.84598110112619e+04 
9.22476706399827e-02 9.84306647087099e+04 
9.23914228694983e-02 9.83974679841223e+04 
9.25366784336148e-02 9.83598558806254e+04 
9.26815232691820e-02 9.83187134541157e+04 
9.28268171155771e-02 9.82739773917835e+04 
9.29704591389247e-02 9.82270773666906e+04 
9.31151503160242e-02 9.81773226650611e+04 
9.32587843591560e-02 9.81257917734149e+04 
9.34039240010680e-02 9.80718383316149e+04 
9.35486524607888e-02 9.80163002791295e+04 
9.36938433180881e-02 9.79590282807063e+04 
9.38373920805396e-02 9.79012949274343e+04 
9.39819760399537e-02 9.78421881551864e+04 
9.41255167055710e-02 9.77829062255009e+04 
9.42705510790626e-02 9.77225167952801e+04 
9.44152082753814e-02 9.76619604483218e+04 
9.45603010234090e-02 9.76012056072683e+04 
9.47037732880309e-02 9.75413307372384e+04 
9.48482933680945e-02 9.74813961514165e+04 
9.49917861816980e-02 9.74225006470366e+04 
9.51367779025888e-02 9.73637504306051e+04 
9.52814224671966e-02 9.73061316333934e+04 
9.54264738775880e-02 9.72496335621139e+04 
9.55699068509424e-02 9.71952983561660e+04 
9.57144082192227e-02 9.71422806988793e+04 
9.58578615730426e-02 9.70915395938940e+04 
9.60028171545491e-02 9.70424341788955e+04 
9.61474563807528e-02 9.69956187373054e+04 
9.62924952139044e-02 9.69509985365572e+04 
9.64359182200789e-02 9.69092717893712e+04 
9.65804167147147e-02 9.68697930815814e+04 
9.67238556048700e-02 9.68331460780110e+04 
9.68687956982605e-02 9.67986350064913e+04 
9.70134142070549e-02 9.67672733693349e+04 
9.71584226096040e-02 9.67389735646400e+04 
9.73017992585380e-02 9.67145488670177e+04 
9.74462521702154e-02 9.66905769550486e+04 
9.75896282540213e-02 9.66726559620857e+04 
9.77345117814499e-02 9.66596762993177e+04 
9.78790639036272e-02 9.66510280391448e+04 
9.80240044152486e-02 9.66451055221354e+04 
9.81672846565081e-02 9.66448235366178e+04 
9.83116409022406e-02 9.66440072311465e+04 
9.84548975345007e-02 9.66428122648183e+04 
9.85996749387188e-02 9.66436132926727e+04 
9.87440951167753e-02 9.66468045595679e+04 
9.88889057105804e-02 9.66520426728210e+04 
9.90320044540615e-02 9.66625917302420e+04 
9.91761721279393e-02 9.66787935351640e+04 
9.93192088552773e-02 9.66990870136204e+04 
9.94637842689048e-02 9.67254280761183e+04 
9.96079510576412e-02 9.67538757850332e+04 
9.97525002400457e-02 9.67852840228736e+04 
9.98952607915466e-02 9.68204934066349e+04 
1.00039068350318e-01 9.68606316690692e+04 
1.00181708699958e-01 9.69052132275165e+04 
1.00325911208948e-01 9.69555063096108e+04 
1.00469657096646e-01 9.70111596479481e+04 
1.00613822673946e-01 9.70717189875818e+04 
1.00756133563251e-01 9.71364950622060e+04 
1.00899482086520e-01 9.72063241224891e+04 
1.01041628654157e-01 9.72801221845522e+04 
1.01185361787497e-01 9.73595523004595e+04 
1.01328448635074e-01 9.74430965893589e+04 
1.01472078537270e-01 9.75319121341613e+04 
1.01613763869456e-01 9.76241304998703e+04 
1.01756388831293e-01 9.77215138273693e+04 
1.01897847354356e-01 9.78221407340470e+04 
1.02040919092801e-01 9.79283387588473e+04 
1.02183139282996e-01 9.80373500578410e+04 
1.02325960487094e-01 9.81496231563718e+04 
1.02466841657140e-01 9.82646254928667e+04 
1.02608500537816e-01 9.83842556147398e+04 
1.02749097759751e-01 9.85058946271588e+04 
1.02891336411063e-01 9.86318527635965e+04 
1.03032496574110e-01 9.87589721249063e+04 
1.03174272040331e-01 9.88882800643925e+04 
1.03314180910038e-01 9.90172546202684e+04 
1.03454688088420e-01 9.91475307410466e+04 
1.03594259622714e-01 9.92771435485096e+04 
1.03735499087089e-01 9.94081596004015e+04 
1.03875425698047e-01 9.95373351556870e+04 
1.04015987992346e-01 9.96660671239647e+04 
1.04154591091050e-01 9.97915868324067e+04 
1.04293792323621e-01 9.99157238286830e+04 
1.04432200216392e-01 1.00036781775242e+05 
1.04572165474251e-01 1.00156446397176e+05 
1.04710728885381e-01 1.00271817492806e+05 
1.04849953467340e-01 1.00384400936402e+05 
1.04987158536205e-01 1.00491749355562e+05 
1.05124956807911e-01 1.00595761966269e+05 
1.05261990756841e-01 1.00695212327663e+05 
1.05400575423033e-01 1.00791732348038e+05 
1.05537709596020e-01 1.00882583575669e+05 
1.05675536196115e-01 1.00969215683675e+05 
1.05811340112497e-01 1.01050009186458e+05 
1.05947700070098e-01 1.01126610348576e+05 
1.06083344141509e-01 1.01197652237429e+05 
1.06220530355754e-01 1.01264643156863e+05 
1.06356222937542e-01 1.01325293478822e+05 
1.06492648374431e-01 1.01380718848843e+05 
1.06627079387902e-01 1.01428839457193e+05 
1.06762008960899e-01 1.01474834410681e+05 
1.06896307108489e-01 1.01511773544759e+05 
1.07032114336759e-01 1.01540852223796e+05 
1.07166387556055e-01 1.01563528966212e+05 
1.07301434484645e-01 1.01581904148298e+05 
1.07434549610706e-01 1.01591160917868e+05 
1.07568086288866e-01 1.01598191092605e+05 
1.07701052964664e-01 1.01603105517203e+05 
1.07835519758586e-01 1.01605537174258e+05 
1.07968435758300e-01 1.01605780256309e+05 
1.08102161319380e-01 1.01603319831520e+05 
1.08233992158447e-01 1.01597827708131e+05 
1.08366228022816e-01 1.01588778524408e+05 
1.08497936718021e-01 1.01577112415244e+05 
1.08631160595959e-01 1.01562816112594e+05 
1.08762840503982e-01 1.01546002554747e+05 
1.08895364817390e-01 1.01526807241658e+05 
1.09026030511056e-01 1.01505966653745e+05 
1.09157108601410e-01 1.01483423290835e+05 
1.09287705076422e-01 1.01459811868390e+05 
1.09419833538724e-01 1.01435192543667e+05 
1.09550429701391e-01 1.01410393213282e+05 
1.09681905141882e-01 1.01385515560831e+05 
1.09811556574616e-01 1.01361466500662e+05 
1.09941630431707e-01 1.01338089759065e+05 
1.10071264678829e-01 1.01315954761504e+05 
1.10202448920982e-01 1.01295050991184e+05 
1.10332113197708e-01 1.01275881553396e+05 
1.10462689155454e-01 1.01258229372273e+05 
1.10591471967093e-01 1.01242591927067e+05 
1.10720689340320e-01 1.01228516449369e+05 
1.10849504227176e-01 1.01216154762691e+05 
1.10979887259328e-01 1.01205258872203e+05 
1.11108764051263e-01 1.01195799247653e+05 
1.11238581691708e-01 1.01187315972883e+05 
1.11366634176556e-01 1.01179925803399e+05 
1.11495135143932e-01 1.01173106066643e+05 
1.11623266283425e-01 1.01166843294481e+05 
1.11752983632224e-01 1.01160872175713e+05 
1.11881210049638e-01 1.01155078574464e+05 
1.12010403472194e-01 1.01148998750110e+05 
1.12137856259126e-01 1.01142996852845e+05 
1.12265771981034e-01 1.01136643160055e+05 
1.12393345979724e-01 1.01130143725942e+05 
1.12522524352510e-01 1.01123360766625e+05 
1.12650229092698e-01 1.01116374647218e+05 
1.12778925383215e-01 1.01108831120715e+05 
1.12905905271452e-01 1.01101312282358e+05 
1.13033366187799e-01 1.01093502051984e+05 
1.13160508368452e-01 1.01085712060312e+05 
1.13289272626864e-01 1.01077924439355e+05 
1.13416580002017e-01 1.01070346887716e+05 
1.13544892691004e-01 1.01062639628951e+05 
1.13671503175846e-01 1.01055392539793e+05 
1.13798613320640e-01 1.01048273288365e+05 
1.13925412053192e-01 1.01041585062730e+05 
1.14053843430657e-01 1.01035257060551e+05 
1.14180842353149e-01 1.01029457012942e+05 
1.14308842662641e-01 1.01023825319576e+05 
1.14435147691226e-01 1.01018885253860e+05 
1.14561982033733e-01 1.01014240919289e+05 
1.14688491043145e-01 1.01010116066970e+05 
1.14816640082763e-01 1.01006426678750e+05 
1.14943396078993e-01 1.01003201551278e+05 
1.15071143106155e-01 1.01000101371852e+05 
1.15197207762489e-01 1.00997569875886e+05 
1.15323831319752e-01 1.00995173142103e+05 
1.15450124321998e-01 1.00993069943399e+05 
1.15578072226691e-01 1.00991399573299e+05 
1.15704648221617e-01 1.00990129917408e+05 
1.15832214192043e-01 1.00988730364977e+05 
1.15958098884423e-01 1.00987682802909e+05 
1.16084560439622e-01 1.00987084125134e+05 
1.16210681864468e-01 1.00986989954288e+05 
1.16338464802192e-01 1.00987030277911e+05 
1.16464893542095e-01 1.00987853530880e+05 
1.16592298942756e-01 1.00988356851136e+05 
1.16718031158276e-01 1.00989206389070e+05 
1.16844359663590e-01 1.00989769502467e+05 
1.16970343349371e-01 1.00990514528031e+05 
1.17097993524945e-01 1.00991612773465e+05 
1.17224322124067e-01 1.00992824562146e+05 
1.17351628668004e-01 1.00993726606301e+05 
1.17477301065294e-01 1.00995413229665e+05 
1.17603579754493e-01 1.00996682006882e+05 
1.17729528054672e-01 1.00997412024992e+05 
1.17857144287769e-01 1.00997688384352e+05 
1.17983462912592e-01 1.00998000298701e+05 
1.18110765977862e-01 1.00998695814833e+05 
1.18236459011392e-01 1.00999253155117e+05 
1.18362758017391e-01 1.01000413137369e+05 
1.18488721433462e-01 1.01001784405302e+05 
1.18616330075183e-01 1.01003779644926e+05 
1.18742677824656e-01 1.01006597214973e+05 
1.18870018375877e-01 1.01009939560026e+05 
1.18995775665320e-01 1.01014136137249e+05 
1.19122162555887e-01 1.01018716353358e+05 
1.19248231785839e-01 1.01023662793856e+05 
1.19375983633035e-01 1.01029063904828e+05 
1.19502469467109e-01 1.01034590456033e+05 
1.19629936181542e-01 1.01040036481574e+05 
1.19755796574078e-01 1.01045495499443e+05 
1.19882293232242e-01 1.01050715268595e+05 
1.20008444822432e-01 1.01055470208270e+05 
1.20136272732308e-01 1.01060126084377e+05 
1.20262839009954e-01 1.01064202132791e+05 
1.20390376539913e-01 1.01067501866441e+05 
1.20516314552303e-01 1.01070165121692e+05 
1.20642888974916e-01 1.01072608097323e+05 
1.20769127785286e-01 1.01074595633213e+05 
1.20897045138296e-01 1.01076290323848e+05 
1.21023705567302e-01 1.01077659928168e+05 
1.21151352865938e-01 1.01078468100265e+05 
1.21277414252695e-01 1.01079564694292e+05 
1.21404106916106e-01 1.01079575610009e+05 
1.21530482974270e-01 1.01078618452558e+05 
1.21658540328001e-01 1.01076570376930e+05 
1.21785339347823e-01 1.01073726189415e+05 
1.21913138758269e-01 1.01069104675693e+05 
1.22039357654236e-01 1.01064380706867e+05 
1.22166204024380e-01 1.01059696993870e+05 
1.22292740963726e-01 1.01054752828696e+05 
1.22420960456040e-01 1.01049494903285e+05 
1.22547921316929e-01 1.01044287043625e+05 
1.22676323705769e-01 1.01038647896426e+05 
1.22802861775114e-01 1.01033081546966e+05 
1.22930102329617e-01 1.01027240084115e+05 
1.23056738504348e-01 1.01020954317929e+05 
1.23185060746908e-01 1.01014268551396e+05 
1.23312165379112e-01 1.01007408165146e+05 
1.23440227769775e-01 1.00999957478858e+05 
1.23566592675642e-01 1.00992393084870e+05 
1.23693656330494e-01 1.00983751662149e+05 
1.23820286887480e-01 1.00974896355996e+05 
1.23948660473548e-01 1.00965852667938e+05 
1.24075769290941e-01 1.00956999236983e+05 
1.24203863563213e-01 1.00947757019295e+05 
1.24330244429823e-01 1.00938706511543e+05 
1.24457322987024e-01 1.00929284117120e+05 
1.24583942997179e-01 1.00919291256002e+05 
1.24712290893093e-01 1.00908822805464e+05 
1.24839386319639e-01 1.00898223989830e+05 
1.24967436132612e-01 1.00887197443037e+05 
1.25093765546670e-01 1.00876061301778e+05 
1.25220799381598e-01 1.00865256086609e+05 
1.25347351346174e-01 1.00854456428028e+05 
1.25475623919616e-01 1.00843953657560e+05 
1.25602653811353e-01 1.00834126948202e+05 
1.25730615506400e-01 1.00824403414478e+05 
1.25856852195280e-01 1.00815474898267e+05 
1.25983800870505e-01 1.00807036112781e+05 
1.26110248837352e-01 1.00799193735640e+05 
1.26238409276833e-01 1.00792335772801e+05 
1.26365339033976e-01 1.00786709329752e+05 
1.26493179662154e-01 1.00781813181809e+05 
1.26619293353463e-01 1.00778337855609e+05 
1.26746124449366e-01 1.00775984768162e+05 
1.26872439011027e-01 1.00774226785856e+05 
1.27000456542158e-01 1.00773296043585e+05 
1.27127254931692e-01 1.00773555876253e+05 
1.27254944898171e-01 1.00773818538891e+05 
1.27380906782063e-01 1.00775082324146e+05 
1.27507589825594e-01 1.00776685097020e+05 
1.27633742699780e-01 1.00779099720906e+05 
1.27761588791895e-01 1.00782072235623e+05 
1.27888226925981e-01 1.00785748474881e+05 
1.28015738542785e-01 1.00790306601283e+05 
1.28141522440971e-01 1.00795912747409e+05 
1.28268031034421e-01 1.00802283020312e+05 
1.28393997079367e-01 1.00809032344808e+05 
1.28521645958465e-01 1.00816709022020e+05 
1.28648171954592e-01 1.00825166013354e+05 
1.28775511286622e-01 1.00834078892716e+05 
1.28901165695376e-01 1.00843803144535e+05 
1.29027554040742e-01 1.00854078705071e+05 
1.29153350959259e-01 1.00864541558604e+05 
1.29280813904906e-01 1.00875640939229e+05 
1.29407130365303e-01 1.00887076036605e+05 
1.29534306845515e-01 1.00898494916977e+05 
1.29659764261914e-01 1.00910196903637e+05 
1.29785957056501e-01 1.00921940122394e+05 
1.29911595238827e-01 1.00933198716027e+05 
1.30038907434663e-01 1.00944417712089e+05 
1.30165052209504e-01 1.00955315352159e+05 
1.30292040914561e-01 1.00965704227260e+05 
1.30417302650800e-01 1.00976184491095e+05 
1.30543297529646e-01 1.00985678262348e+05 
1.30668724031781e-01 1.00994060896199e+05 
1.30795808556170e-01 1.01001415683347e+05 
1.30921730058157e-01 1.01007951911873e+05 
1.31048470711354e-01 1.01012853060677e+05 
1.31173489447189e-01 1.01017448435727e+05 
1.31299240133309e-01 1.01021707589001e+05 
1.31424415540909e-01 1.01024868053401e+05 
1.31551235133116e-01 1.01026958970598e+05 
1.31676902301480e-01 1.01028787573961e+05 
1.31803372869101e-01 1.01030076055828e+05 
1.31928130802552e-01 1.01031318023697e+05 
1.32053620065279e-01 1.01032108927528e+05 
1.32178531976151e-01 1.01032059662341e+05 
1.32305076187244e-01 1.01031430769862e+05 
1.32430479673704e-01 1.01030122562749e+05 
1.32556673704141e-01 1.01028094661152e+05 
1.32681165575130e-01 1.01025863522010e+05 
1.32806388413873e-01 1.01022702945779e+05 
1.32931033220322e-01 1.01019089419008e+05 
1.33057298996033e-01 1.01015243687505e+05 
1.33182435830018e-01 1.01011638329156e+05 
1.33308351461796e-01 1.01008043148996e+05 
1.33432576006701e-01 1.01004792484898e+05 
1.33557531050628e-01 1.01001600090663e+05 
1.33681908347781e-01 1.00998557417880e+05 
1.33807895567487e-01 1.00995762206379e+05 
1.33932765725220e-01 1.00993761349150e+05 
1.34058403992251e-01 1.00991551722354e+05 
1.34182362419504e-01 1.00990337174164e+05 
1.34307050664209e-01 1.00990261419303e+05 
1.34431162062941e-01 1.00991424049968e+05 
1.34556872662719e-01 1.00994446140861e+05 
1.34681477655274e-01 1.00998379155204e+05 
1.34806841031192e-01 1.01002913818147e+05 
1.34930535344265e-01 1.01008453814345e+05 
1.35054958298689e-01 1.01014698779928e+05 
1.35178805572454e-01 1.01021698348404e+05 
1.35304241914405e-01 1.01029915656527e+05 
1.35428582948709e-01 1.01038136943580e+05 
1.35553673565684e-01 1.01046127507895e+05 
1.35677104761906e-01 1.01054600195684e+05 
1.35801263531787e-01 1.01063601197351e+05 
1.35924847253753e-01 1.01073255466483e+05 
1.36050010740883e-01 1.01084221580363e+05 
1.36174088262584e-01 1.01096567442789e+05 
1.36298906973121e-01 1.01109927775159e+05 
1.36422074050744e-01 1.01124647844337e+05 
1.36545967562196e-01 1.01140462337671e+05 
1.36669285535033e-01 1.01157116090544e+05 
1.36794174490156e-01 1.01174724873552e+05 
1.36917985187133e-01 1.01193812537792e+05 
1.37042521684431e-01 1.01213212831535e+05 
1.37165420092207e-01 1.01233464349570e+05 
1.37289047147651e-01 1.01254611927130e+05 
1.37412093245872e-01 1.01276422251968e+05 
1.37536700990490e-01 1.01299470311579e+05 
1.37660251169847e-01 1.01323406965817e+05 
1.37784531641334e-01 1.01348123971516e+05 
1.37907176280324e-01 1.01373738756049e+05 
1.38030547499005e-01 1.01400540376623e+05 
1.38153344441054e-01 1.01428091233605e+05 
1.38277697041874e-01 1.01457016497777e+05 
1.38400981971997e-01 1.01487011716102e+05 
1.38524994268697e-01 1.01517972099409e+05 
1.38647371347476e-01 1.01549793204013e+05 
1.38770469378110e-01 1.01582867416223e+05 
1.38893000877893e-01 1.01616875262394e+05 
1.39017097390084e-01 1.01652395404172e+05 
1.39140127180200e-01 1.01688828805405e+05 
1.39263893172914e-01 1.01726090413806e+05 
1.39386015286444e-01 1.01764066238285e+05 
1.39508856789562e-01 1.01803268913494e+05 
1.39631120815738e-01 1.01844013151447e+05 
1.39754942707987e-01 1.01885664929760e+05 
1.39877686275055e-01 1.01927840874781e+05 
1.40001153463921e-01 1.01971153190205e+05 
1.40122968924249e-01 1.02015340406917e+05 
1.40245496281068e-01 1.02060698857815e+05 
1.40367439850546e-01 1.02107816319683e+05 
1.40490933117902e-01 1.02157240216049e+05 
1.40613344747156e-01 1.02208168052939e+05 
1.40736484595717e-01 1.02260490107965e+05 
1.40857979620260e-01 1.02313359819118e+05 
1.40980180259953e-01 1.02367548876345e+05 
1.41101802339397e-01 1.02422484048200e+05 
1.41224960649645e-01 1.02479164461234e+05 
1.41347031594901e-01 1.02536379514830e+05 
1.41469822271765e-01 1.02594423225347e+05 
1.41590974464201e-01 1.02652484494076e+05 
1.41712829833609e-01 1.02711418611161e+05 
1.41834114930280e-01 1.02770270721398e+05 
1.41956945985499e-01 1.02829956653264e+05 
1.42078691456258e-01 1.02889125560360e+05 
1.42201170345953e-01 1.02948204385569e+05 
1.42322007121892e-01 1.03006278995206e+05 
1.42443545566312e-01 1.03064097557902e+05 
1.42564514303534e-01 1.03120515985533e+05 
1.42687029807578e-01 1.03176160963400e+05 
1.42808453310780e-01 1.03229733480281e+05 
1.42930610549296e-01 1.03281743559242e+05 
1.43051126036321e-01 1.03331315181017e+05 
1.43172340150824e-01 1.03378619251390e+05 
1.43292988648856e-01 1.03422262477821e+05 
1.43415182928717e-01 1.03462665186150e+05 
1.43536285699754e-01 1.03498856209401e+05 
1.43658127657277e-01 1.03536690971002e+05 
1.43778334542776e-01 1.03567798262839e+05 
1.43899237851249e-01 1.03593043590726e+05 
1.44019584729800e-01 1.03612971690839e+05 
1.44141477076063e-01 1.03627419843317e+05 
1.44262281058827e-01 1.03636897543120e+05 
1.44383831144814e-01 1.03641540765155e+05 
1.44503756507915e-01 1.03638219820789e+05 
1.44624376580682e-01 1.03635736470615e+05 
1.44744451348067e-01 1.03633705088888e+05 
1.44866070792716e-01 1.03630656453566e+05 
1.44986606874243e-01 1.03626870816669e+05 
1.45107896350539e-01 1.03621294803461e+05 
1.45227574058473e-01 1.03614201976426e+05 
1.45347945023818e-01 1.03604640722714e+05 
1.45467783273630e-01 1.03592154664797e+05 
1.45589165113407e-01 1.03576391879315e+05 
1.45709470118006e-01 1.03557458220365e+05 
1.45830535129028e-01 1.03534965203655e+05 
1.45950002981537e-01 1.03510353715856e+05 
1.46070162786091e-01 1.03483587608731e+05 
1.46189802304481e-01 1.03453478415378e+05 
1.46310983258861e-01 1.03419734401991e+05 
1.46431094853602e-01 1.03384199777531e+05 
1.46551972058434e-01 1.03346651383205e+05 
1.46671267989832e-01 1.03307533458014e+05 
1.46791254360806e-01 1.03266337175460e+05 
1.46910733337686e-01 1.03223217714903e+05 
1.47031750904048e-01 1.03177831713758e+05 
1.47151707560006e-01 1.03131536565094e+05 
1.47272434822629e-01 1.03083639119332e+05 
1.47391597766772e-01 1.03035285830430e+05 
1.47511449992585e-01 1.02985523855968e+05 
1.47630807753381e-01 1.02934588661290e+05 
1.47751700774586e-01 1.02882084865397e+05 
1.47871542375254e-01 1.02829509451216e+05 
1.47992158944591e-01 1.02775819487759e+05 
1.48111228360392e-01 1.02722575029151e+05 
1.48230985992464e-01 1.02668627144913e+05 
1.48350261371956e-01 1.02614648103770e+05 
1.48471068047823e-01 1.02559775579886e+05 
1.48590833236396e-01 1.02505421547468e+05 
1.48711376211289e-01 1.02450412666053e+05 
1.48830388268862e-01 1.02396593222593e+05 
1.48950087619240e-01 1.02342724026604e+05 
1.49069315043883e-01 1.02289426091075e+05 
1.49190069046100e-01 1.02235522296311e+05 
1.49309791650213e-01 1.02183002365439e+05 
1.49430292620090e-01 1.02130482441949e+05 
1.49549277420043e-01 1.02079576459702e+05 
1.49668949131670e-01 1.02028847120034e+05 
1.49788156731354e-01 1.01978956784669e+05 
1.49908885561036e-01 1.01929711170393e+05 
1.50028593491806e-01 1.01882060422757e+05 
1.50149077869941e-01 1.01834915027512e+05 
1.50268058983012e-01 1.01789815269113e+05 
1.50387727358531e-01 1.01745339736302e+05 
1.50506936368018e-01 1.01701495370261e+05 
1.50627660711353e-01 1.01657948009832e+05 
1.50747374734474e-01 1.01615263507792e+05 
1.50867860582424e-01 1.01572698647001e+05 
1.50986853444565e-01 1.01531365059592e+05 
1.51106534600063e-01 1.01490260495856e+05 
1.51225757482178e-01 1.01449211488931e+05 
1.51346489246802e-01 1.01407845406388e+05 
1.51466220879181e-01 1.01367310870817e+05 
1.51586716888058e-01 1.01326777517416e+05 
1.51705727548732e-01 1.01287410074242e+05 
1.51825428097804e-01 1.01248125206827e+05 
1.51944668267004e-01 1.01208791274202e+05 
1.52065410316897e-01 1.01169031989803e+05 
1.52185162092462e-01 1.01129779281448e+05 
1.52305668559005e-01 1.01090140131414e+05 
1.52424695377833e-01 1.01051066907491e+05 
1.52544413962321e-01 1.01011763265336e+05 
1.52663667864373e-01 1.00972121819234e+05 
1.52784416140174e-01 1.00932087160374e+05 
1.52904183951334e-01 1.00892489766053e+05 
1.53024695202399e-01 1.00852991632410e+05 
1.53143731469294e-01 1.00814647831319e+05 
1.53263461815289e-01 1.00776229439987e+05 
1.53382721575849e-01 1.00737760734328e+05 
1.53503467662716e-01 1.00699035339475e+05 
1.53623243929696e-01 1.00661062347256e+05 
1.53743750745318e-01 1.00623038770823e+05 
1.53862787030942e-01 1.00585938123261e+05 
1.53982520588489e-01 1.00548770749822e+05 
1.54101776430088e-01 1.00511521904409e+05 
1.54222509791984e-01 1.00473775058562e+05 
1.54342285697748e-01 1.00436476042742e+05 
1.54462777609866e-01 1.00398965362719e+05 
1.54581804185996e-01 1.00361795438181e+05 
1.54701531797917e-01 1.00324077051555e+05 
1.54820773939153e-01 1.00285937996906e+05 
1.54941483789319e-01 1.00247211317603e+05 
1.55061250064556e-01 1.00209161077105e+05 
1.55181716653488e-01 1.00170624028743e+05 
1.55300724355061e-01 1.00132676788336e+05 
1.55420437072014e-01 1.00094494652647e+05 
1.55539656739599e-01 1.00056189087152e+05 
1.55660333396350e-01 1.00017393308280e+05 
1.55780081666857e-01 9.99792731229079e+04 
1.55900514139231e-01 9.99409869263237e+04 
1.56019495341228e-01 9.99038928689193e+04 
1.56139185242398e-01 9.98672167864746e+04 
1.56258375238268e-01 9.98312485410955e+04 
1.56379010945503e-01 9.97956972957158e+04 
1.56498733831882e-01 9.97616283237345e+04 
1.56619125172359e-01 9.97281821780740e+04 
1.56738073571078e-01 9.96965989221697e+04 
1.56857734191378e-01 9.96668433973625e+04 
1.56976889026782e-01 9.96396364090323e+04 
1.57097478235330e-01 9.96141046332978e+04 
1.57217170599788e-01 9.95927363868912e+04 
1.57337516063365e-01 9.95726834459388e+04 
1.57456427027895e-01 9.95556757257231e+04 
1.57576053931697e-01 9.95402726233896e+04 
1.57695169266807e-01 9.95262524238284e+04 
1.57815707809863e-01 9.95131111377221e+04 
1.57935366431990e-01 9.95014265207508e+04 
1.58055662685382e-01 9.94908681701774e+04 
1.58174534345678e-01 9.94824441675200e+04 
1.58294127740595e-01 9.94758563014416e+04 
1.58413204247000e-01 9.94711079290993e+04 
1.58533693739006e-01 9.94679334602643e+04 
1.58653322680769e-01 9.94665341738736e+04 
1.58773573520971e-01 9.94661921726416e+04 
1.58892409527974e-01 9.94675141031062e+04 
1.59011974494355e-01 9.94701545089791e+04 
1.59131015549958e-01 9.94737269788596e+04 
1.59251459945579e-01 9.94786845192949e+04 
1.59371059386039e-01 9.94841868727029e+04 
1.59491266039879e-01 9.94890973425333e+04 
1.59610065136612e-01 9.94942364486560e+04 
1.59729592997543e-01 9.94991897360666e+04 
1.59848596831355e-01 9.95049191594938e+04 
1.59968997805096e-01 9.95105797068439e+04 
1.60088570661662e-01 9.95161730720999e+04 
1.60208743841191e-01 9.95209648673912e+04 
1.60327517471657e-01 9.95254759522365e+04 
1.60447036017658e-01 9.95292883207180e+04 
1.60566018613162e-01 9.95322994398465e+04 
1.60686392735991e-01 9.95358601890569e+04 
1.60805956436051e-01 9.95402279933766e+04 
1.60926100087201e-01 9.95430184170017e+04 
1.61044846877348e-01 9.95458369135775e+04 
1.61164344593002e-01 9.95481251199195e+04 
1.61281713586938e-01 9.95490779411674e+04 
1.61401113464085e-01 9.95488855019371e+04 
1.61520059062174e-01 9.95481380762796e+04 
1.61639445561031e-01 9.95462464382669e+04 
1.61757809261088e-01 9.95444937131224e+04 
1.61877324096622e-01 9.95428834370767e+04 
1.61996442028293e-01 9.95415482627646e+04 
1.62116638669836e-01 9.95403050660197e+04 
1.62236241010963e-01 9.95398502799573e+04 
1.62356429712869e-01 9.95392759290068e+04 
1.62475257969800e-01 9.95401288996514e+04 
1.62594906097941e-01 9.95421310636734e+04 
1.62714025313778e-01 9.95453776390284e+04 
1.62834581799678e-01 9.95502092596780e+04 
1.62954311715386e-01 9.95564525520092e+04 
1.63074395788631e-01 9.95626124316640e+04 
1.63193002813000e-01 9.95695290708556e+04 
1.63312430154576e-01 9.95769524289684e+04 
1.63431371658331e-01 9.95850054757916e+04 
1.63551776904605e-01 9.95937664581964e+04 
1.63671353623861e-01 9.96032963045074e+04 
1.63791476132219e-01 9.96128156942252e+04 
1.63910185936876e-01 9.96229537718057e+04 
1.64029657947696e-01 9.96336358647833e+04 
1.64148538363921e-01 9.96448522596847e+04 
1.64268784715539e-01 9.96565594536709e+04 
1.64386577442369e-01 9.96687072019798e+04 
1.64506498390578e-01 9.96806207714749e+04 
1.64625028970865e-01 9.96929436467062e+04 
1.64743184419470e-01 9.97056072674052e+04 
1.64861895816520e-01 9.97189155615580e+04 
1.64981992589328e-01 9.97326863028071e+04 
1.65101287141067e-01 9.97470774379697e+04 
1.65221116283920e-01 9.97609974768561e+04 
1.65339535511046e-01 9.97754366590363e+04 
1.65458722316934e-01 9.97903062614353e+04 
1.65577332947246e-01 9.98058034402567e+04 
1.65697332790422e-01 9.98216126880386e+04 
1.65816526826575e-01 9.98377447680136e+04 
1.65936251314471e-01 9.98529711149602e+04 
1.66054562257799e-01 9.98683742854719e+04 
1.66173643207343e-01 9.98838841316093e+04 
1.66292142447975e-01 9.98994625849612e+04 
1.66412030886412e-01 9.99150617752251e+04 
1.66531111818784e-01 9.99307686384333e+04 
1.66650722570889e-01 9.99453212337459e+04 
1.66768914350072e-01 9.99597768883823e+04 
1.66887877172689e-01 9.99741554715160e+04 
1.67006254323638e-01 9.99884687752564e+04 
1.67126022071969e-01 1.00002503156620e+05 
1.67244980031311e-01 1.00016493263682e+05 
1.67364468530384e-01 1.00029321630746e+05 
1.67482533014010e-01 1.00042125384849e+05 
1.67601369871015e-01 1.00054926549212e+05 
1.67719617397566e-01 1.00067770942511e+05 
1.67839257209061e-01 1.00080505094151e+05 
1.67958085220964e-01 1.00093341221435e+05 
1.68077444769444e-01 1.00105177930664e+05 
1.68195374851292e-01 1.00117009112132e+05 
1.68314078589835e-01 1.00128920805936e+05 
1.68432189320278e-01 1.00140831396834e+05 
1.68551694397791e-01 1.00152638663015e+05 
1.68670385499291e-01 1.00164561051581e+05 
1.68789609771959e-01 1.00175545194529e+05 
1.68907399017358e-01 1.00186619651951e+05 
1.69025963013128e-01 1.00197746309067e+05 
1.69143930545862e-01 1.00208876269946e+05 
1.69263294868071e-01 1.00219979007775e+05 
1.69381842330800e-01 1.00231171886621e+05 
1.69500925190001e-01 1.00241520838048e+05 
1.69618567127884e-01 1.00251911337498e+05 
1.69736984648647e-01 1.00262155393978e+05 
1.69854802471846e-01 1.00272358427213e+05 
1.69974019856421e-01 1.00282606856640e+05 
1.70092417144716e-01 1.00292919100488e+05 
1.70211352599826e-01 1.00302531826579e+05 
1.70328841311495e-01 1.00312345427731e+05 
1.70447106599197e-01 1.00322105170908e+05 
1.70564769454765e-01 1.00331743905250e+05 
1.70683834914188e-01 1.00341310947862e+05 
1.70802077321338e-01 1.00350598399397e+05 
1.70920860855517e-01 1.00358735276433e+05 
1.71038192086025e-01 1.00366515538051e+05 
1.71156301177349e-01 1.00373688353491e+05 
1.71273804749305e-01 1.00380250539412e+05 
1.71392714134210e-01 1.00386058852802e+05 
1.71510798099895e-01 1.00391178662421e+05 
1.71629425880977e-01 1.00394990780839e+05 
1.71746596659985e-01 1.00398325652099e+05 
1.71864547231762e-01 1.00400881968908e+05 
1.71981889240225e-01 1.00402640637422e+05 
1.72100640258310e-01 1.00403286165534e+05 
1.72218564768468e-01 1.00403960635561e+05 
1.72337035463897e-01 1.00402240235633e+05 
1.72454045093096e-01 1.00399459141764e+05 
1.72571837145655e-01 1.00395523196862e+05 
1.72689017702957e-01 1.00390481551216e+05 
1.72807610351081e-01 1.00383377461634e+05 
1.72925376582496e-01 1.00376041180461e+05 
1.73043691054837e-01 1.00367720494186e+05 
1.73160541702379e-01 1.00359287027023e+05 
1.73278177752175e-01 1.00350119149908e+05 
1.73395199621430e-01 1.00340356906639e+05 
1.73513636444345e-01 1.00329702910604e+05 
1.73631247806485e-01 1.00318806345983e+05 
1.73749409339941e-01 1.00306799157928e+05 
1.73866105369066e-01 1.00294811908346e+05 
1.73983589852073e-01 1.00282424038713e+05 
1.74100458180615e-01 1.00269795288420e+05 
1.74218744015407e-01 1.00256654370272e+05 
1.74336205584668e-01 1.00243570196958e+05 
1.74454219438356e-01 1.00229826897557e+05 
1.74570767084014e-01 1.00216531278037e+05 
1.74688106170020e-01 1.00203051151576e+05 
1.74804827964913e-01 1.00189611558231e+05 
1.74922969812877e-01 1.00175930828091e+05 
1.75040289140107e-01 1.00162542830199e+05 
1.75158163080347e-01 1.00148626040365e+05 
1.75274570860526e-01 1.00134803317608e+05 
1.75391773118628e-01 1.00121523384928e+05 
1.75508357532149e-01 1.00108974086965e+05 
1.75626364393869e-01 1.00096753903366e+05 
1.75743550717067e-01 1.00085441505877e+05 
1.75861294313504e-01 1.00074011069590e+05 
1.75977572740963e-01 1.00063725366672e+05 
1.76094647923258e-01 1.00054036307049e+05 
1.76211105937700e-01 1.00045916202772e+05 
1.76328988780505e-01 1.00037487139764e+05 
1.76446052402986e-01 1.00029789682252e+05 
1.76563677082118e-01 1.00021225278041e+05 
1.76679838055757e-01 1.00013460385002e+05 
1.76796797282160e-01 1.00005619915990e+05 
1.76913141371109e-01 9.99975318147037e+04 
1.77030912869226e-01 9.99892276648965e+04 
1.77147865682616e-01 9.99809319830499e+04 
1.77265384411262e-01 9.99720522962955e+04 
1.77381441451234e-01 9.99634719747336e+04 
1.77498297495208e-01 9.99541547452241e+04 
1.77614541824489e-01 9.99440723135298e+04 
1.77732216263692e-01 9.99341359147836e+04 
1.77849071673015e-01 9.99237559026599e+04 
1.77966498962698e-01 9.99116939573570e+04 
1.78082466710682e-01 9.98998578268072e+04 
1.78199233099979e-01 9.98873246775667e+04 
1.78315392157557e-01 9.98741878529258e+04 
1.78432984009051e-01 9.98603678634922e+04 
1.78549755203491e-01 9.98461057829965e+04 
1.78667105002620e-01 9.98308216177370e+04 
1.78782997191822e-01 9.98154228918113e+04 
1.78899687390645e-01 9.97990991158472e+04 
1.79015775925782e-01 9.97817796882064e+04 
1.79133300231808e-01 9.97635261944131e+04 
1.79250001295649e-01 9.97448642735960e+04 
1.79367288758281e-01 9.97252490470398e+04 
1.79483120513723e-01 9.97055896115916e+04 
1.79599748676384e-01 9.96851285630568e+04 
1.79715781632247e-01 9.96638812616006e+04 
1.79833253444894e-01 9.96418714957411e+04 
1.79949898317588e-01 9.96197381420756e+04 
1.80067137871621e-01 9.95967053440595e+04 
1.80182923460289e-01 9.95739975699561e+04 
1.80299503222024e-01 9.95506669587009e+04 
1.80415494924067e-01 9.95269708914179e+04 
1.80532928688162e-01 9.95028298913346e+04 
1.80649531412668e-01 9.94788303631149e+04 
1.80766737613649e-01 9.94541607101376e+04 
1.80882491249421e-01 9.94302278925454e+04 
1.80999036217934e-01 9.94059770128730e+04 
1.81115000581582e-01 9.93817359286001e+04 
1.81232410218428e-01 9.93574306769587e+04 
1.81348984301915e-01 9.93335697551964e+04 
1.81466170855540e-01 9.93094103671620e+04 
1.81581907695666e-01 9.92863908472909e+04 
1.81698432670115e-01 9.92634609183354e+04 
1.81814384529507e-01 9.92408669998557e+04 
1.81931784787464e-01 9.92189784807420e+04 
1.82048344798780e-01 9.91980087627748e+04 
1.82165526102075e-01 9.91773086146638e+04 
1.82281260256447e-01 9.91581204996145e+04 
1.82397779292833e-01 9.91397452535625e+04 
1.82513732622466e-01 9.91202842288321e+04 
1.82631137224947e-01 9.91029575265179e+04 
1.82747697112747e-01 9.90879926854014e+04 
1.82864886594634e-01 9.90744170222987e+04 
1.82980631456245e-01 9.90630618847655e+04 
1.83097157987727e-01 9.90532096074664e+04 
1.83213125994584e-01 9.90443324632848e+04 
1.83330547724191e-01 9.90366117987443e+04 
1.83447120851156e-01 9.90299101092553e+04 
1.83564331031913e-01 9.90244699467698e+04 
1.83680099311468e-01 9.90200413145164e+04 
1.83796646250614e-01 9.90168880792215e+04 
1.83912641400359e-01 9.90136475102853e+04 
1.84030092274268e-01 9.90108850034678e+04 
1.84146691265567e-01 9.90085032485208e+04 
1.84263933839517e-01 9.90060300439080e+04 
1.84379737355398e-01 9.90043247276206e+04 
1.84496316788890e-01 9.90024929202598e+04 
1.84612350516367e-01 9.90006220234004e+04 
1.84729841491388e-01 9.89987860090576e+04 
1.84846477832087e-01 9.89970019857952e+04 
1.84963763207203e-01 9.89947775693038e+04 
1.85079612386765e-01 9.89929029122647e+04 
1.85196234980749e-01 9.89908199179127e+04 
1.85312317262375e-01 9.89885655823048e+04 
1.85429857800886e-01 9.89861684122539e+04 
1.85546541444484e-01 9.89837739611936e+04 
1.85663878634539e-01 9.89807890554084e+04 
1.85779782510566e-01 9.89780135396316e+04 
1.85896457394959e-01 9.89749141909739e+04 
1.86012596712922e-01 9.89706727318604e+04 
1.86130194825051e-01 9.89661183830756e+04 
1.86246933958541e-01 9.89615145775250e+04 
1.86364330248388e-01 9.89566553592867e+04 
1.86480295822570e-01 9.89519197691895e+04 
1.86597029365047e-01 9.89470766928606e+04 
1.86713230440070e-01 9.89415804869122e+04 
1.86830888183806e-01 9.89358170601894e+04 
1.86947670918376e-01 9.89300477581152e+04 
1.87065116072982e-01 9.89237987680948e+04 
1.87181123458509e-01 9.89177040968706e+04 
1.87297876110521e-01 9.89111368427925e+04 
1.87414109061351e-01 9.89040289932779e+04 
1.87531800546376e-01 9.88961714310518e+04 
1.87648609078387e-01 9.88879236864508e+04 
1.87766099982329e-01 9.88789009394346e+04 
1.87882162155134e-01 9.88697240028471e+04 
1.87998986220849e-01 9.88600271205893e+04 
1.88115297834253e-01 9.88497346261586e+04 
1.88233080101266e-01 9.88390142577634e+04 
1.88349995858180e-01 9.88280385001204e+04 
1.88467586805885e-01 9.88161414974337e+04 
1.88583755565698e-01 9.88044013602613e+04 
1.88700694664038e-01 9.87919856032839e+04 
1.88817112713944e-01 9.87792246836704e+04 
1.88934995796773e-01 9.87661554115485e+04 
1.89052015902639e-01 9.87524725724158e+04 
1.89169701496109e-01 9.87388466963723e+04 
1.89285966246120e-01 9.87262498403311e+04 
1.89402998580778e-01 9.87142101680010e+04 
1.89519506944766e-01 9.87021345336892e+04 
1.89637475205124e-01 9.86902774161293e+04 
1.89754580108545e-01 9.86793984784844e+04 
1.89872347607183e-01 9.86676087572633e+04 
1.89988693414694e-01 9.86573821640224e+04 
1.90105802641827e-01 9.86481028291301e+04 
1.90222387147404e-01 9.86391276068596e+04 
1.90340428511796e-01 9.86308400223237e+04 
1.90457605307560e-01 9.86235175224807e+04 
1.90575442999271e-01 9.86163410933769e+04 
1.90691858452614e-01 9.86101685674685e+04 
1.90809037822031e-01 9.86045609428693e+04 
1.90925690463444e-01 9.85990465347715e+04 
1.91043798980476e-01 9.85936971364924e+04 
1.91161045779520e-01 9.85887811471795e+04 
1.91278948604642e-01 9.85841398387843e+04 
1.91395428353157e-01 9.85798813045510e+04 
1.91512672134182e-01 9.85761038970870e+04 
1.91629384357235e-01 9.85714654032813e+04 
1.91747548945597e-01 9.85667688304640e+04 
1.91864849239579e-01 9.85625288285573e+04 
1.91982800654538e-01 9.85582557761713e+04 
1.92099325043767e-01 9.85542790162798e+04 
1.92216609442288e-01 9.85502630481327e+04 
1.92333359069941e-01 9.85460069299550e+04 
1.92451558417213e-01 9.85417983730884e+04 
1.92568890620947e-01 9.85380358138285e+04 
1.92686871974297e-01 9.85341493241031e+04 
1.92803423459562e-01 9.85305750074555e+04 
1.92920735048171e-01 9.85272022643083e+04 
1.93037508703261e-01 9.85240948474958e+04 
1.93155731437034e-01 9.85216585936779e+04 
1.93273088733180e-01 9.85200901011265e+04 
1.93391090717754e-01 9.85185713845501e+04 
1.93507661762785e-01 9.85184450528194e+04 
1.93624996266071e-01 9.85191232983247e+04 
1.93741787200317e-01 9.85204324289636e+04 
1.93860025424002e-01 9.85223344871575e+04 
1.93977402640294e-01 9.85253359279745e+04 
1.94095417039906e-01 9.85280072145767e+04 
1.94212000258490e-01 9.85309633734464e+04 
1.94329350641019e-01 9.85341412305812e+04 
1.94446150584440e-01 9.85372944238165e+04 
1.94564394614746e-01 9.85405610982661e+04 
1.94681783319928e-01 9.85441277130962e+04 
1.94799800480325e-01 9.85477656331589e+04 
1.94916386727214e-01 9.85517867488006e+04 
1.95033743809403e-01 9.85558810193627e+04 
1.95150543379900e-01 9.85598282031317e+04 
1.95268783007569e-01 9.85638822808691e+04 
1.95386174201033e-01 9.85681077261615e+04 
1.95504184528926e-01 9.85720481470635e+04 
1.95620764903007e-01 9.85763884404844e+04 
1.95738120114828e-01 9.85807756174679e+04 
1.95854910651478e-01 9.85850753220513e+04 
1.95973136653041e-01 9.85896351507965e+04 
1.96090522436519e-01 9.85944650700249e+04 
1.96208517334012e-01 9.85990595821288e+04 
1.96325084051120e-01 9.86042008968338e+04 
1.96442430087908e-01 9.86094300409334e+04 
1.96559204370274e-01 9.86146181028493e+04 
1.96677409060552e-01 9.86201634205957e+04 
1.96794783014901e-01 9.86259990536853e+04 
1.96912755461608e-01 9.86316139449803e+04 
1.97029302350633e-01 9.86377188291921e+04 
1.97146633323214e-01 9.86438374000591e+04 
1.97263385510152e-01 9.86499006620768e+04 
1.97381562388492e-01 9.86561956064667e+04 
1.97498919258996e-01 9.86626537170840e+04 
1.97616863571045e-01 9.86688707917981e+04 
1.97733385828046e-01 9.86752784115012e+04 
1.97850697101798e-01 9.86815719396630e+04 
1.97967422899134e-01 9.86874528173288e+04 
1.98085567307806e-01 9.86931760467906e+04 
1.98202903341902e-01 9.86986453983062e+04 
1.98320815724090e-01 9.87034145706106e+04 
1.98437310277097e-01 9.87079558722704e+04 
1.98554598955179e-01 9.87119242122626e+04 
1.98671295813004e-01 9.87150588100306e+04 
1.98789404953108e-01 9.87175287119270e+04 
1.98906718000508e-01 9.87196057318745e+04 
1.99024596174953e-01 9.87203928539514e+04 
1.99141061374089e-01 9.87205135902876e+04 
1.99258326068685e-01 9.87196464167114e+04 
1.99374992832955e-01 9.87185233790166e+04 
1.99493065320758e-01 9.87159605179498e+04 
1.99610354817173e-01 9.87123252944847e+04 
1.99728198080067e-01 9.87071688742098e+04 
1.99844634210119e-01 9.87016946923930e+04 
1.99961875615443e-01 9.86956853145155e+04 
2.00078513506601e-01 9.86880970392027e+04 
2.00196550686989e-01 9.86802473731418e+04 
