# Liste des scalaires : TEMPS pmat 
0.00000000000000e+00 1.00000000000000e+05 
7.22956891292051e-05 1.00000000000000e+05 
1.34248736103201e-04 1.00000000000000e+05 
2.02397087774596e-04 1.00000000000000e+05 
2.77360274613131e-04 1.00000000000000e+05 
3.59819780135519e-04 1.00000000000000e+05 
4.50525236210146e-04 1.00000000000000e+05 
5.50301237892236e-04 1.00000000000000e+05 
6.60054839742534e-04 1.00000000000000e+05 
7.80783801777863e-04 1.00000000000000e+05 
9.13585660016725e-04 1.00000000000000e+05 
1.04888524553921e-03 1.00000000000000e+05 
1.18765820243122e-03 1.00000000000000e+05 
1.33374209728603e-03 1.00000000000000e+05 
1.48956530312575e-03 1.00000000000000e+05 
1.65467654120443e-03 1.00000000000000e+05 
1.83160586548681e-03 1.00000000000000e+05 
2.01851395044122e-03 1.00000000000000e+05 
2.22138235459473e-03 1.00000000000000e+05 
2.44453759916360e-03 1.00000000000000e+05 
2.68281709018041e-03 1.00000000000000e+05 
2.93412529613517e-03 1.00000000000000e+05 
3.19370665981305e-03 1.00000000000000e+05 
3.45559214182173e-03 1.00000000000000e+05 
3.70410448252810e-03 1.00000000000000e+05 
3.94843372740590e-03 1.00000000000000e+05 
4.18697896640179e-03 1.00000000000000e+05 
4.42443454354301e-03 1.00000000000000e+05 
4.65965614931876e-03 1.00000000000000e+05 
4.89255595427546e-03 1.00000000000000e+05 
5.12447315534688e-03 1.00000000000000e+05 
5.36250407103983e-03 1.00000000000000e+05 
5.60923545195184e-03 1.00000000000000e+05 
5.86982378876706e-03 1.00000000000000e+05 
6.15274182584551e-03 1.00000000000000e+05 
6.43493640126980e-03 1.00000000000000e+05 
6.71836380507886e-03 1.00000000000000e+05 
7.00059169732181e-03 1.00000000000000e+05 
7.28756563083640e-03 1.00000000000000e+05 
7.57816768453226e-03 1.00000000000000e+05 
7.87403926300106e-03 1.00000000000000e+05 
8.17560299065517e-03 1.00000000000000e+05 
8.48439605746333e-03 1.00000000000000e+05 
8.80255411909143e-03 1.00000000000000e+05 
9.13169921321799e-03 1.00000000000000e+05 
9.47110734440910e-03 1.00000000000000e+05 
9.82028289711892e-03 1.00000000000000e+05 
1.01796197289257e-02 1.00000000000000e+05 
1.05480233886638e-02 1.00000000000000e+05 
1.09230450893303e-02 1.00000000000000e+05 
1.13043508601223e-02 1.00000000000000e+05 
1.16909778038398e-02 1.00000000000000e+05 
1.20812489999580e-02 1.00000000000000e+05 
1.24745974167442e-02 1.00000000000000e+05 
1.28690068130445e-02 1.00000000000000e+05 
1.32647575953533e-02 1.00000000000000e+05 
1.36605032478543e-02 1.00000000000000e+05 
1.40548677776130e-02 1.00000000000000e+05 
1.44473478421217e-02 1.00000000000000e+05 
1.48374340604613e-02 1.00000000000000e+05 
1.52267031788505e-02 1.00000000000000e+05 
1.56161868213580e-02 1.00000000000000e+05 
1.60074856459651e-02 1.00000000000000e+05 
1.64003716840042e-02 1.00000000000000e+05 
1.67943846363896e-02 1.00000000000000e+05 
1.71882721155972e-02 1.00000000000000e+05 
1.75825656887955e-02 1.00000000000000e+05 
1.79778147821335e-02 1.00000000000000e+05 
1.83732316900245e-02 1.00000000000000e+05 
1.87682650033694e-02 1.00000000000000e+05 
1.91648257466172e-02 1.00000000000000e+05 
1.95622789587497e-02 1.00000000000000e+05 
1.99588428185628e-02 1.00000000000000e+05 
2.03564835246146e-02 1.00000000000000e+05 
2.07549239625824e-02 1.00000000000000e+05 
2.11534324457577e-02 1.00000000000000e+05 
2.15519833414941e-02 1.00000000000000e+05 
2.19506656486862e-02 1.00000000000000e+05 
2.23503609104013e-02 1.00000000000000e+05 
2.27504304397588e-02 1.00000000000000e+05 
2.31497354560104e-02 1.00000000000000e+05 
2.35485839112599e-02 1.00000000000000e+05 
2.39473030270057e-02 1.00000000000000e+05 
2.43463082408320e-02 1.00000000000000e+05 
2.47462007018947e-02 1.00000000000000e+05 
2.51463508746467e-02 1.00000000000000e+05 
2.55458144183864e-02 1.00000000000000e+05 
2.59448008010937e-02 1.00000000000000e+05 
2.63437318257461e-02 1.00000000000000e+05 
2.67429869779923e-02 1.00000000000000e+05 
2.71429704033212e-02 1.00000000000000e+05 
2.75430235857434e-02 1.00000000000000e+05 
2.79423150338039e-02 1.00000000000000e+05 
2.83411009571581e-02 1.00000000000000e+05 
2.87398168428199e-02 1.00000000000000e+05 
2.91388747966263e-02 1.00000000000000e+05 
2.95387170233355e-02 1.00000000000000e+05 
2.99386256088687e-02 1.00000000000000e+05 
3.03377924803557e-02 1.00000000000000e+05 
3.07365444477731e-02 1.00000000000000e+05 
3.11352174535025e-02 1.00000000000000e+05 
3.15342953647543e-02 1.00000000000000e+05 
3.19329363599051e-02 1.00000000000000e+05 
3.23318657090810e-02 1.00000000000000e+05 
3.27301589328480e-02 1.00000000000000e+05 
3.31280747917940e-02 1.00000000000000e+05 
3.35266314570306e-02 1.00000000000000e+05 
3.39254701649829e-02 1.00000000000000e+05 
3.43236936067770e-02 1.00000000000000e+05 
3.47224511009589e-02 1.00000000000000e+05 
3.51207041942944e-02 1.00000000000000e+05 
3.55187505399335e-02 1.00000000000000e+05 
3.59176176261556e-02 1.00000000000000e+05 
3.63168278165103e-02 1.00000000000000e+05 
3.67155424355483e-02 1.00000000000000e+05 
3.71149879133205e-02 1.00000000000000e+05 
3.75140120790400e-02 1.00000000000000e+05 
3.79131834720711e-02 1.00000000000000e+05 
3.83127755728679e-02 1.00000000000000e+05 
3.87126647668090e-02 1.00000000000000e+05 
3.91127790673117e-02 1.00000000000000e+05 
3.95137230760252e-02 1.00000000000000e+05 
3.99143468561140e-02 1.00000000000000e+05 
4.03148348587918e-02 1.00000000000000e+05 
4.07154776463083e-02 1.00000000000000e+05 
4.11165397074225e-02 1.00000000000000e+05 
4.15177438436262e-02 1.00000000000000e+05 
4.19197503792202e-02 1.00000000000000e+05 
4.23217619148199e-02 1.00000000000000e+05 
4.27236784991437e-02 1.00000000000000e+05 
4.31257811824294e-02 1.00000000000000e+05 
4.35282862292340e-02 1.00000000000000e+05 
4.39310923182189e-02 1.00000000000000e+05 
4.43346764204449e-02 1.00000000000000e+05 
4.47382683701372e-02 1.00000000000000e+05 
4.51417943455066e-02 1.00000000000000e+05 
4.55454020193245e-02 1.00000000000000e+05 
4.59495050914110e-02 1.00000000000000e+05 
4.63540374279954e-02 1.00000000000000e+05 
4.67593354388076e-02 1.00000000000000e+05 
4.71646597511248e-02 1.00000000000000e+05 
4.75699436970943e-02 1.00000000000000e+05 
4.79753223558803e-02 1.00000000000000e+05 
4.83812384767007e-02 1.00000000000000e+05 
4.87874315507081e-02 1.00000000000000e+05 
4.91940997920645e-02 1.00000000000000e+05 
4.96009428364784e-02 1.00000000005738e+05 
5.00076857474640e-02 1.00000000028233e+05 
5.04145922596976e-02 1.00000000215128e+05 
5.08216149040114e-02 1.00000000483225e+05 
5.12289596706726e-02 1.00000000936450e+05 
5.16364678402762e-02 1.00000002090243e+05 
5.20441883312730e-02 1.00000005336153e+05 
5.24520111578752e-02 1.00000014926436e+05 
5.28597675150113e-02 1.00000037032056e+05 
5.32676588460286e-02 1.00000075996914e+05 
5.36758974695340e-02 1.00000138447254e+05 
5.40843333187849e-02 1.00000229601606e+05 
5.44930170048830e-02 1.00000353604801e+05 
5.49018404052015e-02 1.00000509828441e+05 
5.53106417558916e-02 1.00000691964584e+05 
5.57194251883387e-02 1.00000911184715e+05 
5.61284945923584e-02 1.00001174368827e+05 
5.65378075286610e-02 1.00001544175951e+05 
5.69474397411173e-02 1.00002129430892e+05 
5.73573114747314e-02 1.00003200099779e+05 
5.77670405017307e-02 1.00005144823155e+05 
5.81766935991228e-02 1.00008852559053e+05 
5.85866386781883e-02 1.00015557877321e+05 
5.89968350911345e-02 1.00026777257323e+05 
5.94073538964164e-02 1.00044399556739e+05 
5.98181296720373e-02 1.00070922803656e+05 
6.02287788758273e-02 1.00108757359701e+05 
6.06393686879078e-02 1.00161231511589e+05 
6.10502322801851e-02 1.00231550420122e+05 
6.14613265042601e-02 1.00321522888779e+05 
6.18727203242451e-02 1.00431258145428e+05 
6.22843852327264e-02 1.00562326245132e+05 
6.26959759777969e-02 1.00713734032300e+05 
6.31075349132083e-02 1.00886036489358e+05 
6.35193797067070e-02 1.01076259597549e+05 
6.39314338258843e-02 1.01276855402995e+05 
6.43437789790320e-02 1.01480769379678e+05 
6.47561843683585e-02 1.01684621884412e+05 
6.51687011534362e-02 1.01880258352299e+05 
6.55812778281508e-02 1.02064235053461e+05 
6.59941073678657e-02 1.02229792098168e+05 
6.64069397981904e-02 1.02370985106334e+05 
6.68198114713071e-02 1.02476008986869e+05 
6.72326304389647e-02 1.02547072436534e+05 
6.76455743070907e-02 1.02593441228260e+05 
6.80588134816831e-02 1.02599565846394e+05 
6.84721148185899e-02 1.02573800050808e+05 
6.88854509314487e-02 1.02530603917626e+05 
6.92988684632701e-02 1.02484938553692e+05 
6.97122563073346e-02 1.02430067535110e+05 
7.01257904272603e-02 1.02361394599032e+05 
7.05396402727956e-02 1.02278237521003e+05 
7.09535723761637e-02 1.02182312683938e+05 
7.13675430579047e-02 1.02074910286207e+05 
7.17815849512800e-02 1.01959783570214e+05 
7.21955981045516e-02 1.01839733400859e+05 
7.26097584455265e-02 1.01718001599232e+05 
7.30242217364019e-02 1.01593825865556e+05 
7.34387748592551e-02 1.01466286683111e+05 
7.38533754334822e-02 1.01338237694157e+05 
7.42680449335003e-02 1.01211830976876e+05 
7.46826908206711e-02 1.01087876744625e+05 
7.50974719194695e-02 1.00967021590837e+05 
7.55125392171740e-02 1.00847544439917e+05 
7.59276838378941e-02 1.00728080911175e+05 
7.63428613201697e-02 1.00610442128795e+05 
7.67580842137415e-02 1.00497946898035e+05 
7.71732610986067e-02 1.00388885916066e+05 
7.75885581555017e-02 1.00284531477289e+05 
7.80041403855075e-02 1.00181807965886e+05 
7.84198133807217e-02 1.00079646406912e+05 
7.88355414943453e-02 9.99812307310748e+04 
7.92513519945214e-02 9.98878838779971e+04 
7.96671559024674e-02 9.97982988684889e+04 
8.00831412865630e-02 9.97122534111980e+04 
8.04994827477257e-02 9.96277444721167e+04 
8.09159663167027e-02 9.95437158580979e+04 
8.13325677164362e-02 9.94636927956852e+04 
8.17493318974753e-02 9.93878540666069e+04 
8.21661661908615e-02 9.93160226129175e+04 
8.25832340568967e-02 9.92472081124390e+04 
8.30006877554755e-02 9.91797973741625e+04 
8.34183374727679e-02 9.91134960746141e+04 
8.38361420230811e-02 9.90517212796610e+04 
8.42541438266324e-02 9.89950163521028e+04 
8.46722095577407e-02 9.89422864570484e+04 
8.50905118069145e-02 9.88933830861062e+04 
8.55091356590197e-02 9.88469161150204e+04 
8.59279694560336e-02 9.88028874910110e+04 
8.63469363152442e-02 9.87638817588235e+04 
8.67660307440510e-02 9.87308154119197e+04 
8.71851170002528e-02 9.87025892303010e+04 
8.76042938594518e-02 9.86793133664636e+04 
8.80235989297422e-02 9.86606271634421e+04 
8.84429758442687e-02 9.86459845989366e+04 
8.88624227634611e-02 9.86370100816890e+04 
8.92818285397239e-02 9.86343698211610e+04 
8.97010840520995e-02 9.86366051082401e+04 
9.01202796827411e-02 9.86440955138930e+04 
9.05394306474845e-02 9.86537114025717e+04 
9.09585479087589e-02 9.86658037268829e+04 
9.13776613390380e-02 9.86784046300438e+04 
9.17965911148844e-02 9.86904859978506e+04 
9.22151612376227e-02 9.87037560303298e+04 
9.26335810585760e-02 9.87179146757615e+04 
9.30521012970489e-02 9.87334395930979e+04 
9.34705653136382e-02 9.87513996280567e+04 
9.38888373986277e-02 9.87724961189086e+04 
9.43068075489532e-02 9.87965637703780e+04 
9.47244247920919e-02 9.88229103840147e+04 
9.51419246235287e-02 9.88508982027718e+04 
9.55596026377416e-02 9.88802399873478e+04 
9.59772979165524e-02 9.89115027676384e+04 
9.63948711195053e-02 9.89439116050514e+04 
9.68121916574688e-02 9.89772850972681e+04 
9.72292334161617e-02 9.90113054446252e+04 
9.76462380888763e-02 9.90459034871862e+04 
9.80635384034604e-02 9.90814594345794e+04 
9.84809798583362e-02 9.91184024773265e+04 
9.88984131587307e-02 9.91564840433942e+04 
9.93156772528258e-02 9.91954644372055e+04 
9.97327739677372e-02 9.92348454010150e+04 
1.00149910567792e-01 9.92747028589504e+04 
1.00567404379046e-01 9.93154213547682e+04 
1.00985162451565e-01 9.93568059218224e+04 
1.01403015882763e-01 9.93983446488733e+04 
1.01820781038602e-01 9.94397717173804e+04 
1.02238423408185e-01 9.94803304717030e+04 
1.02656161664233e-01 9.95200234760402e+04 
1.03074309985121e-01 9.95590480405577e+04 
1.03492749081787e-01 9.95974777418764e+04 
1.03911319188784e-01 9.96342769223846e+04 
1.04329834012057e-01 9.96690158002715e+04 
1.04748262524756e-01 9.97010896984100e+04 
1.05166804689289e-01 9.97306429288797e+04 
1.05585752481896e-01 9.97574090492399e+04 
1.06005003169605e-01 9.97817957524497e+04 
1.06424414092032e-01 9.98016189304476e+04 
1.06843794877676e-01 9.98181116385186e+04 
1.07263101654749e-01 9.98320408627559e+04 
1.07682524678519e-01 9.98447120680759e+04 
1.08102323237331e-01 9.98566632656620e+04 
1.08522393401631e-01 9.98683473193703e+04 
1.08942631824288e-01 9.98792149071712e+04 
1.09362829944946e-01 9.98897276112082e+04 
1.09782935545880e-01 9.98998124246609e+04 
1.10203128345595e-01 9.99091265541825e+04 
1.10623641314543e-01 9.99182871808553e+04 
1.11044370584779e-01 9.99269317692182e+04 
1.11465250785111e-01 9.99340670028068e+04 
1.11886071870150e-01 9.99398869250321e+04 
1.12306766890907e-01 9.99442722221884e+04 
1.12727508276713e-01 9.99473170911808e+04 
1.13148525078469e-01 9.99497469880264e+04 
1.13569711527941e-01 9.99513999609987e+04 
1.13991021437568e-01 9.99519703811955e+04 
1.14412261110280e-01 9.99510821319578e+04 
1.14833352921654e-01 9.99489147331570e+04 
1.15254480018146e-01 9.99454274555549e+04 
1.15675864503391e-01 9.99411100938488e+04 
1.16097400839327e-01 9.99358210560525e+04 
1.16519045768209e-01 9.99295023127481e+04 
1.16940614480205e-01 9.99221947284461e+04 
1.17362032101739e-01 9.99128724357999e+04 
1.17783490704192e-01 9.99025757948481e+04 
1.18205205370236e-01 9.98931282877250e+04 
1.18627072673336e-01 9.98838784452809e+04 
1.19049054941429e-01 9.98751604533005e+04 
1.19470969256697e-01 9.98670508610008e+04 
1.19892745235250e-01 9.98592662223805e+04 
1.20314588317344e-01 9.98522098004605e+04 
1.20736700111324e-01 9.98462720871026e+04 
1.21158979367857e-01 9.98415390141616e+04 
1.21581392895463e-01 9.98380849225053e+04 
1.22003757170531e-01 9.98360117721611e+04 
1.22426002507480e-01 9.98346670975728e+04 
1.22848341386206e-01 9.98342215525340e+04 
1.23270956745485e-01 9.98356517257637e+04 
1.23693754167132e-01 9.98380481156635e+04 
1.24116702359409e-01 9.98411837007829e+04 
1.24539619804950e-01 9.98448364519592e+04 
1.24962438054626e-01 9.98483626079631e+04 
1.25385361509116e-01 9.98517822191270e+04 
1.25808560710321e-01 9.98556216905215e+04 
1.26231939497348e-01 9.98592036650747e+04 
1.26655477005248e-01 9.98624378951564e+04 
1.27078991295516e-01 9.98655647912305e+04 
1.27502413430695e-01 9.98685000068775e+04 
1.27925948988473e-01 9.98709699523662e+04 
1.28349761925163e-01 9.98735068422356e+04 
1.28773755680373e-01 9.98756294644122e+04 
1.29197915284918e-01 9.98778621810468e+04 
1.29622056810730e-01 9.98800007054716e+04 
1.30046109296969e-01 9.98818159996918e+04 
1.30470279014385e-01 9.98833434189847e+04 
1.30894718116441e-01 9.98851107383214e+04 
1.31319326705924e-01 9.98866115080948e+04 
1.31744094672625e-01 9.98882953614580e+04 
1.32168835364940e-01 9.98899718572666e+04 
1.32593478383218e-01 9.98915602088753e+04 
1.33018237873622e-01 9.98932306473076e+04 
1.33443259333978e-01 9.98962510315939e+04 
1.33868442876135e-01 9.99003963225471e+04 
1.34293784202239e-01 9.99068636570295e+04 
1.34719101595561e-01 9.99153948103173e+04 
1.35144330381780e-01 9.99267453571572e+04 
1.35569686373642e-01 9.99409277597143e+04 
1.35995310380917e-01 9.99589186998122e+04 
1.36421099464933e-01 9.99804377083338e+04 
1.36847045890099e-01 1.00006288494852e+05 
1.37272969937518e-01 1.00035294801040e+05 
1.37698801703875e-01 1.00067515826420e+05 
1.38124755607776e-01 1.00102580078223e+05 
1.38550966356071e-01 1.00141196963708e+05 
1.38977335562872e-01 1.00182327208162e+05 
1.39403858258753e-01 1.00226178777458e+05 
1.39830352679081e-01 1.00270412743692e+05 
1.40256745651257e-01 1.00315000675735e+05 
1.40683252535117e-01 1.00359382832273e+05 
1.41110007967217e-01 1.00404248138892e+05 
1.41536918517786e-01 1.00448493926354e+05 
1.41963979310139e-01 1.00492385796882e+05 
1.42391001995675e-01 1.00533365584622e+05 
1.42817915975154e-01 1.00572050261512e+05 
1.43244934782667e-01 1.00608844568635e+05 
1.43672198974742e-01 1.00644565424454e+05 
1.44099622129511e-01 1.00678067394086e+05 
1.44527193936653e-01 1.00709825414408e+05 
1.44954718853503e-01 1.00737645715475e+05 
1.45382130808069e-01 1.00762508681989e+05 
1.45809642524318e-01 1.00784367108203e+05 
1.46237380664893e-01 1.00805021753630e+05 
1.46665300623176e-01 1.00823678191628e+05 
1.47093370216241e-01 1.00841293694242e+05 
1.47521387587487e-01 1.00855974797390e+05 
1.47949294247660e-01 1.00867909668151e+05 
1.48377243344510e-01 1.00877864281868e+05 
1.48805276575853e-01 1.00886294330614e+05 
1.49233475917432e-01 1.00892410800338e+05 
1.49661555879742e-01 1.00896446169104e+05 
1.50089559068233e-01 1.00896415531557e+05 
1.50517588419080e-01 1.00895651511473e+05 
1.50945520085907e-01 1.00893497443244e+05 
1.51373554098712e-01 1.00889188601963e+05 
1.51801763103748e-01 1.00880267796817e+05 
1.52229835313386e-01 1.00865774321595e+05 
1.52657834814982e-01 1.00844177285929e+05 
1.53085868384741e-01 1.00817102222625e+05 
1.53513783173046e-01 1.00784312827714e+05 
1.53941814199615e-01 1.00746193186449e+05 
1.54370033310479e-01 1.00703128648064e+05 
1.54798098925611e-01 1.00657509520773e+05 
1.55226087430267e-01 1.00606964387496e+05 
1.55654099879627e-01 1.00552952758446e+05 
1.56081989647331e-01 1.00495110921956e+05 
1.56509999429361e-01 1.00434313148672e+05 
1.56938180919735e-01 1.00369841278438e+05 
1.57366227544796e-01 1.00304998095761e+05 
1.57794204622349e-01 1.00237615679031e+05 
1.58222202170494e-01 1.00169547735692e+05 
1.58650102176852e-01 1.00099969190050e+05 
1.59078146844453e-01 1.00029231402722e+05 
1.59506388372332e-01 9.99568120895749e+04 
1.59934547527048e-01 9.98871241053458e+04 
1.60362681204590e-01 9.98169068785365e+04 
1.60790883893925e-01 9.97491127573744e+04 
1.61219049217122e-01 9.96822292582169e+04 
1.61647401889188e-01 9.96169419537221e+04 
1.62075996640530e-01 9.95528227216746e+04 
1.62504560529665e-01 9.94948662017253e+04 
1.62933152762171e-01 9.94391784728011e+04 
1.63361846022132e-01 9.93878649214029e+04 
1.63790517337458e-01 9.93401471595235e+04 
1.64219409672226e-01 9.92961814559376e+04 
1.64648535029118e-01 9.92558794587398e+04 
1.65077530021368e-01 9.92234168578814e+04 
1.65506469614899e-01 9.91945879823463e+04 
1.65935365140058e-01 9.91711022671859e+04 
1.66364432334664e-01 9.91512461150366e+04 
1.66793594154691e-01 9.91354059223500e+04 
1.67222772211125e-01 9.91239552333560e+04 
1.67651867052080e-01 9.91200255773728e+04 
1.68081026969604e-01 9.91174496605453e+04 
1.68510145958431e-01 9.91163266134927e+04 
1.68939272969429e-01 9.91188283813799e+04 
1.69368569067067e-01 9.91254960266344e+04 
1.69798019354361e-01 9.91362380952939e+04 
1.70227470284184e-01 9.91545571763894e+04 
1.70656641837553e-01 9.91748538786030e+04 
1.71085825882549e-01 9.91980256797415e+04 
1.71514979460733e-01 9.92218417674475e+04 
1.71944301473518e-01 9.92461095693030e+04 
1.72373787757670e-01 9.92692995191101e+04 
1.72803300775350e-01 9.92935987880823e+04 
1.73232531678186e-01 9.93140181211466e+04 
1.73661785392942e-01 9.93325850030144e+04 
1.74091017678080e-01 9.93486212795480e+04 
1.74520420193677e-01 9.93629850124785e+04 
1.74950015979001e-01 9.93746766479127e+04 
1.75379656446299e-01 9.93871926285650e+04 
1.75809034759367e-01 9.93967836319534e+04 
1.76238468344208e-01 9.94058934399781e+04 
1.76667900374481e-01 9.94138173750850e+04 
1.77097386329783e-01 9.94231038979078e+04 
1.77526953919572e-01 9.94330478274078e+04 
1.77956356163470e-01 9.94458275050936e+04 
1.78385683812548e-01 9.94570224432490e+04 
1.78814984834160e-01 9.94689699024662e+04 
1.79244055264608e-01 9.94823555773402e+04 
1.79673065169435e-01 9.94972635748810e+04 
1.80102173145863e-01 9.95125473154194e+04 
1.80531143043442e-01 9.95303481800991e+04 
1.80960085773083e-01 9.95467669875103e+04 
1.81389064132530e-01 9.95640042938715e+04 
1.81817848772920e-01 9.95814409063310e+04 
1.82246596440080e-01 9.96001509426347e+04 
1.82675492720100e-01 9.96190274004292e+04 
1.83104295697816e-01 9.96401403606193e+04 
1.83533148229788e-01 9.96591438473041e+04 
1.83962091550804e-01 9.96781253511599e+04 
1.84390914881005e-01 9.96962490839511e+04 
1.84819549421619e-01 9.97145427932150e+04 
1.85248148477202e-01 9.97322467411711e+04 
1.85676798375273e-01 9.97509552315958e+04 
1.86105450883405e-01 9.97660487179159e+04 
1.86534163872594e-01 9.97795492510541e+04 
1.86962865026674e-01 9.97907632573377e+04 
1.87391657702657e-01 9.98009249333232e+04 
1.87820635409495e-01 9.98093078184099e+04 
1.88249704437185e-01 9.98177181864370e+04 
1.88678801613664e-01 9.98220696985153e+04 
1.89107979178970e-01 9.98250800912102e+04 
1.89537167653081e-01 9.98262691275864e+04 
1.89966501047041e-01 9.98272261873528e+04 
1.90396057229742e-01 9.98273889368779e+04 
1.90825744055302e-01 9.98289487121776e+04 
1.91255471770794e-01 9.98280777498759e+04 
1.91685288344221e-01 9.98274965000596e+04 
1.92115122422739e-01 9.98266992738108e+04 
1.92545125140765e-01 9.98275204362460e+04 
1.92975365493580e-01 9.98290092589030e+04 
1.93405733853904e-01 9.98343787781778e+04 
1.93836132656041e-01 9.98382650604080e+04 
1.94266596502205e-01 9.98434948987698e+04 
1.94697059547729e-01 9.98487903518851e+04 
1.95127682136307e-01 9.98561274127077e+04 
1.95558536716610e-01 9.98636526375066e+04 
1.95989495304311e-01 9.98736005619074e+04 
1.96420469103670e-01 9.98813396202321e+04 
1.96851478835123e-01 9.98894466783547e+04 
1.97282461782869e-01 9.98967991855331e+04 
1.97713587080807e-01 9.99046042959210e+04 
1.98144920601522e-01 9.99124530299958e+04 
1.98576334382526e-01 9.99230836952835e+04 
1.99007740871509e-01 9.99321701811382e+04 
1.99439155036674e-01 9.99416920183142e+04 
1.99870519828277e-01 9.99511346820933e+04 
2.00301974839080e-01 9.99610295695110e+04 
