# Liste des scalaires : TEMPS pmat 
0.00000000000000e+00 1.00000000000000e+05 
5.42217668469038e-05 1.00000000000000e+05 
1.00560277631836e-04 1.00000000000000e+05 
1.45069543750496e-04 1.00000000000000e+05 
1.89002398114024e-04 1.00000000000000e+05 
2.32880599011368e-04 1.00000000000000e+05 
2.75863018440350e-04 1.00000000000000e+05 
3.19398368285554e-04 1.00000000000000e+05 
3.62873582133727e-04 1.00000000000000e+05 
4.06557224029016e-04 1.00000000000000e+05 
4.51169920551670e-04 1.00000000000000e+05 
4.96467857508267e-04 1.00000000000000e+05 
5.42410353905804e-04 1.00000000000000e+05 
5.89085046149340e-04 1.00000000000000e+05 
6.36715695971838e-04 1.00000000000000e+05 
6.84459678386127e-04 1.00000000000000e+05 
7.33337290651169e-04 1.00000000000000e+05 
7.83279768345999e-04 1.00000000000000e+05 
8.33203744807025e-04 1.00000000000000e+05 
8.84191364440839e-04 1.00000000000000e+05 
9.36292806099979e-04 1.00000000000000e+05 
9.89661358753635e-04 1.00000000000000e+05 
1.04252839748036e-03 1.00000000000000e+05 
1.09646590834300e-03 1.00000000000000e+05 
1.15118450457944e-03 1.00000000000000e+05 
1.20746433444695e-03 1.00000000000000e+05 
1.26390810050803e-03 1.00000000000000e+05 
1.32075231081407e-03 1.00000000000000e+05 
1.37864666171755e-03 1.00000000000000e+05 
1.43784856657993e-03 1.00000000000000e+05 
1.49884748493140e-03 1.00000000000000e+05 
1.56144397517052e-03 1.00000000000000e+05 
1.62260716595828e-03 1.00000000000000e+05 
1.68489686189736e-03 1.00000000000000e+05 
1.74874647241260e-03 1.00000000000000e+05 
1.81464365020602e-03 1.00000000000000e+05 
1.88168630069402e-03 1.00000000000000e+05 
1.94725883179826e-03 1.00000000000000e+05 
2.01438851341278e-03 1.00000000000000e+05 
2.08294040589526e-03 1.00000000000000e+05 
2.15328894307620e-03 1.00000000000000e+05 
2.22470652795616e-03 1.00000000000000e+05 
2.29727926340916e-03 1.00000000000000e+05 
2.36879138128187e-03 1.00000000000000e+05 
2.44140457244895e-03 1.00000000000000e+05 
2.51525598152858e-03 1.00000000000000e+05 
2.59047646967032e-03 1.00000000000000e+05 
2.66712155236658e-03 1.00000000000000e+05 
2.74522279539493e-03 1.00000000000000e+05 
2.82420817148509e-03 1.00000000000000e+05 
2.90137171601323e-03 1.00000000000000e+05 
2.97957191963428e-03 1.00000000000000e+05 
3.05882294433308e-03 1.00000000000000e+05 
3.13933586822557e-03 1.00000000000000e+05 
3.22122434777273e-03 1.00000000000000e+05 
3.30336409114546e-03 1.00000000000000e+05 
3.38465324914176e-03 1.00000000000000e+05 
3.46676794958707e-03 1.00000000000000e+05 
3.54968395973625e-03 1.00000000000000e+05 
3.63353440850125e-03 1.00000000000000e+05 
3.71846039968297e-03 1.00000000000000e+05 
3.80460419444905e-03 1.00000000000000e+05 
3.89205968963676e-03 1.00000000000000e+05 
3.98038540857406e-03 1.00000000000000e+05 
4.06960795049868e-03 1.00000000000000e+05 
4.15731873388757e-03 1.00000000000000e+05 
4.24596502111679e-03 1.00000000000000e+05 
4.33558475064215e-03 1.00000000000000e+05 
4.42626267824957e-03 1.00000000000000e+05 
4.51796700547407e-03 1.00000000000000e+05 
4.61102660540426e-03 1.00000000000000e+05 
4.70511334629029e-03 1.00000000000000e+05 
4.79998084110122e-03 1.00000000000000e+05 
4.89353575897320e-03 1.00000000000000e+05 
4.98791485058780e-03 1.00000000000000e+05 
5.08267146945773e-03 1.00000000000000e+05 
5.17657198080325e-03 1.00000000000000e+05 
5.27143804237985e-03 1.00000000000000e+05 
5.36574731202116e-03 1.00000000000000e+05 
5.45903656574963e-03 1.00000000000000e+05 
5.55211966498038e-03 1.00000000000000e+05 
5.64530538833204e-03 1.00000000000000e+05 
5.73454682517586e-03 1.00000000000000e+05 
5.82338153262606e-03 1.00000000000000e+05 
5.91191777262914e-03 1.00000000000000e+05 
6.00005839094285e-03 1.00000000000000e+05 
6.08808349572022e-03 1.00000000000000e+05 
6.17618122672708e-03 1.00000000000000e+05 
6.26409843523135e-03 1.00000000000000e+05 
6.35199344468804e-03 1.00000000000000e+05 
6.43988743312870e-03 1.00000000000000e+05 
6.52775260212479e-03 1.00000000000000e+05 
6.61563573608239e-03 1.00000000000000e+05 
6.70356282027301e-03 1.00000000000000e+05 
6.79148502810967e-03 1.00000000000000e+05 
6.87941945733326e-03 1.00000000000000e+05 
6.96743955442375e-03 1.00000000000000e+05 
7.05557954739443e-03 1.00000000000000e+05 
7.14383349350779e-03 1.00000000000000e+05 
7.23219448467232e-03 1.00000000000000e+05 
7.32056528796760e-03 1.00000000000000e+05 
7.40876806822555e-03 1.00000000000000e+05 
7.49690829361950e-03 1.00000000000000e+05 
7.58509599184715e-03 1.00000000000000e+05 
7.67345925454366e-03 1.00000000000000e+05 
7.76202698936319e-03 1.00000000000000e+05 
7.85090398091556e-03 1.00000000000000e+05 
7.93977449471110e-03 1.00000000000000e+05 
8.02893802819653e-03 1.00000000000000e+05 
8.11820254676246e-03 1.00000000000000e+05 
8.21309084061984e-03 1.00000000000000e+05 
8.30785419507491e-03 1.00000000000000e+05 
8.40291588204243e-03 1.00000000000000e+05 
8.49472379137626e-03 1.00000000000000e+05 
8.58521167900104e-03 1.00000000000000e+05 
8.67573800147615e-03 1.00000000000000e+05 
8.76666114091477e-03 1.00000000000000e+05 
8.85776123059740e-03 1.00000000000000e+05 
8.94905106041543e-03 1.00000000000000e+05 
9.04200077907266e-03 1.00000000000000e+05 
9.13338709789569e-03 1.00000000000000e+05 
9.22501684538087e-03 1.00000000000000e+05 
9.31701010173684e-03 1.00000000000000e+05 
9.40893199695478e-03 1.00000000000000e+05 
9.50126285750017e-03 1.00000000000000e+05 
9.59533393667378e-03 1.00000000000000e+05 
9.68774044467008e-03 1.00000000000000e+05 
9.78028613688367e-03 1.00000000000000e+05 
9.87325530819192e-03 1.00000000000000e+05 
9.96616537875952e-03 1.00000000000000e+05 
1.00592399309205e-02 1.00000000000000e+05 
1.01525255152374e-02 1.00000000000000e+05 
1.02458895207920e-02 1.00000000000000e+05 
1.03394141879623e-02 1.00000000000000e+05 
1.04332355083672e-02 1.00000000000000e+05 
1.05271292898158e-02 1.00000000000000e+05 
1.06211709889723e-02 1.00000000000000e+05 
1.07152999074049e-02 1.00000000000000e+05 
1.08095867894921e-02 1.00000000000000e+05 
1.09040235707376e-02 1.00000000000000e+05 
1.09987395244828e-02 1.00000000000000e+05 
1.10935016808056e-02 1.00000000000000e+05 
1.11883862300972e-02 1.00000000000000e+05 
1.12834237514990e-02 1.00000000000000e+05 
1.13786180191592e-02 1.00000000000000e+05 
1.14738534559821e-02 1.00000000000000e+05 
1.15693595317339e-02 1.00000000000000e+05 
1.16650004614989e-02 1.00000000000000e+05 
1.17607094177075e-02 1.00000000000000e+05 
1.18564960767276e-02 1.00000000000000e+05 
1.19524298833246e-02 1.00000000000000e+05 
1.20484464232131e-02 1.00000000000000e+05 
1.21446340525998e-02 1.00000000000000e+05 
1.22409446871253e-02 1.00000000000000e+05 
1.23373004755466e-02 1.00000000000000e+05 
1.24337578647674e-02 1.00000000000000e+05 
1.25303976160504e-02 1.00000000000000e+05 
1.26271444533293e-02 1.00000000000000e+05 
1.27240848515303e-02 1.00000000000000e+05 
1.28211637677687e-02 1.00000000000000e+05 
1.29183018896372e-02 1.00000000000000e+05 
1.30155441763396e-02 1.00000000000000e+05 
1.31129891112872e-02 1.00000000000000e+05 
1.32105479410538e-02 1.00000000000000e+05 
1.33083031516773e-02 1.00000000000000e+05 
1.34062043456265e-02 1.00000000000000e+05 
1.35041580051465e-02 1.00000000000000e+05 
1.36022020386085e-02 1.00000000000000e+05 
1.37004461132833e-02 1.00000000000000e+05 
1.37987974218499e-02 1.00000000000000e+05 
1.38973500564262e-02 1.00000000000000e+05 
1.39959922089278e-02 1.00000000000000e+05 
1.40947628284378e-02 1.00000000000000e+05 
1.41936191323857e-02 1.00000000000000e+05 
1.42926882353822e-02 1.00000000000000e+05 
1.43918672024406e-02 1.00000000000000e+05 
1.44912646602428e-02 1.00000000000000e+05 
1.45906745979433e-02 1.00000000000000e+05 
1.46901772246412e-02 1.00000000000000e+05 
1.47896747388168e-02 1.00000000000000e+05 
1.48892157134564e-02 1.00000000000000e+05 
1.49888239846174e-02 1.00000000000000e+05 
1.50884785914403e-02 1.00000000000000e+05 
1.51881318258143e-02 1.00000000000000e+05 
1.52879010114549e-02 1.00000000000000e+05 
1.53876511677381e-02 1.00000000000000e+05 
1.54874394669954e-02 1.00000000000000e+05 
1.55873077709354e-02 1.00000000000000e+05 
1.56872109694962e-02 1.00000000000000e+05 
1.57881344636655e-02 1.00000000000000e+05 
1.58891588313465e-02 1.00000000000000e+05 
1.59891379384174e-02 1.00000000000000e+05 
1.60891637259306e-02 1.00000000000000e+05 
1.61892441858496e-02 1.00000000000000e+05 
1.62893765402010e-02 1.00000000000000e+05 
1.63895097169971e-02 1.00000000000000e+05 
1.64892092177142e-02 1.00000000000000e+05 
1.65889738619595e-02 1.00000000000000e+05 
1.66888006615983e-02 1.00000000000000e+05 
1.67886642632780e-02 1.00000000000000e+05 
1.68886130224079e-02 1.00000000000000e+05 
1.69886456044214e-02 1.00000000000000e+05 
1.70887053551164e-02 1.00000000000000e+05 
1.71888074106655e-02 1.00000000000000e+05 
1.72889726773976e-02 1.00000000000000e+05 
1.73891696903557e-02 1.00000000000000e+05 
1.74894533261261e-02 1.00000000000000e+05 
1.75898146572835e-02 1.00000000000000e+05 
1.76902003774208e-02 1.00000000000000e+05 
1.77906230156580e-02 1.00000000000000e+05 
1.78911076104452e-02 1.00000000000000e+05 
1.79916165641776e-02 1.00000000000000e+05 
1.80920031609582e-02 1.00000000000000e+05 
1.81926776375426e-02 1.00000000000000e+05 
1.82931821197108e-02 1.00000000000000e+05 
1.83939588986440e-02 1.00000000000000e+05 
1.84948165553650e-02 1.00000000000000e+05 
1.85957287172490e-02 1.00000000000000e+05 
1.86964744763421e-02 1.00000000000000e+05 
1.87975176679159e-02 1.00000000000000e+05 
1.88982468741201e-02 1.00000000000000e+05 
1.89992241213294e-02 1.00000000000000e+05 
1.91003121838635e-02 1.00000000000000e+05 
1.92013465662503e-02 1.00000000000000e+05 
1.93020956620295e-02 1.00000000000000e+05 
1.94032872510947e-02 1.00000000000000e+05 
1.95040827927806e-02 1.00000000000000e+05 
1.96052627909735e-02 1.00000000000000e+05 
1.97065281953094e-02 1.00000000000000e+05 
1.98077567223504e-02 1.00000000000000e+05 
1.99086375902905e-02 1.00000000000000e+05 
2.00099971960194e-02 1.00000000000000e+05 
2.01108867284912e-02 1.00000000000000e+05 
2.02122297937521e-02 1.00000000000000e+05 
2.03136578470990e-02 1.00000000000000e+05 
2.04150589138047e-02 1.00000000000000e+05 
2.05159811277089e-02 1.00000000000000e+05 
2.06174829591992e-02 1.00000000000000e+05 
2.07184367693118e-02 1.00000000000000e+05 
2.08199628904148e-02 1.00000000000000e+05 
2.09215293078979e-02 1.00000000000000e+05 
2.10231315748094e-02 1.00000000000000e+05 
2.11241307210318e-02 1.00000000000000e+05 
2.12257842524963e-02 1.00000000000000e+05 
2.13268041914966e-02 1.00000000000000e+05 
2.14284827441294e-02 1.00000000000000e+05 
2.15301876533205e-02 1.00000000000000e+05 
2.16319345649750e-02 1.00000000000000e+05 
2.17330168514171e-02 1.00000000000000e+05 
2.18347967842337e-02 1.00000000000000e+05 
2.19359121918785e-02 1.00000000000000e+05 
2.20377325881751e-02 1.00000000000000e+05 
2.21395850579907e-02 1.00000000000000e+05 
2.22414856479967e-02 1.00000000000000e+05 
2.23426248729821e-02 1.00000000000000e+05 
2.24446268780832e-02 1.00000000000000e+05 
2.25457947722257e-02 1.00000000000000e+05 
2.26477711763079e-02 1.00000000000000e+05 
2.27497809182315e-02 1.00000000000000e+05 
2.28518353014455e-02 1.00000000000000e+05 
2.29530247003230e-02 1.00000000000000e+05 
2.30550807772258e-02 1.00000000000000e+05 
2.31562942710006e-02 1.00000000000000e+05 
2.32584677638625e-02 1.00000000000000e+05 
2.33606714326018e-02 1.00000000000000e+05 
2.34629262074921e-02 1.00000000000000e+05 
2.35641515825839e-02 1.00000000000000e+05 
2.36662542315857e-02 1.00000000000000e+05 
2.37675109654806e-02 1.00000000000000e+05 
2.38698827340383e-02 1.00000000000000e+05 
2.39722723242113e-02 1.00000000000000e+05 
2.40747120745206e-02 1.00000000000000e+05 
2.41759932932471e-02 1.00000000000000e+05 
2.42781642575037e-02 1.00000000000000e+05 
2.43794938113712e-02 1.00000000000000e+05 
2.44820395383692e-02 1.00000000000000e+05 
2.45848898066027e-02 1.00000000000000e+05 
2.46875279736342e-02 1.00000000000000e+05 
2.47888874252779e-02 1.00000000000000e+05 
2.48911452870503e-02 1.00000000000000e+05 
2.49925389460924e-02 1.00000000000000e+05 
2.50952538440577e-02 1.00000000000000e+05 
2.51979848339600e-02 1.00000000000000e+05 
2.53007715143548e-02 1.00000000000000e+05 
2.54022138415677e-02 1.00000000000000e+05 
2.55045876186117e-02 1.00000000000000e+05 
2.56060925222327e-02 1.00000000000000e+05 
2.57086876706416e-02 1.00000000000000e+05 
2.58112312566763e-02 1.00000000000000e+05 
2.59137995216690e-02 1.00000000000000e+05 
2.60153953220600e-02 1.00000000000000e+05 
2.61179468186302e-02 1.00000000000000e+05 
2.62196088359655e-02 1.00000000000000e+05 
2.63222332142933e-02 1.00000000000000e+05 
2.64248296251006e-02 1.00000000000000e+05 
2.65275088766982e-02 1.00000000000000e+05 
2.66292687115133e-02 1.00000000000000e+05 
2.67319059995024e-02 1.00000000000000e+05 
2.68337411280640e-02 1.00000000007323e+05 
2.69364182147276e-02 1.00000000057456e+05 
2.70390999275899e-02 1.00000000283025e+05 
2.71418869792021e-02 1.00000000848029e+05 
2.72438564766476e-02 1.00000001625458e+05 
2.73466477028300e-02 1.00000002675091e+05 
2.74487068735265e-02 1.00000004005026e+05 
2.75515476588534e-02 1.00000005634893e+05 
2.76543725906561e-02 1.00000007257659e+05 
2.77573306578227e-02 1.00000008970666e+05 
2.78595945372685e-02 1.00000010815573e+05 
2.79626408003854e-02 1.00000012802136e+05 
2.80650721268591e-02 1.00000014878307e+05 
2.81682911881116e-02 1.00000017014688e+05 
2.82715453619740e-02 1.00000019131547e+05 
2.83748764437026e-02 1.00000021245917e+05 
2.84776110020099e-02 1.00000023289198e+05 
2.85811137423824e-02 1.00000025293254e+05 
2.86840606475488e-02 1.00000027149944e+05 
2.87876281422008e-02 1.00000028843682e+05 
2.88912222427260e-02 1.00000030553577e+05 
2.89948890989718e-02 1.00000032219989e+05 
2.90982385743468e-02 1.00000033939862e+05 
2.92022683179152e-02 1.00000036048036e+05 
2.93059347794685e-02 1.00000038166972e+05 
2.94099198319403e-02 1.00000039281456e+05 
2.95138699555628e-02 1.00000039661121e+05 
2.96171834550675e-02 1.00000043110789e+05 
2.97201690817966e-02 1.00000047906108e+05 
2.98239914026583e-02 1.00000076671269e+05 
2.99269345736170e-02 1.00000146598644e+05 
3.00307542287863e-02 1.00000284359150e+05 
3.01349991913728e-02 1.00000506733100e+05 
3.02392848251972e-02 1.00000834770260e+05 
3.03437731718534e-02 1.00001276667126e+05 
3.04471777411330e-02 1.00001806610809e+05 
3.05501567064182e-02 1.00002441296640e+05 
3.06529301961759e-02 1.00003179055091e+05 
3.07556475353798e-02 1.00004022977936e+05 
3.08584039202464e-02 1.00004974016458e+05 
3.09612164616012e-02 1.00006026995175e+05 
3.10641293197943e-02 1.00007173067304e+05 
3.11670976266011e-02 1.00008396773621e+05 
3.12700834842995e-02 1.00009694318630e+05 
3.13730888279157e-02 1.00011039154509e+05 
3.14761533751722e-02 1.00012401694642e+05 
3.15792842731555e-02 1.00013774994130e+05 
3.16825094520478e-02 1.00015156736815e+05 
3.17858307475958e-02 1.00016547556628e+05 
3.18892381641337e-02 1.00017782876104e+05 
3.19927503815024e-02 1.00018948854869e+05 
3.20963737631662e-02 1.00020155682360e+05 
3.22000888401836e-02 1.00021318439168e+05 
3.23038956633097e-02 1.00022561056057e+05 
3.24077585377468e-02 1.00023880095570e+05 
3.25116362180756e-02 1.00025119017642e+05 
3.26155404647928e-02 1.00026401426585e+05 
3.27194720913564e-02 1.00026727236586e+05 
3.28224277853619e-02 1.00027718248713e+05 
3.29262974408481e-02 1.00028844318139e+05 
3.30293286986097e-02 1.00030950898666e+05 
3.31333084341324e-02 1.00089121019523e+05 
3.32372940102528e-02 1.00242737773607e+05 
3.33412978698825e-02 1.00511214480615e+05 
3.34445728911412e-02 1.00933174426589e+05 
3.35485911718569e-02 1.01544542642135e+05 
3.36518086562624e-02 1.02345183905011e+05 
3.37546571047914e-02 1.03301840118604e+05 
3.38586066913785e-02 1.04434372274941e+05 
3.39619262474942e-02 1.05722012576871e+05 
3.40655060574678e-02 1.07135459121458e+05 
3.41685230324629e-02 1.08640943471163e+05 
3.42715332442882e-02 1.10237223317921e+05 
3.43746274645715e-02 1.11876845191299e+05 
3.44775931955620e-02 1.13509575761294e+05 
3.45807574563130e-02 1.15090512916175e+05 
3.46843554870379e-02 1.16574465624304e+05 
3.47880035744457e-02 1.18032813288881e+05 
3.48916942081468e-02 1.19444990546289e+05 
3.49954058807455e-02 1.20544384556713e+05 
3.50991555193119e-02 1.21363562790801e+05 
3.52029203015721e-02 1.21943443782859e+05 
3.53067196640087e-02 1.22329928036113e+05 
3.54106377473942e-02 1.22432646261038e+05 
3.55144823515881e-02 1.22349309766350e+05 
3.56183287129770e-02 1.22284953213753e+05 
3.57221977761719e-02 1.22197582270297e+05 
3.58260736693597e-02 1.22104653879394e+05 
3.59299784863218e-02 1.21979596727750e+05 
3.60339126778697e-02 1.21785427364598e+05 
3.61376173149167e-02 1.21546275834078e+05 
3.62415342264500e-02 1.21244950714765e+05 
3.63453260615017e-02 1.20902036290414e+05 
3.64482466641127e-02 1.20522982567447e+05 
3.65521913381502e-02 1.20118540564060e+05 
3.66560770578591e-02 1.19699404241720e+05 
3.67596116962386e-02 1.19265982173112e+05 
3.68626786447512e-02 1.18823561432133e+05 
3.69653778557553e-02 1.18373921139731e+05 
3.70682433901826e-02 1.17920320429279e+05 
3.71714563209073e-02 1.17464096124202e+05 
3.72749650280746e-02 1.17009323066056e+05 
3.73785943242378e-02 1.16560485464113e+05 
3.74823725243482e-02 1.16119506366408e+05 
3.75863018699603e-02 1.15687478051510e+05 
3.76903631306180e-02 1.15265449175164e+05 
3.77945186019540e-02 1.14854326587551e+05 
3.78987821155228e-02 1.14454410044755e+05 
3.80031609060052e-02 1.14065670074042e+05 
3.81076266568378e-02 1.13688002750464e+05 
3.82122003203120e-02 1.13321258649697e+05 
3.83168753242923e-02 1.12964842308896e+05 
3.84215973402165e-02 1.12618704224430e+05 
3.85263754740200e-02 1.12282245862412e+05 
3.86311605937457e-02 1.11954995096349e+05 
3.87359498602347e-02 1.11636212886384e+05 
3.88407638120356e-02 1.11325271074708e+05 
3.89455955439148e-02 1.11021412075739e+05 
3.90504474828164e-02 1.10724493913067e+05 
3.91553271874716e-02 1.10433765282448e+05 
3.92602184241664e-02 1.10148968504981e+05 
3.93651224024450e-02 1.09869710433892e+05 
3.94700655270450e-02 1.09595404546954e+05 
3.95750346904823e-02 1.09325583066692e+05 
3.96800329981577e-02 1.09060231557552e+05 
3.97850670180944e-02 1.08798913319109e+05 
3.98901156419747e-02 1.08541588464285e+05 
3.99949360840616e-02 1.08288714429912e+05 
4.00997501893177e-02 1.08039431092210e+05 
4.02045725841507e-02 1.07793482592279e+05 
4.03094312707103e-02 1.07550843211677e+05 
4.04143093863194e-02 1.07311228890508e+05 
4.05185007561386e-02 1.07076267408426e+05 
4.06235179655105e-02 1.06842359575177e+05 
4.07285958592359e-02 1.06611338163906e+05 
4.08337261341280e-02 1.06383030747346e+05 
4.09381635407033e-02 1.06159010858773e+05 
4.10434196012851e-02 1.05935947902485e+05 
4.11480312893675e-02 1.05716816462010e+05 
4.12533343894239e-02 1.05498537539259e+05 
4.13586738831723e-02 1.05282411980670e+05 
4.14642490228680e-02 1.05067872088865e+05 
4.15691194726039e-02 1.04856845335719e+05 
4.16748372955438e-02 1.04646133987364e+05 
4.17799150757777e-02 1.04438743314936e+05 
4.18857531650754e-02 1.04231816081911e+05 
4.19916539467867e-02 1.04026636544599e+05 
4.20975961277850e-02 1.03822981025863e+05 
4.22029807217204e-02 1.03621969186873e+05 
4.23090471806768e-02 1.03421040762132e+05 
4.24148273267804e-02 1.03221985370453e+05 
4.25209403479278e-02 1.03023581377609e+05 
4.26270085951575e-02 1.02826411127901e+05 
4.27330250927150e-02 1.02630367950950e+05 
4.28390697393685e-02 1.02435322021061e+05 
4.29451883355671e-02 1.02241027587358e+05 
4.30514000045091e-02 1.02047472107049e+05 
4.31576231875760e-02 1.01854809978519e+05 
4.32638823885604e-02 1.01662897862896e+05 
4.33701545767467e-02 1.01471695366309e+05 
4.34765477629851e-02 1.01281115612021e+05 
4.35830250757483e-02 1.01091117600401e+05 
4.36897819075837e-02 1.00901450339811e+05 
4.37968335892721e-02 1.00712143471177e+05 
4.39041849658300e-02 1.00523160227861e+05 
4.40117904998293e-02 1.00334564364748e+05 
4.41189228314586e-02 1.00147808614583e+05 
4.42270522809874e-02 9.99602915728206e+04 
4.43343301986917e-02 9.97753750343144e+04 
4.44428154241476e-02 9.95896169435213e+04 
4.45516356611314e-02 9.94045573962029e+04 
4.46607753175935e-02 9.92202627404188e+04 
4.47685812329729e-02 9.90397219320288e+04 
4.48778170095906e-02 9.88583070013889e+04 
4.49858362587879e-02 9.86805992600287e+04 
4.50961958871138e-02 9.85009001552449e+04 
4.52072780153658e-02 9.83219669956459e+04 
4.53183911217365e-02 9.81449874111260e+04 
4.54272563738194e-02 9.79737419499929e+04 
4.55377802063030e-02 9.78020790667142e+04 
4.56471780237219e-02 9.76345079371889e+04 
4.57582469534765e-02 9.74668696991592e+04 
4.58693519542153e-02 9.73017240253404e+04 
4.59804601194941e-02 9.71391364567156e+04 
4.60914818896106e-02 9.69793863578044e+04 
4.62025908018527e-02 9.68222086442458e+04 
4.63136833219443e-02 9.66678790743391e+04 
4.64247703031199e-02 9.65164298622691e+04 
4.65358977318926e-02 9.63677147475292e+04 
4.66470234663455e-02 9.62218201111106e+04 
4.67581725732562e-02 9.60788304007514e+04 
4.68692956004085e-02 9.59379927490472e+04 
4.69804284290540e-02 9.58005202446382e+04 
4.70915963021372e-02 9.56662187211112e+04 
4.72029291491017e-02 9.55348059438335e+04 
4.73145193534920e-02 9.54059931293834e+04 
4.74263639315198e-02 9.52798641995758e+04 
4.75383781894321e-02 9.51565179818729e+04 
4.76505453543298e-02 9.50350318307560e+04 
4.77628785158107e-02 9.49154568239486e+04 
4.78754086066598e-02 9.47977217983018e+04 
4.79880709970801e-02 9.46818258050744e+04 
4.81005896757965e-02 9.45681004399812e+04 
4.82135815000828e-02 9.44558795678406e+04 
4.83262885049196e-02 9.43459218552302e+04 
4.84396616240007e-02 9.42372429723173e+04 
4.85528024351528e-02 9.41305350423661e+04 
4.86658509340396e-02 9.40254659492476e+04 
4.87764285259110e-02 9.39241627353276e+04 
4.88890204003112e-02 9.38224177421596e+04 
4.90005827080333e-02 9.37229767043268e+04 
4.91141649439182e-02 9.36230822903637e+04 
4.92278850726240e-02 9.35243790715980e+04 
4.93417285212234e-02 9.34268426562265e+04 
4.94549232469749e-02 9.33311513618125e+04 
4.95690550852364e-02 9.32359937854910e+04 
4.96824493213094e-02 9.31429260636877e+04 
4.97967830660652e-02 9.30507368276449e+04 
4.99112144080834e-02 9.29601849349931e+04 
5.00256576175744e-02 9.28715359719282e+04 
5.01392308356985e-02 9.27857429845131e+04 
5.02543169175279e-02 9.27014728235002e+04 
5.03680974344478e-02 9.26212278176365e+04 
5.04828693107314e-02 9.25434615547251e+04 
5.05981766098088e-02 9.24691506620567e+04 
5.07135078619365e-02 9.23990961921767e+04 
5.08274472768343e-02 9.23337448240542e+04 
5.09429123780813e-02 9.22737287639925e+04 
5.10570499145146e-02 9.22214539885699e+04 
5.11721884943035e-02 9.21742335058215e+04 
5.12876334235330e-02 9.21354229850451e+04 
5.14031167322663e-02 9.21098935771713e+04 
5.15174021827598e-02 9.20998621759817e+04 
5.16330664519861e-02 9.21137028408486e+04 
5.17475448107609e-02 9.21339698771865e+04 
5.18630288402499e-02 9.21668680611735e+04 
5.19786338701585e-02 9.22164471135185e+04 
5.20942348976588e-02 9.22836255091814e+04 
5.22088465470019e-02 9.23671591561427e+04 
5.23250017995742e-02 9.24728690628381e+04 
5.24398011535113e-02 9.26003569274724e+04 
5.25556122233537e-02 9.27510399482274e+04 
5.26726227928214e-02 9.29319615341243e+04 
5.27896689886054e-02 9.31355268870365e+04 
5.29045952174991e-02 9.33572469208950e+04 
5.30224071054473e-02 9.36076639689439e+04 
5.31375176805141e-02 9.38772228255060e+04 
5.32536448992517e-02 9.41788296022190e+04 
5.33709747303108e-02 9.45134947553874e+04 
5.34883406663803e-02 9.48788420078661e+04 
5.36035739080673e-02 9.52670101508153e+04 
5.37215838039549e-02 9.56950785510378e+04 
5.38369997746818e-02 9.61444896611827e+04 
5.39534389870252e-02 9.66293373160930e+04 
5.40710869857305e-02 9.71486201984543e+04 
5.41887721379710e-02 9.76927304065732e+04 
5.43043141486980e-02 9.82479634005224e+04 
5.44225104912997e-02 9.88332644967080e+04 
5.45382326131721e-02 9.94191518318849e+04 
5.46549810882543e-02 1.00021419495778e+05 
5.47729555469883e-02 1.00633776490832e+05 
5.48909558989912e-02 1.01245279026498e+05 
5.50068037823047e-02 1.01840093482847e+05 
5.51251902802950e-02 1.02433363497004e+05 
5.52412189913044e-02 1.03009066309960e+05 
5.53582827578074e-02 1.03567179772554e+05 
5.54765801343689e-02 1.04103742824991e+05 
5.55949106448361e-02 1.04602498173529e+05 
5.57110717325403e-02 1.05067923025335e+05 
5.58296294187948e-02 1.05505694622220e+05 
5.59459616116219e-02 1.05877619238749e+05 
5.60633348374431e-02 1.06199958824066e+05 
5.61819449706045e-02 1.06478194093350e+05 
5.63005847142084e-02 1.06712127128191e+05 
5.64170116920774e-02 1.06901136354178e+05 
5.65358311837168e-02 1.07028956736878e+05 
5.66523998007187e-02 1.07137109735627e+05 
5.67700159123702e-02 1.07224510648114e+05 
5.68888774238322e-02 1.07289749996364e+05 
5.70077506553484e-02 1.07333968108100e+05 
5.71244693958430e-02 1.07347178731651e+05 
5.72434443013295e-02 1.07344322012967e+05 
5.73603347592243e-02 1.07328191327836e+05 
5.74783690344515e-02 1.07294532584012e+05 
5.75974056453604e-02 1.07245041489628e+05 
5.77164750568207e-02 1.07178226230610e+05 
5.78335435347981e-02 1.07094036119740e+05 
5.79526756664946e-02 1.06996337478930e+05 
5.80698993199903e-02 1.06889624060739e+05 
5.81882703511986e-02 1.06770449243416e+05 
5.83075244685078e-02 1.06639387259539e+05 
5.84268105730089e-02 1.06499929058055e+05 
5.85441468466793e-02 1.06355776971798e+05 
5.86634755789032e-02 1.06203361002630e+05 
5.87809634736018e-02 1.06049071197532e+05 
5.88996475338782e-02 1.05888621786884e+05 
5.90190751588761e-02 1.05724576428092e+05 
5.91385401428330e-02 1.05558730044855e+05 
5.92562167289833e-02 1.05394234564410e+05 
5.93757304414312e-02 1.05226192919621e+05 
5.94935921034704e-02 1.05060301319586e+05 
5.96127451205961e-02 1.04893178526010e+05 
5.97323808584188e-02 1.04726069818566e+05 
5.98520256103098e-02 1.04560038128430e+05 
5.99702276336461e-02 1.04397749108247e+05 
6.00898967689903e-02 1.04235030887888e+05 
6.02082942760731e-02 1.04076159997256e+05 
6.03280218714794e-02 1.03918100918969e+05 
6.04477891854659e-02 1.03762352304043e+05 
6.05675718036657e-02 1.03609020165395e+05 
6.06862631789621e-02 1.03459907619839e+05 
6.08060648418807e-02 1.03311806651850e+05 
6.09249686536056e-02 1.03167539267045e+05 
6.10448198533971e-02 1.03025035944478e+05 
6.11646929855803e-02 1.02884984939974e+05 
6.12845771935712e-02 1.02747521450273e+05 
6.14039421073994e-02 1.02613504435507e+05 
6.15238496044514e-02 1.02481123991906e+05 
6.16435060091091e-02 1.02351591352544e+05 
6.17634680118337e-02 1.02223969834038e+05 
6.18834579078970e-02 1.02098287937239e+05 
6.20034646949868e-02 1.01974203292720e+05 
6.21235314696043e-02 1.01852044757584e+05 
6.22435757498437e-02 1.01731285816608e+05 
6.23636566750962e-02 1.01611886705446e+05 
6.24837870393129e-02 1.01493819864592e+05 
6.26039652643761e-02 1.01376602152680e+05 
6.27241753294648e-02 1.01260080558811e+05 
6.28444817036325e-02 1.01144176490190e+05 
6.29647977408343e-02 1.01028693756423e+05 
6.30851525760139e-02 1.00913968180504e+05 
6.32055588045353e-02 1.00799192824224e+05 
6.33260024613813e-02 1.00683644483786e+05 
6.34464596411322e-02 1.00567080558277e+05 
6.35669964470646e-02 1.00451061793353e+05 
6.36875155361617e-02 1.00335095142317e+05 
6.38080367620996e-02 1.00218924934982e+05 
6.39285944558377e-02 1.00102393555537e+05 
6.40491772902592e-02 9.99853013384717e+04 
6.41697982163904e-02 9.98671122154668e+04 
6.42905221107687e-02 9.97476580967182e+04 
6.44112759634232e-02 9.96268939921237e+04 
6.45320842943438e-02 9.95049818001918e+04 
6.46529433521869e-02 9.93819529548878e+04 
6.47738286609311e-02 9.92577976077703e+04 
6.48947233549236e-02 9.91325263767415e+04 
6.50156711070515e-02 9.90061978088127e+04 
6.51365933940103e-02 9.88787001250473e+04 
6.52575182243354e-02 9.87501813635068e+04 
6.53784474572420e-02 9.86207530822685e+04 
6.54993765679704e-02 9.84902596352274e+04 
6.56203156626610e-02 9.83588538477792e+04 
6.57413010281015e-02 9.82266406734723e+04 
6.58622711494751e-02 9.80936360217276e+04 
6.59832711291058e-02 9.79599885472419e+04 
6.61043241197689e-02 9.78258682531480e+04 
6.62254593979324e-02 9.76912209930741e+04 
6.63466902524438e-02 9.75561969422875e+04 
6.64680718547150e-02 9.74209397309185e+04 
6.65895019158327e-02 9.72855242125735e+04 
6.67109802374282e-02 9.71501767567924e+04 
6.68325156044102e-02 9.70150965891865e+04 
6.69541287986502e-02 9.68802401260408e+04 
6.70757985661064e-02 9.67457891617786e+04 
6.71975967463342e-02 9.66118590605137e+04 
6.73194502924458e-02 9.64784767324455e+04 
6.74413634549739e-02 9.63458211524820e+04 
6.75633716582407e-02 9.62140144855822e+04 
6.76855068633298e-02 9.60829693994919e+04 
6.78077546209785e-02 9.59527909208643e+04 
6.79302184755249e-02 9.58234954502685e+04 
6.80528455591402e-02 9.56950166808491e+04 
6.81756295165442e-02 9.55674803650401e+04 
6.82987919213324e-02 9.54407556520888e+04 
6.84223759412233e-02 9.53146827043305e+04 
6.85463039172729e-02 9.51893985107216e+04 
6.86650462391860e-02 9.50705271358187e+04 
6.87896193944840e-02 9.49468051481918e+04 
6.89144358828813e-02 9.48240348784098e+04 
6.90314521108595e-02 9.47100872062444e+04 
6.91568930271122e-02 9.45892210908092e+04 
6.92826369287171e-02 9.44693864008005e+04 
6.93974252208809e-02 9.43606027766881e+04 
6.95227085017225e-02 9.42436455798763e+04 
6.96495304260825e-02 9.41264003448427e+04 
6.97732798407772e-02 9.40140089409766e+04 
6.99010316047415e-02 9.38996248828080e+04 
7.00275593229867e-02 9.37878280694774e+04 
7.01516836471545e-02 9.36798631408304e+04 
7.02809805420883e-02 9.35685042975411e+04 
7.04106366752702e-02 9.34580830290137e+04 
7.05404930267198e-02 9.33481014530455e+04 
7.06699704253972e-02 9.32389478065265e+04 
7.07994647770400e-02 9.31308401706031e+04 
7.09266586898104e-02 9.30261809728473e+04 
7.10550049759427e-02 9.29221497703807e+04 
7.11822293781265e-02 9.28209889278049e+04 
7.13106695184041e-02 9.27211067347218e+04 
7.14403614840968e-02 9.26224506178385e+04 
7.15706148960240e-02 9.25259987934787e+04 
7.16978553377452e-02 9.24344234950769e+04 
7.18242436477524e-02 9.23459865097682e+04 
7.19495831764871e-02 9.22607728405758e+04 
7.20782800510372e-02 9.21759512063084e+04 
7.22084362247903e-02 9.20930161358784e+04 
7.23386189100151e-02 9.20130979232586e+04 
7.24664115003419e-02 9.19378041637414e+04 
7.25953495231973e-02 9.18649502984298e+04 
7.27177894140749e-02 9.17987134878152e+04 
7.28467774375533e-02 9.17322099298943e+04 
7.29770595811317e-02 9.16684638292045e+04 
7.31074212952341e-02 9.16084569978527e+04 
7.32353778319357e-02 9.15534072413201e+04 
7.33645186978085e-02 9.15009148175918e+04 
7.34925749053287e-02 9.14526773124624e+04 
7.36219555156559e-02 9.14083407634187e+04 
7.37526235374637e-02 9.13684362535342e+04 
7.38834098767672e-02 9.13335143040249e+04 
7.40117651478040e-02 9.13039422964918e+04 
7.41413348779527e-02 9.12739514287912e+04 
7.42698294048381e-02 9.12518087484358e+04 
7.43998090019625e-02 9.12359727979731e+04 
7.45311013460321e-02 9.12252949170615e+04 
7.46626139018632e-02 9.12196266502065e+04 
7.47913782343930e-02 9.12182429644431e+04 
7.49213544725093e-02 9.12209375551779e+04 
7.50502218634385e-02 9.12309920973502e+04 
7.51810486277368e-02 9.12412765098484e+04 
7.53129426063600e-02 9.12525259928585e+04 
7.54452351186880e-02 9.12641814334102e+04 
7.55742397632269e-02 9.12776647278046e+04 
7.57044026706732e-02 9.12942667070159e+04 
7.58334763683265e-02 9.13134056330613e+04 
7.59625604261794e-02 9.13369756924903e+04 
7.60945603746886e-02 9.13666471893149e+04 
7.62270838816072e-02 9.14030546082038e+04 
7.63560728345856e-02 9.14429459422906e+04 
7.64862030696407e-02 9.14904239368191e+04 
7.66152719447965e-02 9.15459008454102e+04 
7.67466399747487e-02 9.16097983289667e+04 
7.68799265320398e-02 9.16828309359994e+04 
7.70128825995634e-02 9.17628882754928e+04 
7.71417611829910e-02 9.18507309417648e+04 
7.72717143784476e-02 9.19408951250782e+04 
7.73987190422996e-02 9.20317137925350e+04 
7.75309875638326e-02 9.21297772818725e+04 
7.76643091832313e-02 9.22327637938047e+04 
7.77979786431348e-02 9.23424964266573e+04 
7.79278636246805e-02 9.24568791201166e+04 
7.80634663704203e-02 9.25857340034420e+04 
7.81909189939460e-02 9.27164439575514e+04 
7.83239828258668e-02 9.28625165021708e+04 
7.84586097166446e-02 9.30194553877169e+04 
7.85928247344887e-02 9.31853572266675e+04 
7.87234778216595e-02 9.33557636772135e+04 
7.88605120187276e-02 9.35440716127851e+04 
7.89885319562690e-02 9.37285280475141e+04 
7.91218796875501e-02 9.39287178247930e+04 
7.92560490861922e-02 9.41386125277294e+04 
7.93919399448463e-02 9.43586666436773e+04 
7.95243054415385e-02 9.45796177325761e+04 
7.96628214232389e-02 9.48162008373112e+04 
7.97914324654745e-02 9.50405822075216e+04 
7.99276946499511e-02 9.52820243674198e+04 
8.00624975053144e-02 9.55233394298502e+04 
8.02052628833323e-02 9.57803620748249e+04 
8.03394092858679e-02 9.60214748883743e+04 
8.04807407515438e-02 9.62733955601335e+04 
8.06101088491491e-02 9.65017764399599e+04 
8.07463145529611e-02 9.67374458528372e+04 
8.08812011922667e-02 9.69667943369796e+04 
8.10216149258149e-02 9.71987552599137e+04 
8.11588628179947e-02 9.74167708490327e+04 
8.13018687567207e-02 9.76354357858939e+04 
8.14414767246870e-02 9.78397102614609e+04 
8.15866440272004e-02 9.80364468797547e+04 
8.17226594927020e-02 9.82087113867126e+04 
8.18656244932882e-02 9.83748516709819e+04 
8.20080451778095e-02 9.85333681175410e+04 
8.21586243001697e-02 9.86891778910919e+04 
8.23013785609251e-02 9.88249427302208e+04 
8.24483146337353e-02 9.89484506162701e+04 
8.25991754095693e-02 9.90673867722049e+04 
8.27499473448396e-02 9.91664368629670e+04 
8.29007326759277e-02 9.92480494323528e+04 
8.30515239930318e-02 9.93170655097238e+04 
8.32022510957325e-02 9.93752846262308e+04 
8.33529617108331e-02 9.94173911972890e+04 
8.34922123514669e-02 9.94550431089360e+04 
8.36407253810510e-02 9.94926740838303e+04 
8.37768274952627e-02 9.95222967401597e+04 
8.39216378872276e-02 9.95491967814050e+04 
8.40593100515186e-02 9.95696149108822e+04 
8.42070486280748e-02 9.95841660789236e+04 
8.43543505596854e-02 9.95902827930219e+04 
8.45048450779955e-02 9.95887158168993e+04 
8.46468251793982e-02 9.95814763890004e+04 
8.47973975316763e-02 9.95682321813770e+04 
8.49423777513099e-02 9.95503925673690e+04 
8.50929849506460e-02 9.95270024752144e+04 
8.52435602598448e-02 9.94998943915227e+04 
8.53940599314218e-02 9.94698032072036e+04 
8.55420396851667e-02 9.94377814190083e+04 
8.56926645659064e-02 9.94034071460454e+04 
8.58356886227139e-02 9.93695668768869e+04 
8.59863365179352e-02 9.93327607688175e+04 
8.61369310758442e-02 9.92952157654393e+04 
8.62874502141888e-02 9.92574340403273e+04 
8.64382662639159e-02 9.92190319692932e+04 
8.65890271615063e-02 9.91804731566844e+04 
8.67399078980060e-02 9.91417862522165e+04 
8.68865158730699e-02 9.91041450258285e+04 
8.70372484696961e-02 9.90656160166235e+04 
8.71879379460481e-02 9.90273602598593e+04 
8.73390014158366e-02 9.89891899533882e+04 
8.74899912239749e-02 9.89513077317615e+04 
8.76371965977618e-02 9.89145500976475e+04 
8.77882307997797e-02 9.88769658531902e+04 
8.79392435395214e-02 9.88396242593745e+04 
8.80902415848581e-02 9.88026541710291e+04 
8.82335262426884e-02 9.87677864027702e+04 
8.83840952613484e-02 9.87315624671521e+04 
8.85287895706199e-02 9.86971607738986e+04 
8.86802065320153e-02 9.86612140042880e+04 
8.88307440632637e-02 9.86257766424401e+04 
8.89821918848491e-02 9.85905639592232e+04 
8.91288170431177e-02 9.85567803899681e+04 
8.92806629165165e-02 9.85225387875334e+04 
8.94284978646898e-02 9.84896129316972e+04 
8.95804474102012e-02 9.84559476357940e+04 
8.97324388484843e-02 9.84224315762875e+04 
8.98844753961240e-02 9.83892119226862e+04 
9.00353345408484e-02 9.83565192731597e+04 
9.01877901029868e-02 9.83239811413729e+04 
9.03226030297607e-02 9.82955423445478e+04 
9.04708972492118e-02 9.82647729960395e+04 
9.06234746993803e-02 9.82339915497422e+04 
9.07760978052224e-02 9.82042532371277e+04 
9.09273611791771e-02 9.81757812126761e+04 
9.10803853686070e-02 9.81489887437803e+04 
9.12316081058026e-02 9.81241009095978e+04 
9.13846921684494e-02 9.81017599199835e+04 
9.15378225867990e-02 9.80826214167726e+04 
9.16909393371583e-02 9.80679933957185e+04 
9.18441981791136e-02 9.80542679078314e+04 
9.19976319995880e-02 9.80486385368140e+04 
9.21499908951499e-02 9.80495397513295e+04 
9.23034769253827e-02 9.80562634624022e+04 
9.24569992082814e-02 9.80723426587794e+04 
9.26104902192923e-02 9.80908884264157e+04 
9.27640958564481e-02 9.81108008228867e+04 
9.29178640691298e-02 9.81332760232759e+04 
9.30631334247779e-02 9.81597679779858e+04 
9.32145302397817e-02 9.81942517698777e+04 
9.33682594061679e-02 9.82385806090466e+04 
9.35219473456256e-02 9.82916166972705e+04 
9.36507631791096e-02 9.83428972130547e+04 
9.37885962270676e-02 9.84042068799030e+04 
9.39351867112577e-02 9.84771719768001e+04 
9.40701827814163e-02 9.85522471425099e+04 
9.42155818186123e-02 9.86417355196207e+04 
9.43690711932886e-02 9.87447831763151e+04 
9.45027510373057e-02 9.88416840711701e+04 
9.46464036761718e-02 9.89528838609357e+04 
9.47950422072786e-02 9.90747923261790e+04 
9.49329581461002e-02 9.91933242530369e+04 
9.50777549654056e-02 9.93237795040651e+04 
9.52282746850237e-02 9.94639708835661e+04 
9.53719972908433e-02 9.96017714140242e+04 
9.55213881819595e-02 9.97489839812078e+04 
9.56738015290752e-02 9.99005719698255e+04 
9.58221280800995e-02 1.00048326522885e+05 
9.59762754465018e-02 1.00202883881649e+05 
9.61288620053802e-02 1.00355211030503e+05 
9.62772889463244e-02 1.00501886737000e+05 
9.64321582677157e-02 1.00651414867438e+05 
9.65862658431746e-02 1.00796453046086e+05 
9.67399040358094e-02 1.00934751681326e+05 
9.68950538980809e-02 1.01067523379792e+05 
9.70473361701442e-02 1.01189862067023e+05 
9.72019223850934e-02 1.01306370135173e+05 
9.73572277882730e-02 1.01414285686072e+05 
9.75072425916471e-02 1.01509079188232e+05 
9.76611585334080e-02 1.01600704717894e+05 
9.78148380918104e-02 1.01678626407572e+05 
9.79692805785571e-02 1.01745186153540e+05 
9.81157814160410e-02 1.01793800557238e+05 
9.82715348772214e-02 1.01842520582665e+05 
9.84222202664913e-02 1.01886286839404e+05 
9.85767893822134e-02 1.01926392709075e+05 
9.87314801574803e-02 1.01959845133283e+05 
9.88864779778815e-02 1.01984807098038e+05 
9.90419743479258e-02 1.02002981152630e+05 
9.91981109540230e-02 1.02015263695105e+05 
9.93500879001223e-02 1.02021749820265e+05 
9.95049802170176e-02 1.02020942098054e+05 
9.96611285317966e-02 1.02013194659618e+05 
9.98164724330950e-02 1.01999829119303e+05 
9.99716461084726e-02 1.01980726631728e+05 
1.00127183067206e-01 1.01958818622706e+05 
1.00283125422916e-01 1.01933735950205e+05 
1.00438576552085e-01 1.01905147561218e+05 
1.00595218845754e-01 1.01872687505205e+05 
1.00751224940635e-01 1.01837400133245e+05 
1.00907821366080e-01 1.01800019097606e+05 
1.01064841941686e-01 1.01761185891111e+05 
1.01221434974678e-01 1.01721505333396e+05 
1.01377402194363e-01 1.01681515340727e+05 
1.01534182492508e-01 1.01640777276027e+05 
1.01690562516290e-01 1.01600013022791e+05 
1.01847594895984e-01 1.01559069519483e+05 
1.02004800315369e-01 1.01517870318729e+05 
1.02161990654071e-01 1.01476629774347e+05 
1.02318474153121e-01 1.01435351027273e+05 
1.02475711419861e-01 1.01393157831801e+05 
1.02632654453858e-01 1.01349948456632e+05 
1.02790061589382e-01 1.01305221150396e+05 
1.02947571539384e-01 1.01258250880834e+05 
1.03105119624890e-01 1.01208644781093e+05 
1.03262094019413e-01 1.01156398281597e+05 
1.03419637700726e-01 1.01100311179169e+05 
1.03577055633426e-01 1.01040391057883e+05 
1.03734722075628e-01 1.00976422795147e+05 
1.03892492914280e-01 1.00907839152379e+05 
1.04050306397384e-01 1.00834989552617e+05 
1.04199816669136e-01 1.00762524735996e+05 
1.04357644430950e-01 1.00682261404034e+05 
1.04515528111293e-01 1.00598662495290e+05 
1.04651540946238e-01 1.00524604631961e+05 
1.04796448666171e-01 1.00443632112127e+05 
1.04948122775513e-01 1.00357215221673e+05 
1.05091428272350e-01 1.00274946588625e+05 
1.05242573853998e-01 1.00187594759484e+05 
1.05400345021614e-01 1.00096261927192e+05 
1.05555279108203e-01 1.00006699700873e+05 
1.05709073174019e-01 9.99178280285465e+04 
1.05867231984258e-01 9.98266795464637e+04 
1.06025310420316e-01 9.97364015828400e+04 
1.06183352172030e-01 9.96464274000053e+04 
1.06341432897698e-01 9.95564716933950e+04 
1.06499591939559e-01 9.94667224188815e+04 
1.06657879952024e-01 9.93763777631660e+04 
1.06816256035170e-01 9.92857247407180e+04 
1.06974657522595e-01 9.91953563514794e+04 
1.07133092049180e-01 9.91049804370801e+04 
1.07291570644765e-01 9.90146632102509e+04 
1.07450060291484e-01 9.89251981244022e+04 
1.07608609504177e-01 9.88363140106939e+04 
1.07767178212501e-01 9.87488932268140e+04 
1.07925726549102e-01 9.86637216678010e+04 
1.08076083384779e-01 9.85852439054243e+04 
1.08234656023451e-01 9.85052266927204e+04 
1.08393234705636e-01 9.84284032158420e+04 
1.08551869776369e-01 9.83554065653579e+04 
1.08710522303748e-01 9.82866776947626e+04 
1.08869144987673e-01 9.82236234915507e+04 
1.09027756521401e-01 9.81645474559968e+04 
1.09186382254016e-01 9.81113505548417e+04 
1.09345015843213e-01 9.80667089991859e+04 
1.09503685117474e-01 9.80284516571427e+04 
1.09662346391823e-01 9.79960530116727e+04 
1.09820962358529e-01 9.79699126327922e+04 
1.09979555851195e-01 9.79442795346521e+04 
1.10138174290209e-01 9.79187113977843e+04 
1.10296829599566e-01 9.78950931177219e+04 
1.10455572788794e-01 9.78726744381924e+04 
1.10614376696780e-01 9.78532528413527e+04 
1.10773188831953e-01 9.78378603344837e+04 
1.10932006811468e-01 9.78265177902073e+04 
1.11090846757112e-01 9.78172122501279e+04 
1.11249701264334e-01 9.78097827493058e+04 
1.11408622789052e-01 9.78039913207321e+04 
1.11567587473661e-01 9.77999693479762e+04 
1.11726556473054e-01 9.77982568116743e+04 
1.11885530958875e-01 9.77991323363161e+04 
1.12044525943255e-01 9.78030734500078e+04 
1.12203530772795e-01 9.78096811317455e+04 
1.12362591429068e-01 9.78180201628113e+04 
1.12521682006634e-01 9.78300837352162e+04 
1.12680737572561e-01 9.78438721558944e+04 
1.12839741149172e-01 9.78585986417940e+04 
1.12995002960367e-01 9.78744413484028e+04 
1.13154009978196e-01 9.78935338709738e+04 
1.13313086429103e-01 9.79156408500580e+04 
1.13472136829796e-01 9.79409474254331e+04 
1.13631157508379e-01 9.79698017468406e+04 
1.13790134518356e-01 9.80025938487578e+04 
1.13949073450399e-01 9.80395459862808e+04 
1.14108064506630e-01 9.80799699277035e+04 
1.14267126946703e-01 9.81231619128159e+04 
1.14426166597315e-01 9.81698002660026e+04 
1.14581847202520e-01 9.82186827708967e+04 
1.14736335954004e-01 9.82699831211726e+04 
1.14895270584337e-01 9.83252795508040e+04 
1.15042214849418e-01 9.83791855030802e+04 
1.15200349354701e-01 9.84397901444211e+04 
1.15357273638650e-01 9.85031759592442e+04 
1.15516293962203e-01 9.85707165110017e+04 
1.15675285525094e-01 9.86412918844027e+04 
1.15828674809645e-01 9.87118670211079e+04 
1.15985636367294e-01 9.87873001179690e+04 
1.16144054257826e-01 9.88662233627095e+04 
1.16302853337100e-01 9.89487602165068e+04 
1.16461797772836e-01 9.90346495372064e+04 
1.16620821631665e-01 9.91231713980944e+04 
1.16779764566696e-01 9.92134073238865e+04 
1.16938809941221e-01 9.93058390042697e+04 
1.17097915044363e-01 9.93996126119946e+04 
1.17257019955509e-01 9.94950781345357e+04 
1.17415930384823e-01 9.95914952777820e+04 
1.17574999302978e-01 9.96884071573014e+04 
1.17734035101842e-01 9.97849138824740e+04 
1.17893120225988e-01 9.98817282282598e+04 
1.18052286604736e-01 9.99781893584652e+04 
1.18211439362972e-01 1.00074924255407e+05 
1.18370155461860e-01 1.00171403339686e+05 
1.18529290747760e-01 1.00267425089973e+05 
1.18688231664072e-01 1.00361598367550e+05 
1.18847393209937e-01 1.00455191875127e+05 
1.19006650021623e-01 1.00548297564321e+05 
1.19165900559371e-01 1.00639465136182e+05 
1.19324472873780e-01 1.00727980817120e+05 
1.19483726506012e-01 1.00814596495185e+05 
1.19642543093433e-01 1.00896955416731e+05 
1.19801827437867e-01 1.00976226156501e+05 
1.19961194080840e-01 1.01051209479124e+05 
1.20120556192166e-01 1.01123204903937e+05 
1.20279113695778e-01 1.01191198806226e+05 
1.20438442384371e-01 1.01256239916394e+05 
1.20597282825305e-01 1.01314070157373e+05 
1.20756539841745e-01 1.01367902642283e+05 
1.20915867183219e-01 1.01417598712916e+05 
1.21075192547591e-01 1.01465750773641e+05 
1.21233837249281e-01 1.01509383542416e+05 
1.21393147024830e-01 1.01548967504189e+05 
1.21552095349358e-01 1.01585668764904e+05 
1.21711345724305e-01 1.01622253863110e+05 
1.21870676531645e-01 1.01659801745665e+05 
1.22030010612425e-01 1.01699622762523e+05 
1.22188815836805e-01 1.01743815755804e+05 
1.22348152500151e-01 1.01792095131641e+05 
1.22507265358484e-01 1.01843538159400e+05 
1.22666557290941e-01 1.01900688200866e+05 
1.22825941787743e-01 1.01964411423444e+05 
1.22985337082734e-01 1.02036953935405e+05 
1.23144365815714e-01 1.02118000754667e+05 
1.23303782215404e-01 1.02207574958235e+05 
1.23463133496948e-01 1.02304480110622e+05 
1.23622520751437e-01 1.02410145944402e+05 
1.23782011473437e-01 1.02524056178539e+05 
1.23941518947274e-01 1.02648266151112e+05 
1.24100845234589e-01 1.02782114421414e+05 
1.24260385340243e-01 1.02924212089634e+05 
1.24419990647638e-01 1.03073677766509e+05 
1.24579509553097e-01 1.03230349489003e+05 
1.24739143106440e-01 1.03393100838354e+05 
1.24898779750036e-01 1.03562092379487e+05 
1.25058433405265e-01 1.03735582270253e+05 
1.25205463400475e-01 1.03897854050184e+05 
1.25365233068901e-01 1.04074980429508e+05 
1.25524933237381e-01 1.04252646838626e+05 
1.25684762985961e-01 1.04429082634069e+05 
1.25844622865509e-01 1.04604547894645e+05 
1.26004501964949e-01 1.04776596783067e+05 
1.26164404229875e-01 1.04942715221295e+05 
1.26324392279933e-01 1.05100311456381e+05 
1.26484316483053e-01 1.05251039795125e+05 
1.26644373583616e-01 1.05390487343440e+05 
1.26804472676023e-01 1.05517377634479e+05 
1.26964582823547e-01 1.05630241916266e+05 
1.27124723703807e-01 1.05735555390577e+05 
1.27284963629540e-01 1.05821959079700e+05 
1.27445158516563e-01 1.05885796764198e+05 
1.27605508828926e-01 1.05930113887170e+05 
1.27765913000804e-01 1.05959531848226e+05 
1.27926355560434e-01 1.05974275181739e+05 
1.28086813202588e-01 1.05966405089340e+05 
1.28247222662737e-01 1.05954824814411e+05 
1.28407700166175e-01 1.05942806085183e+05 
1.28568357767959e-01 1.05926148487276e+05 
1.28728928082126e-01 1.05903487526292e+05 
1.28889491299483e-01 1.05869053332284e+05 
1.29050014303822e-01 1.05826108894140e+05 
1.29210483547905e-01 1.05774600102240e+05 
1.29371009446583e-01 1.05715624549656e+05 
1.29531716526776e-01 1.05649665392582e+05 
1.29692329528301e-01 1.05576597947855e+05 
1.29852932379266e-01 1.05495161955464e+05 
1.30013494073097e-01 1.05406614321493e+05 
1.30174001875430e-01 1.05311617164918e+05 
1.30334561573038e-01 1.05212262756726e+05 
1.30495308417643e-01 1.05108517472209e+05 
1.30655962160024e-01 1.05001453500627e+05 
1.30816607494089e-01 1.04892157013679e+05 
1.30977165281600e-01 1.04780463623614e+05 
1.31137615711861e-01 1.04667136596121e+05 
1.31298175899840e-01 1.04551759548030e+05 
1.31458976610022e-01 1.04434610919473e+05 
1.31619655035116e-01 1.04318081032035e+05 
1.31780317800498e-01 1.04201943594540e+05 
1.31940924465280e-01 1.04085275945144e+05 
1.32101471334491e-01 1.03968817666855e+05 
1.32262054149065e-01 1.03853937484290e+05 
1.32422815403228e-01 1.03739493464576e+05 
1.32583470986831e-01 1.03626037410283e+05 
1.32744119676410e-01 1.03513242324014e+05 
1.32904705732564e-01 1.03401153013829e+05 
1.33065221360747e-01 1.03291164094432e+05 
1.33225757384200e-01 1.03182978611810e+05 
1.33386462632345e-01 1.03075493643348e+05 
1.33547066260110e-01 1.02969138875280e+05 
1.33707649009534e-01 1.02862746783011e+05 
1.33868166262201e-01 1.02757201256814e+05 
1.34018618723416e-01 1.02659992364906e+05 
1.34179076923384e-01 1.02557792615909e+05 
1.34339697923871e-01 1.02455689539110e+05 
1.34485674509504e-01 1.02362898870299e+05 
1.34640788045192e-01 1.02265525330768e+05 
1.34792694043119e-01 1.02169897632983e+05 
1.34948729269001e-01 1.02073129382609e+05 
1.35095433336745e-01 1.01983786193198e+05 
1.35252422259775e-01 1.01888169154608e+05 
1.35401640225250e-01 1.01797347871917e+05 
1.35559130613835e-01 1.01701681967712e+05 
1.35719550564855e-01 1.01604550429873e+05 
1.35879896468471e-01 1.01510396151765e+05 
1.35998266973593e-01 1.01441966025725e+05 
1.36128474529226e-01 1.01368429522000e+05 
1.36269696044184e-01 1.01289812821802e+05 
1.36395904206705e-01 1.01221731042352e+05 
1.36533908837900e-01 1.01149195347393e+05 
1.36682740796245e-01 1.01073976972982e+05 
1.36803060740448e-01 1.01015779863802e+05 
1.36930805540029e-01 1.00955031767862e+05 
1.37067326767913e-01 1.00892397435691e+05 
1.37212369186105e-01 1.00828759666303e+05 
1.37342520653967e-01 1.00773822774199e+05 
1.37482842341497e-01 1.00717250413889e+05 
1.37608730077947e-01 1.00667728079312e+05 
1.37746251681590e-01 1.00615897395810e+05 
1.37875337800586e-01 1.00567036431593e+05 
1.38013012600982e-01 1.00514954591395e+05 
1.38157337633801e-01 1.00461450573319e+05 
1.38295779693423e-01 1.00411580249980e+05 
1.38433627678335e-01 1.00362832607381e+05 
1.38576476972410e-01 1.00312759963369e+05 
1.38716286009521e-01 1.00262882578110e+05 
1.38861034338316e-01 1.00211382394558e+05 
1.39006024294064e-01 1.00160078762028e+05 
1.39152336178596e-01 1.00109592187565e+05 
1.39295600105412e-01 1.00059974502498e+05 
1.39444242932740e-01 1.00007816204290e+05 
1.39588464087073e-01 9.99559784489001e+04 
1.39738867900395e-01 9.99010859445383e+04 
1.39889850562898e-01 9.98458016982473e+04 
1.40042003799861e-01 9.97905273415973e+04 
1.40196732685159e-01 9.97349887225138e+04 
1.40353857708462e-01 9.96794245949662e+04 
1.40513019098125e-01 9.96233544470132e+04 
1.40673618427888e-01 9.95675401540816e+04 
1.40834055059268e-01 9.95132845229968e+04 
1.40994442842334e-01 9.94631172014880e+04 
1.41154796726089e-01 9.94159195313395e+04 
1.41315201297473e-01 9.93714914414879e+04 
1.41475653915935e-01 9.93288477360269e+04 
1.41636056978670e-01 9.92890232489412e+04 
1.41796312372885e-01 9.92530189215677e+04 
1.41956507340021e-01 9.92203636180911e+04 
1.42116695983266e-01 9.91904804400992e+04 
1.42276959065038e-01 9.91629827080206e+04 
1.42437297551068e-01 9.91365670249546e+04 
1.42597633603160e-01 9.91116753105176e+04 
1.42757898927725e-01 9.90885310590460e+04 
1.42918159127961e-01 9.90672889178713e+04 
1.43078442224167e-01 9.90479551907385e+04 
1.43238808007286e-01 9.90304090683213e+04 
1.43399268117305e-01 9.90138524001138e+04 
1.43559715256649e-01 9.89986440484599e+04 
1.43720070871778e-01 9.89850831711719e+04 
1.43880422133288e-01 9.89718511855666e+04 
1.44040784655825e-01 9.89611576252416e+04 
1.44201215776967e-01 9.89520274607353e+04 
1.44361752579090e-01 9.89435187301026e+04 
1.44522272298380e-01 9.89349517448754e+04 
1.44682689796092e-01 9.89265506105399e+04 
1.44843112328801e-01 9.89178269599591e+04 
1.45003540320682e-01 9.89090827432514e+04 
1.45164029914859e-01 9.89001743174499e+04 
1.45324639105870e-01 9.88905172350729e+04 
1.45485232590398e-01 9.88811436718573e+04 
1.45645719774751e-01 9.88713039310244e+04 
1.45806222885593e-01 9.88664888734081e+04 
1.45966726334516e-01 9.88652812004451e+04 
1.46127284880603e-01 9.88675813139713e+04 
1.46287971766146e-01 9.88725824700662e+04 
1.46448647011484e-01 9.88786935684751e+04 
1.46609216760121e-01 9.88890287466386e+04 
1.46769820747538e-01 9.89011226321210e+04 
1.46927638140739e-01 9.89157110895788e+04 
1.47088303118939e-01 9.89339373408014e+04 
1.47244479622586e-01 9.89556517534346e+04 
1.47405270918091e-01 9.89821721095504e+04 
1.47565955019156e-01 9.90125451366605e+04 
1.47726679550619e-01 9.90454672206749e+04 
1.47887398504554e-01 9.90809788279322e+04 
1.48045513066102e-01 9.91178109635578e+04 
1.48200573148816e-01 9.91548868174330e+04 
1.48357131471213e-01 9.91918026061509e+04 
1.48516404142678e-01 9.92293670458358e+04 
1.48677232245151e-01 9.92656241293742e+04 
1.48838046236521e-01 9.92984597799107e+04 
1.48998912679187e-01 9.93282752335629e+04 
1.49159906720455e-01 9.93527643157884e+04 
1.49320890218444e-01 9.93726010550782e+04 
1.49481768119209e-01 9.93917113840575e+04 
1.49642691934455e-01 9.94057437408763e+04 
1.49803594361049e-01 9.94197659931517e+04 
1.49964550479195e-01 9.94307530864620e+04 
1.50121245486842e-01 9.94384776944603e+04 
1.50282307611821e-01 9.94436619780056e+04 
1.50443257339536e-01 9.94455992480563e+04 
1.50604246465173e-01 9.94444191377061e+04 
1.50765190047033e-01 9.94407123544099e+04 
1.50926195449261e-01 9.94361113707580e+04 
1.51087188244326e-01 9.94317329738255e+04 
1.51248307884056e-01 9.94280243138686e+04 
1.51409325850927e-01 9.94273180144716e+04 
1.51570401522115e-01 9.94302945880920e+04 
1.51731240600782e-01 9.94370622348029e+04 
1.51892264288047e-01 9.94486682909072e+04 
1.52053166336731e-01 9.94662444901229e+04 
1.52214413728188e-01 9.94895977572460e+04 
1.52375562213156e-01 9.95147064756465e+04 
1.52536767987966e-01 9.95429670939763e+04 
1.52697498451143e-01 9.95721333419864e+04 
1.52858431320234e-01 9.96029053313266e+04 
1.53019229923360e-01 9.96356728249293e+04 
1.53180604492514e-01 9.96700824629755e+04 
1.53341692905274e-01 9.97059918047642e+04 
1.53503046154516e-01 9.97417400919583e+04 
1.53663710188091e-01 9.97780935575034e+04 
1.53824605259187e-01 9.98146597065470e+04 
1.53985363261419e-01 9.98515866811032e+04 
1.54134681961755e-01 9.98859980636590e+04 
1.54292562886577e-01 9.99227718580758e+04 
1.54454144012937e-01 9.99603389723605e+04 
1.54608431592603e-01 9.99969243301604e+04 
1.54768054102811e-01 1.00035560518155e+05 
1.54923214605818e-01 1.00073845921475e+05 
1.55084101908896e-01 1.00114732948256e+05 
1.55245231108888e-01 1.00157066791352e+05 
1.55407022711153e-01 1.00200676342467e+05 
1.55567712846702e-01 1.00245147102972e+05 
1.55728669225918e-01 1.00290872988092e+05 
1.55883318317665e-01 1.00335579752621e+05 
1.56045063883790e-01 1.00382702934291e+05 
1.56206277229659e-01 1.00429453055196e+05 
1.56368025668844e-01 1.00474989904872e+05 
1.56524653211940e-01 1.00518297018925e+05 
1.56685552509413e-01 1.00560423408992e+05 
1.56846227060316e-01 1.00598745764021e+05 
1.57007829024209e-01 1.00636345456718e+05 
1.57168606432418e-01 1.00666316835310e+05 
1.57330079345018e-01 1.00690314710403e+05 
1.57485284701842e-01 1.00708155039441e+05 
1.57645664559777e-01 1.00721038871062e+05 
1.57805956222755e-01 1.00727328303116e+05 
1.57967476718185e-01 1.00733453576229e+05 
1.58128385641735e-01 1.00737381195384e+05 
1.58289911279543e-01 1.00738358547938e+05 
1.58450415062220e-01 1.00737374590936e+05 
1.58611258543309e-01 1.00732740919013e+05 
1.58771955831262e-01 1.00723927375613e+05 
1.58933802600479e-01 1.00712147692555e+05 
1.59095047465714e-01 1.00698916431654e+05 
1.59256950877232e-01 1.00684559260784e+05 
1.59417737335855e-01 1.00670114290102e+05 
1.59578851257686e-01 1.00655743391567e+05 
1.59739810899674e-01 1.00641404602286e+05 
1.59901966802475e-01 1.00627515545749e+05 
1.60063544385261e-01 1.00614832633248e+05 
1.60205134729534e-01 1.00604648734718e+05 
1.60353563445058e-01 1.00595233689683e+05 
1.60509615404656e-01 1.00586332224488e+05 
1.60647712452734e-01 1.00578942583398e+05 
1.60792726834120e-01 1.00571570492551e+05 
1.60945044464971e-01 1.00564293720482e+05 
1.61089767368916e-01 1.00557213229237e+05 
1.61242179666914e-01 1.00549897227015e+05 
1.61385871283882e-01 1.00543842285198e+05 
1.61538132803408e-01 1.00537726722354e+05 
1.61683855958260e-01 1.00531255687579e+05 
1.61839350348106e-01 1.00524676787050e+05 
1.61995362199738e-01 1.00521056242660e+05 
1.62138235870645e-01 1.00518180274150e+05 
1.62288016156623e-01 1.00516412945395e+05 
1.62436061359536e-01 1.00515428513640e+05 
1.62585363320466e-01 1.00515800064144e+05 
1.62746494098034e-01 1.00515648355078e+05 
1.62898912103296e-01 1.00515835940622e+05 
1.63038265947388e-01 1.00516570388679e+05 
1.63183507037786e-01 1.00518543306672e+05 
1.63333372215477e-01 1.00521355762464e+05 
1.63475342583544e-01 1.00525054790335e+05 
1.63623407514469e-01 1.00530472903046e+05 
1.63774485494243e-01 1.00537281188764e+05 
1.63915138116465e-01 1.00545707718600e+05 
1.64062066184706e-01 1.00555529435985e+05 
1.64211205089845e-01 1.00565669392855e+05 
1.64352810483548e-01 1.00574765382753e+05 
1.64503258639346e-01 1.00583907609725e+05 
1.64650506511754e-01 1.00592921294058e+05 
1.64795854107419e-01 1.00600184307451e+05 
1.64941970343330e-01 1.00606513913063e+05 
1.65096579012658e-01 1.00607731010358e+05 
1.65244745220227e-01 1.00605076095091e+05 
1.65400929257763e-01 1.00597982474826e+05 
1.65565332107158e-01 1.00586782589748e+05 
1.65710571200396e-01 1.00574275831183e+05 
1.65868173701362e-01 1.00558722410750e+05 
1.66022937733509e-01 1.00539068223856e+05 
1.66176900840858e-01 1.00514860662557e+05 
1.66336936802977e-01 1.00483146065643e+05 
1.66501737208128e-01 1.00443901478389e+05 
1.66651758571818e-01 1.00403064889082e+05 
1.66811608315754e-01 1.00355275300830e+05 
1.66976612697104e-01 1.00302013498161e+05 
1.67137790315550e-01 1.00247639383347e+05 
1.67302942412451e-01 1.00190230170257e+05 
1.67468166561004e-01 1.00133444433333e+05 
1.67627828376523e-01 1.00082230056543e+05 
1.67793222724326e-01 1.00030772931384e+05 
1.67958679355825e-01 9.99826981263699e+04 
1.68124230657625e-01 9.99454017715954e+04 
1.68289844093442e-01 9.99157695426723e+04 
1.68455536079328e-01 9.98953219178464e+04 
1.68621246603141e-01 9.98830729008221e+04 
1.68787118534361e-01 9.98719305181950e+04 
1.68953054156992e-01 9.98614135531629e+04 
1.69119083327685e-01 9.98526369935464e+04 
1.69285174018182e-01 9.98471405983539e+04 
1.69451341084916e-01 9.98464267759154e+04 
1.69617523058585e-01 9.98495399482088e+04 
1.69783858358236e-01 9.98527964643023e+04 
1.69950255366301e-01 9.98553850432387e+04 
1.70116744282448e-01 9.98569964112814e+04 
1.70252291779597e-01 9.98572842165785e+04 
1.70400027024066e-01 9.98574871651745e+04 
1.70527267095717e-01 9.98557850562651e+04 
1.70666818060037e-01 9.98535439132433e+04 
1.70797939075394e-01 9.98482865977231e+04 
1.70940061098861e-01 9.98382604439092e+04 
1.71088142677518e-01 9.98244273985320e+04 
1.71228007705155e-01 9.98089984694840e+04 
1.71368728074041e-01 9.97909042551567e+04 
1.71507714024707e-01 9.97715844895462e+04 
1.71648999424701e-01 9.97508442062985e+04 
1.71793775440392e-01 9.97286164936068e+04 
1.71940326654288e-01 9.97065286640602e+04 
1.72090508542848e-01 9.96851052759693e+04 
1.72219514576156e-01 9.96675163065639e+04 
1.72359210710277e-01 9.96491238332414e+04 
1.72504629050718e-01 9.96280587523625e+04 
1.72657426054253e-01 9.96081329160210e+04 
1.72804163565951e-01 9.95912958486300e+04 
1.72952781070974e-01 9.95779354703091e+04 
1.73108298279993e-01 9.95656347298401e+04 
1.73266670120926e-01 9.95543828624786e+04 
1.73413244810979e-01 9.95444251391336e+04 
1.73557678665841e-01 9.95352611660017e+04 
1.73708564857863e-01 9.95264677047879e+04 
1.73866611787292e-01 9.95183513011238e+04 
1.74010266947384e-01 9.95116506678893e+04 
1.74159910544307e-01 9.95051184171967e+04 
1.74316272433696e-01 9.94971754691030e+04 
1.74462831231774e-01 9.94893298993929e+04 
1.74616052630208e-01 9.94811540743264e+04 
1.74776790317662e-01 9.94727207168670e+04 
1.74921456571938e-01 9.94649792840831e+04 
1.75073713239642e-01 9.94568641258897e+04 
1.75234028460383e-01 9.94472966228036e+04 
1.75397748439431e-01 9.94367998029770e+04 
1.75565691492398e-01 9.94262190441096e+04 
1.75733677121916e-01 9.94163959467060e+04 
1.75895501260808e-01 9.94077271204822e+04 
1.76063538210765e-01 9.93999873735082e+04 
1.76228053552387e-01 9.93914255014147e+04 
1.76396015303412e-01 9.93832834001854e+04 
1.76563931863310e-01 9.93762546704313e+04 
1.76731868210422e-01 9.93687699418765e+04 
1.76899860003739e-01 9.93620898635772e+04 
1.77067833227932e-01 9.93549327908242e+04 
1.77235698464355e-01 9.93452740489733e+04 
1.77403468263177e-01 9.93346146327245e+04 
1.77571192943725e-01 9.93229835426862e+04 
1.77738936705854e-01 9.93103824556067e+04 
1.77897665572256e-01 9.92980334807691e+04 
1.78065468711211e-01 9.92843581474480e+04 
1.78233185978451e-01 9.92691852818957e+04 
1.78400815834098e-01 9.92541952494465e+04 
1.78568410588421e-01 9.92397155444869e+04 
1.78736024649352e-01 9.92264443434340e+04 
1.78903705506575e-01 9.92139486867900e+04 
1.79071391823876e-01 9.92020676646185e+04 
1.79230368988546e-01 9.91908596090971e+04 
1.79397908470663e-01 9.91804529028510e+04 
1.79565419995377e-01 9.91718300230320e+04 
1.79732950538301e-01 9.91655628817904e+04 
1.79900539017308e-01 9.91617728746412e+04 
1.80068134412787e-01 9.91600978668206e+04 
1.80235696021612e-01 9.91585289519902e+04 
1.80403195056072e-01 9.91573568455070e+04 
1.80570693270255e-01 9.91573130336685e+04 
1.80738223623967e-01 9.91590752493944e+04 
1.80905808890332e-01 9.91613951600661e+04 
1.81073414552148e-01 9.91641396914264e+04 
1.81240950344282e-01 9.91660563690837e+04 
1.81408432535061e-01 9.91665248850192e+04 
1.81575897618240e-01 9.91669743050896e+04 
1.81743390636990e-01 9.91669028489001e+04 
1.81910952117075e-01 9.91657492815074e+04 
1.82078527734925e-01 9.91639827291314e+04 
1.82246049823828e-01 9.91615098416774e+04 
1.82413519209379e-01 9.91581015942308e+04 
1.82580976900071e-01 9.91570176543929e+04 
1.82748467904917e-01 9.91563762236885e+04 
1.82889361855280e-01 9.91559507062614e+04 
1.83041502124771e-01 9.91565231353422e+04 
1.83204315741990e-01 9.91569598914844e+04 
1.83354327613202e-01 9.91567344258115e+04 
1.83508931145279e-01 9.91582754827012e+04 
1.83675654464219e-01 9.91615785586775e+04 
1.83843309753028e-01 9.91655095395593e+04 
1.83995408183622e-01 9.91707399626944e+04 
1.84162716457275e-01 9.91789109887672e+04 
1.84330375576348e-01 9.91892523021007e+04 
1.84490733275065e-01 9.92036927721933e+04 
1.84658432218665e-01 9.92239081017077e+04 
1.84826223804190e-01 9.92467188340515e+04 
1.84994079965429e-01 9.92717042473459e+04 
1.85138145511687e-01 9.92944150248476e+04 
1.85288162388730e-01 9.93188850087008e+04 
1.85444564906150e-01 9.93453788632814e+04 
1.85608321154308e-01 9.93729194065076e+04 
1.85752218819693e-01 9.93972192923456e+04 
1.85902803206522e-01 9.94222115815431e+04 
1.86060237573931e-01 9.94477462060434e+04 
1.86207968845220e-01 9.94716946888085e+04 
1.86362221854921e-01 9.94966958397272e+04 
1.86524052565535e-01 9.95228398107382e+04 
1.86670257591651e-01 9.95468844857797e+04 
1.86824052095160e-01 9.95728285255929e+04 
1.86972256116276e-01 9.95979343628163e+04 
1.87122586820857e-01 9.96235168154602e+04 
1.87281002204967e-01 9.96505718377879e+04 
1.87448069947567e-01 9.96788899504690e+04 
1.87596183472055e-01 9.97030005782187e+04 
1.87754063654301e-01 9.97265947600947e+04 
1.87921736015668e-01 9.97485304827604e+04 
1.88076353033208e-01 9.97656115824964e+04 
1.88242098421154e-01 9.97804374338944e+04 
1.88410318442220e-01 9.97913781787664e+04 
1.88561689937630e-01 9.97965232382475e+04 
1.88728158775671e-01 9.97995345619989e+04 
1.88896383879462e-01 9.98001489194353e+04 
1.89055642548884e-01 9.97982152601682e+04 
1.89221891280834e-01 9.97929222252753e+04 
1.89390122512796e-01 9.97836113629598e+04 
1.89550042759680e-01 9.97708179302056e+04 
1.89718280164676e-01 9.97523104355257e+04 
1.89886519555038e-01 9.97285044389043e+04 
1.90054762644955e-01 9.97011224353636e+04 
1.90223008303944e-01 9.96702928404534e+04 
1.90391256216964e-01 9.96373164563281e+04 
1.90556772301816e-01 9.96038184724147e+04 
1.90725027825214e-01 9.95682767470048e+04 
1.90893286060820e-01 9.95308661495631e+04 
1.91061549076438e-01 9.94926739233533e+04 
1.91229816622965e-01 9.94548448872776e+04 
1.91398087885095e-01 9.94182232728910e+04 
1.91566360842929e-01 9.93830082693551e+04 
1.91734642070795e-01 9.93506488553818e+04 
1.91902927194593e-01 9.93207692592308e+04 
1.92070842974402e-01 9.92921220425404e+04 
1.92239140564810e-01 9.92682934366576e+04 
1.92407443311289e-01 9.92489202141557e+04 
1.92575749513827e-01 9.92326095022310e+04 
1.92744065143214e-01 9.92186335442540e+04 
1.92912386548439e-01 9.92053881389354e+04 
1.93074917400918e-01 9.91940574196254e+04 
1.93243255165822e-01 9.91855929853845e+04 
1.93411600365890e-01 9.91783186793390e+04 
1.93572615131383e-01 9.91724884883930e+04 
1.93740977231841e-01 9.91662930170868e+04 
1.93906378157883e-01 9.91597505936903e+04 
1.94074758545277e-01 9.91531562860238e+04 
1.94239139237057e-01 9.91477704386771e+04 
1.94407534641647e-01 9.91433998972449e+04 
1.94575844093679e-01 9.91398582403506e+04 
1.94744140076408e-01 9.91372362754033e+04 
1.94904882862307e-01 9.91321209437608e+04 
1.95063622371026e-01 9.91298245273804e+04 
1.95231975215555e-01 9.91301836268676e+04 
1.95400337142418e-01 9.91332075444021e+04 
1.95568640561412e-01 9.91378469980710e+04 
1.95732805986220e-01 9.91446110776895e+04 
1.95901252060341e-01 9.91523442944636e+04 
1.96068500997497e-01 9.91613382816154e+04 
1.96237007532176e-01 9.91735958169943e+04 
1.96405536434834e-01 9.91891774254416e+04 
1.96573541109709e-01 9.92058558365291e+04 
1.96742119078561e-01 9.92239827128173e+04 
1.96910308564494e-01 9.92418502008590e+04 
1.97053955636702e-01 9.92580475933382e+04 
1.97211967416130e-01 9.92769957324296e+04 
1.97365296289688e-01 9.92971881564562e+04 
1.97533031837368e-01 9.93193804199623e+04 
1.97680411930438e-01 9.93383339620416e+04 
1.97836694724203e-01 9.93579889230885e+04 
1.97999723354142e-01 9.93777293356732e+04 
1.98167243832269e-01 9.93963591690805e+04 
1.98335924871252e-01 9.94139602738352e+04 
1.98501612499647e-01 9.94309208835284e+04 
1.98670340394994e-01 9.94476164153742e+04 
1.98837900605075e-01 9.94623323589417e+04 
1.99006375691837e-01 9.94748472745119e+04 
1.99174976195246e-01 9.94891106451742e+04 
1.99336272224380e-01 9.95041510702964e+04 
1.99503337655857e-01 9.95210739760215e+04 
1.99666396083657e-01 9.95384814733111e+04 
1.99833611079852e-01 9.95558755306182e+04 
2.00001167406816e-01 9.95729394787486e+04 
2.00169330813484e-01 9.95898747560738e+04 
