# Liste des scalaires : TEMPS pmat 
0.00000000000000e+00 1.00000000000000e+05 
5.42217668469038e-05 1.00000000000000e+05 
8.99678343727037e-05 1.00000000000000e+05 
1.29149000998790e-04 1.00000000000000e+05 
1.68661914738954e-04 1.00000000000000e+05 
2.09502814449375e-04 1.00000000000000e+05 
2.49018759030199e-04 1.00000000000000e+05 
2.89156549738199e-04 1.00000000000000e+05 
3.29222383702702e-04 1.00000000000000e+05 
3.69987191530603e-04 1.00000000000000e+05 
4.11094834906351e-04 1.00000000000000e+05 
4.52490196731694e-04 1.00000000000000e+05 
4.94720455298434e-04 1.00000000000000e+05 
5.37458283897381e-04 1.00000000000000e+05 
5.80359657296703e-04 1.00000000000000e+05 
6.24015664849492e-04 1.00000000000000e+05 
6.68637308981259e-04 1.00000000000000e+05 
7.13475820594128e-04 1.00000000000000e+05 
7.58910406488274e-04 1.00000000000000e+05 
8.05474011758231e-04 1.00000000000000e+05 
8.52098674179350e-04 1.00000000000000e+05 
8.99112244673729e-04 1.00000000000000e+05 
9.47151446470792e-04 1.00000000000000e+05 
9.96203128233120e-04 1.00000000000000e+05 
1.04563644681001e-03 1.00000000000000e+05 
1.09604886868119e-03 1.00000000000000e+05 
1.14772230628333e-03 1.00000000000000e+05 
1.20048684453668e-03 1.00000000000000e+05 
1.25418917821813e-03 1.00000000000000e+05 
1.30854557177267e-03 1.00000000000000e+05 
1.36411536488718e-03 1.00000000000000e+05 
1.42019876277324e-03 1.00000000000000e+05 
1.47714676140736e-03 1.00000000000000e+05 
1.53486954647566e-03 1.00000000000000e+05 
1.59300313286962e-03 1.00000000000000e+05 
1.65200898158508e-03 1.00000000000000e+05 
1.71230828568354e-03 1.00000000000000e+05 
1.77333474721442e-03 1.00000000000000e+05 
1.83496260497373e-03 1.00000000000000e+05 
1.89725295859797e-03 1.00000000000000e+05 
1.96122366105347e-03 1.00000000000000e+05 
2.02593758738706e-03 1.00000000000000e+05 
2.09111110070057e-03 1.00000000000000e+05 
2.15751981209782e-03 1.00000000000000e+05 
2.22571320157008e-03 1.00000000000000e+05 
2.29457365023924e-03 1.00000000000000e+05 
2.36418752473520e-03 1.00000000000000e+05 
2.43322903565967e-03 1.00000000000000e+05 
2.50274065408399e-03 1.00000000000000e+05 
2.57345823302668e-03 1.00000000000000e+05 
2.64551953690126e-03 1.00000000000000e+05 
2.71717836767655e-03 1.00000000000000e+05 
2.79019189668118e-03 1.00000000000000e+05 
2.86216281459909e-03 1.00000000000000e+05 
2.93523890728322e-03 1.00000000000000e+05 
3.00930758645777e-03 1.00000000000000e+05 
3.08352401290452e-03 1.00000000000000e+05 
3.15690141763123e-03 1.00000000000000e+05 
3.23113019091209e-03 1.00000000000000e+05 
3.30458122989054e-03 1.00000000000000e+05 
3.37870855304183e-03 1.00000000000000e+05 
3.45352071213220e-03 1.00000000000000e+05 
3.52861899633072e-03 1.00000000000000e+05 
3.60480555997999e-03 1.00000000000000e+05 
3.68055498741086e-03 1.00000000000000e+05 
3.75688525315755e-03 1.00000000000000e+05 
3.83378996317778e-03 1.00000000000000e+05 
3.91062362487604e-03 1.00000000000000e+05 
3.98876869591245e-03 1.00000000000000e+05 
4.06768622604709e-03 1.00000000000000e+05 
4.14616220937965e-03 1.00000000000000e+05 
4.22403034912228e-03 1.00000000000000e+05 
4.30283962049987e-03 1.00000000000000e+05 
4.38273562903723e-03 1.00000000000000e+05 
4.46291836118648e-03 1.00000000000000e+05 
4.54344453102787e-03 1.00000000000000e+05 
4.62302308185564e-03 1.00000000000000e+05 
4.70381214809419e-03 1.00000000000000e+05 
4.78584493653903e-03 1.00000000000000e+05 
4.86813724783435e-03 1.00000000000000e+05 
4.94882804946203e-03 1.00000000000000e+05 
5.03052182553667e-03 1.00000000000000e+05 
5.11358149591266e-03 1.00000000000000e+05 
5.19756441753227e-03 1.00000000000000e+05 
5.28207186933169e-03 1.00000000000000e+05 
5.36541291395091e-03 1.00000000000000e+05 
5.44986856311099e-03 1.00000000000000e+05 
5.53531133508488e-03 1.00000000000000e+05 
5.62132329379496e-03 1.00000000000000e+05 
5.70568484990262e-03 1.00000000000000e+05 
5.79098023822229e-03 1.00000000000000e+05 
5.87748764048648e-03 1.00000000000000e+05 
5.96522064968927e-03 1.00000000000000e+05 
6.05347105297865e-03 1.00000000000000e+05 
6.14109722963549e-03 1.00000000000000e+05 
6.22963140851218e-03 1.00000000000000e+05 
6.31923490472596e-03 1.00000000000000e+05 
6.40941282421465e-03 1.00000000000000e+05 
6.50003280904707e-03 1.00000000000000e+05 
6.59121483668869e-03 1.00000000000000e+05 
6.68304489935300e-03 1.00000000000000e+05 
6.77562267179935e-03 1.00000000000000e+05 
6.86847102602418e-03 1.00000000000000e+05 
6.96174068598245e-03 1.00000000000000e+05 
7.05562104912069e-03 1.00000000000000e+05 
7.15023631369232e-03 1.00000000000000e+05 
7.24585574851549e-03 1.00000000000000e+05 
7.34167023486949e-03 1.00000000000000e+05 
7.43783994113075e-03 1.00000000000000e+05 
7.53448673161017e-03 1.00000000000000e+05 
7.63184726670595e-03 1.00000000000000e+05 
7.73009245357090e-03 1.00000000000000e+05 
7.82936148521569e-03 1.00000000000000e+05 
7.92881936090503e-03 1.00000000000000e+05 
8.02865657007197e-03 1.00000000000000e+05 
8.12860677470726e-03 1.00000000000000e+05 
8.22838509007777e-03 1.00000000000000e+05 
8.32740394481008e-03 1.00000000000000e+05 
8.42674040297411e-03 1.00000000000000e+05 
8.52544652352382e-03 1.00000000000000e+05 
8.62400006423904e-03 1.00000000000000e+05 
8.72250838513718e-03 1.00000000000000e+05 
8.82083085442116e-03 1.00000000000000e+05 
8.91925764556280e-03 1.00000000000000e+05 
9.01806893330923e-03 1.00000000000000e+05 
9.11708019966555e-03 1.00000000000000e+05 
9.21652897979869e-03 1.00000000000000e+05 
9.31635099217753e-03 1.00000000000000e+05 
9.41603723099410e-03 1.00000000000000e+05 
9.51587357257437e-03 1.00000000000000e+05 
9.61598240215149e-03 1.00000000000000e+05 
9.71629711507922e-03 1.00000000000000e+05 
9.81689129963719e-03 1.00000000000000e+05 
9.91773703274326e-03 1.00000000000000e+05 
1.00184635130506e-02 1.00000000000000e+05 
1.01194075733782e-02 1.00000000000000e+05 
1.02207916662654e-02 1.00000000000000e+05 
1.03224625154253e-02 1.00000000000000e+05 
1.04243739964808e-02 1.00000000000000e+05 
1.05264995553243e-02 1.00000000000000e+05 
1.06288664962284e-02 1.00000000000000e+05 
1.07314734253543e-02 1.00000000000000e+05 
1.08343232565330e-02 1.00000000000000e+05 
1.09374446617817e-02 1.00000000000000e+05 
1.10408479456161e-02 1.00000000000000e+05 
1.11445271537225e-02 1.00000000000000e+05 
1.12484431203812e-02 1.00000000000000e+05 
1.13525567534277e-02 1.00000000000000e+05 
1.14568966591053e-02 1.00000000000000e+05 
1.15615021700467e-02 1.00000000000000e+05 
1.16664326647700e-02 1.00000000000000e+05 
1.17716835685859e-02 1.00000000000000e+05 
1.18772532560781e-02 1.00000000000000e+05 
1.19827332674636e-02 1.00000000000000e+05 
1.20884409924767e-02 1.00000000000000e+05 
1.21943967602695e-02 1.00000000000000e+05 
1.23005833369438e-02 1.00000000000000e+05 
1.24068768914387e-02 1.00000000000000e+05 
1.25131431113652e-02 1.00000000000000e+05 
1.26195388814896e-02 1.00000000000000e+05 
1.27261575984273e-02 1.00000000000000e+05 
1.28329322267009e-02 1.00000000000000e+05 
1.29398076957572e-02 1.00000000000000e+05 
1.30467565509812e-02 1.00000000000000e+05 
1.31536735103016e-02 1.00000000000000e+05 
1.32607767800614e-02 1.00000000000000e+05 
1.33682155275161e-02 1.00000000000000e+05 
1.34758841177094e-02 1.00000000000000e+05 
1.35837213123291e-02 1.00000000000000e+05 
1.36916718845696e-02 1.00000000000000e+05 
1.37996778310141e-02 1.00000000000000e+05 
1.39077872406775e-02 1.00000000000000e+05 
1.40160426639847e-02 1.00000000000000e+05 
1.41245432087941e-02 1.00000000000000e+05 
1.42333662688660e-02 1.00000000000000e+05 
1.43418277764373e-02 1.00000000000000e+05 
1.44503489186217e-02 1.00000000000000e+05 
1.45589051576107e-02 1.00000000000000e+05 
1.46674787802936e-02 1.00000000000000e+05 
1.47760804844004e-02 1.00000000000000e+05 
1.48846471290103e-02 1.00000000000000e+05 
1.49932009114686e-02 1.00000000000000e+05 
1.51017247593091e-02 1.00000000000000e+05 
1.52102449913466e-02 1.00000000000000e+05 
1.53187769377755e-02 1.00000000000000e+05 
1.54273213251182e-02 1.00000000000000e+05 
1.55358359012736e-02 1.00000000000000e+05 
1.56443368090827e-02 1.00000000000000e+05 
1.57528084165176e-02 1.00000000000000e+05 
1.58612927707391e-02 1.00000000000000e+05 
1.59698296339501e-02 1.00000000000000e+05 
1.60784240853779e-02 1.00000000000000e+05 
1.61870576651925e-02 1.00000000000000e+05 
1.62958281939087e-02 1.00000000000000e+05 
1.64046324713076e-02 1.00000000000000e+05 
1.65136008902614e-02 1.00000000000000e+05 
1.66227935314142e-02 1.00000000000000e+05 
1.67322285145342e-02 1.00000000000000e+05 
1.68419317477342e-02 1.00000000000000e+05 
1.69517578634040e-02 1.00000000000000e+05 
1.70615621851118e-02 1.00000000000000e+05 
1.71714456728392e-02 1.00000000000000e+05 
1.72814512910521e-02 1.00000000000000e+05 
1.73916028294087e-02 1.00000000000000e+05 
1.75017698263039e-02 1.00000000000000e+05 
1.76120852249386e-02 1.00000000000000e+05 
1.77225222016702e-02 1.00000000000000e+05 
1.78330793705957e-02 1.00000000000000e+05 
1.79437776641768e-02 1.00000000000000e+05 
1.80546295831594e-02 1.00000000000000e+05 
1.81655880198442e-02 1.00000000000000e+05 
1.82766637411117e-02 1.00000000000000e+05 
1.83878609743947e-02 1.00000000000000e+05 
1.84991288715425e-02 1.00000000000000e+05 
1.86105195570235e-02 1.00000000000000e+05 
1.87220884080000e-02 1.00000000000000e+05 
1.88338437307636e-02 1.00000000000000e+05 
1.89458157559315e-02 1.00000000000000e+05 
1.90580184081145e-02 1.00000000000000e+05 
1.91704239489116e-02 1.00000000000000e+05 
1.92830569797945e-02 1.00000000000000e+05 
1.93959143347819e-02 1.00000000000000e+05 
1.95089569775920e-02 1.00000000000000e+05 
1.96222202779286e-02 1.00000000000000e+05 
1.97356961364300e-02 1.00000000000000e+05 
1.98492583079175e-02 1.00000000000000e+05 
1.99630572875937e-02 1.00000000000000e+05 
2.00770853533328e-02 1.00000000000000e+05 
2.01913015201535e-02 1.00000000000000e+05 
2.03056717492080e-02 1.00000000000000e+05 
2.04201777063714e-02 1.00000000000000e+05 
2.05349593888448e-02 1.00000000000000e+05 
2.06497573639039e-02 1.00000000000000e+05 
2.07650529057842e-02 1.00000000000000e+05 
2.08805869734647e-02 1.00000000000000e+05 
2.09963525823887e-02 1.00000000000000e+05 
2.11122820155341e-02 1.00000000000000e+05 
2.12285721219437e-02 1.00000000000000e+05 
2.13451919466855e-02 1.00000000000000e+05 
2.14622281871336e-02 1.00000000000000e+05 
2.15795143486442e-02 1.00000000000000e+05 
2.16970081102417e-02 1.00000000000000e+05 
2.18147264073766e-02 1.00000000000000e+05 
2.19327508955434e-02 1.00000000000000e+05 
2.20511529322957e-02 1.00000000000000e+05 
2.21699035307494e-02 1.00000000000000e+05 
2.22893797342904e-02 1.00000000000000e+05 
2.24091642202716e-02 1.00000000000000e+05 
2.25289260939475e-02 1.00000000000000e+05 
2.26486387293131e-02 1.00000000000000e+05 
2.27685358092853e-02 1.00000000000000e+05 
2.28886138571551e-02 1.00000000000000e+05 
2.30088065034374e-02 1.00000000000000e+05 
2.31290861944909e-02 1.00000000000000e+05 
2.32492543094231e-02 1.00000000000000e+05 
2.33681413712922e-02 1.00000000000000e+05 
2.34872622660157e-02 1.00000000000000e+05 
2.36065670762458e-02 1.00000000000000e+05 
2.37259979270976e-02 1.00000000000000e+05 
2.38457005294902e-02 1.00000000000000e+05 
2.39656654885326e-02 1.00000000000000e+05 
2.40856810221198e-02 1.00000000000000e+05 
2.42090435790693e-02 1.00000000000000e+05 
2.43296698106312e-02 1.00000000000000e+05 
2.44504243748422e-02 1.00000000000000e+05 
2.45714611323994e-02 1.00000000000000e+05 
2.46927063183020e-02 1.00000000000000e+05 
2.48141106053598e-02 1.00000000000000e+05 
2.49360385546050e-02 1.00000000000000e+05 
2.50583038041899e-02 1.00000000000000e+05 
2.51807950835269e-02 1.00000000000000e+05 
2.53050484321797e-02 1.00000000000000e+05 
2.54290226684831e-02 1.00000000000000e+05 
2.55535378801489e-02 1.00000000000000e+05 
2.56782315150566e-02 1.00000000000000e+05 
2.58029929329498e-02 1.00000000000000e+05 
2.59267833737500e-02 1.00000000000000e+05 
2.60507893631840e-02 1.00000000000000e+05 
2.61750357759880e-02 1.00000000000000e+05 
2.63012059060634e-02 1.00000000000000e+05 
2.64259240053832e-02 1.00000000000000e+05 
2.65509526152606e-02 1.00000000000000e+05 
2.66762580515862e-02 1.00000000000000e+05 
2.68018024679522e-02 1.00000000000000e+05 
2.69276521269007e-02 1.00000000000000e+05 
2.70537619575278e-02 1.00000000000000e+05 
2.71799925090737e-02 1.00000000000000e+05 
2.73062206557137e-02 1.00000000000000e+05 
2.74324915544654e-02 1.00000000000000e+05 
2.75582613556196e-02 1.00000000000000e+05 
2.76843015209800e-02 1.00000000000000e+05 
2.78101797622911e-02 1.00000000000000e+05 
2.79358787255527e-02 1.00000000000000e+05 
2.80616550751321e-02 1.00000000000000e+05 
2.81882931807037e-02 1.00000000000000e+05 
2.83153195475081e-02 1.00000000000000e+05 
2.84424869608158e-02 1.00000000000000e+05 
2.85698720690549e-02 1.00000000000000e+05 
2.86971583451984e-02 1.00000000000000e+05 
2.88241831442744e-02 1.00000000000000e+05 
2.89513214148756e-02 1.00000000000000e+05 
2.90784331924115e-02 1.00000000000000e+05 
2.92055059555767e-02 1.00000000000000e+05 
2.93325967641170e-02 1.00000000000000e+05 
2.94596857177548e-02 1.00000000000000e+05 
2.95868168920117e-02 1.00000000000000e+05 
2.97140827218198e-02 1.00000000000000e+05 
2.98415309106423e-02 1.00000000000000e+05 
2.99691291836432e-02 1.00000000000000e+05 
3.00969966208050e-02 1.00000000000000e+05 
3.02248547508555e-02 1.00000000000000e+05 
3.03527127093813e-02 1.00000000000000e+05 
3.04806085179705e-02 1.00000000000000e+05 
3.06085110941933e-02 1.00000000000000e+05 
3.07363762680691e-02 1.00000000000000e+05 
3.08642980336472e-02 1.00000000000000e+05 
3.09923124138779e-02 1.00000000000000e+05 
3.11204552182314e-02 1.00000000000000e+05 
3.12489224303754e-02 1.00000000000000e+05 
3.13774458000707e-02 1.00000000000000e+05 
3.15059558627041e-02 1.00000000000000e+05 
3.16344697518377e-02 1.00000000000000e+05 
3.17629645225600e-02 1.00000000000000e+05 
3.18914601301851e-02 1.00000000000000e+05 
3.20199770099539e-02 1.00000000000000e+05 
3.21484936705826e-02 1.00000000000000e+05 
3.22769906927789e-02 1.00000000000000e+05 
3.24054765676575e-02 1.00000000000000e+05 
3.25338691765934e-02 1.00000000000000e+05 
3.26622153192492e-02 1.00000000000000e+05 
3.27906094970481e-02 1.00000000000000e+05 
3.29190646562930e-02 1.00000000000000e+05 
3.30475765317960e-02 1.00000000000000e+05 
3.31762884838814e-02 1.00000000000000e+05 
3.33052031269946e-02 1.00000000000000e+05 
3.34344574597202e-02 1.00000000000000e+05 
3.35638286832730e-02 1.00000000000000e+05 
3.36932161376050e-02 1.00000000000000e+05 
3.38226210473253e-02 1.00000000000000e+05 
3.39520741187080e-02 1.00000000000000e+05 
3.40815458237456e-02 1.00000000000000e+05 
3.42110429284886e-02 1.00000000000000e+05 
3.43405980364116e-02 1.00000000000000e+05 
3.44701895931780e-02 1.00000000000000e+05 
3.45997309607606e-02 1.00000000000000e+05 
3.47292638665398e-02 1.00000000000000e+05 
3.48587536766483e-02 1.00000000000000e+05 
3.49882370191520e-02 1.00000000000000e+05 
3.51178400432495e-02 1.00000000000000e+05 
3.52475781994517e-02 1.00000000000000e+05 
3.53774416238692e-02 1.00000000000000e+05 
3.55077679784815e-02 1.00000000000000e+05 
3.56383342023590e-02 1.00000000000000e+05 
3.57688610400921e-02 1.00000000000000e+05 
3.58994158552174e-02 1.00000000000000e+05 
3.60300047869851e-02 1.00000000000000e+05 
3.61606056309947e-02 1.00000000000000e+05 
3.62912643903443e-02 1.00000000000000e+05 
3.64219177712327e-02 1.00000000000000e+05 
3.65525600753636e-02 1.00000000000000e+05 
3.66832593150604e-02 1.00000000000000e+05 
3.68140113021937e-02 1.00000000000000e+05 
3.69447903870936e-02 1.00000000000000e+05 
3.70757331423234e-02 1.00000000000000e+05 
3.72068689288002e-02 1.00000000000000e+05 
3.73384283472708e-02 1.00000000000000e+05 
3.74705294309614e-02 1.00000000000000e+05 
3.76025608602913e-02 1.00000000000000e+05 
3.77345543455658e-02 1.00000000000000e+05 
3.78665939747092e-02 1.00000000000000e+05 
3.79986452172584e-02 1.00000000000000e+05 
3.81307296483336e-02 1.00000000000000e+05 
3.82629327255131e-02 1.00000000000000e+05 
3.83951350449779e-02 1.00000000000000e+05 
3.85272038043942e-02 1.00000000000000e+05 
3.86592488096087e-02 1.00000000000000e+05 
3.87913027040580e-02 1.00000000000000e+05 
3.89234041674978e-02 1.00000000000000e+05 
3.90558242869142e-02 1.00000000000000e+05 
3.91886093578792e-02 1.00000000000000e+05 
3.93213685004824e-02 1.00000000000000e+05 
3.94541350564207e-02 1.00000000000000e+05 
3.95868809240796e-02 1.00000000000000e+05 
3.97196511136983e-02 1.00000000000000e+05 
3.98524848805325e-02 1.00000000000000e+05 
3.99853607931855e-02 1.00000000000000e+05 
4.01180983073901e-02 1.00000000000000e+05 
4.02508054404321e-02 1.00000000000000e+05 
4.03835112347989e-02 1.00000000000000e+05 
4.05162572105709e-02 1.00000000000000e+05 
4.06491515024993e-02 1.00000000000000e+05 
4.07821530617464e-02 1.00000000000000e+05 
4.09152130350699e-02 1.00000000000000e+05 
4.10485098090230e-02 1.00000000000000e+05 
4.11822005625631e-02 1.00000000000000e+05 
4.13161853267452e-02 1.00000000000000e+05 
4.14502012464456e-02 1.00000000000000e+05 
4.15842531499577e-02 1.00000000000000e+05 
4.17183252185005e-02 1.00000000000000e+05 
4.18524273929752e-02 1.00000000000000e+05 
4.19865063789487e-02 1.00000000000000e+05 
4.21205690035699e-02 1.00000000000000e+05 
4.22547055261068e-02 1.00000000000000e+05 
4.23887634829438e-02 1.00000000000000e+05 
4.25226913118767e-02 1.00000000000000e+05 
4.26566668778263e-02 1.00000000000000e+05 
4.27907498970092e-02 1.00000000000000e+05 
4.29250618053180e-02 1.00000000000000e+05 
4.30597616542856e-02 1.00000000000000e+05 
4.31949909912332e-02 1.00000000000000e+05 
4.33302773264089e-02 1.00000000000000e+05 
4.34655998922020e-02 1.00000000010053e+05 
4.36009569265360e-02 1.00000000036458e+05 
4.37363847099650e-02 1.00000000088726e+05 
4.38719648246273e-02 1.00000000283663e+05 
4.40076746952832e-02 1.00000000535162e+05 
4.41433360324642e-02 1.00000000825550e+05 
4.42790475546487e-02 1.00000001139107e+05 
4.44148443605254e-02 1.00000001595842e+05 
4.45508493095675e-02 1.00000002109032e+05 
4.46871254787006e-02 1.00000002571927e+05 
4.48234671970280e-02 1.00000003089880e+05 
4.49597561335110e-02 1.00000003674803e+05 
4.50959771422777e-02 1.00000004378886e+05 
4.52321204548701e-02 1.00000005221845e+05 
4.53681963797902e-02 1.00000006235805e+05 
4.55042947440697e-02 1.00000007650801e+05 
4.56403439444839e-02 1.00000009650846e+05 
4.57762878965557e-02 1.00000012418070e+05 
4.59122672981916e-02 1.00000016163094e+05 
4.60485492948151e-02 1.00000021308241e+05 
4.61852139845090e-02 1.00000028125358e+05 
4.63223686401611e-02 1.00000036950721e+05 
4.64595590961260e-02 1.00000048119799e+05 
4.65967616876074e-02 1.00000062442473e+05 
4.67340596750755e-02 1.00000080724768e+05 
4.68713621515464e-02 1.00000103321366e+05 
4.70086854402719e-02 1.00000131000471e+05 
4.71460849486739e-02 1.00000164619775e+05 
4.72835402777727e-02 1.00000205077677e+05 
4.74208078054853e-02 1.00000253110416e+05 
4.75580177724524e-02 1.00000309800458e+05 
4.76952086806074e-02 1.00000375973600e+05 
4.78324316370487e-02 1.00000452630369e+05 
4.79698126690749e-02 1.00000540798984e+05 
4.81073081904652e-02 1.00000641158571e+05 
4.82448559963112e-02 1.00000754251381e+05 
4.83828098097170e-02 1.00000881117534e+05 
4.85212803649962e-02 1.00001022187002e+05 
4.86593368387335e-02 1.00001176955258e+05 
4.87974236201938e-02 1.00001345592439e+05 
4.89355831447583e-02 1.00001528074747e+05 
4.90734964140207e-02 1.00001723040289e+05 
4.92113564031396e-02 1.00001929903003e+05 
4.93492089157197e-02 1.00002147173640e+05 
4.94870784064979e-02 1.00002375132184e+05 
4.96250453901899e-02 1.00002612211028e+05 
4.97630155328362e-02 1.00002858381609e+05 
4.99011679142314e-02 1.00003110867401e+05 
5.00396457015534e-02 1.00003366820616e+05 
5.01785139650789e-02 1.00003636590552e+05 
5.03177336286620e-02 1.00003921223717e+05 
5.04573462803917e-02 1.00004221008868e+05 
5.05971522671479e-02 1.00004542116996e+05 
5.07372109639171e-02 1.00004909536673e+05 
5.08765203661665e-02 1.00005324298708e+05 
5.10159752695722e-02 1.00005802621917e+05 
5.11555799703425e-02 1.00006402114451e+05 
5.12950812824034e-02 1.00007125159768e+05 
5.14345657648772e-02 1.00008097071132e+05 
5.15740088508767e-02 1.00009373910192e+05 
5.17134948140927e-02 1.00011020811131e+05 
5.18529222852467e-02 1.00013201272098e+05 
5.19922467921528e-02 1.00016005726699e+05 
5.21315143773680e-02 1.00019566077299e+05 
5.22706531006697e-02 1.00024080891813e+05 
5.24095826441748e-02 1.00029725397461e+05 
5.25484831932869e-02 1.00036734496153e+05 
5.26874134856078e-02 1.00045325820353e+05 
5.28264262408755e-02 1.00055781246272e+05 
5.29658009512457e-02 1.00068407743365e+05 
5.31055483617301e-02 1.00083541721124e+05 
5.32455385348528e-02 1.00101478412421e+05 
5.33859322896177e-02 1.00122656342982e+05 
5.35263081991065e-02 1.00147374209089e+05 
5.36667148022239e-02 1.00175970616030e+05 
5.38072109596390e-02 1.00208834278396e+05 
5.39477856659855e-02 1.00246282215984e+05 
5.40881045995657e-02 1.00288561400244e+05 
5.42283389378203e-02 1.00336021766508e+05 
5.43685700465178e-02 1.00388947983378e+05 
5.45088686263898e-02 1.00447593198137e+05 
5.46493528252222e-02 1.00512230165641e+05 
5.47899514362779e-02 1.00582963517558e+05 
5.49305874237432e-02 1.00659815495779e+05 
5.50714456179526e-02 1.00742933826470e+05 
5.52127130604794e-02 1.00832403521360e+05 
5.53542470894488e-02 1.00928020975504e+05 
5.54959033913733e-02 1.01029514296621e+05 
5.56375964671174e-02 1.01136485482626e+05 
5.57790432003089e-02 1.01248346027814e+05 
5.59204815663152e-02 1.01364835538719e+05 
5.60619679255381e-02 1.01485287736979e+05 
5.62035114480992e-02 1.01609198490886e+05 
5.63451987745556e-02 1.01736311778584e+05 
5.64869394817910e-02 1.01865062673406e+05 
5.66288734947943e-02 1.01994695827985e+05 
5.67711538170419e-02 1.02124922071620e+05 
5.69138394463496e-02 1.02254041245014e+05 
5.70568762414942e-02 1.02382446292853e+05 
5.72003549206821e-02 1.02508548959161e+05 
5.73435327772555e-02 1.02630835545759e+05 
5.74867517067826e-02 1.02748318290104e+05 
5.76302172791885e-02 1.02860371256200e+05 
5.77738779967259e-02 1.02965929768986e+05 
5.79177144227734e-02 1.03063766003551e+05 
5.80615483140803e-02 1.03152784197972e+05 
5.82053984226484e-02 1.03234386954949e+05 
5.83492652634390e-02 1.03306204891133e+05 
5.84932244343760e-02 1.03368168071069e+05 
5.86370175993748e-02 1.03419640943545e+05 
5.87806924855399e-02 1.03459024939832e+05 
5.89243431325613e-02 1.03495824921563e+05 
5.90678297983423e-02 1.03521250027047e+05 
5.92111059431581e-02 1.03533761307029e+05 
5.93543416799843e-02 1.03536203192112e+05 
5.94975991221295e-02 1.03531693549284e+05 
5.96409167413276e-02 1.03520671291047e+05 
5.97843921707670e-02 1.03503333364326e+05 
5.99280724293215e-02 1.03478883523829e+05 
6.00720307064671e-02 1.03455148644985e+05 
6.02164394691440e-02 1.03432258342183e+05 
6.03613709752527e-02 1.03409688770412e+05 
6.05064491406698e-02 1.03387694524784e+05 
6.06516426389794e-02 1.03365222016646e+05 
6.07969342165378e-02 1.03341648871525e+05 
6.09422995970694e-02 1.03316433783666e+05 
6.10877774232192e-02 1.03288959504776e+05 
6.12333276457673e-02 1.03258848544467e+05 
6.13789496215580e-02 1.03225494475046e+05 
6.15245781253920e-02 1.03188892296404e+05 
6.16702322206404e-02 1.03149532772952e+05 
6.18158019250458e-02 1.03107225618281e+05 
6.19614763248718e-02 1.03062066114555e+05 
6.21072335261372e-02 1.03013996583652e+05 
6.22531126328309e-02 1.02962921108668e+05 
6.23992402926809e-02 1.02909197959009e+05 
6.25451493150209e-02 1.02853475475465e+05 
6.26909042794006e-02 1.02795561583476e+05 
6.28367738176576e-02 1.02735728403264e+05 
6.29825674867941e-02 1.02674350912862e+05 
6.31283893960119e-02 1.02611730392422e+05 
6.32742591590245e-02 1.02548091095933e+05 
6.34201498018177e-02 1.02483983711304e+05 
6.35659859084508e-02 1.02419935863655e+05 
6.37119138779872e-02 1.02356216277354e+05 
6.38580409360757e-02 1.02292394867606e+05 
6.40043879524893e-02 1.02229987070949e+05 
6.41510962566552e-02 1.02168890990646e+05 
6.42980542747077e-02 1.02109379167144e+05 
6.44450641204018e-02 1.02051890159245e+05 
6.45922392920001e-02 1.01994923193704e+05 
6.47397126673162e-02 1.01938878194757e+05 
6.48874809214294e-02 1.01883952253032e+05 
6.50355043422154e-02 1.01830124327866e+05 
6.51836345211182e-02 1.01777600212171e+05 
6.53315347014031e-02 1.01726528658475e+05 
6.54794881333043e-02 1.01676460322472e+05 
6.56274976912661e-02 1.01627078555985e+05 
6.57755654296104e-02 1.01578328410795e+05 
6.59237739161107e-02 1.01530002111788e+05 
6.60718042773078e-02 1.01482122035515e+05 
6.62195202259278e-02 1.01434490499287e+05 
6.63670779049403e-02 1.01386925202944e+05 
6.65145301054621e-02 1.01339130001444e+05 
6.66619228482689e-02 1.01291262905220e+05 
6.68093582957811e-02 1.01243286177630e+05 
6.69567777749607e-02 1.01195310935239e+05 
6.71041181272490e-02 1.01147188768261e+05 
6.72515293918016e-02 1.01098909064579e+05 
6.73992954845514e-02 1.01050177681669e+05 
6.75474757095131e-02 1.01001259741372e+05 
6.76961791817940e-02 1.00952545022790e+05 
6.78452451790304e-02 1.00904272628093e+05 
6.79944928282321e-02 1.00856232129170e+05 
6.81439301480573e-02 1.00808742165100e+05 
6.82933431172484e-02 1.00761941756977e+05 
6.84427784858050e-02 1.00715703566826e+05 
6.85923082500867e-02 1.00670268106925e+05 
6.87419271074507e-02 1.00625817210211e+05 
6.88914335324398e-02 1.00582596426182e+05 
6.90409123076975e-02 1.00540564421123e+05 
6.91904073433377e-02 1.00499901141359e+05 
6.93399510529176e-02 1.00460168944217e+05 
6.94896532473520e-02 1.00421527650302e+05 
6.96394256652349e-02 1.00384319542673e+05 
6.97892050346894e-02 1.00348602994421e+05 
6.99392044713231e-02 1.00314427087541e+05 
7.00892118947545e-02 1.00281592304131e+05 
7.02391911336080e-02 1.00250759101612e+05 
7.03891946729601e-02 1.00222029239087e+05 
7.05391062919716e-02 1.00195448385046e+05 
7.06888045075690e-02 1.00170665269991e+05 
7.08385477187512e-02 1.00147392094819e+05 
7.09884136849429e-02 1.00125295913584e+05 
7.11384318390351e-02 1.00104698917916e+05 
7.12886641918971e-02 1.00085500142858e+05 
7.14390002335809e-02 1.00067658116602e+05 
7.15895708357829e-02 1.00050968495705e+05 
7.17405132786807e-02 1.00035129362359e+05 
7.18918169497381e-02 1.00019733277157e+05 
7.20434563575883e-02 1.00004925672328e+05 
7.21954484979225e-02 9.99905822131924e+04 
7.23477058514610e-02 9.99766628909730e+04 
7.25002218936573e-02 9.99628679793864e+04 
7.26527827973293e-02 9.99489813571474e+04 
7.28055330210713e-02 9.99347148194328e+04 
7.29583837965232e-02 9.99203254575570e+04 
7.31112425843846e-02 9.99057037772584e+04 
7.32641229038505e-02 9.98907454449819e+04 
7.34168173694871e-02 9.98754490750135e+04 
7.35695661337688e-02 9.98601831177045e+04 
7.37223365401661e-02 9.98444268919304e+04 
7.38750701519142e-02 9.98285804843521e+04 
7.40276282231394e-02 9.98126806423915e+04 
7.41800621766209e-02 9.97972217873864e+04 
7.43322806522523e-02 9.97815916176990e+04 
7.44844559953258e-02 9.97656921460007e+04 
7.46366463212880e-02 9.97490473556764e+04 
7.47888846948167e-02 9.97320948629880e+04 
7.49412536696078e-02 9.97148815586948e+04 
7.50936955674168e-02 9.96980389223981e+04 
7.52461382052501e-02 9.96809521788360e+04 
7.53989031723107e-02 9.96638058458997e+04 
7.55521394854093e-02 9.96459514936692e+04 
7.57058363127470e-02 9.96279955868282e+04 
7.58600711089548e-02 9.96101028723451e+04 
7.60145595405729e-02 9.95929035193388e+04 
7.61691750569993e-02 9.95758830064967e+04 
7.63239239495797e-02 9.95591700609381e+04 
7.64787295504567e-02 9.95422695725969e+04 
7.66336070370588e-02 9.95256711241767e+04 
7.67886126267949e-02 9.95093995839910e+04 
7.69434767495065e-02 9.94939595586948e+04 
7.70981634850736e-02 9.94787679092592e+04 
7.72528325082497e-02 9.94641902327935e+04 
7.74075030317735e-02 9.94493420812289e+04 
7.75621851573084e-02 9.94347094464867e+04 
7.77169835982773e-02 9.94205334200750e+04 
7.78718276642534e-02 9.94075065737109e+04 
7.80266463494722e-02 9.93950791733474e+04 
7.81816048822871e-02 9.93831742046739e+04 
7.83359444506551e-02 9.93709551796675e+04 
7.84903524415632e-02 9.93590589518624e+04 
7.86448709946984e-02 9.93475364887007e+04 
7.87994572053027e-02 9.93367307237681e+04 
7.89539344691080e-02 9.93266040814171e+04 
7.91085494712825e-02 9.93173251743413e+04 
7.92633008779703e-02 9.93072651491396e+04 
7.94181872241422e-02 9.92970605520686e+04 
7.95734346112956e-02 9.92868267782241e+04 
7.97289526824755e-02 9.92768123842437e+04 
7.98845302631045e-02 9.92674248353584e+04 
8.00402765379174e-02 9.92579256464185e+04 
8.01963387375636e-02 9.92470908797802e+04 
8.03526867593076e-02 9.92357212637801e+04 
8.05093481449483e-02 9.92240582447906e+04 
8.06662505373001e-02 9.92131910871252e+04 
8.08233877276949e-02 9.92021151520803e+04 
8.09802264964042e-02 9.91910600071120e+04 
8.11372598440241e-02 9.91787784878934e+04 
8.12944860775997e-02 9.91662395032234e+04 
8.14516026752588e-02 9.91538188890928e+04 
8.16086708196741e-02 9.91426370683709e+04 
8.17655572367654e-02 9.91316122028000e+04 
8.19223932171104e-02 9.91210223630316e+04 
8.20790623282461e-02 9.91095060643659e+04 
8.22356395620413e-02 9.90979788025426e+04 
8.23921867719719e-02 9.90868496588964e+04 
8.25486366517742e-02 9.90772026465996e+04 
8.27049144154347e-02 9.90678150981553e+04 
8.28611849553331e-02 9.90588559878376e+04 
8.30174994973565e-02 9.90490487087108e+04 
8.31738731984997e-02 9.90393886617285e+04 
8.33304093022144e-02 9.90302219480947e+04 
8.34871281012542e-02 9.90224331159986e+04 
8.36440792523771e-02 9.90149131124579e+04 
8.38014655346351e-02 9.90078170366270e+04 
8.39593103165901e-02 9.89998013048572e+04 
8.41176357687573e-02 9.89916998093369e+04 
8.42762760016859e-02 9.89834920481359e+04 
8.44350472574428e-02 9.89770406860613e+04 
8.45939217308512e-02 9.89708598725687e+04 
8.47529297752068e-02 9.89652570362386e+04 
8.49119951972270e-02 9.89575532056044e+04 
8.50710908371558e-02 9.89508644597070e+04 
8.52300617758666e-02 9.89452199081735e+04 
8.53889428048322e-02 9.89413989233536e+04 
8.55475603107193e-02 9.89381590368504e+04 
8.57061449258217e-02 9.89357429010091e+04 
8.58647019171599e-02 9.89322445303963e+04 
8.60232650588290e-02 9.89294592582555e+04 
8.61817364816689e-02 9.89266440209913e+04 
8.63400602027836e-02 9.89249073960653e+04 
8.64980786351473e-02 9.89243074863073e+04 
8.66563025551360e-02 9.89239683002679e+04 
8.68146267003908e-02 9.89225902064294e+04 
8.69730756897852e-02 9.89214269590449e+04 
8.71317102093970e-02 9.89208983060562e+04 
8.72903686137699e-02 9.89209149918466e+04 
8.74488819289583e-02 9.89225577879804e+04 
8.76075505873720e-02 9.89244729673852e+04 
8.77665060678808e-02 9.89249092004291e+04 
8.79257204922651e-02 9.89253149519832e+04 
8.80852232309975e-02 9.89262373635880e+04 
8.82449166239822e-02 9.89277862508935e+04 
8.84047813496260e-02 9.89303733317158e+04 
8.85648118620542e-02 9.89337519235337e+04 
8.87249808783197e-02 9.89354908846321e+04 
8.88852197817268e-02 9.89372413605164e+04 
8.90456198286794e-02 9.89394191022894e+04 
8.92061375750338e-02 9.89422718304051e+04 
8.93664163275218e-02 9.89453696077536e+04 
8.95266952935697e-02 9.89497263193050e+04 
8.96869771443632e-02 9.89524815832635e+04 
8.98473578211794e-02 9.89551850203505e+04 
9.00079052454638e-02 9.89581794260330e+04 
9.01685386267995e-02 9.89619242152201e+04 
9.03287347585487e-02 9.89658421611796e+04 
9.04886392122102e-02 9.89702845268602e+04 
9.06484340419797e-02 9.89741306808282e+04 
9.08082104986573e-02 9.89779577104769e+04 
9.09680994718127e-02 9.89808373112588e+04 
9.11279796805696e-02 9.89863803650774e+04 
9.12876419790392e-02 9.89918852680528e+04 
9.14474029823578e-02 9.89976900780901e+04 
9.16074095790895e-02 9.90021765223399e+04 
9.17678016705443e-02 9.90060977017646e+04 
9.19287203394816e-02 9.90106515761127e+04 
9.20901157665160e-02 9.90178139021278e+04 
9.22519636468592e-02 9.90249550980613e+04 
9.24141251049132e-02 9.90323326653913e+04 
9.25763027394493e-02 9.90376238009144e+04 
9.27385164588175e-02 9.90429897644446e+04 
9.29009163321614e-02 9.90488169910103e+04 
9.30631887529653e-02 9.90571835495610e+04 
9.32250320517203e-02 9.90654189563706e+04 
9.33867451786504e-02 9.90738323139123e+04 
9.35484126002457e-02 9.90803733345649e+04 
9.37100931427529e-02 9.90867011714229e+04 
9.38719399221452e-02 9.90932020427904e+04 
9.40336220312840e-02 9.91018451519807e+04 
9.41949146194274e-02 9.91103519371840e+04 
9.43561163723428e-02 9.91190212633024e+04 
9.45174237212902e-02 9.91258903795136e+04 
9.46790308533222e-02 9.91325883039506e+04 
9.48409914084298e-02 9.91393537932122e+04 
9.50031468561276e-02 9.91477635241243e+04 
9.51650291199357e-02 9.91562068865933e+04 
9.53269354713012e-02 9.91647251821291e+04 
9.54888547129219e-02 9.91712828916540e+04 
9.56509563772573e-02 9.91778832055425e+04 
9.58133803015343e-02 9.91847748554252e+04 
9.59761007761574e-02 9.91934673233317e+04 
9.61368673707000e-02 9.92020989492474e+04 
9.63000219552921e-02 9.92111328267695e+04 
9.64633174914293e-02 9.92180517586125e+04 
9.66266533667549e-02 9.92251000543691e+04 
9.67900813505316e-02 9.92325821281827e+04 
9.69536488988601e-02 9.92420030356011e+04 
9.71171191294077e-02 9.92514773371307e+04 
9.72806368620271e-02 9.92611320100772e+04 
9.74441689007889e-02 9.92687851664813e+04 
9.76077961860398e-02 9.92766025263570e+04 
9.77715731475364e-02 9.92849756048896e+04 
9.79354116795906e-02 9.92954577975416e+04 
9.80991240399871e-02 9.93060232699733e+04 
9.82627367972555e-02 9.93168056123289e+04 
9.84262597467662e-02 9.93259987550671e+04 
9.85897836828881e-02 9.93355299991166e+04 
9.87533598388962e-02 9.93460169441501e+04 
9.89169321209880e-02 9.93573401550178e+04 
9.90802003964677e-02 9.93688855869025e+04 
9.92435386130240e-02 9.93810907828133e+04 
9.94069923966969e-02 9.93926122128264e+04 
9.95707676833161e-02 9.94044705390317e+04 
9.97350311668988e-02 9.94172696260981e+04 
9.98996904675769e-02 9.94323791785754e+04 
1.00064709598515e-01 9.94478862556413e+04 
1.00230096442177e-01 9.94639075711665e+04 
1.00395800367298e-01 9.94783397545804e+04 
1.00561788154125e-01 9.94928224720649e+04 
1.00727885892460e-01 9.95076378739222e+04 
1.00893954980838e-01 9.95241570649482e+04 
1.01059754310416e-01 9.95408588361045e+04 
1.01225603857533e-01 9.95574923495848e+04 
1.01391536596678e-01 9.95721971835549e+04 
1.01557607359591e-01 9.95861793051572e+04 
1.01722589029256e-01 9.95996900396415e+04 
1.01887344558274e-01 9.96150584613337e+04 
1.02051768825055e-01 9.96297078945556e+04 
1.02216486326316e-01 9.96438532421013e+04 
1.02381524664952e-01 9.96560142045347e+04 
1.02546951850854e-01 9.96669949875593e+04 
1.02712766379294e-01 9.96784295182411e+04 
1.02878710757967e-01 9.96904557102598e+04 
1.03044595235278e-01 9.97019092663012e+04 
1.03210766329953e-01 9.97133635113110e+04 
1.03377348100386e-01 9.97232501765946e+04 
1.03544276800112e-01 9.97328889994983e+04 
1.03711501623495e-01 9.97422424660712e+04 
1.03878892285905e-01 9.97523549465930e+04 
1.04046488815198e-01 9.97621412213403e+04 
1.04214278045591e-01 9.97717673415995e+04 
1.04382273026895e-01 9.97798256594969e+04 
1.04550000994891e-01 9.97870142109774e+04 
1.04717946146629e-01 9.97940094947961e+04 
1.04886119944458e-01 9.98027337054882e+04 
1.05054437221499e-01 9.98107081038680e+04 
1.05222881787380e-01 9.98183172294404e+04 
1.05391396796544e-01 9.98241152707943e+04 
1.05560019040076e-01 9.98289120805135e+04 
1.05728660581678e-01 9.98331967528853e+04 
1.05897099544738e-01 9.98377325996612e+04 
1.06065207001099e-01 9.98415901476842e+04 
1.06233309695147e-01 9.98449622109948e+04 
1.06401486871470e-01 9.98465958141143e+04 
1.06569760338364e-01 9.98462633791094e+04 
1.06738047062642e-01 9.98455818547128e+04 
1.06906392614423e-01 9.98461607113402e+04 
1.07074669548177e-01 9.98467124453543e+04 
1.07243057625638e-01 9.98465734148164e+04 
1.07411609675177e-01 9.98421111340383e+04 
1.07580425269363e-01 9.98379743968121e+04 
1.07749478606487e-01 9.98350842630822e+04 
1.07918812426254e-01 9.98343108793328e+04 
1.08088405306124e-01 9.98337180619701e+04 
1.08258115536838e-01 9.98337930837550e+04 
1.08427860638159e-01 9.98323585075399e+04 
1.08597634551736e-01 9.98310759450860e+04 
1.08767428512594e-01 9.98302275619076e+04 
1.08937261898988e-01 9.98311204543368e+04 
1.09107115676174e-01 9.98321288918542e+04 
1.09276996232003e-01 9.98333735104291e+04 
1.09446914041164e-01 9.98327159681458e+04 
1.09616861516444e-01 9.98319056154880e+04 
1.09786829985854e-01 9.98316212012877e+04 
1.09956838908641e-01 9.98330611361925e+04 
1.10126870424608e-01 9.98345197405174e+04 
1.10296929589820e-01 9.98362607738391e+04 
1.10467026981587e-01 9.98363502744647e+04 
1.10637153694391e-01 9.98364255287457e+04 
1.10807300941963e-01 9.98368306564821e+04 
1.10977487479049e-01 9.98385805174781e+04 
1.11147696252086e-01 9.98404400621839e+04 
1.11317930319669e-01 9.98423785187706e+04 
1.11488200406662e-01 9.98431208130638e+04 
1.11658495937102e-01 9.98432217859412e+04 
1.11828807704641e-01 9.98435606785894e+04 
1.11999175370305e-01 9.98455583594548e+04 
1.12169595917652e-01 9.98476259092512e+04 
1.12340031555746e-01 9.98499760413016e+04 
1.12510469198357e-01 9.98526959573941e+04 
1.12680885153720e-01 9.98550650078578e+04 
1.12851275738475e-01 9.98563997916499e+04 
1.13021687251201e-01 9.98599815578160e+04 
1.13192109885814e-01 9.98641551589460e+04 
1.13362546892167e-01 9.98692314394495e+04 
1.13533015451421e-01 9.98740600526836e+04 
1.13703501435573e-01 9.98786955504537e+04 
1.13873994555555e-01 9.98826866781411e+04 
1.14044510547555e-01 9.98887614100330e+04 
1.14215034258159e-01 9.98951367643524e+04 
1.14385558889916e-01 9.99019233852999e+04 
1.14556096149658e-01 9.99080454979183e+04 
1.14726625410433e-01 9.99135847600250e+04 
1.14897135952746e-01 9.99180742969219e+04 
1.15067647441822e-01 9.99241882541821e+04 
1.15238148250568e-01 9.99302450143132e+04 
1.15408634445578e-01 9.99363479787715e+04 
1.15579125335447e-01 9.99415867935349e+04 
1.15749605878232e-01 9.99459013180253e+04 
1.15920067278179e-01 9.99487757578783e+04 
1.16090530314757e-01 9.99530493998465e+04 
1.16260984814848e-01 9.99570350595977e+04 
1.16431426050907e-01 9.99607847066456e+04 
1.16601872019460e-01 9.99634879525100e+04 
1.16772307633751e-01 9.99636905046682e+04 
1.16942724351850e-01 9.99630336577007e+04 
1.17113144292050e-01 9.99639556369856e+04 
1.17283557837361e-01 9.99643829009567e+04 
1.17455199021621e-01 9.99648111257976e+04 
1.17626930510163e-01 9.99640018064919e+04 
1.17798868483699e-01 9.99620715091691e+04 
1.17970957629390e-01 9.99601308372996e+04 
1.18143044794687e-01 9.99597562977740e+04 
1.18315126903972e-01 9.99593554652300e+04 
1.18487202121475e-01 9.99590827393254e+04 
1.18659280901814e-01 9.99577096924541e+04 
1.18831353105644e-01 9.99554564526812e+04 
1.19003414762278e-01 9.99529144916089e+04 
1.19175477678832e-01 9.99516286978891e+04 
1.19347537287794e-01 9.99501841133833e+04 
1.19519593365168e-01 9.99494782822857e+04 
1.19691655168487e-01 9.99473120868552e+04 
1.19863713316347e-01 9.99443372581681e+04 
1.20035764724300e-01 9.99416637504998e+04 
1.20207819858776e-01 9.99398269348178e+04 
1.20379873435355e-01 9.99377744969053e+04 
1.20551925198378e-01 9.99358135696402e+04 
1.20723982629000e-01 9.99334121456249e+04 
1.20896036533838e-01 9.99298461366485e+04 
1.21068084222391e-01 9.99248974038785e+04 
1.21240135587322e-01 9.99212569923080e+04 
1.21412184492322e-01 9.99176042091977e+04 
1.21584232218274e-01 9.99146752080546e+04 
1.21756285418960e-01 9.99091158767423e+04 
1.21928336065465e-01 9.99036602110881e+04 
1.22100381019938e-01 9.98982393384714e+04 
1.22272423529532e-01 9.98949530660520e+04 
1.22444459104735e-01 9.98922472981849e+04 
1.22616489760708e-01 9.98909215001926e+04 
1.22788525719265e-01 9.98885627058156e+04 
1.22960567769952e-01 9.98860616835188e+04 
1.23132611334392e-01 9.98832170766943e+04 
1.23304659846698e-01 9.98822451993827e+04 
1.23476703650676e-01 9.98815449381926e+04 
1.23648745694664e-01 9.98815312169877e+04 
1.23820793890738e-01 9.98809757930841e+04 
1.23992838734270e-01 9.98800921270951e+04 
1.24164878069242e-01 9.98789066914828e+04 
1.24336923799171e-01 9.98794797607196e+04 
1.24508964875864e-01 9.98802421976534e+04 
1.24681003783174e-01 9.98816286497566e+04 
1.24853048493046e-01 9.98825178678796e+04 
1.25025088772836e-01 9.98831115984379e+04 
1.25197122895597e-01 9.98834261215511e+04 
1.25369162499563e-01 9.98852244373040e+04 
1.25541195501034e-01 9.98872591366222e+04 
1.25713224015802e-01 9.98899696211425e+04 
1.25885255988749e-01 9.98918878597261e+04 
1.26057280794832e-01 9.98935681168796e+04 
1.26229297183269e-01 9.98951084542777e+04 
1.26401316737570e-01 9.98979549197271e+04 
1.26573327784464e-01 9.99011386934069e+04 
1.26745331607058e-01 9.99052581439737e+04 
1.26917336358983e-01 9.99090152298903e+04 
1.27089332337923e-01 9.99129323885865e+04 
1.27261318881016e-01 9.99166737751016e+04 
1.27433307714515e-01 9.99221496576505e+04 
1.27605286932631e-01 9.99286888990546e+04 
1.27777257665311e-01 9.99361466586850e+04 
1.27949229332680e-01 9.99432158815909e+04 
1.28121192749213e-01 9.99501978506067e+04 
1.28293147275657e-01 9.99571209569090e+04 
1.28465105900057e-01 9.99653631191258e+04 
1.28637056975088e-01 9.99746965309933e+04 
1.28809001198149e-01 9.99847499801736e+04 
1.28980949190421e-01 9.99944495755788e+04 
1.29152891879061e-01 1.00004084098173e+05 
1.29324827288101e-01 1.00013918869642e+05 
1.29496768473316e-01 1.00024653435199e+05 
1.29668703253185e-01 1.00036473844931e+05 
1.29840631026262e-01 1.00048802350058e+05 
1.30012562835153e-01 1.00061471412971e+05 
1.30184489552881e-01 1.00074127042597e+05 
1.30356408293501e-01 1.00087387849001e+05 
1.30528332805135e-01 1.00101204259443e+05 
1.30700250977007e-01 1.00115813441340e+05 
1.30872161776538e-01 1.00130930961059e+05 
1.31044077338457e-01 1.00145823885959e+05 
1.31218172841531e-01 1.00160709958069e+05 
1.31392266999636e-01 1.00176052189570e+05 
1.31566362271304e-01 1.00191734385400e+05 
1.31740447711878e-01 1.00207834530043e+05 
1.31914533113142e-01 1.00224176766363e+05 
1.32088619072168e-01 1.00239930140162e+05 
1.32262703315277e-01 1.00255155611629e+05 
1.32436785377135e-01 1.00270424469231e+05 
1.32610869748964e-01 1.00285716534884e+05 
1.32784944109106e-01 1.00300884109961e+05 
1.32959018668142e-01 1.00315893847303e+05 
1.33133094883587e-01 1.00329764040004e+05 
1.33307171524236e-01 1.00342798708202e+05 
1.33481248181439e-01 1.00355612429388e+05 
1.33655328828890e-01 1.00368051429176e+05 
1.33829400932150e-01 1.00380492637964e+05 
1.34003474277502e-01 1.00392468616875e+05 
1.34177551027610e-01 1.00403403248389e+05 
1.34351630020605e-01 1.00413297216254e+05 
1.34525710250670e-01 1.00422869047659e+05 
1.34699795410826e-01 1.00431979468691e+05 
1.34873874131056e-01 1.00441038622392e+05 
1.35047954187771e-01 1.00449616027740e+05 
1.35222038677690e-01 1.00457517945349e+05 
1.35396126794127e-01 1.00464506628600e+05 
1.35570216197267e-01 1.00470873435077e+05 
1.35744312251650e-01 1.00477552390018e+05 
1.35918404354745e-01 1.00484061131921e+05 
1.36092497223340e-01 1.00490448299024e+05 
1.36266595630686e-01 1.00496452526562e+05 
1.36440697659051e-01 1.00501729637840e+05 
1.36614800263791e-01 1.00506743822041e+05 
1.36788908665375e-01 1.00512189363468e+05 
1.36963012334341e-01 1.00517736098624e+05 
1.37137116334148e-01 1.00523719065626e+05 
1.37311226585837e-01 1.00529129827819e+05 
1.37485341416643e-01 1.00534213081015e+05 
1.37659458432390e-01 1.00539395267833e+05 
1.37833583507301e-01 1.00545186031146e+05 
1.38007706284628e-01 1.00551052657851e+05 
1.38181831220401e-01 1.00557447733527e+05 
1.38355963915444e-01 1.00563232032135e+05 
1.38530101857925e-01 1.00568945864470e+05 
1.38704242905580e-01 1.00574986064673e+05 
1.38878391926845e-01 1.00581842357843e+05 
1.39052538612607e-01 1.00588865865748e+05 
1.39226686152658e-01 1.00596534230854e+05 
1.39400838816714e-01 1.00603851297686e+05 
1.39574993692755e-01 1.00611207814853e+05 
1.39749150023819e-01 1.00619177576880e+05 
1.39923311975988e-01 1.00627989620323e+05 
1.40097471046611e-01 1.00637048099585e+05 
1.40271627173834e-01 1.00646920991030e+05 
1.40445785126155e-01 1.00656944692419e+05 
1.40619945825011e-01 1.00667041595543e+05 
1.40794106444918e-01 1.00677765476895e+05 
1.40968272141544e-01 1.00689364039978e+05 
1.41142435053007e-01 1.00701338269957e+05 
1.41316597071759e-01 1.00713948412250e+05 
1.41490762855334e-01 1.00726499720731e+05 
1.41664927229654e-01 1.00739293561681e+05 
1.41839090440140e-01 1.00752806500812e+05 
1.42013259404110e-01 1.00767039971903e+05 
1.42187425483641e-01 1.00781593802147e+05 
1.42361589947281e-01 1.00796742949583e+05 
1.42535758937414e-01 1.00812294599941e+05 
1.42709925594535e-01 1.00827833948311e+05 
1.42884090913888e-01 1.00843792382163e+05 
1.43058263028840e-01 1.00860062852214e+05 
1.43232433716976e-01 1.00876322403929e+05 
1.43406602945885e-01 1.00892930038419e+05 
1.43580776797004e-01 1.00909100614107e+05 
1.43754947765350e-01 1.00924871677839e+05 
1.43929116804932e-01 1.00940507111257e+05 
1.44103292786891e-01 1.00955872066252e+05 
1.44277467701116e-01 1.00970661419344e+05 
1.44451641015346e-01 1.00984945217785e+05 
1.44625819116233e-01 1.00998013951291e+05 
1.44799994340637e-01 1.01009700579457e+05 
1.44974167524588e-01 1.01020692158901e+05 
1.45148348046249e-01 1.01030578755302e+05 
1.45322528262365e-01 1.01039638352730e+05 
1.45496707091923e-01 1.01046120926374e+05 
1.45670891280677e-01 1.01049658376142e+05 
1.45845072914208e-01 1.01050765438553e+05 
1.46019252476204e-01 1.01050293922896e+05 
1.46193439608099e-01 1.01047077971201e+05 
1.46367627135166e-01 1.01043429815395e+05 
1.46541813139505e-01 1.01039485966649e+05 
1.46717163735636e-01 1.01035080855621e+05 
1.46892512820050e-01 1.01029838180580e+05 
1.47067851039728e-01 1.01023723339794e+05 
1.47243194134981e-01 1.01016825424813e+05 
1.47418539423014e-01 1.01008351447304e+05 
1.47593883491066e-01 1.00998738530254e+05 
1.47769240578225e-01 1.00988064849326e+05 
1.47944595207215e-01 1.00976153467977e+05 
1.48119937449037e-01 1.00963425282636e+05 
1.48295285618598e-01 1.00950105699702e+05 
1.48470635778020e-01 1.00935634600706e+05 
1.48645984133718e-01 1.00920355327791e+05 
1.48821345549067e-01 1.00904148644816e+05 
1.48996704117768e-01 1.00886918252725e+05 
1.49172050100945e-01 1.00868803288583e+05 
1.49347403145341e-01 1.00849974577229e+05 
1.49522759296732e-01 1.00829950386754e+05 
1.49698114505654e-01 1.00809088851823e+05 
1.49873484105867e-01 1.00787370867415e+05 
1.50048851803240e-01 1.00764778056792e+05 
1.50224207406322e-01 1.00741331102814e+05 
1.50399571146937e-01 1.00717312489737e+05 
1.50576138971588e-01 1.00692190338471e+05 
1.50752722474136e-01 1.00666451446121e+05 
1.50929322103319e-01 1.00640067984464e+05 
1.51105929433348e-01 1.00613363053441e+05 
1.51282541605465e-01 1.00586298828506e+05 
1.51459161880961e-01 1.00559174578590e+05 
1.51635789713567e-01 1.00531622604363e+05 
1.51812429609792e-01 1.00503856097263e+05 
1.51989084514179e-01 1.00475856706766e+05 
1.52165744516482e-01 1.00447895248982e+05 
1.52342405538097e-01 1.00419867369368e+05 
1.52519073788060e-01 1.00392000366467e+05 
1.52695747834669e-01 1.00364021594156e+05 
1.52872431450198e-01 1.00335977196429e+05 
1.53049128680247e-01 1.00307864835992e+05 
1.53225828847231e-01 1.00280041819922e+05 
1.53402527117636e-01 1.00252191435352e+05 
1.53579230706265e-01 1.00224438125092e+05 
1.53755936000716e-01 1.00196833538561e+05 
1.53932647950186e-01 1.00169611680685e+05 
1.54109371808821e-01 1.00142622599593e+05 
1.54286097255183e-01 1.00115899724030e+05 
1.54462819839959e-01 1.00089619240712e+05 
1.54639547616565e-01 1.00063707045047e+05 
1.54816275416917e-01 1.00038069209184e+05 
1.54993008751627e-01 1.00013022061220e+05 
1.55169753323970e-01 9.99883082322231e+04 
1.55346498160626e-01 9.99640976761012e+04 
1.55523238096588e-01 9.99405253567617e+04 
1.55699982110236e-01 9.99174359113584e+04 
1.55876724226295e-01 9.98948496995757e+04 
1.56053469500657e-01 9.98727924949564e+04 
1.56230224389945e-01 9.98508657053567e+04 
1.56406977283463e-01 9.98294858309789e+04 
1.56583722937281e-01 9.98086727014287e+04 
1.56760471203390e-01 9.97879463220654e+04 
1.56937216098132e-01 9.97677241948723e+04 
1.57113962221444e-01 9.97477208185687e+04 
1.57290716834540e-01 9.97280166212654e+04 
1.57467467897763e-01 9.97088151344416e+04 
1.57642324157612e-01 9.96901157999890e+04 
1.57819067585721e-01 9.96716176256257e+04 
1.57995807092881e-01 9.96536627445025e+04 
1.58172546070492e-01 9.96362981631518e+04 
1.58349292395762e-01 9.96192418720844e+04 
1.58526033425135e-01 9.96028265636364e+04 
1.58702763892944e-01 9.95871496073002e+04 
1.58879494474415e-01 9.95719936819872e+04 
1.59056220469164e-01 9.95575765418567e+04 
1.59232943893861e-01 9.95437716222960e+04 
1.59409673191108e-01 9.95300731319810e+04 
1.59586395173317e-01 9.95168971526173e+04 
1.59763104832815e-01 9.95044304899913e+04 
1.59939812785564e-01 9.94927658140508e+04 
1.60116515126597e-01 9.94817045416338e+04 
1.60293212689956e-01 9.94712627254809e+04 
1.60468920636442e-01 9.94609705530242e+04 
1.60645241808297e-01 9.94510889693898e+04 
1.60820718437692e-01 9.94418783820585e+04 
1.60997393207680e-01 9.94335581651948e+04 
1.61174061619010e-01 9.94255703032066e+04 
1.61350723355910e-01 9.94179935444996e+04 
1.61527388060976e-01 9.94104135305950e+04 
1.61704041657152e-01 9.94032110866741e+04 
1.61880679105252e-01 9.93965140640054e+04 
1.62057312081060e-01 9.93903917503819e+04 
1.62233939037120e-01 9.93846673731320e+04 
1.62410558620778e-01 9.93793303794091e+04 
1.62587181739281e-01 9.93738497321243e+04 
1.62764534546601e-01 9.93685271939011e+04 
1.62941895677714e-01 9.93635465813273e+04 
1.63119241521025e-01 9.93590261431756e+04 
1.63296596507457e-01 9.93547286806907e+04 
1.63473938685711e-01 9.93506207003816e+04 
1.63651264706717e-01 9.93460504864884e+04 
1.63828586151530e-01 9.93413749244350e+04 
1.64005915294931e-01 9.93366691480721e+04 
1.64183229497100e-01 9.93321629656452e+04 
1.64360552908120e-01 9.93278230244424e+04 
1.64537864789024e-01 9.93236751093200e+04 
1.64715162020167e-01 9.93189457837065e+04 
1.64892455784116e-01 9.93140493196390e+04 
1.65069759270635e-01 9.93092377244826e+04 
1.65247051147767e-01 9.93050120186783e+04 
1.65424354687968e-01 9.93009004292153e+04 
1.65601650427079e-01 9.92969091382109e+04 
1.65778935346252e-01 9.92920785206485e+04 
1.65956220659847e-01 9.92871631628527e+04 
1.66133519990274e-01 9.92826239138471e+04 
1.66309324597924e-01 9.92788171904342e+04 
1.66486232919928e-01 9.92752935072000e+04 
1.66663539241802e-01 9.92721870778651e+04 
1.66840840156120e-01 9.92673691302478e+04 
1.67017324741868e-01 9.92629973087093e+04 
1.67194652786427e-01 9.92596750609757e+04 
1.67371981341765e-01 9.92581097478621e+04 
1.67549330880952e-01 9.92568856991343e+04 
1.67726685015209e-01 9.92562230742566e+04 
1.67904039949353e-01 9.92540627301669e+04 
1.68081408909084e-01 9.92518988035357e+04 
1.68258805857733e-01 9.92503909146793e+04 
1.68436210281303e-01 9.92506014805097e+04 
1.68613640649648e-01 9.92509640405841e+04 
1.68791081678119e-01 9.92519773758464e+04 
1.68968528599491e-01 9.92520000642098e+04 
1.69145996296770e-01 9.92520217198570e+04 
1.69323498751311e-01 9.92528013878041e+04 
1.69501014780793e-01 9.92546061864865e+04 
1.69678561028107e-01 9.92575325141684e+04 
1.69856122958373e-01 9.92607431202342e+04 
1.70033694940713e-01 9.92632489449839e+04 
1.70211293133229e-01 9.92656844890246e+04 
1.70388931850078e-01 9.92688871143987e+04 
1.70566589352231e-01 9.92721779069788e+04 
1.70744280823698e-01 9.92772980477488e+04 
1.70921992935975e-01 9.92837224033664e+04 
1.71099719437914e-01 9.92891612173377e+04 
1.71277477764861e-01 9.92950815214057e+04 
1.71455282636114e-01 9.93016618702105e+04 
1.71631609744625e-01 9.93095810748018e+04 
1.71809240522973e-01 9.93184327490331e+04 
1.71987131139409e-01 9.93281707416737e+04 
1.72165039250553e-01 9.93364270997059e+04 
1.72342982873784e-01 9.93444616676921e+04 
1.72517859019367e-01 9.93529960700384e+04 
1.72694348576219e-01 9.93633319250805e+04 
1.72872344021949e-01 9.93743370527103e+04 
1.73049486589123e-01 9.93859144539392e+04 
1.73227534544922e-01 9.93962152706004e+04 
1.73405594962512e-01 9.94061377637049e+04 
1.73583664200807e-01 9.94167092098111e+04 
1.73759995185721e-01 9.94286637368438e+04 
1.73937476543204e-01 9.94408694819982e+04 
1.74115588867984e-01 9.94538434827148e+04 
1.74288713332316e-01 9.94656479658580e+04 
1.74466858461473e-01 9.94772075926346e+04 
1.74644233936048e-01 9.94895271368504e+04 
1.74822404421933e-01 9.95030574649162e+04 
1.75000587157698e-01 9.95163215506700e+04 
1.75178780207853e-01 9.95302884119572e+04 
1.75356995091599e-01 9.95439759903239e+04 
1.75535221758975e-01 9.95571069647574e+04 
1.75713454205600e-01 9.95700362568042e+04 
1.75891705462223e-01 9.95837102559815e+04 
1.76067720662429e-01 9.95972143564151e+04 
1.76244926396584e-01 9.96111946795405e+04 
1.76420247278194e-01 9.96247148951331e+04 
1.76598553074242e-01 9.96382193097376e+04 
1.76776863708438e-01 9.96516284648961e+04 
1.76955193362080e-01 9.96653146427638e+04 
1.77130340759912e-01 9.96788032356007e+04 
1.77308691394178e-01 9.96930504686281e+04 
1.77484636010327e-01 9.97066302529791e+04 
1.77663021552488e-01 9.97200571543313e+04 
1.77841411736648e-01 9.97332275968060e+04 
1.78018216110658e-01 9.97464685081774e+04 
1.78194600334704e-01 9.97595688657920e+04 
1.78372722554051e-01 9.97731349943109e+04 
1.78551177485116e-01 9.97863803642707e+04 
1.78729645775663e-01 9.97990859606592e+04 
1.78908143840114e-01 9.98117616156039e+04 
1.79086662424225e-01 9.98246517123050e+04 
1.79265855723593e-01 9.98375650582370e+04 
1.79445068818807e-01 9.98509887955892e+04 
1.79624293277752e-01 9.98640808349741e+04 
1.79803562988624e-01 9.98770583773428e+04 
1.79982889352243e-01 9.98898985427357e+04 
1.80162232858565e-01 9.99030125272928e+04 
1.80341609986048e-01 9.99165423532509e+04 
1.80517222250703e-01 9.99303625844690e+04 
1.80694098827920e-01 9.99437865943622e+04 
1.80872149852166e-01 9.99571692897034e+04 
1.81051653987316e-01 9.99706285656878e+04 
1.81231174214683e-01 9.99843764000717e+04 
1.81410727463656e-01 9.99983419853469e+04 
1.81590299072911e-01 1.00012685083178e+05 
1.81768947498923e-01 1.00026260770380e+05 
1.81947064096936e-01 1.00039408403595e+05 
1.82125778966161e-01 1.00052333228810e+05 
1.82303975079561e-01 1.00065091100283e+05 
1.82483184098869e-01 1.00077854689441e+05 
1.82662524443169e-01 1.00090809353382e+05 
1.82841814422596e-01 1.00102890017081e+05 
1.83020352930337e-01 1.00114546584824e+05 
1.83197971795320e-01 1.00125621979388e+05 
1.83375962367299e-01 1.00136684467295e+05 
1.83552339245704e-01 1.00147509865349e+05 
1.83728538568759e-01 1.00158187411245e+05 
1.83905102031670e-01 1.00167998030719e+05 
1.84082805082015e-01 1.00177146504868e+05 
1.84260730770998e-01 1.00185672841434e+05 
1.84439271960404e-01 1.00193896703701e+05 
1.84618237811120e-01 1.00201810081923e+05 
1.84797183578872e-01 1.00209139023763e+05 
1.84974190217689e-01 1.00215380908660e+05 
1.85152227879381e-01 1.00220015796127e+05 
1.85330889724084e-01 1.00223116052991e+05 
1.85509935837949e-01 1.00226317811005e+05 
1.85687836367181e-01 1.00227838994923e+05 
1.85867001921203e-01 1.00228564756439e+05 
1.86044730289395e-01 1.00226188836853e+05 
1.86223598685954e-01 1.00222283105757e+05 
1.86402794907227e-01 1.00218156857789e+05 
1.86581623344557e-01 1.00214473654067e+05 
1.86760747466672e-01 1.00210242824556e+05 
1.86938367451976e-01 1.00206404809515e+05 
1.87117002174156e-01 1.00201460463013e+05 
1.87297086193383e-01 1.00195651023618e+05 
1.87476396744557e-01 1.00189354162852e+05 
1.87653956096343e-01 1.00182540041537e+05 
1.87830733825168e-01 1.00174636707197e+05 
1.88008818795066e-01 1.00166097024486e+05 
1.88187389865864e-01 1.00156183161690e+05 
1.88365156673879e-01 1.00145218638924e+05 
1.88544177385506e-01 1.00133984714814e+05 
1.88724560092525e-01 1.00122098635911e+05 
1.88904946584063e-01 1.00109832816324e+05 
1.89085332794903e-01 1.00097666097553e+05 
1.89265720360457e-01 1.00085426621312e+05 
1.89446106551352e-01 1.00072571590014e+05 
1.89622892248001e-01 1.00060110247175e+05 
1.89801391521793e-01 1.00047309836624e+05 
1.89981131694611e-01 1.00034633136417e+05 
1.90160239148183e-01 1.00022649632995e+05 
1.90340161088492e-01 1.00011113679825e+05 
1.90520424811401e-01 9.99996229310302e+04 
1.90700802198504e-01 9.99892931504215e+04 
1.90878824520930e-01 9.99799081331579e+04 
1.91059198464274e-01 9.99716409474803e+04 
1.91239570454999e-01 9.99648207174592e+04 
1.91419942414459e-01 9.99597519162663e+04 
1.91599290127377e-01 9.99557476042784e+04 
1.91777323006137e-01 9.99532670841641e+04 
1.91956484350280e-01 9.99521140942919e+04 
1.92136742392585e-01 9.99514186956867e+04 
1.92316688785221e-01 9.99512888812285e+04 
1.92494628585512e-01 9.99518633217733e+04 
1.92672891024681e-01 9.99535344535175e+04 
1.92851883682069e-01 9.99566063100784e+04 
1.93031350014719e-01 9.99606027248258e+04 
1.93211686873015e-01 9.99659031328357e+04 
1.93389732877296e-01 9.99729458220453e+04 
1.93569171978616e-01 9.99814279656504e+04 
1.93749178207926e-01 9.99912792090689e+04 
1.93929407310679e-01 1.00003209383587e+05 
1.94106814271897e-01 1.00016246625466e+05 
1.94285324163042e-01 1.00030956407378e+05 
1.94465258973485e-01 1.00047679385460e+05 
1.94644670237101e-01 1.00065687087321e+05 
1.94824970534445e-01 1.00084823576485e+05 
1.95005264302598e-01 1.00105630050992e+05 
1.95185557792451e-01 1.00127133910435e+05 
1.95364462689174e-01 1.00149433779826e+05 
1.95544746895644e-01 1.00173020315463e+05 
1.95725031394582e-01 1.00197428107107e+05 
1.95905308824851e-01 1.00222220547023e+05 
1.96085579420184e-01 1.00247773996850e+05 
1.96264541390805e-01 1.00273063078682e+05 
1.96443956503739e-01 1.00298511997139e+05 
1.96623368800059e-01 1.00324145377503e+05 
1.96800442251647e-01 1.00349300446193e+05 
1.96978702762589e-01 1.00374052291144e+05 
1.97157392862266e-01 1.00398584794302e+05 
1.97335471598034e-01 1.00422041648646e+05 
1.97514424260265e-01 1.00444803653114e+05 
1.97693969965920e-01 1.00466846993236e+05 
1.97871814922289e-01 1.00487520527953e+05 
1.98050775555378e-01 1.00506755955192e+05 
1.98229553346801e-01 1.00524761986206e+05 
1.98405731031238e-01 1.00541423968920e+05 
1.98583251926901e-01 1.00556881512351e+05 
1.98762121448572e-01 1.00570911654558e+05 
1.98942368309321e-01 1.00583716604973e+05 
1.99122611157774e-01 1.00595132624703e+05 
1.99302843672406e-01 1.00605664243347e+05 
1.99483076538048e-01 1.00614897592305e+05 
1.99663571251912e-01 1.00623027662065e+05 
1.99844074936590e-01 1.00630365662135e+05 
2.00024585021522e-01 1.00636954086149e+05 
2.00205096997566e-01 1.00642654561789e+05 
