# Liste des scalaires : TEMPS pmat 
0.00000000000000e+00 1.00000000000000e+05 
7.22956891292051e-05 1.00000000000000e+05 
1.33324949421507e-04 1.00000000000000e+05 
1.87808455412681e-04 1.00000000000000e+05 
2.44828985318208e-04 1.00000000000000e+05 
3.02905702259923e-04 1.00000000000000e+05 
3.58868551686154e-04 1.00000000000000e+05 
4.15997409388289e-04 1.00000000000000e+05 
4.74409288026972e-04 1.00000000000000e+05 
5.32799832599613e-04 1.00000000000000e+05 
5.91242894911525e-04 1.00000000000000e+05 
6.53202444008591e-04 1.00000000000000e+05 
7.15708187536324e-04 1.00000000000000e+05 
7.78900570385077e-04 1.00000000000000e+05 
8.43282054634855e-04 1.00000000000000e+05 
9.09028303385800e-04 1.00000000000000e+05 
9.76385332714485e-04 1.00000000000000e+05 
1.04549464382280e-03 1.00000000000000e+05 
1.11526216388095e-03 1.00000000000000e+05 
1.18570541852044e-03 1.00000000000000e+05 
1.25747844940016e-03 1.00000000000000e+05 
1.33133385424216e-03 1.00000000000000e+05 
1.40631108252844e-03 1.00000000000000e+05 
1.48207282779901e-03 1.00000000000000e+05 
1.55925072585727e-03 1.00000000000000e+05 
1.63853064971583e-03 1.00000000000000e+05 
1.72078245461536e-03 1.00000000000000e+05 
1.80371164130818e-03 1.00000000000000e+05 
1.88788061050865e-03 1.00000000000000e+05 
1.97431715220740e-03 1.00000000000000e+05 
2.06410326323803e-03 1.00000000000000e+05 
2.15492507346009e-03 1.00000000000000e+05 
2.24739434345146e-03 1.00000000000000e+05 
2.34256646288956e-03 1.00000000000000e+05 
2.43774026927347e-03 1.00000000000000e+05 
2.53510894673968e-03 1.00000000000000e+05 
2.63381493199041e-03 1.00000000000000e+05 
2.73404332689058e-03 1.00000000000000e+05 
2.83589316279470e-03 1.00000000000000e+05 
2.93753751563170e-03 1.00000000000000e+05 
3.04087277402899e-03 1.00000000000000e+05 
3.14554520048065e-03 1.00000000000000e+05 
3.25137810708346e-03 1.00000000000000e+05 
3.35865249838184e-03 1.00000000000000e+05 
3.46743403726987e-03 1.00000000000000e+05 
3.57794561747783e-03 1.00000000000000e+05 
3.68925622849132e-03 1.00000000000000e+05 
3.80146736108705e-03 1.00000000000000e+05 
3.91453500258956e-03 1.00000000000000e+05 
4.02874763127742e-03 1.00000000000000e+05 
4.14426149367233e-03 1.00000000000000e+05 
4.26155465783624e-03 1.00000000000000e+05 
4.38085904072595e-03 1.00000000000000e+05 
4.50233369821795e-03 1.00000000000000e+05 
4.62636385426258e-03 1.00000000000000e+05 
4.75259760685504e-03 1.00000000000000e+05 
4.88022193516939e-03 1.00000000000000e+05 
5.00944678991422e-03 1.00000000000000e+05 
5.14073912614813e-03 1.00000000000000e+05 
5.27433853965837e-03 1.00000000000000e+05 
5.40986825040913e-03 1.00000000000000e+05 
5.54659158136141e-03 1.00000000000000e+05 
5.68423775177359e-03 1.00000000000000e+05 
5.82419527604302e-03 1.00000000000000e+05 
5.96597874982520e-03 1.00000000000000e+05 
6.10977567524024e-03 1.00000000000000e+05 
6.25572320820886e-03 1.00000000000000e+05 
6.40390554173022e-03 1.00000000000000e+05 
6.55042264821087e-03 1.00000000000000e+05 
6.70177104085216e-03 1.00000000000000e+05 
6.84860334333935e-03 1.00000000000000e+05 
7.00068194682210e-03 1.00000000000000e+05 
7.15519529477112e-03 1.00000000000000e+05 
7.30953526290981e-03 1.00000000000000e+05 
7.45713321776909e-03 1.00000000000000e+05 
7.60888108283120e-03 1.00000000000000e+05 
7.75724770868988e-03 1.00000000000000e+05 
7.91185974155151e-03 1.00000000000000e+05 
8.06618268332566e-03 1.00000000000000e+05 
8.22180956112536e-03 1.00000000000000e+05 
8.37327295374971e-03 1.00000000000000e+05 
8.52667535432806e-03 1.00000000000000e+05 
8.67784306552559e-03 1.00000000000000e+05 
8.83028139815276e-03 1.00000000000000e+05 
8.98714633871488e-03 1.00000000000000e+05 
9.14479610993674e-03 1.00000000000000e+05 
9.29613624188978e-03 1.00000000000000e+05 
9.45159046032871e-03 1.00000000000000e+05 
9.60282800047318e-03 1.00000000000000e+05 
9.75710890852826e-03 1.00000000000000e+05 
9.91645567256681e-03 1.00000000000000e+05 
1.00751770044079e-02 1.00000000000000e+05 
1.02287762598128e-02 1.00000000000000e+05 
1.03862917101367e-02 1.00000000000000e+05 
1.05344911514359e-02 1.00000000000000e+05 
1.06836208962887e-02 1.00000000000000e+05 
1.08380987701966e-02 1.00000000000000e+05 
1.09923572693869e-02 1.00000000000000e+05 
1.11410683591317e-02 1.00000000000000e+05 
1.12936134399881e-02 1.00000000000000e+05 
1.14439902656204e-02 1.00000000000000e+05 
1.15985467829644e-02 1.00000000000000e+05 
1.17552153619157e-02 1.00000000000000e+05 
1.19142373311432e-02 1.00000000000000e+05 
1.20679553192669e-02 1.00000000000000e+05 
1.22286830076376e-02 1.00000000000000e+05 
1.23826253802127e-02 1.00000000000000e+05 
1.25378201807681e-02 1.00000000000000e+05 
1.26973403255551e-02 1.00000000000000e+05 
1.28573835258448e-02 1.00000000000000e+05 
1.30119871098220e-02 1.00000000000000e+05 
1.31739283623980e-02 1.00000000000000e+05 
1.33287339999252e-02 1.00000000000000e+05 
1.34917274377615e-02 1.00000000000000e+05 
1.36514612699611e-02 1.00000000000000e+05 
1.38190005215649e-02 1.00000000000000e+05 
1.39751956376260e-02 1.00000000000000e+05 
1.41379946439232e-02 1.00000000000000e+05 
1.42958139104366e-02 1.00000000000000e+05 
1.44602535607568e-02 1.00000000000000e+05 
1.46233621020507e-02 1.00000000000000e+05 
1.47919724690321e-02 1.00000000000000e+05 
1.49520992413374e-02 1.00000000000000e+05 
1.51196131517256e-02 1.00000000000000e+05 
1.52809894282074e-02 1.00000000000000e+05 
1.54510323630587e-02 1.00000000000000e+05 
1.56191968198683e-02 1.00000000000000e+05 
1.57897734447242e-02 1.00000000000000e+05 
1.59540652395397e-02 1.00000000000000e+05 
1.61247555156262e-02 1.00000000000000e+05 
1.62921307169126e-02 1.00000000000000e+05 
1.64630182985129e-02 1.00000000000000e+05 
1.66340361113887e-02 1.00000000000000e+05 
1.68052225702366e-02 1.00000000000000e+05 
1.69672820460695e-02 1.00000000000000e+05 
1.71363082031894e-02 1.00000000000000e+05 
1.73081792956829e-02 1.00000000000000e+05 
1.74740652285414e-02 1.00000000000000e+05 
1.76444398890838e-02 1.00000000000000e+05 
1.78148591339754e-02 1.00000000000000e+05 
1.79808798895862e-02 1.00000000000000e+05 
1.81538360703168e-02 1.00000000000000e+05 
1.83209730368417e-02 1.00000000000000e+05 
1.84939064163486e-02 1.00000000000000e+05 
1.86668223398831e-02 1.00000000000000e+05 
1.88392740388686e-02 1.00000000000000e+05 
1.90087450042877e-02 1.00000000000000e+05 
1.91821481247826e-02 1.00000000000000e+05 
1.93511282482624e-02 1.00000000000000e+05 
1.95246525773071e-02 1.00000000000000e+05 
1.96980566433447e-02 1.00000000000000e+05 
1.98715607747926e-02 1.00000000000000e+05 
2.00433182453383e-02 1.00000000000000e+05 
2.02180367292206e-02 1.00000000000000e+05 
2.03904737318098e-02 1.00000000000000e+05 
2.05663787615668e-02 1.00000000000000e+05 
2.07390314350417e-02 1.00000000000000e+05 
2.09117235038837e-02 1.00000000000000e+05 
2.10844292009334e-02 1.00000000000000e+05 
2.12572156155718e-02 1.00000000000000e+05 
2.14300885784508e-02 1.00000000000000e+05 
2.16031408962241e-02 1.00000000000000e+05 
2.17764648735860e-02 1.00000000000000e+05 
2.19500687559861e-02 1.00000000000000e+05 
2.21240230423510e-02 1.00000000000000e+05 
2.22984656208960e-02 1.00000000000000e+05 
2.24730439269113e-02 1.00000000000000e+05 
2.26482686415115e-02 1.00000000000000e+05 
2.28233718983356e-02 1.00000000000000e+05 
2.29984569057333e-02 1.00000000000000e+05 
2.31734476311616e-02 1.00000000000000e+05 
2.33483537679397e-02 1.00000000000000e+05 
2.35233201288885e-02 1.00000000000000e+05 
2.36983156740065e-02 1.00000000000000e+05 
2.38733083658682e-02 1.00000000000000e+05 
2.40484518136862e-02 1.00000000000000e+05 
2.42237685614887e-02 1.00000000000000e+05 
2.43994297584711e-02 1.00000000000000e+05 
2.45756528706556e-02 1.00000000000000e+05 
2.47526307059366e-02 1.00000000000000e+05 
2.49303931432579e-02 1.00000000000000e+05 
2.51082196246384e-02 1.00000000000000e+05 
2.52860635114809e-02 1.00000000000000e+05 
2.54638848623692e-02 1.00000000000000e+05 
2.56405669611509e-02 1.00000000000000e+05 
2.58185651513136e-02 1.00000000000000e+05 
2.59965189447964e-02 1.00000000000000e+05 
2.61745350053823e-02 1.00000000000000e+05 
2.63524757633808e-02 1.00000000000000e+05 
2.65302654559677e-02 1.00000000000000e+05 
2.67045424143655e-02 1.00000000000000e+05 
2.68789796269358e-02 1.00000000000000e+05 
2.70536339345826e-02 1.00000000000000e+05 
2.72283896656402e-02 1.00000000000000e+05 
2.74033055247518e-02 1.00000000000000e+05 
2.75784602395039e-02 1.00000000000000e+05 
2.77537980431191e-02 1.00000000000000e+05 
2.79293024038174e-02 1.00000000000000e+05 
2.81053424134722e-02 1.00000000000000e+05 
2.82817047397610e-02 1.00000000000000e+05 
2.84589947433807e-02 1.00000000000000e+05 
2.86372709498709e-02 1.00000000000000e+05 
2.88157878462304e-02 1.00000000000000e+05 
2.89944317524777e-02 1.00000000000000e+05 
2.91731002943316e-02 1.00000000000000e+05 
2.93520499876189e-02 1.00000000000000e+05 
2.95311384501864e-02 1.00000000000000e+05 
2.97104611384706e-02 1.00000000000000e+05 
2.98901502239893e-02 1.00000000000000e+05 
3.00700001030672e-02 1.00000000000000e+05 
3.02504202498412e-02 1.00000000000000e+05 
3.04312665089348e-02 1.00000000000000e+05 
3.06132468614915e-02 1.00000000000000e+05 
3.07960010396609e-02 1.00000000000000e+05 
3.09788277506861e-02 1.00000000000000e+05 
3.11617053145805e-02 1.00000000000000e+05 
3.13445683854487e-02 1.00000000000000e+05 
3.15277198570919e-02 1.00000000000000e+05 
3.17109605150528e-02 1.00000000000000e+05 
3.18906687321774e-02 1.00000000000000e+05 
3.20704404805287e-02 1.00000000000000e+05 
3.22502649703511e-02 1.00000000000000e+05 
3.24300148701580e-02 1.00000000000000e+05 
3.26099338730829e-02 1.00000000000000e+05 
3.27896221734419e-02 1.00000000000000e+05 
3.29694194087292e-02 1.00000000000000e+05 
3.31494478790954e-02 1.00000000000000e+05 
3.33297449437088e-02 1.00000000000000e+05 
3.35103921832011e-02 1.00000000000000e+05 
3.36913955006964e-02 1.00000000000000e+05 
3.38725812941124e-02 1.00000000000000e+05 
3.40540249773414e-02 1.00000000000000e+05 
3.42357832931345e-02 1.00000000000000e+05 
3.44178827389740e-02 1.00000000000000e+05 
3.46001452999595e-02 1.00000000000000e+05 
3.47824934922551e-02 1.00000000000000e+05 
3.49647055793597e-02 1.00000000000000e+05 
3.51471183309034e-02 1.00000000000000e+05 
3.53297460183159e-02 1.00000000000000e+05 
3.55126003667138e-02 1.00000000000000e+05 
3.56954232811999e-02 1.00000000000000e+05 
3.58782960534630e-02 1.00000000000000e+05 
3.60616485858590e-02 1.00000000000000e+05 
3.62455444723937e-02 1.00000000000000e+05 
3.64292389153493e-02 1.00000000000000e+05 
3.66148303705326e-02 1.00000000000000e+05 
3.68018419291105e-02 1.00000000000000e+05 
3.69899818561892e-02 1.00000000000000e+05 
3.71785281558659e-02 1.00000000000000e+05 
3.73671779213008e-02 1.00000000000000e+05 
3.75562093533524e-02 1.00000000000000e+05 
3.77458966974498e-02 1.00000000000000e+05 
3.79295960285731e-02 1.00000000000000e+05 
3.81132118508685e-02 1.00000000000000e+05 
3.82966891208018e-02 1.00000000000000e+05 
3.84802905484482e-02 1.00000000000000e+05 
3.86639640041168e-02 1.00000000000000e+05 
3.88472929130561e-02 1.00000000000000e+05 
3.90305982609686e-02 1.00000000000000e+05 
3.92141147192141e-02 1.00000000000000e+05 
3.93977531175483e-02 1.00000000000000e+05 
3.95817660671293e-02 1.00000000000000e+05 
3.97659949537411e-02 1.00000000000000e+05 
3.99502281846532e-02 1.00000000000000e+05 
4.01347562257261e-02 1.00000000000000e+05 
4.03197832434599e-02 1.00000000000000e+05 
4.05052063432598e-02 1.00000000000000e+05 
4.06912917601615e-02 1.00000000000000e+05 
4.08690509837146e-02 1.00000000000000e+05 
4.10562545176156e-02 1.00000000000000e+05 
4.12431861675858e-02 1.00000000000000e+05 
4.14318674624001e-02 1.00000000000000e+05 
4.16212617238489e-02 1.00000000000000e+05 
4.18104370235962e-02 1.00000000000000e+05 
4.19972784220647e-02 1.00000000000000e+05 
4.21878676086120e-02 1.00000000000000e+05 
4.23790693720681e-02 1.00000000000000e+05 
4.25711519449377e-02 1.00000000000000e+05 
4.27601385858048e-02 1.00000000000000e+05 
4.29541583253858e-02 1.00000000000000e+05 
4.31493364238071e-02 1.00000000000000e+05 
4.33449018329175e-02 1.00000000000000e+05 
4.35409507315549e-02 1.00000000000000e+05 
4.37288581948133e-02 1.00000000000000e+05 
4.39168490535676e-02 1.00000000000000e+05 
4.41050132127496e-02 1.00000000000000e+05 
4.42932583850893e-02 1.00000000000000e+05 
4.44814161450563e-02 1.00000000000000e+05 
4.46695849118987e-02 1.00000000000000e+05 
4.48578648341386e-02 1.00000000000000e+05 
4.50461855918023e-02 1.00000000000000e+05 
4.52347204705248e-02 1.00000000000000e+05 
4.54233335672855e-02 1.00000000000000e+05 
4.56120751182845e-02 1.00000000000000e+05 
4.58010819608688e-02 1.00000000000000e+05 
4.59903979541050e-02 1.00000000000000e+05 
4.61799429242779e-02 1.00000000000000e+05 
4.63698554662473e-02 1.00000000000000e+05 
4.65602285231779e-02 1.00000000000000e+05 
4.67512003905168e-02 1.00000000000000e+05 
4.69427412235201e-02 1.00000000000000e+05 
4.71348433629076e-02 1.00000000000000e+05 
4.73273821634912e-02 1.00000000000000e+05 
4.75204987774389e-02 1.00000000000000e+05 
4.77143574372029e-02 1.00000000000000e+05 
4.79090112793637e-02 1.00000000000000e+05 
4.81044944107249e-02 1.00000000000000e+05 
4.83007574523395e-02 1.00000000000000e+05 
4.84977403362429e-02 1.00000000000000e+05 
4.86955248527994e-02 1.00000000000000e+05 
4.88894520652909e-02 1.00000000000000e+05 
4.90889851851966e-02 1.00000000000000e+05 
4.92895584311953e-02 1.00000000000000e+05 
4.94907365049321e-02 1.00000000000000e+05 
4.96923242937935e-02 1.00000000000000e+05 
4.98946116677960e-02 1.00000000000000e+05 
5.00952936173193e-02 1.00000000000000e+05 
5.02988210185835e-02 1.00000000000000e+05 
5.04913898010663e-02 1.00000000000000e+05 
5.06841131218023e-02 1.00000000000000e+05 
5.08768896626335e-02 1.00000000000000e+05 
5.10697931728557e-02 1.00000000000000e+05 
5.12625178714362e-02 1.00000000000000e+05 
5.14550678393566e-02 1.00000000000000e+05 
5.16476697298406e-02 1.00000000000000e+05 
5.18403777472913e-02 1.00000000000000e+05 
5.20332037552270e-02 1.00000000000000e+05 
5.22263869064439e-02 1.00000000000000e+05 
5.24199503828222e-02 1.00000000000000e+05 
5.26140589257300e-02 1.00000000000000e+05 
5.28086935595060e-02 1.00000000000000e+05 
5.30038125230074e-02 1.00000000000000e+05 
5.31992445969129e-02 1.00000000000000e+05 
5.33951087877333e-02 1.00000000000000e+05 
5.35914058597920e-02 1.00000000000000e+05 
5.37882134247874e-02 1.00000000000000e+05 
5.39855565524229e-02 1.00000000000000e+05 
5.41834886733687e-02 1.00000000000000e+05 
5.43819915689083e-02 1.00000000000000e+05 
5.45812022444070e-02 1.00000000000000e+05 
5.47812740513269e-02 1.00000000000000e+05 
5.49823220722324e-02 1.00000000000000e+05 
5.51844566362509e-02 1.00000000000000e+05 
5.53879067411907e-02 1.00000000000000e+05 
5.55924339009837e-02 1.00000000000000e+05 
5.57980679986686e-02 1.00000000000000e+05 
5.59988013042051e-02 1.00000000000000e+05 
5.62062214856677e-02 1.00000000000000e+05 
5.64136001269472e-02 1.00000000000000e+05 
5.66213995737002e-02 1.00000000000000e+05 
5.68299864842910e-02 1.00000000002281e+05 
5.70397388623009e-02 1.00000000017252e+05 
5.72508168133374e-02 1.00000000058077e+05 
5.74631005047192e-02 1.00000000128748e+05 
5.76610277661523e-02 1.00000000334523e+05 
5.78592892035171e-02 1.00000000737304e+05 
5.80577845240622e-02 1.00000001188724e+05 
5.82565099438898e-02 1.00000001720721e+05 
5.84550407009422e-02 1.00000002368903e+05 
5.86533891967970e-02 1.00000003020882e+05 
5.88517774007822e-02 1.00000003744482e+05 
5.90502319322105e-02 1.00000004627766e+05 
5.92487673176795e-02 1.00000005716711e+05 
5.94476174645571e-02 1.00000007009808e+05 
5.96467763052748e-02 1.00000008560421e+05 
5.98463073132074e-02 1.00000010409836e+05 
6.00462027466388e-02 1.00000012560810e+05 
6.02464068202652e-02 1.00000015053329e+05 
6.04467899412316e-02 1.00000017888639e+05 
6.06474871613853e-02 1.00000021082007e+05 
6.08485066996238e-02 1.00000024623109e+05 
6.10499641309966e-02 1.00000028503040e+05 
6.12518944128227e-02 1.00000032679689e+05 
6.14542906781468e-02 1.00000037087567e+05 
6.16571305672694e-02 1.00000041649915e+05 
6.18605506277006e-02 1.00000046370986e+05 
6.20646529783942e-02 1.00000051218744e+05 
6.22696136041979e-02 1.00000056246427e+05 
6.24755301912279e-02 1.00000061595236e+05 
6.26824034236015e-02 1.00000067496848e+05 
6.28904848968476e-02 1.00000074200906e+05 
6.30995107919568e-02 1.00000082482529e+05 
6.33094544160692e-02 1.00000093164831e+05 
6.35205302182008e-02 1.00000107342829e+05 
6.37329463466406e-02 1.00000126701558e+05 
6.39461398204552e-02 1.00000153181510e+05 
6.41597916844466e-02 1.00000188969496e+05 
6.43740793245998e-02 1.00000237052183e+05 
6.45855470739799e-02 1.00000300237045e+05 
6.48005463756050e-02 1.00000385730725e+05 
6.50155192324354e-02 1.00000496865800e+05 
6.52304722829135e-02 1.00000638907503e+05 
6.54453916607960e-02 1.00000817276084e+05 
6.56602782330756e-02 1.00001039239924e+05 
6.58645637857507e-02 1.00001296322781e+05 
6.60691033249834e-02 1.00001605339505e+05 
6.62738007192424e-02 1.00001972968850e+05 
6.64782807964127e-02 1.00002405351167e+05 
6.66825226328711e-02 1.00002906391860e+05 
6.68866613844800e-02 1.00003483720936e+05 
6.70908005096597e-02 1.00004142361623e+05 
6.72951759601403e-02 1.00004888043488e+05 
6.74998385943317e-02 1.00005724993263e+05 
6.77048448195596e-02 1.00006656192673e+05 
6.79100675987720e-02 1.00007673707950e+05 
6.81155628282454e-02 1.00008777939544e+05 
6.83211856961834e-02 1.00009957985486e+05 
6.85269546532182e-02 1.00011205393174e+05 
6.87329359686050e-02 1.00012508915968e+05 
6.89390866303500e-02 1.00013843779396e+05 
6.91453431783110e-02 1.00015194793852e+05 
6.93518370838038e-02 1.00016547463795e+05 
6.95584728904024e-02 1.00017881515639e+05 
6.97654344649787e-02 1.00019205051608e+05 
6.99728519999574e-02 1.00020533649809e+05 
7.01806367556062e-02 1.00021834748586e+05 
7.03888612860023e-02 1.00023153106060e+05 
7.05976195028124e-02 1.00024400798197e+05 
7.08070619141127e-02 1.00025920585446e+05 
7.10175201254908e-02 1.00027754258137e+05 
7.12292727163757e-02 1.00030059846691e+05 
7.14425312613719e-02 1.00033249669253e+05 
7.16568876001984e-02 1.00037235650302e+05 
7.18723278678298e-02 1.00042753251199e+05 
7.20892376310814e-02 1.00050368914447e+05 
7.23070331611863e-02 1.00063113382734e+05 
7.25247754327629e-02 1.00085456087953e+05 
7.27424652459635e-02 1.00119944903488e+05 
7.29601076971371e-02 1.00170715164276e+05 
7.31777003818737e-02 1.00240693910797e+05 
7.33952496781002e-02 1.00330586081125e+05 
7.36127630181842e-02 1.00443056487251e+05 
7.38302307887624e-02 1.00580524954273e+05 
7.40476661646232e-02 1.00744869039804e+05 
7.42650706819542e-02 1.00937158431929e+05 
7.44824480336700e-02 1.01158674695270e+05 
7.46998093079874e-02 1.01409626917032e+05 
7.49171643054528e-02 1.01689952235457e+05 
7.51267574726867e-02 1.01987650283729e+05 
7.53362436022247e-02 1.02310085312226e+05 
7.55456613067441e-02 1.02654252160578e+05 
7.57551728294882e-02 1.03015186874031e+05 
7.59647921590413e-02 1.03391541966427e+05 
7.61746828503464e-02 1.03777210756029e+05 
7.63848563025649e-02 1.04170482896161e+05 
7.65953014138685e-02 1.04565145258852e+05 
7.68059261956551e-02 1.04949846786238e+05 
7.70167998199321e-02 1.05321697997917e+05 
7.72277096626323e-02 1.05679241263339e+05 
7.74387647121746e-02 1.06010959236906e+05 
7.76500394446832e-02 1.06310135773963e+05 
7.78614583394259e-02 1.06575403365146e+05 
7.80730302629378e-02 1.06835518705320e+05 
7.82848407846858e-02 1.07032260461405e+05 
7.84968548784565e-02 1.07167291976936e+05 
7.87092317767117e-02 1.07258429618815e+05 
7.89221171430451e-02 1.07314380830232e+05 
7.91354700437632e-02 1.07318234794700e+05 
7.93493266040562e-02 1.07294747643681e+05 
7.95638106955672e-02 1.07274681057458e+05 
7.97789687407948e-02 1.07252403227130e+05 
7.99950169484584e-02 1.07215823617988e+05 
8.02121675476043e-02 1.07164630871448e+05 
8.04300168932191e-02 1.07098573127132e+05 
8.06478233578383e-02 1.07012945611694e+05 
8.08656929374940e-02 1.06905285312455e+05 
8.10834769547500e-02 1.06773891766730e+05 
8.13012273331006e-02 1.06624819439381e+05 
8.15190190806117e-02 1.06459470444329e+05 
8.17368083092443e-02 1.06280894201900e+05 
8.19545925394629e-02 1.06089798200734e+05 
8.21724693608582e-02 1.05887884222045e+05 
8.23902911145530e-02 1.05678006319203e+05 
8.26081065057810e-02 1.05460691139644e+05 
8.28259846723324e-02 1.05236611833174e+05 
8.30438788820619e-02 1.05008397699651e+05 
8.32617894359932e-02 1.04777235406074e+05 
8.34798102020578e-02 1.04544081839747e+05 
8.36977995478765e-02 1.04310922682117e+05 
8.39158058132565e-02 1.04076853255822e+05 
8.41338948998909e-02 1.03842600473696e+05 
8.43520313395014e-02 1.03610684257584e+05 
8.45666844916995e-02 1.03384672718113e+05 
8.47814230109925e-02 1.03161715219991e+05 
8.49962737596219e-02 1.02941846748289e+05 
8.52113138320020e-02 1.02724754008211e+05 
8.54265810078517e-02 1.02509981912937e+05 
8.56420681145770e-02 1.02298531456741e+05 
8.58577179960845e-02 1.02091234145683e+05 
8.60735261213666e-02 1.01887148544024e+05 
8.62893229600608e-02 1.01687307189890e+05 
8.65051314401970e-02 1.01491525433962e+05 
8.67210433606461e-02 1.01298816192759e+05 
8.69369145946381e-02 1.01109961066696e+05 
8.71528010141421e-02 1.00925755500410e+05 
8.73687396797156e-02 1.00745366741636e+05 
8.75847331988079e-02 1.00569258937873e+05 
8.78009476961768e-02 1.00397607758720e+05 
8.80175312398061e-02 1.00229302570290e+05 
8.82344650170988e-02 1.00064775043449e+05 
8.84517919680488e-02 9.99047826389528e+04 
8.86695705135817e-02 9.97486512498604e+04 
8.88878172770260e-02 9.95964391676484e+04 
8.91066764736257e-02 9.94483154788770e+04 
8.93258751619172e-02 9.93039138581465e+04 
8.95451478930462e-02 9.91631613864041e+04 
8.97644726271712e-02 9.90269314670811e+04 
8.99839587686736e-02 9.88944750361468e+04 
9.02035000027770e-02 9.87656578908283e+04 
9.04231265247226e-02 9.86407542731742e+04 
9.06428810835796e-02 9.85195231683047e+04 
9.08627255860845e-02 9.84013333203738e+04 
9.10826318639925e-02 9.82871569007884e+04 
9.13027047188949e-02 9.81765586913474e+04 
9.15228469509489e-02 9.80692359429773e+04 
9.17430954244361e-02 9.79654459666542e+04 
9.19634819124120e-02 9.78654565850797e+04 
9.21839717220264e-02 9.77689981159995e+04 
9.24045290218342e-02 9.76772020162366e+04 
9.26252577614643e-02 9.75900657398723e+04 
9.28460694432909e-02 9.75077409358117e+04 
9.30670071403672e-02 9.74308328839699e+04 
9.32880887090114e-02 9.73607167693931e+04 
9.35092816831299e-02 9.72963987254925e+04 
9.37305391349936e-02 9.72392527404668e+04 
9.39519619186926e-02 9.71901254067238e+04 
9.41727052241001e-02 9.71490521683387e+04 
9.43934197350965e-02 9.71168905212502e+04 
9.46142508769563e-02 9.70935759492863e+04 
9.48351450855365e-02 9.70807914630197e+04 
9.50561905789998e-02 9.70822538368776e+04 
9.52774034736622e-02 9.70941044236549e+04 
9.54986760511634e-02 9.71138568869056e+04 
9.57200143930866e-02 9.71522658343457e+04 
9.59414971218879e-02 9.72078701682921e+04 
9.61630401818799e-02 9.72785270571432e+04 
9.63847028148257e-02 9.73632334257207e+04 
9.66064992722565e-02 9.74680919738312e+04 
9.68283276931603e-02 9.75830189804615e+04 
9.70503133026586e-02 9.77079852607112e+04 
9.72725256231222e-02 9.78438115157954e+04 
9.74949049595372e-02 9.79898145780836e+04 
9.77174924082681e-02 9.81480806629193e+04 
9.79403323551332e-02 9.83181306070414e+04 
9.81632823722423e-02 9.84995152506252e+04 
9.83862375689832e-02 9.86933674460617e+04 
9.86091675194709e-02 9.89000804601050e+04 
9.88320678044706e-02 9.91171747086957e+04 
9.90549153067803e-02 9.93422037937414e+04 
9.92777370912486e-02 9.95735387330450e+04 
9.95005264747746e-02 9.98088481774736e+04 
9.97050031826203e-02 1.00026743420473e+05 
9.99277726029863e-02 1.00266156823138e+05 
1.00115516808918e-01 1.00466166843144e+05 
1.00289600109307e-01 1.00649773047627e+05 
1.00470165890658e-01 1.00837126632562e+05 
1.00657898240882e-01 1.01026813659765e+05 
1.00835061358623e-01 1.01200036233189e+05 
1.01019021157929e-01 1.01375536559271e+05 
1.01211129630161e-01 1.01549804954529e+05 
1.01387112569500e-01 1.01698982217171e+05 
1.01570325917823e-01 1.01842263313873e+05 
1.01761760350705e-01 1.01979979241788e+05 
1.01941794116668e-01 1.02107131578130e+05 
1.02129887863381e-01 1.02219775230198e+05 
1.02327253889251e-01 1.02318873822206e+05 
1.02505502364205e-01 1.02394256053066e+05 
1.02692697816083e-01 1.02460268813137e+05 
1.02889694575882e-01 1.02513138663126e+05 
1.03073400699903e-01 1.02544532130074e+05 
1.03267677933241e-01 1.02573745861249e+05 
1.03473690707341e-01 1.02602158540861e+05 
1.03655234173157e-01 1.02621352092449e+05 
1.03849995631672e-01 1.02635187863522e+05 
1.04058332919846e-01 1.02641981429388e+05 
1.04250264315010e-01 1.02638207424252e+05 
1.04458670882507e-01 1.02622164637340e+05 
1.04681327704268e-01 1.02588509835442e+05 
1.04869899253547e-01 1.02549538084376e+05 
1.05068639629495e-01 1.02500204878674e+05 
1.05274571224754e-01 1.02439706918210e+05 
1.05477257161509e-01 1.02370565781762e+05 
1.05687441424065e-01 1.02289293100222e+05 
1.05896483171354e-01 1.02200293440214e+05 
1.06103538897859e-01 1.02104258359086e+05 
1.06317609746913e-01 1.01997877012034e+05 
1.06526713424114e-01 1.01888326700138e+05 
1.06742592893039e-01 1.01768510352490e+05 
1.06963742440301e-01 1.01639835724871e+05 
1.07186660698734e-01 1.01506205427399e+05 
1.07409587831523e-01 1.01367758241091e+05 
1.07632552827322e-01 1.01226216446123e+05 
1.07855562223108e-01 1.01082011172868e+05 
1.08078651837177e-01 1.00935557496488e+05 
1.08301807395427e-01 1.00787212069267e+05 
1.08525015945542e-01 1.00639139049530e+05 
1.08748267736643e-01 1.00490966734511e+05 
1.08971582564158e-01 1.00343318522360e+05 
1.09194949544799e-01 1.00196664053898e+05 
1.09418397573435e-01 1.00051005705242e+05 
1.09641927242729e-01 9.99061850985243e+04 
1.09865522312663e-01 9.97638738499478e+04 
1.10089175833875e-01 9.96231494167371e+04 
1.10312904117031e-01 9.94845309235425e+04 
1.10536682189946e-01 9.93481936362199e+04 
1.10760532396421e-01 9.92140369924702e+04 
1.10984461910918e-01 9.90820385489707e+04 
1.11208447352844e-01 9.89534790842991e+04 
1.11432472071800e-01 9.88270560590412e+04 
1.11656550911578e-01 9.87039093932975e+04 
1.11880656876501e-01 9.85836880547322e+04 
1.12104809802631e-01 9.84662110406155e+04 
1.12329037484649e-01 9.83507457070383e+04 
1.12553319683629e-01 9.82403760699564e+04 
1.12777639442810e-01 9.81330736615745e+04 
1.13002016533196e-01 9.80294811582819e+04 
1.13226419147762e-01 9.79291084079343e+04 
1.13450865756880e-01 9.78321082101872e+04 
1.13675394980509e-01 9.77373398023242e+04 
1.13899984308660e-01 9.76460513492110e+04 
1.14124583022286e-01 9.75581386255341e+04 
1.14349150508286e-01 9.74744502766355e+04 
1.14573649405307e-01 9.73950007712421e+04 
1.14798096933149e-01 9.73196960120036e+04 
1.15022534190386e-01 9.72491636544044e+04 
1.15246952105463e-01 9.71845831630136e+04 
1.15471334905922e-01 9.71250919331592e+04 
1.15695693107748e-01 9.70705023811754e+04 
1.15919986505920e-01 9.70208918359626e+04 
1.16144225814517e-01 9.69759475743124e+04 
1.16368454916162e-01 9.69359192546784e+04 
1.16592668814982e-01 9.69006896114408e+04 
1.16816858463525e-01 9.68703404839042e+04 
1.17041027269928e-01 9.68441015228725e+04 
1.17265134750840e-01 9.68219190192655e+04 
1.17489183901377e-01 9.68038122437092e+04 
1.17713224979760e-01 9.67895690694770e+04 
1.17937255980861e-01 9.67794985769177e+04 
1.18161275292092e-01 9.67727463932719e+04 
1.18385279776518e-01 9.67707161158692e+04 
1.18609230223005e-01 9.67732115351671e+04 
1.18833121935235e-01 9.67803116142346e+04 
1.19057010647407e-01 9.67877791104857e+04 
1.19280897104325e-01 9.68025823685159e+04 
1.19504786063413e-01 9.68231917924179e+04 
1.19728669170460e-01 9.68481640309906e+04 
1.19952508510783e-01 9.68768716451818e+04 
1.20176292990998e-01 9.69088743359110e+04 
1.20400080807121e-01 9.69467833107041e+04 
1.20623873873245e-01 9.69843923956644e+04 
1.20847678342390e-01 9.70212786555255e+04 
1.21071490582479e-01 9.70582216823840e+04 
1.21295269009469e-01 9.70956767429905e+04 
1.21518999477171e-01 9.71337997694441e+04 
1.21742744738234e-01 9.71743716629441e+04 
1.21966506736040e-01 9.72182299864391e+04 
1.22190295774617e-01 9.72647778706746e+04 
1.22414104914611e-01 9.73124515745877e+04 
1.22637895291256e-01 9.73604329454771e+04 
1.22861646883277e-01 9.74074891174528e+04 
1.23085422725080e-01 9.74537398234845e+04 
1.23309225304314e-01 9.74985763278667e+04 
1.23533070732579e-01 9.75423632991765e+04 
1.23756949957538e-01 9.75851617694903e+04 
1.23980825690761e-01 9.76265536963590e+04 
1.24204673993724e-01 9.76662906431999e+04 
1.24428556796764e-01 9.77047517939675e+04 
1.24652475543010e-01 9.77413782537355e+04 
1.24876426254515e-01 9.77763750681736e+04 
1.25100406853859e-01 9.78095163536976e+04 
1.25324385527519e-01 9.78408874797163e+04 
1.25548336178185e-01 9.78691124601123e+04 
1.25772289774341e-01 9.78961150832711e+04 
1.25996246712503e-01 9.79214079258668e+04 
1.26220229189431e-01 9.79447811240424e+04 
1.26444245858395e-01 9.79659868225910e+04 
1.26668269330100e-01 9.79849175594959e+04 
1.26892276375432e-01 9.80017128207314e+04 
1.27116294509263e-01 9.80165444795074e+04 
1.27340322689929e-01 9.80290749582602e+04 
1.27564381056973e-01 9.80397410147870e+04 
1.27788477383547e-01 9.80484434326799e+04 
1.28012587271393e-01 9.80551848610283e+04 
1.28236694039535e-01 9.80602025045448e+04 
1.28460820577643e-01 9.80636202752701e+04 
1.28684963044152e-01 9.80653692157534e+04 
1.28909137721344e-01 9.80657329076831e+04 
1.29133353277331e-01 9.80643452875515e+04 
1.29357586086067e-01 9.80621245828903e+04 
1.29581824719187e-01 9.80594606626686e+04 
1.29806088236751e-01 9.80564250807438e+04 
1.30030369255019e-01 9.80528227240227e+04 
1.30254678980439e-01 9.80492804994581e+04 
1.30479027403847e-01 9.80457703973265e+04 
1.30703393488810e-01 9.80424205058158e+04 
1.30927771876381e-01 9.80392980932869e+04 
1.31152178605434e-01 9.80368548335219e+04 
1.31376604553287e-01 9.80351667280671e+04 
1.31601055646163e-01 9.80348112549564e+04 
1.31825545131970e-01 9.80354404217860e+04 
1.32050054849560e-01 9.80378458775842e+04 
1.32274585487322e-01 9.80429146023981e+04 
1.32499148190138e-01 9.80488684489118e+04 
1.32723731892867e-01 9.80582555793929e+04 
1.32948337418342e-01 9.80728550726117e+04 
1.33172980965160e-01 9.80919144034472e+04 
1.33397646774217e-01 9.81139943078229e+04 
1.33622340413230e-01 9.81424018251257e+04 
1.33847068670799e-01 9.81706542027538e+04 
1.34071817856786e-01 9.81996019118119e+04 
1.34296583370317e-01 9.82288663634058e+04 
1.34521382559159e-01 9.82603896211786e+04 
1.34746201175199e-01 9.82948730551567e+04 
1.34971049800435e-01 9.83324248859630e+04 
1.35195931880908e-01 9.83724927571526e+04 
1.35420832169615e-01 9.84146531466062e+04 
1.35645740991192e-01 9.84585813789996e+04 
1.35870677367918e-01 9.85036232763427e+04 
1.36095628772159e-01 9.85497074191218e+04 
1.36320609522075e-01 9.85969526303935e+04 
1.36545620234683e-01 9.86459717834725e+04 
1.36770644705801e-01 9.86961474076842e+04 
1.36995671856824e-01 9.87475993328407e+04 
1.37220718425530e-01 9.87988055731989e+04 
1.37445774427081e-01 9.88519412173271e+04 
1.37670838185124e-01 9.89061630907293e+04 
1.37895926100357e-01 9.89607228187456e+04 
1.38121028721655e-01 9.90142376142328e+04 
1.38346125397754e-01 9.90693337208875e+04 
1.38571224742929e-01 9.91247529718901e+04 
1.38796312970620e-01 9.91803205446548e+04 
1.39021400193377e-01 9.92439683269728e+04 
1.39246501701232e-01 9.93176925148389e+04 
1.39471609560648e-01 9.94036576198444e+04 
1.39696702175564e-01 9.95055878045463e+04 
1.39921788722596e-01 9.96230280279330e+04 
1.40146854256169e-01 9.97562560335058e+04 
1.40371910565340e-01 9.99068199366935e+04 
1.40596972171050e-01 1.00075462687376e+05 
1.40822032412342e-01 1.00262496096800e+05 
1.41047070628058e-01 1.00468125437358e+05 
1.41272096340802e-01 1.00692355568377e+05 
1.41497091645785e-01 1.00934613350447e+05 
1.41722068541647e-01 1.01194053327504e+05 
1.41947040921148e-01 1.01468870617808e+05 
1.42172003381911e-01 1.01756765572400e+05 
1.42396938597179e-01 1.02054660571218e+05 
1.42621855357653e-01 1.02359609961665e+05 
1.42846733770665e-01 1.02666757563372e+05 
1.43071583821935e-01 1.02972616961132e+05 
1.43296418848894e-01 1.03272243087431e+05 
1.43521235927327e-01 1.03560258373581e+05 
1.43746020649355e-01 1.03833274886781e+05 
1.43970782508435e-01 1.04084836215898e+05 
1.44195499595658e-01 1.04310230679723e+05 
1.44420180200886e-01 1.04504905678540e+05 
1.44644836602244e-01 1.04680955349814e+05 
1.44869466881218e-01 1.04811288209831e+05 
1.45094062109168e-01 1.04903913415850e+05 
1.45318633231380e-01 1.04968483812287e+05 
1.45543155396679e-01 1.04993235467069e+05 
1.45767635916030e-01 1.05014396138543e+05 
1.45992087555865e-01 1.05028943086705e+05 
1.46216509326501e-01 1.05031238021036e+05 
1.46440898050149e-01 1.05014830437844e+05 
1.46665266274565e-01 1.04979653041997e+05 
1.46889587308124e-01 1.04924403704396e+05 
1.47113867077433e-01 1.04861764022481e+05 
1.47338118613510e-01 1.04784645421260e+05 
1.47562340494081e-01 1.04692296571296e+05 
1.47786533618574e-01 1.04587130139199e+05 
1.48010711851029e-01 1.04470364061022e+05 
1.48234847981859e-01 1.04343508759783e+05 
1.48458945554880e-01 1.04206796789615e+05 
1.48683018429514e-01 1.04062247239229e+05 
1.48907064503119e-01 1.03910766230681e+05 
1.49131087520721e-01 1.03752624514959e+05 
1.49355101931316e-01 1.03589053971235e+05 
1.49579080616659e-01 1.03420804294739e+05 
1.49803024962807e-01 1.03248604218180e+05 
1.50026949523599e-01 1.03073053396110e+05 
1.50250851495815e-01 1.02894977651599e+05 
1.50474737036136e-01 1.02714330627933e+05 
1.50698620609934e-01 1.02531828438828e+05 
1.50922476203620e-01 1.02347731012698e+05 
1.51146303998489e-01 1.02162285805952e+05 
1.51370119364519e-01 1.01976080556689e+05 
1.51593918339775e-01 1.01790071232754e+05 
1.51817707879947e-01 1.01603338054301e+05 
1.52041502573523e-01 1.01418769935278e+05 
1.52265276963985e-01 1.01235759110334e+05 
1.52489030716097e-01 1.01055043945834e+05 
1.52712779305201e-01 1.00874876129685e+05 
1.52936516986101e-01 1.00696553546279e+05 
1.53160251081050e-01 1.00520014626236e+05 
1.53383995911295e-01 1.00346347109035e+05 
1.53607726332826e-01 1.00175903757428e+05 
1.53831441766182e-01 1.00009804448490e+05 
1.54055157353329e-01 9.98482564923294e+04 
1.54278866078269e-01 9.96917998962940e+04 
1.54502575245228e-01 9.95404514707901e+04 
1.54726298806341e-01 9.93944874078737e+04 
1.54950010764696e-01 9.92540942661352e+04 
1.55173710950519e-01 9.91196309883717e+04 
1.55397414177071e-01 9.89913492373639e+04 
1.55621112668754e-01 9.88695128095614e+04 
1.55844813812063e-01 9.87540146149354e+04 
1.56068531912232e-01 9.86448188993247e+04 
1.56292240164230e-01 9.85417045722431e+04 
1.56515938900175e-01 9.84446613339692e+04 
1.56739642491873e-01 9.83536367982199e+04 
1.56963343087335e-01 9.82683558793890e+04 
1.57187048692071e-01 9.81888951604446e+04 
1.57410774228882e-01 9.81147228714959e+04 
1.57634492097091e-01 9.80454001821494e+04 
1.57858202834555e-01 9.79807166940817e+04 
1.58081920534728e-01 9.79203224365907e+04 
1.58305637602631e-01 9.78636502549361e+04 
1.58529362434854e-01 9.78109441261328e+04 
1.58753110471263e-01 9.77613776810108e+04 
1.58976852990965e-01 9.77146216423427e+04 
1.59200591117671e-01 9.76703137629018e+04 
1.59424338688978e-01 9.76281993050390e+04 
1.59648088129778e-01 9.75880029130966e+04 
1.59871847855609e-01 9.75499088773354e+04 
1.60095633954960e-01 9.75143983547596e+04 
1.60319416983634e-01 9.74809332853380e+04 
1.60543197606662e-01 9.74506435904876e+04 
1.60766989583389e-01 9.74216023448147e+04 
1.60990785183716e-01 9.73938100012738e+04 
1.61214593146709e-01 9.73684947493339e+04 
1.61438429487585e-01 9.73453716308416e+04 
1.61662264233385e-01 9.73246934770216e+04 
1.61886084373055e-01 9.73069114303595e+04 
1.62109896789376e-01 9.72917724653293e+04 
1.62333699531653e-01 9.72801542075927e+04 
1.62557495521481e-01 9.72739934089016e+04 
1.62781295475756e-01 9.72724308454528e+04 
1.63005082903321e-01 9.72757303589512e+04 
1.63228847783210e-01 9.72870084446969e+04 
1.63452605127569e-01 9.73039932262788e+04 
1.63676353292085e-01 9.73299699122266e+04 
1.63900095412426e-01 9.73495670218334e+04 
1.64123842075646e-01 9.73699534575089e+04 
1.64347576724228e-01 9.73925660762841e+04 
1.64571288570653e-01 9.74167964744835e+04 
1.64794992720104e-01 9.74452769530078e+04 
1.65018687629242e-01 9.74793013155226e+04 
1.65242375952565e-01 9.75138664933478e+04 
1.65466068311336e-01 9.75476519766792e+04 
1.65689748158738e-01 9.75824576618364e+04 
1.65913404612360e-01 9.76206651381085e+04 
1.66137053449133e-01 9.76628790566457e+04 
1.66360693795957e-01 9.77096468705550e+04 
1.66584327945252e-01 9.77617567880743e+04 
1.66807967417816e-01 9.78180507696871e+04 
1.67031597316247e-01 9.78787538138920e+04 
1.67255206628184e-01 9.79440928474857e+04 
1.67478811598427e-01 9.80132531823045e+04 
1.67702412107510e-01 9.80858745871718e+04 
1.67926010376438e-01 9.81620477763510e+04 
1.68149618383691e-01 9.82409861766667e+04 
1.68373222899769e-01 9.83225999977614e+04 
1.68596812552402e-01 9.84066967768156e+04 
1.68820404027414e-01 9.84928661060336e+04 
1.69043998160383e-01 9.85809176996190e+04 
1.69267596926079e-01 9.86710677818091e+04 
1.69491212607327e-01 9.87627482538290e+04 
1.69714832316721e-01 9.88560246423910e+04 
1.69938444576290e-01 9.89507605077562e+04 
1.70162065788240e-01 9.90465794969468e+04 
1.70385697037244e-01 9.91434011717447e+04 
1.70609338363348e-01 9.92411478563746e+04 
1.70833002873980e-01 9.93393873668121e+04 
1.71056678242521e-01 9.94379965478762e+04 
1.71280354248816e-01 9.95366857909137e+04 
1.71504047158679e-01 9.96350875192605e+04 
1.71727758382247e-01 9.97330353485780e+04 
1.71951486110512e-01 9.98299601536792e+04 
1.72175244206274e-01 9.99248754851879e+04 
1.72399020951570e-01 1.00018156152632e+05 
1.72622807256596e-01 1.00109453353455e+05 
1.72846618725746e-01 1.00198028287347e+05 
1.73070456915643e-01 1.00283279555552e+05 
1.73294318469739e-01 1.00365227330747e+05 
1.73518217576784e-01 1.00442868232777e+05 
1.73742142390867e-01 1.00516211275355e+05 
1.73966084488422e-01 1.00584378412429e+05 
1.74190058410013e-01 1.00647332321020e+05 
1.74414065813561e-01 1.00705102229149e+05 
1.74638101418443e-01 1.00757848553913e+05 
1.74862179271848e-01 1.00805531952061e+05 
1.75086286886436e-01 1.00848318339763e+05 
1.75310417386601e-01 1.00885261812811e+05 
1.75534584316744e-01 1.00920320437139e+05 
1.75758789315232e-01 1.00946763347866e+05 
1.75983024886439e-01 1.00966547811983e+05 
1.76207305536540e-01 1.00980224390727e+05 
1.76431618978849e-01 1.00989023687648e+05 
1.76655960042309e-01 1.00993349924988e+05 
1.76880340994066e-01 1.00997742628582e+05 
1.77104762976110e-01 1.01001179319599e+05 
1.77329216972703e-01 1.01002788468579e+05 
1.77553717274536e-01 1.01001642634877e+05 
1.77778251580411e-01 1.00996785189455e+05 
1.78002816641369e-01 1.00987131643293e+05 
1.78227423110380e-01 1.00973284226775e+05 
1.78452071434413e-01 1.00955553433555e+05 
1.78676751328756e-01 1.00933917910420e+05 
1.78901476980754e-01 1.00907674732895e+05 
1.79126236394735e-01 1.00877561168664e+05 
1.79351028562353e-01 1.00843649019505e+05 
1.79575862376833e-01 1.00805659802847e+05 
1.79800737535715e-01 1.00763736117163e+05 
1.80025643469301e-01 1.00718594553297e+05 
1.80250594500759e-01 1.00669737895905e+05 
1.80475579369504e-01 1.00617718823137e+05 
1.80700598936137e-01 1.00563266173441e+05 
1.80925660009726e-01 1.00506269726524e+05 
1.81150761470809e-01 1.00446905153316e+05 
1.81375893617218e-01 1.00386311415635e+05 
1.81601070503481e-01 1.00324101128214e+05 
1.81826281305793e-01 1.00260564850013e+05 
1.82051528197589e-01 1.00195857701459e+05 
1.82276815513371e-01 1.00130367675432e+05 
1.82502141181688e-01 1.00064227361567e+05 
1.82727496833466e-01 9.99985261831878e+04 
1.82952896350599e-01 9.99330048264347e+04 
1.83178329380187e-01 9.98683630130593e+04 
1.83403799606542e-01 9.98050967393273e+04 
1.83629308805533e-01 9.97434780483639e+04 
1.83854854062229e-01 9.96826439448210e+04 
1.84080428411215e-01 9.96252559295774e+04 
1.84306045790632e-01 9.95705459802247e+04 
1.84531696816679e-01 9.95186080587071e+04 
1.84757386568111e-01 9.94709242615764e+04 
1.84983114217857e-01 9.94246263537719e+04 
1.85208875695312e-01 9.93806904785585e+04 
1.85434664752515e-01 9.93391106655704e+04 
1.85660495022783e-01 9.93001498083514e+04 
1.85886358261289e-01 9.92639426881204e+04 
1.86112260592838e-01 9.92310978803683e+04 
1.86338198818506e-01 9.92015935126117e+04 
1.86564167641847e-01 9.91757108939502e+04 
1.86790161168119e-01 9.91536805296369e+04 
1.87016192270109e-01 9.91361518130782e+04 
1.87242253992440e-01 9.91227529998183e+04 
1.87468352988268e-01 9.91137064817638e+04 
1.87694484482791e-01 9.91089434310277e+04 
1.87920642503450e-01 9.91081532578862e+04 
1.88146821882235e-01 9.91113257511475e+04 
1.88373034402671e-01 9.91188076796503e+04 
1.88599274747660e-01 9.91306947372022e+04 
1.88825550382937e-01 9.91475960729656e+04 
1.89051855627402e-01 9.91668534870354e+04 
1.89278184462597e-01 9.91925135309877e+04 
1.89504532795810e-01 9.92239514920202e+04 
1.89730911942380e-01 9.92600071459917e+04 
1.89957317952914e-01 9.93014425561148e+04 
1.90183758819310e-01 9.93471336430435e+04 
1.90410227655743e-01 9.93949279778041e+04 
1.90636718005437e-01 9.94443856773242e+04 
1.90863226846517e-01 9.94967461742175e+04 
1.91089764648233e-01 9.95519742015725e+04 
1.91316329155419e-01 9.96103835287377e+04 
1.91542928592402e-01 9.96727409336544e+04 
1.91769555459593e-01 9.97393024122404e+04 
1.91996203232384e-01 9.98086118198399e+04 
1.92222870004892e-01 9.98807699232155e+04 
1.92449565532018e-01 9.99557614304765e+04 
1.92676289286846e-01 1.00032725805304e+05 
1.92903049708722e-01 1.00111570587229e+05 
1.93129838696925e-01 1.00192400615689e+05 
1.93356649484547e-01 1.00274037768289e+05 
1.93583480880110e-01 1.00355880113734e+05 
1.93810341485098e-01 1.00437571610999e+05 
1.94037231444934e-01 1.00518805441622e+05 
1.94264159030239e-01 1.00597732389804e+05 
1.94491115700573e-01 1.00674855387167e+05 
1.94718094335509e-01 1.00749375486794e+05 
1.94945094411471e-01 1.00821222431788e+05 
1.95172123689694e-01 1.00890132097912e+05 
1.95399182839536e-01 1.00957059147087e+05 
1.95626279781108e-01 1.01021103302455e+05 
1.95853405815062e-01 1.01082883736369e+05 
1.96080553393239e-01 1.01140871341771e+05 
1.96307722292138e-01 1.01194225652035e+05 
1.96534919576526e-01 1.01243740606227e+05 
1.96762146087443e-01 1.01288521744778e+05 
1.96989409345642e-01 1.01328463679880e+05 
1.97216700954653e-01 1.01364134718602e+05 
1.97444013162323e-01 1.01396152708497e+05 
1.97671346045760e-01 1.01422246834183e+05 
1.97898706474681e-01 1.01442770069249e+05 
1.98126095553181e-01 1.01458196998544e+05 
1.98353517300374e-01 1.01469650345366e+05 
1.98580950308992e-01 1.01475270441749e+05 
1.98808392817711e-01 1.01478660599253e+05 
1.99035851093353e-01 1.01480085174185e+05 
1.99263321729091e-01 1.01479869132360e+05 
1.99490806515966e-01 1.01476526172072e+05 
1.99718306119455e-01 1.01469847158121e+05 
1.99945815173683e-01 1.01460374318928e+05 
2.00173331952219e-01 1.01447061630715e+05 
