# Liste des scalaires : TEMPS pmat 
0.00000000000000e+00 1.00000000000000e+05 
7.22956891292051e-05 1.00000000000000e+05 
1.33748585957206e-04 1.00000000000000e+05 
2.01346772468007e-04 1.00000000000000e+05 
2.75704777629888e-04 1.00000000000000e+05 
3.57498583307957e-04 1.00000000000000e+05 
4.47471769553833e-04 1.00000000000000e+05 
5.46442274424296e-04 1.00000000000000e+05 
6.55309829781806e-04 1.00000000000000e+05 
7.75064140675067e-04 1.00000000000000e+05 
9.06793882657654e-04 1.00000000000000e+05 
1.04415755120932e-03 1.00000000000000e+05 
1.18595250985378e-03 1.00000000000000e+05 
1.33630706346755e-03 1.00000000000000e+05 
1.49447677817263e-03 1.00000000000000e+05 
1.65854921402864e-03 1.00000000000000e+05 
1.83336575807399e-03 1.00000000000000e+05 
2.00862340504346e-03 1.00000000000000e+05 
2.18948043554574e-03 1.00000000000000e+05 
2.37881693034556e-03 1.00000000000000e+05 
2.58018930114769e-03 1.00000000000000e+05 
2.79223156265895e-03 1.00000000000000e+05 
3.01338827691789e-03 1.00000000000000e+05 
3.24533210057077e-03 1.00000000000000e+05 
3.49326724932462e-03 1.00000000000000e+05 
3.75069305552462e-03 1.00000000000000e+05 
4.02376513936359e-03 1.00000000000000e+05 
4.31009551008829e-03 1.00000000000000e+05 
4.61163442247763e-03 1.00000000000000e+05 
4.92813927817725e-03 1.00000000000000e+05 
5.22276253369250e-03 1.00000000000000e+05 
5.51055024315675e-03 1.00000000000000e+05 
5.79886126620672e-03 1.00000000000000e+05 
6.10716372033272e-03 1.00000000000000e+05 
6.43003134707776e-03 1.00000000000000e+05 
6.76522887724068e-03 1.00000000000000e+05 
7.09026772265583e-03 1.00000000000000e+05 
7.42446020356318e-03 1.00000000000000e+05 
7.76192150755489e-03 1.00000000000000e+05 
8.10492839329327e-03 1.00000000000000e+05 
8.45302176819474e-03 1.00000000000000e+05 
8.81068805073493e-03 1.00000000000000e+05 
9.17674927314555e-03 1.00000000000000e+05 
9.55269165116394e-03 1.00000000000000e+05 
9.93160056434298e-03 1.00000000000000e+05 
1.03037303686845e-02 1.00000000000000e+05 
1.06761429578269e-02 1.00000000000000e+05 
1.10492077532106e-02 1.00000000000000e+05 
1.14268940902429e-02 1.00000000000000e+05 
1.18076943420126e-02 1.00000000000000e+05 
1.21947089057195e-02 1.00000000000000e+05 
1.25861098779428e-02 1.00000000000000e+05 
1.29764690475957e-02 1.00000000000000e+05 
1.33645757245113e-02 1.00000000000000e+05 
1.37513099940382e-02 1.00000000000000e+05 
1.41364014356433e-02 1.00000000000000e+05 
1.45223292718311e-02 1.00000000000000e+05 
1.49092280168219e-02 1.00000000000000e+05 
1.52963897323149e-02 1.00000000000000e+05 
1.56835006152136e-02 1.00000000000000e+05 
1.60699316398711e-02 1.00000000000000e+05 
1.64566351784018e-02 1.00000000000000e+05 
1.68444283849895e-02 1.00000000000000e+05 
1.72335614364754e-02 1.00000000000000e+05 
1.76233817333234e-02 1.00000000000000e+05 
1.80125722531520e-02 1.00000000000000e+05 
1.84007990162218e-02 1.00000000000000e+05 
1.87891635967639e-02 1.00000000000000e+05 
1.91782716208024e-02 1.00000000000000e+05 
1.95677654033300e-02 1.00000000000000e+05 
1.99571239575884e-02 1.00000000000000e+05 
2.03463868823590e-02 1.00000000000000e+05 
2.07347666661756e-02 1.00000000000000e+05 
2.11232097287535e-02 1.00000000000000e+05 
2.15123571694190e-02 1.00000000000000e+05 
2.19021939327165e-02 1.00000000000000e+05 
2.22924190016743e-02 1.00000000000000e+05 
2.26820613940313e-02 1.00000000000000e+05 
2.30706385093219e-02 1.00000000000000e+05 
2.34593602564385e-02 1.00000000000000e+05 
2.38487613401250e-02 1.00000000000000e+05 
2.42388704344061e-02 1.00000000000000e+05 
2.46289922655693e-02 1.00000000000000e+05 
2.50191993283237e-02 1.00000000000000e+05 
2.54084550704071e-02 1.00000000000000e+05 
2.57976975714866e-02 1.00000000000000e+05 
2.61872629374516e-02 1.00000000000000e+05 
2.65771526728636e-02 1.00000000000000e+05 
2.69670433158529e-02 1.00000000000000e+05 
2.73567595628673e-02 1.00000000000000e+05 
2.77455118950999e-02 1.00000000000000e+05 
2.81342999201635e-02 1.00000000000000e+05 
2.85234874076570e-02 1.00000000000000e+05 
2.89132011607858e-02 1.00000000000000e+05 
2.93024463278656e-02 1.00000000000000e+05 
2.96919707066597e-02 1.00000000000000e+05 
3.00819153550038e-02 1.00000000000000e+05 
3.04717834391155e-02 1.00000000000000e+05 
3.08618832345317e-02 1.00000000000000e+05 
3.12522818019251e-02 1.00000000000000e+05 
3.16425779518107e-02 1.00000000000000e+05 
3.20327822654561e-02 1.00000000000000e+05 
3.24233036674028e-02 1.00000000000000e+05 
3.28133323751680e-02 1.00000000000000e+05 
3.32034831033366e-02 1.00000000000000e+05 
3.35938851779763e-02 1.00000000000000e+05 
3.39842886136457e-02 1.00000000000000e+05 
3.43746939410696e-02 1.00000000000000e+05 
3.47658852006742e-02 1.00000000000000e+05 
3.51568328726389e-02 1.00000000000000e+05 
3.55480019971968e-02 1.00000000000000e+05 
3.59394402277177e-02 1.00000000000000e+05 
3.63308332990617e-02 1.00000000000000e+05 
3.67215453939609e-02 1.00000000000000e+05 
3.71126830173020e-02 1.00000000000000e+05 
3.75038471536270e-02 1.00000000000000e+05 
3.78951436500565e-02 1.00000000000000e+05 
3.82865935160080e-02 1.00000000000000e+05 
3.86775176878860e-02 1.00000000000000e+05 
3.90677997721649e-02 1.00000000000000e+05 
3.94585217782129e-02 1.00000000000000e+05 
3.98491193744079e-02 1.00000000000000e+05 
4.02395698529755e-02 1.00000000000000e+05 
4.06299831343387e-02 1.00000000000000e+05 
4.10199318561529e-02 1.00000000000000e+05 
4.14090028031924e-02 1.00000000000000e+05 
4.17981396510831e-02 1.00000000000000e+05 
4.21872969274890e-02 1.00000000000000e+05 
4.25764552111708e-02 1.00000000000000e+05 
4.29657567536980e-02 1.00000000000000e+05 
4.33545340533017e-02 1.00000000000000e+05 
4.37427256862904e-02 1.00000000000000e+05 
4.41311939866622e-02 1.00000000000000e+05 
4.45195541944278e-02 1.00000000000000e+05 
4.49079813615492e-02 1.00000000000000e+05 
4.52965295090549e-02 1.00000000000000e+05 
4.56847472784606e-02 1.00000000000000e+05 
4.60726555694693e-02 1.00000000000000e+05 
4.64610586700140e-02 1.00000000000000e+05 
4.68494925437294e-02 1.00000000000000e+05 
4.72381624052241e-02 1.00000000000000e+05 
4.76270352297182e-02 1.00000000000000e+05 
4.80154513748548e-02 1.00000000000000e+05 
4.84030530207307e-02 1.00000000000000e+05 
4.87905721000885e-02 1.00000000000000e+05 
4.91782300533134e-02 1.00000000000000e+05 
4.95660300277965e-02 1.00000000000000e+05 
4.99541672434217e-02 1.00000000000000e+05 
5.03422682547741e-02 1.00000000000000e+05 
5.07299547250505e-02 1.00000000000000e+05 
5.11179189971224e-02 1.00000000000000e+05 
5.15059989576492e-02 1.00000000000000e+05 
5.18944393149384e-02 1.00000000000000e+05 
5.22832406582065e-02 1.00000000000000e+05 
5.26718858034484e-02 1.00000000000000e+05 
5.30601329778062e-02 1.00000000000000e+05 
5.34486503944244e-02 1.00000000000000e+05 
5.38372289005261e-02 1.00000000000000e+05 
5.42261379071959e-02 1.00000000000000e+05 
5.46153900025765e-02 1.00000000000000e+05 
5.50047403179910e-02 1.00000000000000e+05 
5.53939446173736e-02 1.00000000000000e+05 
5.57835931043518e-02 1.00000000000000e+05 
5.61734162407901e-02 1.00000000000000e+05 
5.65634672978486e-02 1.00000000000000e+05 
5.69538435091782e-02 1.00000000000000e+05 
5.73445506905014e-02 1.00000000000000e+05 
5.77355286021182e-02 1.00000000000000e+05 
5.81272214703406e-02 1.00000000000000e+05 
5.85196521200383e-02 1.00000000000000e+05 
5.89131376438328e-02 1.00000000000000e+05 
5.93077265567278e-02 1.00000000000000e+05 
5.97013838904658e-02 1.00000000000000e+05 
6.00939752454421e-02 1.00000000000000e+05 
6.04859526059706e-02 1.00000000000000e+05 
6.08769361209696e-02 1.00000000000000e+05 
6.12672970131248e-02 1.00000000000000e+05 
6.16571020043461e-02 1.00000000000000e+05 
6.20462511776480e-02 1.00000000000000e+05 
6.24351772105556e-02 1.00000000000000e+05 
6.28244696456097e-02 1.00000000000000e+05 
6.32138271282195e-02 1.00000000000000e+05 
6.36035268015380e-02 1.00000000000000e+05 
6.39932979933720e-02 1.00000000000000e+05 
6.43825817212329e-02 1.00000000000000e+05 
6.47718216282075e-02 1.00000000000000e+05 
6.51617197567769e-02 1.00000000000000e+05 
6.55517332774468e-02 1.00000000000000e+05 
6.59422834264193e-02 1.00000000000000e+05 
6.63332680281055e-02 1.00000000000000e+05 
6.67242906275966e-02 1.00000000000000e+05 
6.71156871469927e-02 1.00000000000000e+05 
6.75076407479112e-02 1.00000000000000e+05 
6.79001037843474e-02 1.00000000000000e+05 
6.82931404783629e-02 1.00000000000000e+05 
6.86864513859964e-02 1.00000000000000e+05 
6.90794001257512e-02 1.00000000000000e+05 
6.94714266517351e-02 1.00000000000000e+05 
6.98629847625832e-02 1.00000000000000e+05 
7.02542221534231e-02 1.00000000000000e+05 
7.06452962982405e-02 1.00000000000000e+05 
7.10361527285408e-02 1.00000000000000e+05 
7.14266913853794e-02 1.00000000011127e+05 
7.18163876477425e-02 1.00000000179261e+05 
7.22056783343290e-02 1.00000000540112e+05 
7.25946231411653e-02 1.00000001280219e+05 
7.29834802838559e-02 1.00000002176536e+05 
7.33721870824624e-02 1.00000003294765e+05 
7.37606283966673e-02 1.00000004726701e+05 
7.41484103800492e-02 1.00000006405210e+05 
7.45359214078329e-02 1.00000008157909e+05 
7.49231863651730e-02 1.00000009934980e+05 
7.53104876247419e-02 1.00000011623846e+05 
7.56977548059812e-02 1.00000013270510e+05 
7.60848530818417e-02 1.00000014867191e+05 
7.64714123347813e-02 1.00000017191212e+05 
7.68578381682207e-02 1.00000020384756e+05 
7.72440315674675e-02 1.00000027257360e+05 
7.76303838641518e-02 1.00000039495711e+05 
7.80168218559034e-02 1.00000076412166e+05 
7.84032245018038e-02 1.00000154306862e+05 
7.87891680744781e-02 1.00000290814513e+05 
7.91750141726303e-02 1.00000494128186e+05 
7.95606814864449e-02 1.00000782444506e+05 
7.99466735100441e-02 1.00001167907455e+05 
8.03328446016376e-02 1.00001664577870e+05 
8.07189195933382e-02 1.00002280985849e+05 
8.11045731559114e-02 1.00003010034565e+05 
8.14901865977624e-02 1.00003824780326e+05 
8.18757726759779e-02 1.00004704864606e+05 
8.22618024244258e-02 1.00005592045343e+05 
8.26481787447119e-02 1.00006446964899e+05 
8.30346097482750e-02 1.00007205616416e+05 
8.34208134158409e-02 1.00007942505332e+05 
8.38071801942634e-02 1.00008576025851e+05 
8.41936399225551e-02 1.00009410025895e+05 
8.45807116549028e-02 1.00010801637667e+05 
8.49682612133951e-02 1.00013957791611e+05 
8.53560313228624e-02 1.00020392267208e+05 
8.57437458259412e-02 1.00036948168184e+05 
8.61317931154973e-02 1.00076345783248e+05 
8.65200474976675e-02 1.00150277143705e+05 
8.69089665901591e-02 1.00264637858001e+05 
8.72984735051124e-02 1.00426213056676e+05 
8.76882490787532e-02 1.00638609931173e+05 
8.80780642630366e-02 1.00905102183448e+05 
8.84682495481473e-02 1.01228066681484e+05 
8.88586424113367e-02 1.01600942247994e+05 
8.92496641152507e-02 1.02013838674239e+05 
8.96412833612880e-02 1.02457390714232e+05 
9.00331381044311e-02 1.02910929189629e+05 
9.04250508557935e-02 1.03359913551144e+05 
9.08172531486128e-02 1.03785054142343e+05 
9.12095898862071e-02 1.04172974762216e+05 
9.16024216912165e-02 1.04484655240941e+05 
9.19957040107432e-02 1.04746052625149e+05 
9.23891641904344e-02 1.04884785662549e+05 
9.27826175612372e-02 1.04950731652814e+05 
9.31762166570737e-02 1.04938040274159e+05 
9.35698254477429e-02 1.04919115721754e+05 
9.39637781284871e-02 1.04879462559488e+05 
9.43580352938914e-02 1.04805163065577e+05 
9.47524121516117e-02 1.04676244617553e+05 
9.51467554468295e-02 1.04488401845716e+05 
9.55412228344218e-02 1.04266307423881e+05 
9.59356776218928e-02 1.04013070977535e+05 
9.63304598798937e-02 1.03734702270410e+05 
9.67255350024781e-02 1.03437535362055e+05 
9.71206970404928e-02 1.03129078665812e+05 
9.75158108032779e-02 1.02812394638852e+05 
9.79110480761330e-02 1.02491395785697e+05 
9.83062656619707e-02 1.02171277368042e+05 
9.87017731354888e-02 1.01856405393667e+05 
9.90975322281118e-02 1.01546180407620e+05 
9.94933406375242e-02 1.01244044741247e+05 
9.98890628523728e-02 1.00949188723941e+05 
1.00284848023242e-01 1.00660925800197e+05 
1.00680590977370e-01 1.00381492347122e+05 
1.01076589665059e-01 1.00116236650685e+05 
1.01472835316491e-01 9.98599097150755e+04 
1.01869119484152e-01 9.96162902401261e+04 
1.02265284552629e-01 9.93859877694470e+04 
1.02661518160579e-01 9.91650179888532e+04 
1.03057708429021e-01 9.89534279327399e+04 
1.03454133156955e-01 9.87596534694310e+04 
1.03850837811112e-01 9.85742229377396e+04 
1.04247577113230e-01 9.84011959441137e+04 
1.04644198303664e-01 9.82411936198293e+04 
1.05040887153220e-01 9.80911860406722e+04 
1.05437547483377e-01 9.79506157656966e+04 
1.05834422831481e-01 9.78256949886267e+04 
1.06231596979339e-01 9.77112828650692e+04 
1.06628828709197e-01 9.76095193721534e+04 
1.07025939668649e-01 9.75200144622855e+04 
1.07423132771780e-01 9.74427832931551e+04 
1.07820297066923e-01 9.73803036772403e+04 
1.08217621951437e-01 9.73361633822428e+04 
1.08615042080539e-01 9.73155136743409e+04 
1.09012556711566e-01 9.73167609288738e+04 
1.09410013931275e-01 9.73486976877517e+04 
1.09807449822203e-01 9.74103503152519e+04 
1.10204807921453e-01 9.74977422875698e+04 
1.10602262469902e-01 9.76042141467680e+04 
1.10999821341278e-01 9.77332092062345e+04 
1.11397461186121e-01 9.78869637005691e+04 
1.11795043027058e-01 9.80703643659396e+04 
1.12192603129004e-01 9.82863731852638e+04 
1.12590110328334e-01 9.85267322145316e+04 
1.12987764686797e-01 9.87862392488057e+04 
1.13385569670923e-01 9.90616759587046e+04 
1.13783522797758e-01 9.93443369557307e+04 
1.14181486177296e-01 9.96311327537841e+04 
1.14579507021750e-01 9.99175148795637e+04 
1.14977541090200e-01 1.00191797126991e+05 
1.15375802263967e-01 1.00447621655956e+05 
1.15774296516980e-01 1.00676996540479e+05 
1.16173000389059e-01 1.00870289675959e+05 
1.16571786109680e-01 1.01036598220116e+05 
1.16970687966789e-01 1.01152796763623e+05 
1.17369654494833e-01 1.01219255541318e+05 
1.17768878385869e-01 1.01265254260516e+05 
1.18168354901438e-01 1.01299843494496e+05 
1.18568029377328e-01 1.01313953692682e+05 
1.18967778905345e-01 1.01295594871504e+05 
1.19367626662291e-01 1.01245302009689e+05 
1.19767478058200e-01 1.01169834131686e+05 
1.20167482118921e-01 1.01073155699359e+05 
1.20567647170033e-01 1.00957257971626e+05 
1.20967898252554e-01 1.00827538990384e+05 
1.21368115469634e-01 1.00685824673749e+05 
1.21768330963078e-01 1.00534958154253e+05 
1.22168448752207e-01 1.00381436661187e+05 
1.22568602526428e-01 1.00224171157796e+05 
1.22968807526898e-01 1.00066850011816e+05 
1.23368996112399e-01 9.99115274610522e+04 
1.23769050701164e-01 9.97579251482859e+04 
1.24169009905572e-01 9.96055226482489e+04 
1.24568788821699e-01 9.94584470436835e+04 
1.24968538709313e-01 9.93155912233977e+04 
1.25368281274779e-01 9.91795745720252e+04 
1.25767946852197e-01 9.90490604879466e+04 
1.26167423131472e-01 9.89257238900666e+04 
1.26566770083122e-01 9.88083174857428e+04 
1.26965908580417e-01 9.86958515065983e+04 
1.27364961732532e-01 9.85894747300218e+04 
1.27763913122766e-01 9.84913387204195e+04 
1.28162737734758e-01 9.84011547013188e+04 
1.28561379330089e-01 9.83171089338458e+04 
1.28959894883528e-01 9.82397280229572e+04 
1.29358274657967e-01 9.81711933004958e+04 
1.29756616721685e-01 9.81107495461473e+04 
1.30154959200153e-01 9.80579055227753e+04 
1.30553258329799e-01 9.80133976497464e+04 
1.30951428275385e-01 9.79752498089862e+04 
1.31349551329233e-01 9.79428925119326e+04 
1.31747633785058e-01 9.79183234836133e+04 
1.32145707181251e-01 9.78999505112247e+04 
1.32543787584368e-01 9.78870073614008e+04 
1.32941895396015e-01 9.78827973902012e+04 
1.33339918115489e-01 9.78830676185428e+04 
1.33737931725401e-01 9.78947418445334e+04 
1.34135876615917e-01 9.79164762264646e+04 
1.34533930826442e-01 9.79443453037838e+04 
1.34932079931567e-01 9.79718615104364e+04 
1.35330382204641e-01 9.80014994916336e+04 
1.35728721047434e-01 9.80349635671319e+04 
1.36127141181007e-01 9.80726423640814e+04 
1.36525553901959e-01 9.81128621605740e+04 
1.36924164366830e-01 9.81545925204879e+04 
1.37323003556175e-01 9.81974380673739e+04 
1.37722077595292e-01 9.82406259881479e+04 
1.38121275798215e-01 9.82846975190725e+04 
1.38520633761522e-01 9.83323209358291e+04 
1.38920073127495e-01 9.83831629192748e+04 
1.39319782985512e-01 9.84397923081478e+04 
1.39719804370446e-01 9.85046484236689e+04 
1.40120110517098e-01 9.85899927873873e+04 
1.40520599374832e-01 9.87107124081128e+04 
1.40921316858553e-01 9.88765534891330e+04 
1.41322169400375e-01 9.90937499606838e+04 
1.41723319091297e-01 9.93689189440778e+04 
1.42124801898166e-01 9.97047034366420e+04 
1.42526579693011e-01 1.00096626373781e+05 
1.42928564046116e-01 1.00535899454267e+05 
1.43330790885992e-01 1.01007033962962e+05 
1.43733170689885e-01 1.01487416676184e+05 
1.44135796192496e-01 1.01951239095976e+05 
1.44538597234344e-01 1.02385723650322e+05 
1.44941664519803e-01 1.02752163969913e+05 
1.45344983345387e-01 1.03041660999399e+05 
1.45748493898830e-01 1.03218893148940e+05 
1.46152114712242e-01 1.03286262817081e+05 
1.46555790830552e-01 1.03304048326030e+05 
1.46959609338726e-01 1.03288216669777e+05 
1.47363670095029e-01 1.03225488100026e+05 
1.47767954473790e-01 1.03119595624180e+05 
1.48172412002193e-01 1.02974005470821e+05 
1.48576942211672e-01 1.02796361481507e+05 
1.48981480686594e-01 1.02596190002331e+05 
1.49386107587393e-01 1.02375507641941e+05 
1.49790914451566e-01 1.02148107326504e+05 
1.50195899756788e-01 1.01920639663160e+05 
1.50601014250292e-01 1.01693041600938e+05 
1.51006154484949e-01 1.01469697910501e+05 
1.51411285949246e-01 1.01252785611795e+05 
1.51816476348991e-01 1.01042063926972e+05 
1.52221812149307e-01 1.00839293505212e+05 
1.52627286865523e-01 1.00647243285122e+05 
1.53032871319990e-01 1.00463925286985e+05 
1.53438455776311e-01 1.00291631272681e+05 
1.53844022609509e-01 1.00130264070163e+05 
1.54249625444458e-01 9.99764239624782e+04 
1.54655347096131e-01 9.98310711756653e+04 
1.55061177537023e-01 9.96892170478851e+04 
1.55467096530564e-01 9.95546978686840e+04 
1.55873008856836e-01 9.94275539876886e+04 
1.56278896810896e-01 9.93105756859581e+04 
1.56684798333738e-01 9.92042555556869e+04 
1.57090786240404e-01 9.91049834255298e+04 
1.57496848753440e-01 9.90128790982018e+04 
1.57902941202767e-01 9.89299964239057e+04 
1.58308990779151e-01 9.88563955556296e+04 
1.58714918069676e-01 9.87913703312194e+04 
1.59120814497341e-01 9.87349252910162e+04 
1.59526780149713e-01 9.86832629276121e+04 
1.59932782393696e-01 9.86371410286217e+04 
1.60338795100094e-01 9.85971766477073e+04 
1.60744797868802e-01 9.85596343684050e+04 
1.61150685300406e-01 9.85217910722700e+04 
1.61556540749014e-01 9.84804544930997e+04 
1.61962450337224e-01 9.84324794626783e+04 
1.62368381149443e-01 9.83766146516790e+04 
1.62774335417101e-01 9.83149668688659e+04 
1.63180272342209e-01 9.82466353390795e+04 
1.63586101782122e-01 9.81773858640814e+04 
1.63991892448219e-01 9.80874388336905e+04 
1.64397712613635e-01 9.79869950863561e+04 
1.64803531126070e-01 9.78915947897209e+04 
1.65209351025602e-01 9.77996902428785e+04 
1.65615117359876e-01 9.77095598469966e+04 
1.66020789296203e-01 9.76274654632719e+04 
1.66426419201048e-01 9.75480856259429e+04 
1.66832060213024e-01 9.74862904944480e+04 
1.67237674437614e-01 9.74270421958995e+04 
1.67643254741225e-01 9.73778304797649e+04 
1.68048740480043e-01 9.73310750448866e+04 
1.68454146412488e-01 9.72944833173598e+04 
1.68859501323587e-01 9.72687263463452e+04 
1.69264854624720e-01 9.72546328217730e+04 
1.69670144974834e-01 9.72470930582484e+04 
1.70075394161051e-01 9.72453865159501e+04 
1.70480542011667e-01 9.72542320274786e+04 
1.70885665869321e-01 9.72701235814952e+04 
1.71290788235738e-01 9.72911761287810e+04 
1.71695935805992e-01 9.73176686481452e+04 
1.72101049343450e-01 9.73485041505283e+04 
1.72506166048164e-01 9.73834514414107e+04 
1.72911230460308e-01 9.74260597537372e+04 
1.73316361564984e-01 9.74774540961671e+04 
1.73721404656165e-01 9.75370912449374e+04 
1.74126445250308e-01 9.76071227346508e+04 
1.74531389103753e-01 9.76875236647064e+04 
1.74936254684694e-01 9.77767533363798e+04 
1.75341005900136e-01 9.78787470763215e+04 
1.75745731010211e-01 9.79930642335123e+04 
1.76150410342369e-01 9.81222255903261e+04 
1.76555125803324e-01 9.82657334549746e+04 
1.76959783848277e-01 9.84178235372578e+04 
1.77364412627440e-01 9.85856355541546e+04 
1.77768944617516e-01 9.87655939117428e+04 
1.78173479732443e-01 9.89496553204392e+04 
1.78578009154198e-01 9.91393759515647e+04 
1.78982597835288e-01 9.93365519994388e+04 
1.79387169743895e-01 9.95385416213904e+04 
1.79791760995259e-01 9.97430412339617e+04 
1.80196261019055e-01 9.99450236970627e+04 
1.80600778340823e-01 1.00145401766842e+05 
1.81005308504094e-01 1.00340049252587e+05 
1.81409894357606e-01 1.00530187597335e+05 
1.81814483030606e-01 1.00715303037045e+05 
1.82219127036767e-01 1.00893061955890e+05 
1.82623676127172e-01 1.01058080319784e+05 
1.83028253620288e-01 1.01210474942339e+05 
1.83432835031274e-01 1.01348183396731e+05 
1.83837396502081e-01 1.01470504000958e+05 
1.84241952007352e-01 1.01575097385971e+05 
1.84646546102754e-01 1.01657430435915e+05 
1.85051031645831e-01 1.01716700973611e+05 
1.85455501456500e-01 1.01766290394499e+05 
1.85859980203065e-01 1.01809186279080e+05 
1.86264473539093e-01 1.01840725127736e+05 
1.86668981421797e-01 1.01858882959814e+05 
1.87073544117873e-01 1.01862964420630e+05 
1.87478046062894e-01 1.01849674129173e+05 
1.87882570480291e-01 1.01819305844004e+05 
1.88287144660556e-01 1.01773437763549e+05 
1.88691786192859e-01 1.01717905599417e+05 
1.89096477814267e-01 1.01657960298632e+05 
1.89501248915898e-01 1.01588023381186e+05 
1.89906009807976e-01 1.01507261865854e+05 
1.90310855609283e-01 1.01418689381774e+05 
1.90715795183306e-01 1.01321763908204e+05 
1.91120855030641e-01 1.01220346181321e+05 
1.91526001135825e-01 1.01115880347407e+05 
1.91931255256213e-01 1.01008253102336e+05 
1.92336554610628e-01 1.00898356813422e+05 
1.92741988037507e-01 1.00788560667716e+05 
1.93147562611508e-01 1.00679145960165e+05 
1.93553319501457e-01 1.00571564215816e+05 
1.93959203256726e-01 1.00465850830894e+05 
1.94365228812800e-01 1.00361422615360e+05 
1.94771351321153e-01 1.00259560606833e+05 
1.95177667562861e-01 1.00161643186862e+05 
1.95584175451465e-01 1.00070695425991e+05 
1.95990877556027e-01 9.99859704424849e+04 
1.96397680941157e-01 9.99049751967247e+04 
1.96804633385344e-01 9.98279502205903e+04 
1.97211663384299e-01 9.97565212065143e+04 
1.97618670933853e-01 9.96924695316246e+04 
1.98025707588820e-01 9.96360012693239e+04 
1.98432886343402e-01 9.95864714991151e+04 
1.98840122893492e-01 9.95438350243392e+04 
1.99247386504566e-01 9.95072541361466e+04 
1.99654661127417e-01 9.94789621267835e+04 
2.00061923348818e-01 9.94563408781032e+04 
2.00469241793246e-01 9.94425702992130e+04 
