# Liste des scalaires : TEMPS pmat 
0.00000000000000e+00 1.00000000000000e+05 
5.42217668469038e-05 1.00000000000000e+05 
1.01116880668772e-04 1.00000000000000e+05 
1.48805615336365e-04 1.00000000000000e+05 
1.95508189311294e-04 1.00000000000000e+05 
2.44000263408411e-04 1.00000000000000e+05 
2.92460214631370e-04 1.00000000000000e+05 
3.42112134914819e-04 1.00000000000000e+05 
3.91799032565199e-04 1.00000000000000e+05 
4.43080374581588e-04 1.00000000000000e+05 
4.95535251613649e-04 1.00000000000000e+05 
5.47494733670792e-04 1.00000000000000e+05 
6.01377564575426e-04 1.00000000000000e+05 
6.56140773229847e-04 1.00000000000000e+05 
7.12088770781662e-04 1.00000000000000e+05 
7.68740190970611e-04 1.00000000000000e+05 
8.26605506326566e-04 1.00000000000000e+05 
8.85991711903927e-04 1.00000000000000e+05 
9.46202855766740e-04 1.00000000000000e+05 
1.00770640021366e-03 1.00000000000000e+05 
1.07041751541571e-03 1.00000000000000e+05 
1.13453519361811e-03 1.00000000000000e+05 
1.19939116739956e-03 1.00000000000000e+05 
1.26588440206917e-03 1.00000000000000e+05 
1.33419666732442e-03 1.00000000000000e+05 
1.40407517566020e-03 1.00000000000000e+05 
1.47516449617690e-03 1.00000000000000e+05 
1.54793249456963e-03 1.00000000000000e+05 
1.62281441893584e-03 1.00000000000000e+05 
1.69910608030488e-03 1.00000000000000e+05 
1.77639263927897e-03 1.00000000000000e+05 
1.85420209695640e-03 1.00000000000000e+05 
1.93334263074879e-03 1.00000000000000e+05 
2.01444290011854e-03 1.00000000000000e+05 
2.09710323049037e-03 1.00000000000000e+05 
2.18189724583231e-03 1.00000000000000e+05 
2.26871625951856e-03 1.00000000000000e+05 
2.35759828316159e-03 1.00000000000000e+05 
2.44703907794222e-03 1.00000000000000e+05 
2.53837608986653e-03 1.00000000000000e+05 
2.63145823714904e-03 1.00000000000000e+05 
2.72639976518893e-03 1.00000000000000e+05 
2.82303697932866e-03 1.00000000000000e+05 
2.92143318008285e-03 1.00000000000000e+05 
3.01591404730863e-03 1.00000000000000e+05 
3.11188389283418e-03 1.00000000000000e+05 
3.20927556970136e-03 1.00000000000000e+05 
3.30817216850532e-03 1.00000000000000e+05 
3.40846645653632e-03 1.00000000000000e+05 
3.50996275554813e-03 1.00000000000000e+05 
3.61258560684592e-03 1.00000000000000e+05 
3.71624660290888e-03 1.00000000000000e+05 
3.81890015215016e-03 1.00000000000000e+05 
3.92242796685255e-03 1.00000000000000e+05 
4.02675737095780e-03 1.00000000000000e+05 
4.13163230627240e-03 1.00000000000000e+05 
4.23700290064649e-03 1.00000000000000e+05 
4.34278014797206e-03 1.00000000000000e+05 
4.44878229326677e-03 1.00000000000000e+05 
4.55504226601067e-03 1.00000000000000e+05 
4.66112307438862e-03 1.00000000000000e+05 
4.76664030834840e-03 1.00000000000000e+05 
4.87150707038993e-03 1.00000000000000e+05 
4.97587799429981e-03 1.00000000000000e+05 
5.07951467813502e-03 1.00000000000000e+05 
5.18317107250988e-03 1.00000000000000e+05 
5.28651891260908e-03 1.00000000000000e+05 
5.38956006859074e-03 1.00000000000000e+05 
5.49213735430215e-03 1.00000000000000e+05 
5.59425120193791e-03 1.00000000000000e+05 
5.69658286936231e-03 1.00000000000000e+05 
5.79820708229485e-03 1.00000000000000e+05 
5.89944768172254e-03 1.00000000000000e+05 
6.00044102324876e-03 1.00000000000000e+05 
6.10130901624388e-03 1.00000000000000e+05 
6.20213849197143e-03 1.00000000000000e+05 
6.30367003734961e-03 1.00000000000000e+05 
6.40502406112185e-03 1.00000000000000e+05 
6.50653954066807e-03 1.00000000000000e+05 
6.60815174299126e-03 1.00000000000000e+05 
6.70999758332156e-03 1.00000000000000e+05 
6.81218408755301e-03 1.00000000000000e+05 
6.91467429195475e-03 1.00000000000000e+05 
7.01668303444178e-03 1.00000000000000e+05 
7.11857087741521e-03 1.00000000000000e+05 
7.22033278137987e-03 1.00000000000000e+05 
7.32232010762358e-03 1.00000000000000e+05 
7.42443637051988e-03 1.00000000000000e+05 
7.52711060622896e-03 1.00000000000000e+05 
7.62951909744043e-03 1.00000000000000e+05 
7.73201865866692e-03 1.00000000000000e+05 
7.83471997691183e-03 1.00000000000000e+05 
7.93766334375234e-03 1.00000000000000e+05 
8.04084396197861e-03 1.00000000000000e+05 
8.14417516074584e-03 1.00000000000000e+05 
8.24781186295733e-03 1.00000000000000e+05 
8.35169541501780e-03 1.00000000000000e+05 
8.45598142854355e-03 1.00000000000000e+05 
8.56065546890890e-03 1.00000000000000e+05 
8.66573426530720e-03 1.00000000000000e+05 
8.77144742661580e-03 1.00000000000000e+05 
8.87808288824995e-03 1.00000000000000e+05 
8.98548671789768e-03 1.00000000000000e+05 
9.09314685113231e-03 1.00000000000000e+05 
9.20090833773384e-03 1.00000000000000e+05 
9.30857967786418e-03 1.00000000000000e+05 
9.41624936131482e-03 1.00000000000000e+05 
9.52387828953425e-03 1.00000000000000e+05 
9.63155635279174e-03 1.00000000000000e+05 
9.73892964207832e-03 1.00000000000000e+05 
9.84378828981471e-03 1.00000000000000e+05 
9.94863961733366e-03 1.00000000000000e+05 
1.00533683358773e-02 1.00000000000000e+05 
1.01582299946426e-02 1.00000000000000e+05 
1.02632723203941e-02 1.00000000000000e+05 
1.03685217944534e-02 1.00000000000000e+05 
1.04739742298953e-02 1.00000000000000e+05 
1.05797599509901e-02 1.00000000000000e+05 
1.06856538001201e-02 1.00000000000000e+05 
1.07917335829604e-02 1.00000000000000e+05 
1.08983245325782e-02 1.00000000000000e+05 
1.10035872728692e-02 1.00000000000000e+05 
1.11105299563818e-02 1.00000000000000e+05 
1.12175569816432e-02 1.00000000000000e+05 
1.13247076392615e-02 1.00000000000000e+05 
1.14321138246152e-02 1.00000000000000e+05 
1.15396840319236e-02 1.00000000000000e+05 
1.16463414252310e-02 1.00000000000000e+05 
1.17529619726040e-02 1.00000000000000e+05 
1.18595794190883e-02 1.00000000000000e+05 
1.19662186016665e-02 1.00000000000000e+05 
1.20729467451072e-02 1.00000000000000e+05 
1.21796677860815e-02 1.00000000000000e+05 
1.22864301748350e-02 1.00000000000000e+05 
1.23931054943462e-02 1.00000000000000e+05 
1.24997995936658e-02 1.00000000000000e+05 
1.26050603010347e-02 1.00000000000000e+05 
1.27101451252089e-02 1.00000000000000e+05 
1.28152359706467e-02 1.00000000000000e+05 
1.29204108909327e-02 1.00000000000000e+05 
1.30257217479387e-02 1.00000000000000e+05 
1.31312998604757e-02 1.00000000000000e+05 
1.32371625221482e-02 1.00000000000000e+05 
1.33433816347539e-02 1.00000000000000e+05 
1.34500170738579e-02 1.00000000000000e+05 
1.35570610959824e-02 1.00000000000000e+05 
1.36641690785759e-02 1.00000000000000e+05 
1.37716635122168e-02 1.00000000000000e+05 
1.38792653323118e-02 1.00000000000000e+05 
1.39857588420509e-02 1.00000000000000e+05 
1.40922697683646e-02 1.00000000000000e+05 
1.41987673006001e-02 1.00000000000000e+05 
1.43052749020722e-02 1.00000000000000e+05 
1.44119173785412e-02 1.00000000000000e+05 
1.45186830981233e-02 1.00000000000000e+05 
1.46255780635021e-02 1.00000000000000e+05 
1.47325564042583e-02 1.00000000000000e+05 
1.48396429192716e-02 1.00000000000000e+05 
1.49468185884655e-02 1.00000000000000e+05 
1.50541263234285e-02 1.00000000000000e+05 
1.51615988278495e-02 1.00000000000000e+05 
1.52692586384510e-02 1.00000000000000e+05 
1.53770691900045e-02 1.00000000000000e+05 
1.54851281468958e-02 1.00000000000000e+05 
1.55934077603145e-02 1.00000000000000e+05 
1.57020166830537e-02 1.00000000000000e+05 
1.58090644085460e-02 1.00000000000000e+05 
1.59165273169897e-02 1.00000000000000e+05 
1.60232521335093e-02 1.00000000000000e+05 
1.61297772476128e-02 1.00000000000000e+05 
1.62363885058558e-02 1.00000000000000e+05 
1.63431270472034e-02 1.00000000000000e+05 
1.64498737396777e-02 1.00000000000000e+05 
1.65566393332627e-02 1.00000000000000e+05 
1.66635090523423e-02 1.00000000000000e+05 
1.67704372700397e-02 1.00000000000000e+05 
1.68773048052597e-02 1.00000000000000e+05 
1.69841009288493e-02 1.00000000000000e+05 
1.70910316656215e-02 1.00000000000000e+05 
1.71981195057768e-02 1.00000000000000e+05 
1.73053134921652e-02 1.00000000000000e+05 
1.74126206480278e-02 1.00000000000000e+05 
1.75195700337148e-02 1.00000000000000e+05 
1.76271233865665e-02 1.00000000000000e+05 
1.77342870362013e-02 1.00000000000000e+05 
1.78422092475048e-02 1.00000000000000e+05 
1.79503500486373e-02 1.00000000000000e+05 
1.80587576729082e-02 1.00000000000000e+05 
1.81662807217769e-02 1.00000000000000e+05 
1.82751286825880e-02 1.00000000000000e+05 
1.83824833734590e-02 1.00000000000000e+05 
1.84917582137590e-02 1.00000000000000e+05 
1.86011415533884e-02 1.00000000000000e+05 
1.87107831739000e-02 1.00000000000000e+05 
1.88186119105937e-02 1.00000000000000e+05 
1.89277442552523e-02 1.00000000000000e+05 
1.90360385284780e-02 1.00000000000000e+05 
1.91460638041566e-02 1.00000000000000e+05 
1.92562038881914e-02 1.00000000000000e+05 
1.93641662581171e-02 1.00000000000000e+05 
1.94704226144225e-02 1.00000000000000e+05 
1.95765910915762e-02 1.00000000000000e+05 
1.96826269352180e-02 1.00000000000000e+05 
1.97886190880105e-02 1.00000000000000e+05 
1.98946981056482e-02 1.00000000000000e+05 
2.00009512599202e-02 1.00000000000000e+05 
2.01073557160997e-02 1.00000000000000e+05 
2.02139820655887e-02 1.00000000000000e+05 
2.03202572974103e-02 1.00000000000000e+05 
2.04271531302154e-02 1.00000000000000e+05 
2.05341561067235e-02 1.00000000000000e+05 
2.06412458182154e-02 1.00000000000000e+05 
2.07483381147666e-02 1.00000000000000e+05 
2.08554660276914e-02 1.00000000000000e+05 
2.09626246983193e-02 1.00000000000000e+05 
2.10698300340557e-02 1.00000000000000e+05 
2.11770867434991e-02 1.00000000000000e+05 
2.12844468255627e-02 1.00000000000000e+05 
2.13918745629924e-02 1.00000000000000e+05 
2.14994249215285e-02 1.00000000000000e+05 
2.16072239468143e-02 1.00000000000000e+05 
2.17149038994062e-02 1.00000000000000e+05 
2.18224578902371e-02 1.00000000000000e+05 
2.19298752022896e-02 1.00000000000000e+05 
2.20372602888223e-02 1.00000000000000e+05 
2.21444932120416e-02 1.00000000000000e+05 
2.22516265865183e-02 1.00000000000000e+05 
2.23587763238495e-02 1.00000000000000e+05 
2.24659098091925e-02 1.00000000000000e+05 
2.25729598813592e-02 1.00000000000000e+05 
2.26799638712180e-02 1.00000000000000e+05 
2.27869371155160e-02 1.00000000000000e+05 
2.28938553352018e-02 1.00000000000000e+05 
2.30003572717694e-02 1.00000000000000e+05 
2.31066513861569e-02 1.00000000000000e+05 
2.32128667722083e-02 1.00000000000000e+05 
2.33191261300053e-02 1.00000000000000e+05 
2.34255587154799e-02 1.00000000000000e+05 
2.35321600923950e-02 1.00000000000000e+05 
2.36389691917769e-02 1.00000000000000e+05 
2.37459372078063e-02 1.00000000000000e+05 
2.38530592456275e-02 1.00000000000000e+05 
2.39602668441349e-02 1.00000000000000e+05 
2.40675617796505e-02 1.00000000000000e+05 
2.41749828942772e-02 1.00000000000000e+05 
2.42825665577363e-02 1.00000000000000e+05 
2.43902239936271e-02 1.00000000000000e+05 
2.44980888567849e-02 1.00000000000000e+05 
2.46061769287575e-02 1.00000000000000e+05 
2.47144861826328e-02 1.00000000000000e+05 
2.48228492341865e-02 1.00000000000000e+05 
2.49314312824366e-02 1.00000000000000e+05 
2.50402031817465e-02 1.00000000000000e+05 
2.51488216663980e-02 1.00000000000000e+05 
2.52574224412362e-02 1.00000000000000e+05 
2.53660190192046e-02 1.00000000000000e+05 
2.54745515757312e-02 1.00000000000000e+05 
2.55830774400925e-02 1.00000000000000e+05 
2.56916179298202e-02 1.00000000000000e+05 
2.58000500594010e-02 1.00000000000000e+05 
2.59084464721245e-02 1.00000000000000e+05 
2.60168874507777e-02 1.00000000000000e+05 
2.61253720310986e-02 1.00000000000000e+05 
2.62334588837384e-02 1.00000000000000e+05 
2.63412988293429e-02 1.00000000000000e+05 
2.64491162484012e-02 1.00000000000000e+05 
2.65569817251499e-02 1.00000000000000e+05 
2.66649526023131e-02 1.00000000000000e+05 
2.67730808095601e-02 1.00000000000000e+05 
2.68814265624443e-02 1.00000000000000e+05 
2.69899098487406e-02 1.00000000000000e+05 
2.70985695321712e-02 1.00000000000000e+05 
2.72073585844441e-02 1.00000000000000e+05 
2.73162997028741e-02 1.00000000000000e+05 
2.74254860333869e-02 1.00000000000000e+05 
2.75350403841800e-02 1.00000000000000e+05 
2.76449221888865e-02 1.00000000000000e+05 
2.77552502871558e-02 1.00000000000000e+05 
2.78654997245445e-02 1.00000000000000e+05 
2.79757066760113e-02 1.00000000000000e+05 
2.80859779679234e-02 1.00000000000000e+05 
2.81963796434709e-02 1.00000000000000e+05 
2.83068199851449e-02 1.00000000000000e+05 
2.84174710032582e-02 1.00000000000000e+05 
2.85255832629036e-02 1.00000000000000e+05 
2.86352919704690e-02 1.00000000000000e+05 
2.87429447507406e-02 1.00000000000000e+05 
2.88538608100166e-02 1.00000000000000e+05 
2.89647468936955e-02 1.00000000000000e+05 
2.90756787496433e-02 1.00000000000000e+05 
2.91861757628157e-02 1.00000000000000e+05 
2.92971211916212e-02 1.00000000000000e+05 
2.94081333412881e-02 1.00000000000000e+05 
2.95190944667375e-02 1.00000000000000e+05 
2.96300083212966e-02 1.00000000000000e+05 
2.97409955702854e-02 1.00000000000000e+05 
2.98520231621821e-02 1.00000000000000e+05 
2.99631295311426e-02 1.00000000000000e+05 
3.00744493775809e-02 1.00000000000000e+05 
3.01860801850278e-02 1.00000000000000e+05 
3.02979579125569e-02 1.00000000000000e+05 
3.04102825838953e-02 1.00000000000000e+05 
3.05231282959893e-02 1.00000000000000e+05 
3.06364575491538e-02 1.00000000000000e+05 
3.07497667077889e-02 1.00000000000000e+05 
3.08631572998549e-02 1.00000000000000e+05 
3.09765098962031e-02 1.00000000000000e+05 
3.10898380303541e-02 1.00000000000000e+05 
3.11999203304512e-02 1.00000000000000e+05 
3.13132411922614e-02 1.00000000000000e+05 
3.14261350403529e-02 1.00000000000000e+05 
3.15397119293511e-02 1.00000000000000e+05 
3.16534889633496e-02 1.00000000000000e+05 
3.17675698872185e-02 1.00000000000000e+05 
3.18812467135766e-02 1.00000000000000e+05 
3.19961318950184e-02 1.00000000000000e+05 
3.21115344822944e-02 1.00000000000000e+05 
3.22273054883639e-02 1.00000000000000e+05 
3.23430659151557e-02 1.00000000000000e+05 
3.24589923301574e-02 1.00000000000000e+05 
3.25748481760683e-02 1.00000000000000e+05 
3.26906841794124e-02 1.00000000000000e+05 
3.28065976027408e-02 1.00000000000000e+05 
3.29226638098548e-02 1.00000000000000e+05 
3.30386052990886e-02 1.00000000000000e+05 
3.31546441660592e-02 1.00000000000000e+05 
3.32706644470007e-02 1.00000000000000e+05 
3.33868498865902e-02 1.00000000000000e+05 
3.35033040358950e-02 1.00000000000000e+05 
3.36199153770774e-02 1.00000000000000e+05 
3.37368671749196e-02 1.00000000000000e+05 
3.38540679505846e-02 1.00000000000000e+05 
3.39715293658107e-02 1.00000000000000e+05 
3.40889636366189e-02 1.00000000000000e+05 
3.42064178910986e-02 1.00000000000000e+05 
3.43239212864633e-02 1.00000000000000e+05 
3.44413460402458e-02 1.00000000000000e+05 
3.45588068925800e-02 1.00000000000000e+05 
3.46761211839665e-02 1.00000000000000e+05 
3.47934366008845e-02 1.00000000000000e+05 
3.49107757404585e-02 1.00000000000000e+05 
3.50281632487714e-02 1.00000000000000e+05 
3.51456188149354e-02 1.00000000000000e+05 
3.52633870801471e-02 1.00000000000000e+05 
3.53813971835980e-02 1.00000000000000e+05 
3.54998251550509e-02 1.00000000000000e+05 
3.56186897165265e-02 1.00000000000000e+05 
3.57380547252647e-02 1.00000000000000e+05 
3.58579194876977e-02 1.00000000000000e+05 
3.59784994906684e-02 1.00000000000000e+05 
3.60993109613693e-02 1.00000000000000e+05 
3.62200676385878e-02 1.00000000000000e+05 
3.63408687453258e-02 1.00000000000000e+05 
3.64616951294976e-02 1.00000000000000e+05 
3.65823231870708e-02 1.00000000000000e+05 
3.67029366558919e-02 1.00000000000000e+05 
3.68232017605939e-02 1.00000000000000e+05 
3.69434035322156e-02 1.00000000000000e+05 
3.70636302772609e-02 1.00000000000000e+05 
3.71840403926827e-02 1.00000000000000e+05 
3.73045681521743e-02 1.00000000000000e+05 
3.74252589288402e-02 1.00000000000000e+05 
3.75461668897877e-02 1.00000000000000e+05 
3.76675349720380e-02 1.00000000000000e+05 
3.77888161840273e-02 1.00000000000000e+05 
3.79101151651848e-02 1.00000000000000e+05 
3.80313722365298e-02 1.00000000000000e+05 
3.81526974606320e-02 1.00000000000000e+05 
3.82739806481799e-02 1.00000000000000e+05 
3.83952695592862e-02 1.00000000000000e+05 
3.85166145363294e-02 1.00000000000000e+05 
3.86380954541782e-02 1.00000000000000e+05 
3.87596173876796e-02 1.00000000000000e+05 
3.88813497912755e-02 1.00000000000000e+05 
3.90031000998360e-02 1.00000000000000e+05 
3.91249858824360e-02 1.00000000000000e+05 
3.92473009155713e-02 1.00000000000000e+05 
3.93701244829293e-02 1.00000000000000e+05 
3.94934575486830e-02 1.00000000000000e+05 
3.96174077349652e-02 1.00000000000000e+05 
3.97419938385069e-02 1.00000000000000e+05 
3.98671916498267e-02 1.00000000000000e+05 
3.99930460594959e-02 1.00000000000000e+05 
4.01188725271742e-02 1.00000000000000e+05 
4.02446466431485e-02 1.00000000000000e+05 
4.03704379968070e-02 1.00000000000000e+05 
4.04961056200021e-02 1.00000000000000e+05 
4.06216013137788e-02 1.00000000000000e+05 
4.07469823137398e-02 1.00000000000000e+05 
4.08722927246042e-02 1.00000000000000e+05 
4.09975909334865e-02 1.00000000000000e+05 
4.11229678238906e-02 1.00000000000000e+05 
4.12483422034449e-02 1.00000000000000e+05 
4.13738133943869e-02 1.00000000000000e+05 
4.14993811746032e-02 1.00000000000000e+05 
4.16252735524657e-02 1.00000000000000e+05 
4.17514156274139e-02 1.00000000000000e+05 
4.18778560630942e-02 1.00000000000000e+05 
4.20045153546499e-02 1.00000000000000e+05 
4.21310072811148e-02 1.00000000000000e+05 
4.22572879348511e-02 1.00000000000000e+05 
4.23834299365196e-02 1.00000000000000e+05 
4.25095112022278e-02 1.00000000000000e+05 
4.26330349068675e-02 1.00000000000000e+05 
4.27591080873339e-02 1.00000000000000e+05 
4.28853701553609e-02 1.00000000000000e+05 
4.30120365960945e-02 1.00000000000000e+05 
4.31392033504361e-02 1.00000000000000e+05 
4.32666331392578e-02 1.00000000000000e+05 
4.33943975256831e-02 1.00000000000000e+05 
4.35229168338355e-02 1.00000000000000e+05 
4.36522135817372e-02 1.00000000000000e+05 
4.37825968165873e-02 1.00000000000000e+05 
4.39134602793031e-02 1.00000000000000e+05 
4.40443852969615e-02 1.00000000000000e+05 
4.41755067499176e-02 1.00000000000000e+05 
4.43065903758741e-02 1.00000000000000e+05 
4.44377226045128e-02 1.00000000000000e+05 
4.45688141198789e-02 1.00000000000000e+05 
4.46998308084875e-02 1.00000000000000e+05 
4.48307152459715e-02 1.00000000000000e+05 
4.49614667223891e-02 1.00000000000000e+05 
4.50920010659317e-02 1.00000000000000e+05 
4.52225019401914e-02 1.00000000000000e+05 
4.53529061738161e-02 1.00000000000000e+05 
4.54834054573402e-02 1.00000000000000e+05 
4.56139070855972e-02 1.00000000000000e+05 
4.57446084423792e-02 1.00000000000000e+05 
4.58753118732637e-02 1.00000000000000e+05 
4.60061407577193e-02 1.00000000000000e+05 
4.61371022400471e-02 1.00000000000000e+05 
4.62683316214147e-02 1.00000000000000e+05 
4.63996442288720e-02 1.00000000000000e+05 
4.65311902931791e-02 1.00000000000000e+05 
4.66628037273498e-02 1.00000000000000e+05 
4.67945668384557e-02 1.00000000000000e+05 
4.69263975865434e-02 1.00000000000000e+05 
4.70582699617297e-02 1.00000000000000e+05 
4.71901768181329e-02 1.00000000000000e+05 
4.73221737304715e-02 1.00000000000000e+05 
4.74542019840305e-02 1.00000000000000e+05 
4.75863605254863e-02 1.00000000000000e+05 
4.77187010453113e-02 1.00000000000000e+05 
4.78512084943540e-02 1.00000000000000e+05 
4.79839163049438e-02 1.00000000000000e+05 
4.81168067404627e-02 1.00000000000000e+05 
4.82500539472586e-02 1.00000000000000e+05 
4.83841332331156e-02 1.00000000000000e+05 
4.85184993762026e-02 1.00000000000000e+05 
4.86528339060706e-02 1.00000000000000e+05 
4.87872227312718e-02 1.00000000000000e+05 
4.89216686674698e-02 1.00000000000000e+05 
4.90562287315477e-02 1.00000000000000e+05 
4.91907959005027e-02 1.00000000000877e+05 
4.93254594434350e-02 1.00000000017564e+05 
4.94602121465027e-02 1.00000000059129e+05 
4.95949291381907e-02 1.00000000241861e+05 
4.97297703090731e-02 1.00000000484608e+05 
4.98645709549344e-02 1.00000000902758e+05 
4.99992566974577e-02 1.00000001414655e+05 
5.01340588646885e-02 1.00000002027740e+05 
5.02688656671146e-02 1.00000002740699e+05 
5.04035786814304e-02 1.00000003323466e+05 
5.05384401444337e-02 1.00000003996701e+05 
5.06733620953487e-02 1.00000004756535e+05 
5.08084159918132e-02 1.00000005601602e+05 
5.09437915926933e-02 1.00000006526171e+05 
5.10795385811161e-02 1.00000007530306e+05 
5.12157829444246e-02 1.00000008614562e+05 
5.13519774477375e-02 1.00000009744894e+05 
5.14881214322420e-02 1.00000010934427e+05 
5.16242761631694e-02 1.00000012094088e+05 
5.17606109843026e-02 1.00000013317167e+05 
5.18971808050235e-02 1.00000014601050e+05 
5.20338971350565e-02 1.00000015918375e+05 
5.21709202622845e-02 1.00000017362685e+05 
5.23082639505083e-02 1.00000018788045e+05 
5.24460845211330e-02 1.00000020185280e+05 
5.25844919458836e-02 1.00000021524599e+05 
5.27232002679838e-02 1.00000022794976e+05 
5.28621334386574e-02 1.00000024034608e+05 
5.30011565699102e-02 1.00000025237901e+05 
5.31404078507206e-02 1.00000026326819e+05 
5.32794966675689e-02 1.00000027347172e+05 
5.34185118835026e-02 1.00000028451578e+05 
5.35573364418555e-02 1.00000029645160e+05 
5.36960273151782e-02 1.00000031004582e+05 
5.38347253225585e-02 1.00000032597889e+05 
5.39735503368168e-02 1.00000034386807e+05 
5.41125487908388e-02 1.00000036650570e+05 
5.42518524711789e-02 1.00000039356739e+05 
5.43914328749245e-02 1.00000042807586e+05 
5.45314044645458e-02 1.00000047566039e+05 
5.46719551665258e-02 1.00000057123899e+05 
5.48128064743035e-02 1.00000079470032e+05 
5.49536506500169e-02 1.00000116232124e+05 
5.50946108471166e-02 1.00000172469161e+05 
5.52357170062837e-02 1.00000252139492e+05 
5.53769280516862e-02 1.00000359329176e+05 
5.55184166456092e-02 1.00000494701488e+05 
5.56602257226499e-02 1.00000657557330e+05 
5.58024075770464e-02 1.00000850879273e+05 
5.59452831397459e-02 1.00001077226940e+05 
5.60883365985776e-02 1.00001337860060e+05 
5.62314004732856e-02 1.00001634411370e+05 
5.63745829240071e-02 1.00001968237702e+05 
5.65178676804419e-02 1.00002340294621e+05 
5.66613318384193e-02 1.00002751940690e+05 
5.68049753631932e-02 1.00003202766609e+05 
5.69488026632826e-02 1.00003692024594e+05 
5.70923593224573e-02 1.00004216854302e+05 
5.72358197455932e-02 1.00004774867546e+05 
5.73792897502050e-02 1.00005361993147e+05 
5.75228941525842e-02 1.00005974181183e+05 
5.76668117824220e-02 1.00006606363112e+05 
5.78110671155027e-02 1.00007254302659e+05 
5.79556443669314e-02 1.00007907676039e+05 
5.81007368096338e-02 1.00008557551755e+05 
5.82463882623062e-02 1.00009196499957e+05 
5.83927989680579e-02 1.00009820872767e+05 
5.85393389325851e-02 1.00010418314463e+05 
5.86643660338600e-02 1.00010890663867e+05 
5.87995117051423e-02 1.00011367876128e+05 
5.89214108967063e-02 1.00011769039395e+05 
5.90491637627296e-02 1.00012162504047e+05 
5.91825887403687e-02 1.00012538452676e+05 
5.93017688870132e-02 1.00012797717785e+05 
5.94266867220874e-02 1.00013056509747e+05 
5.95579192161843e-02 1.00013337798659e+05 
5.96827136531539e-02 1.00013625615043e+05 
5.98142524062901e-02 1.00013945633089e+05 
5.99386206182144e-02 1.00014287870761e+05 
6.00700881134473e-02 1.00014675069436e+05 
6.02093331047362e-02 1.00015126081664e+05 
6.03392493025026e-02 1.00015605982810e+05 
6.04782513434437e-02 1.00016116241266e+05 
6.06034743201990e-02 1.00016625294091e+05 
6.07402218583130e-02 1.00017878685309e+05 
6.08685417020381e-02 1.00023326179354e+05 
6.10053157136359e-02 1.00040147617998e+05 
6.11539715962757e-02 1.00074193387739e+05 
6.12755286424872e-02 1.00117221893432e+05 
6.14034530275350e-02 1.00179845318245e+05 
6.15387747996574e-02 1.00267959755971e+05 
6.16576941862536e-02 1.00365263494766e+05 
6.17832092728986e-02 1.00484174524290e+05 
6.19152697475356e-02 1.00627605114389e+05 
6.20381153071963e-02 1.00778021967700e+05 
6.21665624786410e-02 1.00952376095220e+05 
6.22906802913632e-02 1.01137083021357e+05 
6.24106173119155e-02 1.01329804524255e+05 
6.25355045076646e-02 1.01544219133575e+05 
6.26663161817756e-02 1.01782969464044e+05 
6.27865004092864e-02 1.02014069195998e+05 
6.29138196975175e-02 1.02269711755534e+05 
6.30332916347731e-02 1.02518646187685e+05 
6.31541782800108e-02 1.02775983373028e+05 
6.32747603431041e-02 1.03037494368608e+05 
6.34011623045097e-02 1.03315047207207e+05 
6.35255271881338e-02 1.03590956768462e+05 
6.36461165778508e-02 1.03857711215910e+05 
6.37731296908063e-02 1.04134564052389e+05 
6.38956272575569e-02 1.04395434497711e+05 
6.40254611658995e-02 1.04664779716728e+05 
6.41557092960813e-02 1.04926221590759e+05 
6.42885778399042e-02 1.05178530557576e+05 
6.44135144532684e-02 1.05398458661105e+05 
6.45501296235158e-02 1.05617195913990e+05 
6.46660142800992e-02 1.05784895618258e+05 
6.47873239356667e-02 1.05956099492275e+05 
6.49144890630134e-02 1.06118053059435e+05 
6.50483654779218e-02 1.06250041151121e+05 
6.51868541041237e-02 1.06350313068774e+05 
6.53305394537276e-02 1.06423410920797e+05 
6.54473490897413e-02 1.06463415868004e+05 
6.55685761924862e-02 1.06487437981079e+05 
6.56958400154272e-02 1.06472685426805e+05 
6.58161473785678e-02 1.06453882991380e+05 
6.59419344068265e-02 1.06434012510551e+05 
6.60697937450259e-02 1.06413803339930e+05 
6.61875685514031e-02 1.06394768189916e+05 
6.63110504002895e-02 1.06370341364916e+05 
6.64407279808508e-02 1.06338752379722e+05 
6.65637619344092e-02 1.06302555430618e+05 
6.66933567541014e-02 1.06255392064572e+05 
6.68305321455177e-02 1.06194149391088e+05 
6.69498867516092e-02 1.06130380451679e+05 
6.70775193980183e-02 1.06050419172189e+05 
6.72135285272497e-02 1.05956105385647e+05 
6.73422129504000e-02 1.05858359852642e+05 
6.74804828868276e-02 1.05744671933700e+05 
6.76091749441393e-02 1.05630991125856e+05 
6.77495368844458e-02 1.05499108773492e+05 
6.78793421876919e-02 1.05370543565671e+05 
6.80150428448989e-02 1.05230257479035e+05 
6.81473559758268e-02 1.05088415353815e+05 
6.82753839768355e-02 1.04947136562671e+05 
6.84115406987099e-02 1.04793170273339e+05 
6.85331115260954e-02 1.04653063665825e+05 
6.86661980786768e-02 1.04497459840288e+05 
6.88078999641496e-02 1.04329946708197e+05 
6.89473748270850e-02 1.04163798949298e+05 
6.90861566870064e-02 1.03997923664260e+05 
6.92301594145092e-02 1.03825838744135e+05 
6.93710895080842e-02 1.03657980080769e+05 
6.95167948557978e-02 1.03485537032474e+05 
6.96669986928144e-02 1.03309307797753e+05 
6.98124412534350e-02 1.03139769539158e+05 
6.99563143818387e-02 1.02974560880974e+05 
7.01057818658875e-02 1.02805621165947e+05 
7.02513355913694e-02 1.02643634115975e+05 
7.04018967219020e-02 1.02479106628953e+05 
7.05555188629662e-02 1.02312847301965e+05 
7.07106385993302e-02 1.02146824063417e+05 
7.08621788957708e-02 1.01986742030888e+05 
7.10174640223304e-02 1.01824628058834e+05 
7.11702341789412e-02 1.01667234386189e+05 
7.13256394147179e-02 1.01509021735243e+05 
7.14810438195547e-02 1.01352202035447e+05 
7.16364520111156e-02 1.01196652236746e+05 
7.17918315716680e-02 1.01041905731976e+05 
7.19472644077266e-02 1.00887658391821e+05 
7.21027837624868e-02 1.00734052768242e+05 
7.22583724231469e-02 1.00581283311450e+05 
7.24139661602292e-02 1.00429709039363e+05 
7.25695715306548e-02 1.00279268263799e+05 
7.27251838940138e-02 1.00130357472408e+05 
7.28808633245909e-02 9.99827028130511e+04 
7.30365984336835e-02 9.98367563512146e+04 
7.31924641060170e-02 9.96928326172414e+04 
7.33482849919397e-02 9.95512520882305e+04 
7.35040639415546e-02 9.94121621007507e+04 
7.36598057873678e-02 9.92762034261706e+04 
7.38156477187560e-02 9.91432356083698e+04 
7.39715143492102e-02 9.90137609077506e+04 
7.41275654868706e-02 9.88879626619864e+04 
7.42836552980614e-02 9.87658497012120e+04 
7.44397778702492e-02 9.86473849926510e+04 
7.45645491672407e-02 9.85557771148889e+04 
7.47017975939313e-02 9.84578045468810e+04 
7.48527708632909e-02 9.83537244489579e+04 
7.50090877481979e-02 9.82498617331223e+04 
7.51473226521772e-02 9.81612600790831e+04 
7.52914964865396e-02 9.80720468838654e+04 
7.54301644848700e-02 9.79894921619587e+04 
7.55759339503610e-02 9.79059538315202e+04 
7.57258117935214e-02 9.78237483992738e+04 
7.58786419423470e-02 9.77440942599856e+04 
7.60263211595441e-02 9.76708880075602e+04 
7.61785221995277e-02 9.75992769953748e+04 
7.63236773499426e-02 9.75350554925717e+04 
7.64752844824923e-02 9.74722423542320e+04 
7.66305524487647e-02 9.74126782587747e+04 
7.67809937242084e-02 9.73591309724356e+04 
7.69367737413916e-02 9.73089015285776e+04 
7.70936185817932e-02 9.72640423682582e+04 
7.72504953746757e-02 9.72255532723689e+04 
7.74073617721743e-02 9.71916828581642e+04 
7.75643264283456e-02 9.71609577507949e+04 
7.77213334508982e-02 9.71389189664585e+04 
7.78782510440286e-02 9.71235353630253e+04 
7.80351820809469e-02 9.71142603062791e+04 
7.81921462619810e-02 9.71106215496496e+04 
7.83491261655524e-02 9.71114368192780e+04 
7.85062177334212e-02 9.71169425041425e+04 
7.86633556953254e-02 9.71228292765787e+04 
7.88204182067511e-02 9.71288710825224e+04 
7.89774989412536e-02 9.71348695641655e+04 
7.91346022987370e-02 9.71424530591519e+04 
7.92917356613624e-02 9.71512696219408e+04 
7.94489830638842e-02 9.71615446439855e+04 
7.96062821332204e-02 9.71736412414019e+04 
7.97635064124165e-02 9.71879466462919e+04 
7.99207220356189e-02 9.72048753167047e+04 
8.00779325587960e-02 9.72244457730600e+04 
8.02351717885688e-02 9.72458156297179e+04 
8.03925142109236e-02 9.72690380321572e+04 
8.05499130923181e-02 9.72940298785771e+04 
8.07072652546178e-02 9.73208371192979e+04 
8.08646394331752e-02 9.73492845213929e+04 
8.10220326145278e-02 9.73793536519338e+04 
8.11794622019379e-02 9.74108675728147e+04 
8.13369914549271e-02 9.74432300040847e+04 
8.14945742965558e-02 9.74765857095052e+04 
8.16521103820235e-02 9.75107368376768e+04 
8.18096567508674e-02 9.75455654263331e+04 
8.19672072020587e-02 9.75808214296009e+04 
8.21247873770157e-02 9.76161819856036e+04 
8.22824627110470e-02 9.76516440611198e+04 
8.24401930165036e-02 9.76869687940917e+04 
8.25978829334977e-02 9.77219976673177e+04 
8.27555860888819e-02 9.77564479326044e+04 
8.28776208887517e-02 9.77829281375519e+04 
8.30098791751141e-02 9.78109453063646e+04 
8.31520690145943e-02 9.78402999236133e+04 
8.32832965647230e-02 9.78666513135495e+04 
8.34256848736761e-02 9.78945170691002e+04 
8.35760447027387e-02 9.79235007747883e+04 
8.37339349542569e-02 9.79548486388233e+04 
8.38918621539277e-02 9.79874595927351e+04 
8.40194646552945e-02 9.80154567950738e+04 
8.41574318978410e-02 9.80475274581149e+04 
8.43015072641111e-02 9.80831491832753e+04 
8.44524190366053e-02 9.81238127856555e+04 
8.45892597657097e-02 9.81635402277063e+04 
8.47355232777035e-02 9.82090785873530e+04 
8.48870995432796e-02 9.82599931291536e+04 
8.50418241884857e-02 9.83162483131851e+04 
8.51990354548794e-02 9.83781652018193e+04 
8.53485411150044e-02 9.84418696482773e+04 
8.54965265103012e-02 9.85098623068041e+04 
8.56509350613659e-02 9.85863595106405e+04 
8.58088858822799e-02 9.86707733440756e+04 
8.59616931979720e-02 9.87585467694125e+04 
8.61201201070817e-02 9.88560835176201e+04 
8.62785945299732e-02 9.89605743584702e+04 
8.64371039726923e-02 9.90718348756355e+04 
8.65956830313723e-02 9.91903362622068e+04 
8.67543651077693e-02 9.93155403888948e+04 
8.69130896309451e-02 9.94471501766665e+04 
8.70717831049755e-02 9.95849553373672e+04 
8.72305059178995e-02 9.97284118202152e+04 
8.73892599661380e-02 9.98773607674656e+04 
8.75480765540525e-02 1.00031463023975e+05 
8.77070024852973e-02 1.00189957057451e+05 
8.78659858893480e-02 1.00351648353915e+05 
8.80249483931034e-02 1.00515799449676e+05 
8.81839509015244e-02 1.00681957186470e+05 
8.83429813070402e-02 1.00848193386434e+05 
8.85020655832249e-02 1.01013679333845e+05 
8.86612511349509e-02 1.01177712973669e+05 
8.88204912998312e-02 1.01339103453799e+05 
8.89797035150493e-02 1.01496844915420e+05 
8.91389465236480e-02 1.01650615104358e+05 
8.92981568985636e-02 1.01798911107546e+05 
8.94574054474392e-02 1.01941359921256e+05 
8.96166520750097e-02 1.02077133852558e+05 
8.97760366710681e-02 1.02206314907466e+05 
8.99354883409425e-02 1.02326156306840e+05 
9.00948679184128e-02 1.02434768917719e+05 
9.02541845847243e-02 1.02530788955898e+05 
9.04135610984589e-02 1.02618628815390e+05 
9.05729499167106e-02 1.02697084818061e+05 
9.07324936141010e-02 1.02757429875684e+05 
9.08921147789141e-02 1.02802870214144e+05 
9.10516632519290e-02 1.02836287882291e+05 
9.12111541823752e-02 1.02857635926159e+05 
9.13707079488292e-02 1.02862585343484e+05 
9.15302723748748e-02 1.02865504185535e+05 
9.16899950271853e-02 1.02866408082252e+05 
9.18498048841527e-02 1.02862304017258e+05 
9.20095363437131e-02 1.02852636882926e+05 
9.21692139828990e-02 1.02835648682501e+05 
9.23289640805945e-02 1.02809907599722e+05 
9.24887260352441e-02 1.02773725343475e+05 
9.26486446136860e-02 1.02726599566459e+05 
9.28086696574097e-02 1.02671185524300e+05 
9.29686006265115e-02 1.02608068260866e+05 
9.31284798738589e-02 1.02537023554973e+05 
9.32884406607829e-02 1.02459438544279e+05 
9.34484135377589e-02 1.02375791896127e+05 
9.36085507432218e-02 1.02286413788780e+05 
9.37688289812806e-02 1.02192338153011e+05 
9.39290033431294e-02 1.02094234636943e+05 
9.40891329992013e-02 1.01992401332857e+05 
9.42493282449009e-02 1.01887438740441e+05 
9.44095185291512e-02 1.01779895443798e+05 
9.45698683531105e-02 1.01669943633965e+05 
9.47303552388263e-02 1.01557983809762e+05 
9.48907359886627e-02 1.01444130090046e+05 
9.50510701531826e-02 1.01328945495182e+05 
9.52114643533627e-02 1.01212338199647e+05 
9.53718539523304e-02 1.01095295415913e+05 
9.55324050595026e-02 1.00977727882781e+05 
9.56931084772858e-02 1.00859850600580e+05 
9.58537093361183e-02 1.00741313401366e+05 
9.60142828550509e-02 1.00623332846934e+05 
9.61749263856426e-02 1.00505592772186e+05 
9.63355706921896e-02 1.00389056755199e+05 
9.64962199451409e-02 1.00273866755881e+05 
9.66570051460014e-02 1.00159905215191e+05 
9.68176201709627e-02 1.00046746774444e+05 
9.69782602668725e-02 9.99357955578266e+04 
9.71389422391481e-02 9.98262496327427e+04 
9.72995855273256e-02 9.97193555277615e+04 
9.74602145912074e-02 9.96153272332841e+04 
9.76210132225058e-02 9.95135650747109e+04 
9.77816485730912e-02 9.94134768105370e+04 
9.79423659565787e-02 9.93163748159427e+04 
9.81031504435842e-02 9.92215094085388e+04 
9.82639188043018e-02 9.91299984785586e+04 
9.84246616636984e-02 9.90418256670785e+04 
9.85856003579762e-02 9.89561768572439e+04 
9.87463770931747e-02 9.88727750646190e+04 
9.89072757398044e-02 9.87926051954898e+04 
9.90682561052744e-02 9.87143157199933e+04 
9.92292524544830e-02 9.86387582427524e+04 
9.93902439790479e-02 9.85668877374012e+04 
9.95514526902979e-02 9.84990768604251e+04 
9.97125489262345e-02 9.84322603354631e+04 
9.98737998628697e-02 9.83682075299077e+04 
1.00035159173201e-01 9.83062080781680e+04 
1.00196547861572e-01 9.82472296600996e+04 
1.00338314345347e-01 9.81979634379906e+04 
1.00479003492159e-01 9.81511853052296e+04 
1.00618227496131e-01 9.81066907857913e+04 
1.00760350546024e-01 9.80641904190991e+04 
1.00903726969046e-01 9.80237734983861e+04 
1.01037983221379e-01 9.79885406490705e+04 
1.01180192357627e-01 9.79543433047927e+04 
1.01319417620717e-01 9.79234607053116e+04 
1.01463215343384e-01 9.78932067496182e+04 
1.01598655173680e-01 9.78671381094548e+04 
1.01734542147092e-01 9.78423144036924e+04 
1.01868930863424e-01 9.78198057584602e+04 
1.02004513244648e-01 9.77993223401460e+04 
1.02140814015461e-01 9.77802557003431e+04 
1.02276937361249e-01 9.77621295949279e+04 
1.02407592506713e-01 9.77466914782383e+04 
1.02547126945646e-01 9.77316045302730e+04 
1.02680965112800e-01 9.77188201381383e+04 
1.02821030166033e-01 9.77077164715426e+04 
1.02966844164328e-01 9.76982105129157e+04 
1.03110457000289e-01 9.76901428829633e+04 
1.03248253875829e-01 9.76836143439328e+04 
1.03393052359883e-01 9.76788463037222e+04 
1.03528200373212e-01 9.76772404231792e+04 
1.03669440633960e-01 9.76783260068671e+04 
1.03814216740850e-01 9.76832003253009e+04 
1.03955896952510e-01 9.76902241277861e+04 
1.04093042186599e-01 9.76970852852957e+04 
1.04236273432314e-01 9.77040272657324e+04 
1.04374362425969e-01 9.77116150024365e+04 
1.04518806360431e-01 9.77207694079104e+04 
1.04661996845858e-01 9.77307493334379e+04 
1.04812530253293e-01 9.77418403693149e+04 
1.04939383796156e-01 9.77524279509435e+04 
1.05078176544522e-01 9.77658145372937e+04 
1.05218964026104e-01 9.77813395196100e+04 
1.05362862329075e-01 9.77998924775913e+04 
1.05509621258031e-01 9.78214046116864e+04 
1.05653794216255e-01 9.78437496234560e+04 
1.05797125315601e-01 9.78673511967756e+04 
1.05952876826297e-01 9.78937485749848e+04 
1.06090271668471e-01 9.79186517019536e+04 
1.06234142341339e-01 9.79462690827691e+04 
1.06380057064050e-01 9.79752851538948e+04 
1.06533152422256e-01 9.80064937847355e+04 
1.06672478628253e-01 9.80358217874074e+04 
1.06819040673539e-01 9.80671202562506e+04 
1.06959253458303e-01 9.80977917218951e+04 
1.07107470745984e-01 9.81309351193914e+04 
1.07255473101357e-01 9.81641492338776e+04 
1.07403925641623e-01 9.81971772016293e+04 
1.07548356616837e-01 9.82296497663523e+04 
1.07700911835287e-01 9.82633166879559e+04 
1.07847821745285e-01 9.82953080591028e+04 
1.08003119113761e-01 9.83289441235518e+04 
1.08165734685167e-01 9.83639820998518e+04 
1.08321207544217e-01 9.83969095938014e+04 
1.08482870378282e-01 9.84311850602092e+04 
1.08637968396776e-01 9.84637780049737e+04 
1.08797365971120e-01 9.84973032009846e+04 
1.08954586958211e-01 9.85305125837792e+04 
1.09117233249584e-01 9.85648174776151e+04 
1.09275186678659e-01 9.85979554272415e+04 
1.09437161456390e-01 9.86324754906404e+04 
1.09596628578377e-01 9.86665781436746e+04 
1.09740611173817e-01 9.86976608053438e+04 
1.09891232928663e-01 9.87305323359742e+04 
1.10049334917790e-01 9.87651554693561e+04 
1.10199805235270e-01 9.87977877529535e+04 
1.10358090660331e-01 9.88322905442745e+04 
1.10520797045672e-01 9.88675016540027e+04 
1.10668409472846e-01 9.88995889813232e+04 
1.10824422026271e-01 9.89335076323671e+04 
1.10987293883483e-01 9.89686800184955e+04 
1.11142959192517e-01 9.90017070287096e+04 
1.11275899071692e-01 9.90297753933030e+04 
1.11422132938784e-01 9.90600080612540e+04 
1.11579099239441e-01 9.90924415187797e+04 
1.11734587481643e-01 9.91239504249927e+04 
1.11893582470894e-01 9.91558987638104e+04 
1.12051860769948e-01 9.91874609854809e+04 
1.12214785688512e-01 9.92196737996797e+04 
1.12367960571094e-01 9.92492061753950e+04 
1.12530991916000e-01 9.92800383772939e+04 
1.12692405231927e-01 9.93101026333480e+04 
1.12855583667284e-01 9.93399097940235e+04 
1.13018823978757e-01 9.93692547528635e+04 
1.13181196694827e-01 9.93980169162181e+04 
1.13344445066628e-01 9.94262829146986e+04 
1.13493095232661e-01 9.94513351377438e+04 
1.13651294548454e-01 9.94771335246584e+04 
1.13814825711181e-01 9.95030211776368e+04 
1.13964470010418e-01 9.95262792394803e+04 
1.14121687949519e-01 9.95503210528725e+04 
1.14285183808132e-01 9.95748215483607e+04 
1.14431234904053e-01 9.95961870887352e+04 
1.14584694206177e-01 9.96180961657591e+04 
1.14746837023824e-01 9.96407579949221e+04 
1.14900182069990e-01 9.96617432091544e+04 
1.15062812310977e-01 9.96833550421772e+04 
1.15226562371985e-01 9.97041769342708e+04 
1.15375595011855e-01 9.97224519900234e+04 
1.15536723521855e-01 9.97411475397224e+04 
1.15700809170196e-01 9.97591380029877e+04 
1.15864073709289e-01 9.97761670896903e+04 
1.16028038107896e-01 9.97920615256592e+04 
1.16188486590676e-01 9.98065739915883e+04 
1.16352612999921e-01 9.98198405311986e+04 
1.16516914277556e-01 9.98314839851471e+04 
1.16681175240418e-01 9.98417027909908e+04 
1.16845464264196e-01 9.98509278567410e+04 
1.17009695519752e-01 9.98585963901472e+04 
1.17173805747352e-01 9.98648186164263e+04 
1.17337959778608e-01 9.98692867137677e+04 
1.17502231451450e-01 9.98722219339056e+04 
1.17666479743462e-01 9.98737903274982e+04 
1.17830772079101e-01 9.98745937755945e+04 
1.17995024125705e-01 9.98740909664132e+04 
1.18159159463007e-01 9.98726171714199e+04 
1.18323346565807e-01 9.98697501162652e+04 
1.18487662753941e-01 9.98654684452804e+04 
1.18651979801749e-01 9.98600487600285e+04 
1.18816358552514e-01 9.98543291111088e+04 
1.18980716916814e-01 9.98476770779060e+04 
1.19144987782699e-01 9.98408672420804e+04 
1.19309345174227e-01 9.98335623581482e+04 
1.19473858632065e-01 9.98253150462739e+04 
1.19638387452289e-01 9.98177141321714e+04 
1.19802982703121e-01 9.98098679311215e+04 
1.19967557982225e-01 9.98024024406970e+04 
1.20132043439023e-01 9.97947863586729e+04 
1.20296604745856e-01 9.97859331904873e+04 
1.20461305184771e-01 9.97784973952433e+04 
1.20626012238231e-01 9.97721198032968e+04 
1.20790778056571e-01 9.97661172322357e+04 
1.20955518932883e-01 9.97633771041599e+04 
1.21120179803848e-01 9.97619395364240e+04 
1.21284916438386e-01 9.97621842267105e+04 
1.21449793539354e-01 9.97632266850557e+04 
1.21614688669695e-01 9.97655495193660e+04 
1.21779644826511e-01 9.97678120740268e+04 
1.21944583903719e-01 9.97715379942517e+04 
1.22109452567378e-01 9.97755877593176e+04 
1.22274398569061e-01 9.97817118604140e+04 
1.22439471175694e-01 9.97883912629344e+04 
1.22604554728814e-01 9.97963820582897e+04 
1.22769694493399e-01 9.98074016177205e+04 
1.22934813150909e-01 9.98197578833310e+04 
1.23099843989676e-01 9.98346342043199e+04 
1.23239724713460e-01 9.98483837097525e+04 
1.23386612618390e-01 9.98639696908504e+04 
1.23541540191083e-01 9.98835026590765e+04 
1.23696064294139e-01 9.99054975374288e+04 
1.23856728919870e-01 9.99325375753234e+04 
1.24021913361463e-01 9.99663570333733e+04 
1.24187144020042e-01 1.00011663292143e+05 
1.24352476594535e-01 1.00069362195475e+05 
1.24517826144592e-01 1.00138636472582e+05 
1.24683241770586e-01 1.00222303321941e+05 
1.24848652201899e-01 1.00317849436273e+05 
1.25014002507478e-01 1.00428937778382e+05 
1.25179427531207e-01 1.00550267534023e+05 
1.25344978578423e-01 1.00682808310253e+05 
1.25510560763519e-01 1.00829810502081e+05 
1.25676206103917e-01 1.00990997291849e+05 
1.25841847868012e-01 1.01162617247552e+05 
1.26007431878509e-01 1.01343584027827e+05 
1.26173097767209e-01 1.01531340569700e+05 
1.26338900698758e-01 1.01724697444906e+05 
1.26504704322696e-01 1.01921726581903e+05 
1.26670520870708e-01 1.02121317062364e+05 
1.26836454074844e-01 1.02320849938794e+05 
1.27002248236860e-01 1.02516525288208e+05 
1.27168163026841e-01 1.02704147946424e+05 
1.27334115746668e-01 1.02881500215044e+05 
1.27500083182424e-01 1.03048382365990e+05 
1.27666072336014e-01 1.03204135806173e+05 
1.27832177117920e-01 1.03346326976459e+05 
1.27998157135707e-01 1.03473390715385e+05 
1.28164269420453e-01 1.03581258987302e+05 
1.28330428407966e-01 1.03672175440937e+05 
1.28496610744417e-01 1.03745702340016e+05 
1.28662825039206e-01 1.03802644036371e+05 
1.28829162410967e-01 1.03836818290014e+05 
1.28995389040850e-01 1.03852026227418e+05 
1.29161760125772e-01 1.03858081806307e+05 
1.29328185251361e-01 1.03847817049195e+05 
1.29494639902993e-01 1.03836698993565e+05 
1.29661133523653e-01 1.03824701309057e+05 
1.29827752933376e-01 1.03808758385855e+05 
1.29994266180686e-01 1.03788487396054e+05 
1.30160925325450e-01 1.03761971888417e+05 
1.30327643250107e-01 1.03729642822627e+05 
1.30494394505365e-01 1.03688576484755e+05 
1.30661185865027e-01 1.03637698603645e+05 
1.30828099050325e-01 1.03577695804169e+05 
1.30994910143542e-01 1.03510449951470e+05 
1.31161867429791e-01 1.03435600041392e+05 
1.31328889495060e-01 1.03354081559532e+05 
1.31495948228096e-01 1.03267456534344e+05 
1.31663050657942e-01 1.03176768120265e+05 
1.31830271244269e-01 1.03082115672157e+05 
1.31997401229470e-01 1.02984524973646e+05 
1.32164686714770e-01 1.02883737306838e+05 
1.32332045086619e-01 1.02780679648246e+05 
1.32499447529931e-01 1.02676685411153e+05 
1.32666904307277e-01 1.02572661639727e+05 
1.32834487050325e-01 1.02468377081515e+05 
1.33001989954875e-01 1.02364322189040e+05 
1.33169656729563e-01 1.02261137214327e+05 
1.33337402097561e-01 1.02159004269564e+05 
1.33505196428762e-01 1.02058557233763e+05 
1.33673050625942e-01 1.01960047359019e+05 
1.33841028070222e-01 1.01863275659810e+05 
1.34008931870050e-01 1.01766372242251e+05 
1.34176984478846e-01 1.01669249180745e+05 
1.34345133377011e-01 1.01571413421469e+05 
1.34513334805596e-01 1.01472707365688e+05 
1.34681602091916e-01 1.01373445841541e+05 
1.34849991233775e-01 1.01274122959398e+05 
1.35018325468508e-01 1.01175137701271e+05 
1.35186675385575e-01 1.01075192866496e+05 
1.35355263586726e-01 1.00974189584682e+05 
1.35523904959887e-01 1.00872398014253e+05 
1.35691672212665e-01 1.00770775213834e+05 
1.35828601204385e-01 1.00687324573336e+05 
1.35979223095277e-01 1.00595071791977e+05 
1.36142861201473e-01 1.00493816408909e+05 
1.36311535216093e-01 1.00388725551635e+05 
1.36480589861599e-01 1.00283190458050e+05 
1.36649721688016e-01 1.00178060950676e+05 
1.36818664351061e-01 1.00073382975336e+05 
1.36987865768663e-01 9.99692751839709e+04 
1.37156774921679e-01 9.98657659839039e+04 
1.37326028471532e-01 9.97629637309889e+04 
1.37495396443058e-01 9.96614875506431e+04 
1.37664827844913e-01 9.95620675516592e+04 
1.37834037807763e-01 9.94647513932835e+04 
1.38003492754146e-01 9.93696863913658e+04 
1.38172654346750e-01 9.92766072799719e+04 
1.38342148888867e-01 9.91849193001081e+04 
1.38511748479583e-01 9.90962291601384e+04 
1.38681406864428e-01 9.90106024874636e+04 
1.38850846537073e-01 9.89278142647751e+04 
1.39020523063424e-01 9.88483630832049e+04 
1.39189911804930e-01 9.87711925664643e+04 
1.39359624430449e-01 9.86958578917794e+04 
1.39529439358066e-01 9.86235111384487e+04 
1.39699315832419e-01 9.85545637476624e+04 
1.39868984143037e-01 9.84893142933360e+04 
1.40038885080932e-01 9.84276797857197e+04 
1.40208507071731e-01 9.83689068441527e+04 
1.40378448667811e-01 9.83126134732081e+04 
1.40548491987917e-01 9.82589998976106e+04 
1.40718597598464e-01 9.82078057743384e+04 
1.40888500133226e-01 9.81583523739150e+04 
1.41058629541081e-01 9.81108093026732e+04 
1.41228484974402e-01 9.80633013056895e+04 
1.41398651912666e-01 9.80158667922156e+04 
1.41568914716578e-01 9.79685784916870e+04 
1.41739236610288e-01 9.79210768579771e+04 
1.41909367054877e-01 9.78742641539745e+04 
1.42079722803761e-01 9.78275780683840e+04 
1.42249824884998e-01 9.77804988302640e+04 
1.42420224832834e-01 9.77327062188457e+04 
1.42590720478466e-01 9.76846971809506e+04 
1.42761279867028e-01 9.76368755425213e+04 
1.42931672564227e-01 9.75904614873361e+04 
1.43102286842128e-01 9.75454725046084e+04 
1.43272671986664e-01 9.75019538633607e+04 
1.43443338574309e-01 9.74595355459737e+04 
1.43614097746991e-01 9.74189209350449e+04 
1.43784921492412e-01 9.73812989296229e+04 
1.43955589910312e-01 9.73475470487043e+04 
1.44126468139885e-01 9.73187542277287e+04 
1.44297126389669e-01 9.72946088296045e+04 
1.44468052358418e-01 9.72734628184304e+04 
1.44639061839366e-01 9.72577749900841e+04 
1.44810129305476e-01 9.72489199016659e+04 
1.44981042587133e-01 9.72491502916852e+04 
1.45152147606629e-01 9.72525574492521e+04 
1.45323046273058e-01 9.72590280955969e+04 
1.45494201698303e-01 9.72671669682157e+04 
1.45665383241107e-01 9.72713938615143e+04 
1.45836592988114e-01 9.72733208444502e+04 
1.46007728598033e-01 9.72776870024243e+04 
1.46178960845444e-01 9.72825114673218e+04 
1.46350076176161e-01 9.72870008404470e+04 
1.46521361153933e-01 9.72902804621943e+04 
1.46692670100348e-01 9.72931187048100e+04 
1.46864000122493e-01 9.72961996176552e+04 
1.47035340413098e-01 9.72989879565065e+04 
1.47206684485941e-01 9.73013253664773e+04 
1.47343962236984e-01 9.73027992838801e+04 
1.47488384962237e-01 9.73039843261970e+04 
1.47632524336270e-01 9.73053210101270e+04 
1.47788431096207e-01 9.73067280965423e+04 
1.47927877938262e-01 9.73083446865565e+04 
1.48079391822754e-01 9.73106761247051e+04 
1.48241714985300e-01 9.73133748962717e+04 
1.48384306371203e-01 9.73160999540571e+04 
1.48541156895697e-01 9.73199817446307e+04 
1.48712599287906e-01 9.73251121770920e+04 
1.48884048725636e-01 9.73318050627450e+04 
1.49055497555886e-01 9.73405833081755e+04 
1.49226950065353e-01 9.73500117891892e+04 
1.49398419190505e-01 9.73608659048840e+04 
1.49569900166841e-01 9.73738579226742e+04 
1.49741396274643e-01 9.73890881105619e+04 
1.49912904253017e-01 9.74066821281036e+04 
1.50084416969427e-01 9.74267612208038e+04 
1.50255938496412e-01 9.74483199192055e+04 
1.50427480395805e-01 9.74731396363815e+04 
1.50599038277248e-01 9.75013596972462e+04 
1.50770613779715e-01 9.75326861411869e+04 
1.50942203003927e-01 9.75670215997871e+04 
1.51113797419763e-01 9.76037895399957e+04 
1.51285399911011e-01 9.76423949359014e+04 
1.51457021132495e-01 9.76832398633228e+04 
1.51628655825179e-01 9.77268053282971e+04 
1.51800303851317e-01 9.77726661704413e+04 
1.51971960462164e-01 9.78205318149332e+04 
1.52143616383964e-01 9.78702794164128e+04 
1.52315273552134e-01 9.79212676773778e+04 
1.52486942315208e-01 9.79732783190819e+04 
1.52658618926581e-01 9.80264066827126e+04 
1.52830303043624e-01 9.80800737206042e+04 
1.53001989681554e-01 9.81342121515869e+04 
1.53173671037653e-01 9.81889537340114e+04 
1.53345349111338e-01 9.82432972506118e+04 
1.53517035476837e-01 9.82975263880401e+04 
1.53688728460129e-01 9.83514316208715e+04 
1.53860427450830e-01 9.84050132688863e+04 
1.54032126624347e-01 9.84587395625402e+04 
1.54203819655985e-01 9.85121590707356e+04 
1.54375508309573e-01 9.85650660906150e+04 
1.54547205264934e-01 9.86172731457813e+04 
1.54718909478355e-01 9.86689901398160e+04 
1.54890618858217e-01 9.87197506300703e+04 
1.55062325542624e-01 9.87699249412854e+04 
1.55234024065306e-01 9.88193952534487e+04 
1.55405715568517e-01 9.88678588947346e+04 
1.55577414502359e-01 9.89156044114820e+04 
1.55749123204902e-01 9.89630795906458e+04 
1.55920845041194e-01 9.90099370578328e+04 
1.56092577786703e-01 9.90567157130671e+04 
1.56264312520356e-01 9.91034816840419e+04 
1.56436049508934e-01 9.91502591119744e+04 
1.56607799455032e-01 9.91974173104228e+04 
1.56779575022722e-01 9.92452381125510e+04 
1.56951380146345e-01 9.92937327945911e+04 
1.57123212836865e-01 9.93441228413604e+04 
1.57295070465263e-01 9.93959715029258e+04 
1.57466957291767e-01 9.94493058100081e+04 
1.57638882595584e-01 9.95044854324271e+04 
1.57810847483881e-01 9.95615944142981e+04 
1.57982821737223e-01 9.96200265311983e+04 
1.58154788334354e-01 9.96797539870160e+04 
1.58326761437024e-01 9.97408892614296e+04 
1.58498743936590e-01 9.98030293212259e+04 
1.58670751985734e-01 9.98661711571245e+04 
1.58842783146846e-01 9.99300536243959e+04 
1.59014829104053e-01 9.99938456972830e+04 
1.59186876673205e-01 1.00057534021528e+05 
1.59358938916041e-01 1.00120521266324e+05 
1.59531013869353e-01 1.00182354377911e+05 
1.59703126867141e-01 1.00243073679814e+05 
1.59875260040349e-01 1.00302822439438e+05 
1.60047416575282e-01 1.00361029780069e+05 
1.60219563743057e-01 1.00418660963111e+05 
1.60391716489713e-01 1.00475218638481e+05 
1.60563882338520e-01 1.00530650323888e+05 
1.60736107460626e-01 1.00585456186645e+05 
1.60908334720077e-01 1.00639899751075e+05 
1.61080573115060e-01 1.00693670448377e+05 
1.61252810684606e-01 1.00747534786299e+05 
1.61425048139006e-01 1.00800906841114e+05 
1.61576043065515e-01 1.00847129142450e+05 
1.61734384455318e-01 1.00894964685744e+05 
1.61900692108498e-01 1.00944504803899e+05 
1.62072985269930e-01 1.00994665347918e+05 
1.62245282955584e-01 1.01043963696665e+05 
1.62417575095554e-01 1.01091697658018e+05 
1.62589875016551e-01 1.01137084117403e+05 
1.62746249923902e-01 1.01176246004716e+05 
1.62912239928914e-01 1.01215652948930e+05 
1.63084584044427e-01 1.01253549140663e+05 
1.63256938477793e-01 1.01288516539768e+05 
1.63416858449952e-01 1.01318065212801e+05 
1.63588722461034e-01 1.01345914797438e+05 
1.63761107699669e-01 1.01370492448696e+05 
1.63931099265181e-01 1.01392242546683e+05 
1.64103498253479e-01 1.01411597167544e+05 
1.64266194548973e-01 1.01428230500109e+05 
1.64437899843081e-01 1.01443798212429e+05 
1.64610274014677e-01 1.01457131540875e+05 
1.64782665264362e-01 1.01469003412934e+05 
1.64955067188712e-01 1.01480098309966e+05 
1.65127477591084e-01 1.01490440280034e+05 
1.65299889108913e-01 1.01500766107303e+05 
1.65472296446260e-01 1.01510876543381e+05 
1.65644702201785e-01 1.01520129139938e+05 
1.65817121733233e-01 1.01528871500267e+05 
1.65989554611820e-01 1.01538448427339e+05 
1.66162000282912e-01 1.01547917594757e+05 
1.66334453662779e-01 1.01557497143725e+05 
1.66506909240814e-01 1.01566813904819e+05 
1.66679370699836e-01 1.01574872194529e+05 
1.66851851114092e-01 1.01581909284443e+05 
1.67024349020278e-01 1.01588254584472e+05 
1.67196862908511e-01 1.01593674171921e+05 
1.67369388644342e-01 1.01598168107059e+05 
1.67541919236934e-01 1.01601838473732e+05 
1.67714121783156e-01 1.01603693091564e+05 
1.67886681100323e-01 1.01603031997950e+05 
1.68059257727439e-01 1.01601016600101e+05 
1.68231849448119e-01 1.01598666242294e+05 
1.68404451388548e-01 1.01594882764186e+05 
1.68577054758688e-01 1.01591361423007e+05 
1.68749663207851e-01 1.01586690391177e+05 
1.68922288419240e-01 1.01581731373131e+05 
1.69094927117148e-01 1.01576149176451e+05 
1.69267578764932e-01 1.01570486818283e+05 
1.69440239695844e-01 1.01563997502054e+05 
1.69612902164638e-01 1.01556642891975e+05 
1.69785571604244e-01 1.01547107858736e+05 
1.69958260195620e-01 1.01535839243315e+05 
1.70130964050166e-01 1.01523274620770e+05 
1.70303683373804e-01 1.01509768419852e+05 
1.70476414210733e-01 1.01495056808725e+05 
1.70649148026218e-01 1.01479230036681e+05 
1.70821889670473e-01 1.01461218125140e+05 
1.70994650440602e-01 1.01441694876929e+05 
1.71167425352417e-01 1.01421461231040e+05 
1.71340214555778e-01 1.01400882888206e+05 
1.71513013240519e-01 1.01379590379813e+05 
1.71685812910529e-01 1.01357499317595e+05 
1.71858619805694e-01 1.01334472573243e+05 
1.72031446421632e-01 1.01310987716552e+05 
1.72204288964294e-01 1.01286497903111e+05 
1.72377149755869e-01 1.01262232588273e+05 
1.72550024612590e-01 1.01238263287888e+05 
1.72722905837052e-01 1.01214500047094e+05 
1.72895800569790e-01 1.01190085409734e+05 
1.73065277395332e-01 1.01165971883818e+05 
1.73238218739669e-01 1.01141495771736e+05 
1.73391534830749e-01 1.01120263225152e+05 
1.73552960613520e-01 1.01098416366040e+05 
1.73710841463733e-01 1.01077598181955e+05 
1.73870972043630e-01 1.01055027945775e+05 
1.74039171840307e-01 1.01031602881297e+05 
1.74209269225396e-01 1.01009019262526e+05 
1.74342611243437e-01 1.00992379308061e+05 
1.74483691314684e-01 1.00975348901725e+05 
1.74617400714118e-01 1.00959674724431e+05 
1.74746301399600e-01 1.00944335535260e+05 
1.74883655651347e-01 1.00928240296830e+05 
1.75019704572303e-01 1.00912781986128e+05 
1.75156670149787e-01 1.00897936823285e+05 
1.75301850535055e-01 1.00882661306043e+05 
1.75438385945188e-01 1.00868571403381e+05 
1.75584028602999e-01 1.00853047509559e+05 
1.75722566238879e-01 1.00838440447706e+05 
1.75868005559765e-01 1.00823402710765e+05 
1.76014964345842e-01 1.00809129515097e+05 
1.76156814016677e-01 1.00795982282686e+05 
1.76305362500009e-01 1.00782324719572e+05 
1.76452297464809e-01 1.00768440994554e+05 
1.76604061123388e-01 1.00754089980938e+05 
1.76759077446656e-01 1.00739686858563e+05 
1.76913373345813e-01 1.00726209717597e+05 
1.77045211486534e-01 1.00715166354383e+05 
1.77187181749160e-01 1.00703622244022e+05 
1.77339329844954e-01 1.00690985838194e+05 
1.77472488340074e-01 1.00680242159887e+05 
1.77618638620574e-01 1.00668780731457e+05 
1.77778325685312e-01 1.00657014399409e+05 
1.77916078404446e-01 1.00647471896272e+05 
1.78063472836254e-01 1.00637748882233e+05 
1.78216837833145e-01 1.00627529217069e+05 
1.78363034351981e-01 1.00618130170140e+05 
1.78517404234141e-01 1.00608651567165e+05 
1.78655105223679e-01 1.00601067341258e+05 
1.78802259937034e-01 1.00593879099455e+05 
1.78940391407838e-01 1.00587796875407e+05 
1.79088399486004e-01 1.00581321299060e+05 
1.79229835039280e-01 1.00575232907095e+05 
1.79381270537560e-01 1.00568799049644e+05 
1.79528300105522e-01 1.00564333973483e+05 
1.79671230214525e-01 1.00560436476758e+05 
1.79820999673888e-01 1.00557419328753e+05 
1.79975175962979e-01 1.00553897715120e+05 
1.80125453126780e-01 1.00550631576312e+05 
1.80280364348348e-01 1.00547717765371e+05 
1.80438742852819e-01 1.00545556965163e+05 
1.80573361693287e-01 1.00543891796347e+05 
1.80715212055195e-01 1.00542366685154e+05 
1.80864929223816e-01 1.00539992253325e+05 
1.81020226285216e-01 1.00537211009163e+05 
1.81181010285140e-01 1.00534342678018e+05 
1.81325406832765e-01 1.00531965973403e+05 
1.81478548391194e-01 1.00529244877602e+05 
1.81622771193195e-01 1.00526542771456e+05 
1.81778412242158e-01 1.00522545786431e+05 
1.81926932177435e-01 1.00518263779057e+05 
1.82088639264537e-01 1.00513239432139e+05 
1.82257717713723e-01 1.00507944482056e+05 
1.82403060425089e-01 1.00502969290715e+05 
1.82559398658398e-01 1.00497557900163e+05 
1.82701637137881e-01 1.00491605953784e+05 
1.82852772445964e-01 1.00484605289552e+05 
1.83012735855417e-01 1.00476925041094e+05 
1.83180498776658e-01 1.00468756119101e+05 
1.83340839839930e-01 1.00460475223899e+05 
1.83508259248013e-01 1.00451793510673e+05 
1.83671516003470e-01 1.00442110238785e+05 
1.83841671043805e-01 1.00431274950157e+05 
1.84015334058345e-01 1.00420201530269e+05 
1.84186381649521e-01 1.00409183374738e+05 
1.84354375074779e-01 1.00398447652204e+05 
1.84528027151822e-01 1.00387433464062e+05 
1.84697929912552e-01 1.00375896712198e+05 
1.84871601813234e-01 1.00363851901341e+05 
1.85045279985065e-01 1.00351661999562e+05 
1.85218958803558e-01 1.00340183030259e+05 
1.85392624193755e-01 1.00329783131915e+05 
1.85566279887497e-01 1.00320398456852e+05 
1.85739925906382e-01 1.00309983850310e+05 
1.85913589668506e-01 1.00300117369845e+05 
1.86087263494759e-01 1.00291344196397e+05 
1.86260933311342e-01 1.00283251405355e+05 
1.86434586245797e-01 1.00276920631552e+05 
1.86608227240269e-01 1.00271280660133e+05 
1.86781861899065e-01 1.00265325921193e+05 
1.86955514066563e-01 1.00259593773153e+05 
1.87129168209494e-01 1.00254322767612e+05 
1.87302817051276e-01 1.00249786350612e+05 
1.87476445111092e-01 1.00245511647722e+05 
1.87650061123216e-01 1.00241435339544e+05 
1.87823669112800e-01 1.00236560047245e+05 
1.87997293316827e-01 1.00231627878775e+05 
1.88170920034328e-01 1.00226923460153e+05 
1.88344540147467e-01 1.00222473620839e+05 
1.88518136497958e-01 1.00218271995076e+05 
1.88691720329418e-01 1.00214624512185e+05 
1.88865295209628e-01 1.00210223671476e+05 
1.89038879503653e-01 1.00205275022650e+05 
1.89212466029234e-01 1.00201238820099e+05 
1.89386048544712e-01 1.00197418034260e+05 
1.89559618841969e-01 1.00194564155231e+05 
1.89733180928900e-01 1.00191286877324e+05 
1.89906734554635e-01 1.00187222444606e+05 
1.90080290657823e-01 1.00183484548065e+05 
1.90253851696924e-01 1.00179413047778e+05 
1.90427411771632e-01 1.00174992905474e+05 
1.90600967280258e-01 1.00170574825650e+05 
1.90774511735818e-01 1.00164802159479e+05 
1.90948048490475e-01 1.00158897094299e+05 
1.91121589837073e-01 1.00152741359345e+05 
1.91295137960169e-01 1.00146108363999e+05 
1.91468687059560e-01 1.00138392644269e+05 
1.91642232734300e-01 1.00132056018409e+05 
1.91815768176533e-01 1.00124165074444e+05 
1.91989297589720e-01 1.00115489961551e+05 
1.92162833250541e-01 1.00107169020782e+05 
1.92336376669709e-01 1.00098747644740e+05 
1.92509921594228e-01 1.00090542774327e+05 
1.92683462311428e-01 1.00081943677210e+05 
1.92856991587939e-01 1.00073676517739e+05 
1.93030514458274e-01 1.00063988746650e+05 
1.93204043761844e-01 1.00054288630279e+05 
1.93377580498951e-01 1.00044281478246e+05 
1.93551118427328e-01 1.00034596649317e+05 
1.93724650625678e-01 1.00025697941588e+05 
1.93898169852649e-01 1.00016561863730e+05 
1.94071682060280e-01 1.00006861725417e+05 
1.94245200689258e-01 9.99975515258272e+04 
1.94418726413060e-01 9.99883735791869e+04 
1.94592253369505e-01 9.99782754887139e+04 
1.94765774197372e-01 9.99694715251536e+04 
1.94939282278969e-01 9.99611482459968e+04 
1.95112784803161e-01 9.99526699975619e+04 
1.95286295737149e-01 9.99441028216269e+04 
1.95459815303446e-01 9.99353350778148e+04 
1.95633337980228e-01 9.99260064335820e+04 
1.95806854542764e-01 9.99167989780520e+04 
1.95980359249573e-01 9.99080749500785e+04 
1.96153859669900e-01 9.98990140331026e+04 
1.96327370974963e-01 9.98899468609850e+04 
1.96500891557614e-01 9.98813779778614e+04 
1.96674415670020e-01 9.98732217472970e+04 
1.96847932236097e-01 9.98656457199752e+04 
1.97021435680284e-01 9.98585764072034e+04 
1.97194933491611e-01 9.98514866639865e+04 
1.97368441957631e-01 9.98444020304206e+04 
1.97541959027336e-01 9.98375551779097e+04 
1.97715480066923e-01 9.98308414371877e+04 
1.97888996963944e-01 9.98242657191554e+04 
1.98062508654675e-01 9.98177059188512e+04 
1.98236020777472e-01 9.98107022324848e+04 
1.98409547143739e-01 9.98032691810981e+04 
1.98583086482960e-01 9.97956051760620e+04 
1.98756636518283e-01 9.97876739970635e+04 
1.98930188980794e-01 9.97796400916032e+04 
1.99103742965619e-01 9.97714765180144e+04 
1.99277303767252e-01 9.97626855464585e+04 
1.99450886253296e-01 9.97533974942563e+04 
1.99624486341940e-01 9.97439516169586e+04 
1.99798100056240e-01 9.97344513262629e+04 
1.99971716692843e-01 9.97249332081268e+04 
2.00145336256646e-01 9.97156756314853e+04 
