# Liste des scalaires : TEMPS pmat 
0.00000000000000e+00 1.00000000000000e+05 
7.22956891292051e-05 1.00000000000000e+05 
1.44903489205099e-04 1.00000000000000e+05 
2.24772069288581e-04 1.00000000000000e+05 
3.12627507380412e-04 1.00000000000000e+05 
4.09268489281427e-04 1.00000000000000e+05 
5.15573569372542e-04 1.00000000000000e+05 
6.32509157472769e-04 1.00000000000000e+05 
7.61138304383019e-04 1.00000000000000e+05 
8.99386082332788e-04 1.00000000000000e+05 
1.04592549594808e-03 1.00000000000000e+05 
1.19740276882971e-03 1.00000000000000e+05 
1.35408931864929e-03 1.00000000000000e+05 
1.51933430014290e-03 1.00000000000000e+05 
1.69233475285004e-03 1.00000000000000e+05 
1.87359087852264e-03 1.00000000000000e+05 
2.06300824963481e-03 1.00000000000000e+05 
2.26259190501300e-03 1.00000000000000e+05 
2.46887461305624e-03 1.00000000000000e+05 
2.68565293711211e-03 1.00000000000000e+05 
2.90976939941280e-03 1.00000000000000e+05 
3.14319070972100e-03 1.00000000000000e+05 
3.38916924412407e-03 1.00000000000000e+05 
3.64533130228514e-03 1.00000000000000e+05 
3.91313402021111e-03 1.00000000000000e+05 
4.19366083983145e-03 1.00000000000000e+05 
4.48482021296850e-03 1.00000000000000e+05 
4.77289404349005e-03 1.00000000000000e+05 
5.05403736375733e-03 1.00000000000000e+05 
5.34516643952337e-03 1.00000000000000e+05 
5.65419135152823e-03 1.00000000000000e+05 
5.98623665055719e-03 1.00000000000000e+05 
6.32706363790767e-03 1.00000000000000e+05 
6.66354395637722e-03 1.00000000000000e+05 
6.99636249448881e-03 1.00000000000000e+05 
7.33122215433834e-03 1.00000000000000e+05 
7.67095182724506e-03 1.00000000000000e+05 
8.01454925060792e-03 1.00000000000000e+05 
8.36448084506052e-03 1.00000000000000e+05 
8.72276076960144e-03 1.00000000000000e+05 
9.08787891622372e-03 1.00000000000000e+05 
9.46173511006291e-03 1.00000000000000e+05 
9.84231149389525e-03 1.00000000000000e+05 
1.02291307969377e-02 1.00000000000000e+05 
1.06210888437718e-02 1.00000000000000e+05 
1.10184625857729e-02 1.00000000000000e+05 
1.14165000035281e-02 1.00000000000000e+05 
1.18158022658272e-02 1.00000000000000e+05 
1.22152778130959e-02 1.00000000000000e+05 
1.26155978435615e-02 1.00000000000000e+05 
1.30157225600698e-02 1.00000000000000e+05 
1.34156931479921e-02 1.00000000000000e+05 
1.38164238096305e-02 1.00000000000000e+05 
1.42185649768324e-02 1.00000000000000e+05 
1.46209361418933e-02 1.00000000000000e+05 
1.50229262014811e-02 1.00000000000000e+05 
1.54258660006516e-02 1.00000000000000e+05 
1.58289712302629e-02 1.00000000000000e+05 
1.62333197528802e-02 1.00000000000000e+05 
1.66382525743507e-02 1.00000000000000e+05 
1.70432796733118e-02 1.00000000000000e+05 
1.74482329975968e-02 1.00000000000000e+05 
1.78513399705618e-02 1.00000000000000e+05 
1.82541599791897e-02 1.00000000000000e+05 
1.86578189951082e-02 1.00000000000000e+05 
1.90623534979252e-02 1.00000000000000e+05 
1.94668435377028e-02 1.00000000000000e+05 
1.98723115070981e-02 1.00000000000000e+05 
2.02766916763353e-02 1.00000000000000e+05 
2.06794174625261e-02 1.00000000000000e+05 
2.10794800851612e-02 1.00000000000000e+05 
2.14765079093610e-02 1.00000000000000e+05 
2.18707646222423e-02 1.00000000000000e+05 
2.22624033793596e-02 1.00000000000000e+05 
2.26509596815273e-02 1.00000000000000e+05 
2.30379181770597e-02 1.00000000000000e+05 
2.34245726505478e-02 1.00000000000000e+05 
2.38109259405374e-02 1.00000000000000e+05 
2.41975194097462e-02 1.00000000000000e+05 
2.45839530750913e-02 1.00000000000000e+05 
2.49712327476818e-02 1.00000000000000e+05 
2.53592241744059e-02 1.00000000000000e+05 
2.57490095199811e-02 1.00000000000000e+05 
2.61408850513551e-02 1.00000000000000e+05 
2.65320895796571e-02 1.00000000000000e+05 
2.69239243350129e-02 1.00000000000000e+05 
2.73154148109807e-02 1.00000000000000e+05 
2.77070133442875e-02 1.00000000000000e+05 
2.80990679463323e-02 1.00000000000000e+05 
2.84919115107472e-02 1.00000000000000e+05 
2.88847954394351e-02 1.00000000000000e+05 
2.92780150781379e-02 1.00000000000000e+05 
2.96711499080369e-02 1.00000000000000e+05 
3.00647709496782e-02 1.00000000000000e+05 
3.04589889534616e-02 1.00000000000000e+05 
3.08545633335608e-02 1.00000000000000e+05 
3.12513854333581e-02 1.00000000000000e+05 
3.16493542465206e-02 1.00000000000000e+05 
3.20479857107425e-02 1.00000000000000e+05 
3.24472647606912e-02 1.00000000000000e+05 
3.28474597382512e-02 1.00000000000000e+05 
3.32488676222809e-02 1.00000000000000e+05 
3.36517959904494e-02 1.00000000000000e+05 
3.40561810466226e-02 1.00000000000000e+05 
3.44615496099732e-02 1.00000000000000e+05 
3.48667787271220e-02 1.00000000000000e+05 
3.52734455265622e-02 1.00000000000000e+05 
3.56810869181506e-02 1.00000000000000e+05 
3.60888178363791e-02 1.00000000000000e+05 
3.64971106954747e-02 1.00000000000000e+05 
3.69054618491151e-02 1.00000000000000e+05 
3.73135933423317e-02 1.00000000000000e+05 
3.77230327424527e-02 1.00000000000000e+05 
3.81333860683045e-02 1.00000000000000e+05 
3.85436174326303e-02 1.00000000000000e+05 
3.89541942755752e-02 1.00000000000000e+05 
3.93647702922574e-02 1.00000000000000e+05 
3.97751138770062e-02 1.00000000000000e+05 
4.01867103593586e-02 1.00000000000000e+05 
4.05992643193046e-02 1.00000000000000e+05 
4.10116680034073e-02 1.00000000000000e+05 
4.14243781494417e-02 1.00000000000000e+05 
4.18371765840218e-02 1.00000000000000e+05 
4.22497918217097e-02 1.00000000000000e+05 
4.26632233674472e-02 1.00000000000000e+05 
4.30772050373266e-02 1.00000000000000e+05 
4.34906801481131e-02 1.00000000000000e+05 
4.39041770034094e-02 1.00000000000000e+05 
4.43174845264245e-02 1.00000000000000e+05 
4.47303253014995e-02 1.00000000000000e+05 
4.51437590261386e-02 1.00000000000000e+05 
4.55577527526947e-02 1.00000000000000e+05 
4.59712574774373e-02 1.00000000000000e+05 
4.63847685245785e-02 1.00000000000000e+05 
4.67981520007705e-02 1.00000000000000e+05 
4.72111176636479e-02 1.00000000000000e+05 
4.76246920991012e-02 1.00000000000000e+05 
4.80388058400102e-02 1.00000000000000e+05 
4.84524109161048e-02 1.00000000000000e+05 
4.88659692717462e-02 1.00000000000000e+05 
4.92794133988918e-02 1.00000000000000e+05 
4.96924453413498e-02 1.00000000000000e+05 
5.01060532977751e-02 1.00000000000000e+05 
5.05201707935503e-02 1.00000000000000e+05 
5.09337552307575e-02 1.00000000000000e+05 
5.13472441281260e-02 1.00000000000000e+05 
5.17606108247304e-02 1.00000000000000e+05 
5.21735572270655e-02 1.00000000000000e+05 
5.25870339311811e-02 1.00000000000000e+05 
5.30009807056423e-02 1.00000000000000e+05 
5.34143822125502e-02 1.00000000000000e+05 
5.38276466430830e-02 1.00000000000000e+05 
5.42407945852316e-02 1.00000000000000e+05 
5.46535470611829e-02 1.00000000000000e+05 
5.50668344932032e-02 1.00000000000000e+05 
5.54806157934227e-02 1.00000000000000e+05 
5.58939126502963e-02 1.00000000000000e+05 
5.63071057521717e-02 1.00000000000000e+05 
5.67202471885720e-02 1.00000000000000e+05 
5.71330693787606e-02 1.00000000000000e+05 
5.75464633810261e-02 1.00000000000000e+05 
5.79604273172365e-02 1.00000000000000e+05 
5.83740057523208e-02 1.00000000000000e+05 
5.87875553975891e-02 1.00000000000000e+05 
5.92011610788001e-02 1.00000000000000e+05 
5.96145389382177e-02 1.00000000000000e+05 
6.00285423476575e-02 1.00000000000000e+05 
6.04431879719085e-02 1.00000000000000e+05 
6.08575576806674e-02 1.00000000000000e+05 
6.12719555811770e-02 1.00000000000000e+05 
6.16864886453250e-02 1.00000000000000e+05 
6.21008732562755e-02 1.00000000000000e+05 
6.25159144165408e-02 1.00000000000000e+05 
6.29316193925624e-02 1.00000000000000e+05 
6.33470995582308e-02 1.00000000000000e+05 
6.37626303191244e-02 1.00000000000000e+05 
6.41783312521369e-02 1.00000000000000e+05 
6.45939284852841e-02 1.00000000000000e+05 
6.50101339230779e-02 1.00000000000000e+05 
6.54266407604636e-02 1.00000000000000e+05 
6.58426641907877e-02 1.00000000000000e+05 
6.62585592933974e-02 1.00000000000000e+05 
6.66742407049534e-02 1.00000000000000e+05 
6.70898533981643e-02 1.00000000000000e+05 
6.75060021549325e-02 1.00000000000000e+05 
6.79224653197568e-02 1.00000000000000e+05 
6.83385217158195e-02 1.00000000000000e+05 
6.87544913059597e-02 1.00000000000000e+05 
6.91702996434361e-02 1.00000000000000e+05 
6.95861140023838e-02 1.00000000000000e+05 
7.00025027941738e-02 1.00000000000000e+05 
7.04192110944818e-02 1.00000000000000e+05 
7.08355408992383e-02 1.00000000000000e+05 
7.12518782711536e-02 1.00000000000000e+05 
7.16680491521539e-02 1.00000000000000e+05 
7.20842531730971e-02 1.00000000000000e+05 
7.25010595722540e-02 1.00000000000000e+05 
7.29182282344219e-02 1.00000000000000e+05 
7.33350587958079e-02 1.00000000000000e+05 
7.37519534334427e-02 1.00000000000000e+05 
7.41686966433571e-02 1.00000000000000e+05 
7.45855140681434e-02 1.00000000000000e+05 
7.50029721411442e-02 1.00000000000000e+05 
7.54208074228011e-02 1.00000000000000e+05 
7.58383362662896e-02 1.00000000000000e+05 
7.62558382972364e-02 1.00000000000000e+05 
7.66733274629657e-02 1.00000000000000e+05 
7.70909229802321e-02 1.00000000000000e+05 
7.75088127845607e-02 1.00000000000000e+05 
7.79269899160474e-02 1.00000000000000e+05 
7.83449625978476e-02 1.00000000000000e+05 
7.87628104589512e-02 1.00000000000000e+05 
7.91808059541381e-02 1.00000000000000e+05 
7.95987960320808e-02 1.00000000000000e+05 
8.00170608734832e-02 1.00000000000000e+05 
8.04356227170617e-02 1.00000000000000e+05 
8.08540047162452e-02 1.00000000000000e+05 
8.12722943713126e-02 1.00000000000000e+05 
8.16907325222021e-02 1.00000000000000e+05 
8.21091819452598e-02 1.00000000000000e+05 
8.25279179102948e-02 1.00000000000000e+05 
8.29469463056795e-02 1.00000000000000e+05 
8.33658041151401e-02 1.00000000000000e+05 
8.37845925499966e-02 1.00000000000000e+05 
8.42035369577368e-02 1.00000000000000e+05 
8.46225207658906e-02 1.00000000000000e+05 
8.50418093866758e-02 1.00000000000000e+05 
8.54613563341278e-02 1.00000000000000e+05 
8.58808202478153e-02 1.00000000000000e+05 
8.63002400666222e-02 1.00000000000000e+05 
8.67198395319398e-02 1.00000000000000e+05 
8.71395086486084e-02 1.00000000001929e+05 
8.75593309994125e-02 1.00000000030558e+05 
8.79793803843852e-02 1.00000000238530e+05 
8.83994209225764e-02 1.00000000571298e+05 
8.88194169727636e-02 1.00000001028709e+05 
8.92396895993852e-02 1.00000001559534e+05 
8.96600826609985e-02 1.00000002026652e+05 
9.00805926879526e-02 1.00000002596272e+05 
9.05013110493775e-02 1.00000003193222e+05 
9.09221188253143e-02 1.00000003763123e+05 
9.13429206498005e-02 1.00000004310478e+05 
9.17640370048096e-02 1.00000004828081e+05 
9.21852208217743e-02 1.00000005327806e+05 
9.26066154786072e-02 1.00000006103810e+05 
9.30281903141605e-02 1.00000007349103e+05 
9.34498959991518e-02 1.00000009465535e+05 
9.38716100192437e-02 1.00000016359583e+05 
9.42935958985844e-02 1.00000036125839e+05 
9.47156125939792e-02 1.00000076933808e+05 
9.51378029098552e-02 1.00000147047632e+05 
9.55601295908885e-02 1.00000252929217e+05 
9.59825398749048e-02 1.00000401379403e+05 
9.64049047514691e-02 1.00000599342793e+05 
9.68275103049104e-02 1.00000849048641e+05 
9.72500818659797e-02 1.00001153220671e+05 
9.76727827623685e-02 1.00001505866609e+05 
9.80955698366119e-02 1.00001888451787e+05 
9.85183981001117e-02 1.00002271608317e+05 
9.89411438766501e-02 1.00002651120893e+05 
9.93640984383352e-02 1.00002995528177e+05 
9.97869850173706e-02 1.00003283711988e+05 
1.00209973435544e-01 1.00003546901735e+05 
1.00633020891347e-01 1.00003904419506e+05 
1.01056091591070e-01 1.00004402501677e+05 
1.01479061310070e-01 1.00005705636600e+05 
1.01902230994402e-01 1.00007580658415e+05 
1.02325307032757e-01 1.00014653209265e+05 
1.02748472069513e-01 1.00031602101432e+05 
1.03171674105153e-01 1.00064772740405e+05 
1.03594877094506e-01 1.00116199981472e+05 
1.04017952575491e-01 1.00190975741169e+05 
1.04441211877283e-01 1.00291267666060e+05 
1.04864345021392e-01 1.00421683948555e+05 
1.05287547511450e-01 1.00582407149950e+05 
1.05710773980104e-01 1.00773634932226e+05 
1.06133999782685e-01 1.00994197234490e+05 
1.06557098746593e-01 1.01238582612800e+05 
1.06980325372177e-01 1.01496558560381e+05 
1.07403481739253e-01 1.01764614892957e+05 
1.07826688729502e-01 1.02027872031525e+05 
1.08249964355645e-01 1.02279372073437e+05 
1.08673205742309e-01 1.02507503871319e+05 
1.09096385405419e-01 1.02705518877712e+05 
1.09519606252690e-01 1.02859591206708e+05 
1.09942759172339e-01 1.02972502034364e+05 
1.10365961481645e-01 1.03025408915880e+05 
1.10789224741405e-01 1.03028127700387e+05 
1.11212446449052e-01 1.03014470595510e+05 
1.11635637810690e-01 1.02992814431587e+05 
1.12058822718671e-01 1.02945413854517e+05 
1.12481932279303e-01 1.02864040707482e+05 
1.12905073191876e-01 1.02747910536597e+05 
1.13328258144497e-01 1.02602710413436e+05 
1.13751416598236e-01 1.02435948621855e+05 
1.14174546621582e-01 1.02253541540479e+05 
1.14597697523566e-01 1.02056787441527e+05 
1.15020800428575e-01 1.01848965455774e+05 
1.15443954325707e-01 1.01636092164173e+05 
1.15867180233351e-01 1.01420664885551e+05 
1.16290418422961e-01 1.01204126080619e+05 
1.16713660781195e-01 1.00990112349521e+05 
1.17136976096889e-01 1.00779724771082e+05 
1.17560290493497e-01 1.00572202787177e+05 
1.17983700633691e-01 1.00370259750033e+05 
1.18407237881675e-01 1.00174737230937e+05 
1.18830845810871e-01 9.99835098363603e+04 
1.19254516207831e-01 9.97997853830829e+04 
1.19678337625872e-01 9.96271469442785e+04 
1.20102222214763e-01 9.94612212873118e+04 
1.20526255066103e-01 9.93040565801551e+04 
1.20950477771057e-01 9.91551502610849e+04 
1.21374808724369e-01 9.90133367466722e+04 
1.21799237134848e-01 9.88800006462039e+04 
1.22223825727727e-01 9.87604353791741e+04 
1.22648482223089e-01 9.86488292955316e+04 
1.23073285393286e-01 9.85474430310066e+04 
1.23498265050889e-01 9.84576816157660e+04 
1.23923316396715e-01 9.83776140979663e+04 
1.24348443599550e-01 9.83072703440734e+04 
1.24773686013211e-01 9.82489445983060e+04 
1.25198976964069e-01 9.82048607166674e+04 
1.25624388644856e-01 9.81754945576120e+04 
1.26049954357516e-01 9.81635655676244e+04 
1.26475573000023e-01 9.81757042376008e+04 
1.26901247765813e-01 9.82080277219144e+04 
1.27327003163851e-01 9.82560648506558e+04 
1.27752779729458e-01 9.83154016070657e+04 
1.28178651645716e-01 9.83894371686797e+04 
1.28604646336231e-01 9.84822667606289e+04 
1.29030662601475e-01 9.85972034295634e+04 
1.29456711541358e-01 9.87304734764667e+04 
1.29882811092185e-01 9.88800854081471e+04 
1.30308910155979e-01 9.90440201543660e+04 
1.30735093651243e-01 9.92168418861925e+04 
1.31161386612889e-01 9.93971919689218e+04 
1.31587702905013e-01 9.95841251265524e+04 
1.32014060345737e-01 9.97710496542371e+04 
1.32440474832714e-01 9.99553322099046e+04 
1.32866895175273e-01 1.00138057109675e+05 
1.33293415064729e-01 1.00313676411927e+05 
1.33720051131258e-01 1.00484682193720e+05 
1.34146718352257e-01 1.00651532966726e+05 
1.34573435028972e-01 1.00806422856394e+05 
1.35000213428842e-01 1.00951792412781e+05 
1.35427002231456e-01 1.01091940667680e+05 
1.35853897545925e-01 1.01254242384994e+05 
1.36280916908838e-01 1.01426400761716e+05 
1.36707982711560e-01 1.01601412693826e+05 
1.37135117251790e-01 1.01767189338259e+05 
1.37562338660197e-01 1.01923790611749e+05 
1.37989594686592e-01 1.02067559363766e+05 
1.38416970328374e-01 1.02191239226260e+05 
1.38844473866939e-01 1.02289246298344e+05 
1.39272033108078e-01 1.02355528389328e+05 
1.39699664246330e-01 1.02389061392334e+05 
1.40127398521537e-01 1.02379325875688e+05 
1.40555171828311e-01 1.02332761112632e+05 
1.40983061550877e-01 1.02255462801160e+05 
1.41411069741291e-01 1.02148965610518e+05 
1.41839137893813e-01 1.02023956210939e+05 
1.42267270578675e-01 1.01882230395269e+05 
1.42695512318593e-01 1.01741246724381e+05 
1.43123783824174e-01 1.01622096782858e+05 
1.43552151489545e-01 1.01518278640353e+05 
1.43980612516034e-01 1.01423043171771e+05 
1.44409126003601e-01 1.01339285959654e+05 
1.44837684727838e-01 1.01267090249347e+05 
1.45266334425698e-01 1.01198638408922e+05 
1.45694994916404e-01 1.01126994893242e+05 
1.46123726374528e-01 1.01051107034426e+05 
1.46552520635810e-01 1.00962296142238e+05 
1.46981353143864e-01 1.00854138158998e+05 
1.47410208792330e-01 1.00727434953750e+05 
1.47839147775244e-01 1.00574989105099e+05 
1.48268093689687e-01 1.00404683124267e+05 
1.48697098433638e-01 1.00202539734353e+05 
1.49126154714345e-01 9.99790069164593e+04 
1.49555249532871e-01 9.97489040280713e+04 
1.49984370814919e-01 9.95103158138927e+04 
1.50413581741025e-01 9.92609407850621e+04 
1.50842819248985e-01 9.90115219799754e+04 
1.51272123311090e-01 9.87654951446576e+04 
1.51701492213598e-01 9.85199862210626e+04 
1.52130936074153e-01 9.82769208007697e+04 
1.52560451652102e-01 9.80442488717378e+04 
1.52990099486593e-01 9.78251568182081e+04 
1.53419832481447e-01 9.76156693062221e+04 
1.53849680713686e-01 9.74196567796533e+04 
1.54279642781229e-01 9.72369850554718e+04 
1.54709735908211e-01 9.70671509585083e+04 
1.55139960434562e-01 9.69121029352918e+04 
1.55570362353922e-01 9.67763594874572e+04 
1.56000892237238e-01 9.66559913664783e+04 
1.56431563243024e-01 9.65527249522904e+04 
1.56862378383513e-01 9.64696030750049e+04 
1.57293339146270e-01 9.64072010914803e+04 
1.57724441606947e-01 9.63650588579174e+04 
1.58155736296664e-01 9.63505079369115e+04 
1.58587169213297e-01 9.63641415620682e+04 
1.59018754352514e-01 9.64097376062871e+04 
1.59450495588851e-01 9.64868818183954e+04 
1.59882386137411e-01 9.65787409912254e+04 
1.60314421050215e-01 9.66880159814388e+04 
1.60746659593756e-01 9.68273038049795e+04 
1.61179040423314e-01 9.70049097308865e+04 
1.61611575852831e-01 9.72177817414682e+04 
1.62044275368337e-01 9.74612995959113e+04 
1.62477121849616e-01 9.77330666898868e+04 
1.62910098711538e-01 9.80223251366057e+04 
1.63343264080837e-01 9.83275018506431e+04 
1.63776534180015e-01 9.86417492129030e+04 
1.64209922070579e-01 9.89573446952641e+04 
1.64643433262520e-01 9.92701737087019e+04 
1.65077041257800e-01 9.95726330900530e+04 
1.65510720668532e-01 9.98554009031912e+04 
1.65944531160218e-01 1.00092781416014e+05 
1.66378383057112e-01 1.00293968344613e+05 
1.66812291991333e-01 1.00491168506692e+05 
1.67246258304919e-01 1.00667554476594e+05 
1.67680268728203e-01 1.00811450822710e+05 
1.68114295510873e-01 1.00915299770557e+05 
1.68548391124423e-01 1.00979098420187e+05 
1.68982464765899e-01 1.01009616391295e+05 
1.69416538860899e-01 1.01004708473953e+05 
1.69850608161349e-01 1.00965893632934e+05 
1.70284666377004e-01 1.00896776816306e+05 
1.70718682101985e-01 1.00798513602188e+05 
1.71152704865512e-01 1.00670403879332e+05 
1.71586641400980e-01 1.00520130983516e+05 
1.72020524805061e-01 1.00353759170523e+05 
1.72454345732580e-01 1.00158952307430e+05 
1.72888113371684e-01 9.99510195362732e+04 
1.73321798480916e-01 9.97466571564050e+04 
1.73755457735915e-01 9.95347638245897e+04 
1.74189004307759e-01 9.93198344601259e+04 
1.74622486939579e-01 9.91073557126154e+04 
1.75055899210115e-01 9.88952210792022e+04 
1.75489262361143e-01 9.86861526405699e+04 
1.75922553693545e-01 9.84851827375872e+04 
1.76355820005581e-01 9.82924249729363e+04 
1.76788985380243e-01 9.81067448225625e+04 
1.77222097332221e-01 9.79310630992445e+04 
1.77655145150985e-01 9.77611466435449e+04 
1.78088156431415e-01 9.75979245609091e+04 
1.78521103877633e-01 9.74501500884560e+04 
1.78954025154572e-01 9.73198570592515e+04 
1.79386850360673e-01 9.72061975182324e+04 
1.79819625915321e-01 9.71118979809307e+04 
1.80252337197949e-01 9.70363659672033e+04 
1.80685028618807e-01 9.69793655363896e+04 
1.81117670979939e-01 9.69516532654837e+04 
1.81550303149929e-01 9.69508442890947e+04 
1.81982860874496e-01 9.69750660175827e+04 
1.82415395617617e-01 9.70105634923953e+04 
1.82847895182557e-01 9.70629540534943e+04 
1.83280413410622e-01 9.71376263366279e+04 
1.83712922700825e-01 9.72420989602821e+04 
1.84145465957631e-01 9.73828145995307e+04 
1.84577982347108e-01 9.75520250699248e+04 
1.85010529401979e-01 9.77452051224094e+04 
1.85443099314558e-01 9.79541004901370e+04 
1.85875747439040e-01 9.81809300772056e+04 
1.86308444098411e-01 9.84253769221351e+04 
1.86741235430487e-01 9.86834525524219e+04 
1.87174052999166e-01 9.89514884651071e+04 
1.87606957243296e-01 9.92267266508883e+04 
1.88039937602955e-01 9.95061516641621e+04 
1.88473041920040e-01 9.97860425088947e+04 
1.88906235231862e-01 1.00058543378109e+05 
1.89339575639726e-01 1.00320477397901e+05 
1.89772978953819e-01 1.00566777097558e+05 
1.90206512327885e-01 1.00795187720282e+05 
1.90640165157310e-01 1.01008430091518e+05 
1.91073987431718e-01 1.01205033639059e+05 
1.91507943326455e-01 1.01375787826449e+05 
1.91942100271723e-01 1.01516425407845e+05 
1.92376364133953e-01 1.01635878405101e+05 
1.92810799249175e-01 1.01727800914321e+05 
1.93245393912096e-01 1.01794788108893e+05 
1.93680198038434e-01 1.01840661675520e+05 
1.94115171725078e-01 1.01871597511487e+05 
1.94550267775547e-01 1.01887586472286e+05 
1.94985542713987e-01 1.01888059821228e+05 
1.95420973631056e-01 1.01874870759631e+05 
1.95856596666956e-01 1.01853040201284e+05 
1.96292362126680e-01 1.01812183218603e+05 
1.96728293013914e-01 1.01756262365659e+05 
1.97164322706344e-01 1.01694315960553e+05 
1.97600437017179e-01 1.01627831980454e+05 
1.98036579415340e-01 1.01557670342722e+05 
1.98472822361980e-01 1.01485211921066e+05 
1.98909047698667e-01 1.01411203612794e+05 
1.99345269033267e-01 1.01334914315701e+05 
1.99781469945419e-01 1.01258857548316e+05 
2.00217557507413e-01 1.01181808178374e+05 
