# Liste des scalaires : TEMPS pmat 
0.00000000000000e+00 1.00000000000000e+05 
5.42217668469038e-05 1.00000000000000e+05 
9.98923686226176e-05 1.00000000000000e+05 
1.43633500195780e-04 1.00000000000000e+05 
1.85837453061929e-04 1.00000000000000e+05 
2.29088552845275e-04 1.00000000000000e+05 
2.73835665615803e-04 1.00000000000000e+05 
3.18413811090355e-04 1.00000000000000e+05 
3.64648310017965e-04 1.00000000000000e+05 
4.11349108618797e-04 1.00000000000000e+05 
4.58418711427006e-04 1.00000000000000e+05 
5.06411976793493e-04 1.00000000000000e+05 
5.55678101326715e-04 1.00000000000000e+05 
6.06522915299300e-04 1.00000000000000e+05 
6.56126068447302e-04 1.00000000000000e+05 
7.06929479392721e-04 1.00000000000000e+05 
7.58787155200134e-04 1.00000000000000e+05 
8.10898950397917e-04 1.00000000000000e+05 
8.64012374913143e-04 1.00000000000000e+05 
9.18186079193672e-04 1.00000000000000e+05 
9.74056166382336e-04 1.00000000000000e+05 
1.03127969747170e-03 1.00000000000000e+05 
1.08827958285266e-03 1.00000000000000e+05 
1.14782217026128e-03 1.00000000000000e+05 
1.20740099783933e-03 1.00000000000000e+05 
1.26836545344808e-03 1.00000000000000e+05 
1.33082634486136e-03 1.00000000000000e+05 
1.39473079976405e-03 1.00000000000000e+05 
1.45852104404086e-03 1.00000000000000e+05 
1.52395593225517e-03 1.00000000000000e+05 
1.59058006987280e-03 1.00000000000000e+05 
1.65874142679514e-03 1.00000000000000e+05 
1.72794617720424e-03 1.00000000000000e+05 
1.79838126393991e-03 1.00000000000000e+05 
1.87023086856067e-03 1.00000000000000e+05 
1.94390250797097e-03 1.00000000000000e+05 
2.01821112287693e-03 1.00000000000000e+05 
2.09383054566600e-03 1.00000000000000e+05 
2.17012913232276e-03 1.00000000000000e+05 
2.24802781411382e-03 1.00000000000000e+05 
2.32637184409429e-03 1.00000000000000e+05 
2.40499254872829e-03 1.00000000000000e+05 
2.48516723987365e-03 1.00000000000000e+05 
2.56686564137295e-03 1.00000000000000e+05 
2.64909532082195e-03 1.00000000000000e+05 
2.73267121826181e-03 1.00000000000000e+05 
2.81762457387902e-03 1.00000000000000e+05 
2.90396094423164e-03 1.00000000000000e+05 
2.99176939047497e-03 1.00000000000000e+05 
3.08102081513896e-03 1.00000000000000e+05 
3.16965135916597e-03 1.00000000000000e+05 
3.25962262360631e-03 1.00000000000000e+05 
3.35088301904524e-03 1.00000000000000e+05 
3.44338404275456e-03 1.00000000000000e+05 
3.53713293970156e-03 1.00000000000000e+05 
3.63213549301514e-03 1.00000000000000e+05 
3.72833667412882e-03 1.00000000000000e+05 
3.82259393354020e-03 1.00000000000000e+05 
3.91913454228247e-03 1.00000000000000e+05 
4.01681712964917e-03 1.00000000000000e+05 
4.11419518770547e-03 1.00000000000000e+05 
4.21255392451897e-03 1.00000000000000e+05 
4.31345469880050e-03 1.00000000000000e+05 
4.41370700916675e-03 1.00000000000000e+05 
4.51388244155332e-03 1.00000000000000e+05 
4.61355775017410e-03 1.00000000000000e+05 
4.71279364162566e-03 1.00000000000000e+05 
4.81096838979936e-03 1.00000000000000e+05 
4.90825777403530e-03 1.00000000000000e+05 
5.00251925221800e-03 1.00000000000000e+05 
5.09489528262841e-03 1.00000000000000e+05 
5.18613177547513e-03 1.00000000000000e+05 
5.27663985481743e-03 1.00000000000000e+05 
5.36694126256395e-03 1.00000000000000e+05 
5.45715340284241e-03 1.00000000000000e+05 
5.54758719307313e-03 1.00000000000000e+05 
5.63761962097186e-03 1.00000000000000e+05 
5.72758598925234e-03 1.00000000000000e+05 
5.81765975809568e-03 1.00000000000000e+05 
5.90814255603508e-03 1.00000000000000e+05 
5.99896358238457e-03 1.00000000000000e+05 
6.09023210906880e-03 1.00000000000000e+05 
6.18211164308803e-03 1.00000000000000e+05 
6.27467076359855e-03 1.00000000000000e+05 
6.36790547594134e-03 1.00000000000000e+05 
6.46196175631469e-03 1.00000000000000e+05 
6.55675687694669e-03 1.00000000000000e+05 
6.65231532818171e-03 1.00000000000000e+05 
6.74876355617250e-03 1.00000000000000e+05 
6.84608712028182e-03 1.00000000000000e+05 
6.94429696136502e-03 1.00000000000000e+05 
7.04252138109538e-03 1.00000000000000e+05 
7.14106491992861e-03 1.00000000000000e+05 
7.24000845089928e-03 1.00000000000000e+05 
7.33695263852252e-03 1.00000000000000e+05 
7.43420095403379e-03 1.00000000000000e+05 
7.53172065651272e-03 1.00000000000000e+05 
7.62954463642704e-03 1.00000000000000e+05 
7.72765630522948e-03 1.00000000000000e+05 
7.82598384511440e-03 1.00000000000000e+05 
7.92456979499980e-03 1.00000000000000e+05 
8.02349514140249e-03 1.00000000000000e+05 
8.12279772062528e-03 1.00000000000000e+05 
8.22260356789105e-03 1.00000000000000e+05 
8.32288810448357e-03 1.00000000000000e+05 
8.42358225399745e-03 1.00000000000000e+05 
8.52469052182490e-03 1.00000000000000e+05 
8.62620521676494e-03 1.00000000000000e+05 
8.72813942239639e-03 1.00000000000000e+05 
8.83066133038725e-03 1.00000000000000e+05 
8.93342598234335e-03 1.00000000000000e+05 
9.03490006423908e-03 1.00000000000000e+05 
9.13648089186358e-03 1.00000000000000e+05 
9.23814388412966e-03 1.00000000000000e+05 
9.33989652556904e-03 1.00000000000000e+05 
9.44171170160981e-03 1.00000000000000e+05 
9.54364474262784e-03 1.00000000000000e+05 
9.64568758997461e-03 1.00000000000000e+05 
9.74787417862274e-03 1.00000000000000e+05 
9.85034055584439e-03 1.00000000000000e+05 
9.95318760269600e-03 1.00000000000000e+05 
1.00565111702452e-02 1.00000000000000e+05 
1.01601026225054e-02 1.00000000000000e+05 
1.02637722711143e-02 1.00000000000000e+05 
1.03675441661852e-02 1.00000000000000e+05 
1.04713692260418e-02 1.00000000000000e+05 
1.05752683585280e-02 1.00000000000000e+05 
1.06792149813332e-02 1.00000000000000e+05 
1.07832447737038e-02 1.00000000000000e+05 
1.08873149662758e-02 1.00000000000000e+05 
1.09914053520001e-02 1.00000000000000e+05 
1.10954536124446e-02 1.00000000000000e+05 
1.11995143078116e-02 1.00000000000000e+05 
1.13035442266798e-02 1.00000000000000e+05 
1.14076959346331e-02 1.00000000000000e+05 
1.15120006584319e-02 1.00000000000000e+05 
1.16166980310006e-02 1.00000000000000e+05 
1.17215903751747e-02 1.00000000000000e+05 
1.18265162279024e-02 1.00000000000000e+05 
1.19315524111088e-02 1.00000000000000e+05 
1.20367683954399e-02 1.00000000000000e+05 
1.21422156470251e-02 1.00000000000000e+05 
1.22479076117219e-02 1.00000000000000e+05 
1.23538378142228e-02 1.00000000000000e+05 
1.24600631302590e-02 1.00000000000000e+05 
1.25662176979107e-02 1.00000000000000e+05 
1.26723022522562e-02 1.00000000000000e+05 
1.27783538418919e-02 1.00000000000000e+05 
1.28843098440963e-02 1.00000000000000e+05 
1.29901847376147e-02 1.00000000000000e+05 
1.30959957810438e-02 1.00000000000000e+05 
1.32016988098138e-02 1.00000000000000e+05 
1.33073507843181e-02 1.00000000000000e+05 
1.34129590863436e-02 1.00000000000000e+05 
1.35184696034215e-02 1.00000000000000e+05 
1.36238776276256e-02 1.00000000000000e+05 
1.37292394976952e-02 1.00000000000000e+05 
1.38345582452930e-02 1.00000000000000e+05 
1.39399384473911e-02 1.00000000000000e+05 
1.40454000864553e-02 1.00000000000000e+05 
1.41510577840266e-02 1.00000000000000e+05 
1.42569669861591e-02 1.00000000000000e+05 
1.43632765443001e-02 1.00000000000000e+05 
1.44699705089129e-02 1.00000000000000e+05 
1.45768743716698e-02 1.00000000000000e+05 
1.46839723672454e-02 1.00000000000000e+05 
1.47907526500345e-02 1.00000000000000e+05 
1.48972692856317e-02 1.00000000000000e+05 
1.50036919692790e-02 1.00000000000000e+05 
1.51100651112670e-02 1.00000000000000e+05 
1.52160160041542e-02 1.00000000000000e+05 
1.53220917081171e-02 1.00000000000000e+05 
1.54282687653158e-02 1.00000000000000e+05 
1.55340657999092e-02 1.00000000000000e+05 
1.56397210486583e-02 1.00000000000000e+05 
1.57453355167476e-02 1.00000000000000e+05 
1.58510546268281e-02 1.00000000000000e+05 
1.59569064746826e-02 1.00000000000000e+05 
1.60628692287517e-02 1.00000000000000e+05 
1.61688740977876e-02 1.00000000000000e+05 
1.62751380053943e-02 1.00000000000000e+05 
1.63817283599227e-02 1.00000000000000e+05 
1.64884537217567e-02 1.00000000000000e+05 
1.65951565854153e-02 1.00000000000000e+05 
1.67005622662302e-02 1.00000000000000e+05 
1.68071413861011e-02 1.00000000000000e+05 
1.69137429170426e-02 1.00000000000000e+05 
1.70203842989627e-02 1.00000000000000e+05 
1.71260863486408e-02 1.00000000000000e+05 
1.72327085798788e-02 1.00000000000000e+05 
1.73384088162584e-02 1.00000000000000e+05 
1.74450090302161e-02 1.00000000000000e+05 
1.75519055544293e-02 1.00000000000000e+05 
1.76589403674506e-02 1.00000000000000e+05 
1.77646626538306e-02 1.00000000000000e+05 
1.78713903843365e-02 1.00000000000000e+05 
1.79772320656145e-02 1.00000000000000e+05 
1.80840107584342e-02 1.00000000000000e+05 
1.81909786202575e-02 1.00000000000000e+05 
1.82979738727981e-02 1.00000000000000e+05 
1.84040566118457e-02 1.00000000000000e+05 
1.85111866892147e-02 1.00000000000000e+05 
1.86174530736628e-02 1.00000000000000e+05 
1.87247061218351e-02 1.00000000000000e+05 
1.88321612359129e-02 1.00000000000000e+05 
1.89395412233724e-02 1.00000000000000e+05 
1.90461468151831e-02 1.00000000000000e+05 
1.91533290845849e-02 1.00000000000000e+05 
1.92600728660191e-02 1.00000000000000e+05 
1.93670837403183e-02 1.00000000000000e+05 
1.94739796406786e-02 1.00000000000000e+05 
1.95808226428969e-02 1.00000000000000e+05 
1.96876504372859e-02 1.00000000000000e+05 
1.97944822438116e-02 1.00000000000000e+05 
1.99014236436223e-02 1.00000000000000e+05 
2.00086190031597e-02 1.00000000000000e+05 
2.01160400478488e-02 1.00000000000000e+05 
2.02235358577712e-02 1.00000000000000e+05 
2.03307802932119e-02 1.00000000000000e+05 
2.04385626692066e-02 1.00000000000000e+05 
2.05462737902761e-02 1.00000000000000e+05 
2.06536810453265e-02 1.00000000000000e+05 
2.07612379986770e-02 1.00000000000000e+05 
2.08685900245686e-02 1.00000000000000e+05 
2.09760744309608e-02 1.00000000000000e+05 
2.10835654721980e-02 1.00000000000000e+05 
2.11908108408056e-02 1.00000000000000e+05 
2.12979644681901e-02 1.00000000000000e+05 
2.14051146696570e-02 1.00000000000000e+05 
2.15124583594476e-02 1.00000000000000e+05 
2.16201767452912e-02 1.00000000000000e+05 
2.17278786612789e-02 1.00000000000000e+05 
2.18353840627337e-02 1.00000000000000e+05 
2.19430451789583e-02 1.00000000000000e+05 
2.20507092853742e-02 1.00000000000000e+05 
2.21583767881076e-02 1.00000000000000e+05 
2.22660198263073e-02 1.00000000000000e+05 
2.23739023926636e-02 1.00000000000000e+05 
2.24821006677332e-02 1.00000000000000e+05 
2.25905398577813e-02 1.00000000000000e+05 
2.26990913001306e-02 1.00000000000000e+05 
2.28074368935043e-02 1.00000000000000e+05 
2.29155730808393e-02 1.00000000000000e+05 
2.30235337523357e-02 1.00000000000000e+05 
2.31313455494671e-02 1.00000000000000e+05 
2.32389583079464e-02 1.00000000000000e+05 
2.33464167850264e-02 1.00000000000000e+05 
2.34548959771356e-02 1.00000000000000e+05 
2.35631632643716e-02 1.00000000000000e+05 
2.36713398808135e-02 1.00000000000000e+05 
2.37794307950126e-02 1.00000000000000e+05 
2.38876544470739e-02 1.00000000000000e+05 
2.39958745798477e-02 1.00000000000000e+05 
2.41040122723757e-02 1.00000000000000e+05 
2.42119059279115e-02 1.00000000000000e+05 
2.43201589852046e-02 1.00000000000000e+05 
2.44280502274216e-02 1.00000000000000e+05 
2.45357585126742e-02 1.00000000000000e+05 
2.46439739378922e-02 1.00000000000000e+05 
2.47517562266050e-02 1.00000000000000e+05 
2.48596918794019e-02 1.00000000000000e+05 
2.49679098499362e-02 1.00000000000000e+05 
2.50759571938987e-02 1.00000000000000e+05 
2.51835156929897e-02 1.00000000000000e+05 
2.52920476062460e-02 1.00000000000000e+05 
2.53999107515568e-02 1.00000000000000e+05 
2.55078511998936e-02 1.00000000000000e+05 
2.56165479334575e-02 1.00000000000000e+05 
2.57245574384452e-02 1.00000000000000e+05 
2.58327285491822e-02 1.00000000000000e+05 
2.59418757352302e-02 1.00000000000000e+05 
2.60502092292852e-02 1.00000000000000e+05 
2.61586000551547e-02 1.00000000000000e+05 
2.62681365820404e-02 1.00000000000000e+05 
2.63771096671834e-02 1.00000000000000e+05 
2.64861735333805e-02 1.00000000000000e+05 
2.65958887925676e-02 1.00000000000000e+05 
2.67053190495105e-02 1.00000000000000e+05 
2.68149724941462e-02 1.00000000000000e+05 
2.69250529720966e-02 1.00000000000000e+05 
2.70347681224940e-02 1.00000000000000e+05 
2.71434304573290e-02 1.00000000000000e+05 
2.72531477334966e-02 1.00000000000000e+05 
2.73621893618328e-02 1.00000000000000e+05 
2.74724274374097e-02 1.00000000000000e+05 
2.75817769353634e-02 1.00000000000000e+05 
2.76917745926886e-02 1.00000000000000e+05 
2.78013636036746e-02 1.00000000000000e+05 
2.79110525178695e-02 1.00000000000000e+05 
2.80208136847647e-02 1.00000000000000e+05 
2.81311590480020e-02 1.00000000000000e+05 
2.82409775323680e-02 1.00000000000000e+05 
2.83507914650418e-02 1.00000000000000e+05 
2.84607713770592e-02 1.00000000000000e+05 
2.85709206097408e-02 1.00000000000000e+05 
2.86812091026457e-02 1.00000000000000e+05 
2.87915682931449e-02 1.00000000000000e+05 
2.89019397144827e-02 1.00000000000000e+05 
2.90122695522258e-02 1.00000000000000e+05 
2.91223367684730e-02 1.00000000000000e+05 
2.92324978348735e-02 1.00000000000000e+05 
2.93427634318292e-02 1.00000000000000e+05 
2.94529877425915e-02 1.00000000000000e+05 
2.95631296335349e-02 1.00000000000000e+05 
2.96732358969204e-02 1.00000000000000e+05 
2.97833737426359e-02 1.00000000000000e+05 
2.98935536995666e-02 1.00000000000000e+05 
3.00037811059516e-02 1.00000000000000e+05 
3.01140239203820e-02 1.00000000000000e+05 
3.02242534624652e-02 1.00000000000000e+05 
3.03344751156912e-02 1.00000000000000e+05 
3.04445197106113e-02 1.00000000000000e+05 
3.05546424168460e-02 1.00000000000000e+05 
3.06648328590687e-02 1.00000000000000e+05 
3.07750661739441e-02 1.00000000000000e+05 
3.08865679746406e-02 1.00000000000000e+05 
3.09978511311957e-02 1.00000000000000e+05 
3.11091134227331e-02 1.00000000000000e+05 
3.12203408835084e-02 1.00000000000000e+05 
3.13315428545141e-02 1.00000000000000e+05 
3.14426403466713e-02 1.00000000000000e+05 
3.15538034665046e-02 1.00000000000000e+05 
3.16649586529488e-02 1.00000000000000e+05 
3.17754331889679e-02 1.00000000000000e+05 
3.18859929553827e-02 1.00000000000000e+05 
3.19965947715611e-02 1.00000000000000e+05 
3.21073054644109e-02 1.00000000000000e+05 
3.22180560778052e-02 1.00000000000000e+05 
3.23288556146707e-02 1.00000000000000e+05 
3.24395454471623e-02 1.00000000000000e+05 
3.25502254989208e-02 1.00000000000000e+05 
3.26609061673833e-02 1.00000000000000e+05 
3.27716415367901e-02 1.00000000000000e+05 
3.28823053782270e-02 1.00000000000000e+05 
3.29929883862158e-02 1.00000000000000e+05 
3.31035656951431e-02 1.00000000000000e+05 
3.32141134688232e-02 1.00000000000000e+05 
3.33245768480538e-02 1.00000000000000e+05 
3.34350838862327e-02 1.00000000000000e+05 
3.35454935644556e-02 1.00000000000000e+05 
3.36559616273880e-02 1.00000000000000e+05 
3.37663058064045e-02 1.00000000000000e+05 
3.38766013886006e-02 1.00000000000000e+05 
3.39869482215637e-02 1.00000000000000e+05 
3.40974502470465e-02 1.00000000000000e+05 
3.42079400749661e-02 1.00000000000000e+05 
3.43186341288224e-02 1.00000000000000e+05 
3.44291745810236e-02 1.00000000000000e+05 
3.45396717499190e-02 1.00000000000000e+05 
3.46503049915153e-02 1.00000000000000e+05 
3.47612453783193e-02 1.00000000000000e+05 
3.48722491801393e-02 1.00000000000000e+05 
3.49836110644175e-02 1.00000000000000e+05 
3.50950349435205e-02 1.00000000000000e+05 
3.52068788393727e-02 1.00000000000000e+05 
3.53192648092708e-02 1.00000000000000e+05 
3.54319637507526e-02 1.00000000000000e+05 
3.55451091828997e-02 1.00000000000000e+05 
3.56587381688305e-02 1.00000000000000e+05 
3.57728132732629e-02 1.00000000000000e+05 
3.58873155067709e-02 1.00000000000000e+05 
3.60018073154910e-02 1.00000000000000e+05 
3.61164124417095e-02 1.00000000000000e+05 
3.62312448709581e-02 1.00000000000000e+05 
3.63452330442446e-02 1.00000000000000e+05 
3.64593327630812e-02 1.00000000000000e+05 
3.65735059530014e-02 1.00000000000000e+05 
3.66876535469202e-02 1.00000000000000e+05 
3.68018128277194e-02 1.00000000000000e+05 
3.69163177501959e-02 1.00000000000000e+05 
3.70306244210836e-02 1.00000000000000e+05 
3.71451801029241e-02 1.00000000000000e+05 
3.72600644486151e-02 1.00000000000000e+05 
3.73751564218327e-02 1.00000000000000e+05 
3.74906120419342e-02 1.00000000000000e+05 
3.76059553668620e-02 1.00000000000000e+05 
3.77215055205750e-02 1.00000000000000e+05 
3.78368895791083e-02 1.00000000000000e+05 
3.79525316399414e-02 1.00000000000000e+05 
3.80680067272787e-02 1.00000000000000e+05 
3.81838397211602e-02 1.00000000000000e+05 
3.82995664449785e-02 1.00000000000000e+05 
3.84154291426551e-02 1.00000000000000e+05 
3.85310869535124e-02 1.00000000000000e+05 
3.86467726521502e-02 1.00000000000000e+05 
3.87623281406112e-02 1.00000000000000e+05 
3.88744182068214e-02 1.00000000000000e+05 
3.89877478939542e-02 1.00000000000000e+05 
3.91002049465838e-02 1.00000000000000e+05 
3.92147611343201e-02 1.00000000000000e+05 
3.93303048950507e-02 1.00000000000000e+05 
3.94458144650982e-02 1.00000000000000e+05 
3.95591702943189e-02 1.00000000000000e+05 
3.96740894188008e-02 1.00000000000000e+05 
3.97879941326060e-02 1.00000000000000e+05 
3.99038795245636e-02 1.00000000000000e+05 
4.00195729736005e-02 1.00000000000000e+05 
4.01353646236906e-02 1.00000000000000e+05 
4.02505338901812e-02 1.00000000000000e+05 
4.03665492104098e-02 1.00000000000000e+05 
4.04824543766722e-02 1.00000000000000e+05 
4.05988806106669e-02 1.00000000000000e+05 
4.07153826954711e-02 1.00000000000000e+05 
4.08321944371450e-02 1.00000000000000e+05 
4.09494416981043e-02 1.00000000000000e+05 
4.10670454241239e-02 1.00000000000000e+05 
4.11842767841905e-02 1.00000000000000e+05 
4.13027073799085e-02 1.00000000000000e+05 
4.14214087049104e-02 1.00000000000000e+05 
4.15403596562912e-02 1.00000000000000e+05 
4.16585079527188e-02 1.00000000000000e+05 
4.17763022122033e-02 1.00000000000000e+05 
4.18958150973541e-02 1.00000000000000e+05 
4.20150824819110e-02 1.00000000000000e+05 
4.21327049969936e-02 1.00000000000000e+05 
4.22504310006330e-02 1.00000000000000e+05 
4.23678972102644e-02 1.00000000000000e+05 
4.24844720084236e-02 1.00000000000000e+05 
4.26030836712825e-02 1.00000000000000e+05 
4.27223197619284e-02 1.00000000000000e+05 
4.28386363591045e-02 1.00000000000000e+05 
4.29567346832276e-02 1.00000000000000e+05 
4.30746907209830e-02 1.00000000000000e+05 
4.31916996311885e-02 1.00000000000000e+05 
4.33112971757690e-02 1.00000000000000e+05 
4.34307313888752e-02 1.00000000000000e+05 
4.35483385207232e-02 1.00000000000000e+05 
4.36677563460737e-02 1.00000000000000e+05 
4.37871008270556e-02 1.00000000000000e+05 
4.39052667677336e-02 1.00000000000000e+05 
4.40250389880394e-02 1.00000000000000e+05 
4.41447151690964e-02 1.00000000000000e+05 
4.42635457141973e-02 1.00000000000000e+05 
4.43833605031113e-02 1.00000000000000e+05 
4.45035591580245e-02 1.00000000000000e+05 
4.46233977307489e-02 1.00000000000000e+05 
4.47436724632553e-02 1.00000000000000e+05 
4.48640139872082e-02 1.00000000000000e+05 
4.49844879635218e-02 1.00000000000000e+05 
4.51050966288535e-02 1.00000000000000e+05 
4.52259032067944e-02 1.00000000000000e+05 
4.53467329720536e-02 1.00000000000000e+05 
4.54676891003767e-02 1.00000000000000e+05 
4.55886430928407e-02 1.00000000000000e+05 
4.57096225187507e-02 1.00000000000000e+05 
4.58307087408520e-02 1.00000000000000e+05 
4.59519271767393e-02 1.00000000000000e+05 
4.60730786315612e-02 1.00000000000000e+05 
4.61943589812571e-02 1.00000000000000e+05 
4.63156468770865e-02 1.00000000000000e+05 
4.64368937291601e-02 1.00000000000000e+05 
4.65582907425255e-02 1.00000000000000e+05 
4.66798483384779e-02 1.00000000000000e+05 
4.68012947903634e-02 1.00000000000000e+05 
4.69228929063897e-02 1.00000000000000e+05 
4.70445308160735e-02 1.00000000000000e+05 
4.71660792201564e-02 1.00000000000000e+05 
4.72878506313879e-02 1.00000000000000e+05 
4.74097157611871e-02 1.00000000000000e+05 
4.75314778440815e-02 1.00000000000000e+05 
4.76534859475013e-02 1.00000000000000e+05 
4.77755747675384e-02 1.00000000000000e+05 
4.78975711530957e-02 1.00000000000000e+05 
4.80198252337692e-02 1.00000000000000e+05 
4.81422000475504e-02 1.00000000000000e+05 
4.82644729188754e-02 1.00000000000000e+05 
4.83869490183710e-02 1.00000000000000e+05 
4.85095140538474e-02 1.00000000000000e+05 
4.86319660129241e-02 1.00000000000000e+05 
4.87546701662726e-02 1.00000000000000e+05 
4.88774672566398e-02 1.00000000000000e+05 
4.90001916267409e-02 1.00000000000000e+05 
4.91231063369545e-02 1.00000000000000e+05 
4.92461570906147e-02 1.00000000000000e+05 
4.93691031429205e-02 1.00000000000000e+05 
4.94923599459611e-02 1.00000000000000e+05 
4.96156839504730e-02 1.00000000000000e+05 
4.97389737985438e-02 1.00000000000000e+05 
4.98624830151905e-02 1.00000000000000e+05 
4.99861827834080e-02 1.00000000000000e+05 
5.01097371144821e-02 1.00000000000000e+05 
5.02336371241903e-02 1.00000000000000e+05 
5.03575966355806e-02 1.00000000000000e+05 
5.04815075671956e-02 1.00000000000000e+05 
5.06056568401296e-02 1.00000000000000e+05 
5.07300216177039e-02 1.00000000000000e+05 
5.08542323313667e-02 1.00000000000000e+05 
5.09788272710174e-02 1.00000000000000e+05 
5.11032941684489e-02 1.00000000000000e+05 
5.12279023339989e-02 1.00000000000000e+05 
5.13524683176881e-02 1.00000000000000e+05 
5.14775254304682e-02 1.00000000000000e+05 
5.16024242114942e-02 1.00000000000000e+05 
5.17277065433982e-02 1.00000000000000e+05 
5.18528438687933e-02 1.00000000000000e+05 
5.19781440634416e-02 1.00000000000000e+05 
5.21036765796695e-02 1.00000000000000e+05 
5.22294913682304e-02 1.00000000000000e+05 
5.23551469482989e-02 1.00000000000000e+05 
5.24812153255616e-02 1.00000000000000e+05 
5.26072727255484e-02 1.00000000000000e+05 
5.27333201109900e-02 1.00000000000000e+05 
5.28595919341808e-02 1.00000000000000e+05 
5.29860903956959e-02 1.00000000000000e+05 
5.31124294938341e-02 1.00000000000000e+05 
5.32391440110707e-02 1.00000000000000e+05 
5.33658482914791e-02 1.00000000000000e+05 
5.34925595139864e-02 1.00000000000000e+05 
5.36194884160969e-02 1.00000000000000e+05 
5.37466653656870e-02 1.00000000000000e+05 
5.38737064393023e-02 1.00000000000000e+05 
5.40011438277579e-02 1.00000000000000e+05 
5.41285625622244e-02 1.00000000000000e+05 
5.42560172469819e-02 1.00000000000000e+05 
5.43836745431519e-02 1.00000000006816e+05 
5.45116350778828e-02 1.00000000029692e+05 
5.46394440850288e-02 1.00000000071358e+05 
5.47676604399593e-02 1.00000000263467e+05 
5.48958255979201e-02 1.00000000525539e+05 
5.50240184340243e-02 1.00000000840304e+05 
5.51523928541496e-02 1.00000001316593e+05 
5.52811128385872e-02 1.00000001946978e+05 
5.54097088327948e-02 1.00000002639185e+05 
5.55387367535398e-02 1.00000003165407e+05 
5.56677085264899e-02 1.00000003625407e+05 
5.57967860560944e-02 1.00000004170054e+05 
5.59260423816435e-02 1.00000004785146e+05 
5.60557055985371e-02 1.00000005484357e+05 
5.61852205132379e-02 1.00000006240660e+05 
5.63151941662182e-02 1.00000007093493e+05 
5.64450960234598e-02 1.00000008055561e+05 
5.65750947285017e-02 1.00000009153732e+05 
5.67052605528766e-02 1.00000010421804e+05 
5.68358317844018e-02 1.00000011896040e+05 
5.69662406425729e-02 1.00000013613923e+05 
5.70970818658048e-02 1.00000015615567e+05 
5.72278158341190e-02 1.00000017939270e+05 
5.73586716267492e-02 1.00000020645121e+05 
5.74896542047081e-02 1.00000023781958e+05 
5.76210425356194e-02 1.00000027419387e+05 
5.77522811593120e-02 1.00000031631516e+05 
5.78839139756401e-02 1.00000036515295e+05 
5.80154340816223e-02 1.00000042160054e+05 
5.81470648264312e-02 1.00000048709499e+05 
5.82787988062012e-02 1.00000056292122e+05 
5.84108825708741e-02 1.00000065076605e+05 
5.85428109747375e-02 1.00000075239246e+05 
5.86750801474289e-02 1.00000087008959e+05 
5.88072336616718e-02 1.00000100594818e+05 
5.89394770607572e-02 1.00000116316339e+05 
5.90717960178336e-02 1.00000134463203e+05 
5.92044513440655e-02 1.00000155413654e+05 
5.93369557338312e-02 1.00000179538445e+05 
5.94697954075771e-02 1.00000207334697e+05 
5.96024932662857e-02 1.00000239222127e+05 
5.97352978907129e-02 1.00000275867383e+05 
5.98681651995203e-02 1.00000317847267e+05 
6.00013903736934e-02 1.00000365937600e+05 
6.01344797425292e-02 1.00000420848180e+05 
6.02679141543937e-02 1.00000483570787e+05 
6.04011913251798e-02 1.00000554876190e+05 
6.05345888763608e-02 1.00000636083855e+05 
6.06680488675705e-02 1.00000728273698e+05 
6.08018804607876e-02 1.00000832951326e+05 
6.09355750877907e-02 1.00000951435880e+05 
6.10696127961606e-02 1.00001085633594e+05 
6.12034682500122e-02 1.00001236941768e+05 
6.13374420978743e-02 1.00001407948825e+05 
6.14714531690923e-02 1.00001600661481e+05 
6.16057968341080e-02 1.00001817971377e+05 
6.17399874002359e-02 1.00002062448140e+05 
6.18744643585281e-02 1.00002337772277e+05 
6.20087453796056e-02 1.00002646786669e+05 
6.21431309725149e-02 1.00002994768398e+05 
6.22775200351048e-02 1.00003385808725e+05 
6.24122195974582e-02 1.00003826011108e+05 
6.25467979554303e-02 1.00004321114203e+05 
6.26816279103056e-02 1.00004878937176e+05 
6.28162699762300e-02 1.00005506151505e+05 
6.29510499627979e-02 1.00006214500385e+05 
6.30858120628765e-02 1.00007013369589e+05 
6.32208525815974e-02 1.00007916740888e+05 
6.33558087104289e-02 1.00008938161031e+05 
6.34909481140281e-02 1.00010095095080e+05 
6.36259313554029e-02 1.00011403997786e+05 
6.37610450225746e-02 1.00012890370473e+05 
6.38961360619750e-02 1.00014576231543e+05 
6.40314714852067e-02 1.00016492574494e+05 
6.41667516184764e-02 1.00018668706350e+05 
6.43021912792831e-02 1.00021142199340e+05 
6.44297213821015e-02 1.00023776245951e+05 
6.45651319781481e-02 1.00026940696458e+05 
6.47005258589008e-02 1.00030529143706e+05 
6.48361387422544e-02 1.00034601663395e+05 
6.49717027151748e-02 1.00039211033802e+05 
6.51074084190123e-02 1.00044427662992e+05 
6.52357743181475e-02 1.00049979830177e+05 
6.53714496122748e-02 1.00056574643926e+05 
6.55070956473413e-02 1.00063992154061e+05 
6.56429258997976e-02 1.00072336310318e+05 
6.57787014296602e-02 1.00081687195629e+05 
6.59146066692751e-02 1.00092158029482e+05 
6.60503893649596e-02 1.00103832252687e+05 
6.61862503072371e-02 1.00116839929864e+05 
6.63220894197148e-02 1.00131289221316e+05 
6.64581072138024e-02 1.00147329940589e+05 
6.65940299626925e-02 1.00165045759668e+05 
6.67300824105846e-02 1.00184592502255e+05 
6.68659896742099e-02 1.00206052416145e+05 
6.70019233327212e-02 1.00229575089291e+05 
6.71378289126520e-02 1.00255273769704e+05 
6.72738723348230e-02 1.00283300510521e+05 
6.74100553736455e-02 1.00313757529657e+05 
6.75461458334121e-02 1.00346692011480e+05 
6.76820335584083e-02 1.00382140678558e+05 
6.78179148651198e-02 1.00420210084103e+05 
6.79536918120507e-02 1.00460909108893e+05 
6.80896314717415e-02 1.00504345045842e+05 
6.82255015449795e-02 1.00550439154503e+05 
6.83616215215228e-02 1.00599294305429e+05 
6.84976364249723e-02 1.00650714029733e+05 
6.86337402403709e-02 1.00704719383628e+05 
6.87698904311727e-02 1.00761177133270e+05 
6.89062752068834e-02 1.00820063096645e+05 
6.90425620329042e-02 1.00881064685100e+05 
6.91790399413587e-02 1.00944124885487e+05 
6.93153749365668e-02 1.01008846850104e+05 
6.94517366928796e-02 1.01075098167680e+05 
6.95881107707633e-02 1.01142583051643e+05 
6.97246612930351e-02 1.01210991675417e+05 
6.98610830343270e-02 1.01279891354849e+05 
6.99976758974013e-02 1.01349534093945e+05 
7.01341160866121e-02 1.01418617241515e+05 
7.02705547640215e-02 1.01487145272156e+05 
7.04069725710170e-02 1.01554737180255e+05 
7.05434362947530e-02 1.01621214475786e+05 
7.06797794471818e-02 1.01685951485618e+05 
7.08162251446822e-02 1.01748805111556e+05 
7.09522568112224e-02 1.01809379323773e+05 
7.10884834736683e-02 1.01867483796671e+05 
7.12247977783280e-02 1.01922478513026e+05 
7.13612215149783e-02 1.01973782400401e+05 
7.14976304699395e-02 1.02021542963389e+05 
7.16341667177270e-02 1.02064850148039e+05 
7.17706290538463e-02 1.02103413751705e+05 
7.19070654414044e-02 1.02137036565308e+05 
7.20435103878347e-02 1.02168075204826e+05 
7.21800505393202e-02 1.02192623449862e+05 
7.23164294688378e-02 1.02211289931815e+05 
7.24529179374458e-02 1.02225551687659e+05 
7.25892292879647e-02 1.02235885860863e+05 
7.27255095659411e-02 1.02240570400158e+05 
7.28617761596761e-02 1.02244448647187e+05 
7.29981525677821e-02 1.02247663432337e+05 
7.31343927654414e-02 1.02248768534127e+05 
7.32707825136004e-02 1.02248135394525e+05 
7.34070192582110e-02 1.02244585701352e+05 
7.35432241252886e-02 1.02237974419698e+05 
7.36794406969252e-02 1.02229262947430e+05 
7.38157958651628e-02 1.02216272475253e+05 
7.39520013312306e-02 1.02200030264486e+05 
7.40883700134958e-02 1.02181471416794e+05 
7.42245740587536e-02 1.02158983745406e+05 
7.43606292999351e-02 1.02135894791187e+05 
7.44969339153160e-02 1.02111442220748e+05 
7.46329668453127e-02 1.02085717620093e+05 
7.47690866604362e-02 1.02058798790508e+05 
7.49052445738125e-02 1.02030413378682e+05 
7.50414825319448e-02 1.02000311445252e+05 
7.51776677160377e-02 1.01968338936979e+05 
7.53139350622693e-02 1.01935207305036e+05 
7.54503408439123e-02 1.01901309462103e+05 
7.55865990202606e-02 1.01866514558476e+05 
7.57230342761096e-02 1.01831347062380e+05 
7.58593150841808e-02 1.01795311748879e+05 
7.59955027185447e-02 1.01758362612281e+05 
7.61320744980530e-02 1.01720522447163e+05 
7.62686865425011e-02 1.01682005501725e+05 
7.64052438027362e-02 1.01643354123212e+05 
7.65419370666982e-02 1.01604249759598e+05 
7.66784729377898e-02 1.01565115567347e+05 
7.68149289367092e-02 1.01525654132355e+05 
7.69514077439352e-02 1.01485700863877e+05 
7.70880220677764e-02 1.01445433700447e+05 
7.72244388400705e-02 1.01405062291530e+05 
7.73610367453295e-02 1.01364471712464e+05 
7.74974776720944e-02 1.01323924612858e+05 
7.76339042143799e-02 1.01283286073854e+05 
7.77703755744227e-02 1.01242512319682e+05 
7.79069728010631e-02 1.01201732834607e+05 
7.80433795312004e-02 1.01160955286407e+05 
7.81799770275956e-02 1.01120147115707e+05 
7.83164126222371e-02 1.01079557358550e+05 
7.84527795108789e-02 1.01038939277798e+05 
7.85893034736862e-02 1.00998150297109e+05 
7.87255647736615e-02 1.00957781623707e+05 
7.88618571847774e-02 1.00917646505731e+05 
7.89981012828541e-02 1.00878304702136e+05 
7.91344940955797e-02 1.00839710710417e+05 
7.92708351028299e-02 1.00801690196223e+05 
7.94073023558930e-02 1.00764012823341e+05 
7.95438924268172e-02 1.00727211966241e+05 
7.96803668194196e-02 1.00690995657347e+05 
7.98169991632462e-02 1.00655332889518e+05 
7.99535268711387e-02 1.00620750300284e+05 
8.00899811346130e-02 1.00587194911128e+05 
8.02269054623489e-02 1.00554560377088e+05 
8.03634473957780e-02 1.00523339974684e+05 
8.05000884227885e-02 1.00493422347973e+05 
8.06366581322381e-02 1.00464902032289e+05 
8.07712192415056e-02 1.00437954892818e+05 
8.09074995618214e-02 1.00411588657418e+05 
8.10438407622851e-02 1.00385848236573e+05 
8.11805899361592e-02 1.00360864663382e+05 
8.13172757317787e-02 1.00336526522188e+05 
8.14542447204619e-02 1.00312801471497e+05 
8.15910651864349e-02 1.00289522209904e+05 
8.17279351763642e-02 1.00266364360576e+05 
8.18648691867135e-02 1.00242940907780e+05 
8.20020134974885e-02 1.00219400183774e+05 
8.21389119788271e-02 1.00195654084377e+05 
8.22760218934767e-02 1.00171798459017e+05 
8.24129388815623e-02 1.00147739952949e+05 
8.25498115812765e-02 1.00123235571271e+05 
8.26867650137424e-02 1.00098031178762e+05 
8.28239559957028e-02 1.00072390226357e+05 
8.29609429421338e-02 1.00046502067925e+05 
8.30982114752556e-02 1.00020643452945e+05 
8.32353394353629e-02 9.99946520951730e+04 
8.33724903990359e-02 9.99688068997862e+04 
8.35097096713435e-02 9.99428465518737e+04 
8.36471603164566e-02 9.99171097951019e+04 
8.37844305564945e-02 9.98919184887776e+04 
8.39219353488240e-02 9.98676475247854e+04 
8.40592868787006e-02 9.98438788151441e+04 
8.41967847411484e-02 9.98207607977219e+04 
8.43344349765415e-02 9.97980953211207e+04 
8.44722980954892e-02 9.97761675455097e+04 
8.46099067272840e-02 9.97549999549644e+04 
8.47477004182290e-02 9.97347700718925e+04 
8.48853254352785e-02 9.97152500003387e+04 
8.50229157764211e-02 9.96964225315444e+04 
8.51605639613729e-02 9.96781505650153e+04 
8.52984469143077e-02 9.96604532947523e+04 
8.54360923844905e-02 9.96433764721590e+04 
8.55739907981929e-02 9.96270161992087e+04 
8.57117064654358e-02 9.96110885305217e+04 
8.58494056887725e-02 9.95955920183160e+04 
8.59871754009659e-02 9.95802712540314e+04 
8.61251775829604e-02 9.95652266383484e+04 
8.62629686292879e-02 9.95505212132561e+04 
8.64010197799069e-02 9.95362991619045e+04 
8.65389090267233e-02 9.95223218202034e+04 
8.66767984925676e-02 9.95086861872553e+04 
8.68147598511280e-02 9.94954297996505e+04 
8.69529468205803e-02 9.94823895410951e+04 
8.70909172442796e-02 9.94695397100232e+04 
8.72291643746219e-02 9.94570952885879e+04 
8.73672583291959e-02 9.94451088274015e+04 
8.75053501499738e-02 9.94335428243209e+04 
8.76436062628263e-02 9.94224191797115e+04 
8.77815372954597e-02 9.94118008666746e+04 
8.79195467773770e-02 9.94016963054999e+04 
8.80575408381896e-02 9.93921992469465e+04 
8.81956813804464e-02 9.93832665729575e+04 
8.83338825274329e-02 9.93749877193958e+04 
8.84721853635112e-02 9.93673667402663e+04 
8.86107692736795e-02 9.93603215123686e+04 
8.87492445953250e-02 9.93540363372955e+04 
8.88879999559885e-02 9.93485732891927e+04 
8.90266350799320e-02 9.93438967773504e+04 
8.91653019352392e-02 9.93400420578205e+04 
8.93041865833017e-02 9.93368803097498e+04 
8.94428271672617e-02 9.93342307594206e+04 
8.95815345996423e-02 9.93320405097178e+04 
8.97202889899215e-02 9.93302480025868e+04 
8.98591590257992e-02 9.93286849132860e+04 
8.99980391635857e-02 9.93273926583901e+04 
9.01370552556549e-02 9.93267973343236e+04 
9.02763186585704e-02 9.93260318673514e+04 
9.04154323658486e-02 9.93252335890933e+04 
9.05548149592565e-02 9.93241476655347e+04 
9.06940590394319e-02 9.93228110863100e+04 
9.08333283661405e-02 9.93211145322669e+04 
9.09726975369859e-02 9.93192804587199e+04 
9.11123422792831e-02 9.93172352612923e+04 
9.12518030210275e-02 9.93148617353815e+04 
9.13915839599161e-02 9.93119596109710e+04 
9.15312195982268e-02 9.93089099941518e+04 
9.16709014275961e-02 9.93058258473563e+04 
9.18106894148779e-02 9.93031842942215e+04 
9.19507729758079e-02 9.93005208872795e+04 
9.20906715543241e-02 9.92974947194184e+04 
9.22308927211362e-02 9.92941912398014e+04 
9.23709656213027e-02 9.92902691679684e+04 
9.25110766532745e-02 9.92864635964409e+04 
9.26512965297789e-02 9.92829009392382e+04 
9.27918171972953e-02 9.92794377085978e+04 
9.29321365861165e-02 9.92760990776885e+04 
9.30727853736802e-02 9.92728957041094e+04 
9.32132866318539e-02 9.92700704169798e+04 
9.33538161254259e-02 9.92670598364599e+04 
9.34944521750061e-02 9.92652354214807e+04 
9.36353796308257e-02 9.92638175113192e+04 
9.37761177052818e-02 9.92626896940643e+04 
9.39171708851069e-02 9.92613543174952e+04 
9.40580801701944e-02 9.92605120569846e+04 
9.41990181573462e-02 9.92601709551084e+04 
9.43400620862041e-02 9.92612297322671e+04 
9.44813843276298e-02 9.92624152156131e+04 
9.46225347724660e-02 9.92643072366257e+04 
9.47639852515198e-02 9.92656152500823e+04 
9.49053047269228e-02 9.92676247732033e+04 
9.50466586717686e-02 9.92695591547302e+04 
9.51881116987768e-02 9.92725476002451e+04 
9.53298205584341e-02 9.92762008803519e+04 
9.54713653771717e-02 9.92798593285672e+04 
9.56131965087745e-02 9.92823915228962e+04 
9.57549078136574e-02 9.92856914015384e+04 
9.58966492555664e-02 9.92881982793277e+04 
9.60384939202301e-02 9.92918495113875e+04 
9.61805882775139e-02 9.92955056558544e+04 
9.63225297881043e-02 9.92988750220850e+04 
9.64647549212245e-02 9.93006624348842e+04 
9.66068709934101e-02 9.93032960083235e+04 
9.67490232938254e-02 9.93047595192639e+04 
9.68912829679632e-02 9.93073215315431e+04 
9.70337850752685e-02 9.93097111674036e+04 
9.71761488045750e-02 9.93116684685905e+04 
9.73187892487460e-02 9.93121759545758e+04 
9.74613405562903e-02 9.93136570499551e+04 
9.76039526868078e-02 9.93140813617748e+04 
9.77466547382580e-02 9.93155798317099e+04 
9.78895661408343e-02 9.93182647351417e+04 
9.80323426036882e-02 9.93206391375112e+04 
9.81753854444617e-02 9.93219724403095e+04 
9.83183541764533e-02 9.93234694427257e+04 
9.84616772655263e-02 9.93247105768900e+04 
9.86051738533918e-02 9.93273112349211e+04 
9.87489537102090e-02 9.93305039854945e+04 
9.88924870087293e-02 9.93335325438972e+04 
9.90361879058203e-02 9.93353455140594e+04 
9.91797891623511e-02 9.93375145659756e+04 
9.93234280066539e-02 9.93395978558575e+04 
9.94671395271444e-02 9.93426420605015e+04 
9.96110582909405e-02 9.93460344485352e+04 
9.97548685890965e-02 9.93494335705934e+04 
9.98924594252155e-02 9.93519370879972e+04 
1.00036443915171e-01 9.93547179710961e+04 
1.00180480649342e-01 9.93574024898902e+04 
1.00315252122792e-01 9.93607776724169e+04 
1.00459613914286e-01 9.93648565184957e+04 
1.00595398684262e-01 9.93686116594842e+04 
1.00736247793051e-01 9.93718172686020e+04 
1.00880668374023e-01 9.93752109367664e+04 
1.01014915576950e-01 9.93778875481942e+04 
1.01153943589006e-01 9.93817283525802e+04 
1.01298608734925e-01 9.93864455987871e+04 
1.01439264794967e-01 9.93909548012228e+04 
1.01584384484579e-01 9.93950860658199e+04 
1.01717284673101e-01 9.93989560843864e+04 
1.01855049848035e-01 9.94027699221505e+04 
1.01998338486941e-01 9.94078820258757e+04 
1.02133639171219e-01 9.94134583018786e+04 
1.02274083013565e-01 9.94190763513050e+04 
1.02419791183772e-01 9.94243491723808e+04 
1.02553733407520e-01 9.94295585165638e+04 
1.02692922963313e-01 9.94351656101867e+04 
1.02835674274330e-01 9.94419910386783e+04 
1.02972212887885e-01 9.94493676512576e+04 
1.03114547578344e-01 9.94570969184795e+04 
1.03260572622812e-01 9.94648387083896e+04 
1.03395557420592e-01 9.94726080353033e+04 
1.03536811760531e-01 9.94808704755291e+04 
1.03683410088830e-01 9.94900617357478e+04 
1.03821986942332e-01 9.94996868793288e+04 
1.03967450373909e-01 9.95101608133694e+04 
1.04109825001652e-01 9.95198550741270e+04 
1.04248190517574e-01 9.95298197142667e+04 
1.04394239851119e-01 9.95398183855090e+04 
1.04541352025491e-01 9.95508567114109e+04 
1.04684538547719e-01 9.95617354505557e+04 
1.04831785389496e-01 9.95735541019571e+04 
1.04979244108058e-01 9.95843135343035e+04 
1.05120322267592e-01 9.95948819048145e+04 
1.05267917646395e-01 9.96051730159494e+04 
1.05415454964547e-01 9.96162464708274e+04 
1.05563468426013e-01 9.96279688739873e+04 
1.05711550676890e-01 9.96392171253860e+04 
1.05859922041958e-01 9.96492661318880e+04 
1.06008395114370e-01 9.96594203649026e+04 
1.06156926905278e-01 9.96686885973053e+04 
1.06305651815716e-01 9.96786400514518e+04 
1.06454564370790e-01 9.96891225791764e+04 
1.06603536648280e-01 9.96988847517065e+04 
1.06752760789705e-01 9.97074104667052e+04 
1.06902124085537e-01 9.97157362087625e+04 
1.07051610827030e-01 9.97232690706262e+04 
1.07201305677328e-01 9.97314019125752e+04 
1.07351157909031e-01 9.97397913661355e+04 
1.07501048508576e-01 9.97475740823986e+04 
1.07651146858749e-01 9.97542313860386e+04 
1.07801397911803e-01 9.97605224703774e+04 
1.07951670980375e-01 9.97659271021281e+04 
1.08102138940292e-01 9.97718210873759e+04 
1.08252705491067e-01 9.97777914945820e+04 
1.08403286215691e-01 9.97837575489680e+04 
1.08554069869555e-01 9.97883414233030e+04 
1.08705017599283e-01 9.97924940453553e+04 
1.08855984688272e-01 9.97947740608518e+04 
1.09007209739895e-01 9.97971858312210e+04 
1.09158527809766e-01 9.98000703884117e+04 
1.09309880390198e-01 9.98025700989735e+04 
1.09438515740562e-01 9.98043963745880e+04 
1.09577656986724e-01 9.98062867614799e+04 
1.09729402249001e-01 9.98073220100863e+04 
1.09881349238328e-01 9.98087931201223e+04 
1.10033425000455e-01 9.98111452896514e+04 
1.10185555222798e-01 9.98132984897738e+04 
1.10337905916107e-01 9.98153075477034e+04 
1.10490408543305e-01 9.98170069083719e+04 
1.10643000600048e-01 9.98181301062669e+04 
1.10795787247285e-01 9.98206030109278e+04 
1.10948752850626e-01 9.98238062278028e+04 
1.11101777924693e-01 9.98263255333312e+04 
1.11255043849071e-01 9.98286535390194e+04 
1.11408460699564e-01 9.98305720857620e+04 
1.11561967518199e-01 9.98315395850404e+04 
1.11715694533503e-01 9.98342096919415e+04 
1.11869616241247e-01 9.98375962507061e+04 
1.12023613976197e-01 9.98402938619340e+04 
1.12177866736618e-01 9.98424938491024e+04 
1.12332323578939e-01 9.98444602727965e+04 
1.12486887180945e-01 9.98456736282099e+04 
1.12641705309611e-01 9.98479874286999e+04 
1.12796692884454e-01 9.98521116059453e+04 
1.12951791233110e-01 9.98549416091291e+04 
1.13107120430526e-01 9.98576296150916e+04 
1.13262687479468e-01 9.98599354184963e+04 
1.13418335876471e-01 9.98617909211721e+04 
1.13574237536030e-01 9.98648072564259e+04 
1.13730272462625e-01 9.98688457459975e+04 
1.13886414047675e-01 9.98726569533313e+04 
1.14042769984297e-01 9.98763083208072e+04 
1.14199377447997e-01 9.98802382696674e+04 
1.14356050473318e-01 9.98839061072755e+04 
1.14512986390216e-01 9.98889258849852e+04 
1.14670043070634e-01 9.98950345779973e+04 
1.14827206954043e-01 9.99010955912087e+04 
1.14984585678147e-01 9.99069035123689e+04 
1.15142361224648e-01 9.99131454077586e+04 
1.15299916077224e-01 9.99192580553025e+04 
1.15457966435471e-01 9.99263734118797e+04 
1.15616003641206e-01 9.99343879282772e+04 
1.15774322289875e-01 9.99422088142817e+04 
1.15932815893312e-01 9.99497649820514e+04 
1.16091483031661e-01 9.99575942840138e+04 
1.16250261748134e-01 9.99653261408222e+04 
1.16409190632800e-01 9.99733457566507e+04 
1.16568308673395e-01 9.99820778050081e+04 
1.16727463968709e-01 9.99903826254393e+04 
1.16886865248488e-01 9.99985186092577e+04 
1.17046453501753e-01 1.00006438566405e+05 
1.17206158744322e-01 1.00013973745344e+05 
1.17366150068977e-01 1.00021960133261e+05 
1.17526314198266e-01 1.00030649590714e+05 
1.17686551918715e-01 1.00038960028413e+05 
1.17847045344178e-01 1.00047092456287e+05 
1.18004571012079e-01 1.00054863334640e+05 
1.18165045775588e-01 1.00062310576396e+05 
1.18325731691242e-01 1.00069677039424e+05 
1.18471933738710e-01 1.00076776864142e+05 
1.18630403342478e-01 1.00084457807236e+05 
1.18779650725367e-01 1.00090745470067e+05 
1.18940429339684e-01 1.00097359488668e+05 
1.19089681874124e-01 1.00102837505893e+05 
1.19250478455745e-01 1.00109329489813e+05 
1.19402031082560e-01 1.00115639090721e+05 
1.19558925802796e-01 1.00121458911890e+05 
1.19706615181605e-01 1.00126092621422e+05 
1.19856267668698e-01 1.00130629059098e+05 
1.20005351508895e-01 1.00134426320191e+05 
1.20160776065148e-01 1.00138984003084e+05 
1.20315472802440e-01 1.00143645102806e+05 
1.20475581019940e-01 1.00147733812940e+05 
1.20634542666663e-01 1.00150707233424e+05 
1.20790600226829e-01 1.00153345164259e+05 
1.20951535789144e-01 1.00155228408076e+05 
1.21108073412501e-01 1.00157583947960e+05 
1.21269041980096e-01 1.00160238724606e+05 
1.21430043058795e-01 1.00161874814691e+05 
1.21591043971986e-01 1.00162207652681e+05 
1.21750317673465e-01 1.00162167068323e+05 
1.21911334972431e-01 1.00160793667570e+05 
1.22068742199599e-01 1.00160412513726e+05 
1.22229797331297e-01 1.00161413034595e+05 
1.22390883758041e-01 1.00159958565176e+05 
1.22534475856200e-01 1.00157872971693e+05 
1.22672136310099e-01 1.00155531911329e+05 
1.22821492165842e-01 1.00152483814241e+05 
1.22981800550467e-01 1.00150692576221e+05 
1.23124452145580e-01 1.00148933513114e+05 
1.23276390430283e-01 1.00146116939079e+05 
1.23437563396790e-01 1.00141758738562e+05 
1.23582442504142e-01 1.00137705852937e+05 
1.23735857298097e-01 1.00132597047665e+05 
1.23897074668849e-01 1.00128446387965e+05 
1.24052623018225e-01 1.00125092578157e+05 
1.24213917172841e-01 1.00121008588357e+05 
1.24375221040776e-01 1.00115835470033e+05 
1.24531591804531e-01 1.00111217096606e+05 
1.24692936410888e-01 1.00106014176362e+05 
1.24853595761846e-01 1.00102374902564e+05 
1.25014987625067e-01 1.00099323622855e+05 
1.25176403262877e-01 1.00095802854219e+05 
1.25337846553089e-01 1.00091484736204e+05 
1.25499300827832e-01 1.00087411461083e+05 
1.25660772049675e-01 1.00083047458825e+05 
1.25822257696052e-01 1.00079720031016e+05 
1.25983764229422e-01 1.00076968869679e+05 
1.26145295327100e-01 1.00073720785598e+05 
1.26306853987772e-01 1.00069677908987e+05 
1.26468425930016e-01 1.00065793854814e+05 
1.26630013787410e-01 1.00061573762972e+05 
1.26791614464519e-01 1.00058414983256e+05 
1.26953232790210e-01 1.00055904901931e+05 
1.27114870688441e-01 1.00053060278452e+05 
1.27276522233827e-01 1.00049880743050e+05 
1.27438182373015e-01 1.00046928834706e+05 
1.27599849474354e-01 1.00043869246546e+05 
1.27761524263732e-01 1.00041319003115e+05 
1.27923208395877e-01 1.00039389822235e+05 
1.28084901686677e-01 1.00037802328684e+05 
1.28246613384206e-01 1.00036114714231e+05 
1.28408334872537e-01 1.00034599281394e+05 
1.28570063375938e-01 1.00033093822529e+05 
1.28731801822028e-01 1.00032505862981e+05 
1.28893554519338e-01 1.00032911073953e+05 
1.29055321711718e-01 1.00033722117925e+05 
1.29217112677011e-01 1.00035195400229e+05 
1.29378917940312e-01 1.00037719166131e+05 
1.29540733410225e-01 1.00040648583226e+05 
1.29672676800489e-01 1.00043957402249e+05 
1.29817814529780e-01 1.00048424569395e+05 
1.29977466032000e-01 1.00053807781251e+05 
1.30126852965513e-01 1.00058917620012e+05 
1.30286107612483e-01 1.00064976245503e+05 
1.30447999422559e-01 1.00071338533625e+05 
1.30609901957662e-01 1.00079096742516e+05 
1.30771816700506e-01 1.00087917865318e+05 
1.30933745917960e-01 1.00096916110386e+05 
1.31095695300317e-01 1.00105773067063e+05 
1.31256155941017e-01 1.00114974194906e+05 
1.31417602439218e-01 1.00124131167192e+05 
1.31578710351835e-01 1.00134340095899e+05 
1.31739612151276e-01 1.00145331122510e+05 
1.31901162931625e-01 1.00156268489708e+05 
1.32062410219921e-01 1.00166776733892e+05 
1.32221934623507e-01 1.00177396317272e+05 
1.32382608086260e-01 1.00187709081700e+05 
1.32543040941749e-01 1.00198814080661e+05 
1.32703451847240e-01 1.00210448408121e+05 
1.32864597164176e-01 1.00221753534983e+05 
1.33025562691368e-01 1.00232419017712e+05 
1.33184861083891e-01 1.00242928630035e+05 
1.33345388569411e-01 1.00252878388473e+05 
1.33505668244153e-01 1.00263421057244e+05 
1.33665990856921e-01 1.00274326304434e+05 
1.33827109736529e-01 1.00284641944321e+05 
1.33988111892860e-01 1.00294211014157e+05 
1.34147375027633e-01 1.00303435287534e+05 
1.34307602629430e-01 1.00311990528862e+05 
1.34467327070066e-01 1.00320979433327e+05 
1.34627726463298e-01 1.00330163159607e+05 
1.34789281283208e-01 1.00338799951010e+05 
1.34951000900462e-01 1.00346336749960e+05 
1.35110731721161e-01 1.00353470866351e+05 
1.35271750212285e-01 1.00359721813291e+05 
1.35431182546254e-01 1.00366178292753e+05 
1.35591222536908e-01 1.00372629509925e+05 
1.35752330169451e-01 1.00378426455808e+05 
1.35913596296890e-01 1.00383259574162e+05 
1.36072449958241e-01 1.00387574082424e+05 
1.36232558286604e-01 1.00391080914037e+05 
1.36391316823798e-01 1.00394692623449e+05 
1.36550717237360e-01 1.00398284081515e+05 
1.36711131713106e-01 1.00401010851586e+05 
1.36871660429609e-01 1.00403752594054e+05 
1.37030183536516e-01 1.00405300231137e+05 
1.37190144185353e-01 1.00405782206318e+05 
1.37349025181586e-01 1.00405870172584e+05 
1.37508489906263e-01 1.00406170922487e+05 
1.37668885446582e-01 1.00406194793196e+05 
1.37829364093603e-01 1.00405425604944e+05 
1.37987867047959e-01 1.00404479738866e+05 
1.38147723112554e-01 1.00402939001592e+05 
1.38306441471854e-01 1.00401835804050e+05 
1.38465648664889e-01 1.00401300436769e+05 
1.38625693119888e-01 1.00400212094986e+05 
1.38785866782856e-01 1.00398726153781e+05 
1.38944132999615e-01 1.00397393235251e+05 
1.39103836446397e-01 1.00395643410212e+05 
1.39262562991642e-01 1.00394730539999e+05 
1.39421745315824e-01 1.00394401043826e+05 
1.39582029463427e-01 1.00393518592834e+05 
1.39742307761032e-01 1.00392242664317e+05 
1.39900996597385e-01 1.00390909005359e+05 
1.40059862873660e-01 1.00389087896703e+05 
1.40218292005428e-01 1.00387654337362e+05 
1.40376327436259e-01 1.00386600217366e+05 
1.40534044937507e-01 1.00385094639207e+05 
1.40691493753605e-01 1.00383130229471e+05 
1.40849218495488e-01 1.00380937412487e+05 
1.41007015990093e-01 1.00378059689417e+05 
1.41165093437606e-01 1.00375259459125e+05 
1.41322986582722e-01 1.00372677919375e+05 
1.41480845938164e-01 1.00369445351063e+05 
1.41638847008681e-01 1.00365720183457e+05 
1.41797458121453e-01 1.00361835210100e+05 
1.41956480810023e-01 1.00357259228663e+05 
1.42116097136046e-01 1.00352635924111e+05 
1.42275778699821e-01 1.00348226777017e+05 
1.42435684568754e-01 1.00343237065073e+05 
1.42595896032803e-01 1.00337861625260e+05 
1.42756802656847e-01 1.00332332784781e+05 
1.42918033945312e-01 1.00326095374990e+05 
1.43079596676631e-01 1.00319898045810e+05 
1.43241584230201e-01 1.00313931490216e+05 
1.43403928588829e-01 1.00307353712721e+05 
1.43566635142791e-01 1.00300544036093e+05 
1.43729609872378e-01 1.00293618507218e+05 
1.43892720357135e-01 1.00286094622153e+05 
1.44055845666724e-01 1.00278640752175e+05 
1.44218986035645e-01 1.00271413863068e+05 
1.44382143355234e-01 1.00263632002077e+05 
1.44545322808216e-01 1.00255640025038e+05 
1.44708515760021e-01 1.00247645891209e+05 
1.44871718895033e-01 1.00239070032843e+05 
1.45034931632179e-01 1.00230536165483e+05 
1.45198156038833e-01 1.00222236558733e+05 
1.45361397718820e-01 1.00213477154692e+05 
1.45524660732494e-01 1.00204645596117e+05 
1.45687937108563e-01 1.00195732746317e+05 
1.45851224266022e-01 1.00186400820179e+05 
1.46014521132595e-01 1.00177178798254e+05 
1.46177830080254e-01 1.00168272088544e+05 
1.46341158600915e-01 1.00158969379983e+05 
1.46504509346133e-01 1.00149643351638e+05 
1.46667873885171e-01 1.00140419264314e+05 
1.46831251043804e-01 1.00130792930718e+05 
1.46994638116259e-01 1.00121315212461e+05 
1.47158037434078e-01 1.00112245388149e+05 
1.47321458076511e-01 1.00102748674217e+05 
1.47484901652101e-01 1.00093320133516e+05 
1.47648358371513e-01 1.00083997324943e+05 
1.47811827523691e-01 1.00074301015726e+05 
1.47975306037902e-01 1.00064725524691e+05 
1.48138796528741e-01 1.00055556448992e+05 
1.48302308748310e-01 1.00046002703852e+05 
1.48465844061444e-01 1.00036515397743e+05 
1.48629392418147e-01 1.00027194486246e+05 
1.48792952594404e-01 1.00017512114701e+05 
1.48956522164866e-01 1.00008092577318e+05 
1.49120103967550e-01 9.99991899240972e+04 
1.49283707763358e-01 9.99900704888710e+04 
1.49447335213708e-01 9.99810432766917e+04 
1.49610977189152e-01 9.99721845486915e+04 
1.49774633122667e-01 9.99630450508121e+04 
1.49938300650729e-01 9.99541785200841e+04 
1.50101982609147e-01 9.99458361106283e+04 
1.50265690386392e-01 9.99372735211937e+04 
1.50429424541578e-01 9.99288867923610e+04 
1.50593173950283e-01 9.99207338822394e+04 
1.50756938943483e-01 9.99122593703833e+04 
1.50920716903226e-01 9.99041372696438e+04 
1.51084510718556e-01 9.98966264385394e+04 
1.51248331902711e-01 9.98889159575888e+04 
1.51412180338236e-01 9.98813848281764e+04 
1.51576043248071e-01 9.98741340010515e+04 
1.51739921682189e-01 9.98661188444264e+04 
1.51903813452090e-01 9.98591653458733e+04 
1.52067722087885e-01 9.98527418052753e+04 
1.52231659761615e-01 9.98460672297932e+04 
1.52395626159378e-01 9.98394950170856e+04 
1.52559608044589e-01 9.98330915156875e+04 
1.52723602083800e-01 9.98261178892828e+04 
1.52887608672049e-01 9.98196922120607e+04 
1.53051632959490e-01 9.98141839171497e+04 
1.53205104760833e-01 9.98086038697770e+04 
1.53369161262803e-01 9.98028666166588e+04 
1.53518270805799e-01 9.97978211463688e+04 
1.53679809334863e-01 9.97919367902908e+04 
1.53832150606663e-01 9.97867572217121e+04 
1.53996257723034e-01 9.97819143529387e+04 
1.54143707794874e-01 9.97771099165365e+04 
1.54297061016509e-01 9.97722125148017e+04 
1.54456941136704e-01 9.97672445606810e+04 
1.54621097675405e-01 9.97616596189033e+04 
1.54765393028429e-01 9.97571648329707e+04 
1.54914055268426e-01 9.97530123331574e+04 
1.55061345355156e-01 9.97486231342902e+04 
1.55208445051039e-01 9.97441809907805e+04 
1.55352615586128e-01 9.97398927323814e+04 
1.55501226497256e-01 9.97351529114733e+04 
1.55645444437204e-01 9.97307484294745e+04 
1.55794147099595e-01 9.97264779530069e+04 
1.55948201923770e-01 9.97218488325193e+04 
1.56095700723148e-01 9.97173309480982e+04 
1.56240162199435e-01 9.97130051209785e+04 
1.56386072534329e-01 9.97083889216500e+04 
1.56530586557148e-01 9.97040016455435e+04 
1.56679683251879e-01 9.96998789535679e+04 
1.56827420797969e-01 9.96955083969703e+04 
1.56980356458155e-01 9.96907593784256e+04 
1.57125133416627e-01 9.96863244073515e+04 
1.57274662380253e-01 9.96814223299004e+04 
1.57405266469217e-01 9.96773131529123e+04 
1.57543462349522e-01 9.96731448571842e+04 
1.57689702732166e-01 9.96683251640640e+04 
1.57832974367531e-01 9.96634365022569e+04 
1.57978215923606e-01 9.96584860968446e+04 
1.58128601929289e-01 9.96531495973689e+04 
1.58284957814809e-01 9.96479488424153e+04 
1.58432494484139e-01 9.96433166191246e+04 
1.58585650377440e-01 9.96383233965880e+04 
1.58745382617177e-01 9.96328759047048e+04 
1.58891326648293e-01 9.96279959508822e+04 
1.59043123859339e-01 9.96226863647617e+04 
1.59201540804038e-01 9.96175838731274e+04 
1.59350426804684e-01 9.96132369055022e+04 
1.59505768064500e-01 9.96085674917435e+04 
1.59661587875687e-01 9.96037274222691e+04 
1.59808508031453e-01 9.95992834573837e+04 
1.59957674580270e-01 9.95945921507058e+04 
1.60116817068415e-01 9.95901155335300e+04 
1.60274512301282e-01 9.95862505939971e+04 
1.60427593091059e-01 9.95824081585549e+04 
1.60589635644188e-01 9.95782105558467e+04 
1.60736753939789e-01 9.95746319333416e+04 
1.60889260517958e-01 9.95708462335080e+04 
1.61051619815364e-01 9.95675331538941e+04 
1.61208155053956e-01 9.95651218593045e+04 
1.61372721553956e-01 9.95625485860292e+04 
1.61526996838443e-01 9.95601191480393e+04 
1.61680587363938e-01 9.95580743077094e+04 
1.61841390264242e-01 9.95560416732344e+04 
1.62003700994391e-01 9.95548283161926e+04 
1.62166185132219e-01 9.95551484183607e+04 
1.62330832206342e-01 9.95556620305822e+04 
1.62495498194427e-01 9.95558843075554e+04 
1.62660175111037e-01 9.95562336634322e+04 
1.62824861661922e-01 9.95561466964495e+04 
1.62989557064966e-01 9.95570417879079e+04 
1.63154259390554e-01 9.95584926726672e+04 
1.63318970532949e-01 9.95596498053303e+04 
1.63483696612248e-01 9.95604544060136e+04 
1.63648430322562e-01 9.95613685421825e+04 
1.63813170321522e-01 9.95622877947369e+04 
1.63977916445791e-01 9.95635331993153e+04 
1.64142667358504e-01 9.95652793266204e+04 
1.64307424350943e-01 9.95666935654413e+04 
1.64472194487140e-01 9.95678827653978e+04 
1.64636970198077e-01 9.95691987373862e+04 
1.64801751727574e-01 9.95702554600746e+04 
1.64947129400978e-01 9.95714747567201e+04 
1.65096976681468e-01 9.95727585116354e+04 
1.65252271089657e-01 9.95740568338600e+04 
1.65414149261223e-01 9.95749547103301e+04 
1.65578950258713e-01 9.95757963175143e+04 
1.65743752939437e-01 9.95761690821388e+04 
1.65908567108864e-01 9.95768662662728e+04 
1.66073385959388e-01 9.95777826701994e+04 
1.66238203463700e-01 9.95784388921598e+04 
1.66403033730549e-01 9.95782309757390e+04 
1.66567869140333e-01 9.95780086089276e+04 
1.66732707328921e-01 9.95773245537551e+04 
1.66897553534676e-01 9.95767541818127e+04 
1.67062403499537e-01 9.95761648394643e+04 
1.67227256955827e-01 9.95756056086383e+04 
1.67376433575933e-01 9.95747774821029e+04 
1.67536436950652e-01 9.95739530452378e+04 
1.67701344863232e-01 9.95727266640146e+04 
1.67866264551304e-01 9.95720469424004e+04 
1.68031190782901e-01 9.95713961757795e+04 
1.68196128464529e-01 9.95708580724181e+04 
1.68361082338957e-01 9.95698915561844e+04 
1.68526044990272e-01 9.95689581629804e+04 
1.68691018703735e-01 9.95676368914224e+04 
1.68856000522101e-01 9.95669783330896e+04 
1.69020991530420e-01 9.95664346702107e+04 
1.69185997234226e-01 9.95660447426361e+04 
1.69351021575820e-01 9.95651884657630e+04 
1.69515115869709e-01 9.95645292048356e+04 
1.69679438375177e-01 9.95635768554830e+04 
1.69842517908549e-01 9.95634109433629e+04 
1.70004700179296e-01 9.95635112025256e+04 
1.70167692097553e-01 9.95636837708228e+04 
1.70330802262933e-01 9.95634738868785e+04 
1.70493348560737e-01 9.95635106577637e+04 
1.70657837644329e-01 9.95632598063479e+04 
1.70822973955551e-01 9.95638834559978e+04 
1.70988120087813e-01 9.95650239268136e+04 
1.71153280903423e-01 9.95659430942117e+04 
1.71315975332743e-01 9.95665166535891e+04 
1.71466304118957e-01 9.95672685556770e+04 
1.71631504999095e-01 9.95676733105329e+04 
1.71796714884480e-01 9.95691238324796e+04 
1.71961933990710e-01 9.95710931637927e+04 
1.72127167289065e-01 9.95727868827166e+04 
1.72292417629382e-01 9.95741270087310e+04 
1.72457677744607e-01 9.95757501905172e+04 
1.72622948468737e-01 9.95769727660050e+04 
1.72788226747577e-01 9.95792154093822e+04 
1.72953513181783e-01 9.95819795023130e+04 
1.73118812824406e-01 9.95843953299335e+04 
1.73284128138955e-01 9.95864191648161e+04 
1.73449451350308e-01 9.95887053535816e+04 
1.73614783496650e-01 9.95905837584071e+04 
1.73780122004450e-01 9.95933958223064e+04 
1.73945468008373e-01 9.95967022113876e+04 
1.74109441599145e-01 9.95996044070611e+04 
1.74274816167978e-01 9.96021085091186e+04 
1.74440198514903e-01 9.96048374134993e+04 
1.74593726895668e-01 9.96070273261327e+04 
1.74759124822844e-01 9.96101985043686e+04 
1.74924530803433e-01 9.96138858079577e+04 
1.75089951180671e-01 9.96172060111281e+04 
1.75255387490423e-01 9.96200991151383e+04 
1.75420832361739e-01 9.96233032044994e+04 
1.75586287060761e-01 9.96262362772873e+04 
1.75751748867126e-01 9.96299066541737e+04 
1.75917219504537e-01 9.96341824693028e+04 
1.76082706109541e-01 9.96381611203286e+04 
1.76232912744755e-01 9.96413605418156e+04 
1.76377673349820e-01 9.96447995578248e+04 
1.76528599149594e-01 9.96482394343643e+04 
1.76674802469770e-01 9.96521618777149e+04 
1.76825703894631e-01 9.96566602501840e+04 
1.76982752584752e-01 9.96611523263219e+04 
1.77146372551432e-01 9.96655270786952e+04 
1.77311946398065e-01 9.96703361515247e+04 
1.77477530698416e-01 9.96751138149139e+04 
1.77643122430084e-01 9.96804560892305e+04 
1.77808722668058e-01 9.96863499299362e+04 
1.77974338075356e-01 9.96920996819362e+04 
1.78139968357405e-01 9.96976777333494e+04 
1.78305606921048e-01 9.97036079138477e+04 
1.78471254234533e-01 9.97095124639233e+04 
1.78636908073604e-01 9.97160342266344e+04 
1.78802569895441e-01 9.97231656458631e+04 
1.78968247212118e-01 9.97301359820749e+04 
1.79133939723295e-01 9.97369489793962e+04 
1.79299641099293e-01 9.97440889016370e+04 
1.79465352703388e-01 9.97511136958724e+04 
1.79631071910854e-01 9.97587792886629e+04 
1.79796799862524e-01 9.97670868259910e+04 
1.79962544387163e-01 9.97752313299538e+04 
1.80128304998245e-01 9.97833041764690e+04 
1.80294075272700e-01 9.97917093376403e+04 
1.80459857660276e-01 9.97999410487950e+04 
1.80625649227267e-01 9.98087546865022e+04 
1.80791450928299e-01 9.98182119981360e+04 
1.80957270858610e-01 9.98274905053270e+04 
1.81123107513155e-01 9.98367444331667e+04 
1.81288953583208e-01 9.98462850139652e+04 
1.81454811742979e-01 9.98556406209055e+04 
1.81620679093121e-01 9.98654511845400e+04 
1.81786556708773e-01 9.98759128590799e+04 
1.81952453259947e-01 9.98863141985436e+04 
1.82118366743852e-01 9.98966135104709e+04 
1.82284289780371e-01 9.99071082661369e+04 
1.82450225080977e-01 9.99173936271228e+04 
1.82616169814629e-01 9.99281625942685e+04 
1.82782125086785e-01 9.99393510110329e+04 
1.82948099875180e-01 9.99504479195384e+04 
1.83114090872148e-01 9.99613245481920e+04 
1.83280090460615e-01 9.99723591391126e+04 
1.83446100829671e-01 9.99830538557705e+04 
1.83612119521345e-01 9.99942727960586e+04 
1.83757054327299e-01 1.00004289820783e+05 
1.83908955338994e-01 1.00014640223835e+05 
1.84068621087157e-01 1.00025321150862e+05 
1.84234687966486e-01 1.00036511004157e+05 
1.84400765768365e-01 1.00047121719205e+05 
1.84566852297919e-01 1.00058164620277e+05 
1.84732948975110e-01 1.00069362363848e+05 
1.84899065957390e-01 1.00080216360826e+05 
1.85065197789992e-01 1.00090650190068e+05 
1.85231338195659e-01 1.00101011222747e+05 
1.85397489112522e-01 1.00110697469225e+05 
1.85563647712541e-01 1.00120653402626e+05 
1.85729815656326e-01 1.00130757598624e+05 
1.85896004682841e-01 1.00140298594498e+05 
1.86062207729895e-01 1.00149359739754e+05 
1.86228418570008e-01 1.00158324496128e+05 
1.86394639335292e-01 1.00166663645651e+05 
1.86560866717565e-01 1.00175039463507e+05 
1.86727102099917e-01 1.00183658619292e+05 
1.86893357955257e-01 1.00191479677033e+05 
1.87059625278485e-01 1.00198895717139e+05 
1.87225899146991e-01 1.00206164812864e+05 
1.87392182442312e-01 1.00212749287828e+05 
1.87558472630772e-01 1.00219401888234e+05 
1.87724771760530e-01 1.00226041617612e+05 
1.87891094909714e-01 1.00232059714136e+05 
1.88057432581182e-01 1.00237792569534e+05 
1.88223780126528e-01 1.00243387511633e+05 
1.88390140240946e-01 1.00248288512425e+05 
1.88556508619552e-01 1.00253116545314e+05 
1.88722886570646e-01 1.00258114955232e+05 
1.88889289906219e-01 1.00262628077830e+05 
1.89055707273157e-01 1.00266896082854e+05 
1.89215591863462e-01 1.00271022650758e+05 
1.89378354164499e-01 1.00274956460661e+05 
1.89539963315364e-01 1.00278773169499e+05 
1.89704154774777e-01 1.00282901502996e+05 
1.89869997037790e-01 1.00286734984786e+05 
1.90035892509378e-01 1.00290370149111e+05 
1.90201550837219e-01 1.00294104900551e+05 
1.90367497653182e-01 1.00297357467514e+05 
1.90533102593540e-01 1.00300697765636e+05 
1.90698728121189e-01 1.00304460781724e+05 
1.90864707017201e-01 1.00307626244232e+05 
1.91030700972973e-01 1.00310772113541e+05 
1.91196598953573e-01 1.00313907401509e+05 
1.91362636495828e-01 1.00316412104727e+05 
1.91528538164764e-01 1.00319123843264e+05 
1.91694459787999e-01 1.00322193934891e+05 
1.91860569012883e-01 1.00325100188250e+05 
1.92026705850205e-01 1.00327399680557e+05 
1.92192833233266e-01 1.00329917556831e+05 
1.92359056596218e-01 1.00331880287462e+05 
1.92525235379564e-01 1.00334019111501e+05 
1.92691441265242e-01 1.00336170550151e+05 
1.92857775787310e-01 1.00338132846752e+05 
1.93024141619635e-01 1.00339875768887e+05 
1.93190532967832e-01 1.00341657878489e+05 
1.93356991882005e-01 1.00343034304793e+05 
1.93523441095048e-01 1.00344615225592e+05 
1.93689916168621e-01 1.00346017298829e+05 
1.93856488718537e-01 1.00347144468956e+05 
1.94023093985826e-01 1.00347945390648e+05 
1.94189738375298e-01 1.00348747188015e+05 
1.94356434864027e-01 1.00349222044818e+05 
1.94523140276293e-01 1.00349475076570e+05 
1.94689870352401e-01 1.00349880568672e+05 
1.94856679209373e-01 1.00349895536824e+05 
1.95023522046481e-01 1.00349802325759e+05 
1.95190409100523e-01 1.00349734440597e+05 
1.95357339832246e-01 1.00349305336616e+05 
1.95524291543103e-01 1.00348957767395e+05 
1.95691257811864e-01 1.00348775026417e+05 
1.95858243327144e-01 1.00348340420696e+05 
1.96025251984432e-01 1.00347902767670e+05 
1.96192277898101e-01 1.00347672289942e+05 
1.96359320143148e-01 1.00347191311940e+05 
1.96526373602967e-01 1.00346880551173e+05 
1.96693436774809e-01 1.00346917809509e+05 
1.96860522461911e-01 1.00346778757727e+05 
1.97027632849951e-01 1.00346769575742e+05 
1.97194761071510e-01 1.00347043141448e+05 
1.97361906017311e-01 1.00347085351538e+05 
1.97509914235012e-01 1.00347420211319e+05 
1.97662814615817e-01 1.00348213908406e+05 
1.97814437122921e-01 1.00348875178665e+05 
1.97972770199784e-01 1.00349822015252e+05 
1.98129415899710e-01 1.00351040808024e+05 
1.98296646487879e-01 1.00352168808247e+05 
1.98463883329605e-01 1.00353628220146e+05 
1.98629758867341e-01 1.00355403895724e+05 
1.98797007482824e-01 1.00357081755276e+05 
1.98964260230721e-01 1.00358967884987e+05 
1.99112591797557e-01 1.00360964938693e+05 
1.99268069746408e-01 1.00362884039277e+05 
1.99431295438124e-01 1.00365187098117e+05 
1.99584563928993e-01 1.00367622204400e+05 
1.99745259417957e-01 1.00370235770330e+05 
1.99912531912841e-01 1.00372816445173e+05 
2.00064015279348e-01 1.00375552641576e+05 
2.00223738934860e-01 1.00378330746061e+05 
