# Liste des scalaires : TEMPS pmat 
0.00000000000000e+00 1.00000000000000e+05 
5.42217668469038e-05 1.00000000000000e+05 
9.88681598209261e-05 1.00000000000000e+05 
1.41293073243901e-04 1.00000000000000e+05 
1.81262218740687e-04 1.00000000000000e+05 
2.22112437682953e-04 1.00000000000000e+05 
2.62474176518894e-04 1.00000000000000e+05 
3.04118464346743e-04 1.00000000000000e+05 
3.48146956161174e-04 1.00000000000000e+05 
3.93796032212934e-04 1.00000000000000e+05 
4.40076201438173e-04 1.00000000000000e+05 
4.87317355546979e-04 1.00000000000000e+05 
5.35201233698602e-04 1.00000000000000e+05 
5.84008223371928e-04 1.00000000000000e+05 
6.35093642325269e-04 1.00000000000000e+05 
6.85970903742328e-04 1.00000000000000e+05 
7.37611984090922e-04 1.00000000000000e+05 
7.89820618836713e-04 1.00000000000000e+05 
8.42895938826582e-04 1.00000000000000e+05 
8.97029250798164e-04 1.00000000000000e+05 
9.52338264121719e-04 1.00000000000000e+05 
1.00859576685978e-03 1.00000000000000e+05 
1.06513617637558e-03 1.00000000000000e+05 
1.12279898600361e-03 1.00000000000000e+05 
1.18181518363124e-03 1.00000000000000e+05 
1.24215937777240e-03 1.00000000000000e+05 
1.30331312762179e-03 1.00000000000000e+05 
1.36576922475834e-03 1.00000000000000e+05 
1.42929416170960e-03 1.00000000000000e+05 
1.49419033526599e-03 1.00000000000000e+05 
1.55997080577875e-03 1.00000000000000e+05 
1.62737176092664e-03 1.00000000000000e+05 
1.69498736429912e-03 1.00000000000000e+05 
1.76375881744981e-03 1.00000000000000e+05 
1.83361346257098e-03 1.00000000000000e+05 
1.90514214201149e-03 1.00000000000000e+05 
1.97829327416643e-03 1.00000000000000e+05 
2.05328474377580e-03 1.00000000000000e+05 
2.12797474762987e-03 1.00000000000000e+05 
2.20422358050953e-03 1.00000000000000e+05 
2.28177692731738e-03 1.00000000000000e+05 
2.36087181393194e-03 1.00000000000000e+05 
2.43961097637356e-03 1.00000000000000e+05 
2.51953142615571e-03 1.00000000000000e+05 
2.60074824914210e-03 1.00000000000000e+05 
2.68346385574321e-03 1.00000000000000e+05 
2.76747754522569e-03 1.00000000000000e+05 
2.85155410312998e-03 1.00000000000000e+05 
2.93641233354493e-03 1.00000000000000e+05 
3.02255656670117e-03 1.00000000000000e+05 
3.10991797963041e-03 1.00000000000000e+05 
3.19863035419038e-03 1.00000000000000e+05 
3.28854494958812e-03 1.00000000000000e+05 
3.37983049387956e-03 1.00000000000000e+05 
3.47242639899282e-03 1.00000000000000e+05 
3.56646055427069e-03 1.00000000000000e+05 
3.65956929183157e-03 1.00000000000000e+05 
3.75375817052636e-03 1.00000000000000e+05 
3.84865159908793e-03 1.00000000000000e+05 
3.94454905747526e-03 1.00000000000000e+05 
4.04160431067954e-03 1.00000000000000e+05 
4.13899027218018e-03 1.00000000000000e+05 
4.23454513710406e-03 1.00000000000000e+05 
4.32875362246229e-03 1.00000000000000e+05 
4.42348828316465e-03 1.00000000000000e+05 
4.51704555998939e-03 1.00000000000000e+05 
4.60989488786760e-03 1.00000000000000e+05 
4.70228048795568e-03 1.00000000000000e+05 
4.79422105459594e-03 1.00000000000000e+05 
4.88587210149135e-03 1.00000000000000e+05 
4.97749882229391e-03 1.00000000000000e+05 
5.06899857179844e-03 1.00000000000000e+05 
5.16043910895837e-03 1.00000000000000e+05 
5.25201347799678e-03 1.00000000000000e+05 
5.34373373222603e-03 1.00000000000000e+05 
5.43545074532583e-03 1.00000000000000e+05 
5.52746519314792e-03 1.00000000000000e+05 
5.61960067375263e-03 1.00000000000000e+05 
5.71180241776494e-03 1.00000000000000e+05 
5.80425434313203e-03 1.00000000000000e+05 
5.89698330213308e-03 1.00000000000000e+05 
5.98977908089113e-03 1.00000000000000e+05 
6.08294656511530e-03 1.00000000000000e+05 
6.17626027243249e-03 1.00000000000000e+05 
6.26973146530082e-03 1.00000000000000e+05 
6.36349472137693e-03 1.00000000000000e+05 
6.45757677279499e-03 1.00000000000000e+05 
6.55177458596458e-03 1.00000000000000e+05 
6.64629411406191e-03 1.00000000000000e+05 
6.74094266411996e-03 1.00000000000000e+05 
6.83575693810321e-03 1.00000000000000e+05 
6.93080417291217e-03 1.00000000000000e+05 
7.02615970448395e-03 1.00000000000000e+05 
7.12157631028256e-03 1.00000000000000e+05 
7.21727937976757e-03 1.00000000000000e+05 
7.31306452163547e-03 1.00000000000000e+05 
7.40899790012150e-03 1.00000000000000e+05 
7.50513092810904e-03 1.00000000000000e+05 
7.60153452151324e-03 1.00000000000000e+05 
7.69796072242235e-03 1.00000000000000e+05 
7.79461925972730e-03 1.00000000000000e+05 
7.89132852216405e-03 1.00000000000000e+05 
7.98818712475214e-03 1.00000000000000e+05 
8.08524194508117e-03 1.00000000000000e+05 
8.18255981031971e-03 1.00000000000000e+05 
8.27990212900401e-03 1.00000000000000e+05 
8.37746768071691e-03 1.00000000000000e+05 
8.47506538380616e-03 1.00000000000000e+05 
8.57280894200309e-03 1.00000000000000e+05 
8.67075736065505e-03 1.00000000000000e+05 
8.76893997333634e-03 1.00000000000000e+05 
8.86715088027594e-03 1.00000000000000e+05 
8.96553573173158e-03 1.00000000000000e+05 
9.06396599715975e-03 1.00000000000000e+05 
9.16244532966767e-03 1.00000000000000e+05 
9.26101647898595e-03 1.00000000000000e+05 
9.35966964678313e-03 1.00000000000000e+05 
9.45836612537372e-03 1.00000000000000e+05 
9.55713866773637e-03 1.00000000000000e+05 
9.65589858136393e-03 1.00000000000000e+05 
9.75465964590653e-03 1.00000000000000e+05 
9.85347435028098e-03 1.00000000000000e+05 
9.95233639869332e-03 1.00000000000000e+05 
1.00512211921060e-02 1.00000000000000e+05 
1.01501622257216e-02 1.00000000000000e+05 
1.02490954872797e-02 1.00000000000000e+05 
1.03480150281080e-02 1.00000000000000e+05 
1.04469631114994e-02 1.00000000000000e+05 
1.05459334380122e-02 1.00000000000000e+05 
1.06449031233598e-02 1.00000000000000e+05 
1.07439075422170e-02 1.00000000000000e+05 
1.08428673575194e-02 1.00000000000000e+05 
1.09417892013991e-02 1.00000000000000e+05 
1.10407315362707e-02 1.00000000000000e+05 
1.11396854714861e-02 1.00000000000000e+05 
1.12386344483505e-02 1.00000000000000e+05 
1.13376164677147e-02 1.00000000000000e+05 
1.14365540118870e-02 1.00000000000000e+05 
1.15354536400546e-02 1.00000000000000e+05 
1.16343764871405e-02 1.00000000000000e+05 
1.17333035999037e-02 1.00000000000000e+05 
1.18322272726923e-02 1.00000000000000e+05 
1.19312041329442e-02 1.00000000000000e+05 
1.20301536085109e-02 1.00000000000000e+05 
1.21290840763702e-02 1.00000000000000e+05 
1.22280577811433e-02 1.00000000000000e+05 
1.23270355419531e-02 1.00000000000000e+05 
1.24260089317011e-02 1.00000000000000e+05 
1.25250349714820e-02 1.00000000000000e+05 
1.26240269739906e-02 1.00000000000000e+05 
1.27229941904428e-02 1.00000000000000e+05 
1.28220051120034e-02 1.00000000000000e+05 
1.29218549544410e-02 1.00000000000000e+05 
1.30217206102887e-02 1.00000000000000e+05 
1.31215694632470e-02 1.00000000000000e+05 
1.32214077352294e-02 1.00000000000000e+05 
1.33212454984399e-02 1.00000000000000e+05 
1.34210722706740e-02 1.00000000000000e+05 
1.35209062276087e-02 1.00000000000000e+05 
1.36207638628600e-02 1.00000000000000e+05 
1.37206137286403e-02 1.00000000000000e+05 
1.38204578954051e-02 1.00000000000000e+05 
1.39203204847539e-02 1.00000000000000e+05 
1.40201906016576e-02 1.00000000000000e+05 
1.41200975168304e-02 1.00000000000000e+05 
1.42200776103697e-02 1.00000000000000e+05 
1.43201066869227e-02 1.00000000000000e+05 
1.44201766080114e-02 1.00000000000000e+05 
1.45202528415156e-02 1.00000000000000e+05 
1.46203441821827e-02 1.00000000000000e+05 
1.47204247451563e-02 1.00000000000000e+05 
1.48205007967202e-02 1.00000000000000e+05 
1.49205477857296e-02 1.00000000000000e+05 
1.50205725337745e-02 1.00000000000000e+05 
1.51205657024238e-02 1.00000000000000e+05 
1.52205311239690e-02 1.00000000000000e+05 
1.53204836053840e-02 1.00000000000000e+05 
1.54204285543199e-02 1.00000000000000e+05 
1.55203484008886e-02 1.00000000000000e+05 
1.56202260882155e-02 1.00000000000000e+05 
1.57200745018669e-02 1.00000000000000e+05 
1.58198979159085e-02 1.00000000000000e+05 
1.59196977940151e-02 1.00000000000000e+05 
1.60194856362832e-02 1.00000000000000e+05 
1.61192442364419e-02 1.00000000000000e+05 
1.62189811645138e-02 1.00000000000000e+05 
1.63186829561543e-02 1.00000000000000e+05 
1.64183509066895e-02 1.00000000000000e+05 
1.65179919278526e-02 1.00000000000000e+05 
1.66176176519608e-02 1.00000000000000e+05 
1.67172107290136e-02 1.00000000000000e+05 
1.68212008828976e-02 1.00000000000000e+05 
1.69265742934064e-02 1.00000000000000e+05 
1.70321168972626e-02 1.00000000000000e+05 
1.71352798011881e-02 1.00000000000000e+05 
1.72376040452832e-02 1.00000000000000e+05 
1.73390291894081e-02 1.00000000000000e+05 
1.74437227376365e-02 1.00000000000000e+05 
1.75430261228243e-02 1.00000000000000e+05 
1.76422916219008e-02 1.00000000000000e+05 
1.77415297296304e-02 1.00000000000000e+05 
1.78407523354885e-02 1.00000000000000e+05 
1.79399381698091e-02 1.00000000000000e+05 
1.80390758821929e-02 1.00000000000000e+05 
1.81381836792296e-02 1.00000000000000e+05 
1.82372536223070e-02 1.00000000000000e+05 
1.83363087857511e-02 1.00000000000000e+05 
1.84353575682934e-02 1.00000000000000e+05 
1.85343785947194e-02 1.00000000000000e+05 
1.86333630679696e-02 1.00000000000000e+05 
1.87323329089609e-02 1.00000000000000e+05 
1.88312776539234e-02 1.00000000000000e+05 
1.89302248167909e-02 1.00000000000000e+05 
1.90291721892836e-02 1.00000000000000e+05 
1.91280947939313e-02 1.00000000000000e+05 
1.92270097826563e-02 1.00000000000000e+05 
1.93259363140184e-02 1.00000000000000e+05 
1.94248581691160e-02 1.00000000000000e+05 
1.95238038066632e-02 1.00000000000000e+05 
1.96227710524917e-02 1.00000000000000e+05 
1.97217203515081e-02 1.00000000000000e+05 
1.98206563419654e-02 1.00000000000000e+05 
1.99196130138125e-02 1.00000000000000e+05 
2.00185619012088e-02 1.00000000000000e+05 
2.01175363362761e-02 1.00000000000000e+05 
2.02165428932371e-02 1.00000000000000e+05 
2.03155409518423e-02 1.00000000000000e+05 
2.04145393719332e-02 1.00000000000000e+05 
2.05135733008967e-02 1.00000000000000e+05 
2.06126095613378e-02 1.00000000000000e+05 
2.07116787751541e-02 1.00000000000000e+05 
2.08107915843732e-02 1.00000000000000e+05 
2.09099026335168e-02 1.00000000000000e+05 
2.10090474911037e-02 1.00000000000000e+05 
2.11082471956938e-02 1.00000000000000e+05 
2.12074545249215e-02 1.00000000000000e+05 
2.13066976455347e-02 1.00000000000000e+05 
2.14059955950831e-02 1.00000000000000e+05 
2.15052951779963e-02 1.00000000000000e+05 
2.16046156855793e-02 1.00000000000000e+05 
2.17040107767557e-02 1.00000000000000e+05 
2.18034318009628e-02 1.00000000000000e+05 
2.19029136145368e-02 1.00000000000000e+05 
2.20024813394959e-02 1.00000000000000e+05 
2.21020789242361e-02 1.00000000000000e+05 
2.22017322865477e-02 1.00000000000000e+05 
2.23015035865986e-02 1.00000000000000e+05 
2.24013391004855e-02 1.00000000000000e+05 
2.25012743031770e-02 1.00000000000000e+05 
2.26013462473679e-02 1.00000000000000e+05 
2.27014878766046e-02 1.00000000000000e+05 
2.28017385191293e-02 1.00000000000000e+05 
2.29021801528399e-02 1.00000000000000e+05 
2.30027558280198e-02 1.00000000000000e+05 
2.31035078872013e-02 1.00000000000000e+05 
2.32045023436286e-02 1.00000000000000e+05 
2.33056603225787e-02 1.00000000000000e+05 
2.34070526646204e-02 1.00000000000000e+05 
2.35088085086510e-02 1.00000000000000e+05 
2.36108760222359e-02 1.00000000000000e+05 
2.37133146620962e-02 1.00000000000000e+05 
2.38162680547617e-02 1.00000000000000e+05 
2.39196455944624e-02 1.00000000000000e+05 
2.40236048208471e-02 1.00000000000000e+05 
2.41217553792472e-02 1.00000000000000e+05 
2.42198909738152e-02 1.00000000000000e+05 
2.43180341050381e-02 1.00000000000000e+05 
2.44161810370098e-02 1.00000000000000e+05 
2.45143275400463e-02 1.00000000000000e+05 
2.46124646211368e-02 1.00000000000000e+05 
2.47105883666353e-02 1.00000000000000e+05 
2.48087201682064e-02 1.00000000000000e+05 
2.49068973915692e-02 1.00000000000000e+05 
2.50051074887991e-02 1.00000000000000e+05 
2.51033438965665e-02 1.00000000000000e+05 
2.52015997739205e-02 1.00000000000000e+05 
2.52998656611257e-02 1.00000000000000e+05 
2.53981403023110e-02 1.00000000000000e+05 
2.54964411593829e-02 1.00000000000000e+05 
2.55947549871547e-02 1.00000000000000e+05 
2.56930775031793e-02 1.00000000000000e+05 
2.57914059502244e-02 1.00000000000000e+05 
2.58897338190975e-02 1.00000000000000e+05 
2.59880675260321e-02 1.00000000000000e+05 
2.60864257324975e-02 1.00000000000000e+05 
2.61848002872827e-02 1.00000000000000e+05 
2.62831907299323e-02 1.00000000000000e+05 
2.63815968153365e-02 1.00000000000000e+05 
2.64800147458062e-02 1.00000000000000e+05 
2.65784520300001e-02 1.00000000000000e+05 
2.66769290429597e-02 1.00000000000000e+05 
2.67754399892535e-02 1.00000000000000e+05 
2.68739819775724e-02 1.00000000000000e+05 
2.69725589272432e-02 1.00000000000000e+05 
2.70711722839137e-02 1.00000000000000e+05 
2.71698325048176e-02 1.00000000000000e+05 
2.72685633020368e-02 1.00000000000000e+05 
2.73673655605055e-02 1.00000000000000e+05 
2.74662342294933e-02 1.00000000000000e+05 
2.75651803199955e-02 1.00000000000000e+05 
2.76642184530927e-02 1.00000000000000e+05 
2.77633681130518e-02 1.00000000000000e+05 
2.78626480951730e-02 1.00000000000000e+05 
2.79620791232020e-02 1.00000000000000e+05 
2.80616591457976e-02 1.00000000000000e+05 
2.81614129648418e-02 1.00000000000000e+05 
2.82613716686005e-02 1.00000000000000e+05 
2.83614873859128e-02 1.00000000000000e+05 
2.84617645410080e-02 1.00000000000000e+05 
2.85622137940647e-02 1.00000000000000e+05 
2.86628409418011e-02 1.00000000000000e+05 
2.87635150651275e-02 1.00000000000000e+05 
2.88645662279452e-02 1.00000000000000e+05 
2.89658866362796e-02 1.00000000000000e+05 
2.90657688045112e-02 1.00000000000000e+05 
2.91677430056939e-02 1.00000000000000e+05 
2.92675988911054e-02 1.00000000000000e+05 
2.93682440417456e-02 1.00000000000000e+05 
2.94698190382159e-02 1.00000000000000e+05 
2.95708068728852e-02 1.00000000000000e+05 
2.96705568334736e-02 1.00000000000000e+05 
2.97715894651305e-02 1.00000000000000e+05 
2.98714288490922e-02 1.00000000000000e+05 
2.99721975792312e-02 1.00000000000000e+05 
3.00733915763974e-02 1.00000000000000e+05 
3.01746168511544e-02 1.00000000000000e+05 
3.02748034490284e-02 1.00000000000000e+05 
3.03760451358833e-02 1.00000000000000e+05 
3.04762659282222e-02 1.00000000000000e+05 
3.05773813071052e-02 1.00000000000000e+05 
3.06787575545759e-02 1.00000000000000e+05 
3.07801947373150e-02 1.00000000000000e+05 
3.08806733164091e-02 1.00000000000000e+05 
3.09821810596980e-02 1.00000000000000e+05 
3.10826886146720e-02 1.00000000000000e+05 
3.11840873481450e-02 1.00000000000000e+05 
3.12856872135948e-02 1.00000000000000e+05 
3.13873081840003e-02 1.00000000000000e+05 
3.14879814963028e-02 1.00000000000000e+05 
3.15896782091015e-02 1.00000000000000e+05 
3.16903787778933e-02 1.00000000000000e+05 
3.17920281355000e-02 1.00000000000000e+05 
3.18938376149942e-02 1.00000000000000e+05 
3.19956980309412e-02 1.00000000000000e+05 
3.20966702393511e-02 1.00000000000000e+05 
3.21986620242038e-02 1.00000000000000e+05 
3.22997706898835e-02 1.00000000000000e+05 
3.24018235247577e-02 1.00000000000000e+05 
3.25038566301076e-02 1.00000000000000e+05 
3.26059125088897e-02 1.00000000000000e+05 
3.27074699846241e-02 1.00000000000000e+05 
3.28095840070349e-02 1.00000000000000e+05 
3.29114264858984e-02 1.00000000000000e+05 
3.30135810083026e-02 1.00000000000000e+05 
3.31157138939452e-02 1.00000000000000e+05 
3.32178664957501e-02 1.00000000000000e+05 
3.33200088980002e-02 1.00000000000000e+05 
3.34222174274247e-02 1.00000000000000e+05 
3.35236778188916e-02 1.00000000000000e+05 
3.36259302204083e-02 1.00000000000000e+05 
3.37281730839855e-02 1.00000000000000e+05 
3.38304328811406e-02 1.00000000000000e+05 
3.39320870283410e-02 1.00000000000000e+05 
3.40344455167627e-02 1.00000000000000e+05 
3.41364624928914e-02 1.00000000000000e+05 
3.42389129157608e-02 1.00000000000000e+05 
3.43414406784087e-02 1.00000000000000e+05 
3.44440505938148e-02 1.00000000000000e+05 
3.45466827485531e-02 1.00000000000000e+05 
3.46496035057275e-02 1.00000000000000e+05 
3.47524938995230e-02 1.00000000000000e+05 
3.48555557981643e-02 1.00000000000000e+05 
3.49586439163514e-02 1.00000000000000e+05 
3.50617472902027e-02 1.00000000000000e+05 
3.51648028709152e-02 1.00000000000000e+05 
3.52678960488922e-02 1.00000000000000e+05 
3.53709136077342e-02 1.00000000000000e+05 
3.54739535218514e-02 1.00000000000000e+05 
3.55769692777186e-02 1.00000000000000e+05 
3.56799803592231e-02 1.00000000000000e+05 
3.57829882754742e-02 1.00000000000000e+05 
3.58866066970458e-02 1.00000000000000e+05 
3.59902535071126e-02 1.00000000000000e+05 
3.60939479655689e-02 1.00000000000000e+05 
3.61976310436737e-02 1.00000000000000e+05 
3.63016786298797e-02 1.00000000000000e+05 
3.64057594142446e-02 1.00000000000000e+05 
3.65098499132708e-02 1.00000000000000e+05 
3.66139557712061e-02 1.00000000000000e+05 
3.67180547168614e-02 1.00000000000000e+05 
3.68221711927914e-02 1.00000000000000e+05 
3.69262920763162e-02 1.00000000000000e+05 
3.70304396118681e-02 1.00000000000000e+05 
3.71335050504854e-02 1.00000000000000e+05 
3.72357127686389e-02 1.00000000000000e+05 
3.73398661909349e-02 1.00000000000000e+05 
3.74440292876644e-02 1.00000000000000e+05 
3.75481869614241e-02 1.00000000000000e+05 
3.76505783596211e-02 1.00000000000000e+05 
3.77540824635524e-02 1.00000000000000e+05 
3.78568438185186e-02 1.00000000000000e+05 
3.79609645327605e-02 1.00000000000000e+05 
3.80650659088825e-02 1.00000000000000e+05 
3.81691394980574e-02 1.00000000000000e+05 
3.82723797263017e-02 1.00000000000000e+05 
3.83764258014535e-02 1.00000000000000e+05 
3.84797824975651e-02 1.00000000000000e+05 
3.85838359260515e-02 1.00000000000000e+05 
3.86879594299499e-02 1.00000000000000e+05 
3.87921586512526e-02 1.00000000000000e+05 
3.88956736168621e-02 1.00000000000000e+05 
3.90000807293304e-02 1.00000000000000e+05 
3.91037021496176e-02 1.00000000000000e+05 
3.92082516552023e-02 1.00000000000000e+05 
3.93129005791858e-02 1.00000000000000e+05 
3.94175858276319e-02 1.00000000000000e+05 
3.95214786001558e-02 1.00000000000000e+05 
3.96263035809243e-02 1.00000000000000e+05 
3.97303885964385e-02 1.00000000000000e+05 
3.98352855318789e-02 1.00000000000000e+05 
3.99402761955188e-02 1.00000000000000e+05 
4.00453151751288e-02 1.00000000000000e+05 
4.01497625944335e-02 1.00000000000000e+05 
4.02547948034501e-02 1.00000000000000e+05 
4.03594278441896e-02 1.00000000000000e+05 
4.04642405045388e-02 1.00000000000000e+05 
4.05690238883744e-02 1.00000000000000e+05 
4.06737704182211e-02 1.00000000000000e+05 
4.07784667368151e-02 1.00000000000000e+05 
4.08832750556233e-02 1.00000000000000e+05 
4.09880956725402e-02 1.00000000000000e+05 
4.10930468270595e-02 1.00000000000000e+05 
4.11981005434287e-02 1.00000000000000e+05 
4.13033045008301e-02 1.00000000000000e+05 
4.14085937042967e-02 1.00000000000000e+05 
4.15141361669331e-02 1.00000000000000e+05 
4.16199131161775e-02 1.00000000000000e+05 
4.17259478625320e-02 1.00000000000000e+05 
4.18321989886705e-02 1.00000000000000e+05 
4.19371216289126e-02 1.00000000000000e+05 
4.20398031259674e-02 1.00000000000000e+05 
4.21433741883334e-02 1.00000000000000e+05 
4.22460777345973e-02 1.00000000000000e+05 
4.23536709962727e-02 1.00000000000000e+05 
4.24612441253908e-02 1.00000000000000e+05 
4.25664127102505e-02 1.00000000000000e+05 
4.26693435798226e-02 1.00000000000000e+05 
4.27732472420207e-02 1.00000000000000e+05 
4.28763486471119e-02 1.00000000000000e+05 
4.29804351494427e-02 1.00000000000000e+05 
4.30864158922574e-02 1.00000000000000e+05 
4.31916607664619e-02 1.00000000000000e+05 
4.32949389960620e-02 1.00000000000000e+05 
4.33991710958017e-02 1.00000000000000e+05 
4.35024337303025e-02 1.00000000000000e+05 
4.36066696676297e-02 1.00000000000000e+05 
4.37119737830570e-02 1.00000000000000e+05 
4.38172954643397e-02 1.00000000000000e+05 
4.39205591531308e-02 1.00000000000000e+05 
4.40248640548315e-02 1.00000000000000e+05 
4.41281904173524e-02 1.00000000000000e+05 
4.42325287988089e-02 1.00000000000000e+05 
4.43379733430592e-02 1.00000000000000e+05 
4.44434559833428e-02 1.00000000000000e+05 
4.45468325180496e-02 1.00000000000000e+05 
4.46513095667336e-02 1.00000000000000e+05 
4.47547868780303e-02 1.00000000000000e+05 
4.48593420241816e-02 1.00000000000000e+05 
4.49650923667410e-02 1.00000000000000e+05 
4.50709310987099e-02 1.00000000000000e+05 
4.51746111639344e-02 1.00000000000000e+05 
4.52795381680656e-02 1.00000000000000e+05 
4.53834520767300e-02 1.00000000000000e+05 
4.54885718621989e-02 1.00000000000000e+05 
4.55950236361011e-02 1.00000000000000e+05 
4.57016148725325e-02 1.00000000000000e+05 
4.58058703340018e-02 1.00000000000000e+05 
4.59139344532108e-02 1.00000000000000e+05 
4.60183794230143e-02 1.00000000000000e+05 
4.61242323473064e-02 1.00000000000000e+05 
4.62316370639078e-02 1.00000000000000e+05 
4.63391595098698e-02 1.00000000000000e+05 
4.64436799287135e-02 1.00000000000000e+05 
4.65520650710450e-02 1.00000000000000e+05 
4.66566597466456e-02 1.00000000000000e+05 
4.67631041021606e-02 1.00000000000000e+05 
4.68706563703871e-02 1.00000000000000e+05 
4.69784052830954e-02 1.00000000000000e+05 
4.70831682806319e-02 1.00000000000000e+05 
4.71919829886200e-02 1.00000000000000e+05 
4.72994206282990e-02 1.00000000000000e+05 
4.74105650367027e-02 1.00000000000000e+05 
4.75225683515431e-02 1.00000000000000e+05 
4.76346232323487e-02 1.00000000000000e+05 
4.77446295017078e-02 1.00000000000000e+05 
4.78563831701277e-02 1.00000000000000e+05 
4.79671278064023e-02 1.00000000000000e+05 
4.80792845835465e-02 1.00000000000000e+05 
4.81882436244514e-02 1.00000000000000e+05 
4.83004249536351e-02 1.00000000000000e+05 
4.84085760251330e-02 1.00000000000000e+05 
4.85177646661821e-02 1.00000000000000e+05 
4.86235464548968e-02 1.00000000000000e+05 
4.87327270949518e-02 1.00000000000000e+05 
4.88429684060789e-02 1.00000000000000e+05 
4.89532115164270e-02 1.00000000000000e+05 
4.90602354278823e-02 1.00000000000000e+05 
4.91695000464276e-02 1.00000000000000e+05 
4.92778118380910e-02 1.00000000000000e+05 
4.93870601378849e-02 1.00000000000000e+05 
4.94974121263845e-02 1.00000000000000e+05 
4.96077876083624e-02 1.00000000000000e+05 
4.97158153360675e-02 1.00000000000000e+05 
4.98254735706355e-02 1.00000000000000e+05 
4.99342239659198e-02 1.00000000000000e+05 
5.00439866780513e-02 1.00000000000000e+05 
5.01548899294567e-02 1.00000000000000e+05 
5.02660510469365e-02 1.00000000000000e+05 
5.03750719094302e-02 1.00000000000000e+05 
5.04854168423706e-02 1.00000000000000e+05 
5.05947059076876e-02 1.00000000000000e+05 
5.07052540175090e-02 1.00000000000000e+05 
5.08172904752706e-02 1.00000000000000e+05 
5.09294967703665e-02 1.00000000000000e+05 
5.10392830533218e-02 1.00000000000000e+05 
5.11509161409565e-02 1.00000000000000e+05 
5.12614602244716e-02 1.00000000000000e+05 
5.13745124144857e-02 1.00000000000000e+05 
5.14885070609584e-02 1.00000000000000e+05 
5.16025832443673e-02 1.00000000000000e+05 
5.17134560993507e-02 1.00000000000000e+05 
5.18287869002567e-02 1.00000000000000e+05 
5.19398284072760e-02 1.00000000000000e+05 
5.20567204769424e-02 1.00000000000009e+05 
5.21740085483421e-02 1.00000000000278e+05 
5.22915204020286e-02 1.00000000001475e+05 
5.24059065774080e-02 1.00000000017889e+05 
5.25233844351547e-02 1.00000000056383e+05 
5.26344927095851e-02 1.00000000124483e+05 
5.27507350272581e-02 1.00000000345841e+05 
5.28648954452629e-02 1.00000000706500e+05 
5.29823044448172e-02 1.00000001154392e+05 
5.30997163694808e-02 1.00000001689776e+05 
5.32171621174583e-02 1.00000002330627e+05 
5.33313999030055e-02 1.00000003047926e+05 
5.34468821283345e-02 1.00000003774542e+05 
5.35616219171551e-02 1.00000004633486e+05 
5.36791523554740e-02 1.00000005517432e+05 
5.37911472015738e-02 1.00000006545791e+05 
5.39073650822321e-02 1.00000007811310e+05 
5.40223440021024e-02 1.00000009305399e+05 
5.41365778017610e-02 1.00000011062236e+05 
5.42541136205027e-02 1.00000013231300e+05 
5.43717249529425e-02 1.00000015825247e+05 
5.44855127756228e-02 1.00000018821478e+05 
5.46021794458918e-02 1.00000022532401e+05 
5.47177036586284e-02 1.00000026940898e+05 
5.48345951010584e-02 1.00000032259494e+05 
5.49525640651233e-02 1.00000038750430e+05 
5.50706003155199e-02 1.00000046531813e+05 
5.51867475159634e-02 1.00000055712386e+05 
5.53044462743934e-02 1.00000066926432e+05 
5.54210339800175e-02 1.00000080223817e+05 
5.55393156288597e-02 1.00000096298401e+05 
5.56576919200798e-02 1.00000115605899e+05 
5.57761276759754e-02 1.00000138600831e+05 
5.58936640591605e-02 1.00000165745734e+05 
5.60122913110481e-02 1.00000198423430e+05 
5.61300033460225e-02 1.00000236829739e+05 
5.62489050443730e-02 1.00000282535978e+05 
5.63680756919792e-02 1.00000336738261e+05 
5.64875159718322e-02 1.00000400487641e+05 
5.66053130977448e-02 1.00000474059726e+05 
5.67243167399509e-02 1.00000561096450e+05 
5.68423967309099e-02 1.00000661493861e+05 
5.69616968066360e-02 1.00000778782739e+05 
5.70822438148647e-02 1.00000916378341e+05 
5.72025602471888e-02 1.00001074662435e+05 
5.73208713363398e-02 1.00001253579578e+05 
5.74408760058635e-02 1.00001462582188e+05 
5.75600065527262e-02 1.00001700289785e+05 
5.76805102978982e-02 1.00001974960963e+05 
5.78010132160804e-02 1.00002290419702e+05 
5.79215800675153e-02 1.00002651276361e+05 
5.80415120127010e-02 1.00003062155333e+05 
5.81621515986330e-02 1.00003537429691e+05 
5.82827173160185e-02 1.00004082597113e+05 
5.84031501964889e-02 1.00004707358322e+05 
5.85234689143552e-02 1.00005427901469e+05 
5.86438263235623e-02 1.00006258332440e+05 
5.87640893601646e-02 1.00007217010134e+05 
5.88843576249111e-02 1.00008329454283e+05 
5.90045626943991e-02 1.00009618217842e+05 
5.91249254917335e-02 1.00011114288950e+05 
5.92453620360559e-02 1.00012857280157e+05 
5.93659696431102e-02 1.00014886598976e+05 
5.94866801293289e-02 1.00017250881857e+05 
5.96075335569589e-02 1.00020011970981e+05 
5.97284412817906e-02 1.00023229592321e+05 
5.98497423495425e-02 1.00026988001818e+05 
5.99712471160636e-02 1.00031376981155e+05 
6.00930569966683e-02 1.00036499296308e+05 
6.02148593451498e-02 1.00042457375243e+05 
6.03370899218819e-02 1.00049412078032e+05 
6.04589439155321e-02 1.00057460881015e+05 
6.05820355037393e-02 1.00066890686357e+05 
6.07057464008561e-02 1.00077878350135e+05 
6.08298788394811e-02 1.00090643796653e+05 
6.09516849115508e-02 1.00105093586614e+05 
6.10746394445177e-02 1.00121877720043e+05 
6.11965198862634e-02 1.00140975208151e+05 
6.13199493139232e-02 1.00163130683053e+05 
6.14445473956398e-02 1.00188710004531e+05 
6.15691544597518e-02 1.00217913208516e+05 
6.16910362237337e-02 1.00250355814068e+05 
6.18140536263531e-02 1.00287398648691e+05 
6.19359432895994e-02 1.00328786061660e+05 
6.20591670461533e-02 1.00375818098064e+05 
6.21835789893730e-02 1.00429029511278e+05 
6.23079663946055e-02 1.00488475293876e+05 
6.24297392488520e-02 1.00553128331393e+05 
6.25526848958154e-02 1.00625290704030e+05 
6.26744769846904e-02 1.00703987766739e+05 
6.27976140903281e-02 1.00791202378643e+05 
6.29220379770578e-02 1.00887390658007e+05 
6.30464749581417e-02 1.00991976740801e+05 
6.31683565910192e-02 1.01102625211022e+05 
6.32915509226871e-02 1.01222766377331e+05 
6.34175962144710e-02 1.01354217791795e+05 
6.35409591272967e-02 1.01491025139728e+05 
6.36672820952333e-02 1.01639138011338e+05 
6.37920517843002e-02 1.01792876864405e+05 
6.39140619132459e-02 1.01949723279252e+05 
6.40374652651090e-02 1.02114135034287e+05 
6.41597267365392e-02 1.02281974759289e+05 
6.42835770058225e-02 1.02455856306168e+05 
6.44089493994743e-02 1.02634522968531e+05 
6.45344894113574e-02 1.02814935597801e+05 
6.46570940185481e-02 1.02991716984664e+05 
6.47813123595545e-02 1.03169033628347e+05 
6.49042485156238e-02 1.03341603594380e+05 
6.50318692294595e-02 1.03516529249575e+05 
6.51586023567926e-02 1.03684249158203e+05 
6.52856918304022e-02 1.03844066617870e+05 
6.54094937786539e-02 1.03993378352259e+05 
6.55371850482168e-02 1.04138129903559e+05 
6.56615960882117e-02 1.04266277963167e+05 
6.57898360604758e-02 1.04383787938890e+05 
6.59178337496830e-02 1.04493822377653e+05 
6.60462911329425e-02 1.04586043243895e+05 
6.61730060128960e-02 1.04658753352936e+05 
6.63013198684868e-02 1.04716590042038e+05 
6.64296035478188e-02 1.04761088666422e+05 
6.65585019623648e-02 1.04784855842711e+05 
6.66871447795890e-02 1.04803021124059e+05 
6.68162692365421e-02 1.04818481587755e+05 
6.69449851787795e-02 1.04828168765427e+05 
6.70739807648383e-02 1.04829199371292e+05 
6.72025126868232e-02 1.04827079424539e+05 
6.73321268660453e-02 1.04811853537300e+05 
6.74614926326355e-02 1.04786668183548e+05 
6.75913638771201e-02 1.04752138915950e+05 
6.77205934800457e-02 1.04711292683069e+05 
6.78503605784018e-02 1.04661827183122e+05 
6.79798745283795e-02 1.04610397799128e+05 
6.81102993047082e-02 1.04554949839667e+05 
6.82404802651222e-02 1.04496648244503e+05 
6.83711921345054e-02 1.04434615131182e+05 
6.85011742674297e-02 1.04368320835520e+05 
6.86317971944689e-02 1.04298176482408e+05 
6.87618756896528e-02 1.04225677897514e+05 
6.88931696514825e-02 1.04149908727008e+05 
6.90242064794754e-02 1.04072478636786e+05 
6.91556026042632e-02 1.03993448604704e+05 
6.92856549061648e-02 1.03913614792766e+05 
6.94169367209293e-02 1.03831495796962e+05 
6.95470661293914e-02 1.03748949853680e+05 
6.96784688760145e-02 1.03664753721127e+05 
6.98098835131264e-02 1.03580075657503e+05 
6.99413516361404e-02 1.03494868869146e+05 
7.00714277352240e-02 1.03410317333612e+05 
7.02027719245914e-02 1.03324918816970e+05 
7.03330579882528e-02 1.03240137689359e+05 
7.04647465873425e-02 1.03154573198239e+05 
7.05965152042218e-02 1.03068859069448e+05 
7.07283542221214e-02 1.02983088564357e+05 
7.08587386347623e-02 1.02898540962044e+05 
7.09904155375737e-02 1.02813517865769e+05 
7.11211666113915e-02 1.02729478137771e+05 
7.12533087125482e-02 1.02644948750620e+05 
7.13856480167249e-02 1.02560743802765e+05 
7.15182114059350e-02 1.02476826657163e+05 
7.16494348532021e-02 1.02394264530766e+05 
7.17821695958006e-02 1.02311262823704e+05 
7.19143961135330e-02 1.02229117244553e+05 
7.20473509958696e-02 1.02147047646803e+05 
7.21804324403474e-02 1.02065437047952e+05 
7.23136174623263e-02 1.01984259789099e+05 
7.24469356874737e-02 1.01903555546706e+05 
7.25803170597922e-02 1.01823337444909e+05 
7.27138955133661e-02 1.01743553214886e+05 
7.28475311049691e-02 1.01664276367312e+05 
7.29813344315637e-02 1.01585458927084e+05 
7.31152543529244e-02 1.01507124081139e+05 
7.32493470161889e-02 1.01429341088174e+05 
7.33835348749972e-02 1.01352152812985e+05 
7.35179754766878e-02 1.01275541915997e+05 
7.36524845954573e-02 1.01199651679820e+05 
7.37872241463217e-02 1.01124429588343e+05 
7.39221015608176e-02 1.01049925497683e+05 
7.40571940593198e-02 1.00976252384973e+05 
7.41924076581191e-02 1.00903496392975e+05 
7.43279150378787e-02 1.00831701847796e+05 
7.44635676520599e-02 1.00761006996141e+05 
7.45995478406349e-02 1.00691325940672e+05 
7.47358128637982e-02 1.00622689818289e+05 
7.48724338675472e-02 1.00555165824136e+05 
7.50093509406956e-02 1.00488671800352e+05 
7.51466991850644e-02 1.00423113806786e+05 
7.52844668243473e-02 1.00358402841678e+05 
7.54228790163297e-02 1.00294331029036e+05 
7.55613279651959e-02 1.00230983122412e+05 
7.57001950158495e-02 1.00168247577859e+05 
7.58386251134050e-02 1.00106328531440e+05 
7.59771143140652e-02 1.00045068497772e+05 
7.61157310749296e-02 9.99843754319163e+04 
7.62544291531009e-02 9.99242135474153e+04 
7.63931526546362e-02 9.98646428554839e+04 
7.65318380341277e-02 9.98056098136223e+04 
7.66704702399547e-02 9.97471426948315e+04 
7.68091452560830e-02 9.96893154039372e+04 
7.69479348368035e-02 9.96321328925285e+04 
7.70868244854542e-02 9.95755805002691e+04 
7.72257724751474e-02 9.95195470341079e+04 
7.73647578420847e-02 9.94641567494599e+04 
7.75037353472466e-02 9.94094361013435e+04 
7.76427408618219e-02 9.93554197417546e+04 
7.77818350738483e-02 9.93018858832161e+04 
7.79234701990041e-02 9.92479919344903e+04 
7.80626711435200e-02 9.91956858339835e+04 
7.82019079195566e-02 9.91440419729929e+04 
7.83411484897482e-02 9.90932321137810e+04 
7.84804138764359e-02 9.90431990729879e+04 
7.86197469054234e-02 9.89938522173415e+04 
7.87618839125041e-02 9.89443104076226e+04 
7.89041754596659e-02 9.88953992783128e+04 
7.90465860630979e-02 9.88472246192274e+04 
7.91891720159972e-02 9.87999499880502e+04 
7.93319667406356e-02 9.87537372299617e+04 
7.94749534149725e-02 9.87085881724753e+04 
7.96182177062842e-02 9.86641257594640e+04 
7.97598984667275e-02 9.86209811024686e+04 
7.99015811586774e-02 9.85786027575920e+04 
8.00438925285613e-02 9.85370605456622e+04 
8.01864545701254e-02 9.84965562775210e+04 
8.03295837272580e-02 9.84570907231383e+04 
8.04735898398368e-02 9.84186282492682e+04 
8.06187842635143e-02 9.83811882684746e+04 
8.07650568966935e-02 9.83449659395503e+04 
8.09114020947696e-02 9.83105562739958e+04 
8.10577943946737e-02 9.82783891150297e+04 
8.12042920493128e-02 9.82484438082710e+04 
8.13509010993901e-02 9.82206234304062e+04 
8.14975357153141e-02 9.81948024843616e+04 
8.16442394400684e-02 9.81712439567596e+04 
8.17909587680964e-02 9.81499063419868e+04 
8.19378524045280e-02 9.81314813616585e+04 
8.20848814515127e-02 9.81151698179860e+04 
8.22319884414614e-02 9.81005926910758e+04 
8.23791975247745e-02 9.80873733745888e+04 
8.25263685409145e-02 9.80757173370896e+04 
8.26736004029755e-02 9.80651611484740e+04 
8.28208055800600e-02 9.80560060162049e+04 
8.29607209240790e-02 9.80480940807615e+04 
8.31019279886296e-02 9.80411336323717e+04 
8.32419175515104e-02 9.80354406562090e+04 
8.33823004483229e-02 9.80293764001553e+04 
8.35227137304429e-02 9.80235100243506e+04 
8.36631751839329e-02 9.80183219875318e+04 
8.38032694843757e-02 9.80141863649975e+04 
8.39438412102162e-02 9.80099823852357e+04 
8.40840291602024e-02 9.80057911485104e+04 
8.42269806336145e-02 9.80016359496665e+04 
8.43676310137143e-02 9.79968459907106e+04 
8.45083321737305e-02 9.79943197745728e+04 
8.46487432801098e-02 9.79929594251481e+04 
8.47896060221548e-02 9.79919143238302e+04 
8.49302099107096e-02 9.79907525998722e+04 
8.50710974954181e-02 9.79895715723919e+04 
8.52120199327783e-02 9.79889140955157e+04 
8.53529662751067e-02 9.79895106126574e+04 
8.54939266429562e-02 9.79905627234020e+04 
8.56350014767708e-02 9.79923004831208e+04 
8.57760963975126e-02 9.79943530128051e+04 
8.59171634584638e-02 9.79971682894298e+04 
8.60582285331771e-02 9.80007909259152e+04 
8.61992548836992e-02 9.80064751677432e+04 
8.63402925457670e-02 9.80141856715473e+04 
8.64811909262053e-02 9.80239745702662e+04 
8.66219950888965e-02 9.80331240846064e+04 
8.67627348963547e-02 9.80429095113640e+04 
8.69034194915433e-02 9.80531684078078e+04 
8.70440637336965e-02 9.80650488241181e+04 
8.71850177492794e-02 9.80777709453113e+04 
8.73261639210649e-02 9.80908295955765e+04 
8.74675263787086e-02 9.81038702957966e+04 
8.76090088353983e-02 9.81170991418911e+04 
8.77504557951654e-02 9.81317036682670e+04 
8.78919211527561e-02 9.81483197144490e+04 
8.80336621414597e-02 9.81661093179590e+04 
8.81754669383861e-02 9.81840489865310e+04 
8.83174759285412e-02 9.82013504143201e+04 
8.84596571617802e-02 9.82191975317102e+04 
8.86018029871715e-02 9.82375979594554e+04 
8.87436970436380e-02 9.82575176799809e+04 
8.88860859166496e-02 9.82780529655184e+04 
8.90287310068670e-02 9.82985730726754e+04 
8.91716718599627e-02 9.83185881758256e+04 
8.93148236754607e-02 9.83389958481148e+04 
8.94581425721913e-02 9.83585883707618e+04 
8.96017326185699e-02 9.83782737542945e+04 
8.97457120834959e-02 9.83976992240622e+04 
8.98898975897677e-02 9.84165592587241e+04 
9.00343742143971e-02 9.84338823748030e+04 
9.01791101405002e-02 9.84504467130809e+04 
9.03239576637112e-02 9.84649879656483e+04 
9.04688567132063e-02 9.84808781589752e+04 
9.06140793899858e-02 9.84969729870813e+04 
9.07594825199799e-02 9.85120968484915e+04 
9.09052085838944e-02 9.85264637568476e+04 
9.10512873832798e-02 9.85394060481135e+04 
9.11975753435467e-02 9.85515649596379e+04 
9.13440725540064e-02 9.85632179155324e+04 
9.14910628504047e-02 9.85744548698302e+04 
9.16384771673832e-02 9.85846525156651e+04 
9.17862771106482e-02 9.85936408344889e+04 
9.19340932981787e-02 9.86021337977230e+04 
9.20819582544297e-02 9.86099321557517e+04 
9.22298106187997e-02 9.86182014686175e+04 
9.23776283209592e-02 9.86268373639170e+04 
9.25254926527938e-02 9.86354940916447e+04 
9.26733637664080e-02 9.86439120713485e+04 
9.28212508813311e-02 9.86527640193538e+04 
9.29691906073242e-02 9.86618351570665e+04 
9.31171286609853e-02 9.86722726891994e+04 
9.32650467504669e-02 9.86839292493994e+04 
9.34130261484535e-02 9.86959541362989e+04 
9.35610215253346e-02 9.87081803596654e+04 
9.37090417446979e-02 9.87208949438524e+04 
9.38571073528901e-02 9.87337690297099e+04 
9.40051807039163e-02 9.87473262056277e+04 
9.41532218593954e-02 9.87618007192827e+04 
9.43012638215176e-02 9.87761546202649e+04 
9.44493215885348e-02 9.87907373919351e+04 
9.45973844254363e-02 9.88056019330669e+04 
9.47454714287537e-02 9.88207993839716e+04 
9.48935861013746e-02 9.88360034407793e+04 
9.50417221386318e-02 9.88519999173941e+04 
9.51898714590837e-02 9.88684592088135e+04 
9.53380361714446e-02 9.88850004545884e+04 
9.54861734371188e-02 9.89016494367946e+04 
9.56342888998398e-02 9.89179138956933e+04 
9.57823963248135e-02 9.89345317115304e+04 
9.59305126847611e-02 9.89516788779381e+04 
9.60786512621010e-02 9.89690175552258e+04 
9.62268263057890e-02 9.89859411773666e+04 
9.63750039638114e-02 9.90029330764524e+04 
9.65231861165821e-02 9.90195276115475e+04 
9.66713712720816e-02 9.90367817170148e+04 
9.68195628557794e-02 9.90546733480376e+04 
9.69677666279856e-02 9.90726133891916e+04 
9.71159989954244e-02 9.90902381170648e+04 
9.72642301489923e-02 9.91081231914752e+04 
9.74124678920442e-02 9.91257711667892e+04 
9.75607129798731e-02 9.91441580618847e+04 
9.77089690210914e-02 9.91632767672636e+04 
9.78572418636294e-02 9.91825022736184e+04 
9.80055435848207e-02 9.92015902532951e+04 
9.81538402940235e-02 9.92207267892595e+04 
9.83021381632908e-02 9.92397601793977e+04 
9.84504389008308e-02 9.92594057627920e+04 
9.85987475007446e-02 9.92797268713274e+04 
9.87470731297092e-02 9.93000312667369e+04 
9.88954313699598e-02 9.93198151108168e+04 
9.90437903582887e-02 9.93398041877550e+04 
9.91921588164042e-02 9.93593804400522e+04 
9.93405403332838e-02 9.93794546759519e+04 
9.94889363507644e-02 9.94000692399775e+04 
9.96373516923013e-02 9.94205075160985e+04 
9.97857941419236e-02 9.94401319373432e+04 
9.99342278309179e-02 9.94600715787089e+04 
1.00082656682986e-01 9.94793188226730e+04 
1.00231080349680e-01 9.94989900171584e+04 
1.00379504917567e-01 9.95189420729823e+04 
1.00527946884686e-01 9.95386151549021e+04 
1.00676418363180e-01 9.95578634044162e+04 
1.00824892584732e-01 9.95767859788952e+04 
1.00973379186546e-01 9.95951534484672e+04 
1.01121883594423e-01 9.96137161184811e+04 
1.01270409873095e-01 9.96324679508994e+04 
1.01418967578661e-01 9.96508246422408e+04 
1.01567564172869e-01 9.96685482043337e+04 
1.01716171925781e-01 9.96859070898405e+04 
1.01864795871386e-01 9.97025759941754e+04 
1.02013434362503e-01 9.97193319650292e+04 
1.02162084969459e-01 9.97361494161959e+04 
1.02310759197212e-01 9.97525978707344e+04 
1.02459468975286e-01 9.97683528272089e+04 
1.02608191860787e-01 9.97838705714867e+04 
1.02756934115208e-01 9.97986341133627e+04 
1.02905695969355e-01 9.98134596887775e+04 
1.03054476826016e-01 9.98284269642334e+04 
1.03203287269136e-01 9.98427055883509e+04 
1.03352134001231e-01 9.98564895304360e+04 
1.03500994506790e-01 9.98700134656075e+04 
1.03649873845565e-01 9.98827164039052e+04 
1.03798774281820e-01 9.98954179616734e+04 
1.03947696983448e-01 9.99080877804837e+04 
1.04096654069629e-01 9.99205237240966e+04 
1.04245652758688e-01 9.99321370348328e+04 
1.04394670870932e-01 9.99439884666385e+04 
1.04543709553927e-01 9.99550320333363e+04 
1.04692767727962e-01 9.99660821277615e+04 
1.04841843574687e-01 9.99773115175146e+04 
1.04990950176246e-01 9.99881063241980e+04 
1.05140094823035e-01 9.99984096632061e+04 
1.05289257647654e-01 1.00008658205231e+05 
1.05438440140891e-01 1.00018376608353e+05 
1.05587643366182e-01 1.00028314116879e+05 
1.05736864648317e-01 1.00038639558059e+05 
1.05886116054984e-01 1.00048711172083e+05 
1.06035391402146e-01 1.00058456419117e+05 
1.06184699530547e-01 1.00068232931048e+05 
1.06334001788556e-01 1.00077550051818e+05 
1.06483305697486e-01 1.00087042641105e+05 
1.06632600688341e-01 1.00096848924840e+05 
1.06781904023812e-01 1.00106337151303e+05 
1.06931223767747e-01 1.00115558208511e+05 
1.07080582886821e-01 1.00124665451809e+05 
1.07229929255715e-01 1.00133212742986e+05 
1.07379268359984e-01 1.00141525465225e+05 
1.07528589597782e-01 1.00149828399406e+05 
1.07677912796774e-01 1.00157765118746e+05 
1.07827250723037e-01 1.00165314610504e+05 
1.07976635694007e-01 1.00172474900307e+05 
1.08126017485842e-01 1.00178732263399e+05 
1.08275409060087e-01 1.00184610349590e+05 
1.08424793517303e-01 1.00190002294001e+05 
1.08574182252172e-01 1.00195031204176e+05 
1.08723581764308e-01 1.00199378186496e+05 
1.08873023647603e-01 1.00203610989224e+05 
1.09022456830037e-01 1.00206838094559e+05 
1.09171895419418e-01 1.00209675029074e+05 
1.09321323445826e-01 1.00212329711989e+05 
1.09470753569427e-01 1.00214596861574e+05 
1.09620193297690e-01 1.00216145467543e+05 
1.09769676188066e-01 1.00217640646586e+05 
1.09919150654973e-01 1.00218684505173e+05 
1.10068630689707e-01 1.00219233774812e+05 
1.10218099986853e-01 1.00219683812248e+05 
1.10367571907579e-01 1.00219233026139e+05 
1.10517053314346e-01 1.00219242216137e+05 
1.10666579558309e-01 1.00218306564031e+05 
1.10816099242945e-01 1.00217404442909e+05 
1.10965627279559e-01 1.00216153410906e+05 
1.11115146344511e-01 1.00214013113562e+05 
1.11264669505036e-01 1.00211190322721e+05 
1.11414202219121e-01 1.00208668994308e+05 
1.11563780823418e-01 1.00205597605952e+05 
1.11713354207898e-01 1.00202211949174e+05 
1.11862938735404e-01 1.00198451370155e+05 
1.12012517012785e-01 1.00194330985801e+05 
1.12162102135785e-01 1.00189441061051e+05 
1.12311698963635e-01 1.00184942493172e+05 
1.12461343540233e-01 1.00179979357739e+05 
1.12610984385464e-01 1.00175067141208e+05 
1.12760637793415e-01 1.00169411108281e+05 
1.12910286489741e-01 1.00163532097087e+05 
1.13059944241065e-01 1.00157072061471e+05 
1.13209616110002e-01 1.00151209227408e+05 
1.13359337576765e-01 1.00144823687107e+05 
1.13509057117340e-01 1.00138166578580e+05 
1.13658790978741e-01 1.00130996504709e+05 
1.13808521553186e-01 1.00123831393650e+05 
1.13958262472742e-01 1.00116500166175e+05 
1.14108018945241e-01 1.00109892765878e+05 
1.14257826078058e-01 1.00103006237730e+05 
1.14407633129709e-01 1.00096189678622e+05 
1.14557457167814e-01 1.00088881657593e+05 
1.14707281235929e-01 1.00081547072703e+05 
1.14857118877856e-01 1.00074090357236e+05 
1.15006974710984e-01 1.00067541897225e+05 
1.15156882190195e-01 1.00060863194612e+05 
1.15306790746790e-01 1.00054162381938e+05 
1.15456717698158e-01 1.00047007999344e+05 
1.15606647395663e-01 1.00040032948622e+05 
1.15756594463330e-01 1.00033122107942e+05 
1.15906563745357e-01 1.00027374494957e+05 
1.16056587644714e-01 1.00021582723024e+05 
1.16206616645490e-01 1.00016059536988e+05 
1.16356668005152e-01 1.00010245044994e+05 
1.16506726704644e-01 1.00004791233177e+05 
1.16656809543962e-01 9.99995408731376e+04 
1.16806918937148e-01 9.99955190648642e+04 
1.16957083180527e-01 9.99917205646902e+04 
1.17107250711825e-01 9.99884411225145e+04 
1.17257437509168e-01 9.99851950059428e+04 
1.17407629458651e-01 9.99823447556110e+04 
1.17557841200893e-01 9.99798065690773e+04 
1.17708077834931e-01 9.99786411334398e+04 
1.17858368326323e-01 9.99779882330711e+04 
1.18008667666536e-01 9.99776960943711e+04 
1.18158992059989e-01 9.99773064933906e+04 
1.18309328065471e-01 9.99773482868963e+04 
1.18459690257253e-01 9.99772465251478e+04 
1.18610080688554e-01 9.99789915602587e+04 
1.18760524906893e-01 9.99803945810851e+04 
1.18910978697343e-01 9.99823520375318e+04 
1.19061457134801e-01 9.99838517670969e+04 
1.19211946969885e-01 9.99859390196018e+04 
1.19362464286595e-01 9.99880076261537e+04 
1.19513009965874e-01 9.99915575805027e+04 
1.19663608699648e-01 9.99951327092084e+04 
1.19814216422369e-01 9.99978239294003e+04 
1.19964848533503e-01 1.00000305869191e+05 
1.20115491778621e-01 1.00002616725979e+05 
1.20266162592797e-01 1.00004617595382e+05 
1.20416860701001e-01 1.00007309767222e+05 
1.20567611253236e-01 1.00010243948615e+05 
1.20718370428860e-01 1.00011616110723e+05 
1.20869154346238e-01 1.00012197315087e+05 
1.21019950831747e-01 1.00013361835848e+05 
1.21170776949287e-01 1.00014071736994e+05 
1.21321631003196e-01 1.00015275371641e+05 
1.21472539164651e-01 1.00017161627484e+05 
1.21623457636241e-01 1.00018454585282e+05 
1.21774403245893e-01 1.00019603042323e+05 
1.21925364211757e-01 1.00021542376988e+05 
1.22076357409075e-01 1.00022880776255e+05 
1.22227379559337e-01 1.00024085993477e+05 
1.22378457200603e-01 1.00025838956259e+05 
1.22529546235567e-01 1.00026833349537e+05 
1.22680663818644e-01 1.00027590436269e+05 
1.22831798496282e-01 1.00029091618744e+05 
1.22982966833223e-01 1.00030185457555e+05 
1.23134164919157e-01 1.00031103986588e+05 
1.23285419751901e-01 1.00032563119609e+05 
1.23436687108409e-01 1.00033191624661e+05 
1.23587984745738e-01 1.00033440729018e+05 
1.23739301707434e-01 1.00034297140975e+05 
1.23890654124066e-01 1.00034718213587e+05 
1.24042037748416e-01 1.00034599226306e+05 
1.24193480473142e-01 1.00034557786603e+05 
1.24344938148667e-01 1.00034131148481e+05 
1.24496391589264e-01 1.00033477912950e+05 
1.24647849541624e-01 1.00032909544768e+05 
1.24799331203317e-01 1.00032421492002e+05 
1.24950830744242e-01 1.00032247655072e+05 
1.25102357321484e-01 1.00032308880562e+05 
1.25253887718026e-01 1.00032268440805e+05 
1.25405414529495e-01 1.00032074271805e+05 
1.25556946888379e-01 1.00032239152331e+05 
1.25708503756190e-01 1.00032533860421e+05 
1.25860078714877e-01 1.00033180722192e+05 
1.26011681275191e-01 1.00034539527536e+05 
1.26163287608346e-01 1.00035170230736e+05 
1.26314890166773e-01 1.00035733227812e+05 
1.26466498124883e-01 1.00037174851957e+05 
1.26618130256795e-01 1.00038569183888e+05 
1.26769779820867e-01 1.00040216546563e+05 
1.26921457051871e-01 1.00042525043757e+05 
1.27073138117631e-01 1.00044926583587e+05 
1.27224815697671e-01 1.00047249783917e+05 
1.27376499155035e-01 1.00049983164662e+05 
1.27528207453938e-01 1.00052794034331e+05 
1.27679933108232e-01 1.00055914268112e+05 
1.27831687502595e-01 1.00059967676353e+05 
1.27983446580882e-01 1.00063438413917e+05 
1.28135203407689e-01 1.00066921449278e+05 
1.28286967292929e-01 1.00070427110256e+05 
1.28438757008159e-01 1.00073931511671e+05 
1.28590563553242e-01 1.00077357273534e+05 
1.28742399316306e-01 1.00081013317242e+05 
1.28894240003148e-01 1.00084096562003e+05 
1.29046078848707e-01 1.00086660970524e+05 
1.29197926324948e-01 1.00089709093880e+05 
1.29349801484015e-01 1.00092669463410e+05 
1.29501694014862e-01 1.00095819902365e+05 
1.29653617195422e-01 1.00098421242034e+05 
1.29805546794719e-01 1.00101419049126e+05 
1.29957475462563e-01 1.00103963476064e+05 
1.30109413968167e-01 1.00106176016024e+05 
1.30261380804177e-01 1.00108437890114e+05 
1.30413363857830e-01 1.00111259277558e+05 
1.30565377005016e-01 1.00113656833027e+05 
1.30717396395130e-01 1.00116342443570e+05 
1.30869414581688e-01 1.00118833849453e+05 
1.31021443535996e-01 1.00121249098674e+05 
1.31173502033306e-01 1.00123811424719e+05 
1.31325576912265e-01 1.00127224831938e+05 
1.31477683261869e-01 1.00130609870936e+05 
1.31629798227217e-01 1.00134114255940e+05 
1.31781915090539e-01 1.00137382699275e+05 
1.31934046724610e-01 1.00140671414908e+05 
1.32086211994936e-01 1.00143940223821e+05 
1.32238399873516e-01 1.00147647069318e+05 
1.32390627550897e-01 1.00151188267049e+05 
1.32542868452920e-01 1.00154836675610e+05 
1.32695121461917e-01 1.00158306831998e+05 
1.32847392869115e-01 1.00161876079361e+05 
1.32999692235326e-01 1.00165462970505e+05 
1.33152011854577e-01 1.00169581548475e+05 
1.33304370038266e-01 1.00173760329813e+05 
1.33456742699947e-01 1.00178071774754e+05 
1.33609129125702e-01 1.00182209578271e+05 
1.33761540962932e-01 1.00186357418539e+05 
1.33913988615372e-01 1.00190440091642e+05 
1.34066459955506e-01 1.00194433465592e+05 
1.34218972137819e-01 1.00198686373508e+05 
1.34371501886457e-01 1.00203289188097e+05 
1.34524043117132e-01 1.00207403895295e+05 
1.34676608432174e-01 1.00211043374628e+05 
1.34829211599121e-01 1.00214630131985e+05 
1.34981838518252e-01 1.00219175227270e+05 
1.35134507404097e-01 1.00222993492946e+05 
1.35287196959109e-01 1.00226965471631e+05 
1.35439899754708e-01 1.00230534861186e+05 
1.35592628535670e-01 1.00233808547153e+05 
1.35745398492254e-01 1.00236698075113e+05 
1.35898193884513e-01 1.00239709415857e+05 
1.36051032780354e-01 1.00242498793085e+05 
1.36203894353338e-01 1.00245031799053e+05 
1.36356770260153e-01 1.00247272139177e+05 
1.36509672864254e-01 1.00249123028422e+05 
1.36662617867533e-01 1.00250468895830e+05 
1.36815588045061e-01 1.00251803720463e+05 
1.36968600842402e-01 1.00252470816325e+05 
1.37121635756419e-01 1.00252634547203e+05 
1.37274684378428e-01 1.00252263231503e+05 
1.37427759890620e-01 1.00251327266002e+05 
1.37580880184356e-01 1.00249838859442e+05 
1.37734025193340e-01 1.00248423034735e+05 
1.37887214429684e-01 1.00246537143411e+05 
1.38040429289057e-01 1.00244303529475e+05 
1.38193660464088e-01 1.00241830662569e+05 
1.38346920678424e-01 1.00239390525528e+05 
1.38500189588885e-01 1.00236820010640e+05 
1.38653434451499e-01 1.00234630307233e+05 
1.38806688209189e-01 1.00232500038810e+05 
1.38959977405841e-01 1.00230593251505e+05 
1.39113287283869e-01 1.00228945655970e+05 
1.39266606823732e-01 1.00227618655817e+05 
1.39419920840468e-01 1.00226278725450e+05 
1.39573212078127e-01 1.00225662693335e+05 
1.39726514654357e-01 1.00225057816916e+05 
1.39879855288396e-01 1.00224878722757e+05 
1.40033219281179e-01 1.00224918002400e+05 
1.40186594900623e-01 1.00225205550581e+05 
1.40339967428926e-01 1.00225693207478e+05 
1.40493318348713e-01 1.00226712897422e+05 
1.40646682155210e-01 1.00227812135509e+05 
1.40800085377868e-01 1.00228289346004e+05 
1.40953513088414e-01 1.00228689291848e+05 
1.41106953342826e-01 1.00229189150685e+05 
1.41260392668633e-01 1.00229506418504e+05 
1.41413812062188e-01 1.00229430922880e+05 
1.41567246214792e-01 1.00229599851260e+05 
1.41720721540394e-01 1.00229598643051e+05 
1.41874223166617e-01 1.00229656737338e+05 
1.42027739089342e-01 1.00230108037276e+05 
1.42181256994581e-01 1.00230615519647e+05 
1.42334757113059e-01 1.00230987377046e+05 
1.42488274178507e-01 1.00231720339461e+05 
1.42641834067050e-01 1.00232452661168e+05 
1.42795421715729e-01 1.00233409055292e+05 
1.42949024612338e-01 1.00234877085036e+05 
1.43102631152314e-01 1.00236557573086e+05 
1.43256220958761e-01 1.00238545619059e+05 
1.43409828912821e-01 1.00240589676439e+05 
1.43563480151093e-01 1.00242837899651e+05 
1.43717159649717e-01 1.00245113289683e+05 
1.43870854047186e-01 1.00246806062099e+05 
1.44024552283111e-01 1.00247710864570e+05 
1.44178234465101e-01 1.00248223756974e+05 
1.44331936776924e-01 1.00247967696915e+05 
1.44485684275104e-01 1.00247165252246e+05 
1.44639462330546e-01 1.00246421245543e+05 
1.44793257111432e-01 1.00245423241643e+05 
1.44947057540854e-01 1.00243997205421e+05 
1.45100844018583e-01 1.00242324046299e+05 
1.45254654030849e-01 1.00239765687193e+05 
1.45408512438135e-01 1.00236703528279e+05 
1.45562404955123e-01 1.00233114626015e+05 
1.45716316484354e-01 1.00229042021803e+05 
1.45870235261091e-01 1.00224571712764e+05 
1.46024141946160e-01 1.00219774093394e+05 
1.46178075121280e-01 1.00214288496465e+05 
1.46332058949984e-01 1.00208375735454e+05 
1.46486079498611e-01 1.00202120044344e+05 
1.46640120739417e-01 1.00195321669080e+05 
1.46794169844857e-01 1.00187960654731e+05 
1.46948207305017e-01 1.00180595201590e+05 
1.47102272387466e-01 1.00172782033901e+05 
1.47256388494479e-01 1.00164249257406e+05 
1.47410542434763e-01 1.00155632378536e+05 
1.47564718204163e-01 1.00146828174209e+05 
1.47718901653322e-01 1.00137483725491e+05 
1.47873073189229e-01 1.00127529812042e+05 
1.48027272878348e-01 1.00117527735625e+05 
1.48181523481643e-01 1.00107047349953e+05 
1.48335807364218e-01 1.00096304316159e+05 
1.48490065230263e-01 1.00085416121027e+05 
1.48644328588175e-01 1.00074139993117e+05 
1.48798604878425e-01 1.00062577648463e+05 
1.48952918448389e-01 1.00050709000594e+05 
1.49107240717226e-01 1.00038492290288e+05 
1.49261579005904e-01 1.00026099861581e+05 
1.49415893405234e-01 1.00013710320911e+05 
1.49570218485935e-01 1.00001135172331e+05 
1.49724562313453e-01 9.99879539946957e+04 
1.49878948522631e-01 9.99753723180394e+04 
1.50033345099256e-01 9.99626249091867e+04 
1.50187759639058e-01 9.99499376599395e+04 
1.50342150590897e-01 9.99374588254765e+04 
1.50496551961998e-01 9.99250247498919e+04 
1.50650970700175e-01 9.99122174166318e+04 
1.50805430161616e-01 9.99000662834935e+04 
1.50959897761253e-01 9.98875071304448e+04 
1.51114381163705e-01 9.98755771084951e+04 
1.51268839252667e-01 9.98639405852292e+04 
1.51423306482372e-01 9.98523721220096e+04 
1.51577790357474e-01 9.98406793358199e+04 
1.51732316484006e-01 9.98294332732976e+04 
1.51886853026479e-01 9.98179608029259e+04 
1.52041407808929e-01 9.98067435725300e+04 
1.52195939650249e-01 9.97960354542106e+04 
1.52350483249257e-01 9.97853447871553e+04 
1.52505045889763e-01 9.97749708820043e+04 
1.52659654027059e-01 9.97645296876562e+04 
1.52814275442228e-01 9.97546019784700e+04 
1.52968917854706e-01 9.97449995247678e+04 
1.53123539916726e-01 9.97356270623669e+04 
1.53278176056158e-01 9.97264488156937e+04 
1.53432833264792e-01 9.97183931146204e+04 
1.53587538555334e-01 9.97099643262533e+04 
1.53742259299263e-01 9.97024180261397e+04 
1.53897003401591e-01 9.96947988402912e+04 
1.54051729983167e-01 9.96876970475520e+04 
1.54206473082855e-01 9.96810257837968e+04 
1.54361239495759e-01 9.96753259506664e+04 
1.54516057718389e-01 9.96696183748451e+04 
1.54670894624415e-01 9.96644159971288e+04 
1.54825757985501e-01 9.96595973302480e+04 
1.54980607571107e-01 9.96548513890571e+04 
1.55135476395508e-01 9.96505345026426e+04 
1.55290370308137e-01 9.96469788015005e+04 
1.55445317664692e-01 9.96437765267986e+04 
1.55600284689799e-01 9.96406854021577e+04 
1.55755278829854e-01 9.96379967822633e+04 
1.55910261364714e-01 9.96351422061010e+04 
1.56065264353646e-01 9.96328548631002e+04 
1.56220292177768e-01 9.96310743229300e+04 
1.56375373838998e-01 9.96295734347267e+04 
1.56530476157395e-01 9.96279213327995e+04 
1.56685606258313e-01 9.96266898278992e+04 
1.56840727382343e-01 9.96252929504274e+04 
1.56995871410705e-01 9.96238458772104e+04 
1.57151041624436e-01 9.96226881694435e+04 
1.57306268336881e-01 9.96211420031502e+04 
1.57461519688928e-01 9.96198820411369e+04 
1.57616802076980e-01 9.96182456164926e+04 
1.57772080430646e-01 9.96168193537488e+04 
1.57927386146498e-01 9.96155838602131e+04 
1.58082720228537e-01 9.96148207249909e+04 
1.58238110908579e-01 9.96135436842308e+04 
1.58393525516716e-01 9.96123891393081e+04 
1.58548969640756e-01 9.96114641107780e+04 
1.58704410557404e-01 9.96107974759922e+04 
1.58859878011528e-01 9.96100437296286e+04 
1.59015370785219e-01 9.96094999016624e+04 
1.59170918521457e-01 9.96090068756430e+04 
1.59326490771595e-01 9.96086187162932e+04 
1.59482092267573e-01 9.96086618623408e+04 
1.59637692192103e-01 9.96088074380000e+04 
1.59793319521506e-01 9.96091605651777e+04 
1.59948971971021e-01 9.96098597663975e+04 
1.60104680118791e-01 9.96106339433163e+04 
1.60260414790249e-01 9.96116390517305e+04 
1.60416180380697e-01 9.96129664086358e+04 
1.60571946497832e-01 9.96142912553555e+04 
1.60727741888664e-01 9.96156223329203e+04 
1.60883563476985e-01 9.96169413179418e+04 
1.61039441080472e-01 9.96181174303808e+04 
1.61195345788036e-01 9.96194590466697e+04 
1.61351282164647e-01 9.96212105649940e+04 
1.61507220147600e-01 9.96230171564616e+04 
1.61663187935799e-01 9.96249738722567e+04 
1.61819181401037e-01 9.96269455466081e+04 
1.61975230430716e-01 9.96288828842722e+04 
1.62131306230546e-01 9.96311024168486e+04 
1.62287413435820e-01 9.96338129992046e+04 
1.62443522293318e-01 9.96366113880331e+04 
1.62599660282919e-01 9.96395514190130e+04 
1.62755822480434e-01 9.96425378846906e+04 
1.62912039452697e-01 9.96454635263787e+04 
1.63068282579360e-01 9.96485982533063e+04 
1.63224556486871e-01 9.96522040206712e+04 
1.63380831927984e-01 9.96559601530706e+04 
1.63537136028208e-01 9.96598575838458e+04 
1.63693463490549e-01 9.96638375822253e+04 
1.63849845578793e-01 9.96678091195301e+04 
1.64006253844394e-01 9.96720185819107e+04 
1.64162692471544e-01 9.96766570105257e+04 
1.64319132360723e-01 9.96814814840281e+04 
1.64475600343388e-01 9.96864448346848e+04 
1.64632090730895e-01 9.96915178554055e+04 
1.64788635105567e-01 9.96966723282386e+04 
1.64945205185993e-01 9.97020345101291e+04 
1.65101804788347e-01 9.97079334539944e+04 
1.65258405073731e-01 9.97138151315272e+04 
1.65415032816707e-01 9.97199925805062e+04 
1.65571663434108e-01 9.97266970448841e+04 
1.65728351769217e-01 9.97332753764090e+04 
1.65885079841448e-01 9.97402848772589e+04 
1.66041836806609e-01 9.97474179205321e+04 
1.66198594029061e-01 9.97546050736763e+04 
1.66355357910148e-01 9.97622258335001e+04 
1.66512093927629e-01 9.97697917573549e+04 
1.66668886274129e-01 9.97772599584258e+04 
1.66825724394801e-01 9.97846951652967e+04 
1.66982591736242e-01 9.97923723866652e+04 
1.67139462954815e-01 9.98003465899750e+04 
1.67296329157028e-01 9.98083665758693e+04 
1.67453167496195e-01 9.98164326682412e+04 
1.67610060958082e-01 9.98240538317868e+04 
1.67766999601555e-01 9.98315409356248e+04 
1.67923966117502e-01 9.98393474908088e+04 
1.68080936307495e-01 9.98471369887636e+04 
1.68237901794094e-01 9.98549078548379e+04 
1.68394839424314e-01 9.98624775944170e+04 
1.68551831209938e-01 9.98697912957622e+04 
1.68708867500974e-01 9.98772685164169e+04 
1.68865929918839e-01 9.98844034892404e+04 
1.69022995120458e-01 9.98915267774435e+04 
1.69180055319506e-01 9.98984928378076e+04 
1.69337086995341e-01 9.99056238647689e+04 
1.69494172282372e-01 9.99120813835342e+04 
1.69651301077936e-01 9.99187157540632e+04 
1.69808454161300e-01 9.99251866298709e+04 
1.69965608536511e-01 9.99313376036593e+04 
1.70122757524964e-01 9.99374375281649e+04 
1.70279877825867e-01 9.99436749586619e+04 
1.70437052416503e-01 9.99495114303695e+04 
1.70594270279545e-01 9.99555196485400e+04 
1.70751511871645e-01 9.99616320884799e+04 
1.70908754121530e-01 9.99674902704021e+04 
1.71065990860464e-01 9.99733352542161e+04 
1.71223199536768e-01 9.99793453378063e+04 
1.71380463387888e-01 9.99850818919676e+04 
1.71537770956454e-01 9.99908412860829e+04 
1.71695102090906e-01 9.99966271351913e+04 
1.71852359952875e-01 1.00002385660814e+05 
1.72009586651185e-01 1.00008017951794e+05 
1.72166782544308e-01 1.00013368226009e+05 
1.72323992799446e-01 1.00018665361662e+05 
1.72481126646518e-01 1.00023495015964e+05 
1.72638267823607e-01 1.00028344035247e+05 
1.72795335066483e-01 1.00033192371206e+05 
1.72952372447175e-01 1.00037803769933e+05 
1.73109382964083e-01 1.00042152213558e+05 
1.73266407035884e-01 1.00046471037964e+05 
1.73423360956605e-01 1.00050563390461e+05 
1.73580322887485e-01 1.00054705958526e+05 
1.73737218913977e-01 1.00058918772244e+05 
1.73894087419606e-01 1.00063080396727e+05 
1.74050934455623e-01 1.00067150854923e+05 
1.74207794557324e-01 1.00071310269757e+05 
1.74364592165560e-01 1.00075429171712e+05 
1.74521399094896e-01 1.00079778445386e+05 
1.74678149204380e-01 1.00084349357226e+05 
1.74834874471112e-01 1.00089100528659e+05 
1.74991583561666e-01 1.00094341593515e+05 
1.75148305708816e-01 1.00099747044203e+05 
1.75304971826753e-01 1.00105279858425e+05 
1.75461648776707e-01 1.00110970574483e+05 
1.75618275724833e-01 1.00116778886833e+05 
1.75774879960819e-01 1.00122687874835e+05 
1.75931471588969e-01 1.00128824443037e+05 
1.76088076731127e-01 1.00134906472335e+05 
1.76244630255380e-01 1.00141004533183e+05 
1.76401195868427e-01 1.00146878696749e+05 
1.76557715744248e-01 1.00152577521692e+05 
1.76714214675519e-01 1.00158023652029e+05 
1.76870703052912e-01 1.00163402640969e+05 
1.77027205765954e-01 1.00168425105866e+05 
1.77183660048459e-01 1.00173151133792e+05 
1.77340127488902e-01 1.00177579178340e+05 
1.77496551861249e-01 1.00181721951688e+05 
1.77652954221371e-01 1.00185516493768e+05 
1.77809344626446e-01 1.00189182896640e+05 
1.77965755988475e-01 1.00192488575116e+05 
1.78122108646102e-01 1.00195398888655e+05 
1.78278488058930e-01 1.00197784596152e+05 
1.78434821427891e-01 1.00199932988923e+05 
1.78591136917157e-01 1.00201738862023e+05 
1.78747452121889e-01 1.00203663079544e+05 
1.78903791261075e-01 1.00204861239315e+05 
1.79060086788298e-01 1.00205711573282e+05 
1.79216414254052e-01 1.00206423071792e+05 
1.79372712356339e-01 1.00206807267739e+05 
1.79528996417518e-01 1.00206975190126e+05 
1.79685292084266e-01 1.00207002915531e+05 
1.79841615786899e-01 1.00206743793875e+05 
1.79997903767157e-01 1.00206454999865e+05 
1.80154224761220e-01 1.00206140600048e+05 
1.80310523473957e-01 1.00205664412713e+05 
1.80466815434149e-01 1.00205174809401e+05 
1.80623118445645e-01 1.00204598424362e+05 
1.80779447864123e-01 1.00203980539249e+05 
1.80935748321115e-01 1.00203507673530e+05 
1.81092075778272e-01 1.00202924698837e+05 
1.81248379990051e-01 1.00202527828526e+05 
1.81404679357656e-01 1.00202122022702e+05 
1.81560981946784e-01 1.00202190631536e+05 
1.81717310025413e-01 1.00202260891308e+05 
1.81873603833687e-01 1.00202382482228e+05 
1.82029918402759e-01 1.00202580822310e+05 
1.82186201067087e-01 1.00203143172819e+05 
1.82342475313712e-01 1.00203920444712e+05 
1.82498745517198e-01 1.00205451690086e+05 
1.82655037153347e-01 1.00207232426904e+05 
1.82811293710909e-01 1.00209134788917e+05 
1.82967567890248e-01 1.00210939952584e+05 
1.83123812321891e-01 1.00213054724384e+05 
1.83280047462499e-01 1.00215327998513e+05 
1.83436281313646e-01 1.00218275649132e+05 
1.83592536557406e-01 1.00221349232142e+05 
1.83748762145973e-01 1.00224539699974e+05 
1.83905008327034e-01 1.00227498166992e+05 
1.84061231609859e-01 1.00230585897333e+05 
1.84217448514199e-01 1.00233606835179e+05 
1.84373669815780e-01 1.00236942347813e+05 
1.84529915722704e-01 1.00240116624373e+05 
1.84686135801241e-01 1.00242970772031e+05 
1.84842381122874e-01 1.00245245308669e+05 
1.84998606379930e-01 1.00247277436685e+05 
1.85154827558911e-01 1.00248849344779e+05 
1.85311055473822e-01 1.00250643937685e+05 
1.85467311581011e-01 1.00251702698367e+05 
1.85623542460952e-01 1.00252190325496e+05 
1.85779801143110e-01 1.00251983640526e+05 
1.85936039123803e-01 1.00250508781195e+05 
1.86092275661811e-01 1.00248613122428e+05 
1.86248518949763e-01 1.00246725554653e+05 
1.86404792951450e-01 1.00244956979306e+05 
1.86561044493889e-01 1.00243012765194e+05 
1.86717324172777e-01 1.00240565772798e+05 
1.86873583816417e-01 1.00237900125870e+05 
1.87029844500902e-01 1.00235020184368e+05 
1.87186111770543e-01 1.00232374567391e+05 
1.87342410779223e-01 1.00229475525962e+05 
1.87498689406187e-01 1.00226333885645e+05 
1.87654995706247e-01 1.00222576881421e+05 
1.87811282329518e-01 1.00218625270078e+05 
1.87967571373679e-01 1.00214450457686e+05 
1.88123866070021e-01 1.00210622861576e+05 
1.88280193146848e-01 1.00206603208248e+05 
1.88436500040951e-01 1.00202474877892e+05 
1.88592834454962e-01 1.00197737857928e+05 
1.88749146369717e-01 1.00192841938177e+05 
1.88905461173527e-01 1.00187880742157e+05 
1.89061778505806e-01 1.00182970039478e+05 
1.89218130790574e-01 1.00177968285106e+05 
1.89374460446082e-01 1.00172867622112e+05 
1.89530818935709e-01 1.00167416318880e+05 
1.89687150132780e-01 1.00161843950171e+05 
1.89843486290607e-01 1.00156195438369e+05 
1.89999822447235e-01 1.00151174287571e+05 
1.90156197612815e-01 1.00146218330154e+05 
1.90312550203179e-01 1.00141338289864e+05 
1.90468933292156e-01 1.00135965201850e+05 
1.90625286374375e-01 1.00130603908034e+05 
1.90781648634312e-01 1.00125269530629e+05 
1.90938009210894e-01 1.00120493133312e+05 
1.91094413590932e-01 1.00115749679419e+05 
1.91250796933847e-01 1.00110999067732e+05 
1.91407212440431e-01 1.00105662333776e+05 
1.91563597267527e-01 1.00100239168647e+05 
1.91719995634557e-01 1.00094779249687e+05 
1.91876393597134e-01 1.00089747156005e+05 
1.92032837342728e-01 1.00084705940619e+05 
1.92189262591950e-01 1.00079489903751e+05 
1.92345721034518e-01 1.00073599801469e+05 
1.92502151562035e-01 1.00067685120726e+05 
1.92658595586336e-01 1.00061689337718e+05 
1.92815041451842e-01 1.00056173848763e+05 
1.92971532231549e-01 1.00050721212747e+05 
1.93128004043916e-01 1.00045168536201e+05 
1.93284508868779e-01 1.00039101319642e+05 
1.93440985089164e-01 1.00033120104382e+05 
1.93597472139076e-01 1.00027238232835e+05 
1.93753960655313e-01 1.00021967600103e+05 
1.93910491574324e-01 1.00016978962255e+05 
1.94067000416034e-01 1.00012237945906e+05 
1.94223539956817e-01 1.00007283029219e+05 
1.94380047866359e-01 1.00002546342298e+05 
1.94536563881884e-01 9.99985390899568e+04 
1.94693078572590e-01 9.99953527432329e+04 
1.94849633049366e-01 9.99926215442144e+04 
1.95006163288114e-01 9.99905286799116e+04 
1.95162720994829e-01 9.99882091911471e+04 
1.95319244992541e-01 9.99855208983175e+04 
1.95475776640627e-01 9.99837984717775e+04 
1.95632304741315e-01 9.99831965301812e+04 
1.95788871060131e-01 9.99834244052962e+04 
1.95945414886894e-01 9.99841978634270e+04 
1.96101984129555e-01 9.99851748298052e+04 
1.96258522055946e-01 9.99867159255296e+04 
1.96415068942316e-01 9.99888508175322e+04 
1.96571613479896e-01 9.99924518548099e+04 
1.96728195483283e-01 9.99966865110654e+04 
1.96884758654916e-01 1.00001185131757e+05 
1.97041347306775e-01 1.00005707032107e+05 
1.97197908567188e-01 1.00010700836772e+05 
1.97354479276792e-01 1.00015923685105e+05 
1.97511049925901e-01 1.00022052715314e+05 
1.97667657643870e-01 1.00028841855577e+05 
1.97816408588215e-01 1.00035780702189e+05 
1.97970311852800e-01 1.00043119023964e+05 
1.98126788450726e-01 1.00051048481988e+05 
1.98283385779886e-01 1.00059320156917e+05 
1.98439983340023e-01 1.00068216631500e+05 
1.98596617582204e-01 1.00077321209978e+05 
1.98753231795633e-01 1.00086522247886e+05 
1.98909873027198e-01 1.00095444402731e+05 
1.99066485468524e-01 1.00104371352913e+05 
1.99223104307708e-01 1.00113228742982e+05 
1.99379722685370e-01 1.00122347143078e+05 
1.99536377417302e-01 1.00131366951722e+05 
1.99693009567757e-01 1.00140300113870e+05 
1.99849668911585e-01 1.00148811259129e+05 
2.00006296081266e-01 1.00157030842271e+05 
2.00162925514209e-01 1.00165050034377e+05 
