# Liste des scalaires : TEMPS pmat 
0.00000000000000e+00 1.00000000000000e+05 
5.42217668469038e-05 1.00000000000000e+05 
1.01537284893515e-04 1.00000000000000e+05 
1.48798532005761e-04 1.00000000000000e+05 
1.94742832615231e-04 1.00000000000000e+05 
2.41598096354857e-04 1.00000000000000e+05 
2.89164871329208e-04 1.00000000000000e+05 
3.36899397508411e-04 1.00000000000000e+05 
3.84948214272683e-04 1.00000000000000e+05 
4.33845567255783e-04 1.00000000000000e+05 
4.83796028740861e-04 1.00000000000000e+05 
5.33857661492966e-04 1.00000000000000e+05 
5.84707799507432e-04 1.00000000000000e+05 
6.36965641705222e-04 1.00000000000000e+05 
6.89700297650561e-04 1.00000000000000e+05 
7.42898734847096e-04 1.00000000000000e+05 
7.97302173920197e-04 1.00000000000000e+05 
8.53633730064706e-04 1.00000000000000e+05 
9.10328657581613e-04 1.00000000000000e+05 
9.67746568323156e-04 1.00000000000000e+05 
1.02664455909672e-03 1.00000000000000e+05 
1.08774410694763e-03 1.00000000000000e+05 
1.14899469143419e-03 1.00000000000000e+05 
1.21123482754546e-03 1.00000000000000e+05 
1.27527841683719e-03 1.00000000000000e+05 
1.34179975154707e-03 1.00000000000000e+05 
1.40873168656818e-03 1.00000000000000e+05 
1.47671770948138e-03 1.00000000000000e+05 
1.54652884204457e-03 1.00000000000000e+05 
1.61802127265447e-03 1.00000000000000e+05 
1.69097270541310e-03 1.00000000000000e+05 
1.76569341161478e-03 1.00000000000000e+05 
1.84181211206359e-03 1.00000000000000e+05 
1.91912081710388e-03 1.00000000000000e+05 
1.99766622612785e-03 1.00000000000000e+05 
2.07760043579381e-03 1.00000000000000e+05 
2.15583872679528e-03 1.00000000000000e+05 
2.23535287326842e-03 1.00000000000000e+05 
2.31619481907095e-03 1.00000000000000e+05 
2.39833546761382e-03 1.00000000000000e+05 
2.48218761625113e-03 1.00000000000000e+05 
2.56794751895787e-03 1.00000000000000e+05 
2.64923374735296e-03 1.00000000000000e+05 
2.73171435342617e-03 1.00000000000000e+05 
2.81558344251378e-03 1.00000000000000e+05 
2.90082716649603e-03 1.00000000000000e+05 
2.98760174011545e-03 1.00000000000000e+05 
3.07585533916396e-03 1.00000000000000e+05 
3.16593505918552e-03 1.00000000000000e+05 
3.25809414399967e-03 1.00000000000000e+05 
3.34626808335006e-03 1.00000000000000e+05 
3.43564144868341e-03 1.00000000000000e+05 
3.52630957591846e-03 1.00000000000000e+05 
3.61811074291590e-03 1.00000000000000e+05 
3.71140989974764e-03 1.00000000000000e+05 
3.80590139279594e-03 1.00000000000000e+05 
3.90158352003187e-03 1.00000000000000e+05 
3.99834839885634e-03 1.00000000000000e+05 
4.09624498930106e-03 1.00000000000000e+05 
4.19525760383352e-03 1.00000000000000e+05 
4.29546993099795e-03 1.00000000000000e+05 
4.39702180202744e-03 1.00000000000000e+05 
4.49975020865238e-03 1.00000000000000e+05 
4.60367487577961e-03 1.00000000000000e+05 
4.70643743626307e-03 1.00000000000000e+05 
4.81040109351319e-03 1.00000000000000e+05 
4.91578107255415e-03 1.00000000000000e+05 
5.02255411317669e-03 1.00000000000000e+05 
5.13092848002447e-03 1.00000000000000e+05 
5.24093515797183e-03 1.00000000000000e+05 
5.35029992497745e-03 1.00000000000000e+05 
5.45906291198064e-03 1.00000000000000e+05 
5.56727682415540e-03 1.00000000000000e+05 
5.67509083555306e-03 1.00000000000000e+05 
5.78249672208886e-03 1.00000000000000e+05 
5.88974795928711e-03 1.00000000000000e+05 
5.99686551638652e-03 1.00000000000000e+05 
6.10394495697144e-03 1.00000000000000e+05 
6.21115471533126e-03 1.00000000000000e+05 
6.31853564397817e-03 1.00000000000000e+05 
6.42603871979604e-03 1.00000000000000e+05 
6.53376890954336e-03 1.00000000000000e+05 
6.64168225456148e-03 1.00000000000000e+05 
6.74978466687745e-03 1.00000000000000e+05 
6.85818613657619e-03 1.00000000000000e+05 
6.96687366753678e-03 1.00000000000000e+05 
7.07582214399385e-03 1.00000000000000e+05 
7.18505660058394e-03 1.00000000000000e+05 
7.29447580790926e-03 1.00000000000000e+05 
7.40403258849978e-03 1.00000000000000e+05 
7.51375492375086e-03 1.00000000000000e+05 
7.62363486705029e-03 1.00000000000000e+05 
7.73375308419987e-03 1.00000000000000e+05 
7.84424742480543e-03 1.00000000000000e+05 
7.95494008316738e-03 1.00000000000000e+05 
8.06585221065785e-03 1.00000000000000e+05 
8.17705482641237e-03 1.00000000000000e+05 
8.28838904276086e-03 1.00000000000000e+05 
8.39975660235285e-03 1.00000000000000e+05 
8.51119143980476e-03 1.00000000000000e+05 
8.62271772320794e-03 1.00000000000000e+05 
8.73437731785049e-03 1.00000000000000e+05 
8.84626377506474e-03 1.00000000000000e+05 
8.95821890563857e-03 1.00000000000000e+05 
9.07026608973831e-03 1.00000000000000e+05 
9.18242658846048e-03 1.00000000000000e+05 
9.29469801700779e-03 1.00000000000000e+05 
9.40708070901738e-03 1.00000000000000e+05 
9.51961240597115e-03 1.00000000000000e+05 
9.63211300404692e-03 1.00000000000000e+05 
9.74456678095124e-03 1.00000000000000e+05 
9.85698910051719e-03 1.00000000000000e+05 
9.96938366036702e-03 1.00000000000000e+05 
1.00817378130586e-02 1.00000000000000e+05 
1.01940735310665e-02 1.00000000000000e+05 
1.03063941280637e-02 1.00000000000000e+05 
1.04181456639137e-02 1.00000000000000e+05 
1.05305567265300e-02 1.00000000000000e+05 
1.06429998985813e-02 1.00000000000000e+05 
1.07553690254823e-02 1.00000000000000e+05 
1.08676610060642e-02 1.00000000000000e+05 
1.09800872540420e-02 1.00000000000000e+05 
1.10927705281389e-02 1.00000000000000e+05 
1.12057851851401e-02 1.00000000000000e+05 
1.13190391180635e-02 1.00000000000000e+05 
1.14324561025275e-02 1.00000000000000e+05 
1.15459916942351e-02 1.00000000000000e+05 
1.16596579855764e-02 1.00000000000000e+05 
1.17734631590429e-02 1.00000000000000e+05 
1.18874171081472e-02 1.00000000000000e+05 
1.20004730913306e-02 1.00000000000000e+05 
1.21135900133481e-02 1.00000000000000e+05 
1.22267687810777e-02 1.00000000000000e+05 
1.23399984540439e-02 1.00000000000000e+05 
1.24532921997914e-02 1.00000000000000e+05 
1.25666427747651e-02 1.00000000000000e+05 
1.26800394882887e-02 1.00000000000000e+05 
1.27934808686232e-02 1.00000000000000e+05 
1.29069704295172e-02 1.00000000000000e+05 
1.30204943458350e-02 1.00000000000000e+05 
1.31340075600722e-02 1.00000000000000e+05 
1.32474866580243e-02 1.00000000000000e+05 
1.33609538209123e-02 1.00000000000000e+05 
1.34743466257124e-02 1.00000000000000e+05 
1.35876330971177e-02 1.00000000000000e+05 
1.37008708149254e-02 1.00000000000000e+05 
1.38140950466800e-02 1.00000000000000e+05 
1.39272959905472e-02 1.00000000000000e+05 
1.40405190783530e-02 1.00000000000000e+05 
1.41536884311623e-02 1.00000000000000e+05 
1.42663072757389e-02 1.00000000000000e+05 
1.43788719270372e-02 1.00000000000000e+05 
1.44907684520510e-02 1.00000000000000e+05 
1.46026217687285e-02 1.00000000000000e+05 
1.47144689478787e-02 1.00000000000000e+05 
1.48263230506309e-02 1.00000000000000e+05 
1.49381671589959e-02 1.00000000000000e+05 
1.50500006461524e-02 1.00000000000000e+05 
1.51618393054471e-02 1.00000000000000e+05 
1.52736676205431e-02 1.00000000000000e+05 
1.53855062075348e-02 1.00000000000000e+05 
1.54973544650787e-02 1.00000000000000e+05 
1.56091838780014e-02 1.00000000000000e+05 
1.57209849194887e-02 1.00000000000000e+05 
1.58327684709574e-02 1.00000000000000e+05 
1.59445198564855e-02 1.00000000000000e+05 
1.60562614116030e-02 1.00000000000000e+05 
1.61679927678156e-02 1.00000000000000e+05 
1.62796864646968e-02 1.00000000000000e+05 
1.63913303645900e-02 1.00000000000000e+05 
1.65029337563144e-02 1.00000000000000e+05 
1.66144875713097e-02 1.00000000000000e+05 
1.67260137293051e-02 1.00000000000000e+05 
1.68375116390552e-02 1.00000000000000e+05 
1.69489649144073e-02 1.00000000000000e+05 
1.70604082675602e-02 1.00000000000000e+05 
1.71719094700129e-02 1.00000000000000e+05 
1.72834849381467e-02 1.00000000000000e+05 
1.73951627321092e-02 1.00000000000000e+05 
1.75069418695847e-02 1.00000000000000e+05 
1.76188133816964e-02 1.00000000000000e+05 
1.77307560367385e-02 1.00000000000000e+05 
1.78427915766030e-02 1.00000000000000e+05 
1.79548941443679e-02 1.00000000000000e+05 
1.80670645585373e-02 1.00000000000000e+05 
1.81792788977506e-02 1.00000000000000e+05 
1.82915515959674e-02 1.00000000000000e+05 
1.84038843746503e-02 1.00000000000000e+05 
1.85162466162267e-02 1.00000000000000e+05 
1.86285899377776e-02 1.00000000000000e+05 
1.87409034347571e-02 1.00000000000000e+05 
1.88531799225634e-02 1.00000000000000e+05 
1.89654036965607e-02 1.00000000000000e+05 
1.90775791134710e-02 1.00000000000000e+05 
1.91897279068254e-02 1.00000000000000e+05 
1.93018860164985e-02 1.00000000000000e+05 
1.94140803542594e-02 1.00000000000000e+05 
1.95263274077709e-02 1.00000000000000e+05 
1.96386924651899e-02 1.00000000000000e+05 
1.97511732051514e-02 1.00000000000000e+05 
1.98638369439054e-02 1.00000000000000e+05 
1.99766734072688e-02 1.00000000000000e+05 
2.00896415753439e-02 1.00000000000000e+05 
2.02026913646081e-02 1.00000000000000e+05 
2.03159612369760e-02 1.00000000000000e+05 
2.04294615409019e-02 1.00000000000000e+05 
2.05396316860634e-02 1.00000000000000e+05 
2.06512803261796e-02 1.00000000000000e+05 
2.07621116259988e-02 1.00000000000000e+05 
2.08747500390227e-02 1.00000000000000e+05 
2.09889944608031e-02 1.00000000000000e+05 
2.11034604021178e-02 1.00000000000000e+05 
2.12152917024300e-02 1.00000000000000e+05 
2.13288123401624e-02 1.00000000000000e+05 
2.14412402125256e-02 1.00000000000000e+05 
2.15555912565350e-02 1.00000000000000e+05 
2.16704034709376e-02 1.00000000000000e+05 
2.17852723383472e-02 1.00000000000000e+05 
2.18946086061928e-02 1.00000000000000e+05 
2.20047782943778e-02 1.00000000000000e+05 
2.21140899907616e-02 1.00000000000000e+05 
2.22246099692519e-02 1.00000000000000e+05 
2.23385285061065e-02 1.00000000000000e+05 
2.24495296707585e-02 1.00000000000000e+05 
2.25586333711232e-02 1.00000000000000e+05 
2.26685337563252e-02 1.00000000000000e+05 
2.27777417660348e-02 1.00000000000000e+05 
2.28896990914635e-02 1.00000000000000e+05 
2.30010306484950e-02 1.00000000000000e+05 
2.31125277048153e-02 1.00000000000000e+05 
2.32221540446885e-02 1.00000000000000e+05 
2.33327891374509e-02 1.00000000000000e+05 
2.34424868882194e-02 1.00000000000000e+05 
2.35533732526307e-02 1.00000000000000e+05 
2.36653678545759e-02 1.00000000000000e+05 
2.37776726128311e-02 1.00000000000000e+05 
2.38873481163168e-02 1.00000000000000e+05 
2.39979460213269e-02 1.00000000000000e+05 
2.41076174477846e-02 1.00000000000000e+05 
2.42190537371971e-02 1.00000000000000e+05 
2.43315134722546e-02 1.00000000000000e+05 
2.44441278941527e-02 1.00000000000000e+05 
2.45537281312569e-02 1.00000000000000e+05 
2.46642077847346e-02 1.00000000000000e+05 
2.47739043833918e-02 1.00000000000000e+05 
2.48859719548899e-02 1.00000000000000e+05 
2.49991040973707e-02 1.00000000000000e+05 
2.51119527035883e-02 1.00000000000000e+05 
2.52220010910414e-02 1.00000000000000e+05 
2.53325953190646e-02 1.00000000000000e+05 
2.54424433091588e-02 1.00000000000000e+05 
2.55544851065914e-02 1.00000000000000e+05 
2.56678166281353e-02 1.00000000000000e+05 
2.57813445492902e-02 1.00000000000000e+05 
2.58917138697363e-02 1.00000000000000e+05 
2.60069629192584e-02 1.00000000000000e+05 
2.61181237630835e-02 1.00000000000000e+05 
2.62339670385238e-02 1.00000000000000e+05 
2.63492103745681e-02 1.00000000000000e+05 
2.64650206555062e-02 1.00000000000000e+05 
2.65779098280941e-02 1.00000000000000e+05 
2.66949468766839e-02 1.00000000000000e+05 
2.68084930923362e-02 1.00000000000000e+05 
2.69256449997249e-02 1.00000000000000e+05 
2.70428411100441e-02 1.00000000000000e+05 
2.71600443008105e-02 1.00000000000000e+05 
2.72760143461454e-02 1.00000000000000e+05 
2.73932602507177e-02 1.00000000000000e+05 
2.75105593660570e-02 1.00000000000000e+05 
2.76279038203229e-02 1.00000000000000e+05 
2.77452674292700e-02 1.00000000000000e+05 
2.78626263518972e-02 1.00000000000000e+05 
2.79800614757522e-02 1.00000000000000e+05 
2.80975231365932e-02 1.00000000000000e+05 
2.82150439558330e-02 1.00000000000000e+05 
2.83325940829061e-02 1.00000000000000e+05 
2.84501615198071e-02 1.00000000000000e+05 
2.85677758670502e-02 1.00000000000000e+05 
2.86854254409291e-02 1.00000000000000e+05 
2.88031271994975e-02 1.00000000000000e+05 
2.89208454931682e-02 1.00000000000000e+05 
2.90385639293638e-02 1.00000000000000e+05 
2.91562688669952e-02 1.00000000000000e+05 
2.92740531513095e-02 1.00000000000000e+05 
2.93904129200156e-02 1.00000000000000e+05 
2.95079522262232e-02 1.00000000000000e+05 
2.96244603960727e-02 1.00000000000000e+05 
2.97424142718399e-02 1.00000000000000e+05 
2.98601908392836e-02 1.00000000000000e+05 
2.99781517571066e-02 1.00000000000000e+05 
3.00948283122048e-02 1.00000000000000e+05 
3.02127026800056e-02 1.00000000000000e+05 
3.03294988889560e-02 1.00000000000000e+05 
3.04479063163744e-02 1.00000000000000e+05 
3.05670043167411e-02 1.00000000000000e+05 
3.06865111929515e-02 1.00000000000000e+05 
3.08035756188609e-02 1.00000000000000e+05 
3.09220396781655e-02 1.00000000000000e+05 
3.10393712597943e-02 1.00000000000000e+05 
3.11583363389570e-02 1.00000000000000e+05 
3.12789566217622e-02 1.00000000000000e+05 
3.13998600459745e-02 1.00000000000000e+05 
3.15162280934033e-02 1.00000000000000e+05 
3.16335898261686e-02 1.00000000000000e+05 
3.17499746793636e-02 1.00000000000000e+05 
3.18675569205613e-02 1.00000000000000e+05 
3.19863167460587e-02 1.00000000000000e+05 
3.21051747386519e-02 1.00000000000000e+05 
3.22216159901093e-02 1.00000000000000e+05 
3.23390221165252e-02 1.00000000000000e+05 
3.24555571287435e-02 1.00000000000000e+05 
3.25738613798536e-02 1.00000000000000e+05 
3.26933552099970e-02 1.00000000000000e+05 
3.28128114072384e-02 1.00000000000000e+05 
3.29294702439236e-02 1.00000000000000e+05 
3.30471726865083e-02 1.00000000000000e+05 
3.31641696590010e-02 1.00000000000000e+05 
3.32827032206311e-02 1.00000000000000e+05 
3.34023812319433e-02 1.00000000000000e+05 
3.35219975862332e-02 1.00000000000000e+05 
3.36394478638935e-02 1.00000000000000e+05 
3.37579623145124e-02 1.00000000000000e+05 
3.38754941140971e-02 1.00000000000000e+05 
3.39942806460910e-02 1.00000000000000e+05 
3.41140995092116e-02 1.00000000000000e+05 
3.42340087134265e-02 1.00000000000000e+05 
3.43516332447740e-02 1.00000000000000e+05 
3.44702966558499e-02 1.00000000000000e+05 
3.45880947728745e-02 1.00000000000000e+05 
3.47074347328311e-02 1.00000000000000e+05 
3.48279271312566e-02 1.00000000000000e+05 
3.49484516498190e-02 1.00000000000000e+05 
3.50663415897801e-02 1.00000000000000e+05 
3.51852592270432e-02 1.00000000000000e+05 
3.53034065603999e-02 1.00000000000000e+05 
3.54234871411748e-02 1.00000000000000e+05 
3.55450435862777e-02 1.00000000000000e+05 
3.56664175622847e-02 1.00000000000000e+05 
3.57853919220700e-02 1.00000000000000e+05 
3.59078937226761e-02 1.00000000000000e+05 
3.60268435503609e-02 1.00000000000000e+05 
3.61496120869064e-02 1.00000000000000e+05 
3.62728564196270e-02 1.00000000000000e+05 
3.63967652122784e-02 1.00000000000000e+05 
3.65177495929809e-02 1.00000000000000e+05 
3.66423758511164e-02 1.00000000000000e+05 
3.67641262684212e-02 1.00000000000000e+05 
3.68888751665959e-02 1.00000000000000e+05 
3.70137940163961e-02 1.00000000000000e+05 
3.71388862736670e-02 1.00000000000000e+05 
3.72632164637911e-02 1.00000000000000e+05 
3.73890922138806e-02 1.00000000000000e+05 
3.75145554659470e-02 1.00000000000000e+05 
3.76413115369793e-02 1.00000000000000e+05 
3.77684022830646e-02 1.00000000000000e+05 
3.78954183528924e-02 1.00000000000000e+05 
3.80218445741044e-02 1.00000000000000e+05 
3.81489549346954e-02 1.00000000000000e+05 
3.82760944339212e-02 1.00000000000000e+05 
3.84033457384521e-02 1.00000000000000e+05 
3.85307497215070e-02 1.00000000000000e+05 
3.86583080083981e-02 1.00000000000000e+05 
3.87861068372404e-02 1.00000000000000e+05 
3.89141777473233e-02 1.00000000000000e+05 
3.90426960751606e-02 1.00000000000000e+05 
3.91717054868705e-02 1.00000000000000e+05 
3.93009570862086e-02 1.00000000000000e+05 
3.94302825629552e-02 1.00000000000000e+05 
3.95596556972451e-02 1.00000000000000e+05 
3.96892773879922e-02 1.00000000000000e+05 
3.98183353440682e-02 1.00000000000000e+05 
3.99472425512472e-02 1.00000000005325e+05 
4.00760400863135e-02 1.00000000030903e+05 
4.02044338980726e-02 1.00000000090434e+05 
4.03325606852447e-02 1.00000000348057e+05 
4.04605659406889e-02 1.00000000702147e+05 
4.05884681122166e-02 1.00000001347900e+05 
4.07163624563585e-02 1.00000002098303e+05 
4.08442328036812e-02 1.00000002835386e+05 
4.09721917507781e-02 1.00000003575584e+05 
4.11001822439563e-02 1.00000004266907e+05 
4.12286600429839e-02 1.00000005008048e+05 
4.13569528342166e-02 1.00000005770579e+05 
4.14854761563934e-02 1.00000006508881e+05 
4.16141687636626e-02 1.00000007199054e+05 
4.17430396755465e-02 1.00000007845003e+05 
4.18719937881452e-02 1.00000008440567e+05 
4.20011457491316e-02 1.00000008969933e+05 
4.21305188566931e-02 1.00000009438475e+05 
4.22601811695311e-02 1.00000009879838e+05 
4.23900910240179e-02 1.00000010323527e+05 
4.25203252659156e-02 1.00000010837915e+05 
4.26507998933177e-02 1.00000011063426e+05 
4.27815952153343e-02 1.00000011579307e+05 
4.29127321263958e-02 1.00000012899931e+05 
4.30442747918916e-02 1.00000018831593e+05 
4.31762467776495e-02 1.00000049510504e+05 
4.33087057847071e-02 1.00000118715810e+05 
4.34415963674880e-02 1.00000235967786e+05 
4.35750346288621e-02 1.00000403347463e+05 
4.37090094542949e-02 1.00000626282984e+05 
4.38428900525128e-02 1.00000892013055e+05 
4.39766432022951e-02 1.00001199530583e+05 
4.41103871692790e-02 1.00001547302922e+05 
4.42440976413099e-02 1.00001929970766e+05 
4.43776918112825e-02 1.00002341871478e+05 
4.45113727942472e-02 1.00002777439366e+05 
4.46450509583291e-02 1.00003228721361e+05 
4.47786349991650e-02 1.00003688990480e+05 
4.49123092164207e-02 1.00004151548316e+05 
4.50429012056090e-02 1.00004598570897e+05 
4.51765412844472e-02 1.00005044416474e+05 
4.53104944213695e-02 1.00005474860502e+05 
4.54446334493563e-02 1.00005886041992e+05 
4.55787719946743e-02 1.00006263333307e+05 
4.57131112785774e-02 1.00006608708455e+05 
4.58465698452587e-02 1.00006932692309e+05 
4.59809354400324e-02 1.00007228719379e+05 
4.61154850799064e-02 1.00007439499887e+05 
4.62500999856117e-02 1.00007631356640e+05 
4.63846060952384e-02 1.00007827426773e+05 
4.65192670741679e-02 1.00008042143779e+05 
4.66540093172289e-02 1.00008205835282e+05 
4.67886561736232e-02 1.00008269944842e+05 
4.69235249279718e-02 1.00008527745014e+05 
4.70584413965814e-02 1.00008701063182e+05 
4.71932869252921e-02 1.00009018158109e+05 
4.73282570863751e-02 1.00015062540280e+05 
4.74634746894235e-02 1.00048100163428e+05 
4.75987068945852e-02 1.00122758006290e+05 
4.77341896009009e-02 1.00247116803624e+05 
4.78696923033377e-02 1.00429639759433e+05 
4.80053168449409e-02 1.00672066844285e+05 
4.81410512464652e-02 1.00965776950169e+05 
4.82772771173862e-02 1.01312543831524e+05 
4.84136014724484e-02 1.01707055601734e+05 
4.85502135672933e-02 1.02146291055148e+05 
4.86868391181788e-02 1.02623305956371e+05 
4.88236878927356e-02 1.03130231755377e+05 
4.89606361032825e-02 1.03658827197838e+05 
4.90980552179694e-02 1.04202237021454e+05 
4.92356445858062e-02 1.04748041581630e+05 
4.93665315121179e-02 1.05260400031040e+05 
4.95044733024950e-02 1.05774824243958e+05 
4.96428293920005e-02 1.06265373225155e+05 
4.97813258566184e-02 1.06714557148750e+05 
4.99204277859932e-02 1.07124620453547e+05 
5.00598778715200e-02 1.07482255640880e+05 
5.01995903326398e-02 1.07795447856961e+05 
5.03395791860401e-02 1.08000925401115e+05 
5.04799937179251e-02 1.08117686902269e+05 
5.06208033234887e-02 1.08173154458934e+05 
5.07620038041660e-02 1.08190551718549e+05 
5.09037469071841e-02 1.08139557390265e+05 
5.10458080959792e-02 1.08088138202990e+05 
5.11885189604780e-02 1.08018510759553e+05 
5.13314783252694e-02 1.07931245290150e+05 
5.14744386312637e-02 1.07825053085583e+05 
5.16058604636901e-02 1.07715931285145e+05 
5.17447630321487e-02 1.07579973107950e+05 
5.18878033200557e-02 1.07423245908619e+05 
5.20308917778603e-02 1.07254924424082e+05 
5.21706397313581e-02 1.07079505782333e+05 
5.23139107430673e-02 1.06886213185280e+05 
5.24494040015973e-02 1.06695446928567e+05 
5.25928939846014e-02 1.06486115734695e+05 
5.27304835972512e-02 1.06280184984354e+05 
5.28742372040167e-02 1.06061336913148e+05 
5.30181983670011e-02 1.05839586938772e+05 
5.31623909917778e-02 1.05615700172906e+05 
5.33056793225190e-02 1.05393205436206e+05 
5.34501241326202e-02 1.05169743218413e+05 
5.35945347734541e-02 1.04948110446436e+05 
5.37388767360648e-02 1.04729850553176e+05 
5.38832380707456e-02 1.04514229675390e+05 
5.40276045892701e-02 1.04302120660909e+05 
5.41540786115915e-02 1.04119942149175e+05 
5.42868044025892e-02 1.03932737055055e+05 
5.44266470635774e-02 1.03740227271230e+05 
5.45714068136387e-02 1.03546186444291e+05 
5.47162436223273e-02 1.03357228149285e+05 
5.48609368152105e-02 1.03173842115069e+05 
5.49880698570309e-02 1.03017138993267e+05 
5.51220851640985e-02 1.02856404653769e+05 
5.52635938460871e-02 1.02691657932294e+05 
5.54081377827990e-02 1.02528640330958e+05 
5.55423764001506e-02 1.02381733782459e+05 
5.56849588985842e-02 1.02230440072155e+05 
5.58151308213976e-02 1.02096341284560e+05 
5.59543604633715e-02 1.01956911626647e+05 
5.60864156652535e-02 1.01828385244316e+05 
5.62284092483022e-02 1.01694000454965e+05 
5.63749041707343e-02 1.01559131901207e+05 
5.65183603099522e-02 1.01430714054494e+05 
5.66554706260745e-02 1.01311111774020e+05 
5.67990944155384e-02 1.01188900065190e+05 
5.69408380492313e-02 1.01071264880095e+05 
5.70877910459772e-02 1.00952242806489e+05 
5.72350225017682e-02 1.00835747114602e+05 
5.73823546564229e-02 1.00721896404602e+05 
5.75290817084501e-02 1.00611040172613e+05 
5.76769875484252e-02 1.00501713938305e+05 
5.78248806902653e-02 1.00394753225305e+05 
5.79736769853418e-02 1.00289393492305e+05 
5.81232420008809e-02 1.00185595167745e+05 
5.82731304062387e-02 1.00083708586002e+05 
5.84231432927355e-02 9.99837307102334e+04 
5.85733894730125e-02 9.98855012349087e+04 
5.87236557753417e-02 9.97891245791877e+04 
5.88740120630694e-02 9.96944872045795e+04 
5.90234706000714e-02 9.96020561742692e+04 
5.91738579024576e-02 9.95107748975530e+04 
5.93241567851074e-02 9.94211703311913e+04 
5.94736370152866e-02 9.93336141275849e+04 
5.96239039837979e-02 9.92471824667582e+04 
5.97741923823970e-02 9.91623208160645e+04 
5.99238019438687e-02 9.90793241899983e+04 
6.00740736056785e-02 9.89975644900263e+04 
6.02242413820992e-02 9.89174283436638e+04 
6.03736555047534e-02 9.88392455832372e+04 
6.05238038340107e-02 9.87623077479381e+04 
6.06739877394472e-02 9.86870195642236e+04 
6.08242981779758e-02 9.86133096377472e+04 
6.09747345266686e-02 9.85413181096901e+04 
6.11206319760477e-02 9.84732134749425e+04 
6.12713337550335e-02 9.84046794055434e+04 
6.14223471792632e-02 9.83379774500756e+04 
6.15736362728880e-02 9.82732128302614e+04 
6.17254447369972e-02 9.82102972265655e+04 
6.18772258278276e-02 9.81496696659761e+04 
6.20290508737861e-02 9.80913086781173e+04 
6.21810591807350e-02 9.80352298429996e+04 
6.23333081870187e-02 9.79815607071515e+04 
6.24856364452018e-02 9.79302064939169e+04 
6.26382454200911e-02 9.78815779262064e+04 
6.27904763448973e-02 9.78358357190561e+04 
6.29428304505869e-02 9.77929465819461e+04 
6.30951935070250e-02 9.77525879326149e+04 
6.32474469445928e-02 9.77147338515311e+04 
6.33997839958763e-02 9.76797794863283e+04 
6.35521268280210e-02 9.76474518300186e+04 
6.37041476705353e-02 9.76184297358602e+04 
6.38563779957432e-02 9.75925094165599e+04 
6.40088011606521e-02 9.75689832037711e+04 
6.41611179665633e-02 9.75492304658454e+04 
6.43133095860345e-02 9.75328904476144e+04 
6.44655308188284e-02 9.75192699587716e+04 
6.46175423849389e-02 9.75090561275576e+04 
6.47698534636209e-02 9.75003794665124e+04 
6.49217940193320e-02 9.74936762324013e+04 
6.50741523664837e-02 9.74889876275388e+04 
6.52260869974559e-02 9.74865738368164e+04 
6.53781279209592e-02 9.74865465490303e+04 
6.55301726268993e-02 9.74887076437106e+04 
6.56827117464772e-02 9.74931100193957e+04 
6.58349181304785e-02 9.74996681685734e+04 
6.59876539084316e-02 9.75084728412133e+04 
6.61401094452719e-02 9.75185595561306e+04 
6.62926956453758e-02 9.75309478389498e+04 
6.64453394685778e-02 9.75451596892031e+04 
6.65983257653752e-02 9.75612873454477e+04 
6.67511014240198e-02 9.75791304224997e+04 
6.69041277693572e-02 9.75979582475157e+04 
6.70571783548708e-02 9.76184095148519e+04 
6.72104403656969e-02 9.76389017818563e+04 
6.73636554674193e-02 9.76600309356343e+04 
6.75172571303536e-02 9.76808725277101e+04 
6.76708374265807e-02 9.77012876315835e+04 
6.78246935977829e-02 9.77213551408696e+04 
6.79783833839054e-02 9.77408055924988e+04 
6.81322458128578e-02 9.77597116042700e+04 
6.82860336049340e-02 9.77787512408655e+04 
6.84402329977975e-02 9.77968046549216e+04 
6.85943806985210e-02 9.78140714873817e+04 
6.87488024917171e-02 9.78307004723498e+04 
6.89030839082516e-02 9.78467704925410e+04 
6.90576084107392e-02 9.78624576707761e+04 
6.92120174125949e-02 9.78778872255436e+04 
6.93664584920017e-02 9.78929358375643e+04 
6.95208631274889e-02 9.79078362587792e+04 
6.96752851066944e-02 9.79225906401954e+04 
6.98296716752224e-02 9.79372167230085e+04 
6.99841448117209e-02 9.79518545257776e+04 
7.01385654759530e-02 9.79667699035575e+04 
7.02930960173661e-02 9.79817661339001e+04 
7.04476807944783e-02 9.79969766901945e+04 
7.06023263590025e-02 9.80126597570981e+04 
7.07569739169526e-02 9.80289028208942e+04 
7.09118208441912e-02 9.80458433330348e+04 
7.10667718203586e-02 9.80636967028751e+04 
7.12219957822436e-02 9.80820914646449e+04 
7.13775356954547e-02 9.81013150999228e+04 
7.15333568966309e-02 9.81215667845481e+04 
7.16896981954897e-02 9.81428353262664e+04 
7.18469932978027e-02 9.81652163283293e+04 
7.20051744686771e-02 9.81887302108017e+04 
7.21628389404656e-02 9.82129821683167e+04 
7.23220416400897e-02 9.82384653848791e+04 
7.24800944855219e-02 9.82649205379881e+04 
7.26391989972607e-02 9.82925600857476e+04 
7.27984760083706e-02 9.83212368537592e+04 
7.29577603347871e-02 9.83507968442522e+04 
7.31148222921856e-02 9.83806425457199e+04 
7.32737667009135e-02 9.84113646858064e+04 
7.34323925524960e-02 9.84434648709659e+04 
7.35914174262964e-02 9.84765210177298e+04 
7.37506525634757e-02 9.85102555211580e+04 
7.39101350488907e-02 9.85443639692703e+04 
7.40700978681816e-02 9.85790721844152e+04 
7.42304851621179e-02 9.86143881437771e+04 
7.43601612716018e-02 9.86434903523083e+04 
7.45028049920340e-02 9.86758492773382e+04 
7.46597130845095e-02 9.87118015306080e+04 
7.48033267834539e-02 9.87448038619267e+04 
7.49526676477065e-02 9.87792561825048e+04 
7.51122692607063e-02 9.88163690705052e+04 
7.52552299828712e-02 9.88500650030535e+04 
7.54079278667440e-02 9.88861966503484e+04 
7.55664404476953e-02 9.89238307578784e+04 
7.57283784198622e-02 9.89624041359468e+04 
7.58847885028251e-02 9.89996356778869e+04 
7.60424755800248e-02 9.90372714224286e+04 
7.61997156199314e-02 9.90748697451500e+04 
7.63576852666434e-02 9.91126866576152e+04 
7.65163393716373e-02 9.91506071044337e+04 
7.66751740198883e-02 9.91887699908997e+04 
7.68342892282706e-02 9.92269345515673e+04 
7.69938168309000e-02 9.92651952950701e+04 
7.71535313401849e-02 9.93035690616752e+04 
7.73134794267443e-02 9.93420160724739e+04 
7.74737759869411e-02 9.93805754390272e+04 
7.76340988345528e-02 9.94190481750608e+04 
7.77946479237367e-02 9.94573335759288e+04 
7.79551916411180e-02 9.94954854501444e+04 
7.81155138863862e-02 9.95336621163806e+04 
7.82759290159170e-02 9.95718280712419e+04 
7.84364277996774e-02 9.96098572796448e+04 
7.85970136567714e-02 9.96476739785677e+04 
7.87576375912812e-02 9.96851347031559e+04 
7.89183170826440e-02 9.97223185375379e+04 
7.90790358242699e-02 9.97593432149978e+04 
7.92398178512092e-02 9.97961076516491e+04 
7.94006527983373e-02 9.98324610893279e+04 
7.95615388655774e-02 9.98683934339460e+04 
7.97133036071909e-02 9.99016847244606e+04 
7.98742308034705e-02 9.99363382087881e+04 
8.00351814272630e-02 9.99702215306032e+04 
8.01678059143423e-02 9.99973929704625e+04 
8.03123080749821e-02 1.00026280232260e+05 
8.04660395363513e-02 1.00056155936177e+05 
8.05933719779916e-02 1.00079834234447e+05 
8.07295766065834e-02 1.00104085958603e+05 
8.08731482154514e-02 1.00128831055763e+05 
8.10068699359153e-02 1.00150717699149e+05 
8.11512297677166e-02 1.00173106113277e+05 
8.12963225755893e-02 1.00193914802741e+05 
8.14337464107109e-02 1.00211695411708e+05 
8.15793535487339e-02 1.00228368698585e+05 
8.17276903117712e-02 1.00244541470462e+05 
8.18701983638535e-02 1.00257385068154e+05 
8.20196875386453e-02 1.00267572644020e+05 
8.21632050116362e-02 1.00275117881882e+05 
8.23038692669055e-02 1.00279945116179e+05 
8.24510557850137e-02 1.00280448289897e+05 
8.25974809393659e-02 1.00281004185096e+05 
8.27403258358108e-02 1.00280396464373e+05 
8.28898775989760e-02 1.00279050479466e+05 
8.30460896521503e-02 1.00277848096628e+05 
8.31876899211683e-02 1.00275932960431e+05 
8.33359401246900e-02 1.00273322687606e+05 
8.34913337849628e-02 1.00269664003021e+05 
8.36375633300935e-02 1.00265476147181e+05 
8.37912495302293e-02 1.00260140947691e+05 
8.39532378736206e-02 1.00253768426689e+05 
8.40980857738140e-02 1.00247685433550e+05 
8.42521036627210e-02 1.00240937076090e+05 
8.44117803904211e-02 1.00233229829138e+05 
8.45628267890148e-02 1.00225136729080e+05 
8.47216211683650e-02 1.00216026494682e+05 
8.48758247623571e-02 1.00207651720814e+05 
8.50240448664502e-02 1.00199110691149e+05 
8.51867674757144e-02 1.00189428208530e+05 
8.53374346274239e-02 1.00178904219830e+05 
8.54930422721266e-02 1.00167426133983e+05 
8.56556351245348e-02 1.00154977139901e+05 
8.58212906117291e-02 1.00143069377502e+05 
8.59739975253172e-02 1.00131849785555e+05 
8.61346772076189e-02 1.00120033944113e+05 
8.62994568658124e-02 1.00106437975816e+05 
8.64575285846391e-02 1.00093122086132e+05 
8.66240954545925e-02 1.00079147007205e+05 
8.67877038396504e-02 1.00066441500211e+05 
8.69462610746316e-02 1.00054469525357e+05 
8.71135300332826e-02 1.00042535965821e+05 
8.72617635834054e-02 1.00031313332775e+05 
8.74172523893274e-02 1.00019369727019e+05 
8.75811061448852e-02 1.00007058651910e+05 
8.77368021843117e-02 9.99967180287230e+04 
8.79009413528506e-02 9.99866469158304e+04 
8.80688723999077e-02 9.99775289267107e+04 
8.82208871165208e-02 9.99678023360487e+04 
8.83825500817700e-02 9.99580331607371e+04 
8.85508715627652e-02 9.99482893844119e+04 
8.87137544163586e-02 9.99410154152960e+04 
8.88713983773812e-02 9.99342443534549e+04 
8.90375246088637e-02 9.99269925623620e+04 
8.91977876352686e-02 9.99183183161731e+04 
8.93639552697357e-02 9.99089759415694e+04 
8.95301093690834e-02 9.98997413309216e+04 
8.96963266293630e-02 9.98922436001798e+04 
8.98625713476157e-02 9.98843264666556e+04 
9.00160676868729e-02 9.98775937463726e+04 
9.01803196070328e-02 9.98679737333267e+04 
9.03468099376892e-02 9.98579413171594e+04 
9.05095757319186e-02 9.98484832577792e+04 
9.06761915559458e-02 9.98407794488250e+04 
9.08333641222594e-02 9.98335367085223e+04 
9.09999860894229e-02 9.98263651367225e+04 
9.11615959268953e-02 9.98176815864225e+04 
9.13282341843335e-02 9.98085510118578e+04 
9.14948500175624e-02 9.97994543649662e+04 
9.16614384772654e-02 9.97913193647469e+04 
9.18279343407958e-02 9.97834854798135e+04 
9.19944443593823e-02 9.97756463581456e+04 
9.21609113275707e-02 9.97657342223960e+04 
9.23273467526219e-02 9.97553253688882e+04 
9.24938124468158e-02 9.97448591899690e+04 
9.26602460149387e-02 9.97354330378387e+04 
9.28265767336660e-02 9.97262709539178e+04 
9.29929771938954e-02 9.97167264071376e+04 
9.31593291457060e-02 9.97050974488778e+04 
9.33256451066386e-02 9.96929679848570e+04 
9.34920645473784e-02 9.96807182566480e+04 
9.36584543827314e-02 9.96693663864063e+04 
9.38247489071123e-02 9.96583442207354e+04 
9.39913216779957e-02 9.96471866471012e+04 
9.41580731128154e-02 9.96342845649376e+04 
9.43248356970330e-02 9.96209100610659e+04 
9.44920205680342e-02 9.96075256526565e+04 
9.46593661252349e-02 9.95951079321126e+04 
9.48266296614230e-02 9.95827997535279e+04 
9.49947929099331e-02 9.95705850696071e+04 
9.51631639187409e-02 9.95571888477106e+04 
9.53318582670230e-02 9.95436787150725e+04 
9.55006805902111e-02 9.95303535275872e+04 
9.56698223911068e-02 9.95183533793344e+04 
9.58394730095989e-02 9.95066688038788e+04 
9.60094019513756e-02 9.94956143616140e+04 
9.61793349510765e-02 9.94836279741542e+04 
9.63490452838924e-02 9.94719317526292e+04 
9.65185393639109e-02 9.94612067434752e+04 
9.66879474406950e-02 9.94522899980252e+04 
9.68574546134872e-02 9.94438811738883e+04 
9.70271732894679e-02 9.94362629494022e+04 
9.71972484952526e-02 9.94282451969611e+04 
9.73673596634324e-02 9.94204607817104e+04 
9.75374946564468e-02 9.94135302305265e+04 
9.77076569272019e-02 9.94080416604718e+04 
9.78778223592198e-02 9.94032491075630e+04 
9.80480034410873e-02 9.93996247858168e+04 
9.82171466218061e-02 9.93953595216997e+04 
9.83874020742850e-02 9.93915901605435e+04 
9.85576440860391e-02 9.93888868576827e+04 
9.87278632608407e-02 9.93880650199897e+04 
9.88981387413589e-02 9.93869439120383e+04 
9.90684339631503e-02 9.93868862091903e+04 
9.92387585178931e-02 9.93853483353206e+04 
9.94090317614243e-02 9.93842423511988e+04 
9.95792832969172e-02 9.93842678646573e+04 
9.97495050299699e-02 9.93839394191058e+04 
9.99197798361627e-02 9.93841854903888e+04 
1.00090075145680e-01 9.93833891337157e+04 
1.00260392327992e-01 9.93825239859244e+04 
1.00430641659289e-01 9.93822228335064e+04 
1.00600862618682e-01 9.93816454108437e+04 
1.00771051501844e-01 9.93807955440017e+04 
1.00941296244256e-01 9.93799688601466e+04 
1.01111569305953e-01 9.93782425868413e+04 
1.01281857826698e-01 9.93762407679921e+04 
1.01452076576035e-01 9.93741817737686e+04 
1.01622264591128e-01 9.93720373765573e+04 
1.01792419372785e-01 9.93696007148885e+04 
1.01962356076036e-01 9.93666645492682e+04 
1.02132596729028e-01 9.93641633158709e+04 
1.02302855092092e-01 9.93609233568443e+04 
1.02472894661319e-01 9.93568546939775e+04 
1.02642829631922e-01 9.93527870701529e+04 
1.02812713845993e-01 9.93485707442185e+04 
1.02982670696257e-01 9.93434469603683e+04 
1.03152836229055e-01 9.93382809156926e+04 
1.03323052829453e-01 9.93320597926121e+04 
1.03493193888687e-01 9.93245661638933e+04 
1.03663299501990e-01 9.93164899942303e+04 
1.03833366457332e-01 9.93078968942554e+04 
1.04003493060409e-01 9.92987826776329e+04 
1.04173645714351e-01 9.92887159647801e+04 
1.04343817559196e-01 9.92776340869268e+04 
1.04513913572490e-01 9.92661122654683e+04 
1.04683975418589e-01 9.92540972277627e+04 
1.04853996645965e-01 9.92416562311095e+04 
1.05024077467391e-01 9.92290646834281e+04 
1.05194186963770e-01 9.92167980433183e+04 
1.05364319652454e-01 9.92045330460732e+04 
1.05534379327351e-01 9.91924739460005e+04 
1.05704408849062e-01 9.91810189058457e+04 
1.05874399437459e-01 9.91703761862463e+04 
1.06044452900914e-01 9.91606196566684e+04 
1.06214540028637e-01 9.91520074053650e+04 
1.06384657060459e-01 9.91442217972402e+04 
1.06554704062818e-01 9.91370270228812e+04 
1.06724724407230e-01 9.91318890206651e+04 
1.06894708060096e-01 9.91281628867688e+04 
1.07064759674097e-01 9.91263683958356e+04 
1.07234849194521e-01 9.91269881347404e+04 
1.07404974230795e-01 9.91283659786795e+04 
1.07575032422946e-01 9.91308682727342e+04 
1.07745067470248e-01 9.91341443695563e+04 
1.07915064884639e-01 9.91375404042369e+04 
1.08085127595392e-01 9.91409655091323e+04 
1.08255225641806e-01 9.91447994201762e+04 
1.08425355761566e-01 9.91495968234076e+04 
1.08595417161941e-01 9.91554097733953e+04 
1.08765455359303e-01 9.91627941904199e+04 
1.08935453352640e-01 9.91720679042126e+04 
1.09105514670699e-01 9.91829566086216e+04 
1.09275611897410e-01 9.91954111657942e+04 
1.09445742847820e-01 9.92088851933317e+04 
1.09615808586600e-01 9.92232995177058e+04 
1.09785854928042e-01 9.92389818578620e+04 
1.09955861237193e-01 9.92558693353411e+04 
1.10125929871304e-01 9.92737927712169e+04 
1.10296036399067e-01 9.92929293410591e+04 
1.10466176755799e-01 9.93129495432772e+04 
1.10636254707467e-01 9.93337268462073e+04 
1.10775360529682e-01 9.93513456016037e+04 
1.10928376934118e-01 9.93712947859597e+04 
1.11068140816807e-01 9.93899266065236e+04 
1.11215953326334e-01 9.94101417857610e+04 
1.11368646532375e-01 9.94313742350307e+04 
1.11528307936299e-01 9.94537928564167e+04 
1.11698369258733e-01 9.94780281254409e+04 
1.11868366575616e-01 9.95023613325830e+04 
1.12038388956070e-01 9.95267213081987e+04 
1.12208446298690e-01 9.95511598916911e+04 
1.12378491557690e-01 9.95754278716724e+04 
1.12548453806155e-01 9.95992778039017e+04 
1.12718398218835e-01 9.96228733945492e+04 
1.12888255462603e-01 9.96461015902343e+04 
1.13058123926805e-01 9.96687552246440e+04 
1.13228024869800e-01 9.96909843706798e+04 
1.13397927625155e-01 9.97124873088897e+04 
1.13567769057606e-01 9.97331570412327e+04 
1.13737622144586e-01 9.97531535933313e+04 
1.13907421437603e-01 9.97724181670425e+04 
1.14077262530926e-01 9.97908037917498e+04 
1.14247159837703e-01 9.98085346562150e+04 
1.14417074719415e-01 9.98253062023609e+04 
1.14586932985534e-01 9.98411840415775e+04 
1.14756800103730e-01 9.98563509242119e+04 
1.14926610816384e-01 9.98707984464149e+04 
1.15096459521468e-01 9.98843054121517e+04 
1.15266361197323e-01 9.98971371496299e+04 
1.15436283901037e-01 9.99090412341857e+04 
1.15606154322957e-01 9.99198283728437e+04 
1.15776036333554e-01 9.99297522352872e+04 
1.15945868349498e-01 9.99388780561298e+04 
1.16115739590219e-01 9.99469896416507e+04 
1.16285664744684e-01 9.99544236569518e+04 
1.16455611651394e-01 9.99608537630991e+04 
1.16625507208472e-01 9.99661319498825e+04 
1.16795413316731e-01 9.99706116331069e+04 
1.16965270081959e-01 9.99745014653913e+04 
1.17135162820990e-01 9.99778055258182e+04 
1.17305107735590e-01 9.99807403690862e+04 
1.17475073054172e-01 9.99831664561617e+04 
1.17644990099001e-01 9.99848956953896e+04 
1.17814921112583e-01 9.99863108850823e+04 
1.17984808833329e-01 9.99876800298198e+04 
1.18154737878356e-01 9.99889058113070e+04 
1.18324723407596e-01 9.99902244535000e+04 
1.18494732364569e-01 9.99912446895694e+04 
1.18664696852692e-01 9.99918100406708e+04 
1.18834677305909e-01 9.99929174364432e+04 
1.19004616429507e-01 9.99945060461959e+04 
1.19174596921660e-01 9.99967476628275e+04 
1.19344634792754e-01 9.99999986392539e+04 
1.19514700612119e-01 1.00003404062156e+05 
1.19684730774917e-01 1.00007151133866e+05 
1.19854784960871e-01 1.00011406460393e+05 
1.20024806790400e-01 1.00016657289703e+05 
1.20194879006598e-01 1.00022919279557e+05 
1.20365014492932e-01 1.00030289422161e+05 
1.20535181782774e-01 1.00038354577658e+05 
1.20705316483066e-01 1.00047124811016e+05 
1.20875477903874e-01 1.00057234783668e+05 
1.21045609553117e-01 1.00069278692753e+05 
1.21215793698150e-01 1.00082290556234e+05 
1.21386042094097e-01 1.00096452354785e+05 
1.21556322545870e-01 1.00110707505820e+05 
1.21726572720894e-01 1.00124833160727e+05 
1.21896853112084e-01 1.00139370413066e+05 
1.22067107350378e-01 1.00154688852757e+05 
1.22237417170362e-01 1.00170083937900e+05 
1.22407794576499e-01 1.00185768305674e+05 
1.22578208023329e-01 1.00200745987456e+05 
1.22748597887441e-01 1.00214169177070e+05 
1.22919025374073e-01 1.00227617512826e+05 
1.23089433646843e-01 1.00241626742128e+05 
1.23259904135010e-01 1.00254785557679e+05 
1.23430446126628e-01 1.00267125959023e+05 
1.23601027809950e-01 1.00277201232832e+05 
1.23771590155827e-01 1.00285500328064e+05 
1.23942194007345e-01 1.00292412539903e+05 
1.24112781945298e-01 1.00298751640407e+05 
1.24283433873805e-01 1.00304115778177e+05 
1.24454157213725e-01 1.00308450315242e+05 
1.24624920330400e-01 1.00310986029875e+05 
1.24795666565058e-01 1.00313015090782e+05 
1.24966456662960e-01 1.00315370917353e+05 
1.25137232794114e-01 1.00318686479026e+05 
1.25308074506838e-01 1.00321910054040e+05 
1.25478988830035e-01 1.00325015214030e+05 
1.25649944437013e-01 1.00326938118923e+05 
1.25820887045066e-01 1.00328036178236e+05 
1.25991876193722e-01 1.00329137583853e+05 
1.26162854620579e-01 1.00331528573737e+05 
1.26333901557083e-01 1.00333133098144e+05 
1.26505023500767e-01 1.00334923563718e+05 
1.26676189478866e-01 1.00335021034617e+05 
1.26847346551218e-01 1.00334472125377e+05 
1.27018552999644e-01 1.00333954322615e+05 
1.27189751669475e-01 1.00334586876443e+05 
1.27361020408152e-01 1.00334780281895e+05 
1.27532363708630e-01 1.00335096666837e+05 
1.27703751744362e-01 1.00333578451767e+05 
1.27875133204368e-01 1.00331406855615e+05 
1.28046566234478e-01 1.00329120338540e+05 
1.28217995867441e-01 1.00328030361705e+05 
1.28389498101855e-01 1.00327993085581e+05 
1.28561032217329e-01 1.00328118450971e+05 
1.28732610746949e-01 1.00327533654962e+05 
1.28904232941169e-01 1.00327067795214e+05 
1.29075887043882e-01 1.00327220956922e+05 
1.29247574966597e-01 1.00329140130153e+05 
1.29419242916608e-01 1.00331533472368e+05 
1.29590896084335e-01 1.00334453013706e+05 
1.29762554206697e-01 1.00335735198029e+05 
1.29934234001853e-01 1.00337284054355e+05 
1.30105916470860e-01 1.00339484069779e+05 
1.30277615343611e-01 1.00343330745352e+05 
1.30449310494123e-01 1.00348190165398e+05 
1.30621013343266e-01 1.00353859691236e+05 
1.30792742099791e-01 1.00358196419084e+05 
1.30964500498146e-01 1.00363409169627e+05 
1.31136269339865e-01 1.00368560960717e+05 
1.31308054959290e-01 1.00374801880042e+05 
1.31479837350465e-01 1.00381782384611e+05 
1.31651626071334e-01 1.00390274755826e+05 
1.31823440445852e-01 1.00398317790002e+05 
1.31995283946128e-01 1.00406669168083e+05 
1.32167138745312e-01 1.00415978765362e+05 
1.32339010975520e-01 1.00426631616358e+05 
1.32510919691947e-01 1.00438194239582e+05 
1.32682811591830e-01 1.00449871824612e+05 
1.32854709046936e-01 1.00460204513395e+05 
1.33026643454667e-01 1.00470337140565e+05 
1.33198582452028e-01 1.00480620698773e+05 
1.33370526435065e-01 1.00492272210113e+05 
1.33542459686295e-01 1.00503759631877e+05 
1.33714384168666e-01 1.00515492738370e+05 
1.33886340646011e-01 1.00526096159007e+05 
1.34058335922221e-01 1.00535717628319e+05 
1.34230341559017e-01 1.00544977248854e+05 
1.34402358835164e-01 1.00553936434284e+05 
1.34574363481300e-01 1.00562282501234e+05 
1.34746367792878e-01 1.00570567984401e+05 
1.34918397855967e-01 1.00577306138052e+05 
1.35090457160412e-01 1.00582865108265e+05 
1.35262524901866e-01 1.00587450190141e+05 
1.35434605035838e-01 1.00592638417344e+05 
1.35606675277950e-01 1.00597446761252e+05 
1.35746219538650e-01 1.00601587144999e+05 
1.35898489079355e-01 1.00604230575275e+05 
1.36058646697039e-01 1.00604977885779e+05 
1.36204317352907e-01 1.00606771045878e+05 
1.36359499806498e-01 1.00610274228412e+05 
1.36504153038768e-01 1.00613302672022e+05 
1.36643367995971e-01 1.00617179143707e+05 
1.36788971816625e-01 1.00619532410676e+05 
1.36942797968221e-01 1.00621826270018e+05 
1.37086588344443e-01 1.00625263637862e+05 
1.37229978776013e-01 1.00629282182575e+05 
1.37382503736523e-01 1.00633549254504e+05 
1.37524939626404e-01 1.00638202718446e+05 
1.37675822410701e-01 1.00641573388533e+05 
1.37824068677346e-01 1.00644797443171e+05 
1.37972810923058e-01 1.00648324150934e+05 
1.38130759066502e-01 1.00654172892894e+05 
1.38274889320160e-01 1.00659384080448e+05 
1.38430981901144e-01 1.00665120409203e+05 
1.38576196672331e-01 1.00669859770341e+05 
1.38728957066996e-01 1.00674680320234e+05 
1.38886362043676e-01 1.00679743465155e+05 
1.39044429560267e-01 1.00686353633890e+05 
1.39201304295759e-01 1.00692850307082e+05 
1.39357879344284e-01 1.00699306970154e+05 
1.39505192732121e-01 1.00703871582541e+05 
1.39661066709402e-01 1.00706217384806e+05 
1.39826443992543e-01 1.00708511808253e+05 
1.39991325448740e-01 1.00711885353962e+05 
1.40154622473302e-01 1.00714328080644e+05 
1.40310772489018e-01 1.00716737378230e+05 
1.40475032805560e-01 1.00716983257505e+05 
1.40647187615040e-01 1.00716131018573e+05 
1.40810575105268e-01 1.00715345032478e+05 
1.40980303930897e-01 1.00715657136760e+05 
1.41128454963606e-01 1.00715377417927e+05 
1.41284840707836e-01 1.00715329212150e+05 
1.41449670026797e-01 1.00713213173153e+05 
1.41620672046355e-01 1.00710129065983e+05 
1.41778161807458e-01 1.00707268481105e+05 
1.41944880068515e-01 1.00704691588740e+05 
1.42097520129345e-01 1.00702432201190e+05 
1.42260721563797e-01 1.00699573107298e+05 
1.42432863897483e-01 1.00694828321567e+05 
1.42593016811398e-01 1.00689685809176e+05 
1.42765171932278e-01 1.00684050853531e+05 
1.42937332506085e-01 1.00678435973231e+05 
1.43094392745723e-01 1.00673885471887e+05 
1.43263347974284e-01 1.00668662439593e+05 
1.43435490024152e-01 1.00662799175986e+05 
1.43603395465979e-01 1.00656083911054e+05 
1.43775569922086e-01 1.00649771856752e+05 
1.43947757657749e-01 1.00643128820257e+05 
1.44118303346757e-01 1.00637713591658e+05 
1.44290478580365e-01 1.00633853998077e+05 
1.44462672556657e-01 1.00629078026989e+05 
1.44634902977751e-01 1.00624709562453e+05 
1.44807154072356e-01 1.00620176141227e+05 
1.44979425837841e-01 1.00616244052791e+05 
1.45151691269650e-01 1.00612456978839e+05 
1.45323953766673e-01 1.00609339452644e+05 
1.45496229976714e-01 1.00605563862619e+05 
1.45668531168865e-01 1.00601521355223e+05 
1.45840842288814e-01 1.00597767114804e+05 
1.46013164897693e-01 1.00593892125778e+05 
1.46185473659800e-01 1.00589194999357e+05 
1.46357776969345e-01 1.00583672697111e+05 
1.46530093958260e-01 1.00576657749613e+05 
1.46702433651251e-01 1.00568042180813e+05 
1.46874781224538e-01 1.00557674390338e+05 
1.47047139820811e-01 1.00545333866694e+05 
1.47219484116025e-01 1.00530698100935e+05 
1.47391824794353e-01 1.00514831609682e+05 
1.47564181870681e-01 1.00495798889718e+05 
1.47736563151507e-01 1.00474067433545e+05 
1.47908954146098e-01 1.00451759660571e+05 
1.48081358646243e-01 1.00429348321074e+05 
1.48253751673813e-01 1.00406643687927e+05 
1.48426144021627e-01 1.00383490268192e+05 
1.48598555587172e-01 1.00359467410411e+05 
1.48770992540455e-01 1.00335218448852e+05 
1.48943440692092e-01 1.00312137677563e+05 
1.49115904152258e-01 1.00290432499800e+05 
1.49288358194097e-01 1.00269887616615e+05 
1.49460813576248e-01 1.00251670660605e+05 
1.49633289854684e-01 1.00234050548951e+05 
1.49805791844937e-01 1.00217695842423e+05 
1.49978306798956e-01 1.00201935740718e+05 
1.50150839668458e-01 1.00192121890903e+05 
1.50323366297374e-01 1.00184892521182e+05 
1.50495897917696e-01 1.00180603631896e+05 
1.50668453150989e-01 1.00176483414166e+05 
1.50841035844366e-01 1.00173605198782e+05 
1.51013634559673e-01 1.00172468165815e+05 
1.51186253957507e-01 1.00173845938505e+05 
1.51358869416928e-01 1.00175265529757e+05 
1.51531492023928e-01 1.00178183957580e+05 
1.51704138916042e-01 1.00182656655094e+05 
1.51876813491508e-01 1.00188919414775e+05 
1.52049505100170e-01 1.00197628509168e+05 
1.52222218497756e-01 1.00209200865774e+05 
1.52394929178212e-01 1.00222402938485e+05 
1.52567648435080e-01 1.00237386137912e+05 
1.52740392616118e-01 1.00251851182280e+05 
1.52913164907010e-01 1.00266523346070e+05 
1.53085955344932e-01 1.00281814718844e+05 
1.53258769066719e-01 1.00297906088909e+05 
1.53431581703593e-01 1.00313024907034e+05 
1.53604404729953e-01 1.00327755935699e+05 
1.53777253645804e-01 1.00339201241128e+05 
1.53950131265088e-01 1.00348014877413e+05 
1.54122997235507e-01 1.00354715750253e+05 
1.54295893338292e-01 1.00359881503599e+05 
1.54468763932405e-01 1.00361827416393e+05 
1.54641631109335e-01 1.00361922173953e+05 
1.54814551139304e-01 1.00357803699770e+05 
1.54987557388163e-01 1.00352910905514e+05 
1.55160590149393e-01 1.00347853650669e+05 
1.55333674516772e-01 1.00342311735987e+05 
1.55506755076896e-01 1.00335798151528e+05 
1.55679826907225e-01 1.00328530795692e+05 
1.55852914892912e-01 1.00319526714405e+05 
1.56026029259632e-01 1.00308865186460e+05 
1.56199135844019e-01 1.00297072579362e+05 
1.56372269727772e-01 1.00284663485003e+05 
1.56545391420799e-01 1.00272351038127e+05 
1.56718505226438e-01 1.00260868412924e+05 
1.56891642100263e-01 1.00249233362843e+05 
1.57064804256286e-01 1.00237860801368e+05 
1.57237966688602e-01 1.00227075757769e+05 
1.57411153987696e-01 1.00218336281566e+05 
1.57584335954683e-01 1.00211228393387e+05 
1.57757512529110e-01 1.00206748357818e+05 
1.57930713977008e-01 1.00203004103563e+05 
1.58103939660573e-01 1.00200329832958e+05 
1.58277171039257e-01 1.00199073228789e+05 
1.58450425392156e-01 1.00199139362452e+05 
1.58623678813626e-01 1.00199896611434e+05 
1.58796928433855e-01 1.00201904886191e+05 
1.58970205320716e-01 1.00204575158620e+05 
1.59143505831593e-01 1.00207786896864e+05 
1.59316812776642e-01 1.00212256695697e+05 
1.59490140724112e-01 1.00217394253821e+05 
1.59663471464540e-01 1.00223182500822e+05 
1.59836802549273e-01 1.00229671999202e+05 
1.60010159546369e-01 1.00235804111631e+05 
1.60183540604559e-01 1.00241169361229e+05 
1.60356931386772e-01 1.00245802432743e+05 
1.60530343076614e-01 1.00250001382494e+05 
1.60703758216464e-01 1.00254037852594e+05 
1.60877173276444e-01 1.00257171861677e+05 
1.61050613058282e-01 1.00258521828182e+05 
1.61224075479489e-01 1.00257134637546e+05 
1.61397547462368e-01 1.00255447380220e+05 
1.61571039689391e-01 1.00253825289275e+05 
1.61744536646971e-01 1.00251650897872e+05 
1.61918034328291e-01 1.00248909254445e+05 
1.62091556874003e-01 1.00244479682467e+05 
1.62265102198555e-01 1.00238932232963e+05 
1.62438657658074e-01 1.00232601720782e+05 
1.62612233525372e-01 1.00225091128338e+05 
1.62785814980602e-01 1.00216055581899e+05 
1.62959398126257e-01 1.00206442959958e+05 
1.63133006870574e-01 1.00195094791242e+05 
1.63306638483524e-01 1.00182163043324e+05 
1.63480280520102e-01 1.00168869768283e+05 
1.63653943682641e-01 1.00155193168163e+05 
1.63827613242006e-01 1.00140943722903e+05 
1.64001285610332e-01 1.00126913877924e+05 
1.64174984842058e-01 1.00111670516490e+05 
1.64348707244705e-01 1.00095086752771e+05 
1.64522440223430e-01 1.00078777315313e+05 
1.64696195064899e-01 1.00063184306871e+05 
1.64869956777464e-01 1.00047882312465e+05 
1.65043722273467e-01 1.00033283683847e+05 
1.65217516035684e-01 1.00018529319082e+05 
1.65391333579208e-01 1.00003690997710e+05 
1.65565162167796e-01 9.99893906318280e+04 
1.65739013760822e-01 9.99772745556117e+04 
1.65912873418063e-01 9.99669336598099e+04 
1.66086738743141e-01 9.99581995346688e+04 
1.66260634019229e-01 9.99515779576803e+04 
1.66434554356801e-01 9.99460855915127e+04 
1.66608486799097e-01 9.99435820448516e+04 
1.66782443307608e-01 9.99433374723595e+04 
1.66955506454494e-01 9.99444210782777e+04 
1.67129479028431e-01 9.99477331361955e+04 
1.67301812682681e-01 9.99516748629614e+04 
1.67475841827601e-01 9.99557549371211e+04 
1.67649883495378e-01 9.99599254617672e+04 
1.67823949514828e-01 9.99651151779218e+04 
1.67996157068357e-01 9.99710500149862e+04 
1.68170240548224e-01 9.99779560677311e+04 
1.68344355140497e-01 9.99845482595386e+04 
1.68518496338258e-01 9.99909944436487e+04 
1.68692650411731e-01 9.99976014705915e+04 
1.68866828746284e-01 1.00004421017981e+05 
1.69041016501240e-01 1.00010655190620e+05 
1.69215213069847e-01 1.00016205714268e+05 
1.69389440912459e-01 1.00019800622741e+05 
1.69563696369967e-01 1.00020794297060e+05 
1.69737965178098e-01 1.00021447574091e+05 
1.69912258019853e-01 1.00021096471200e+05 
1.70086559882302e-01 1.00019292297493e+05 
1.70260870413928e-01 1.00016047748379e+05 
1.70435211900844e-01 1.00010216359900e+05 
1.70609581400518e-01 1.00002574079789e+05 
1.70783965121784e-01 9.99929537992024e+04 
1.70958373223266e-01 9.99826613174716e+04 
1.71132791143380e-01 9.99717044650087e+04 
1.71307219013514e-01 9.99604701767116e+04 
1.71481678540962e-01 9.99494633266376e+04 
1.71656167656923e-01 9.99392002269422e+04 
1.71830672666913e-01 9.99296281266497e+04 
1.72005202988153e-01 9.99224905346319e+04 
1.72179743925889e-01 9.99164926257047e+04 
1.72354295735787e-01 9.99138533068572e+04 
1.72528879531626e-01 9.99115936546801e+04 
1.72703493352666e-01 9.99101101685738e+04 
1.72878123759490e-01 9.99098759053361e+04 
1.73052779930788e-01 9.99107249491017e+04 
1.73227447514726e-01 9.99121761260874e+04 
1.73402127165128e-01 9.99146944106212e+04 
1.73576839721737e-01 9.99181374447826e+04 
1.73751583165838e-01 9.99223806677710e+04 
1.73926344470401e-01 9.99280975055174e+04 
1.74101132588413e-01 9.99355373135788e+04 
1.74275933261654e-01 9.99446384181647e+04 
1.74450747259409e-01 9.99548436671963e+04 
1.74625595238022e-01 9.99654090438152e+04 
1.74800474811516e-01 9.99758862994380e+04 
1.74975373398880e-01 9.99871602692221e+04 
1.75150300027770e-01 9.99986059510744e+04 
1.75325240740628e-01 1.00009557254950e+05 
1.75500196409355e-01 1.00020202744456e+05 
1.75675187539121e-01 1.00029621814115e+05 
1.75850211461146e-01 1.00037961984101e+05 
1.76025255961004e-01 1.00044744850659e+05 
1.76200329887526e-01 1.00049891827163e+05 
1.76375419629434e-01 1.00053448716318e+05 
1.76550525861208e-01 1.00055778940411e+05 
1.76725668732188e-01 1.00057393767740e+05 
1.76900845265618e-01 1.00057743860922e+05 
1.77076043289054e-01 1.00056541259941e+05 
1.77251266050268e-01 1.00054131052663e+05 
1.77426494901465e-01 1.00049973655302e+05 
1.77601731924899e-01 1.00044429663416e+05 
1.77776999081320e-01 1.00037799422757e+05 
1.77952311341666e-01 1.00029957188689e+05 
1.78127627326075e-01 1.00021652356061e+05 
1.78302959935875e-01 1.00012664557419e+05 
1.78478299312529e-01 1.00003254887281e+05 
1.78653647401496e-01 9.99943470797084e+04 
1.78829026640729e-01 9.99850357682055e+04 
1.79004450678215e-01 9.99758289943649e+04 
1.79179878615849e-01 9.99679458634051e+04 
1.79355323841448e-01 9.99613712660130e+04 
1.79530776744067e-01 9.99551749792831e+04 
1.79706239366870e-01 9.99498306064151e+04 
1.79881734178919e-01 9.99451652082386e+04 
1.80057273915430e-01 9.99410762629717e+04 
1.80232818895528e-01 9.99386124910772e+04 
1.80408381919979e-01 9.99374994757618e+04 
1.80583953661484e-01 9.99373619128108e+04 
1.80759536697949e-01 9.99394257621239e+04 
1.80935152773266e-01 9.99428508945770e+04 
1.81110813906146e-01 9.99483378237380e+04 
1.81286481742328e-01 9.99544952601968e+04 
1.81462168279166e-01 9.99608386207608e+04 
1.81637864525692e-01 9.99689765186765e+04 
1.81813573685131e-01 9.99798298520118e+04 
1.81989316678516e-01 9.99932286801438e+04 
1.82165105091328e-01 1.00010447757350e+05 
1.82340902030432e-01 1.00032593683079e+05 
1.82516718852775e-01 1.00058045454143e+05 
1.82692546766446e-01 1.00086363774980e+05 
1.82868389652355e-01 1.00117884687387e+05 
1.83044267011110e-01 1.00151106762722e+05 
1.83220190408842e-01 1.00184937398463e+05 
1.83396124875806e-01 1.00219171294906e+05 
1.83572080479765e-01 1.00252915856066e+05 
1.83748048541931e-01 1.00284680901307e+05 
1.83924033348835e-01 1.00313011982598e+05 
1.84100052809933e-01 1.00336850211815e+05 
1.84276118589131e-01 1.00355558253994e+05 
1.84452197442786e-01 1.00367964463118e+05 
1.84628298270052e-01 1.00375151678058e+05 
1.84804412801837e-01 1.00374879123052e+05 
1.84980545243134e-01 1.00374346393828e+05 
1.85156712539979e-01 1.00370552643701e+05 
1.85332926125016e-01 1.00363789562100e+05 
1.85509153791782e-01 1.00353431982501e+05 
1.85685403844345e-01 1.00340291302622e+05 
1.85861668665080e-01 1.00323745175655e+05 
1.86037951736233e-01 1.00305418850746e+05 
1.86214270097121e-01 1.00285030390839e+05 
1.86390634206982e-01 1.00263245958711e+05 
1.86567012171329e-01 1.00241441186461e+05 
1.86743412833099e-01 1.00220006984771e+05 
1.86919829053241e-01 1.00199072272983e+05 
1.87096263257987e-01 1.00179268210343e+05 
1.87272733098509e-01 1.00160028338285e+05 
1.87449247728548e-01 1.00141242405510e+05 
1.87625775116496e-01 1.00123539984858e+05 
1.87802325409450e-01 1.00106566074166e+05 
1.87978891793566e-01 1.00090052630641e+05 
1.88155475867007e-01 1.00074243103912e+05 
1.88332096348983e-01 1.00057889978122e+05 
1.88508760847421e-01 1.00040323368220e+05 
1.88685436769413e-01 1.00021986740436e+05 
1.88862136122258e-01 1.00002431901935e+05 
1.89038852045305e-01 9.99811632768322e+04 
1.89215585338686e-01 9.99583284071306e+04 
1.89392355985024e-01 9.99326739403449e+04 
1.89569170213917e-01 9.99038979351644e+04 
1.89745995092607e-01 9.98728119599869e+04 
1.89922844110228e-01 9.98393100742199e+04 
1.90099709985789e-01 9.98032876618665e+04 
1.90276593256765e-01 9.97649525362057e+04 
1.90453514614837e-01 9.97241995617094e+04 
1.90630479521814e-01 9.96810069724576e+04 
1.90807454867302e-01 9.96373494220081e+04 
1.90984454819902e-01 9.95937416498427e+04 
1.91161471470482e-01 9.95506743342726e+04 
1.91338505392760e-01 9.95096554220722e+04 
1.91515577441367e-01 9.94717904937148e+04 
1.91692692707650e-01 9.94367769806529e+04 
1.91869818228893e-01 9.94096926772856e+04 
1.92046968469478e-01 9.93867413048893e+04 
1.92224134983585e-01 9.93652225092878e+04 
1.92401318857690e-01 9.93555813666617e+04 
1.92578540656288e-01 9.93566154143822e+04 
1.92754698863888e-01 9.93656552358114e+04 
1.92931974889565e-01 9.93835381445403e+04 
1.93109275825821e-01 9.94063587532024e+04 
1.93286592558627e-01 9.94308640013133e+04 
1.93463927009447e-01 9.94598303869539e+04 
1.93641298943709e-01 9.94901452195919e+04 
1.93818715019931e-01 9.95222098730077e+04 
1.93996143109484e-01 9.95577553287047e+04 
1.94173596666190e-01 9.95970956457408e+04 
1.94314681926769e-01 9.96295846790544e+04 
1.94464822212592e-01 9.96650736478429e+04 
1.94622059091403e-01 9.97021391264354e+04 
1.94775060665303e-01 9.97377828133070e+04 
1.94920603663823e-01 9.97717308360021e+04 
1.95072289532766e-01 9.98068495953241e+04 
1.95222662905686e-01 9.98411190498549e+04 
1.95370772292888e-01 9.98745710103738e+04 
1.95531617215940e-01 9.99101600576972e+04 
1.95701461381678e-01 9.99471067322027e+04 
1.95867709164653e-01 9.99835317220162e+04 
1.96039646544382e-01 1.00021575735364e+05 
1.96204079906411e-01 1.00058582620177e+05 
1.96375726085660e-01 1.00098320874626e+05 
1.96543394058418e-01 1.00137574407767e+05 
1.96717969452071e-01 1.00178946398624e+05 
1.96893128970155e-01 1.00221282787544e+05 
1.97069886092803e-01 1.00263735091029e+05 
1.97242520917597e-01 1.00305096794627e+05 
1.97420383927924e-01 1.00346419555534e+05 
1.97594501749700e-01 1.00384236130851e+05 
1.97772423523453e-01 1.00418931216560e+05 
1.97950359519259e-01 1.00448793937587e+05 
1.98128325716206e-01 1.00473062338081e+05 
1.98306345755478e-01 1.00488899030505e+05 
1.98484378923134e-01 1.00499309852618e+05 
1.98662439174137e-01 1.00503327347697e+05 
1.98840484356593e-01 1.00502254305286e+05 
1.99018532641498e-01 1.00499507228088e+05 
1.99196610329871e-01 1.00494544668409e+05 
1.99374744838280e-01 1.00487355246149e+05 
1.99552900146842e-01 1.00478247670683e+05 
1.99731088278456e-01 1.00468869601231e+05 
1.99909266100098e-01 1.00458292152083e+05 
2.00087448931231e-01 1.00450363116155e+05 
2.00265663126881e-01 1.00442880144307e+05 
