# Liste des scalaires : TEMPS pmat 
0.00000000000000e+00 1.00000000000000e+05 
5.42217668469038e-05 1.00000000000000e+05 
1.01598800026512e-04 1.00000000000000e+05 
1.47384528042248e-04 1.00000000000000e+05 
1.91342653481137e-04 1.00000000000000e+05 
2.35745667975677e-04 1.00000000000000e+05 
2.79050418772712e-04 1.00000000000000e+05 
3.22951488865731e-04 1.00000000000000e+05 
3.66967598875158e-04 1.00000000000000e+05 
4.11051103701831e-04 1.00000000000000e+05 
4.56387995840563e-04 1.00000000000000e+05 
5.01472327605516e-04 1.00000000000000e+05 
5.47278675123332e-04 1.00000000000000e+05 
5.94129176921241e-04 1.00000000000000e+05 
6.41381484738695e-04 1.00000000000000e+05 
6.89350823808443e-04 1.00000000000000e+05 
7.38263707653294e-04 1.00000000000000e+05 
7.88174772015821e-04 1.00000000000000e+05 
8.38863140221890e-04 1.00000000000000e+05 
8.89899639641892e-04 1.00000000000000e+05 
9.41855772742492e-04 1.00000000000000e+05 
9.95176844549832e-04 1.00000000000000e+05 
1.04943448754681e-03 1.00000000000000e+05 
1.10476602278383e-03 1.00000000000000e+05 
1.16057284415474e-03 1.00000000000000e+05 
1.21767582470175e-03 1.00000000000000e+05 
1.27594067253489e-03 1.00000000000000e+05 
1.33546049379590e-03 1.00000000000000e+05 
1.39567849022427e-03 1.00000000000000e+05 
1.45705380274978e-03 1.00000000000000e+05 
1.51953683241378e-03 1.00000000000000e+05 
1.58209825829138e-03 1.00000000000000e+05 
1.64494462774510e-03 1.00000000000000e+05 
1.70849502219105e-03 1.00000000000000e+05 
1.77296367168969e-03 1.00000000000000e+05 
1.83746745382419e-03 1.00000000000000e+05 
1.90264713993151e-03 1.00000000000000e+05 
1.96935382681289e-03 1.00000000000000e+05 
2.03683358826937e-03 1.00000000000000e+05 
2.10503178985989e-03 1.00000000000000e+05 
2.17466312913083e-03 1.00000000000000e+05 
2.24614194309849e-03 1.00000000000000e+05 
2.31841903874916e-03 1.00000000000000e+05 
2.39141086824520e-03 1.00000000000000e+05 
2.46573611617600e-03 1.00000000000000e+05 
2.54148944886947e-03 1.00000000000000e+05 
2.61844662967767e-03 1.00000000000000e+05 
2.69587287058570e-03 1.00000000000000e+05 
2.77486877421272e-03 1.00000000000000e+05 
2.85416993926972e-03 1.00000000000000e+05 
2.93265240757731e-03 1.00000000000000e+05 
3.01206777141224e-03 1.00000000000000e+05 
3.09270359285911e-03 1.00000000000000e+05 
3.17473363030042e-03 1.00000000000000e+05 
3.25795941406537e-03 1.00000000000000e+05 
3.34067935347133e-03 1.00000000000000e+05 
3.42503668538042e-03 1.00000000000000e+05 
3.51030882811897e-03 1.00000000000000e+05 
3.59441552290529e-03 1.00000000000000e+05 
3.67982237772542e-03 1.00000000000000e+05 
3.76682875374804e-03 1.00000000000000e+05 
3.85210154569570e-03 1.00000000000000e+05 
3.93825932065126e-03 1.00000000000000e+05 
4.02557884492396e-03 1.00000000000000e+05 
4.11420590769134e-03 1.00000000000000e+05 
4.20441079430036e-03 1.00000000000000e+05 
4.29440280589233e-03 1.00000000000000e+05 
4.38569276606345e-03 1.00000000000000e+05 
4.47714958738643e-03 1.00000000000000e+05 
4.56988950364200e-03 1.00000000000000e+05 
4.66418652989751e-03 1.00000000000000e+05 
4.75924410036649e-03 1.00000000000000e+05 
4.85548909077856e-03 1.00000000000000e+05 
4.95249478732456e-03 1.00000000000000e+05 
5.05119280769188e-03 1.00000000000000e+05 
5.15135659401892e-03 1.00000000000000e+05 
5.25270094750256e-03 1.00000000000000e+05 
5.35456197966355e-03 1.00000000000000e+05 
5.45566106332546e-03 1.00000000000000e+05 
5.55744331271382e-03 1.00000000000000e+05 
5.65911103479162e-03 1.00000000000000e+05 
5.76117724528424e-03 1.00000000000000e+05 
5.86406518149983e-03 1.00000000000000e+05 
5.96639172812296e-03 1.00000000000000e+05 
6.06827498263030e-03 1.00000000000000e+05 
6.16990173657842e-03 1.00000000000000e+05 
6.27147880830926e-03 1.00000000000000e+05 
6.37295510080634e-03 1.00000000000000e+05 
6.47455463349893e-03 1.00000000000000e+05 
6.57625315129530e-03 1.00000000000000e+05 
6.67804892772345e-03 1.00000000000000e+05 
6.78003188709135e-03 1.00000000000000e+05 
6.88237018460646e-03 1.00000000000000e+05 
6.98494893460267e-03 1.00000000000000e+05 
7.08787524431805e-03 1.00000000000000e+05 
7.19109063633848e-03 1.00000000000000e+05 
7.29456971732813e-03 1.00000000000000e+05 
7.39833863642190e-03 1.00000000000000e+05 
7.50245251358263e-03 1.00000000000000e+05 
7.60680684162911e-03 1.00000000000000e+05 
7.71148910493345e-03 1.00000000000000e+05 
7.81643288343366e-03 1.00000000000000e+05 
7.92261229202630e-03 1.00000000000000e+05 
8.02907374971561e-03 1.00000000000000e+05 
8.13560420368197e-03 1.00000000000000e+05 
8.24234557464711e-03 1.00000000000000e+05 
8.34928442944458e-03 1.00000000000000e+05 
8.45661117278379e-03 1.00000000000000e+05 
8.56428492317383e-03 1.00000000000000e+05 
8.67226132799283e-03 1.00000000000000e+05 
8.78036610844317e-03 1.00000000000000e+05 
8.88871238368665e-03 1.00000000000000e+05 
8.99727018007900e-03 1.00000000000000e+05 
9.10613437312259e-03 1.00000000000000e+05 
9.21515176557681e-03 1.00000000000000e+05 
9.32373319999273e-03 1.00000000000000e+05 
9.43149151717705e-03 1.00000000000000e+05 
9.53936816278074e-03 1.00000000000000e+05 
9.64739229372672e-03 1.00000000000000e+05 
9.75554047253308e-03 1.00000000000000e+05 
9.86381068230308e-03 1.00000000000000e+05 
9.97219586107924e-03 1.00000000000000e+05 
1.00805663004134e-02 1.00000000000000e+05 
1.01882472522111e-02 1.00000000000000e+05 
1.02962925365298e-02 1.00000000000000e+05 
1.04046246633537e-02 1.00000000000000e+05 
1.05130171499205e-02 1.00000000000000e+05 
1.06213966634608e-02 1.00000000000000e+05 
1.07297949061426e-02 1.00000000000000e+05 
1.08382139122201e-02 1.00000000000000e+05 
1.09466413528966e-02 1.00000000000000e+05 
1.10551104015905e-02 1.00000000000000e+05 
1.11636416768330e-02 1.00000000000000e+05 
1.12721761167786e-02 1.00000000000000e+05 
1.13807455470918e-02 1.00000000000000e+05 
1.14893754556434e-02 1.00000000000000e+05 
1.15980331051162e-02 1.00000000000000e+05 
1.17067366330766e-02 1.00000000000000e+05 
1.18155627955469e-02 1.00000000000000e+05 
1.19244438765565e-02 1.00000000000000e+05 
1.20331048662844e-02 1.00000000000000e+05 
1.21419014593329e-02 1.00000000000000e+05 
1.22500096948435e-02 1.00000000000000e+05 
1.23578054706157e-02 1.00000000000000e+05 
1.24655700202677e-02 1.00000000000000e+05 
1.25733268675268e-02 1.00000000000000e+05 
1.26810254428141e-02 1.00000000000000e+05 
1.27888778464626e-02 1.00000000000000e+05 
1.28966254946202e-02 1.00000000000000e+05 
1.30043721749861e-02 1.00000000000000e+05 
1.31121239070530e-02 1.00000000000000e+05 
1.32198865414104e-02 1.00000000000000e+05 
1.33276301777743e-02 1.00000000000000e+05 
1.34353484728947e-02 1.00000000000000e+05 
1.35429609336452e-02 1.00000000000000e+05 
1.36505182939206e-02 1.00000000000000e+05 
1.37580884547415e-02 1.00000000000000e+05 
1.38656365535534e-02 1.00000000000000e+05 
1.39732154463828e-02 1.00000000000000e+05 
1.40808518185585e-02 1.00000000000000e+05 
1.41885910043635e-02 1.00000000000000e+05 
1.42964203066848e-02 1.00000000000000e+05 
1.44043155038441e-02 1.00000000000000e+05 
1.45122287354368e-02 1.00000000000000e+05 
1.46201762287635e-02 1.00000000000000e+05 
1.47280070895084e-02 1.00000000000000e+05 
1.48353645460249e-02 1.00000000000000e+05 
1.49421801010145e-02 1.00000000000000e+05 
1.50499475385526e-02 1.00000000000000e+05 
1.51580643771444e-02 1.00000000000000e+05 
1.52648780004733e-02 1.00000000000000e+05 
1.53727058525328e-02 1.00000000000000e+05 
1.54796057813120e-02 1.00000000000000e+05 
1.55865608917054e-02 1.00000000000000e+05 
1.56945652144748e-02 1.00000000000000e+05 
1.58016627014276e-02 1.00000000000000e+05 
1.59087799348794e-02 1.00000000000000e+05 
1.60168276696597e-02 1.00000000000000e+05 
1.61238417602150e-02 1.00000000000000e+05 
1.62308621276799e-02 1.00000000000000e+05 
1.63389198793273e-02 1.00000000000000e+05 
1.64459828865361e-02 1.00000000000000e+05 
1.65530732016693e-02 1.00000000000000e+05 
1.66602135152040e-02 1.00000000000000e+05 
1.67673504892818e-02 1.00000000000000e+05 
1.68745742410394e-02 1.00000000000000e+05 
1.69819044523262e-02 1.00000000000000e+05 
1.70892826705688e-02 1.00000000000000e+05 
1.71967373835992e-02 1.00000000000000e+05 
1.73043686438123e-02 1.00000000000000e+05 
1.74120941456259e-02 1.00000000000000e+05 
1.75201264908138e-02 1.00000000000000e+05 
1.76279663978566e-02 1.00000000000000e+05 
1.77358820200207e-02 1.00000000000000e+05 
1.78435609930067e-02 1.00000000000000e+05 
1.79511967389130e-02 1.00000000000000e+05 
1.80588596966215e-02 1.00000000000000e+05 
1.81666060506490e-02 1.00000000000000e+05 
1.82740361897476e-02 1.00000000000000e+05 
1.83816999887932e-02 1.00000000000000e+05 
1.84888045380491e-02 1.00000000000000e+05 
1.85961597624600e-02 1.00000000000000e+05 
1.87037428823884e-02 1.00000000000000e+05 
1.88116339663549e-02 1.00000000000000e+05 
1.89190517102957e-02 1.00000000000000e+05 
1.90268428252107e-02 1.00000000000000e+05 
1.91341822859114e-02 1.00000000000000e+05 
1.92419060903313e-02 1.00000000000000e+05 
1.93499493634948e-02 1.00000000000000e+05 
1.94580025204942e-02 1.00000000000000e+05 
1.95665049312250e-02 1.00000000000000e+05 
1.96748117712679e-02 1.00000000000000e+05 
1.97833704471393e-02 1.00000000000000e+05 
1.98919065568523e-02 1.00000000000000e+05 
2.00003909899246e-02 1.00000000000000e+05 
2.01087563786209e-02 1.00000000000000e+05 
2.02170392093036e-02 1.00000000000000e+05 
2.03252379083522e-02 1.00000000000000e+05 
2.04334638383948e-02 1.00000000000000e+05 
2.05418010668616e-02 1.00000000000000e+05 
2.06501791203411e-02 1.00000000000000e+05 
2.07585270097082e-02 1.00000000000000e+05 
2.08667652937100e-02 1.00000000000000e+05 
2.09750138703067e-02 1.00000000000000e+05 
2.10831456556017e-02 1.00000000000000e+05 
2.11915018839248e-02 1.00000000000000e+05 
2.12995088680605e-02 1.00000000000000e+05 
2.14078992331485e-02 1.00000000000000e+05 
2.15162553565587e-02 1.00000000000000e+05 
2.16245872297965e-02 1.00000000000000e+05 
2.17322102869068e-02 1.00000000000000e+05 
2.18405460954280e-02 1.00000000000000e+05 
2.19480569505581e-02 1.00000000000000e+05 
2.20563183176041e-02 1.00000000000000e+05 
2.21645411000160e-02 1.00000000000000e+05 
2.22728018362058e-02 1.00000000000000e+05 
2.23795923966628e-02 1.00000000000000e+05 
2.24877886635192e-02 1.00000000000000e+05 
2.25950548251590e-02 1.00000000000000e+05 
2.27031385144361e-02 1.00000000000000e+05 
2.28110327442118e-02 1.00000000000000e+05 
2.29188993209812e-02 1.00000000000000e+05 
2.30260369535898e-02 1.00000000000000e+05 
2.31339166249557e-02 1.00000000000000e+05 
2.32409364238750e-02 1.00000000000000e+05 
2.33487610592025e-02 1.00000000000000e+05 
2.34567623417072e-02 1.00000000000000e+05 
2.35650498075982e-02 1.00000000000000e+05 
2.36717700603384e-02 1.00000000000000e+05 
2.37794286382615e-02 1.00000000000000e+05 
2.38862348744644e-02 1.00000000000000e+05 
2.39947694780632e-02 1.00000000000000e+05 
2.41032890698622e-02 1.00000000000000e+05 
2.42118427904160e-02 1.00000000000000e+05 
2.43186651032152e-02 1.00000000000000e+05 
2.44265565920879e-02 1.00000000000000e+05 
2.45337519521272e-02 1.00000000000000e+05 
2.46423380278839e-02 1.00000000000000e+05 
2.47508764390305e-02 1.00000000000000e+05 
2.48593227343171e-02 1.00000000000000e+05 
2.49674525578758e-02 1.00000000000000e+05 
2.50758993613828e-02 1.00000000000000e+05 
2.51844122942668e-02 1.00000000000000e+05 
2.52929566300809e-02 1.00000000000000e+05 
2.54014427841186e-02 1.00000000000000e+05 
2.55099103589668e-02 1.00000000000000e+05 
2.56184013952886e-02 1.00000000000000e+05 
2.57267981920688e-02 1.00000000000000e+05 
2.58352486998269e-02 1.00000000000000e+05 
2.59436070317118e-02 1.00000000000000e+05 
2.60520336897976e-02 1.00000000000000e+05 
2.61606487547382e-02 1.00000000000000e+05 
2.62694722916754e-02 1.00000000000000e+05 
2.63784212913652e-02 1.00000000000000e+05 
2.64873858466507e-02 1.00000000000000e+05 
2.65963774885012e-02 1.00000000000000e+05 
2.67053724848866e-02 1.00000000000000e+05 
2.68143345420105e-02 1.00000000000000e+05 
2.69233485482916e-02 1.00000000000000e+05 
2.70324452495821e-02 1.00000000000000e+05 
2.71414176747953e-02 1.00000000000000e+05 
2.72511555067636e-02 1.00000000000000e+05 
2.73600651249006e-02 1.00000000000000e+05 
2.74698064035090e-02 1.00000000000000e+05 
2.75787181841321e-02 1.00000000000000e+05 
2.76876877978529e-02 1.00000000000000e+05 
2.77967955414900e-02 1.00000000000000e+05 
2.79064633813675e-02 1.00000000000000e+05 
2.80160456717582e-02 1.00000000000000e+05 
2.81255918019570e-02 1.00000000000000e+05 
2.82349594157331e-02 1.00000000000000e+05 
2.83444288856071e-02 1.00000000000000e+05 
2.84539049194624e-02 1.00000000000000e+05 
2.85624846058414e-02 1.00000000000000e+05 
2.86717589660730e-02 1.00000000000000e+05 
2.87810270309681e-02 1.00000000000000e+05 
2.88895690944221e-02 1.00000000000000e+05 
2.89990433800768e-02 1.00000000000000e+05 
2.91088877360333e-02 1.00000000000000e+05 
2.92190571441903e-02 1.00000000000000e+05 
2.93289805706773e-02 1.00000000000000e+05 
2.94393233646272e-02 1.00000000000000e+05 
2.95496271266458e-02 1.00000000000000e+05 
2.96592591536291e-02 1.00000000000000e+05 
2.97693659188825e-02 1.00000000000000e+05 
2.98795111283156e-02 1.00000000000000e+05 
2.99889399490868e-02 1.00000000000000e+05 
3.00989398072992e-02 1.00000000000000e+05 
3.02087883056869e-02 1.00000000000000e+05 
3.03178656976157e-02 1.00000000000000e+05 
3.04275596080653e-02 1.00000000000000e+05 
3.05373321205756e-02 1.00000000000000e+05 
3.06461631667069e-02 1.00000000000000e+05 
3.07558301825288e-02 1.00000000000000e+05 
3.08625629009607e-02 1.00000000000000e+05 
3.09707309708526e-02 1.00000000000000e+05 
3.10781827123450e-02 1.00000000000000e+05 
3.11877096767578e-02 1.00000000000000e+05 
3.12960525998319e-02 1.00000000000000e+05 
3.14054393540738e-02 1.00000000000000e+05 
3.15145620325909e-02 1.00000000000000e+05 
3.16227779943061e-02 1.00000000000000e+05 
3.17320476696512e-02 1.00000000000000e+05 
3.18417211445108e-02 1.00000000000000e+05 
3.19504323989914e-02 1.00000000000000e+05 
3.20607327657714e-02 1.00000000000000e+05 
3.21704643751293e-02 1.00000000000000e+05 
3.22801021855252e-02 1.00000000000000e+05 
3.23898334301622e-02 1.00000000000000e+05 
3.25028223719182e-02 1.00000000000000e+05 
3.26159802477675e-02 1.00000000000000e+05 
3.27289802570747e-02 1.00000000000000e+05 
3.28387126628854e-02 1.00000000000000e+05 
3.29496253560136e-02 1.00000000000000e+05 
3.30600193565012e-02 1.00000000000000e+05 
3.31731340061404e-02 1.00000000000000e+05 
3.32865291348238e-02 1.00000000000000e+05 
3.34004261890982e-02 1.00000000000000e+05 
3.35114060404923e-02 1.00000000000000e+05 
3.36197839780818e-02 1.00000000000000e+05 
3.37273813792741e-02 1.00000000000000e+05 
3.38372665701407e-02 1.00000000000000e+05 
3.39488740751379e-02 1.00000000000000e+05 
3.40608170678232e-02 1.00000000000000e+05 
3.41697319944924e-02 1.00000000000000e+05 
3.42805163511227e-02 1.00000000000000e+05 
3.43903258836096e-02 1.00000000000000e+05 
3.45025962026088e-02 1.00000000000000e+05 
3.46170799461911e-02 1.00000000000000e+05 
3.47316501554075e-02 1.00000000000000e+05 
3.48435172647284e-02 1.00000000000000e+05 
3.49570084656346e-02 1.00000000000000e+05 
3.50697458601089e-02 1.00000000000000e+05 
3.51839738694837e-02 1.00000000000000e+05 
3.52994784115728e-02 1.00000000000000e+05 
3.54155529991637e-02 1.00000000000000e+05 
3.55285046825417e-02 1.00000000000000e+05 
3.56423449035442e-02 1.00000000000000e+05 
3.57552757634572e-02 1.00000000000000e+05 
3.58705941614980e-02 1.00000000000000e+05 
3.59869747764455e-02 1.00000000000000e+05 
3.61035277508125e-02 1.00000000000000e+05 
3.62164549503498e-02 1.00000000000000e+05 
3.63302239377639e-02 1.00000000000000e+05 
3.64432961290722e-02 1.00000000000000e+05 
3.65591446702735e-02 1.00000000000000e+05 
3.66759626027957e-02 1.00000000000000e+05 
3.67924256619153e-02 1.00000000000000e+05 
3.69057982898512e-02 1.00000000000000e+05 
3.70207591965582e-02 1.00000000000000e+05 
3.71349679600827e-02 1.00000000000000e+05 
3.72504086858166e-02 1.00000000000000e+05 
3.73670190375223e-02 1.00000000000000e+05 
3.74838259396592e-02 1.00000000000000e+05 
3.75981830898184e-02 1.00000000000000e+05 
3.77135466109995e-02 1.00000000000000e+05 
3.78278984981531e-02 1.00000000000000e+05 
3.79438924653054e-02 1.00000000000000e+05 
3.80610759129142e-02 1.00000000000000e+05 
3.81784440669054e-02 1.00000000000000e+05 
3.82927556388918e-02 1.00000000000000e+05 
3.84080960619696e-02 1.00000000000000e+05 
3.85224987815733e-02 1.00000000000000e+05 
3.86393132978432e-02 1.00000000000000e+05 
3.87573393464847e-02 1.00000000000000e+05 
3.88753669109678e-02 1.00000000000000e+05 
3.89905165043709e-02 1.00000000000000e+05 
3.91075041415633e-02 1.00000000000000e+05 
3.92235595399679e-02 1.00000000000000e+05 
3.93418406163126e-02 1.00000000000000e+05 
3.94610855633049e-02 1.00000000000000e+05 
3.95820979530671e-02 1.00000000000000e+05 
3.96998707089394e-02 1.00000000000000e+05 
3.98198574910261e-02 1.00000000000000e+05 
3.99389442603641e-02 1.00000000000000e+05 
4.00609701057862e-02 1.00000000000000e+05 
4.01813645038469e-02 1.00000000000000e+05 
4.03033242338815e-02 1.00000000000000e+05 
4.04227053646793e-02 1.00000000000000e+05 
4.05429939831692e-02 1.00000000000000e+05 
4.06622281835640e-02 1.00000000000000e+05 
4.07843383759003e-02 1.00000000000000e+05 
4.09064243966123e-02 1.00000000000000e+05 
4.10286863142264e-02 1.00000000000000e+05 
4.11479744332400e-02 1.00000000000000e+05 
4.12683167658098e-02 1.00000000000000e+05 
4.13875489922074e-02 1.00000000000000e+05 
4.15087634413236e-02 1.00000000000000e+05 
4.16308700225749e-02 1.00000000000000e+05 
4.17535132551198e-02 1.00000000000000e+05 
4.18727236438762e-02 1.00000000000000e+05 
4.19928486249229e-02 1.00000000000000e+05 
4.21120245882848e-02 1.00000000000000e+05 
4.22332949907947e-02 1.00000000000000e+05 
4.23521567518575e-02 1.00000000000000e+05 
4.24722652642730e-02 1.00000000000000e+05 
4.25915591855437e-02 1.00000000000000e+05 
4.27106595537487e-02 1.00000000000000e+05 
4.28302624652449e-02 1.00000000000000e+05 
4.29520401354533e-02 1.00000000000000e+05 
4.30713236014663e-02 1.00000000000000e+05 
4.31920487672159e-02 1.00000000000000e+05 
4.33128451861132e-02 1.00000000000000e+05 
4.34324685438311e-02 1.00000000000000e+05 
4.35541710259823e-02 1.00000000000000e+05 
4.36757399795364e-02 1.00000000000000e+05 
4.37955159608063e-02 1.00000000000000e+05 
4.39169930485196e-02 1.00000000000000e+05 
4.40391526981829e-02 1.00000000000000e+05 
4.41594186559740e-02 1.00000000000000e+05 
4.42820460119499e-02 1.00000000000000e+05 
4.44037983585207e-02 1.00000000000000e+05 
4.45247895108934e-02 1.00000000000000e+05 
4.46465954706812e-02 1.00000000000000e+05 
4.47693656224135e-02 1.00000000000000e+05 
4.48916025979044e-02 1.00000000000000e+05 
4.50147910808572e-02 1.00000000000000e+05 
4.51366273932912e-02 1.00000000000000e+05 
4.52595406563921e-02 1.00000000000000e+05 
4.53812968314008e-02 1.00000000000000e+05 
4.55045616504615e-02 1.00000000000000e+05 
4.56278702116706e-02 1.00000000000000e+05 
4.57510351822386e-02 1.00000000000000e+05 
4.58730104184292e-02 1.00000000000000e+05 
4.59961787538505e-02 1.00000000000000e+05 
4.61182753668535e-02 1.00000000000000e+05 
4.62415878202037e-02 1.00000000000000e+05 
4.63651424628474e-02 1.00000000000000e+05 
4.64886810947926e-02 1.00000000000000e+05 
4.66114065214730e-02 1.00000000000000e+05 
4.67354998079599e-02 1.00000000000000e+05 
4.68587739422503e-02 1.00000000000000e+05 
4.69829938971052e-02 1.00000000000000e+05 
4.71075834635889e-02 1.00000000000000e+05 
4.72315553110038e-02 1.00000000000000e+05 
4.73553948134748e-02 1.00000000000000e+05 
4.74806821167236e-02 1.00000000000000e+05 
4.76056878086276e-02 1.00000000000000e+05 
4.77310215534288e-02 1.00000000000000e+05 
4.78563951887325e-02 1.00000000000000e+05 
4.79817524730457e-02 1.00000000000000e+05 
4.81070438969771e-02 1.00000000000000e+05 
4.82324339015942e-02 1.00000000000000e+05 
4.83578022864522e-02 1.00000000000000e+05 
4.84832293799313e-02 1.00000000000000e+05 
4.86086755366834e-02 1.00000000000000e+05 
4.87341498598429e-02 1.00000000000000e+05 
4.88596139784081e-02 1.00000000000000e+05 
4.89851285965974e-02 1.00000000000000e+05 
4.91106954344419e-02 1.00000000000000e+05 
4.92363049110214e-02 1.00000000000000e+05 
4.93619536674430e-02 1.00000000000000e+05 
4.94876566297117e-02 1.00000000000000e+05 
4.96133988108092e-02 1.00000000000000e+05 
4.97391827756263e-02 1.00000000000000e+05 
4.98651919578405e-02 1.00000000000000e+05 
4.99912192766471e-02 1.00000000000000e+05 
5.01173427375640e-02 1.00000000000000e+05 
5.02436260379272e-02 1.00000000000000e+05 
5.03701637961399e-02 1.00000000000000e+05 
5.04966315765608e-02 1.00000000000000e+05 
5.06235013182803e-02 1.00000000000000e+05 
5.07503306941838e-02 1.00000000000000e+05 
5.08773443254214e-02 1.00000000000000e+05 
5.10045896177832e-02 1.00000000000000e+05 
5.11318327277677e-02 1.00000000000000e+05 
5.12590704045132e-02 1.00000000000000e+05 
5.13862954801332e-02 1.00000000000000e+05 
5.15133810589864e-02 1.00000000000000e+05 
5.16403394306889e-02 1.00000000000000e+05 
5.17672044921828e-02 1.00000000000000e+05 
5.18939634568872e-02 1.00000000000000e+05 
5.20206384995604e-02 1.00000000000000e+05 
5.21472487247825e-02 1.00000000000000e+05 
5.22736823996965e-02 1.00000000000000e+05 
5.23999964032609e-02 1.00000000000000e+05 
5.25261626250055e-02 1.00000000000000e+05 
5.26525658907491e-02 1.00000000000000e+05 
5.27795735350439e-02 1.00000000000000e+05 
5.29073302916690e-02 1.00000000000000e+05 
5.30352238262162e-02 1.00000000000000e+05 
5.31640683943732e-02 1.00000000000000e+05 
5.32934730876537e-02 1.00000000000000e+05 
5.34242652159364e-02 1.00000000000000e+05 
5.35550058913631e-02 1.00000000000000e+05 
5.36876068454719e-02 1.00000000000000e+05 
5.38201204697558e-02 1.00000000000000e+05 
5.39532089307857e-02 1.00000000000000e+05 
5.40879224116644e-02 1.00000000000000e+05 
5.42245593668490e-02 1.00000000000000e+05 
5.43614280505735e-02 1.00000000000000e+05 
5.44984047369675e-02 1.00000000000000e+05 
5.46355934619905e-02 1.00000000000000e+05 
5.47730555538820e-02 1.00000000000000e+05 
5.49105088309388e-02 1.00000000000000e+05 
5.50482869909158e-02 1.00000000000000e+05 
5.51826580421292e-02 1.00000000000000e+05 
5.53171688078812e-02 1.00000000000000e+05 
5.54520214582817e-02 1.00000000000000e+05 
5.55871224998589e-02 1.00000000000000e+05 
5.57223548047464e-02 1.00000000000000e+05 
5.58576359012751e-02 1.00000000000000e+05 
5.59930821310061e-02 1.00000000000000e+05 
5.61286030023861e-02 1.00000000000000e+05 
5.62643252789348e-02 1.00000000000000e+05 
5.64001583554729e-02 1.00000000000000e+05 
5.65362192462631e-02 1.00000000000000e+05 
5.66725524643590e-02 1.00000000000000e+05 
5.68092162569319e-02 1.00000000000000e+05 
5.69460597541838e-02 1.00000000000000e+05 
5.70830268837250e-02 1.00000000000000e+05 
5.72200579277131e-02 1.00000000000000e+05 
5.73572040433974e-02 1.00000000000000e+05 
5.74944500705444e-02 1.00000000000000e+05 
5.76318506165363e-02 1.00000000000000e+05 
5.77694448216577e-02 1.00000000000000e+05 
5.79071320939853e-02 1.00000000000000e+05 
5.80451637424073e-02 1.00000000000000e+05 
5.81832140046021e-02 1.00000000000000e+05 
5.83218056052839e-02 1.00000000000000e+05 
5.84607745970569e-02 1.00000000000000e+05 
5.86002445948838e-02 1.00000000000000e+05 
5.87395166365056e-02 1.00000000000000e+05 
5.88800342673543e-02 1.00000000000000e+05 
5.90200727113232e-02 1.00000000000000e+05 
5.91615667367201e-02 1.00000000000000e+05 
5.93032710315674e-02 1.00000000000000e+05 
5.94448536306837e-02 1.00000000000000e+05 
5.95867510911801e-02 1.00000000000000e+05 
5.97287488776956e-02 1.00000000000000e+05 
5.98618712423231e-02 1.00000000000000e+05 
5.99963364933467e-02 1.00000000000000e+05 
6.01323223419834e-02 1.00000000000000e+05 
6.02687317096454e-02 1.00000000000000e+05 
6.04026208182345e-02 1.00000000000000e+05 
6.05392628702396e-02 1.00000000000000e+05 
6.06734797535116e-02 1.00000000000000e+05 
6.08091885099811e-02 1.00000000000000e+05 
6.09464773060057e-02 1.00000000000000e+05 
6.10849447727722e-02 1.00000000000000e+05 
6.12197921996615e-02 1.00000000000000e+05 
6.13571866325485e-02 1.00000000000000e+05 
6.14922457706639e-02 1.00000000000000e+05 
6.16288841971732e-02 1.00000000000000e+05 
6.17672574692111e-02 1.00000000000000e+05 
6.19061977873491e-02 1.00000000000000e+05 
6.20419455277712e-02 1.00000000000000e+05 
6.21797498922043e-02 1.00000000000000e+05 
6.23157756182501e-02 1.00000000000000e+05 
6.24536256153661e-02 1.00000000000000e+05 
6.25934414719336e-02 1.00000000000000e+05 
6.27336086355573e-02 1.00000000000000e+05 
6.28705622095099e-02 1.00000000000000e+05 
6.30094712755312e-02 1.00000000000000e+05 
6.31469275840566e-02 1.00000000000000e+05 
6.32867378627799e-02 1.00000000000000e+05 
6.34290978983519e-02 1.00000000000000e+05 
6.35721531301205e-02 1.00000000000000e+05 
6.37111817592741e-02 1.00000000000000e+05 
6.38531574374229e-02 1.00000000000000e+05 
6.39934694343002e-02 1.00000000000000e+05 
6.41376695366711e-02 1.00000000000000e+05 
6.42841864268554e-02 1.00000000000000e+05 
6.44309215871626e-02 1.00000000000000e+05 
6.45752363568552e-02 1.00000000000000e+05 
6.47223309061790e-02 1.00000000000000e+05 
6.48682243289707e-02 1.00000000000000e+05 
6.50155626524424e-02 1.00000000000000e+05 
6.51628951097464e-02 1.00000000000000e+05 
6.53101396533272e-02 1.00000000000000e+05 
6.54572199431726e-02 1.00000000000000e+05 
6.56042275255580e-02 1.00000000000000e+05 
6.57511446169376e-02 1.00000000000000e+05 
6.58980602081941e-02 1.00000000000000e+05 
6.60449773541025e-02 1.00000000000000e+05 
6.61918939318980e-02 1.00000000000000e+05 
6.63387054827729e-02 1.00000000000000e+05 
6.64856585535882e-02 1.00000000000000e+05 
6.66327018426859e-02 1.00000000000000e+05 
6.67796800029660e-02 1.00000000000000e+05 
6.69266516492501e-02 1.00000000000000e+05 
6.70737145455592e-02 1.00000000000000e+05 
6.72209664363283e-02 1.00000000000000e+05 
6.73687562470716e-02 1.00000000000000e+05 
6.75166908824098e-02 1.00000000000265e+05 
6.76646274435582e-02 1.00000000010659e+05 
6.78126505770491e-02 1.00000000043336e+05 
6.79606582238931e-02 1.00000000102629e+05 
6.81087689039741e-02 1.00000000298850e+05 
6.82571629054395e-02 1.00000000698965e+05 
6.84053326259965e-02 1.00000001171014e+05 
6.85531765732466e-02 1.00000001754122e+05 
6.87011034528227e-02 1.00000002499959e+05 
6.88492364717836e-02 1.00000003336107e+05 
6.89978996791569e-02 1.00000004440686e+05 
6.91470056550798e-02 1.00000005950546e+05 
6.92967510155201e-02 1.00000007840263e+05 
6.94468737860948e-02 1.00000010381070e+05 
6.95969392287984e-02 1.00000013769239e+05 
6.97471391277907e-02 1.00000018173727e+05 
6.98976942722884e-02 1.00000023878839e+05 
7.00484481100438e-02 1.00000031234261e+05 
7.01995684644602e-02 1.00000040514128e+05 
7.03505030559788e-02 1.00000051940833e+05 
7.05015772928649e-02 1.00000066005852e+05 
7.06529481171008e-02 1.00000082910374e+05 
7.08042555130480e-02 1.00000102972855e+05 
7.09555221443802e-02 1.00000126780322e+05 
7.11054441230986e-02 1.00000154416717e+05 
7.12567840077568e-02 1.00000186345540e+05 
7.14082676852079e-02 1.00000223457921e+05 
7.15598391962863e-02 1.00000266122161e+05 
7.17115012022564e-02 1.00000315409833e+05 
7.18632339304369e-02 1.00000373856230e+05 
7.20006547458021e-02 1.00000435833956e+05 
7.21403560089376e-02 1.00000509738311e+05 
7.22856108054523e-02 1.00000603493774e+05 
7.24268326557082e-02 1.00000714321175e+05 
7.25643562509623e-02 1.00000847109665e+05 
7.27075447042681e-02 1.00001021397503e+05 
7.28450455378258e-02 1.00001230776816e+05 
7.29840687323872e-02 1.00001493969046e+05 
7.31277904581470e-02 1.00001838926287e+05 
7.32776211933832e-02 1.00002293634687e+05 
7.34153667181879e-02 1.00002818915453e+05 
7.35581073963710e-02 1.00003503561793e+05 
7.37081855491390e-02 1.00004410431292e+05 
7.38605902127061e-02 1.00005571631511e+05 
7.40130362855650e-02 1.00007042645648e+05 
7.41655254945010e-02 1.00008895541413e+05 
7.43035760851582e-02 1.00010979715190e+05 
7.44455569170846e-02 1.00013633921807e+05 
7.45933461916202e-02 1.00017074735582e+05 
7.47384882080535e-02 1.00021287314498e+05 
7.48911722759059e-02 1.00026837524979e+05 
7.50332427631029e-02 1.00033272027039e+05 
7.51714776168667e-02 1.00040978797242e+05 
7.53153600726629e-02 1.00050857356965e+05 
7.54660222056683e-02 1.00063674063560e+05 
7.56194966677078e-02 1.00079897769306e+05 
7.57630435849709e-02 1.00098529359513e+05 
7.59058375247267e-02 1.00121030401563e+05 
7.60539107917817e-02 1.00149255196500e+05 
7.61965159417794e-02 1.00181902803611e+05 
7.63363699829522e-02 1.00219920202460e+05 
7.64808949827144e-02 1.00266316668203e+05 
7.66243288127471e-02 1.00320351463615e+05 
7.67678785972798e-02 1.00383332963355e+05 
7.69082991180306e-02 1.00454373627677e+05 
7.70537032526956e-02 1.00538587348721e+05 
7.71943970616840e-02 1.00631141232852e+05 
7.73320316345663e-02 1.00732816789830e+05 
7.74707704404465e-02 1.00846865078765e+05 
7.76096782034990e-02 1.00973019018979e+05 
7.77462566698485e-02 1.01108781984153e+05 
7.78832415369191e-02 1.01256546333954e+05 
7.80189125105427e-02 1.01413948616733e+05 
7.81561538754035e-02 1.01583791062641e+05 
7.82947905856632e-02 1.01765432825582e+05 
7.84336563063262e-02 1.01956296561106e+05 
7.85754197484691e-02 1.02159011742932e+05 
7.87229808651434e-02 1.02376552737424e+05 
7.88651748205002e-02 1.02590302260177e+05 
7.90136029837656e-02 1.02815317681407e+05 
7.91692264067651e-02 1.03051460141280e+05 
7.93168573838457e-02 1.03271246420843e+05 
7.94720951448411e-02 1.03495660930166e+05 
7.96186401839096e-02 1.03697322517742e+05 
7.97723169373403e-02 1.03899287222251e+05 
7.99287205452683e-02 1.04089938784259e+05 
8.00801610302751e-02 1.04257833044270e+05 
8.02366752878913e-02 1.04409746069280e+05 
8.03738260217584e-02 1.04534121286580e+05 
8.05152715984973e-02 1.04635599877168e+05 
8.06619077579002e-02 1.04719797561753e+05 
8.08144360487910e-02 1.04786701069333e+05 
8.09649056785918e-02 1.04837198487226e+05 
8.11215165326905e-02 1.04866998450294e+05 
8.12592340847114e-02 1.04888618416753e+05 
8.14019705823579e-02 1.04901147240368e+05 
8.15507973777782e-02 1.04906185098665e+05 
8.17069443705306e-02 1.04902180680839e+05 
8.18625297479050e-02 1.04885820475307e+05 
8.20194474560523e-02 1.04854429562166e+05 
8.21577260594691e-02 1.04818279292387e+05 
8.23019652295586e-02 1.04770473272039e+05 
8.24536757251019e-02 1.04716952284864e+05 
8.26102169850130e-02 1.04660154840651e+05 
8.27666154592572e-02 1.04601283277091e+05 
8.29228102596645e-02 1.04539097814059e+05 
8.30788816226656e-02 1.04473392791739e+05 
8.32349447727707e-02 1.04404369555393e+05 
8.33910101119382e-02 1.04333314011598e+05 
8.35467111105562e-02 1.04260506594927e+05 
8.37023242348726e-02 1.04185784992907e+05 
8.38582395601563e-02 1.04109012179544e+05 
8.40148204475751e-02 1.04030236389368e+05 
8.41716772234256e-02 1.03949986983499e+05 
8.43284353022427e-02 1.03868859576698e+05 
8.44852304549748e-02 1.03786822453916e+05 
8.46421689195648e-02 1.03703974113333e+05 
8.47992266156955e-02 1.03620260715192e+05 
8.49564804220639e-02 1.03535868490284e+05 
8.51139770602971e-02 1.03450863516901e+05 
8.52716573216842e-02 1.03365611588541e+05 
8.54295432911956e-02 1.03280221091150e+05 
8.55877032788414e-02 1.03194857336519e+05 
8.57419183101800e-02 1.03111373685602e+05 
8.59001729592547e-02 1.03025782460075e+05 
8.60541565719995e-02 1.02942756989696e+05 
8.62133758046101e-02 1.02857242612606e+05 
8.63732265243020e-02 1.02771723545722e+05 
8.65335202738382e-02 1.02686375087542e+05 
8.66938670571948e-02 1.02601333176565e+05 
8.68543355657537e-02 1.02516708864942e+05 
8.70149388822472e-02 1.02432491477694e+05 
8.71756020008925e-02 1.02348769858515e+05 
8.73363850452685e-02 1.02265488470611e+05 
8.74972728499050e-02 1.02182701705774e+05 
8.76582324674887e-02 1.02100377858459e+05 
8.78183506536707e-02 1.02019114634115e+05 
8.79793856244267e-02 1.01938036070028e+05 
8.81404443993587e-02 1.01857638593687e+05 
8.83015386630285e-02 1.01777898683257e+05 
8.84625424782806e-02 1.01698925704930e+05 
8.86234676543975e-02 1.01620653583392e+05 
8.87843813668581e-02 1.01543127163502e+05 
8.89452872885834e-02 1.01466340318779e+05 
8.91061921923469e-02 1.01390285474839e+05 
8.92671712259130e-02 1.01314872375817e+05 
8.94281131190648e-02 1.01240168787881e+05 
8.95890250120203e-02 1.01166069279610e+05 
8.97499026811296e-02 1.01092630931910e+05 
8.99107884616159e-02 1.01019790222657e+05 
9.00716701493601e-02 1.00947523200707e+05 
9.02158784546804e-02 1.00883163373649e+05 
9.03727004677839e-02 1.00813595471761e+05 
9.05335445509454e-02 1.00742572441415e+05 
9.06860710789284e-02 1.00675550645838e+05 
9.08466201366238e-02 1.00605265424323e+05 
9.10038069254360e-02 1.00536672385016e+05 
9.11640139680964e-02 1.00466920252026e+05 
9.13241861627453e-02 1.00397314020722e+05 
9.14843212009417e-02 1.00327775359446e+05 
9.16444878843054e-02 1.00258346592625e+05 
9.18048163221891e-02 1.00188960548473e+05 
9.19653056820268e-02 1.00119703601868e+05 
9.21259134162352e-02 1.00050663104799e+05 
9.22868445208944e-02 9.99818645117210e+04 
9.24485071200993e-02 9.99131661078311e+04 
9.26100886971612e-02 9.98451338164556e+04 
9.27716613896249e-02 9.97778050623990e+04 
9.29332620232156e-02 9.97112744100327e+04 
9.30948986079776e-02 9.96456484985129e+04 
9.32566154883965e-02 9.95810242703978e+04 
9.34183963832889e-02 9.95174415099127e+04 
9.35803079061690e-02 9.94549430475594e+04 
9.37423282806265e-02 9.93935675608452e+04 
9.39044386006890e-02 9.93334072007008e+04 
9.40665655299038e-02 9.92745212127784e+04 
9.42287787322349e-02 9.92168355700018e+04 
9.43910069160958e-02 9.91603181044224e+04 
9.45428915130504e-02 9.91084164298078e+04 
9.47059192856533e-02 9.90540909655293e+04 
9.48695423179019e-02 9.90010180057258e+04 
9.50337033961138e-02 9.89492951768608e+04 
9.51981724085315e-02 9.88987245053274e+04 
9.53626019900125e-02 9.88492387412682e+04 
9.55270443439311e-02 9.88011991957914e+04 
9.56914992262016e-02 9.87540580017357e+04 
9.58559258033560e-02 9.87078196394354e+04 
9.60202828070604e-02 9.86626721300443e+04 
9.61846133990641e-02 9.86186494778134e+04 
9.63489153917363e-02 9.85757222880144e+04 
9.65132932204701e-02 9.85341095175933e+04 
9.66777526077622e-02 9.84936885364469e+04 
9.68422854228204e-02 9.84546521234368e+04 
9.70068322235700e-02 9.84164894916085e+04 
9.71715505061074e-02 9.83794049463100e+04 
9.73365835808929e-02 9.83430039664883e+04 
9.74850672134364e-02 9.83112592861671e+04 
9.76366343436625e-02 9.82803821610474e+04 
9.78016574092212e-02 9.82481465063558e+04 
9.79586742668969e-02 9.82181652609247e+04 
9.81070464164621e-02 9.81906010815240e+04 
9.82534894553656e-02 9.81639122858202e+04 
9.84050458436512e-02 9.81371726533251e+04 
9.85557272966808e-02 9.81116241634614e+04 
9.87185764618678e-02 9.80859036163345e+04 
9.88738222362194e-02 9.80620031954540e+04 
9.90384296909655e-02 9.80384008247767e+04 
9.91968537209822e-02 9.80170432496435e+04 
9.93535189967648e-02 9.79978759411301e+04 
9.95169252974987e-02 9.79799936279326e+04 
9.96626228952605e-02 9.79666500221935e+04 
9.98129043460797e-02 9.79537606868084e+04 
9.99686604054846e-02 9.79422676444403e+04 
1.00117509487623e-01 9.79323806682188e+04 
1.00257067511273e-01 9.79243796908459e+04 
1.00404524582505e-01 9.79174925237445e+04 
1.00550770870411e-01 9.79124856605987e+04 
1.00702413894377e-01 9.79091989178805e+04 
1.00852878937979e-01 9.79084255345872e+04 
1.01003566786598e-01 9.79093835661857e+04 
1.01150795013726e-01 9.79133620905771e+04 
1.01304058803139e-01 9.79204338421822e+04 
1.01451774853106e-01 9.79308774573803e+04 
1.01605887706025e-01 9.79462323431042e+04 
1.01767281996450e-01 9.79677294412257e+04 
1.01920585390845e-01 9.79885709154343e+04 
1.02081574107737e-01 9.80111826742167e+04 
1.02233677129407e-01 9.80335045873473e+04 
1.02393995231081e-01 9.80582394482297e+04 
1.02559800006206e-01 9.80847059354722e+04 
1.02717418217958e-01 9.81093480276470e+04 
1.02883463027710e-01 9.81334662567070e+04 
1.03035268272684e-01 9.81550414354409e+04 
1.03195338530952e-01 9.81772024167748e+04 
1.03349714074315e-01 9.82006402687062e+04 
1.03516878617112e-01 9.82258872933050e+04 
1.03684925905062e-01 9.82503468861290e+04 
1.03846557611670e-01 9.82718150462316e+04 
1.03985851635493e-01 9.82899300091080e+04 
1.04137074493237e-01 9.83098886098369e+04 
1.04295747194422e-01 9.83307682524594e+04 
1.04451182261037e-01 9.83513547740520e+04 
1.04611602894721e-01 9.83734926434382e+04 
1.04771233652527e-01 9.83965844899595e+04 
1.04927427582430e-01 9.84186407928716e+04 
1.05086884328174e-01 9.84394821474073e+04 
1.05245433659533e-01 9.84595211293351e+04 
1.05409691875421e-01 9.84812275020917e+04 
1.05573904805286e-01 9.85009601161622e+04 
1.05739438539448e-01 9.85166404267811e+04 
1.05900218851444e-01 9.85300877558856e+04 
1.06067561836080e-01 9.85426139259992e+04 
1.06228838194324e-01 9.85553921922465e+04 
1.06397882935817e-01 9.85685726177022e+04 
1.06566942894964e-01 9.85808570043040e+04 
1.06736004203410e-01 9.85896458455801e+04 
1.06901677483081e-01 9.85977110775876e+04 
1.07070750422605e-01 9.86053733401033e+04 
1.07225086940968e-01 9.86137579839555e+04 
1.07394083840379e-01 9.86232974917925e+04 
1.07563051505707e-01 9.86325256517282e+04 
1.07717951434162e-01 9.86382932885918e+04 
1.07879704704449e-01 9.86445285904307e+04 
1.08041029822047e-01 9.86501827876477e+04 
1.08210045581973e-01 9.86587986706938e+04 
1.08379057491906e-01 9.86679414445805e+04 
1.08548055671587e-01 9.86768955693386e+04 
1.08717041329636e-01 9.86830333786381e+04 
1.08866141059793e-01 9.86885174176225e+04 
1.09020251515873e-01 9.86940378221830e+04 
1.09180328459834e-01 9.87016027370349e+04 
1.09349176876378e-01 9.87102240873754e+04 
1.09517966793656e-01 9.87187363433432e+04 
1.09672865316108e-01 9.87245567808970e+04 
1.09833976357171e-01 9.87310762880197e+04 
1.10002297382108e-01 9.87373440244657e+04 
1.10152143107448e-01 9.87439656707349e+04 
1.10307717849412e-01 9.87518678933233e+04 
1.10469626954764e-01 9.87605061760856e+04 
1.10638443262231e-01 9.87682661904967e+04 
1.10794520834214e-01 9.87761702579633e+04 
1.10963404278191e-01 9.87847712325255e+04 
1.11132320636606e-01 9.87949212710054e+04 
1.11301251822389e-01 9.88065758398146e+04 
1.11470180643214e-01 9.88188473271266e+04 
1.11639112560050e-01 9.88300919245855e+04 
1.11808042690931e-01 9.88424853188714e+04 
1.11976968212788e-01 9.88554110873847e+04 
1.12145895546072e-01 9.88703847381104e+04 
1.12314811144354e-01 9.88872221283512e+04 
1.12483707058035e-01 9.89049444311649e+04 
1.12652593450887e-01 9.89222280088112e+04 
1.12821468389354e-01 9.89412945773623e+04 
1.12990330545774e-01 9.89615479357515e+04 
1.13159188548076e-01 9.89824847453276e+04 
1.13328031282387e-01 9.90051763933507e+04 
1.13496853987434e-01 9.90296052501855e+04 
1.13665667560712e-01 9.90532379728393e+04 
1.13834470000365e-01 9.90761719670447e+04 
1.14003259569644e-01 9.90986124928761e+04 
1.14172044431245e-01 9.91217691333271e+04 
1.14340814412269e-01 9.91454285107475e+04 
1.14509567792767e-01 9.91688639449316e+04 
1.14678317943774e-01 9.91908917374164e+04 
1.14847064488272e-01 9.92127389406706e+04 
1.15015806164535e-01 9.92341862262036e+04 
1.15184550979870e-01 9.92567439311107e+04 
1.15353288205648e-01 9.92799302078614e+04 
1.15522016366377e-01 9.93035668399248e+04 
1.15690750213000e-01 9.93255160816339e+04 
1.15859492521035e-01 9.93481441299283e+04 
1.16004417943685e-01 9.93674147155983e+04 
1.16159677216875e-01 9.93889930479367e+04 
1.16314906442167e-01 9.94111326871884e+04 
1.16474066886367e-01 9.94341300954481e+04 
1.16634178657231e-01 9.94561584079174e+04 
1.16789312595712e-01 9.94779258629608e+04 
1.16947625718504e-01 9.94999568628133e+04 
1.17104204684055e-01 9.95225036733686e+04 
1.17264254677353e-01 9.95460036504466e+04 
1.17426300478438e-01 9.95697304377003e+04 
1.17588926616005e-01 9.95922352689499e+04 
1.17746254703869e-01 9.96144203457266e+04 
1.17907333520240e-01 9.96367154620206e+04 
1.18066655469934e-01 9.96596150341516e+04 
1.18229934735970e-01 9.96834787432583e+04 
1.18395328730925e-01 9.97075320351453e+04 
1.18561364004744e-01 9.97300853874333e+04 
1.18721413669199e-01 9.97518475695265e+04 
1.18885782706812e-01 9.97733822382414e+04 
1.19048151602657e-01 9.97951066298300e+04 
1.19214909792072e-01 9.98174603605158e+04 
1.19383821857393e-01 9.98393532360522e+04 
1.19552752330371e-01 9.98593266940875e+04 
1.19715546378317e-01 9.98779000233033e+04 
1.19883234124158e-01 9.98960002651399e+04 
1.20048625755145e-01 9.99136315908211e+04 
1.20217611002742e-01 9.99315501403355e+04 
1.20386604329235e-01 9.99487151126071e+04 
1.20555614177713e-01 9.99643197841815e+04 
1.20721105937322e-01 9.99786050126390e+04 
1.20890147484609e-01 9.99921379228105e+04 
1.21058390303610e-01 1.00005551530114e+05 
1.21227467329776e-01 1.00018223890363e+05 
1.21396557674657e-01 1.00030195707046e+05 
1.21559097666237e-01 1.00039859977456e+05 
1.21727175755285e-01 1.00049035950388e+05 
1.21891241909534e-01 1.00056433865079e+05 
1.22060426931224e-01 1.00063999608312e+05 
1.22226412717420e-01 1.00070712169613e+05 
1.22395632499146e-01 1.00075099711780e+05 
1.22564876324340e-01 1.00076328967478e+05 
1.22734143882496e-01 1.00077112745181e+05 
1.22903430261989e-01 1.00075997512158e+05 
1.23065119207266e-01 1.00075904907394e+05 
1.23212985347259e-01 1.00075161969779e+05 
1.23363163039118e-01 1.00073545386776e+05 
1.23513841901964e-01 1.00070528522626e+05 
1.23669965483892e-01 1.00067278750738e+05 
1.23831233800734e-01 1.00062694046841e+05 
1.23997874493105e-01 1.00058479910761e+05 
1.24167349003504e-01 1.00053462338275e+05 
1.24336853357656e-01 1.00047023853414e+05 
1.24506398907877e-01 1.00039500456360e+05 
1.24659670143129e-01 1.00033116053683e+05 
1.24817621083705e-01 1.00025900186325e+05 
1.24970837600925e-01 1.00018274888674e+05 
1.25135285399382e-01 1.00010018485073e+05 
1.25305051123138e-01 1.00000535284420e+05 
1.25468601862355e-01 9.99911570312705e+04 
1.25621892001030e-01 9.99825068203129e+04 
1.25780330248504e-01 9.99733250566228e+04 
1.25933848061602e-01 9.99641008977679e+04 
1.26094570585143e-01 9.99545670998638e+04 
1.26262187177462e-01 9.99442463526950e+04 
1.26432360107856e-01 9.99337779191626e+04 
1.26602629827628e-01 9.99235794472588e+04 
1.26772970531194e-01 9.99129818701834e+04 
1.26926673926819e-01 9.99031432130937e+04 
1.27086417593269e-01 9.98931969829112e+04 
1.27253123481778e-01 9.98826251832080e+04 
1.27423853280769e-01 9.98718903245086e+04 
1.27594691608404e-01 9.98617083902427e+04 
1.27765539982948e-01 9.98512873559735e+04 
1.27919821708108e-01 9.98418007712894e+04 
1.28080522937801e-01 9.98324202592060e+04 
1.28248522927275e-01 9.98227139283428e+04 
1.28419428097456e-01 9.98131869652598e+04 
1.28590339361627e-01 9.98045037758261e+04 
1.28761256298948e-01 9.97955819653513e+04 
1.28916217855097e-01 9.97876720058421e+04 
1.29078137797574e-01 9.97800632810250e+04 
1.29247840918972e-01 9.97721442250557e+04 
1.29409132170335e-01 9.97653457958135e+04 
1.29578029351443e-01 9.97591548645396e+04 
1.29738070724587e-01 9.97532436896359e+04 
1.29905846072865e-01 9.97469217804033e+04 
1.30076878232397e-01 9.97412663397586e+04 
1.30241630802947e-01 9.97362543020179e+04 
1.30412675533664e-01 9.97317914966384e+04 
1.30572186194354e-01 9.97281991433769e+04 
1.30741987004075e-01 9.97248723364923e+04 
1.30903467781259e-01 9.97221603409016e+04 
1.31074542932054e-01 9.97200874742987e+04 
1.31245629297365e-01 9.97183988221191e+04 
1.31416725625618e-01 9.97167426281443e+04 
1.31557044872395e-01 9.97163147961405e+04 
1.31710240817601e-01 9.97157650262610e+04 
1.31871145677805e-01 9.97155273228122e+04 
1.32028698730182e-01 9.97157828036484e+04 
1.32189448130994e-01 9.97165588581361e+04 
1.32351520917031e-01 9.97168203943688e+04 
1.32508935643222e-01 9.97178640567022e+04 
1.32669631948394e-01 9.97187262330346e+04 
1.32829020769198e-01 9.97194890857485e+04 
1.32992374911114e-01 9.97208721277565e+04 
1.33157898180542e-01 9.97221499995706e+04 
1.33324316724992e-01 9.97230598868460e+04 
1.33485208871521e-01 9.97244979511138e+04 
1.33649403090093e-01 9.97255411622352e+04 
1.33812870557729e-01 9.97262196274641e+04 
1.33980946053181e-01 9.97275393225504e+04 
1.34151398282754e-01 9.97288223410394e+04 
1.34322624864537e-01 9.97291398500318e+04 
1.34487344905389e-01 9.97296837385616e+04 
1.34657076746837e-01 9.97296971754744e+04 
1.34824688128609e-01 9.97296506690349e+04 
1.34995918879595e-01 9.97295072318546e+04 
1.35167152165767e-01 9.97289155298107e+04 
1.35338390685726e-01 9.97274952455434e+04 
1.35506743790101e-01 9.97262937790084e+04 
1.35677996423169e-01 9.97243411881442e+04 
1.35849254798443e-01 9.97225275255536e+04 
1.36020509909503e-01 9.97206972495597e+04 
1.36191763310975e-01 9.97187949630806e+04 
1.36363017289537e-01 9.97158481225233e+04 
1.36534272804461e-01 9.97135119904989e+04 
1.36703137002057e-01 9.97099019670305e+04 
1.36874398315226e-01 9.97067415293417e+04 
1.37045652335623e-01 9.97040218452775e+04 
1.37216901192474e-01 9.97008274249443e+04 
1.37388147247832e-01 9.96965116714194e+04 
1.37559392489707e-01 9.96928615688625e+04 
1.37730640976612e-01 9.96884334536546e+04 
1.37901891405757e-01 9.96846361716512e+04 
1.38073137340544e-01 9.96812951747191e+04 
1.38244383247561e-01 9.96777587783234e+04 
1.38402382475743e-01 9.96739391528343e+04 
1.38573530365261e-01 9.96705272469240e+04 
1.38732733374598e-01 9.96671322471126e+04 
1.38889999062090e-01 9.96643518157935e+04 
1.39054661209992e-01 9.96619774187768e+04 
1.39225909784400e-01 9.96595951257015e+04 
1.39393840865632e-01 9.96563059242006e+04 
1.39565086319028e-01 9.96543497139073e+04 
1.39736337713511e-01 9.96519294119503e+04 
1.39907596887495e-01 9.96506569592475e+04 
1.40078864545282e-01 9.96498336146103e+04 
1.40250148102888e-01 9.96490524811287e+04 
1.40421446713877e-01 9.96476351240130e+04 
1.40560959426508e-01 9.96463751554711e+04 
1.40714423410401e-01 9.96454475835656e+04 
1.40873226529530e-01 9.96447727033838e+04 
1.41038858455206e-01 9.96436977377668e+04 
1.41199970357993e-01 9.96428299570764e+04 
1.41363235431727e-01 9.96420787923002e+04 
1.41521631696918e-01 9.96409858886892e+04 
1.41683484704653e-01 9.96400604163768e+04 
1.41843545332120e-01 9.96391995849584e+04 
1.42007800716044e-01 9.96380125283456e+04 
1.42174389457321e-01 9.96368347593519e+04 
1.42341481173726e-01 9.96350034687685e+04 
1.42482447323625e-01 9.96334909889648e+04 
1.42637510088514e-01 9.96315953197483e+04 
1.42800515995975e-01 9.96297270565766e+04 
1.42968157792135e-01 9.96276430265136e+04 
1.43138299484497e-01 9.96253043960290e+04 
1.43309094523694e-01 9.96220199053614e+04 
1.43473136029677e-01 9.96190059034731e+04 
1.43631547831891e-01 9.96157452277153e+04 
1.43778311166452e-01 9.96128361705953e+04 
1.43939750834470e-01 9.96096647395885e+04 
1.44111175164767e-01 9.96059671511312e+04 
1.44282604221006e-01 9.96015542161194e+04 
1.44449057085841e-01 9.95971180828349e+04 
1.44620432571790e-01 9.95924908598551e+04 
1.44790535914722e-01 9.95882980188226e+04 
1.44961981609251e-01 9.95833987586269e+04 
1.45133434049726e-01 9.95785196062290e+04 
1.45304893640134e-01 9.95730464676002e+04 
1.45470962297397e-01 9.95678482089873e+04 
1.45642438101013e-01 9.95628162831893e+04 
1.45812491886546e-01 9.95578614848105e+04 
1.45983978252015e-01 9.95528396318047e+04 
1.46155473710428e-01 9.95480404499218e+04 
1.46326979324449e-01 9.95428317838699e+04 
1.46498495523183e-01 9.95378754885496e+04 
1.46670023482082e-01 9.95334644795895e+04 
1.46839186399507e-01 9.95293012943553e+04 
1.47010727713785e-01 9.95252112467078e+04 
1.47182277457604e-01 9.95215911002628e+04 
1.47353835539702e-01 9.95177087964202e+04 
1.47510663562200e-01 9.95145630778756e+04 
1.47682239605794e-01 9.95120255973056e+04 
1.47853823358020e-01 9.95102975296220e+04 
1.48025409011757e-01 9.95088421912483e+04 
1.48197000088253e-01 9.95084195152873e+04 
1.48368593494002e-01 9.95081000525353e+04 
1.48540196118876e-01 9.95085048613698e+04 
1.48711801818813e-01 9.95103968325940e+04 
1.48883406999424e-01 9.95124225904596e+04 
1.49055006859089e-01 9.95149491714667e+04 
1.49226609349225e-01 9.95179415358547e+04 
1.49398213698715e-01 9.95207684658325e+04 
1.49569828456222e-01 9.95239421527160e+04 
1.49741449164036e-01 9.95278573404942e+04 
1.49913072309089e-01 9.95325992020330e+04 
1.50084693357966e-01 9.95369235782600e+04 
1.50256320005994e-01 9.95416279905063e+04 
1.50427950874012e-01 9.95458586783070e+04 
1.50599594602705e-01 9.95504041246939e+04 
1.50771247717080e-01 9.95556554871648e+04 
1.50942907433278e-01 9.95616698700235e+04 
1.51114570060970e-01 9.95679386868023e+04 
1.51286242153914e-01 9.95749350785991e+04 
1.51457920896051e-01 9.95820527358411e+04 
1.51629614133312e-01 9.95900548321499e+04 
1.51801317459155e-01 9.95982415158636e+04 
1.51973028695227e-01 9.96072686180866e+04 
1.52144745270793e-01 9.96172263967507e+04 
1.52316474277347e-01 9.96277366017811e+04 
1.52488213360666e-01 9.96382113204513e+04 
1.52659970672169e-01 9.96498461342464e+04 
1.52831742317302e-01 9.96619977639338e+04 
1.53003526067735e-01 9.96755212332136e+04 
1.53175319690502e-01 9.96901244585538e+04 
1.53347130694424e-01 9.97053648435814e+04 
1.53518955595254e-01 9.97205576650712e+04 
1.53690801097916e-01 9.97368228387186e+04 
1.53862659084643e-01 9.97533500659439e+04 
1.54026180633287e-01 9.97702325966195e+04 
1.54198062217173e-01 9.97890709254983e+04 
1.54369963668041e-01 9.98083104470237e+04 
1.54541884545477e-01 9.98275891811306e+04 
1.54713828707140e-01 9.98475774536100e+04 
1.54885799857654e-01 9.98678587054714e+04 
1.55057800023908e-01 9.98892989129578e+04 
1.55229831630244e-01 9.99114495012730e+04 
1.55401898020170e-01 9.99338570363378e+04 
1.55573995739979e-01 9.99561206175820e+04 
1.55746127182062e-01 9.99787969886587e+04 
1.55918295642725e-01 1.00001541142682e+05 
1.56090503290690e-01 1.00025120991918e+05 
1.56262751526662e-01 1.00049039531085e+05 
1.56435045211911e-01 1.00072718853860e+05 
1.56607381277963e-01 1.00095872347597e+05 
1.56779761934684e-01 1.00119011754752e+05 
1.56952190168816e-01 1.00141805295050e+05 
1.57124665154695e-01 1.00165044469652e+05 
1.57297188690496e-01 1.00188379012633e+05 
1.57469765653594e-01 1.00211123933228e+05 
1.57642390948512e-01 1.00232828414748e+05 
1.57815065981714e-01 1.00254413799554e+05 
1.57987793224330e-01 1.00275098591464e+05 
1.58160570108839e-01 1.00296059229058e+05 
1.58333397201332e-01 1.00317665094796e+05 
1.58506280271556e-01 1.00337616588448e+05 
1.58679214054222e-01 1.00356326372375e+05 
1.58852200149015e-01 1.00374967180862e+05 
1.59024939429736e-01 1.00392505183888e+05 
1.59198016407851e-01 1.00410625658465e+05 
1.59371105923142e-01 1.00428514211407e+05 
1.59533668681048e-01 1.00444241383198e+05 
1.59703378188312e-01 1.00459040385645e+05 
1.59864837619561e-01 1.00472919902976e+05 
1.60027562635352e-01 1.00485776937812e+05 
1.60200712364975e-01 1.00499591751058e+05 
1.60354506156335e-01 1.00511402942306e+05 
1.60519367034623e-01 1.00523033079475e+05 
1.60692172225181e-01 1.00533596998515e+05 
1.60845328401767e-01 1.00542674400018e+05 
1.61004405722506e-01 1.00550696705518e+05 
1.61165697851290e-01 1.00558823956347e+05 
1.61333249096700e-01 1.00566612286630e+05 
1.61499395000687e-01 1.00572744710833e+05 
1.61664932213225e-01 1.00577277293891e+05 
1.61826731983929e-01 1.00581237635819e+05 
1.61999873869875e-01 1.00584103036011e+05 
1.62162119192356e-01 1.00586368585143e+05 
1.62330340892433e-01 1.00587928683727e+05 
1.62494719945907e-01 1.00588274991189e+05 
1.62661162861552e-01 1.00586910389342e+05 
1.62829079558696e-01 1.00585951791099e+05 
1.63002195822604e-01 1.00584151077924e+05 
1.63175332543904e-01 1.00583183123463e+05 
1.63340655739471e-01 1.00582739098756e+05 
1.63506225207010e-01 1.00581398868010e+05 
1.63667814537485e-01 1.00579790680018e+05 
1.63835830702462e-01 1.00578308986699e+05 
1.64003576719724e-01 1.00576298172604e+05 
1.64176857302165e-01 1.00574327253858e+05 
1.64346730669309e-01 1.00572887703036e+05 
1.64515558400675e-01 1.00570901509422e+05 
1.64688895843429e-01 1.00568230963620e+05 
1.64846702071276e-01 1.00566150337341e+05 
1.65010958632753e-01 1.00563492545182e+05 
1.65169014190459e-01 1.00561244954394e+05 
1.65334606164961e-01 1.00559141346133e+05 
1.65501957039773e-01 1.00556710385420e+05 
1.65667213088106e-01 1.00553755441745e+05 
1.65840612634035e-01 1.00550871780624e+05 
1.66014023187356e-01 1.00547151819728e+05 
1.66187448472924e-01 1.00543971287570e+05 
1.66348647609971e-01 1.00541091802803e+05 
1.66517230407789e-01 1.00537826406009e+05 
1.66690690886625e-01 1.00533943635903e+05 
1.66850710838580e-01 1.00530422355150e+05 
1.67018143975443e-01 1.00526033577263e+05 
1.67191660510130e-01 1.00522229629554e+05 
1.67365191346474e-01 1.00518432475048e+05 
1.67532000713575e-01 1.00514403015898e+05 
1.67705553058313e-01 1.00509327549232e+05 
1.67879117714166e-01 1.00504254621955e+05 
1.68044999454338e-01 1.00498371260957e+05 
1.68215676208193e-01 1.00492981125725e+05 
1.68389271635897e-01 1.00487284708030e+05 
1.68560392210390e-01 1.00481147579556e+05 
1.68733993363248e-01 1.00473837191998e+05 
1.68901028682647e-01 1.00466719246415e+05 
1.69074645681392e-01 1.00458728340127e+05 
1.69248272716823e-01 1.00450382033990e+05 
1.69421903871105e-01 1.00441698065259e+05 
1.69595536689398e-01 1.00432529582007e+05 
1.69769173001473e-01 1.00422444047572e+05 
1.69940747956380e-01 1.00412600626004e+05 
1.70114401409453e-01 1.00401721305243e+05 
1.70288065911463e-01 1.00390865408902e+05 
1.70461735162748e-01 1.00379728771234e+05 
1.70635406379453e-01 1.00368145686250e+05 
1.70809081758744e-01 1.00355968152621e+05 
1.70981882473495e-01 1.00343892329299e+05 
1.71155577433608e-01 1.00330514811439e+05 
1.71329285291041e-01 1.00317768091209e+05 
1.71502999577257e-01 1.00305186445780e+05 
1.71676717704598e-01 1.00291942735912e+05 
1.71850441428372e-01 1.00278160581281e+05 
1.72024174971544e-01 1.00264489327684e+05 
1.72197920941783e-01 1.00249726973992e+05 
1.72371680523662e-01 1.00235826730879e+05 
1.72545446896262e-01 1.00222025625406e+05 
1.72715225416304e-01 1.00208120416141e+05 
1.72889004364423e-01 1.00193740517261e+05 
1.73062795844922e-01 1.00179789770060e+05 
1.73232726751737e-01 1.00165607144816e+05 
1.73406552258950e-01 1.00152239545097e+05 
1.73578241445876e-01 1.00139720816513e+05 
1.73752087044433e-01 1.00126993478718e+05 
1.73925943034916e-01 1.00114407426692e+05 
1.74099812464735e-01 1.00102666529012e+05 
1.74273698741700e-01 1.00090775759382e+05 
1.74447601654395e-01 1.00080315442059e+05 
1.74621513325456e-01 1.00070367962880e+05 
1.74795431391769e-01 1.00060892079333e+05 
1.74969356188781e-01 1.00051621637470e+05 
1.75143291109283e-01 1.00043457594493e+05 
1.75317238770138e-01 1.00035086802579e+05 
1.75491198970098e-01 1.00029040921582e+05 
1.75665163648732e-01 1.00023791274477e+05 
1.75839129586665e-01 1.00019770529471e+05 
1.76013096301221e-01 1.00016289740221e+05 
1.76187067774914e-01 1.00013043042316e+05 
1.76361045559686e-01 1.00009964245245e+05 
1.76534852841319e-01 1.00008323982620e+05 
1.76708837054154e-01 1.00007024530980e+05 
1.76882817296521e-01 1.00006409341254e+05 
1.77056794716943e-01 1.00005885076215e+05 
1.77230774897219e-01 1.00005278156766e+05 
1.77404760586183e-01 1.00004434204300e+05 
1.77578753549409e-01 1.00004967039821e+05 
1.77752747498706e-01 1.00005520517237e+05 
1.77926739247490e-01 1.00006737833539e+05 
1.78100729888704e-01 1.00007388805665e+05 
1.78274724808111e-01 1.00008376320709e+05 
1.78448726832156e-01 1.00010213101615e+05 
1.78622224700227e-01 1.00011914182639e+05 
1.78794984717685e-01 1.00013643804312e+05 
1.78967738033224e-01 1.00015824918148e+05 
1.79140154710331e-01 1.00017734175510e+05 
1.79311174893228e-01 1.00019986742372e+05 
1.79482441908349e-01 1.00022626723237e+05 
1.79652427073507e-01 1.00025695664278e+05 
1.79822472147123e-01 1.00029079870881e+05 
1.79992987776040e-01 1.00032607556376e+05 
1.80163276510266e-01 1.00035370606252e+05 
1.80332041940212e-01 1.00038796225932e+05 
1.80492576647903e-01 1.00041604867560e+05 
1.80660219572492e-01 1.00045064520475e+05 
1.80827817180524e-01 1.00048761776657e+05 
1.80995798946057e-01 1.00052175403130e+05 
1.81163428394397e-01 1.00054375936361e+05 
1.81329162567648e-01 1.00057358071431e+05 
1.81495281515859e-01 1.00059887680593e+05 
1.81659809153428e-01 1.00062569070653e+05 
1.81824397555079e-01 1.00065260231258e+05 
1.81989397410713e-01 1.00067813979112e+05 
1.82154100407843e-01 1.00069791560952e+05 
1.82316961272487e-01 1.00071921004881e+05 
1.82480366259599e-01 1.00073964414324e+05 
1.82642332459669e-01 1.00076431674928e+05 
1.82804571854961e-01 1.00079121991747e+05 
1.82967441499915e-01 1.00081862777047e+05 
1.83130395889442e-01 1.00084265835599e+05 
1.83292151575660e-01 1.00087070051218e+05 
1.83454962747858e-01 1.00089934453975e+05 
1.83617195762803e-01 1.00093297268761e+05 
1.83780381969393e-01 1.00096953168752e+05 
1.83944612792052e-01 1.00100563229512e+05 
1.84109721082995e-01 1.00103743321246e+05 
1.84274940553757e-01 1.00107249578416e+05 
1.84441950628309e-01 1.00110702269787e+05 
1.84589278235458e-01 1.00114109520271e+05 
1.84751338603322e-01 1.00118037906039e+05 
1.84922928441972e-01 1.00122028882120e+05 
1.85096518495495e-01 1.00125160918729e+05 
1.85260226168715e-01 1.00128679459463e+05 
1.85433659924387e-01 1.00132316121993e+05 
1.85603020364246e-01 1.00136178480474e+05 
1.85776574750867e-01 1.00139955972998e+05 
1.85950118790212e-01 1.00143749491891e+05 
1.86123654417308e-01 1.00146620372464e+05 
1.86297180729264e-01 1.00149740498856e+05 
1.86470702951487e-01 1.00152803457204e+05 
1.86632468936611e-01 1.00155835709813e+05 
1.86805976170112e-01 1.00158930769261e+05 
1.86979474587836e-01 1.00161755788181e+05 
1.87152965833141e-01 1.00163629965524e+05 
1.87326448907471e-01 1.00165712837998e+05 
1.87499928917423e-01 1.00167247901494e+05 
1.87673403528974e-01 1.00168747074931e+05 
1.87844961839808e-01 1.00170172172536e+05 
1.88016717613221e-01 1.00171032157079e+05 
1.88188726968195e-01 1.00170508789886e+05 
1.88361370266264e-01 1.00169641035356e+05 
1.88534553669646e-01 1.00167523469662e+05 
1.88706790619879e-01 1.00165621748762e+05 
1.88880222664825e-01 1.00163476034915e+05 
1.89053648126535e-01 1.00160661112141e+05 
1.89227068755035e-01 1.00156331903610e+05 
1.89391169586840e-01 1.00152597703372e+05 
1.89564582931911e-01 1.00147845826049e+05 
1.89737992780450e-01 1.00143176166344e+05 
1.89911396071125e-01 1.00138402189669e+05 
1.90084793203828e-01 1.00133086232192e+05 
1.90258185928506e-01 1.00126615277357e+05 
1.90431572371836e-01 1.00120537771767e+05 
1.90604957938302e-01 1.00113881752758e+05 
1.90778340488344e-01 1.00107352239974e+05 
1.90951715659843e-01 1.00101040650568e+05 
1.91125085486242e-01 1.00094237414761e+05 
1.91298450376562e-01 1.00086666831591e+05 
1.91471810288905e-01 1.00079054912816e+05 
1.91645169892876e-01 1.00071394160532e+05 
1.91818524728234e-01 1.00063700578260e+05 
1.91991871148639e-01 1.00055749176364e+05 
1.92165217891006e-01 1.00047582085287e+05 
1.92338558348744e-01 1.00038958725690e+05 
1.92511897024705e-01 1.00030407615356e+05 
1.92685236445314e-01 1.00021843773367e+05 
1.92858571041420e-01 1.00013421937873e+05 
1.93031896403890e-01 1.00005113923232e+05 
1.93205225743682e-01 9.99968561837878e+04 
1.93378549860307e-01 9.99879427938142e+04 
1.93551871635813e-01 9.99801522739471e+04 
1.93725195370696e-01 9.99722431299599e+04 
1.93898516064023e-01 9.99652760292189e+04 
1.94071826896138e-01 9.99586329223650e+04 
1.94245141443398e-01 9.99523418710923e+04 
1.94418453660479e-01 9.99458857313850e+04 
1.94591762338290e-01 9.99400186868052e+04 
1.94765071340140e-01 9.99341295866645e+04 
1.94938379738826e-01 9.99293751171138e+04 
1.95111685041574e-01 9.99249357890867e+04 
1.95284987552549e-01 9.99207065693572e+04 
1.95458287706761e-01 9.99161976557135e+04 
1.95625060842918e-01 9.99121166891884e+04 
1.95798357452328e-01 9.99083376899983e+04 
1.95971654121567e-01 9.99057153790873e+04 
1.96144949545901e-01 9.99036568265330e+04 
1.96318244706794e-01 9.99017929722728e+04 
1.96483515761120e-01 9.98998109061499e+04 
1.96648444583955e-01 9.98987202066077e+04 
1.96815043267843e-01 9.98977457764905e+04 
1.96981287571345e-01 9.98975024948608e+04 
1.97147993718391e-01 9.98975038052648e+04 
1.97315617427743e-01 9.98974925378699e+04 
1.97483300538681e-01 9.98974172553350e+04 
1.97649987552496e-01 9.98976863022884e+04 
1.97818098916958e-01 9.98974765587611e+04 
1.97986217760627e-01 9.98979184917937e+04 
1.98155225376911e-01 9.98984725994506e+04 
1.98325544972584e-01 9.98989039201687e+04 
1.98496905788341e-01 9.98988934480689e+04 
1.98668624398527e-01 9.98991926424555e+04 
1.98841974557516e-01 9.98990716834796e+04 
1.99015332687127e-01 9.98996926090625e+04 
1.99188697610421e-01 9.99004141802758e+04 
1.99362070431175e-01 9.99007592456565e+04 
1.99535452375516e-01 9.99005727528380e+04 
1.99706285103051e-01 9.99009286443238e+04 
1.99879682042348e-01 9.99010194776381e+04 
2.00053087274436e-01 9.99014691221696e+04 
2.00226499226703e-01 9.99020561825489e+04 
