# Liste des scalaires : TEMPS pmat 
0.00000000000000e+00 1.00000000000000e+05 
5.42217668469038e-05 1.00000000000000e+05 
9.96886934731708e-05 1.00000000000000e+05 
1.42699645058520e-04 1.00000000000000e+05 
1.86239528004257e-04 1.00000000000000e+05 
2.30449681776297e-04 1.00000000000000e+05 
2.74211110394651e-04 1.00000000000000e+05 
3.18042467903385e-04 1.00000000000000e+05 
3.62903155666515e-04 1.00000000000000e+05 
4.08374324609194e-04 1.00000000000000e+05 
4.54250300939215e-04 1.00000000000000e+05 
5.01411561736034e-04 1.00000000000000e+05 
5.50449986481090e-04 1.00000000000000e+05 
5.99545390979810e-04 1.00000000000000e+05 
6.49687847122306e-04 1.00000000000000e+05 
7.00733802059674e-04 1.00000000000000e+05 
7.52480188844526e-04 1.00000000000000e+05 
8.05518728301438e-04 1.00000000000000e+05 
8.60477409379049e-04 1.00000000000000e+05 
9.15671221953616e-04 1.00000000000000e+05 
9.71902230023670e-04 1.00000000000000e+05 
1.02997384536086e-03 1.00000000000000e+05 
1.08993805549559e-03 1.00000000000000e+05 
1.15057035159919e-03 1.00000000000000e+05 
1.21266426236845e-03 1.00000000000000e+05 
1.27653774973324e-03 1.00000000000000e+05 
1.34177735971351e-03 1.00000000000000e+05 
1.40779461831614e-03 1.00000000000000e+05 
1.47512383833823e-03 1.00000000000000e+05 
1.54439445067807e-03 1.00000000000000e+05 
1.61535934444089e-03 1.00000000000000e+05 
1.68714403092674e-03 1.00000000000000e+05 
1.75863154629259e-03 1.00000000000000e+05 
1.83208125788064e-03 1.00000000000000e+05 
1.90756669353339e-03 1.00000000000000e+05 
1.98451397716045e-03 1.00000000000000e+05 
2.06260101441181e-03 1.00000000000000e+05 
2.14210166731547e-03 1.00000000000000e+05 
2.22336300980708e-03 1.00000000000000e+05 
2.30451292048548e-03 1.00000000000000e+05 
2.38640168951119e-03 1.00000000000000e+05 
2.47004164342830e-03 1.00000000000000e+05 
2.55650580892527e-03 1.00000000000000e+05 
2.64428798362537e-03 1.00000000000000e+05 
2.73314431477182e-03 1.00000000000000e+05 
2.82364977781848e-03 1.00000000000000e+05 
2.91575435027412e-03 1.00000000000000e+05 
3.00936521848796e-03 1.00000000000000e+05 
3.10437952512069e-03 1.00000000000000e+05 
3.20045642874033e-03 1.00000000000000e+05 
3.29738801424824e-03 1.00000000000000e+05 
3.39342690447084e-03 1.00000000000000e+05 
3.48663979656614e-03 1.00000000000000e+05 
3.58078373138721e-03 1.00000000000000e+05 
3.67896306065826e-03 1.00000000000000e+05 
3.77697220327845e-03 1.00000000000000e+05 
3.87534215588353e-03 1.00000000000000e+05 
3.97431854214677e-03 1.00000000000000e+05 
4.07382359520678e-03 1.00000000000000e+05 
4.17393405935320e-03 1.00000000000000e+05 
4.27426372361606e-03 1.00000000000000e+05 
4.37521204399093e-03 1.00000000000000e+05 
4.47660735268119e-03 1.00000000000000e+05 
4.57761757481492e-03 1.00000000000000e+05 
4.67804104332195e-03 1.00000000000000e+05 
4.77813744520721e-03 1.00000000000000e+05 
4.87744936260148e-03 1.00000000000000e+05 
4.97735623797182e-03 1.00000000000000e+05 
5.07690888548909e-03 1.00000000000000e+05 
5.17704641400710e-03 1.00000000000000e+05 
5.27658911508411e-03 1.00000000000000e+05 
5.37632296312724e-03 1.00000000000000e+05 
5.47564711299509e-03 1.00000000000000e+05 
5.57556297372312e-03 1.00000000000000e+05 
5.67605946869907e-03 1.00000000000000e+05 
5.77663672981068e-03 1.00000000000000e+05 
5.87714585688152e-03 1.00000000000000e+05 
5.97757148373324e-03 1.00000000000000e+05 
6.07791848682369e-03 1.00000000000000e+05 
6.17820741951917e-03 1.00000000000000e+05 
6.27846105916386e-03 1.00000000000000e+05 
6.37866689633863e-03 1.00000000000000e+05 
6.47889879936147e-03 1.00000000000000e+05 
6.57910194198396e-03 1.00000000000000e+05 
6.67939115335354e-03 1.00000000000000e+05 
6.77983417071013e-03 1.00000000000000e+05 
6.88050569402475e-03 1.00000000000000e+05 
6.98128026076148e-03 1.00000000000000e+05 
7.08214486341251e-03 1.00000000000000e+05 
7.18309992453691e-03 1.00000000000000e+05 
7.28419541670703e-03 1.00000000000000e+05 
7.38545417837383e-03 1.00000000000000e+05 
7.48682779786216e-03 1.00000000000000e+05 
7.58827929172872e-03 1.00000000000000e+05 
7.68976293812746e-03 1.00000000000000e+05 
7.79134453959402e-03 1.00000000000000e+05 
7.89305772330434e-03 1.00000000000000e+05 
7.99497883360080e-03 1.00000000000000e+05 
8.09713875078415e-03 1.00000000000000e+05 
8.19839635145840e-03 1.00000000000000e+05 
8.30073793331552e-03 1.00000000000000e+05 
8.40317612278819e-03 1.00000000000000e+05 
8.50468709426933e-03 1.00000000000000e+05 
8.60701747140251e-03 1.00000000000000e+05 
8.70964403490739e-03 1.00000000000000e+05 
8.81114248248271e-03 1.00000000000000e+05 
8.91383045818680e-03 1.00000000000000e+05 
9.01654603705090e-03 1.00000000000000e+05 
9.11876963043611e-03 1.00000000000000e+05 
9.22155355855805e-03 1.00000000000000e+05 
9.32433984641892e-03 1.00000000000000e+05 
9.42528342197665e-03 1.00000000000000e+05 
9.52816382398364e-03 1.00000000000000e+05 
9.63135320364094e-03 1.00000000000000e+05 
9.73254986310333e-03 1.00000000000000e+05 
9.83465023202356e-03 1.00000000000000e+05 
9.93738043707036e-03 1.00000000000000e+05 
1.00387210511609e-02 1.00000000000000e+05 
1.01422605469726e-02 1.00000000000000e+05 
1.02458597007780e-02 1.00000000000000e+05 
1.03474488835054e-02 1.00000000000000e+05 
1.04499455574236e-02 1.00000000000000e+05 
1.05531870677402e-02 1.00000000000000e+05 
1.06550055580588e-02 1.00000000000000e+05 
1.07587613749998e-02 1.00000000000000e+05 
1.08613267026085e-02 1.00000000000000e+05 
1.09636042337892e-02 1.00000000000000e+05 
1.10661905687622e-02 1.00000000000000e+05 
1.11700213805299e-02 1.00000000000000e+05 
1.12729866791810e-02 1.00000000000000e+05 
1.13769730099675e-02 1.00000000000000e+05 
1.14799888172004e-02 1.00000000000000e+05 
1.15831671395907e-02 1.00000000000000e+05 
1.16864222674584e-02 1.00000000000000e+05 
1.17906977518261e-02 1.00000000000000e+05 
1.18941358297627e-02 1.00000000000000e+05 
1.19983371455170e-02 1.00000000000000e+05 
1.21016184267885e-02 1.00000000000000e+05 
1.22045394871407e-02 1.00000000000000e+05 
1.23078445002341e-02 1.00000000000000e+05 
1.24129990156626e-02 1.00000000000000e+05 
1.25158494856360e-02 1.00000000000000e+05 
1.26199863207497e-02 1.00000000000000e+05 
1.27231659669425e-02 1.00000000000000e+05 
1.28261131878780e-02 1.00000000000000e+05 
1.29292924657499e-02 1.00000000000000e+05 
1.30343016419563e-02 1.00000000000000e+05 
1.31372271191411e-02 1.00000000000000e+05 
1.32435305969218e-02 1.00000000000000e+05 
1.33468902917930e-02 1.00000000000000e+05 
1.34499961165038e-02 1.00000000000000e+05 
1.35530078567430e-02 1.00000000000000e+05 
1.36570126601293e-02 1.00000000000000e+05 
1.37594970466755e-02 1.00000000000000e+05 
1.38643448577170e-02 1.00000000000000e+05 
1.39673132316297e-02 1.00000000000000e+05 
1.40702873614942e-02 1.00000000000000e+05 
1.41742760115033e-02 1.00000000000000e+05 
1.42782954114121e-02 1.00000000000000e+05 
1.43814464831165e-02 1.00000000000000e+05 
1.44868766094584e-02 1.00000000000000e+05 
1.45915976012128e-02 1.00000000000000e+05 
1.46949913255647e-02 1.00000000000000e+05 
1.47994710667228e-02 1.00000000000000e+05 
1.49039902513206e-02 1.00000000000000e+05 
1.50075177680861e-02 1.00000000000000e+05 
1.51134526406635e-02 1.00000000000000e+05 
1.52154545758648e-02 1.00000000000000e+05 
1.53175321390842e-02 1.00000000000000e+05 
1.54194011242690e-02 1.00000000000000e+05 
1.55245796676156e-02 1.00000000000000e+05 
1.56265196802407e-02 1.00000000000000e+05 
1.57310688743662e-02 1.00000000000000e+05 
1.58341677316646e-02 1.00000000000000e+05 
1.59373590914280e-02 1.00000000000000e+05 
1.60402261507742e-02 1.00000000000000e+05 
1.61451835662233e-02 1.00000000000000e+05 
1.62495725511099e-02 1.00000000000000e+05 
1.63553673782124e-02 1.00000000000000e+05 
1.64589486752243e-02 1.00000000000000e+05 
1.65626037204366e-02 1.00000000000000e+05 
1.66661390990018e-02 1.00000000000000e+05 
1.67715515288505e-02 1.00000000000000e+05 
1.68750331202757e-02 1.00000000000000e+05 
1.69803024863512e-02 1.00000000000000e+05 
1.70864402317144e-02 1.00000000000000e+05 
1.71901372154194e-02 1.00000000000000e+05 
1.72947239266824e-02 1.00000000000000e+05 
1.74002844962276e-02 1.00000000000000e+05 
1.75039825694954e-02 1.00000000000000e+05 
1.76095976575580e-02 1.00000000000000e+05 
1.77130487179113e-02 1.00000000000000e+05 
1.78176842849655e-02 1.00000000000000e+05 
1.79215015488786e-02 1.00000000000000e+05 
1.80272142469076e-02 1.00000000000000e+05 
1.81329575804163e-02 1.00000000000000e+05 
1.82387309180284e-02 1.00000000000000e+05 
1.83458048627125e-02 1.00000000000000e+05 
1.84514409826429e-02 1.00000000000000e+05 
1.85588028061489e-02 1.00000000000000e+05 
1.86645978390607e-02 1.00000000000000e+05 
1.87715783696520e-02 1.00000000000000e+05 
1.88776677167150e-02 1.00000000000000e+05 
1.89842736488425e-02 1.00000000000000e+05 
1.90917690086743e-02 1.00000000000000e+05 
1.91979508485493e-02 1.00000000000000e+05 
1.93048394533641e-02 1.00000000000000e+05 
1.94134608207261e-02 1.00000000000000e+05 
1.95209815260638e-02 1.00000000000000e+05 
1.96270141000876e-02 1.00000000000000e+05 
1.97335002638654e-02 1.00000000000000e+05 
1.98396826325269e-02 1.00000000000000e+05 
1.99485267526919e-02 1.00000000000000e+05 
2.00559157646110e-02 1.00000000000000e+05 
2.01642857309251e-02 1.00000000000000e+05 
2.02714877195385e-02 1.00000000000000e+05 
2.03797746858051e-02 1.00000000000000e+05 
2.04871358542966e-02 1.00000000000000e+05 
2.05970647276862e-02 1.00000000000000e+05 
2.07046113158930e-02 1.00000000000000e+05 
2.08114535785260e-02 1.00000000000000e+05 
2.09184324535130e-02 1.00000000000000e+05 
2.10266554287747e-02 1.00000000000000e+05 
2.11336188259994e-02 1.00000000000000e+05 
2.12409278811649e-02 1.00000000000000e+05 
2.13491899282304e-02 1.00000000000000e+05 
2.14566566448718e-02 1.00000000000000e+05 
2.15672823534502e-02 1.00000000000000e+05 
2.16755476141792e-02 1.00000000000000e+05 
2.17829216570494e-02 1.00000000000000e+05 
2.18904703427347e-02 1.00000000000000e+05 
2.19989306875808e-02 1.00000000000000e+05 
2.21064569591932e-02 1.00000000000000e+05 
2.22154056595167e-02 1.00000000000000e+05 
2.23264398912000e-02 1.00000000000000e+05 
2.24353758444767e-02 1.00000000000000e+05 
2.25430273483414e-02 1.00000000000000e+05 
2.26519225629302e-02 1.00000000000000e+05 
2.27598657200351e-02 1.00000000000000e+05 
2.28687887806840e-02 1.00000000000000e+05 
2.29803833757439e-02 1.00000000000000e+05 
2.30891866401217e-02 1.00000000000000e+05 
2.31979882849310e-02 1.00000000000000e+05 
2.33087991849941e-02 1.00000000000000e+05 
2.34185613550420e-02 1.00000000000000e+05 
2.35272449468288e-02 1.00000000000000e+05 
2.36386072409657e-02 1.00000000000000e+05 
2.37472117283183e-02 1.00000000000000e+05 
2.38593841904498e-02 1.00000000000000e+05 
2.39714287423073e-02 1.00000000000000e+05 
2.40811932243701e-02 1.00000000000000e+05 
2.41898899955061e-02 1.00000000000000e+05 
2.43004630392940e-02 1.00000000000000e+05 
2.44092816249933e-02 1.00000000000000e+05 
2.45194202805189e-02 1.00000000000000e+05 
2.46302960846605e-02 1.00000000000000e+05 
2.47404989015861e-02 1.00000000000000e+05 
2.48496253252402e-02 1.00000000000000e+05 
2.49603532181872e-02 1.00000000000000e+05 
2.50694134571161e-02 1.00000000000000e+05 
2.51800770071547e-02 1.00000000000000e+05 
2.52917618211310e-02 1.00000000000000e+05 
2.54021963976592e-02 1.00000000000000e+05 
2.55113017749927e-02 1.00000000000000e+05 
2.56217228722607e-02 1.00000000000000e+05 
2.57312394176509e-02 1.00000000000000e+05 
2.58421977717901e-02 1.00000000000000e+05 
2.59543786416688e-02 1.00000000000000e+05 
2.60656015115213e-02 1.00000000000000e+05 
2.61757542566581e-02 1.00000000000000e+05 
2.62873987772482e-02 1.00000000000000e+05 
2.63973203076084e-02 1.00000000000000e+05 
2.65093600067809e-02 1.00000000000000e+05 
2.66221210075289e-02 1.00000000000000e+05 
2.67332860459341e-02 1.00000000000000e+05 
2.68429497088805e-02 1.00000000000000e+05 
2.69537701954043e-02 1.00000000000000e+05 
2.70636873029753e-02 1.00000000000000e+05 
2.71768778846049e-02 1.00000000000000e+05 
2.72904986499219e-02 1.00000000000000e+05 
2.74027505009075e-02 1.00000000000000e+05 
2.75134763518505e-02 1.00000000000000e+05 
2.76265584749198e-02 1.00000000000000e+05 
2.77387442869191e-02 1.00000000000000e+05 
2.78515587458492e-02 1.00000000000000e+05 
2.79652982872040e-02 1.00000000000000e+05 
2.80782739938668e-02 1.00000000000000e+05 
2.81900794931764e-02 1.00000000000000e+05 
2.83030969204427e-02 1.00000000000000e+05 
2.84151546127112e-02 1.00000000000000e+05 
2.85284677675869e-02 1.00000000000000e+05 
2.86428059204794e-02 1.00000000000000e+05 
2.87562119113810e-02 1.00000000000000e+05 
2.88691949476955e-02 1.00000000000000e+05 
2.89844455447535e-02 1.00000000000000e+05 
2.90986950971397e-02 1.00000000000000e+05 
2.92125390662477e-02 1.00000000000000e+05 
2.93277698138610e-02 1.00000000000000e+05 
2.94420827883300e-02 1.00000000000000e+05 
2.95559644694896e-02 1.00000000000000e+05 
2.96728671636831e-02 1.00000000000000e+05 
2.97866138230327e-02 1.00000000000000e+05 
2.99025084255218e-02 1.00000000000000e+05 
3.00206172802663e-02 1.00000000000000e+05 
3.01353833216443e-02 1.00000000000000e+05 
3.02490019094328e-02 1.00000000000000e+05 
3.03660976092544e-02 1.00000000000000e+05 
3.04796007847542e-02 1.00000000000000e+05 
3.05973210138640e-02 1.00000000000000e+05 
3.07147925852371e-02 1.00000000000000e+05 
3.08293545594448e-02 1.00000000000000e+05 
3.09428568556550e-02 1.00000000000000e+05 
3.10586120938776e-02 1.00000000000000e+05 
3.11721092658541e-02 1.00000000000000e+05 
3.12876861556841e-02 1.00000000000000e+05 
3.14043113487809e-02 1.00000000000000e+05 
3.15187980491934e-02 1.00000000000000e+05 
3.16321923274833e-02 1.00000000000000e+05 
3.17482573747629e-02 1.00000000000000e+05 
3.18615594582475e-02 1.00000000000000e+05 
3.19780956988267e-02 1.00000000000000e+05 
3.20950537125266e-02 1.00000000000000e+05 
3.22095809158027e-02 1.00000000000000e+05 
3.23228771265130e-02 1.00000000000000e+05 
3.24380281997820e-02 1.00000000000000e+05 
3.25515802599292e-02 1.00000000000000e+05 
3.26688688710326e-02 1.00000000000000e+05 
3.27865833458720e-02 1.00000000000000e+05 
3.29026407363599e-02 1.00000000000000e+05 
3.30174400859780e-02 1.00000000000000e+05 
3.31347409813072e-02 1.00000000000000e+05 
3.32507415197959e-02 1.00000000000000e+05 
3.33697003092291e-02 1.00000000000000e+05 
3.34889880028302e-02 1.00000000000000e+05 
3.36085491916729e-02 1.00000000000000e+05 
3.37264191662464e-02 1.00000000000000e+05 
3.38457229116320e-02 1.00000000000000e+05 
3.39638995788884e-02 1.00000000000000e+05 
3.40857543295955e-02 1.00000000000000e+05 
3.42077180575467e-02 1.00000000000000e+05 
3.43280654804014e-02 1.00000000000000e+05 
3.44467850689504e-02 1.00000000000000e+05 
3.45672757580494e-02 1.00000000000000e+05 
3.46868363942490e-02 1.00000000000000e+05 
3.48098859417964e-02 1.00000000000000e+05 
3.49334518232596e-02 1.00000000000000e+05 
3.50536035274046e-02 1.00000000000000e+05 
3.51744977856610e-02 1.00000000000000e+05 
3.52970742621129e-02 1.00000000000000e+05 
3.54188424360915e-02 1.00000000000000e+05 
3.55395836913338e-02 1.00000000000000e+05 
3.56618240665289e-02 1.00000000000000e+05 
3.57830846170683e-02 1.00000000000000e+05 
3.59060039550133e-02 1.00000000000000e+05 
3.60303095433045e-02 1.00000000000000e+05 
3.61545626504094e-02 1.00000000000000e+05 
3.62760781628318e-02 1.00000000000000e+05 
3.63987959174711e-02 1.00000000000000e+05 
3.65203817277929e-02 1.00000000000000e+05 
3.66429489502003e-02 1.00000000000000e+05 
3.67678118861261e-02 1.00000000000000e+05 
3.68902200798828e-02 1.00000000000000e+05 
3.70122066498085e-02 1.00000000000000e+05 
3.71359473112028e-02 1.00000000000000e+05 
3.72583909116979e-02 1.00000000000000e+05 
3.73803022810149e-02 1.00000000000000e+05 
3.75054329946683e-02 1.00000000000000e+05 
3.76274001105582e-02 1.00000000000000e+05 
3.77514919320246e-02 1.00000000000000e+05 
3.78773563933300e-02 1.00000000000000e+05 
3.80004344983401e-02 1.00000000000000e+05 
3.81224007347261e-02 1.00000000000000e+05 
3.82467526300792e-02 1.00000000000000e+05 
3.83686759770590e-02 1.00000000000000e+05 
3.84943860207544e-02 1.00000000000000e+05 
3.86202597709240e-02 1.00000000000000e+05 
3.87433079032277e-02 1.00000000000000e+05 
3.88652593558077e-02 1.00000000000000e+05 
3.89896565530572e-02 1.00000000000000e+05 
3.91116305056789e-02 1.00000000000000e+05 
3.92371078953926e-02 1.00000000000000e+05 
3.93624019229700e-02 1.00000000000000e+05 
3.94856077357571e-02 1.00000000000000e+05 
3.96077461773646e-02 1.00000000000000e+05 
3.97315931638513e-02 1.00000000000000e+05 
3.98538542360365e-02 1.00000000000000e+05 
3.99790885301970e-02 1.00000000000000e+05 
4.01043439057139e-02 1.00000000000000e+05 
4.02281106971303e-02 1.00000000000000e+05 
4.03499570964790e-02 1.00000000000000e+05 
4.04738287070180e-02 1.00000000000000e+05 
4.05965783476810e-02 1.00000000000000e+05 
4.07222829674565e-02 1.00000000000000e+05 
4.08486131157982e-02 1.00000000000000e+05 
4.09733649329290e-02 1.00000000000000e+05 
4.11009052789730e-02 1.00000000000000e+05 
4.12257635059770e-02 1.00000000000000e+05 
4.13532595727411e-02 1.00000000000000e+05 
4.14807484306938e-02 1.00000000000000e+05 
4.16107918319361e-02 1.00000000000000e+05 
4.17377890399169e-02 1.00000000000000e+05 
4.18683379221708e-02 1.00000000000000e+05 
4.19971089774368e-02 1.00000000000000e+05 
4.21278125619392e-02 1.00000000000000e+05 
4.22592574270479e-02 1.00000000000000e+05 
4.23881819989853e-02 1.00000000000000e+05 
4.25203810590899e-02 1.00000000000000e+05 
4.26429473561854e-02 1.00000000000000e+05 
4.27719545062825e-02 1.00000000000000e+05 
4.29028429850402e-02 1.00000000000000e+05 
4.30368895196623e-02 1.00000000000000e+05 
4.31660611989916e-02 1.00000000000000e+05 
4.32988568391004e-02 1.00000000000000e+05 
4.34298068249756e-02 1.00000000000000e+05 
4.35611559962171e-02 1.00000000000000e+05 
4.36983601740335e-02 1.00000000000000e+05 
4.38353019538107e-02 1.00000000000000e+05 
4.39712962210587e-02 1.00000000000000e+05 
4.41096900268206e-02 1.00000000000000e+05 
4.42317541545594e-02 1.00000000000000e+05 
4.43388226105325e-02 1.00000000000000e+05 
4.44509706050807e-02 1.00000000000000e+05 
4.45721162299761e-02 1.00000000000000e+05 
4.47025396590911e-02 1.00000000000000e+05 
4.48395596107799e-02 1.00000000000000e+05 
4.49737557217883e-02 1.00000000000000e+05 
4.51070391687675e-02 1.00000000000000e+05 
4.52476649378421e-02 1.00000000000000e+05 
4.53859440131322e-02 1.00000000000000e+05 
4.55231050120041e-02 1.00000000000000e+05 
4.56660966776392e-02 1.00000000000000e+05 
4.58012059191788e-02 1.00000000000000e+05 
4.59417712740018e-02 1.00000000000000e+05 
4.60768469063689e-02 1.00000000000000e+05 
4.62210308912942e-02 1.00000000000000e+05 
4.63640446922562e-02 1.00000000000000e+05 
4.65003624726406e-02 1.00000000000000e+05 
4.66353117596757e-02 1.00000000000000e+05 
4.67738237386755e-02 1.00000000000000e+05 
4.69087352718294e-02 1.00000000000000e+05 
4.70482597635323e-02 1.00000000000000e+05 
4.71864297615418e-02 1.00000000000000e+05 
4.73227326734178e-02 1.00000000000000e+05 
4.74577837627381e-02 1.00000000000000e+05 
4.75680308627388e-02 1.00000000000000e+05 
4.76857756311604e-02 1.00000000000000e+05 
4.78078048641433e-02 1.00000000000000e+05 
4.79406702554979e-02 1.00000000000000e+05 
4.80771199306211e-02 1.00000000000000e+05 
4.82123020094534e-02 1.00000000000000e+05 
4.83492054499163e-02 1.00000000000000e+05 
4.84843816414340e-02 1.00000000000000e+05 
4.86226770693067e-02 1.00000000000000e+05 
4.87610426292187e-02 1.00000000000000e+05 
4.88976058074916e-02 1.00000000000000e+05 
4.90329125710123e-02 1.00000000000000e+05 
4.91698489871040e-02 1.00000000000000e+05 
4.93051640314881e-02 1.00000000000000e+05 
4.94438300192150e-02 1.00000000000000e+05 
4.95825408223262e-02 1.00000000000000e+05 
4.97192988664522e-02 1.00000000000000e+05 
4.98548075283330e-02 1.00000000000000e+05 
4.99920234876753e-02 1.00000000000000e+05 
5.01276336365514e-02 1.00000000000000e+05 
5.02664116306467e-02 1.00000000000000e+05 
5.04052453163630e-02 1.00000000000000e+05 
5.05424562418874e-02 1.00000000000000e+05 
5.06783436374399e-02 1.00000000000000e+05 
5.08158623091935e-02 1.00000000000000e+05 
5.09520669946078e-02 1.00000000000000e+05 
5.10916121911609e-02 1.00000000000000e+05 
5.12314412884424e-02 1.00000000000000e+05 
5.13699493158891e-02 1.00000000000000e+05 
5.15112005187066e-02 1.00000000000000e+05 
5.16501855147567e-02 1.00000000000000e+05 
5.17916487410649e-02 1.00000000000000e+05 
5.19327094040510e-02 1.00000000000000e+05 
5.20702015144466e-02 1.00000000000000e+05 
5.22107039649290e-02 1.00000000000000e+05 
5.23555194424734e-02 1.00000000000000e+05 
5.24989961163568e-02 1.00000000000000e+05 
5.26439233771829e-02 1.00000000000000e+05 
5.27887090087931e-02 1.00000000000000e+05 
5.29321703689334e-02 1.00000000000000e+05 
5.30787680532745e-02 1.00000000000000e+05 
5.32240363234329e-02 1.00000000000000e+05 
5.33695740805788e-02 1.00000000000000e+05 
5.35149942482237e-02 1.00000000000000e+05 
5.36638359001510e-02 1.00000000000000e+05 
5.38126796209703e-02 1.00000000000000e+05 
5.39614629897812e-02 1.00000000000000e+05 
5.41091354353619e-02 1.00000000000000e+05 
5.42580605958108e-02 1.00000000000000e+05 
5.44069540441894e-02 1.00000000000000e+05 
5.45558558880859e-02 1.00000000000000e+05 
5.47043803920928e-02 1.00000000000000e+05 
5.48532251937955e-02 1.00000000000000e+05 
5.50020987349174e-02 1.00000000000000e+05 
5.51511054358635e-02 1.00000000000000e+05 
5.53000746242831e-02 1.00000000000000e+05 
5.54490576497429e-02 1.00000000000000e+05 
5.55980521128752e-02 1.00000000000000e+05 
5.57469748916434e-02 1.00000000000000e+05 
5.58959260698514e-02 1.00000000000000e+05 
5.60450299818838e-02 1.00000000000000e+05 
5.61940909604541e-02 1.00000000000000e+05 
5.63431731714723e-02 1.00000000000000e+05 
5.64922699376663e-02 1.00000000000000e+05 
5.66412886975401e-02 1.00000000000000e+05 
5.67900364087978e-02 1.00000000000000e+05 
5.69391468490397e-02 1.00000000000000e+05 
5.70879282540677e-02 1.00000000000000e+05 
5.72370069592169e-02 1.00000000000000e+05 
5.73861848339944e-02 1.00000000000000e+05 
5.75352588930232e-02 1.00000000000000e+05 
5.76842189955935e-02 1.00000000000000e+05 
5.78333596347513e-02 1.00000000000000e+05 
5.79823846368341e-02 1.00000000000000e+05 
5.81314955318302e-02 1.00000000000000e+05 
5.82807081718637e-02 1.00000000000000e+05 
5.84298318859593e-02 1.00000000000000e+05 
5.85788848096321e-02 1.00000000000000e+05 
5.87280726400825e-02 1.00000000000000e+05 
5.88771660197978e-02 1.00000000000000e+05 
5.90263114739264e-02 1.00000000000000e+05 
5.91755523190091e-02 1.00000000000000e+05 
5.93247183253182e-02 1.00000000000000e+05 
5.94738158965614e-02 1.00000000000000e+05 
5.96230341980359e-02 1.00000000000000e+05 
5.97722284870605e-02 1.00000000000000e+05 
5.99213952455969e-02 1.00000000000000e+05 
6.00706586990306e-02 1.00000000000000e+05 
6.02198579375508e-02 1.00000000000000e+05 
6.03689910881772e-02 1.00000000000000e+05 
6.05182370846797e-02 1.00000000000000e+05 
6.06675312562752e-02 1.00000000000000e+05 
6.08167222592537e-02 1.00000000000000e+05 
6.09660120955722e-02 1.00000000000000e+05 
6.11009771802170e-02 1.00000000000000e+05 
6.12488773493227e-02 1.00000000000000e+05 
6.13759380796410e-02 1.00000000000000e+05 
6.15140798537800e-02 1.00000000000000e+05 
6.16566079601317e-02 1.00000000000000e+05 
6.18031502675573e-02 1.00000000000000e+05 
6.19507397821175e-02 1.00000000000000e+05 
6.20989109445640e-02 1.00000000000000e+05 
6.22481228158836e-02 1.00000000000000e+05 
6.23974067112216e-02 1.00000000000000e+05 
6.25465529562724e-02 1.00000000000000e+05 
6.26958444871046e-02 1.00000000000000e+05 
6.28452242340177e-02 1.00000000000000e+05 
6.29945774723110e-02 1.00000000000000e+05 
6.31440023383735e-02 1.00000000000000e+05 
6.32935184804871e-02 1.00000000000000e+05 
6.34428792034392e-02 1.00000000000000e+05 
6.35923561264175e-02 1.00000000000000e+05 
6.37370480512985e-02 1.00000000000000e+05 
6.38630754810815e-02 1.00000000000000e+05 
6.39821129860487e-02 1.00000000000000e+05 
6.41110642371900e-02 1.00000000000000e+05 
6.42508753482511e-02 1.00000000000000e+05 
6.43616269819853e-02 1.00000000000000e+05 
6.44819487150201e-02 1.00000000000000e+05 
6.45999899668427e-02 1.00000000000000e+05 
6.47255391564590e-02 1.00000000000000e+05 
6.48441355493426e-02 1.00000000000000e+05 
6.49679688359451e-02 1.00000000000000e+05 
6.50976405490906e-02 1.00000000000000e+05 
6.52326894396030e-02 1.00000000000000e+05 
6.53571991948972e-02 1.00000000000000e+05 
6.54749306921396e-02 1.00000000000000e+05 
6.56034556709275e-02 1.00000000000000e+05 
6.57266362586511e-02 1.00000000000000e+05 
6.58584259823884e-02 1.00000000000000e+05 
6.59961925108851e-02 1.00000000000000e+05 
6.61207884194820e-02 1.00000000000000e+05 
6.62283085063481e-02 1.00000000000000e+05 
6.63445716632608e-02 1.00000000000000e+05 
6.64696166972110e-02 1.00000000000000e+05 
6.66003755447181e-02 1.00000000000000e+05 
6.67352755271616e-02 1.00000000000000e+05 
6.68730358209801e-02 1.00000000000000e+05 
6.70058332203068e-02 1.00000000000000e+05 
6.71436812780972e-02 1.00000000000000e+05 
6.72857721007351e-02 1.00000000000000e+05 
6.74190650283807e-02 1.00000000000000e+05 
6.75594911601264e-02 1.00000000000000e+05 
6.77033812172960e-02 1.00000000000000e+05 
6.78482737945165e-02 1.00000000000000e+05 
6.79875285167564e-02 1.00000000000000e+05 
6.81321231224586e-02 1.00000000000000e+05 
6.82711716618441e-02 1.00000000000000e+05 
6.84142991011371e-02 1.00000000000000e+05 
6.85512047436131e-02 1.00000000000000e+05 
6.86657730646315e-02 1.00000000000000e+05 
6.87901372416468e-02 1.00000000000000e+05 
6.89221729627711e-02 1.00000000000000e+05 
6.90596664688416e-02 1.00000000000000e+05 
6.92012427254891e-02 1.00000000000000e+05 
6.93453900122606e-02 1.00000000000000e+05 
6.94833925292683e-02 1.00000000000000e+05 
6.96293201956393e-02 1.00000000000000e+05 
6.97754047543592e-02 1.00000000000000e+05 
6.99126621970626e-02 1.00000000000000e+05 
7.00585808734216e-02 1.00000000000000e+05 
7.01903127180142e-02 1.00000000000000e+05 
7.03352177470660e-02 1.00000000000000e+05 
7.04805974516496e-02 1.00000000000000e+05 
7.06260683054891e-02 1.00000000000000e+05 
7.07674173386555e-02 1.00000000000000e+05 
7.09130485269743e-02 1.00000000000000e+05 
7.10475727280231e-02 1.00000000000000e+05 
7.11906500275128e-02 1.00000000000000e+05 
7.13319279751151e-02 1.00000000000000e+05 
7.14785414203246e-02 1.00000000000000e+05 
7.16255604452734e-02 1.00000000000000e+05 
7.17728270942691e-02 1.00000000000000e+05 
7.19203083048659e-02 1.00000000000000e+05 
7.20679392210554e-02 1.00000000000000e+05 
7.21908367106830e-02 1.00000000000000e+05 
7.23260239492733e-02 1.00000000000000e+05 
7.24710162044700e-02 1.00000000000000e+05 
7.26186728035103e-02 1.00000000000000e+05 
7.27574684903894e-02 1.00000000000000e+05 
7.29049567825385e-02 1.00000000000000e+05 
7.30492148572913e-02 1.00000000000000e+05 
7.31966020292410e-02 1.00000000000000e+05 
7.33371639261187e-02 1.00000000000000e+05 
7.34845318754143e-02 1.00000000000000e+05 
7.36295384797952e-02 1.00000000000000e+05 
7.37769141591717e-02 1.00000000000000e+05 
7.39242858652096e-02 1.00000000000000e+05 
7.40716386878133e-02 1.00000000000000e+05 
7.42190030980394e-02 1.00000000000000e+05 
7.43663649565911e-02 1.00000000000000e+05 
7.45137331992514e-02 1.00000000000000e+05 
7.46611202405344e-02 1.00000000000000e+05 
7.48085362615303e-02 1.00000000000000e+05 
7.49559816226049e-02 1.00000000000000e+05 
7.51034800426576e-02 1.00000000000000e+05 
7.52509980175473e-02 1.00000000000000e+05 
7.53984723195110e-02 1.00000000000000e+05 
7.55289208375030e-02 1.00000000000000e+05 
7.56702378449600e-02 1.00000000000000e+05 
7.58176752846599e-02 1.00000000000000e+05 
7.59649864335847e-02 1.00000000000000e+05 
7.61121517027109e-02 1.00000000000000e+05 
7.62591189079103e-02 1.00000000000000e+05 
7.64026136124827e-02 1.00000000000000e+05 
7.65495276254711e-02 1.00000000000000e+05 
7.66965342845877e-02 1.00000000000000e+05 
7.68410322999725e-02 1.00000000000000e+05 
7.69881810348243e-02 1.00000000000000e+05 
7.71124643593345e-02 1.00000000000000e+05 
7.72491760162958e-02 1.00000000000000e+05 
7.73962793059862e-02 1.00000000000000e+05 
7.75454836705646e-02 1.00000000000000e+05 
7.76949608586058e-02 1.00000000000000e+05 
7.78443940251393e-02 1.00000000000000e+05 
7.79937686308265e-02 1.00000000000000e+05 
7.81431623895839e-02 1.00000000000000e+05 
7.82926339907957e-02 1.00000000000000e+05 
7.84421524172251e-02 1.00000000000000e+05 
7.85917496814368e-02 1.00000000000000e+05 
7.87414055786434e-02 1.00000000000000e+05 
7.88910626652371e-02 1.00000000000000e+05 
7.90146464613646e-02 1.00000000000000e+05 
7.91505886371049e-02 1.00000000000000e+05 
7.93001250304192e-02 1.00000000000000e+05 
7.94498389327783e-02 1.00000000000000e+05 
7.95995428287449e-02 1.00000000000000e+05 
7.97492083442607e-02 1.00000000000000e+05 
7.98681071351379e-02 1.00000000000000e+05 
7.99988958051029e-02 1.00000000000000e+05 
8.01427633420643e-02 1.00000000000000e+05 
8.02820529353083e-02 1.00000000000000e+05 
8.04299382272987e-02 1.00000000000000e+05 
8.05787519000286e-02 1.00000000000000e+05 
8.07282530359039e-02 1.00000000000000e+05 
8.08777305440324e-02 1.00000000000000e+05 
8.10271679577786e-02 1.00000000000000e+05 
8.11766082059326e-02 1.00000000000000e+05 
8.13260624090323e-02 1.00000000000000e+05 
8.14755003678331e-02 1.00000000000000e+05 
8.16249769079462e-02 1.00000000000000e+05 
8.17745107100759e-02 1.00000000000000e+05 
8.19240495661212e-02 1.00000000000000e+05 
8.20736271148394e-02 1.00000000000000e+05 
8.22232237637331e-02 1.00000000000000e+05 
8.23716804409603e-02 1.00000000000000e+05 
8.25055328707462e-02 1.00000000000000e+05 
8.26508353444555e-02 1.00000000000000e+05 
8.28004059932425e-02 1.00000000000000e+05 
8.29498754148601e-02 1.00000000000000e+05 
8.30992683179687e-02 1.00000000000000e+05 
8.32486564739472e-02 1.00000000000000e+05 
8.33939615597339e-02 1.00000000000000e+05 
8.35316582498742e-02 1.00000000000000e+05 
8.36587692839620e-02 1.00000000000000e+05 
8.37985914214586e-02 1.00000000000000e+05 
8.39463490305126e-02 1.00000000000000e+05 
8.40953345330146e-02 1.00000000000000e+05 
8.42318287578131e-02 1.00000000000000e+05 
8.43773858366706e-02 1.00000000000000e+05 
8.45270200776486e-02 1.00000000000000e+05 
8.46767292663904e-02 1.00000000000000e+05 
8.48265460088503e-02 1.00000000000000e+05 
8.49764443792950e-02 1.00000000000000e+05 
8.51263528669558e-02 1.00000000000000e+05 
8.52762279886606e-02 1.00000000000000e+05 
8.54261116295700e-02 1.00000000000000e+05 
8.55759901042331e-02 1.00000000000000e+05 
8.57258606121500e-02 1.00000000000000e+05 
8.58757100375054e-02 1.00000000000000e+05 
8.60255559933363e-02 1.00000000000000e+05 
8.61753868107389e-02 1.00000000000000e+05 
8.63252132371998e-02 1.00000000000000e+05 
8.64750244753555e-02 1.00000000000000e+05 
8.66248357254470e-02 1.00000000000000e+05 
8.67603581908898e-02 1.00000000000000e+05 
8.69094329028768e-02 1.00000000000000e+05 
8.70592154572434e-02 1.00000000000000e+05 
8.72089919685029e-02 1.00000000000000e+05 
8.73587523007981e-02 1.00000000000000e+05 
8.75085169766054e-02 1.00000000000000e+05 
8.76549463251230e-02 1.00000000000000e+05 
8.78023939250510e-02 1.00000000000000e+05 
8.79521307859910e-02 1.00000000000000e+05 
8.81018681422461e-02 1.00000000000000e+05 
8.82410896935841e-02 1.00000000000000e+05 
8.83908160124058e-02 1.00000000000000e+05 
8.85405278347918e-02 1.00000000000000e+05 
8.86673247768614e-02 1.00000000000000e+05 
8.88062130397164e-02 1.00000000000000e+05 
8.89514727893713e-02 1.00000000000000e+05 
8.91004242433846e-02 1.00000000000000e+05 
8.92494362180704e-02 1.00000000000000e+05 
8.93986920453795e-02 1.00000000000000e+05 
8.95480295926114e-02 1.00000000000000e+05 
8.96974738005946e-02 1.00000000000000e+05 
8.98469744914468e-02 1.00000000000000e+05 
8.99965696638380e-02 1.00000000000000e+05 
9.01462341343411e-02 1.00000000000000e+05 
9.02958574134341e-02 1.00000000000000e+05 
9.04454673095466e-02 1.00000000000000e+05 
9.05950641130186e-02 1.00000000000000e+05 
9.07446740473867e-02 1.00000000000000e+05 
9.08942810759389e-02 1.00000000000000e+05 
9.10438845204828e-02 1.00000000000000e+05 
9.11934659877604e-02 1.00000000000000e+05 
9.13430359415819e-02 1.00000000000000e+05 
9.14581452949756e-02 1.00000000000000e+05 
9.15817061422331e-02 1.00000000000000e+05 
9.16900463601067e-02 1.00000000000000e+05 
9.18050200220499e-02 1.00000000000000e+05 
9.19276391066527e-02 1.00000000000000e+05 
9.20560330813693e-02 1.00000000000000e+05 
9.21882198618109e-02 1.00000000000000e+05 
9.23285735100083e-02 1.00000000000000e+05 
9.24760057854950e-02 1.00000000000000e+05 
9.26254190946262e-02 1.00000000000000e+05 
9.27748054887617e-02 1.00000000000000e+05 
9.29241364109967e-02 1.00000000000000e+05 
9.30734068761220e-02 1.00000000000000e+05 
9.32226651195009e-02 1.00000000000000e+05 
9.33719195510439e-02 1.00000000000000e+05 
9.35212025262207e-02 1.00000000000000e+05 
9.36705116393339e-02 1.00000000000000e+05 
9.38197223879742e-02 1.00000000000000e+05 
9.39690685120272e-02 1.00000000000000e+05 
9.41184034402495e-02 1.00000000000000e+05 
9.42677486325066e-02 1.00000000000000e+05 
9.44170864433794e-02 1.00000000000000e+05 
9.45663835148280e-02 1.00000000000000e+05 
9.47156588793967e-02 1.00000000000000e+05 
9.48649409008501e-02 1.00000000000000e+05 
9.50142146388434e-02 1.00000000000000e+05 
9.51635036401815e-02 1.00000000000000e+05 
9.53127779942741e-02 1.00000000000000e+05 
9.54620016132011e-02 1.00000000000000e+05 
9.56112035226193e-02 1.00000000000000e+05 
9.57604217380617e-02 1.00000000000000e+05 
9.59096362040825e-02 1.00000000000000e+05 
9.60588792478323e-02 1.00000000000000e+05 
9.62081227830719e-02 1.00000000000000e+05 
9.63573359322021e-02 1.00000000000000e+05 
9.65065533476882e-02 1.00000000000000e+05 
9.66558003275881e-02 1.00000000000000e+05 
9.68050481954501e-02 1.00000000000000e+05 
9.69543126285560e-02 1.00000000000000e+05 
9.71035658459419e-02 1.00000000000000e+05 
9.72527789461861e-02 1.00000000000000e+05 
9.74019823800724e-02 1.00000000000000e+05 
9.75512013655107e-02 1.00000000000000e+05 
9.77004102451740e-02 1.00000000000000e+05 
9.78496408587315e-02 1.00000000000000e+05 
9.79988653382203e-02 1.00000000000000e+05 
9.81480471868477e-02 1.00000000000000e+05 
9.82972060070306e-02 1.00000000000000e+05 
9.84463748489434e-02 1.00000000000000e+05 
9.85955307470501e-02 1.00000000000000e+05 
9.87447022620137e-02 1.00000000000000e+05 
9.88938714750316e-02 1.00000000000000e+05 
9.90430078807430e-02 1.00000000000000e+05 
9.91786522316976e-02 1.00000000000000e+05 
9.93243517539690e-02 1.00000000000000e+05 
9.94735028012839e-02 1.00000000000000e+05 
9.96052365835689e-02 1.00000000000000e+05 
9.97501437440824e-02 1.00000000000000e+05 
9.98992662790568e-02 1.00000000000000e+05 
1.00048322597876e-01 1.00000000000000e+05 
1.00197258270420e-01 1.00000000000000e+05 
1.00346085600584e-01 1.00000000000000e+05 
1.00494879880879e-01 1.00000000000000e+05 
1.00643707321881e-01 1.00000000000000e+05 
1.00792566028425e-01 1.00000000000000e+05 
1.00941478529702e-01 1.00000000000000e+05 
1.01090480694109e-01 1.00000000000000e+05 
1.01207468054842e-01 1.00000000000000e+05 
1.01332077136940e-01 1.00000000000000e+05 
1.01462944856170e-01 1.00000000000000e+05 
1.01603423940257e-01 1.00000000000000e+05 
1.01750964832747e-01 1.00000000000000e+05 
1.01899584905680e-01 1.00000000000000e+05 
1.02048321163666e-01 1.00000000000000e+05 
1.02197172465778e-01 1.00000000000000e+05 
1.02346191666377e-01 1.00000000000000e+05 
1.02495375473901e-01 1.00000000000000e+05 
1.02644701690504e-01 1.00000000000000e+05 
1.02789761299927e-01 1.00000000000000e+05 
1.02939152876332e-01 1.00000000000000e+05 
1.03088537875646e-01 1.00000000000000e+05 
1.03237916818379e-01 1.00000000000000e+05 
1.03387237958313e-01 1.00000000000000e+05 
1.03536474096815e-01 1.00000000000000e+05 
1.03685689151773e-01 1.00000000000000e+05 
1.03834868054741e-01 1.00000000000000e+05 
1.03984049135831e-01 1.00000000000000e+05 
1.04133230905102e-01 1.00000000000000e+05 
1.04282434837919e-01 1.00000000000000e+05 
1.04431660765088e-01 1.00000000000000e+05 
1.04580037330705e-01 1.00000000000000e+05 
1.04729324400224e-01 1.00000000000000e+05 
1.04878632233685e-01 1.00000000000000e+05 
1.05025267563560e-01 1.00000000000000e+05 
1.05174609971993e-01 1.00000000000000e+05 
1.05293063125443e-01 1.00000000000000e+05 
1.05411543912494e-01 1.00000000000000e+05 
1.05532268450247e-01 1.00000000000000e+05 
1.05665065441776e-01 1.00000000000000e+05 
1.05807095603128e-01 1.00000000000000e+05 
1.05952114411733e-01 1.00000000000000e+05 
1.06099193137711e-01 1.00000000000000e+05 
1.06248368857266e-01 1.00000000000000e+05 
1.06397450223787e-01 1.00000000000000e+05 
1.06546483289682e-01 1.00000000000000e+05 
1.06695532581133e-01 1.00000000000000e+05 
1.06844587726734e-01 1.00000000000000e+05 
1.06993665394919e-01 1.00000000000000e+05 
1.07142819432728e-01 1.00000000000000e+05 
1.07292026233293e-01 1.00000000000000e+05 
1.07441299265050e-01 1.00000000000000e+05 
1.07590636422448e-01 1.00000000000000e+05 
1.07740015031051e-01 1.00000000000000e+05 
1.07889421689978e-01 1.00000000000000e+05 
1.08038866999054e-01 1.00000000000000e+05 
1.08188333433892e-01 1.00000000000000e+05 
1.08337818961521e-01 1.00000000000000e+05 
1.08487312836853e-01 1.00000000000000e+05 
1.08636806439825e-01 1.00000000000000e+05 
1.08786301261049e-01 1.00000000000000e+05 
1.08935809322696e-01 1.00000000000000e+05 
1.09085316912071e-01 1.00000000000000e+05 
1.09234825447152e-01 1.00000000000000e+05 
1.09384337801771e-01 1.00000000000000e+05 
1.09533849901232e-01 1.00000000000000e+05 
1.09684170194772e-01 1.00000000000000e+05 
1.09834505396536e-01 1.00000000000000e+05 
1.09984847128208e-01 1.00000000000000e+05 
1.10135195344825e-01 1.00000000000000e+05 
1.10285546298890e-01 1.00000000000000e+05 
1.10435894652106e-01 1.00000000000000e+05 
1.10586252776177e-01 1.00000000000000e+05 
1.10736628278085e-01 1.00000000000000e+05 
1.10887012745532e-01 1.00000000000000e+05 
1.11037405433177e-01 1.00000000000000e+05 
1.11187803116765e-01 1.00000000000000e+05 
1.11338199421003e-01 1.00000000000000e+05 
1.11488606393691e-01 1.00000000000000e+05 
1.11639031645681e-01 1.00000000000000e+05 
1.11769056250102e-01 1.00000000000000e+05 
1.11907465762653e-01 1.00000000000000e+05 
1.12033240745435e-01 1.00000000000000e+05 
1.12171593226495e-01 1.00000000000000e+05 
1.12316980917943e-01 1.00000000000000e+05 
1.12466940444320e-01 1.00000000000000e+05 
1.12617254083433e-01 1.00000000000000e+05 
1.12767268833611e-01 1.00000000000000e+05 
1.12917586748672e-01 1.00000000000000e+05 
1.13067902731131e-01 1.00000000000000e+05 
1.13218238012005e-01 1.00000000000000e+05 
1.13368610883395e-01 1.00000000000000e+05 
1.13517546855001e-01 1.00000000000000e+05 
1.13667976092342e-01 1.00000000000000e+05 
1.13807903676000e-01 1.00000000000000e+05 
1.13949706347611e-01 1.00000000000000e+05 
1.14100186869774e-01 1.00000000000000e+05 
1.14234395227549e-01 1.00000000000000e+05 
1.14379746283773e-01 1.00000000000000e+05 
1.14529451751899e-01 1.00000000000000e+05 
1.14679525239767e-01 1.00000000000000e+05 
1.14829657355694e-01 1.00000000000000e+05 
1.14979724327976e-01 1.00000000000000e+05 
1.15129848546057e-01 1.00000000000000e+05 
1.15279984801293e-01 1.00000000000000e+05 
1.15430185765673e-01 1.00000000000000e+05 
1.15580476407811e-01 1.00000000000000e+05 
1.15730874206709e-01 1.00000000000000e+05 
1.15881389982615e-01 1.00000000000000e+05 
1.16031998380840e-01 1.00000000000000e+05 
1.16182667594107e-01 1.00000000000000e+05 
1.16333359760807e-01 1.00000000000000e+05 
1.16484046038057e-01 1.00000000000000e+05 
1.16634713264706e-01 1.00000000000000e+05 
1.16785349959675e-01 1.00000000000000e+05 
1.16935954246987e-01 1.00000000000000e+05 
1.17086515851927e-01 1.00000000000000e+05 
1.17234572201671e-01 1.00000000000000e+05 
1.17377440075434e-01 1.00000000000000e+05 
1.17527925508986e-01 1.00000000000000e+05 
1.17671339884449e-01 1.00000000000000e+05 
1.17818262540405e-01 1.00000000000000e+05 
1.17965599396365e-01 1.00000000000000e+05 
1.18115979117474e-01 1.00000000000000e+05 
1.18266338221059e-01 1.00000000000000e+05 
1.18416676870220e-01 1.00000000000000e+05 
1.18566983462201e-01 1.00000000000000e+05 
1.18717257307763e-01 1.00000000000000e+05 
1.18867486184479e-01 1.00000000000000e+05 
1.19017680249203e-01 1.00000000000000e+05 
1.19167852337200e-01 1.00000000000000e+05 
1.19318013508154e-01 1.00000000000000e+05 
1.19468163766262e-01 1.00000000000000e+05 
1.19618323510223e-01 1.00000000000000e+05 
1.19768480642163e-01 1.00000000000000e+05 
1.19918646690852e-01 1.00000000006604e+05 
1.20068818051945e-01 1.00000000026663e+05 
1.20218990691895e-01 1.00000000070458e+05 
1.20369154931974e-01 1.00000000250232e+05 
1.20519313627707e-01 1.00000000488938e+05 
1.20669456965932e-01 1.00000000875528e+05 
1.20819592146455e-01 1.00000001285386e+05 
1.20969720114704e-01 1.00000001729443e+05 
1.21119837816181e-01 1.00000002107342e+05 
1.21269942423729e-01 1.00000002477242e+05 
1.21420046137305e-01 1.00000002795151e+05 
1.21571334995536e-01 1.00000003044316e+05 
1.21722613323208e-01 1.00000003306590e+05 
1.21873893317793e-01 1.00000003579425e+05 
1.22006138245492e-01 1.00000003813853e+05 
1.22136036504446e-01 1.00000004049626e+05 
1.22277059941023e-01 1.00000004327081e+05 
1.22410610471388e-01 1.00000004616941e+05 
1.22551570319953e-01 1.00000004964523e+05 
1.22697258516114e-01 1.00000005363721e+05 
1.22847212818139e-01 1.00000005834238e+05 
1.22997147385417e-01 1.00000006384378e+05 
1.23147583934311e-01 1.00000007037346e+05 
1.23298468457578e-01 1.00000007812475e+05 
1.23449493761439e-01 1.00000008728312e+05 
1.23600506904000e-01 1.00000009803274e+05 
1.23751521537413e-01 1.00000011046545e+05 
1.23902551459220e-01 1.00000012470217e+05 
1.24053626544542e-01 1.00000014087667e+05 
1.24204788909505e-01 1.00000015918730e+05 
1.24348643840938e-01 1.00000017872883e+05 
1.24499957732923e-01 1.00000020162648e+05 
1.24649039601199e-01 1.00000022663575e+05 
1.24800438818098e-01 1.00000025464013e+05 
1.24951874589013e-01 1.00000028533656e+05 
1.25103326496352e-01 1.00000031878003e+05 
1.25254799052186e-01 1.00000035507382e+05 
1.25406280666972e-01 1.00000039432324e+05 
1.25557757399585e-01 1.00000043646155e+05 
1.25709221223569e-01 1.00000048173331e+05 
1.25860663813423e-01 1.00000053026371e+05 
1.26012072650811e-01 1.00000058215210e+05 
1.26163459653676e-01 1.00000063816587e+05 
1.26314831762508e-01 1.00000069946596e+05 
1.26466193013576e-01 1.00000076500518e+05 
1.26617556532460e-01 1.00000083819082e+05 
1.26768930383336e-01 1.00000092062852e+05 
1.26920309728065e-01 1.00000101447704e+05 
1.27071703951195e-01 1.00000112474810e+05 
1.27223113661304e-01 1.00000125430004e+05 
1.27374541176055e-01 1.00000140902287e+05 
1.27525993775693e-01 1.00000159719487e+05 
1.27677473328955e-01 1.00000182462609e+05 
1.27828966443800e-01 1.00000210554040e+05 
1.27980479665016e-01 1.00000244977160e+05 
1.28132009695245e-01 1.00000287489982e+05 
1.28284392977848e-01 1.00000339920126e+05 
1.28436807130166e-01 1.00000404252681e+05 
1.28589244933571e-01 1.00000483124680e+05 
1.28741710072004e-01 1.00000578140124e+05 
1.28894232251547e-01 1.00000692474282e+05 
1.29046793525392e-01 1.00000828978840e+05 
1.29199402312919e-01 1.00000991535982e+05 
1.29352058941681e-01 1.00001183434593e+05 
1.29504744591560e-01 1.00001410152712e+05 
1.29657459885023e-01 1.00001674697878e+05 
1.29810183535666e-01 1.00001982001198e+05 
1.29962922005486e-01 1.00002336751361e+05 
1.30115692656556e-01 1.00002744020960e+05 
1.30268490216383e-01 1.00003209031102e+05 
1.30421296489051e-01 1.00003737312482e+05 
1.30574119192973e-01 1.00004334141354e+05 
1.30726944599713e-01 1.00005005759820e+05 
1.30879782762707e-01 1.00005757941467e+05 
1.31032657405418e-01 1.00006597124525e+05 
1.31185568342678e-01 1.00007530432209e+05 
1.31338493103530e-01 1.00008565084590e+05 
1.31491438857592e-01 1.00009708742194e+05 
1.31644385608737e-01 1.00010970594422e+05 
1.31797342366062e-01 1.00012359733490e+05 
1.31950332886118e-01 1.00013887081255e+05 
1.32103352342194e-01 1.00015565419659e+05 
1.32256378850437e-01 1.00017409097151e+05 
1.32409421813046e-01 1.00019434142751e+05 
1.32562462872664e-01 1.00021660828491e+05 
1.32715511889754e-01 1.00024109410428e+05 
1.32868592274391e-01 1.00026804218998e+05 
1.33021698354700e-01 1.00029776323111e+05 
1.33174808051553e-01 1.00033057029632e+05 
1.33327931910531e-01 1.00036683742444e+05 
1.33476983459090e-01 1.00040588469794e+05 
1.33630109541708e-01 1.00045031891544e+05 
1.33776956005419e-01 1.00049754146109e+05 
1.33930131696458e-01 1.00055221458200e+05 
1.34083293989691e-01 1.00061291461431e+05 
1.34236314549844e-01 1.00068064471155e+05 
1.34389054637867e-01 1.00075601609441e+05 
1.34541551248058e-01 1.00083986237046e+05 
1.34693961785441e-01 1.00093311372108e+05 
1.34846441351663e-01 1.00103678520648e+05 
1.34999096604926e-01 1.00115189511688e+05 
1.35151852961075e-01 1.00127970538086e+05 
1.35304728559805e-01 1.00142109058166e+05 
1.35457738046691e-01 1.00157742754103e+05 
1.35610916201771e-01 1.00174980608972e+05 
1.35764195145566e-01 1.00193910440925e+05 
1.35917466947731e-01 1.00214664993127e+05 
1.36070674562307e-01 1.00237286015076e+05 
1.36223690997948e-01 1.00261851686013e+05 
1.36376581933065e-01 1.00288434935150e+05 
1.36529484093506e-01 1.00317101867039e+05 
1.36682437035969e-01 1.00347924850791e+05 
1.36835439488895e-01 1.00380953964847e+05 
1.36988514296456e-01 1.00416152264217e+05 
1.37141660878317e-01 1.00453527440558e+05 
1.37294860710241e-01 1.00493005099302e+05 
1.37440387402595e-01 1.00532378776912e+05 
1.37593739034097e-01 1.00575751579631e+05 
1.37747113666405e-01 1.00620997259014e+05 
1.37900482803302e-01 1.00667900896005e+05 
1.38053829722252e-01 1.00716333281503e+05 
1.38207141675598e-01 1.00766064953588e+05 
1.38360432378515e-01 1.00816900670385e+05 
1.38513699255395e-01 1.00868592664849e+05 
1.38666934818826e-01 1.00920921937987e+05 
1.38820137527075e-01 1.00973577105501e+05 
1.38973311094687e-01 1.01026379757000e+05 
1.39126468229227e-01 1.01078992962717e+05 
1.39279637015953e-01 1.01130900581803e+05 
1.39432811068285e-01 1.01181952298611e+05 
1.39585983639658e-01 1.01231957126525e+05 
1.39739151217069e-01 1.01280580188279e+05 
1.39879674039809e-01 1.01323727563816e+05 
1.40012798886465e-01 1.01363165016869e+05 
1.40159031792469e-01 1.01404470291378e+05 
1.40311011365980e-01 1.01445002765538e+05 
1.40464181122516e-01 1.01483354039844e+05 
1.40617270161659e-01 1.01518457085301e+05 
1.40770253013955e-01 1.01550362361958e+05 
1.40923221805193e-01 1.01578913596687e+05 
1.41076213485601e-01 1.01603751817285e+05 
1.41229227719531e-01 1.01625288517834e+05 
1.41355234471341e-01 1.01640586487062e+05 
1.41493841898331e-01 1.01655322622479e+05 
1.41643407322998e-01 1.01667115636023e+05 
1.41796560637661e-01 1.01674643512511e+05 
1.41947747274002e-01 1.01679301446390e+05 
1.42100908295768e-01 1.01681776398868e+05 
1.42253995449035e-01 1.01682864687286e+05 
1.42406969429584e-01 1.01681327668918e+05 
1.42559851303788e-01 1.01677597513939e+05 
1.42712725714735e-01 1.01671767375079e+05 
1.42863781464207e-01 1.01664621112262e+05 
1.43016721939128e-01 1.01657345953246e+05 
1.43169703108346e-01 1.01650493227684e+05 
1.43322728253340e-01 1.01643739169792e+05 
1.43475763188779e-01 1.01637065120777e+05 
1.43628809021219e-01 1.01630149437889e+05 
1.43781866719148e-01 1.01623600076465e+05 
1.43934917521593e-01 1.01617158287366e+05 
1.44087966104305e-01 1.01611005309170e+05 
1.44241007800758e-01 1.01604713913079e+05 
1.44394037342759e-01 1.01598318625161e+05 
1.44547065841107e-01 1.01591031200667e+05 
1.44700098339884e-01 1.01583129472691e+05 
1.44853121969463e-01 1.01574491084938e+05 
1.44996353881886e-01 1.01566384660132e+05 
1.45149356377353e-01 1.01556893064278e+05 
1.45302337648922e-01 1.01546830497915e+05 
1.45455305491882e-01 1.01535390507437e+05 
1.45608263470137e-01 1.01523201106066e+05 
1.45761188986514e-01 1.01510435809376e+05 
1.45914080773302e-01 1.01498014900105e+05 
1.46060008994280e-01 1.01485284114102e+05 
1.46210555423239e-01 1.01471530920571e+05 
1.46363377776943e-01 1.01455966143711e+05 
1.46516232626875e-01 1.01439616870202e+05 
1.46669083760073e-01 1.01423311057145e+05 
1.46821966639722e-01 1.01406606711883e+05 
1.46974856758324e-01 1.01389962458124e+05 
1.47127733714770e-01 1.01372059701778e+05 
1.47280593324238e-01 1.01352838831428e+05 
1.47433446360827e-01 1.01333864824895e+05 
1.47586287285553e-01 1.01314343211275e+05 
1.47739128265016e-01 1.01294923648594e+05 
1.47891952731080e-01 1.01275933554557e+05 
1.48044766909673e-01 1.01255987638723e+05 
1.48197587908417e-01 1.01235047357011e+05 
1.48350412916769e-01 1.01214106510835e+05 
1.48503216510600e-01 1.01192884066282e+05 
1.48656013104612e-01 1.01172087495872e+05 
1.48808793766577e-01 1.01151466426288e+05 
1.48961566787265e-01 1.01130252839059e+05 
1.49114354257067e-01 1.01107709659496e+05 
1.49267160987861e-01 1.01085251723843e+05 
1.49406889268087e-01 1.01064522780206e+05 
1.49559725559608e-01 1.01042110952431e+05 
1.49712566500087e-01 1.01019879208695e+05 
1.49865387714765e-01 1.00997028467772e+05 
1.50018168126907e-01 1.00972926596653e+05 
1.50170891438012e-01 1.00948808936822e+05 
1.50323578300903e-01 1.00924373038694e+05 
1.50476299030101e-01 1.00900033736098e+05 
1.50629072067599e-01 1.00875748624942e+05 
1.50781888445655e-01 1.00850673897515e+05 
1.50934752855471e-01 1.00824646831084e+05 
1.51087667353502e-01 1.00798489373128e+05 
1.51240617414666e-01 1.00772275812236e+05 
1.51393591153537e-01 1.00745471412722e+05 
1.51546562571599e-01 1.00718977032779e+05 
1.51699524852991e-01 1.00691833838456e+05 
1.51852487473019e-01 1.00664386740943e+05 
1.52005446498546e-01 1.00637177718080e+05 
1.52158397147169e-01 1.00609761994129e+05 
1.52311342895234e-01 1.00582087166090e+05 
1.52464269545327e-01 1.00555114351370e+05 
1.52612633797598e-01 1.00528688478317e+05 
1.52765529864011e-01 1.00501208865680e+05 
1.52918423615618e-01 1.00474234493088e+05 
1.53071311476735e-01 1.00447395200851e+05 
1.53224178451837e-01 1.00420236991536e+05 
1.53376992601211e-01 1.00394460215483e+05 
1.53529747608676e-01 1.00368206884549e+05 
1.53682481023646e-01 1.00341983068880e+05 
1.53835212029309e-01 1.00316467914175e+05 
1.53987950548701e-01 1.00291520808732e+05 
1.54140717438510e-01 1.00267079612981e+05 
1.54293507157128e-01 1.00243655525350e+05 
1.54446293549517e-01 1.00220486362992e+05 
1.54599091524421e-01 1.00197358464390e+05 
1.54749847034764e-01 1.00175492206445e+05 
1.54902691446896e-01 1.00153966140247e+05 
1.55055552854156e-01 1.00133086415789e+05 
1.55208415577409e-01 1.00113451390084e+05 
1.55361290544083e-01 1.00094185052002e+05 
1.55514184927215e-01 1.00075224166357e+05 
1.55667110501798e-01 1.00057320740615e+05 
1.55820083664289e-01 1.00040157080345e+05 
1.55973105892233e-01 1.00023657196845e+05 
1.56105835397260e-01 1.00010372594958e+05 
1.56251837852788e-01 9.99961119352219e+04 
1.56404986145934e-01 9.99817077523749e+04 
1.56558129186144e-01 9.99683315274527e+04 
1.56711117594558e-01 9.99558712838264e+04 
1.56863994323786e-01 9.99439930298129e+04 
1.57016881519518e-01 9.99335111619859e+04 
1.57169929346162e-01 9.99237919027135e+04 
1.57323115352651e-01 9.99149356302454e+04 
1.57476395112845e-01 9.99071924143837e+04 
1.57629803798309e-01 9.99003061130298e+04 
1.57783306838616e-01 9.98944012961410e+04 
1.57936904620877e-01 9.98897772503966e+04 
1.58090513936468e-01 9.98858114273664e+04 
1.58244113672966e-01 9.98826320647367e+04 
1.58394197226741e-01 9.98807243287675e+04 
1.58540085122895e-01 9.98797489569680e+04 
1.58684835731621e-01 9.98796112991947e+04 
1.58838446378823e-01 9.98808644488749e+04 
1.58992035751569e-01 9.98826000529395e+04 
1.59145597199425e-01 9.98852924467199e+04 
1.59299073211500e-01 9.98890240531104e+04 
1.59452457994444e-01 9.98933280208595e+04 
1.59605785167264e-01 9.98982332771901e+04 
1.59759074611685e-01 9.99040030545400e+04 
1.59912448805895e-01 9.99101766317521e+04 
1.60065840697242e-01 9.99163343942291e+04 
1.60219284741478e-01 9.99231380821103e+04 
1.60364857415668e-01 9.99299649507171e+04 
1.60518475600240e-01 9.99374810327976e+04 
1.60672183231471e-01 9.99452687727396e+04 
1.60811848191460e-01 9.99524533955655e+04 
1.60963972290293e-01 9.99604791147149e+04 
1.61117736335091e-01 9.99689007546409e+04 
1.61271437092722e-01 9.99776489628010e+04 
1.61425086955112e-01 9.99863169373119e+04 
1.61578738039319e-01 9.99952816033985e+04 
1.61732407792662e-01 1.00004265910404e+05 
1.61886154504482e-01 1.00013210399988e+05 
1.62040007537402e-01 1.00022254742763e+05 
1.62193996422114e-01 1.00031346544712e+05 
1.62348072924336e-01 1.00040087947819e+05 
1.62502220506879e-01 1.00048810072144e+05 
1.62656400010169e-01 1.00057074552362e+05 
1.62810590871706e-01 1.00064927743023e+05 
1.62964781679991e-01 1.00072634387952e+05 
1.63118963147075e-01 1.00079969627447e+05 
1.63273147256479e-01 1.00086495137681e+05 
1.63427342218894e-01 1.00092721678990e+05 
1.63581514305176e-01 1.00098106155231e+05 
1.63735687398588e-01 1.00102930292491e+05 
1.63889852214469e-01 1.00107507315455e+05 
1.64044011014121e-01 1.00111639247007e+05 
1.64198190084077e-01 1.00114808384912e+05 
1.64352393735194e-01 1.00117703061708e+05 
1.64506588718917e-01 1.00119759614984e+05 
1.64660794259202e-01 1.00121299654606e+05 
1.64815005860905e-01 1.00122614277554e+05 
1.64969245998382e-01 1.00123558714440e+05 
1.65123499857461e-01 1.00123523761958e+05 
1.65277770789918e-01 1.00123306801980e+05 
1.65432047739894e-01 1.00122840070180e+05 
1.65586330127792e-01 1.00121593861805e+05 
1.65740618453861e-01 1.00119415573922e+05 
1.65894932948534e-01 1.00116935642625e+05 
1.66049258225998e-01 1.00113533447235e+05 
1.66203595786299e-01 1.00110067856364e+05 
1.66357936053543e-01 1.00106148807993e+05 
1.66512278959552e-01 1.00102145909444e+05 
1.66666631483985e-01 1.00098250960899e+05 
1.66820999464497e-01 1.00094254384346e+05 
1.66975375823389e-01 1.00089544141689e+05 
1.67129761089910e-01 1.00084862295225e+05 
1.67284146858200e-01 1.00079711652688e+05 
1.67438534186647e-01 1.00074683974399e+05 
1.67589048427527e-01 1.00069320750814e+05 
1.67739014708692e-01 1.00063319931258e+05 
1.67893430214929e-01 1.00056677140691e+05 
1.68047852211259e-01 1.00049579783270e+05 
1.68202273537893e-01 1.00042048179436e+05 
1.68356695234243e-01 1.00034194957738e+05 
1.68511123042638e-01 1.00025819847941e+05 
1.68665559463089e-01 1.00016985400386e+05 
1.68819999346308e-01 1.00007486213577e+05 
1.68974439907153e-01 9.99974932886881e+04 
1.69128874649881e-01 9.99869871045275e+04 
1.69283305280716e-01 9.99761581331012e+04 
1.69437737584421e-01 9.99648100587001e+04 
1.69592172059142e-01 9.99530547659259e+04 
1.69746606775841e-01 9.99407224929639e+04 
1.69901036488619e-01 9.99278875544448e+04 
1.70055456421104e-01 9.99147588647569e+04 
1.70209872656804e-01 9.99013443534736e+04 
1.70364289459007e-01 9.98875012339746e+04 
1.70518712080792e-01 9.98734361035578e+04 
1.70673138315410e-01 9.98588410189536e+04 
1.70827558337896e-01 9.98439082905302e+04 
1.70981980494168e-01 9.98285620703600e+04 
1.71136397630636e-01 9.98130404878880e+04 
1.71290810637035e-01 9.97974749666553e+04 
1.71445230991115e-01 9.97814948469631e+04 
1.71599656664105e-01 9.97644396618215e+04 
1.71754076025476e-01 9.97476075692827e+04 
1.71908496345086e-01 9.97299914941325e+04 
1.72062911301765e-01 9.97122394214151e+04 
1.72217321118996e-01 9.96945896448581e+04 
1.72371736897068e-01 9.96766747003297e+04 
1.72526158208631e-01 9.96575618182826e+04 
1.72680571949776e-01 9.96385383603824e+04 
1.72832295772211e-01 9.96191046643330e+04 
1.72986704322962e-01 9.95991344881594e+04 
1.73141107564742e-01 9.95792903906649e+04 
1.73285590567354e-01 9.95605976840030e+04 
1.73438671280068e-01 9.95399435567951e+04 
1.73588676883009e-01 9.95199788886476e+04 
1.73743025072481e-01 9.94989043500371e+04 
1.73897248740738e-01 9.94780005139849e+04 
1.74051323470805e-01 9.94576190177220e+04 
1.74205237270067e-01 9.94372931185685e+04 
1.74359104094837e-01 9.94163450197499e+04 
1.74512993888398e-01 9.93960621368517e+04 
1.74666937053877e-01 9.93754219271525e+04 
1.74820918066087e-01 9.93551728007993e+04 
1.74974964076735e-01 9.93355812519877e+04 
1.75129111379999e-01 9.93161826409382e+04 
1.75283334859386e-01 9.92962995275229e+04 
1.75437614184226e-01 9.92771448989586e+04 
1.75591916559535e-01 9.92578441341713e+04 
1.75746231081252e-01 9.92389925633531e+04 
1.75900548390232e-01 9.92209201040496e+04 
1.76054866965362e-01 9.92034195067403e+04 
1.76209192197716e-01 9.91856472622390e+04 
1.76363501927404e-01 9.91686189291205e+04 
1.76517804787807e-01 9.91515319676811e+04 
1.76672098708194e-01 9.91349380504606e+04 
1.76826387276479e-01 9.91191949838461e+04 
1.76980685808360e-01 9.91038222470702e+04 
1.77134997605905e-01 9.90879712411004e+04 
1.77289309518612e-01 9.90728965120871e+04 
1.77443628968318e-01 9.90576495839661e+04 
1.77597948070347e-01 9.90429686790610e+04 
1.77752268677614e-01 9.90291111057133e+04 
1.77906602669641e-01 9.90155449168243e+04 
1.78060949915939e-01 9.90019541401966e+04 
1.78215294605329e-01 9.89888062903922e+04 
1.78369643471602e-01 9.89760916070090e+04 
1.78523988382843e-01 9.89640037561686e+04 
1.78678329677177e-01 9.89522334313726e+04 
1.78832678195346e-01 9.89410283482824e+04 
1.78987033542952e-01 9.89301118361520e+04 
1.79141380116420e-01 9.89197952990507e+04 
1.79295725815905e-01 9.89104620788042e+04 
1.79450062802923e-01 9.89021756827589e+04 
1.79604392760061e-01 9.88954976569734e+04 
1.79758724247363e-01 9.88902294295359e+04 
1.79913062517809e-01 9.88852868139546e+04 
1.80067395594701e-01 9.88813444925184e+04 
1.80221728793598e-01 9.88775894573900e+04 
1.80376054934743e-01 9.88748998762525e+04 
1.80530375373153e-01 9.88729678179040e+04 
1.80684700080860e-01 9.88714799727921e+04 
1.80839028803750e-01 9.88694195613245e+04 
1.80993346979626e-01 9.88681578928034e+04 
1.81147659548657e-01 9.88667403763903e+04 
1.81301961728155e-01 9.88663311564630e+04 
1.81456254626670e-01 9.88671608936081e+04 
1.81610547099304e-01 9.88676646710098e+04 
1.81764843615209e-01 9.88679437965815e+04 
1.81919132445651e-01 9.88686252700404e+04 
1.82073421724459e-01 9.88694995791963e+04 
1.82227708262764e-01 9.88712414213794e+04 
1.82381993841304e-01 9.88737991187229e+04 
1.82536287831132e-01 9.88770242394191e+04 
1.82690591473473e-01 9.88807379251365e+04 
1.82844892461823e-01 9.88855482570598e+04 
1.82999195627002e-01 9.88913193435208e+04 
1.83153495496309e-01 9.88982549284226e+04 
1.83307791918642e-01 9.89062539240149e+04 
1.83462091096098e-01 9.89149177458408e+04 
1.83616392657768e-01 9.89232325161447e+04 
1.83770682150005e-01 9.89322758932829e+04 
1.83924964170015e-01 9.89413359423573e+04 
1.84079238096437e-01 9.89511967771522e+04 
1.84233507184108e-01 9.89618409785938e+04 
1.84383256363751e-01 9.89724230657761e+04 
1.84537540703914e-01 9.89827201188528e+04 
1.84691826170673e-01 9.89932939480624e+04 
1.84846118240383e-01 9.90035922559851e+04 
1.85000381989036e-01 9.90146841061789e+04 
1.85154598652396e-01 9.90264957574838e+04 
1.85308784891934e-01 9.90385475811552e+04 
1.85462978421032e-01 9.90498574516720e+04 
1.85617164800438e-01 9.90615344618557e+04 
1.85771372712626e-01 9.90730797047870e+04 
1.85925607905724e-01 9.90857034667684e+04 
1.86079875000766e-01 9.90988620830374e+04 
1.86234183166892e-01 9.91122173619599e+04 
1.86388523766899e-01 9.91248225756410e+04 
1.86542882764417e-01 9.91376722091692e+04 
1.86697254067401e-01 9.91502897675987e+04 
1.86851630975815e-01 9.91636860849413e+04 
1.87006009781890e-01 9.91774165100019e+04 
1.87160394266805e-01 9.91911512566118e+04 
1.87314785614595e-01 9.92040002544785e+04 
1.87469171086791e-01 9.92167905133575e+04 
1.87623554055295e-01 9.92291506567042e+04 
1.87777932764989e-01 9.92420390167739e+04 
1.87932307675201e-01 9.92550526365092e+04 
1.88086687735421e-01 9.92679240896302e+04 
1.88241074226027e-01 9.92797327187164e+04 
1.88395458046022e-01 9.92913697077013e+04 
1.88549841929825e-01 9.93026038405790e+04 
1.88704203119205e-01 9.93143696981477e+04 
1.88858527771536e-01 9.93262119891446e+04 
1.89012806852002e-01 9.93378818947082e+04 
1.89167060099318e-01 9.93485235963988e+04 
1.89321300265856e-01 9.93589743073063e+04 
1.89475558285168e-01 9.93690009714553e+04 
1.89629831953259e-01 9.93794999904676e+04 
1.89784140307329e-01 9.93901275694878e+04 
1.89938492645646e-01 9.94006723210097e+04 
1.90092879099955e-01 9.94102647925178e+04 
1.90247271105982e-01 9.94197713642290e+04 
1.90401629885293e-01 9.94288348702197e+04 
1.90555939596763e-01 9.94380879731943e+04 
1.90710215658806e-01 9.94472787296626e+04 
1.90864467172214e-01 9.94563547195955e+04 
1.91018709161205e-01 9.94644558696549e+04 
1.91172949927756e-01 9.94724885668814e+04 
1.91325721590391e-01 9.94798885996867e+04 
1.91480002446325e-01 9.94874992348775e+04 
1.91634317419008e-01 9.94949521127152e+04 
1.91788678696393e-01 9.95020312597099e+04 
1.91943067696868e-01 9.95080557066855e+04 
1.92097471019236e-01 9.95140832674751e+04 
1.92251869370656e-01 9.95195759314299e+04 
1.92406258784653e-01 9.95251799820330e+04 
1.92560635819589e-01 9.95308387730304e+04 
1.92714996708789e-01 9.95362330021549e+04 
1.92869340539750e-01 9.95407516692109e+04 
1.93023653912659e-01 9.95453400726669e+04 
1.93158874498234e-01 9.95489091383217e+04 
1.93307617142366e-01 9.95529932420387e+04 
1.93461853640624e-01 9.95573817065447e+04 
1.93616073983909e-01 9.95615409919341e+04 
1.93770252260018e-01 9.95649202738539e+04 
1.93924320157105e-01 9.95684053078628e+04 
1.94078245361514e-01 9.95713653473371e+04 
1.94232098062815e-01 9.95742577608569e+04 
1.94385941947310e-01 9.95775998594397e+04 
1.94539851595853e-01 9.95807055746880e+04 
1.94693842581689e-01 9.95829926369871e+04 
1.94847951361636e-01 9.95853385612483e+04 
1.95002163721145e-01 9.95871990798549e+04 
1.95156420313361e-01 9.95892104416039e+04 
1.95310679704683e-01 9.95915943413499e+04 
1.95464919953797e-01 9.95936693808705e+04 
1.95619143749064e-01 9.95949918728302e+04 
1.95773362099016e-01 9.95963868260272e+04 
1.95927605881580e-01 9.95973944819236e+04 
1.96081878237409e-01 9.95984435482479e+04 
1.96236188633287e-01 9.95997311739672e+04 
1.96390557070068e-01 9.96010227934133e+04 
1.96544959585505e-01 9.96020261270375e+04 
1.96699382249487e-01 9.96031873395173e+04 
1.96853808469444e-01 9.96041807409258e+04 
1.97008228215577e-01 9.96051324751662e+04 
1.97162639263325e-01 9.96065736391377e+04 
1.97317046647621e-01 9.96080371753098e+04 
1.97471451191185e-01 9.96093120781641e+04 
1.97625845766188e-01 9.96106657732252e+04 
1.97780235024197e-01 9.96118086758730e+04 
1.97934615210285e-01 9.96129195997190e+04 
1.98088987499573e-01 9.96142378567150e+04 
1.98243363887754e-01 9.96155920287556e+04 
1.98397747091093e-01 9.96167573493744e+04 
1.98552135069426e-01 9.96180954924831e+04 
1.98706531521902e-01 9.96192184737367e+04 
1.98860929852420e-01 9.96203300740322e+04 
1.99015327622620e-01 9.96217682190255e+04 
1.99169733063138e-01 9.96237164660032e+04 
1.99324147455940e-01 9.96252454626438e+04 
1.99478567758769e-01 9.96271809999249e+04 
1.99632997708403e-01 9.96287071549631e+04 
1.99787434224408e-01 9.96301132125241e+04 
1.99941874666287e-01 9.96317738939143e+04 
2.00096327347655e-01 9.96333497322367e+04 
2.00250790824479e-01 9.96346167709377e+04 
