# Liste des scalaires : TEMPS pmat 
0.00000000000000e+00 1.00000000000000e+05 
5.42217668469038e-05 1.00000000000000e+05 
9.53468963838177e-05 1.00000000000000e+05 
1.34704709288286e-04 1.00000000000000e+05 
1.76450020584728e-04 1.00000000000000e+05 
2.18351954957012e-04 1.00000000000000e+05 
2.59639476973028e-04 1.00000000000000e+05 
3.01244039763527e-04 1.00000000000000e+05 
3.43280422253424e-04 1.00000000000000e+05 
3.86288725950663e-04 1.00000000000000e+05 
4.30871791231774e-04 1.00000000000000e+05 
4.75528664583529e-04 1.00000000000000e+05 
5.20334549363796e-04 1.00000000000000e+05 
5.66475057376470e-04 1.00000000000000e+05 
6.13205951503790e-04 1.00000000000000e+05 
6.60815891820414e-04 1.00000000000000e+05 
7.08945542365472e-04 1.00000000000000e+05 
7.57740199086888e-04 1.00000000000000e+05 
8.07563764691386e-04 1.00000000000000e+05 
8.58281823833434e-04 1.00000000000000e+05 
9.09277176967710e-04 1.00000000000000e+05 
9.61535038576176e-04 1.00000000000000e+05 
1.01448338566476e-03 1.00000000000000e+05 
1.06790373633938e-03 1.00000000000000e+05 
1.12262815905360e-03 1.00000000000000e+05 
1.17809089439346e-03 1.00000000000000e+05 
1.23454121772595e-03 1.00000000000000e+05 
1.29058212313996e-03 1.00000000000000e+05 
1.34824129896534e-03 1.00000000000000e+05 
1.40585382143348e-03 1.00000000000000e+05 
1.46495232883479e-03 1.00000000000000e+05 
1.52463190957166e-03 1.00000000000000e+05 
1.58467017916978e-03 1.00000000000000e+05 
1.64420455082482e-03 1.00000000000000e+05 
1.70514377341979e-03 1.00000000000000e+05 
1.76775032170145e-03 1.00000000000000e+05 
1.83029818513149e-03 1.00000000000000e+05 
1.89385833507996e-03 1.00000000000000e+05 
1.95691491521797e-03 1.00000000000000e+05 
2.02047251563162e-03 1.00000000000000e+05 
2.08504913984334e-03 1.00000000000000e+05 
2.15086150384941e-03 1.00000000000000e+05 
2.21745663729098e-03 1.00000000000000e+05 
2.28508315366585e-03 1.00000000000000e+05 
2.35271571489038e-03 1.00000000000000e+05 
2.42076005354738e-03 1.00000000000000e+05 
2.48998524318334e-03 1.00000000000000e+05 
2.56062903807440e-03 1.00000000000000e+05 
2.63188821615061e-03 1.00000000000000e+05 
2.70421313550114e-03 1.00000000000000e+05 
2.77683276458068e-03 1.00000000000000e+05 
2.84936450049112e-03 1.00000000000000e+05 
2.92307003054396e-03 1.00000000000000e+05 
2.99800979782229e-03 1.00000000000000e+05 
3.07360965706441e-03 1.00000000000000e+05 
3.15035128731882e-03 1.00000000000000e+05 
3.22832143725156e-03 1.00000000000000e+05 
3.30669584181753e-03 1.00000000000000e+05 
3.38592615475781e-03 1.00000000000000e+05 
3.46613119241834e-03 1.00000000000000e+05 
3.54704898275497e-03 1.00000000000000e+05 
3.62934968842687e-03 1.00000000000000e+05 
3.71209278301684e-03 1.00000000000000e+05 
3.79501872912097e-03 1.00000000000000e+05 
3.87906385332331e-03 1.00000000000000e+05 
3.96366518910184e-03 1.00000000000000e+05 
4.04899238182634e-03 1.00000000000000e+05 
4.13540674767210e-03 1.00000000000000e+05 
4.22292789487626e-03 1.00000000000000e+05 
4.31152516835067e-03 1.00000000000000e+05 
4.40013955935788e-03 1.00000000000000e+05 
4.48881019897629e-03 1.00000000000000e+05 
4.57870339175882e-03 1.00000000000000e+05 
4.66869993332937e-03 1.00000000000000e+05 
4.75973476999295e-03 1.00000000000000e+05 
4.85194248966158e-03 1.00000000000000e+05 
4.94374634579970e-03 1.00000000000000e+05 
5.03675429955608e-03 1.00000000000000e+05 
5.13084700789588e-03 1.00000000000000e+05 
5.22388029957961e-03 1.00000000000000e+05 
5.31790371453961e-03 1.00000000000000e+05 
5.41304140112341e-03 1.00000000000000e+05 
5.50904618052046e-03 1.00000000000000e+05 
5.60593196178897e-03 1.00000000000000e+05 
5.70284693921127e-03 1.00000000000000e+05 
5.79861230972352e-03 1.00000000000000e+05 
5.89378135581005e-03 1.00000000000000e+05 
5.98977614326280e-03 1.00000000000000e+05 
6.08676343205458e-03 1.00000000000000e+05 
6.18496810924169e-03 1.00000000000000e+05 
6.28354433583628e-03 1.00000000000000e+05 
6.38286068359625e-03 1.00000000000000e+05 
6.48085303544531e-03 1.00000000000000e+05 
6.57945326657321e-03 1.00000000000000e+05 
6.67782925245236e-03 1.00000000000000e+05 
6.77698528062178e-03 1.00000000000000e+05 
6.87698111704531e-03 1.00000000000000e+05 
6.97794867411151e-03 1.00000000000000e+05 
7.07958787476455e-03 1.00000000000000e+05 
7.18186515856296e-03 1.00000000000000e+05 
7.28479333551786e-03 1.00000000000000e+05 
7.38835308628010e-03 1.00000000000000e+05 
7.49065279848973e-03 1.00000000000000e+05 
7.59369169213472e-03 1.00000000000000e+05 
7.69612617736179e-03 1.00000000000000e+05 
7.79861572501599e-03 1.00000000000000e+05 
7.90181388672094e-03 1.00000000000000e+05 
8.00614985820949e-03 1.00000000000000e+05 
8.11171326302447e-03 1.00000000000000e+05 
8.21816873334892e-03 1.00000000000000e+05 
8.32490947126234e-03 1.00000000000000e+05 
8.43051433349689e-03 1.00000000000000e+05 
8.53660851917418e-03 1.00000000000000e+05 
8.64328692091710e-03 1.00000000000000e+05 
8.75050710619408e-03 1.00000000000000e+05 
8.85767630847120e-03 1.00000000000000e+05 
8.96520782350772e-03 1.00000000000000e+05 
9.07328103461501e-03 1.00000000000000e+05 
9.18204887407422e-03 1.00000000000000e+05 
9.29154361726218e-03 1.00000000000000e+05 
9.40170025599893e-03 1.00000000000000e+05 
9.51229935906524e-03 1.00000000000000e+05 
9.62338598541214e-03 1.00000000000000e+05 
9.73490587285310e-03 1.00000000000000e+05 
9.84548259156019e-03 1.00000000000000e+05 
9.95811071172091e-03 1.00000000000000e+05 
1.00698727317504e-02 1.00000000000000e+05 
1.01821367487647e-02 1.00000000000000e+05 
1.02934420014341e-02 1.00000000000000e+05 
1.04058887433728e-02 1.00000000000000e+05 
1.05172498389968e-02 1.00000000000000e+05 
1.06302384249876e-02 1.00000000000000e+05 
1.07436458506394e-02 1.00000000000000e+05 
1.08577707765955e-02 1.00000000000000e+05 
1.09696420703362e-02 1.00000000000000e+05 
1.10821690500831e-02 1.00000000000000e+05 
1.11937210686107e-02 1.00000000000000e+05 
1.13067008682842e-02 1.00000000000000e+05 
1.14210823251272e-02 1.00000000000000e+05 
1.15355125407622e-02 1.00000000000000e+05 
1.16468971114522e-02 1.00000000000000e+05 
1.17593866675486e-02 1.00000000000000e+05 
1.18711831979106e-02 1.00000000000000e+05 
1.19840398830265e-02 1.00000000000000e+05 
1.20994714184752e-02 1.00000000000000e+05 
1.22149236097779e-02 1.00000000000000e+05 
1.23263009801338e-02 1.00000000000000e+05 
1.24387647710065e-02 1.00000000000000e+05 
1.25502017039197e-02 1.00000000000000e+05 
1.26642279704980e-02 1.00000000000000e+05 
1.27795870496156e-02 1.00000000000000e+05 
1.28945232026539e-02 1.00000000000000e+05 
1.30058347561014e-02 1.00000000000000e+05 
1.31176921282093e-02 1.00000000000000e+05 
1.32287645724473e-02 1.00000000000000e+05 
1.33421791275426e-02 1.00000000000000e+05 
1.34567637449280e-02 1.00000000000000e+05 
1.35717508886346e-02 1.00000000000000e+05 
1.36833565478115e-02 1.00000000000000e+05 
1.37954637506668e-02 1.00000000000000e+05 
1.39068572358214e-02 1.00000000000000e+05 
1.40195496043110e-02 1.00000000000000e+05 
1.41346647525386e-02 1.00000000000000e+05 
1.42501123430066e-02 1.00000000000000e+05 
1.43615047844991e-02 1.00000000000000e+05 
1.44740335290530e-02 1.00000000000000e+05 
1.45856822692066e-02 1.00000000000000e+05 
1.46990970989810e-02 1.00000000000000e+05 
1.48149655749303e-02 1.00000000000000e+05 
1.49310264169545e-02 1.00000000000000e+05 
1.50438171820443e-02 1.00000000000000e+05 
1.51575055546797e-02 1.00000000000000e+05 
1.52704057451527e-02 1.00000000000000e+05 
1.53866667711967e-02 1.00000000000000e+05 
1.55029543293068e-02 1.00000000000000e+05 
1.56192495287802e-02 1.00000000000000e+05 
1.57326060117164e-02 1.00000000000000e+05 
1.58477210342989e-02 1.00000000000000e+05 
1.59623434971683e-02 1.00000000000000e+05 
1.60786145038701e-02 1.00000000000000e+05 
1.61948761159783e-02 1.00000000000000e+05 
1.63111226023938e-02 1.00000000000000e+05 
1.64268924699658e-02 1.00000000000000e+05 
1.65430716697823e-02 1.00000000000000e+05 
1.66589906232185e-02 1.00000000000000e+05 
1.67750422758770e-02 1.00000000000000e+05 
1.68910536509555e-02 1.00000000000000e+05 
1.70065139299075e-02 1.00000000000000e+05 
1.71224664017308e-02 1.00000000000000e+05 
1.72384574884979e-02 1.00000000000000e+05 
1.73545077254922e-02 1.00000000000000e+05 
1.74706470877492e-02 1.00000000000000e+05 
1.75868741574387e-02 1.00000000000000e+05 
1.77032268251980e-02 1.00000000000000e+05 
1.78197070532329e-02 1.00000000000000e+05 
1.79358066753252e-02 1.00000000000000e+05 
1.80507683818135e-02 1.00000000000000e+05 
1.81672708205301e-02 1.00000000000000e+05 
1.82850428693127e-02 1.00000000000000e+05 
1.84022546003100e-02 1.00000000000000e+05 
1.85171323677522e-02 1.00000000000000e+05 
1.86331965677370e-02 1.00000000000000e+05 
1.87471164567555e-02 1.00000000000000e+05 
1.88615021192151e-02 1.00000000000000e+05 
1.89793057866564e-02 1.00000000000000e+05 
1.90963057037150e-02 1.00000000000000e+05 
1.92097249114028e-02 1.00000000000000e+05 
1.93263633912561e-02 1.00000000000000e+05 
1.94392004717995e-02 1.00000000000000e+05 
1.95527930858868e-02 1.00000000000000e+05 
1.96685746426368e-02 1.00000000000000e+05 
1.97845623524243e-02 1.00000000000000e+05 
1.98963098741018e-02 1.00000000000000e+05 
2.00099973524577e-02 1.00000000000000e+05 
2.01213542456619e-02 1.00000000000000e+05 
2.02337226110222e-02 1.00000000000000e+05 
2.03479046518936e-02 1.00000000000000e+05 
2.04623894649045e-02 1.00000000000000e+05 
2.05734981769262e-02 1.00000000000000e+05 
2.06864500355721e-02 1.00000000000000e+05 
2.07976387411589e-02 1.00000000000000e+05 
2.09101918366895e-02 1.00000000000000e+05 
2.10246227655565e-02 1.00000000000000e+05 
2.11395152112669e-02 1.00000000000000e+05 
2.12512996674029e-02 1.00000000000000e+05 
2.13650118834940e-02 1.00000000000000e+05 
2.14772537443145e-02 1.00000000000000e+05 
2.15912527055757e-02 1.00000000000000e+05 
2.17060304966352e-02 1.00000000000000e+05 
2.18217019329091e-02 1.00000000000000e+05 
2.19351824357146e-02 1.00000000000000e+05 
2.20498183742503e-02 1.00000000000000e+05 
2.21639692367758e-02 1.00000000000000e+05 
2.22790898442696e-02 1.00000000000000e+05 
2.23935722668181e-02 1.00000000000000e+05 
2.25086200993256e-02 1.00000000000000e+05 
2.26236604974930e-02 1.00000000000000e+05 
2.27378743522719e-02 1.00000000000000e+05 
2.28529336591434e-02 1.00000000000000e+05 
2.29679027304252e-02 1.00000000000000e+05 
2.30817604294717e-02 1.00000000000000e+05 
2.31964709771661e-02 1.00000000000000e+05 
2.33102027882821e-02 1.00000000000000e+05 
2.34239209748352e-02 1.00000000000000e+05 
2.35376061131831e-02 1.00000000000000e+05 
2.36519918233720e-02 1.00000000000000e+05 
2.37655052577222e-02 1.00000000000000e+05 
2.38797215538777e-02 1.00000000000000e+05 
2.39930465133541e-02 1.00000000000000e+05 
2.41062861908677e-02 1.00000000000000e+05 
2.42194265454203e-02 1.00000000000000e+05 
2.43332803776409e-02 1.00000000000000e+05 
2.44461183415644e-02 1.00000000000000e+05 
2.45597348460851e-02 1.00000000000000e+05 
2.46715177091845e-02 1.00000000000000e+05 
2.47839426395945e-02 1.00000000000000e+05 
2.48957587220674e-02 1.00000000000000e+05 
2.50089107578546e-02 1.00000000000000e+05 
2.51210313222482e-02 1.00000000000000e+05 
2.52339735966546e-02 1.00000000000000e+05 
2.53460743178678e-02 1.00000000000000e+05 
2.54581644938094e-02 1.00000000000000e+05 
2.55702906471978e-02 1.00000000000000e+05 
2.56830875699241e-02 1.00000000000000e+05 
2.57952639449883e-02 1.00000000000000e+05 
2.59080281949797e-02 1.00000000000000e+05 
2.60209172667742e-02 1.00000000000000e+05 
2.61336617429661e-02 1.00000000000000e+05 
2.62461642481618e-02 1.00000000000000e+05 
2.63584293113558e-02 1.00000000000000e+05 
2.64705475035876e-02 1.00000000000000e+05 
2.65824740059255e-02 1.00000000000000e+05 
2.66943191166273e-02 1.00000000000000e+05 
2.68062933506121e-02 1.00000000000000e+05 
2.69182750391056e-02 1.00000000000000e+05 
2.70303268526975e-02 1.00000000000000e+05 
2.71428605506346e-02 1.00000000000000e+05 
2.72559778901628e-02 1.00000000000000e+05 
2.73698643193789e-02 1.00000000000000e+05 
2.74847901451230e-02 1.00000000000000e+05 
2.75972807202119e-02 1.00000000000000e+05 
2.77138810278703e-02 1.00000000000000e+05 
2.78315384885352e-02 1.00000000000000e+05 
2.79468176406717e-02 1.00000000000000e+05 
2.80606468877661e-02 1.00000000000000e+05 
2.81764305007303e-02 1.00000000000000e+05 
2.82880424633743e-02 1.00000000000000e+05 
2.84031250320121e-02 1.00000000000000e+05 
2.85145068948462e-02 1.00000000000000e+05 
2.86297401580294e-02 1.00000000000000e+05 
2.87414316749742e-02 1.00000000000000e+05 
2.88531057925242e-02 1.00000000000000e+05 
2.89653866836917e-02 1.00000000000000e+05 
2.90787981222301e-02 1.00000000000000e+05 
2.91920924160989e-02 1.00000000000000e+05 
2.93080969055587e-02 1.00000000000000e+05 
2.94249560391579e-02 1.00000000000000e+05 
2.95432226929834e-02 1.00000000000000e+05 
2.96646452579957e-02 1.00000000000000e+05 
2.97860028598181e-02 1.00000000000000e+05 
2.99074470253848e-02 1.00000000000000e+05 
3.00233199742143e-02 1.00000000000000e+05 
3.01352479047686e-02 1.00000000000000e+05 
3.02490493511004e-02 1.00000000000000e+05 
3.03622902428552e-02 1.00000000000000e+05 
3.04787210261700e-02 1.00000000000000e+05 
3.05972284004089e-02 1.00000000000000e+05 
3.07152546866218e-02 1.00000000000000e+05 
3.08278268657881e-02 1.00000000000000e+05 
3.09412793977218e-02 1.00000000000000e+05 
3.10541316767223e-02 1.00000000000000e+05 
3.11706124460216e-02 1.00000000000000e+05 
3.12874439407533e-02 1.00000000000000e+05 
3.14049412021623e-02 1.00000000000000e+05 
3.15188093597265e-02 1.00000000000000e+05 
3.16341613314934e-02 1.00000000000000e+05 
3.17489554225878e-02 1.00000000000000e+05 
3.18650755610823e-02 1.00000000000000e+05 
3.19823296461171e-02 1.00000000000000e+05 
3.20998562701241e-02 1.00000000000000e+05 
3.22150230476433e-02 1.00000000000000e+05 
3.23311110799483e-02 1.00000000000000e+05 
3.24465249512617e-02 1.00000000000000e+05 
3.25642675468685e-02 1.00000000000000e+05 
3.26831596025300e-02 1.00000000000000e+05 
3.28030005467304e-02 1.00000000000000e+05 
3.29198663813185e-02 1.00000000000000e+05 
3.30377895418145e-02 1.00000000000000e+05 
3.31552285222916e-02 1.00000000000000e+05 
3.32749096815027e-02 1.00000000000000e+05 
3.33958395984424e-02 1.00000000000000e+05 
3.35170686733312e-02 1.00000000000000e+05 
3.36359583964743e-02 1.00000000000000e+05 
3.37560213455171e-02 1.00000000000000e+05 
3.38753080523327e-02 1.00000000000000e+05 
3.39968421944689e-02 1.00000000000000e+05 
3.41186638920566e-02 1.00000000000000e+05 
3.42405977497766e-02 1.00000000000000e+05 
3.43602374085735e-02 1.00000000000000e+05 
3.44814478118968e-02 1.00000000000000e+05 
3.46012598014602e-02 1.00000000000000e+05 
3.47231706869257e-02 1.00000000000000e+05 
3.48453333699281e-02 1.00000000000000e+05 
3.49677783053364e-02 1.00000000000000e+05 
3.50880561723207e-02 1.00000000000000e+05 
3.52097083566594e-02 1.00000000000000e+05 
3.53302999389153e-02 1.00000000000000e+05 
3.54525198699414e-02 1.00000000000000e+05 
3.55773520859019e-02 1.00000000000000e+05 
3.57008836622401e-02 1.00000000000000e+05 
3.58220070998839e-02 1.00000000000000e+05 
3.59443765528033e-02 1.00000000000000e+05 
3.60657441584592e-02 1.00000000000000e+05 
3.61883408613240e-02 1.00000000000000e+05 
3.63105464305364e-02 1.00000000000000e+05 
3.64330307125709e-02 1.00000000000000e+05 
3.65546623089310e-02 1.00000000000000e+05 
3.66772093120883e-02 1.00000000000000e+05 
3.67990262397512e-02 1.00000000000000e+05 
3.69213146614235e-02 1.00000000000000e+05 
3.70435623922587e-02 1.00000000000000e+05 
3.71658566055342e-02 1.00000000000000e+05 
3.72880728168690e-02 1.00000000000000e+05 
3.74104354275724e-02 1.00000000000000e+05 
3.75330644338461e-02 1.00000000000000e+05 
3.76561857625132e-02 1.00000000000000e+05 
3.77797315184882e-02 1.00000000000000e+05 
3.79038058114779e-02 1.00000000000000e+05 
3.80276931256881e-02 1.00000000000000e+05 
3.81523350602676e-02 1.00000000000000e+05 
3.82762678872996e-02 1.00000000000000e+05 
3.84031004993790e-02 1.00000000000000e+05 
3.85304976342899e-02 1.00000000000000e+05 
3.86578710362733e-02 1.00000000000000e+05 
3.87818261049835e-02 1.00000000000000e+05 
3.89071325524878e-02 1.00000000000000e+05 
3.90316190558799e-02 1.00000000000000e+05 
3.91573951870899e-02 1.00000000000000e+05 
3.92804690080244e-02 1.00000000000000e+05 
3.94038628316747e-02 1.00000000000000e+05 
3.95273962958698e-02 1.00000000000000e+05 
3.96511003153634e-02 1.00000000000000e+05 
3.97749247864333e-02 1.00000000000000e+05 
3.98990310445589e-02 1.00000000000000e+05 
4.00234011149695e-02 1.00000000000000e+05 
4.01480714937475e-02 1.00000000000000e+05 
4.02728778021892e-02 1.00000000000000e+05 
4.03979265530557e-02 1.00000000000000e+05 
4.05232821464736e-02 1.00000000000000e+05 
4.06490118143282e-02 1.00000000000000e+05 
4.07750608598453e-02 1.00000000000000e+05 
4.09014908926461e-02 1.00000000000000e+05 
4.10282604553695e-02 1.00000000000000e+05 
4.11554280794319e-02 1.00000000000000e+05 
4.12832308374336e-02 1.00000000000000e+05 
4.14126851653100e-02 1.00000000000000e+05 
4.15422793812318e-02 1.00000000000000e+05 
4.16716957295568e-02 1.00000000000000e+05 
4.17991510737571e-02 1.00000000000000e+05 
4.19282689927369e-02 1.00000000000000e+05 
4.20565321747001e-02 1.00000000000000e+05 
4.21870545397477e-02 1.00000000000000e+05 
4.23194813854745e-02 1.00000000000000e+05 
4.24522914898351e-02 1.00000000000000e+05 
4.25784834141198e-02 1.00000000000000e+05 
4.27049007843030e-02 1.00000000000000e+05 
4.28315999316479e-02 1.00000000000000e+05 
4.29586266950347e-02 1.00000000000000e+05 
4.30858844881270e-02 1.00000000000000e+05 
4.32134008465128e-02 1.00000000000000e+05 
4.33409890210187e-02 1.00000000000000e+05 
4.34687026149996e-02 1.00000000000000e+05 
4.35966168814923e-02 1.00000000000000e+05 
4.37248946111731e-02 1.00000000000000e+05 
4.38534384616534e-02 1.00000000000000e+05 
4.39822588946439e-02 1.00000000000000e+05 
4.41112496875382e-02 1.00000000000000e+05 
4.42404821608031e-02 1.00000000000000e+05 
4.43612015934197e-02 1.00000000000000e+05 
4.44915843278163e-02 1.00000000000000e+05 
4.46235122145669e-02 1.00000000000000e+05 
4.47558325654682e-02 1.00000000000000e+05 
4.48846470380447e-02 1.00000000000000e+05 
4.50176940407796e-02 1.00000000000000e+05 
4.51391416233804e-02 1.00000000000000e+05 
4.52606187760655e-02 1.00000000000000e+05 
4.53871274408794e-02 1.00000000000000e+05 
4.55099253034688e-02 1.00000000000000e+05 
4.56387790164634e-02 1.00000000000000e+05 
4.57680730767300e-02 1.00000000000000e+05 
4.58916078784607e-02 1.00000000000000e+05 
4.60211295726883e-02 1.00000000000000e+05 
4.61508010566476e-02 1.00000000000000e+05 
4.62756012478641e-02 1.00000000000000e+05 
4.64056470234413e-02 1.00000000000000e+05 
4.65295783187450e-02 1.00000000000000e+05 
4.66600208488944e-02 1.00000000000000e+05 
4.67852450289185e-02 1.00000000000000e+05 
4.69163359486756e-02 1.00000000000000e+05 
4.70451410360946e-02 1.00000000000000e+05 
4.71695287766644e-02 1.00000000000000e+05 
4.73015203636299e-02 1.00000000000000e+05 
4.74347346978238e-02 1.00000000000000e+05 
4.75640249575912e-02 1.00000000000000e+05 
4.76980363632964e-02 1.00000000000000e+05 
4.78305314576862e-02 1.00000000000000e+05 
4.79628249596566e-02 1.00000000000000e+05 
4.80838554727326e-02 1.00000000000000e+05 
4.82050408525863e-02 1.00000000000000e+05 
4.83309669795730e-02 1.00000000000000e+05 
4.84538790003807e-02 1.00000000000000e+05 
4.85826742466632e-02 1.00000000000000e+05 
4.87095719208721e-02 1.00000000000000e+05 
4.88393790781320e-02 1.00000000000000e+05 
4.89598705285755e-02 1.00000000000000e+05 
4.90867763707561e-02 1.00000000000000e+05 
4.92129168916111e-02 1.00000000000000e+05 
4.93457005106359e-02 1.00000000000000e+05 
4.94684428134044e-02 1.00000000000000e+05 
4.95987475415177e-02 1.00000000000000e+05 
4.97203668220943e-02 1.00000000000000e+05 
4.98458311994981e-02 1.00000000000000e+05 
4.99757865609973e-02 1.00000000000000e+05 
5.01099192962199e-02 1.00000000000000e+05 
5.02366691162239e-02 1.00000000000000e+05 
5.03713368525785e-02 1.00000000000000e+05 
5.04933734664361e-02 1.00000000000000e+05 
5.06192175577547e-02 1.00000000000000e+05 
5.07438351930389e-02 1.00000000000000e+05 
5.08727269065406e-02 1.00000000000000e+05 
5.09948291290726e-02 1.00000000000000e+05 
5.11208436604549e-02 1.00000000000000e+05 
5.12515206011411e-02 1.00000000000000e+05 
5.13753883159859e-02 1.00000000000000e+05 
5.15035478857206e-02 1.00000000000000e+05 
5.16368259475986e-02 1.00000000000000e+05 
5.17701251031653e-02 1.00000000000000e+05 
5.19035154207617e-02 1.00000000000000e+05 
5.20371257108312e-02 1.00000000000000e+05 
5.21710150065296e-02 1.00000000000000e+05 
5.23050266749256e-02 1.00000000000000e+05 
5.24391281306915e-02 1.00000000000000e+05 
5.25732632647616e-02 1.00000000000000e+05 
5.27074270900696e-02 1.00000000000000e+05 
5.28417426110607e-02 1.00000000000000e+05 
5.29758775157406e-02 1.00000000000000e+05 
5.31101181744564e-02 1.00000000000000e+05 
5.32445408211246e-02 1.00000000000000e+05 
5.33794911590263e-02 1.00000000000000e+05 
5.35148631939027e-02 1.00000000000000e+05 
5.36505534039348e-02 1.00000000000000e+05 
5.37893034995414e-02 1.00000000000000e+05 
5.39281850900651e-02 1.00000000000000e+05 
5.40674325106571e-02 1.00000000000000e+05 
5.42072122489879e-02 1.00000000000000e+05 
5.43470125718400e-02 1.00000000000000e+05 
5.44819616162008e-02 1.00000000000000e+05 
5.46175897743278e-02 1.00000000000000e+05 
5.47537293546861e-02 1.00000000000000e+05 
5.48901937189732e-02 1.00000000000000e+05 
5.50267456334649e-02 1.00000000000000e+05 
5.51633215941714e-02 1.00000000000000e+05 
5.52999436304813e-02 1.00000000000000e+05 
5.54366264755015e-02 1.00000000000000e+05 
5.55722587256147e-02 1.00000000000000e+05 
5.57083994698028e-02 1.00000000000000e+05 
5.58449194753912e-02 1.00000000000000e+05 
5.59817877899852e-02 1.00000000000000e+05 
5.61194910355676e-02 1.00000000000000e+05 
5.62582612914574e-02 1.00000000000000e+05 
5.63973072126287e-02 1.00000000000000e+05 
5.65363295254033e-02 1.00000000000000e+05 
5.66749532210218e-02 1.00000000000000e+05 
5.68138395396924e-02 1.00000000000000e+05 
5.69528417373826e-02 1.00000000000000e+05 
5.70916566552297e-02 1.00000000000000e+05 
5.72303695467096e-02 1.00000000000000e+05 
5.73680956500115e-02 1.00000000000000e+05 
5.75060047457915e-02 1.00000000000000e+05 
5.76441434173029e-02 1.00000000000000e+05 
5.77825189173829e-02 1.00000000000000e+05 
5.79210151342423e-02 1.00000000000000e+05 
5.80594211282866e-02 1.00000000000000e+05 
5.81978054510270e-02 1.00000000000000e+05 
5.83362582193959e-02 1.00000000000000e+05 
5.84745379300197e-02 1.00000000000000e+05 
5.86129039392247e-02 1.00000000000000e+05 
5.87511136910991e-02 1.00000000000000e+05 
5.88892436492940e-02 1.00000000000000e+05 
5.90273431400779e-02 1.00000000000000e+05 
5.91654975288472e-02 1.00000000000000e+05 
5.93035010778198e-02 1.00000000000000e+05 
5.94415681221732e-02 1.00000000000000e+05 
5.95794894307732e-02 1.00000000000000e+05 
5.97173441575445e-02 1.00000000000000e+05 
5.98551554286402e-02 1.00000000000000e+05 
5.99930112542437e-02 1.00000000000000e+05 
6.01307459312951e-02 1.00000000000000e+05 
6.02685179291991e-02 1.00000000000000e+05 
6.04061539217938e-02 1.00000000000000e+05 
6.05437410415840e-02 1.00000000000000e+05 
6.06812677358159e-02 1.00000000000000e+05 
6.08188310327759e-02 1.00000000000000e+05 
6.09562993851006e-02 1.00000000000000e+05 
6.10937705903210e-02 1.00000000000000e+05 
6.12311220207310e-02 1.00000000000000e+05 
6.13684130128924e-02 1.00000000000000e+05 
6.15056763676292e-02 1.00000000000000e+05 
6.16430100666153e-02 1.00000000000000e+05 
6.17802828951217e-02 1.00000000000000e+05 
6.19177270578410e-02 1.00000000000000e+05 
6.20551289640712e-02 1.00000000000000e+05 
6.21925903218171e-02 1.00000000000000e+05 
6.23301154430384e-02 1.00000000000000e+05 
6.24678727202565e-02 1.00000000000000e+05 
6.26055635955370e-02 1.00000000000000e+05 
6.27434571361691e-02 1.00000000000000e+05 
6.28812297967117e-02 1.00000000000000e+05 
6.30190317122449e-02 1.00000000000000e+05 
6.31568346343054e-02 1.00000000000000e+05 
6.32947609431556e-02 1.00000000000000e+05 
6.34325694058184e-02 1.00000000000000e+05 
6.35704392765784e-02 1.00000000000000e+05 
6.37081600114588e-02 1.00000000000000e+05 
6.38458450976754e-02 1.00000000000000e+05 
6.39834755811071e-02 1.00000000000000e+05 
6.41199685048164e-02 1.00000000000000e+05 
6.42575827669386e-02 1.00000000000000e+05 
6.43952307236972e-02 1.00000000000000e+05 
6.45327695625634e-02 1.00000000000000e+05 
6.46703005913439e-02 1.00000000000000e+05 
6.48077671488913e-02 1.00000000000000e+05 
6.49452837446634e-02 1.00000000000000e+05 
6.50827515449166e-02 1.00000000000000e+05 
6.52202253338354e-02 1.00000000000000e+05 
6.53575898362746e-02 1.00000000000000e+05 
6.54949517971516e-02 1.00000000000000e+05 
6.56322352775245e-02 1.00000000000000e+05 
6.57695666345801e-02 1.00000000000000e+05 
6.59068528580279e-02 1.00000000000000e+05 
6.60441330480991e-02 1.00000000000000e+05 
6.61812996081893e-02 1.00000000000000e+05 
6.63184659858767e-02 1.00000000000000e+05 
6.64555326196026e-02 1.00000000000000e+05 
6.65880953426343e-02 1.00000000000000e+05 
6.67211416349606e-02 1.00000000000000e+05 
6.68555989812668e-02 1.00000000000000e+05 
6.69917145734448e-02 1.00000000000000e+05 
6.71288918064486e-02 1.00000000000000e+05 
6.72666368222780e-02 1.00000000000000e+05 
6.74047990439085e-02 1.00000000000000e+05 
6.75432421488480e-02 1.00000000000000e+05 
6.76742297989964e-02 1.00000000000000e+05 
6.78152624186500e-02 1.00000000000000e+05 
6.79648181455649e-02 1.00000000000000e+05 
6.81117772494063e-02 1.00000000000000e+05 
6.82456690142290e-02 1.00000000000000e+05 
6.83896871939793e-02 1.00000000000000e+05 
6.85398819561535e-02 1.00000000000000e+05 
6.86872818831364e-02 1.00000000000000e+05 
6.88430614305145e-02 1.00000000000000e+05 
6.89994311640824e-02 1.00000000000000e+05 
6.91316138051099e-02 1.00000000000000e+05 
6.92699080999312e-02 1.00000000000000e+05 
6.94150943645039e-02 1.00000000000000e+05 
6.95682269297694e-02 1.00000000000000e+05 
6.97272222429095e-02 1.00000000000000e+05 
6.98862473456109e-02 1.00000000000000e+05 
7.00453156281837e-02 1.00000000000000e+05 
7.02044215948888e-02 1.00000000000000e+05 
7.03635706867659e-02 1.00000000000000e+05 
7.05227638123293e-02 1.00000000000001e+05 
7.06608043569548e-02 1.00000000000001e+05 
7.08117461407526e-02 1.00000000000001e+05 
7.09705169016483e-02 1.00000000000001e+05 
7.11293895839908e-02 1.00000000000001e+05 
7.12887292769557e-02 1.00000000000001e+05 
7.14480924500811e-02 1.00000000000001e+05 
7.16074834781574e-02 1.00000000000001e+05 
7.17669097702209e-02 1.00000000000001e+05 
7.19263760189450e-02 1.00000000000045e+05 
7.20856882226690e-02 1.00000000004870e+05 
7.22452144665130e-02 1.00000000018567e+05 
7.24047776970965e-02 1.00000000045222e+05 
7.25432174347811e-02 1.00000000083471e+05 
7.26888556983812e-02 1.00000000260829e+05 
7.28293122885520e-02 1.00000000470884e+05 
7.29764282462325e-02 1.00000000732195e+05 
7.31206236961451e-02 1.00000001027950e+05 
7.32701181619638e-02 1.00000001379006e+05 
7.34195674640363e-02 1.00000001773899e+05 
7.35725003462516e-02 1.00000002208805e+05 
7.37175981421469e-02 1.00000002534010e+05 
7.38689141031764e-02 1.00000003003032e+05 
7.40161645982950e-02 1.00000003369443e+05 
7.41693306312340e-02 1.00000003896405e+05 
7.43098996659380e-02 1.00000004332328e+05 
7.44609347610158e-02 1.00000004829008e+05 
7.45990295388548e-02 1.00000005311926e+05 
7.47400135986659e-02 1.00000005824380e+05 
7.48657212761825e-02 1.00000006306338e+05 
7.50031703246489e-02 1.00000006875909e+05 
7.51377222461216e-02 1.00000007627290e+05 
7.52680193789313e-02 1.00000008373717e+05 
7.53954284531128e-02 1.00000009012317e+05 
7.55267690436187e-02 1.00000009707496e+05 
7.56572639849945e-02 1.00000010260444e+05 
7.57903351898481e-02 1.00000010820864e+05 
7.59304693745021e-02 1.00000011422035e+05 
7.60694524179680e-02 1.00000012162061e+05 
7.62046285239543e-02 1.00000012921022e+05 
7.63468007211127e-02 1.00000013767617e+05 
7.64851693297092e-02 1.00000014621371e+05 
7.66281924896855e-02 1.00000015553484e+05 
7.67718682189443e-02 1.00000016608825e+05 
7.69160851958406e-02 1.00000017823620e+05 
7.70573886473454e-02 1.00000019314217e+05 
7.72040004463662e-02 1.00000021873590e+05 
7.73465005106691e-02 1.00000025293520e+05 
7.74921518781838e-02 1.00000038099959e+05 
7.76406793564932e-02 1.00000065035244e+05 
7.77898229539920e-02 1.00000106677807e+05 
7.79333676092082e-02 1.00000164225857e+05 
7.80850757684906e-02 1.00000246657455e+05 
7.82378906791418e-02 1.00000355153476e+05 
7.83879913786042e-02 1.00000481619470e+05 
7.85474017807831e-02 1.00000638421220e+05 
7.87084312488084e-02 1.00000823549876e+05 
7.88553091295889e-02 1.00001015481360e+05 
7.90166406263694e-02 1.00001251641296e+05 
7.91716486215541e-02 1.00001508038631e+05 
7.93270357207569e-02 1.00001796484151e+05 
7.94885180849106e-02 1.00002132658806e+05 
7.96500481859470e-02 1.00002507631083e+05 
7.98073842160527e-02 1.00002914038279e+05 
7.99690295843877e-02 1.00003377303158e+05 
8.01303684143425e-02 1.00003891317667e+05 
8.02921382074214e-02 1.00004466504904e+05 
8.04539600064632e-02 1.00005109746742e+05 
8.06158379664158e-02 1.00005833728651e+05 
8.07763598224689e-02 1.00006642385040e+05 
8.09365741154538e-02 1.00007547797620e+05 
8.10956022521775e-02 1.00008554263256e+05 
8.12552386681291e-02 1.00009697264348e+05 
8.14150691159988e-02 1.00010977757667e+05 
8.15752192097291e-02 1.00012470613239e+05 
8.17347561500840e-02 1.00014125973168e+05 
8.18937440858984e-02 1.00016041819994e+05 
8.20514665338769e-02 1.00018255247418e+05 
8.22099760474654e-02 1.00020805848139e+05 
8.23688047104080e-02 1.00023739881136e+05 
8.25279593182801e-02 1.00027107956750e+05 
8.26869252230458e-02 1.00031003503137e+05 
8.28458105209879e-02 1.00035513868123e+05 
8.30039890845038e-02 1.00040743526993e+05 
8.31630737568419e-02 1.00046786533826e+05 
8.33229733096489e-02 1.00053737566095e+05 
8.34836402182490e-02 1.00061712170637e+05 
8.36437812804098e-02 1.00070863917454e+05 
8.38050596478110e-02 1.00081477234956e+05 
8.39662676343020e-02 1.00093680831549e+05 
8.41287174026293e-02 1.00107784067015e+05 
8.42914264450226e-02 1.00123776749078e+05 
8.44541586790011e-02 1.00141841457185e+05 
8.46169140880181e-02 1.00162177083193e+05 
8.47796809112819e-02 1.00184947968837e+05 
8.49424641484602e-02 1.00210425986236e+05 
8.51052730130170e-02 1.00238750922398e+05 
8.52680934786264e-02 1.00270002832289e+05 
8.54309293551446e-02 1.00304269827986e+05 
8.55937821151083e-02 1.00341679542147e+05 
8.57566371197399e-02 1.00382288670677e+05 
8.59194220522464e-02 1.00426147876876e+05 
8.60823012923408e-02 1.00473297039299e+05 
8.62450407498056e-02 1.00523564707440e+05 
8.64079393127146e-02 1.00576831901542e+05 
8.65708392350996e-02 1.00633091663850e+05 
8.67337279798615e-02 1.00692435833428e+05 
8.68966106170739e-02 1.00754236888479e+05 
8.70595017094572e-02 1.00818293990506e+05 
8.72224026533578e-02 1.00884363421172e+05 
8.73853196590437e-02 1.00952207119409e+05 
8.75482608441184e-02 1.01021481150621e+05 
8.77112147636318e-02 1.01091517138009e+05 
8.78741895552905e-02 1.01161824723256e+05 
8.80371878118124e-02 1.01232186860864e+05 
8.82002006041532e-02 1.01301805786206e+05 
8.83601267126261e-02 1.01368993886325e+05 
8.85231651889872e-02 1.01435792392091e+05 
8.86862032830636e-02 1.01500588605363e+05 
8.88492489878898e-02 1.01562781639992e+05 
8.90123080686487e-02 1.01621872100288e+05 
8.91753735000560e-02 1.01677218551386e+05 
8.93384407820187e-02 1.01728432171757e+05 
8.95015111281579e-02 1.01775975853402e+05 
8.96645714688439e-02 1.01818713420073e+05 
8.98276284784670e-02 1.01856055355347e+05 
8.99906932168432e-02 1.01887571716324e+05 
9.01537632988114e-02 1.01915399918911e+05 
9.03168370130783e-02 1.01938579164919e+05 
9.04799178576732e-02 1.01954046235132e+05 
9.06429987051989e-02 1.01963694721478e+05 
9.08060877430076e-02 1.01967506535076e+05 
9.09691948835836e-02 1.01963593311063e+05 
9.11323148834837e-02 1.01958033190089e+05 
9.12954421147649e-02 1.01952997723364e+05 
9.14585766642869e-02 1.01947880102853e+05 
9.16217103193281e-02 1.01942692235778e+05 
9.17848498641363e-02 1.01937054751044e+05 
9.19480073323093e-02 1.01930657038770e+05 
9.21111784596599e-02 1.01923180382994e+05 
9.22743583838148e-02 1.01914843858290e+05 
9.24375451510620e-02 1.01906154977282e+05 
9.26007338077518e-02 1.01896569803955e+05 
9.27639304264736e-02 1.01885739792039e+05 
9.29025769954354e-02 1.01874950686724e+05 
9.30550882212934e-02 1.01861206426561e+05 
9.32183280451040e-02 1.01845650301561e+05 
9.33815732206193e-02 1.01829450835715e+05 
9.35448197605988e-02 1.01812773210291e+05 
9.37080728266550e-02 1.01794653095903e+05 
9.38713491589324e-02 1.01776517382142e+05 
9.40346453897150e-02 1.01758381884424e+05 
9.41979552015159e-02 1.01741494822028e+05 
9.43612734088491e-02 1.01724272614189e+05 
9.45245760504105e-02 1.01706700785917e+05 
9.46622755747873e-02 1.01690679081576e+05 
9.48122100187574e-02 1.01672862052217e+05 
9.49689751005728e-02 1.01654002752666e+05 
9.51239519489085e-02 1.01636634733594e+05 
9.52771151530038e-02 1.01619943063496e+05 
9.54358872127810e-02 1.01603129395338e+05 
9.55905157754506e-02 1.01585242463647e+05 
9.57510339751354e-02 1.01566942968275e+05 
9.59118902024213e-02 1.01548854549064e+05 
9.60738824615660e-02 1.01532148079318e+05 
9.62317959783028e-02 1.01516666322500e+05 
9.63952767526746e-02 1.01501245976657e+05 
9.65541387605003e-02 1.01485218892165e+05 
9.67176443054290e-02 1.01469104936557e+05 
9.68811708158051e-02 1.01453557336344e+05 
9.70447026992387e-02 1.01439814066416e+05 
9.72072663765225e-02 1.01427216943197e+05 
9.73489693253034e-02 1.01416712152142e+05 
9.75048425689624e-02 1.01403884566006e+05 
9.76674382460273e-02 1.01390862191530e+05 
9.78166862828022e-02 1.01379331657600e+05 
9.79774519322281e-02 1.01367887797808e+05 
9.81410428386293e-02 1.01356681223007e+05 
9.83046308914093e-02 1.01345670789615e+05 
9.84682217335106e-02 1.01333124815923e+05 
9.86318414470237e-02 1.01320085899473e+05 
9.87954833074626e-02 1.01306546458420e+05 
9.89591346126630e-02 1.01293706420899e+05 
9.91227847994714e-02 1.01280696513769e+05 
9.92864361399217e-02 1.01267843692082e+05 
9.94500931213416e-02 1.01252862119700e+05 
9.96137779893116e-02 1.01236888106632e+05 
9.97774816985783e-02 1.01220524553935e+05 
9.99411996007887e-02 1.01205160162444e+05 
1.00104918372978e-01 1.01190253010050e+05 
1.00268638738753e-01 1.01175597480762e+05 
1.00432364905567e-01 1.01159491285314e+05 
1.00596108987687e-01 1.01142917190222e+05 
1.00759873566282e-01 1.01126117481801e+05 
1.00923655775376e-01 1.01109923923582e+05 
1.01087447833538e-01 1.01093969264496e+05 
1.01251242658261e-01 1.01078265086566e+05 
1.01415045859897e-01 1.01061095997077e+05 
1.01578868720998e-01 1.01043384397151e+05 
1.01742714026148e-01 1.01025712193472e+05 
1.01906579465007e-01 1.01008898084853e+05 
1.02067793937706e-01 1.00992781983901e+05 
1.02231678979523e-01 1.00976811213729e+05 
1.02395576907465e-01 1.00959751521866e+05 
1.02559501443630e-01 1.00942448071210e+05 
1.02721199658280e-01 1.00925575570996e+05 
1.02885182478443e-01 1.00909325251747e+05 
1.03049183605174e-01 1.00893653229024e+05 
1.03213189194147e-01 1.00878384528345e+05 
1.03377200159720e-01 1.00862236591088e+05 
1.03541251923901e-01 1.00845847973435e+05 
1.03705330200298e-01 1.00829451823140e+05 
1.03869422303805e-01 1.00813990263443e+05 
1.04033509231998e-01 1.00799141403953e+05 
1.04197602975849e-01 1.00784750375464e+05 
1.04361694329962e-01 1.00769542088378e+05 
1.04525819678000e-01 1.00754160577673e+05 
1.04689973913719e-01 1.00738861778874e+05 
1.04854146230512e-01 1.00724618727562e+05 
1.05018327485867e-01 1.00710935480148e+05 
1.05182509628245e-01 1.00697840589311e+05 
1.05346697961755e-01 1.00684026286862e+05 
1.05510906650130e-01 1.00669952246013e+05 
1.05675140256676e-01 1.00656040040059e+05 
1.05839389915715e-01 1.00643134325040e+05 
1.06003655966987e-01 1.00630742035419e+05 
1.06167925225401e-01 1.00618995315155e+05 
1.06332203963711e-01 1.00606673028214e+05 
1.06496502606903e-01 1.00594215671429e+05 
1.06660826512617e-01 1.00581952442795e+05 
1.06825168506511e-01 1.00570805149983e+05 
1.06989529610440e-01 1.00560186061657e+05 
1.07153895133458e-01 1.00550267527933e+05 
1.07318274456274e-01 1.00539747460223e+05 
1.07482680715382e-01 1.00529343484389e+05 
1.07647126449142e-01 1.00519470003775e+05 
1.07811601831148e-01 1.00510890642007e+05 
1.07976083690143e-01 1.00502885455058e+05 
1.08140568086510e-01 1.00495528156361e+05 
1.08283293179618e-01 1.00488778780612e+05 
1.08439070538035e-01 1.00481568075968e+05 
1.08602187605989e-01 1.00474637821396e+05 
1.08754413910999e-01 1.00469231460084e+05 
1.08917095424004e-01 1.00463971380460e+05 
1.09068013766011e-01 1.00459645298664e+05 
1.09226215931879e-01 1.00454718677980e+05 
1.09390827381714e-01 1.00449780509323e+05 
1.09555469430426e-01 1.00445455522773e+05 
1.09720132166059e-01 1.00442069584205e+05 
1.09884801662750e-01 1.00439101187222e+05 
1.10049475447686e-01 1.00436617148307e+05 
1.10214156089781e-01 1.00433958132995e+05 
1.10378872006927e-01 1.00431273247650e+05 
1.10543617011225e-01 1.00428930215388e+05 
1.10708380385960e-01 1.00427172080696e+05 
1.10873148501106e-01 1.00425541388462e+05 
1.11037921013296e-01 1.00424129038101e+05 
1.11202699558537e-01 1.00422148419059e+05 
1.11367513375393e-01 1.00420138928230e+05 
1.11508333592959e-01 1.00418733812677e+05 
1.11654418055692e-01 1.00417730511289e+05 
1.11806690653918e-01 1.00416667067064e+05 
1.11968390013795e-01 1.00415462072580e+05 
1.12133248266252e-01 1.00414127244651e+05 
1.12298139749344e-01 1.00412587276770e+05 
1.12439709495281e-01 1.00411407772364e+05 
1.12586911749199e-01 1.00410157622830e+05 
1.12740656920728e-01 1.00408822147511e+05 
1.12903359598369e-01 1.00407457646834e+05 
1.13068292065229e-01 1.00405697448450e+05 
1.13233242010692e-01 1.00403564351627e+05 
1.13376018118591e-01 1.00401660641695e+05 
1.13525233800982e-01 1.00399456811838e+05 
1.13681616667309e-01 1.00396944220693e+05 
1.13846616630013e-01 1.00394163992512e+05 
1.14011622010687e-01 1.00390921348523e+05 
1.14176645196809e-01 1.00387180865522e+05 
1.14321642216391e-01 1.00383731153364e+05 
1.14474528596704e-01 1.00379846471268e+05 
1.14615721446765e-01 1.00375947752104e+05 
1.14764677406805e-01 1.00371624554884e+05 
1.14922072915286e-01 1.00366450349795e+05 
1.15068300247522e-01 1.00361173895989e+05 
1.15223835624362e-01 1.00355314589205e+05 
1.15375842073205e-01 1.00349194822204e+05 
1.15535655244485e-01 1.00342402473819e+05 
1.15687136954545e-01 1.00335652952762e+05 
1.15850063886659e-01 1.00327890291055e+05 
1.15985265885109e-01 1.00321082632127e+05 
1.16126945461004e-01 1.00313608270344e+05 
1.16265983211284e-01 1.00305942051745e+05 
1.16412344798148e-01 1.00297525371819e+05 
1.16545460090476e-01 1.00289682731900e+05 
1.16688522117499e-01 1.00280905609685e+05 
1.16827012218919e-01 1.00272050206375e+05 
1.16973109267205e-01 1.00262538219510e+05 
1.17115960300765e-01 1.00252897096122e+05 
1.17267449332157e-01 1.00242356380442e+05 
1.17409996996404e-01 1.00232259169880e+05 
1.17562348362447e-01 1.00221313933659e+05 
1.17707699844325e-01 1.00210515420437e+05 
1.17864488448441e-01 1.00198749133087e+05 
1.17998422599887e-01 1.00188371548758e+05 
1.18138994787862e-01 1.00177320079270e+05 
1.18271168245869e-01 1.00166829251448e+05 
1.18409449326952e-01 1.00155825994050e+05 
1.18554737619276e-01 1.00144100939422e+05 
1.18692552250067e-01 1.00132790029744e+05 
1.18835812556707e-01 1.00121001179948e+05 
1.18967180990520e-01 1.00110165120706e+05 
1.19105746818964e-01 1.00098681639937e+05 
1.19239473827966e-01 1.00087544249931e+05 
1.19377869503106e-01 1.00076010917653e+05 
1.19516795127971e-01 1.00064587832099e+05 
1.19663231610843e-01 1.00052134259998e+05 
1.19798942432464e-01 1.00040456710181e+05 
1.19944858005225e-01 1.00028033344011e+05 
1.20079020584607e-01 1.00016705038691e+05 
1.20218346347118e-01 1.00004781467201e+05 
1.20356522473308e-01 9.99930392051829e+04 
1.20500774033910e-01 9.99806324088841e+04 
1.20643708030341e-01 9.99682234475764e+04 
1.20795309952317e-01 9.99551597078562e+04 
1.20930531914552e-01 9.99435552727556e+04 
1.21071974284140e-01 9.99312650945877e+04 
1.21212267350696e-01 9.99191478162190e+04 
1.21359702258712e-01 9.99060751011773e+04 
1.21496914367439e-01 9.98938166362884e+04 
1.21641337508052e-01 9.98809906728089e+04 
1.21772897173956e-01 9.98694058485965e+04 
1.21909158895616e-01 9.98572770838711e+04 
1.22044513224092e-01 9.98453148569054e+04 
1.22185694299894e-01 9.98325363744904e+04 
1.22318353486468e-01 9.98204730626350e+04 
1.22456818318161e-01 9.98079965834181e+04 
1.22589907303558e-01 9.97961953243309e+04 
1.22728410783326e-01 9.97838136301808e+04 
1.22865582467779e-01 9.97716750486456e+04 
1.23009888663590e-01 9.97586068576702e+04 
1.23144535849663e-01 9.97463855673040e+04 
1.23286107820023e-01 9.97337065306243e+04 
1.23421527402519e-01 9.97218552874709e+04 
1.23565048828409e-01 9.97092565305082e+04 
1.23703661861016e-01 9.96972750979919e+04 
1.23848173380906e-01 9.96845214807449e+04 
1.23987246585260e-01 9.96722564472105e+04 
1.24137977877133e-01 9.96592230839633e+04 
1.24273944261084e-01 9.96477721764103e+04 
1.24414061896773e-01 9.96359558756216e+04 
1.24554009955355e-01 9.96243935508326e+04 
1.24699484326461e-01 9.96121133272332e+04 
1.24848632663361e-01 9.95995612889062e+04 
1.25005314797460e-01 9.95866959350291e+04 
1.25141653790969e-01 9.95758336143718e+04 
1.25282537513692e-01 9.95646059432564e+04 
1.25420473876096e-01 9.95538731316182e+04 
1.25564170798293e-01 9.95424434049072e+04 
1.25714567180730e-01 9.95305336272877e+04 
1.25872851937949e-01 9.95183492444766e+04 
1.26007935624938e-01 9.95083126673242e+04 
1.26148379695873e-01 9.94978940858820e+04 
1.26287669154582e-01 9.94878352771248e+04 
1.26427327702611e-01 9.94774741229042e+04 
1.26563773320031e-01 9.94674040979444e+04 
1.26706276442615e-01 9.94571837789505e+04 
1.26837547745855e-01 9.94481639610274e+04 
1.26976249166009e-01 9.94386582026565e+04 
1.27113556191771e-01 9.94295150980977e+04 
1.27257493810631e-01 9.94196190372521e+04 
1.27392192315061e-01 9.94104288185023e+04 
1.27534994502591e-01 9.94010269766966e+04 
1.27671522077712e-01 9.93925422295130e+04 
1.27818361444965e-01 9.93834660487149e+04 
1.27957750038558e-01 9.93751076165079e+04 
1.28105406546598e-01 9.93658991280200e+04 
1.28246719430990e-01 9.93571784589339e+04 
1.28397920307521e-01 9.93482284684597e+04 
1.28534350574528e-01 9.93407081021713e+04 
1.28679204599446e-01 9.93328177277283e+04 
1.28817534174692e-01 9.93255982327914e+04 
1.28962007839787e-01 9.93177502683442e+04 
1.29105098771771e-01 9.93101437731821e+04 
1.29258996585027e-01 9.93022405876594e+04 
1.29408599301504e-01 9.92953748226769e+04 
1.29565512165005e-01 9.92883523243801e+04 
1.29706334574913e-01 9.92823314711991e+04 
1.29854186109379e-01 9.92754254712264e+04 
1.29997856737537e-01 9.92693085587470e+04 
1.30150090784094e-01 9.92632649890796e+04 
1.30288036165266e-01 9.92586221727904e+04 
1.30431364297847e-01 9.92538883168653e+04 
1.30575792004572e-01 9.92495041891147e+04 
1.30727955154976e-01 9.92443617481095e+04 
1.30867321035175e-01 9.92401465688744e+04 
1.31012735654481e-01 9.92359688195324e+04 
1.31153155702767e-01 9.92326151985620e+04 
1.31299697071319e-01 9.92293032084093e+04 
1.31444945293032e-01 9.92263941250243e+04 
1.31596961711849e-01 9.92223501996501e+04 
1.31738727401843e-01 9.92190911655884e+04 
1.31887993041435e-01 9.92164448993146e+04 
1.32027756906302e-01 9.92145841363623e+04 
1.32173827231711e-01 9.92124377145098e+04 
1.32318605776570e-01 9.92102468438712e+04 
1.32470311951958e-01 9.92068167505945e+04 
1.32615278976977e-01 9.92033492345557e+04 
1.32769631295272e-01 9.92002142560898e+04 
1.32909993263254e-01 9.91981735438355e+04 
1.33057711316782e-01 9.91959350184299e+04 
1.33206403516569e-01 9.91938095544924e+04 
1.33352822809322e-01 9.91906727607153e+04 
1.33495413057377e-01 9.91877633297796e+04 
1.33645518348451e-01 9.91848797849797e+04 
1.33791418857238e-01 9.91828942526000e+04 
1.33948777910518e-01 9.91808697740319e+04 
1.34093571305966e-01 9.91790027883490e+04 
1.34244669717261e-01 9.91763772650478e+04 
1.34396213581165e-01 9.91735903450145e+04 
1.34555764142656e-01 9.91709044097882e+04 
1.34696934148577e-01 9.91695042926880e+04 
1.34843964830109e-01 9.91682431276272e+04 
1.34997835514199e-01 9.91671735411376e+04 
1.35159813430290e-01 9.91651585046694e+04 
1.35302166049749e-01 9.91634957323787e+04 
1.35450946642921e-01 9.91620943085025e+04 
1.35607279906999e-01 9.91618181855306e+04 
1.35772297665062e-01 9.91615985378940e+04 
1.35922054596744e-01 9.91614671690565e+04 
1.36080184790281e-01 9.91605104358135e+04 
1.36225845586449e-01 9.91596612919672e+04 
1.36380797058563e-01 9.91591815545683e+04 
1.36528593605562e-01 9.91597778777485e+04 
1.36686696513054e-01 9.91605667945075e+04 
1.36852633454881e-01 9.91616676459538e+04 
1.37011738877165e-01 9.91615196335276e+04 
1.37177699520248e-01 9.91616013073583e+04 
1.37333376302368e-01 9.91618203650274e+04 
1.37499343120553e-01 9.91634911866513e+04 
1.37660566096194e-01 9.91651326013480e+04 
1.37806823295100e-01 9.91666566031120e+04 
1.37960377071899e-01 9.91673692049853e+04 
1.38104408871153e-01 9.91683025269157e+04 
1.38255166047173e-01 9.91696172118702e+04 
1.38413829003130e-01 9.91722590130033e+04 
1.38579864770647e-01 9.91751875975387e+04 
1.38731391766002e-01 9.91779244765948e+04 
1.38890635320894e-01 9.91799797654789e+04 
1.39038223347939e-01 9.91821228325160e+04 
1.39195994463191e-01 9.91848889899213e+04 
1.39339855437831e-01 9.91884002326791e+04 
1.39496445570004e-01 9.91924910966157e+04 
1.39662549782187e-01 9.91972300488068e+04 
1.39825153352502e-01 9.92017126468441e+04 
1.39980347753933e-01 9.92064391474108e+04 
1.40143057805603e-01 9.92117963735963e+04 
1.40303582144104e-01 9.92176205560196e+04 
1.40469729741115e-01 9.92239345428803e+04 
1.40635895721016e-01 9.92305767712678e+04 
1.40802079975477e-01 9.92369990809329e+04 
1.40968272641211e-01 9.92435654720253e+04 
1.41134463684870e-01 9.92502483501041e+04 
1.41300661521040e-01 9.92579716517126e+04 
1.41466872735210e-01 9.92657710199256e+04 
1.41633104498785e-01 9.92736475166565e+04 
1.41799357520860e-01 9.92805896296851e+04 
1.41965620986565e-01 9.92876739404984e+04 
1.42131888683410e-01 9.92948364535626e+04 
1.42298160354016e-01 9.93030117336475e+04 
1.42464447000429e-01 9.93112902167143e+04 
1.42630755988211e-01 9.93195877838319e+04 
1.42797085336444e-01 9.93268498153588e+04 
1.42963423180108e-01 9.93342212353875e+04 
1.43129763205198e-01 9.93415815125699e+04 
1.43296104797625e-01 9.93498555561668e+04 
1.43462460932812e-01 9.93581225328063e+04 
1.43628840880487e-01 9.93663686397215e+04 
1.43795243097942e-01 9.93736284606339e+04 
1.43961655399530e-01 9.93809939507234e+04 
1.44128072501192e-01 9.93883814504435e+04 
1.44294493684473e-01 9.93966465677780e+04 
1.44460932368902e-01 9.94048655306228e+04 
1.44627397127500e-01 9.94131074294817e+04 
1.44793884671461e-01 9.94204723837211e+04 
1.44960380699326e-01 9.94279551168475e+04 
1.45126879790181e-01 9.94354092714879e+04 
1.45293382130025e-01 9.94436787076339e+04 
1.45459902912054e-01 9.94518812082526e+04 
1.45626451601415e-01 9.94599801204316e+04 
1.45793024964243e-01 9.94671753813557e+04 
1.45959607202312e-01 9.94744085888397e+04 
1.46126192421301e-01 9.94816350529466e+04 
1.46292780656854e-01 9.94895810795673e+04 
1.46459386952438e-01 9.94973660150541e+04 
1.46626020168508e-01 9.95049794100762e+04 
1.46792676861846e-01 9.95116384720740e+04 
1.46959340309552e-01 9.95182238326391e+04 
1.47126005683067e-01 9.95246364943587e+04 
1.47291227330928e-01 9.95315324454249e+04 
1.47457917262829e-01 9.95382750120322e+04 
1.47624637245185e-01 9.95449946004048e+04 
1.47791384564957e-01 9.95508969077114e+04 
1.47958141161813e-01 9.95566286190426e+04 
1.48124901908180e-01 9.95621810121439e+04 
1.48291669213662e-01 9.95682896961511e+04 
1.48458458881225e-01 9.95744577238842e+04 
1.48625279638882e-01 9.95805743383425e+04 
1.48792129638612e-01 9.95859580629284e+04 
1.48958989234809e-01 9.95912786636869e+04 
1.49125853794688e-01 9.95965288497236e+04 
1.49292727640595e-01 9.96023872361616e+04 
1.49459627170988e-01 9.96083239832455e+04 
1.49626560661751e-01 9.96144131292492e+04 
1.49793524012963e-01 9.96200154443380e+04 
1.49960496616013e-01 9.96257369455051e+04 
1.50127473522666e-01 9.96315414418039e+04 
1.50294457151288e-01 9.96377533871962e+04 
1.50461454863754e-01 9.96442594578234e+04 
1.50628464074883e-01 9.96509843071661e+04 
1.50795480703017e-01 9.96574348705976e+04 
1.50962503327780e-01 9.96641306709482e+04 
1.51129525358509e-01 9.96708238796111e+04 
1.51283687363748e-01 9.96773343177981e+04 
1.51450714483857e-01 9.96845640036391e+04 
1.51617747892224e-01 9.96918506305523e+04 
1.51784783611958e-01 9.96991393233178e+04 
1.51929346468030e-01 9.97055547682294e+04 
1.52085592328227e-01 9.97125780914803e+04 
1.52252633277363e-01 9.97200740331217e+04 
1.52406782016381e-01 9.97270576762923e+04 
1.52572712210915e-01 9.97348739667445e+04 
1.52739774726864e-01 9.97426213536519e+04 
1.52891081557850e-01 9.97495797856238e+04 
1.53057519071935e-01 9.97571911786387e+04 
1.53224590900373e-01 9.97651825594374e+04 
1.53385252317640e-01 9.97730047467507e+04 
1.53552338242378e-01 9.97811204198110e+04 
1.53719428951908e-01 9.97890223169077e+04 
1.53883178625444e-01 9.97967985040890e+04 
1.54050279755415e-01 9.98047860369448e+04 
1.54217381355992e-01 9.98131819442523e+04 
1.54384488910345e-01 9.98218011034739e+04 
1.54551605381289e-01 9.98303589012016e+04 
1.54718725028662e-01 9.98386914605535e+04 
1.54885852567101e-01 9.98470438159979e+04 
1.55052982670224e-01 9.98553623892593e+04 
1.55220112273360e-01 9.98639090345002e+04 
1.55387247235592e-01 9.98724541430986e+04 
1.55554390224942e-01 9.98809059924253e+04 
1.55721535164170e-01 9.98891122050835e+04 
1.55859648898526e-01 9.98957408613348e+04 
1.56001724029432e-01 9.99024421966688e+04 
1.56139734940743e-01 9.99089318693917e+04 
1.56278993656487e-01 9.99154396021363e+04 
1.56420926453047e-01 9.99220725804033e+04 
1.56562666313943e-01 9.99285532694422e+04 
1.56700598553796e-01 9.99347130627726e+04 
1.56840453739244e-01 9.99407972204547e+04 
1.56980780538842e-01 9.99469715132216e+04 
1.57131803677127e-01 9.99534633803711e+04 
1.57290170478227e-01 9.99601209584548e+04 
1.57431599643076e-01 9.99656842658346e+04 
1.57578250401736e-01 9.99712755455846e+04 
1.57728086451748e-01 9.99767493352697e+04 
1.57884273095419e-01 9.99823230790091e+04 
1.58050907224145e-01 9.99878620323755e+04 
1.58209668907748e-01 9.99928496636447e+04 
1.58373521642244e-01 9.99974196117901e+04 
1.58530356737306e-01 1.00001329714915e+05 
1.58693646952143e-01 1.00004935676072e+05 
1.58852976962776e-01 1.00008124835714e+05 
1.59018331512873e-01 1.00010984962786e+05 
1.59184060836986e-01 1.00013441135931e+05 
1.59351119570249e-01 1.00015392244208e+05 
1.59514156465656e-01 1.00016843044174e+05 
1.59681335130647e-01 1.00017916146213e+05 
1.59845491033220e-01 1.00018754822495e+05 
1.60012663562414e-01 1.00019389289778e+05 
1.60179842042952e-01 1.00019915483854e+05 
1.60347019267926e-01 1.00020172663459e+05 
1.60514198050537e-01 1.00020202058199e+05 
1.60681375387590e-01 1.00020061822710e+05 
1.60848549031941e-01 1.00019723278982e+05 
1.61015728151722e-01 1.00019441875562e+05 
1.61182915629293e-01 1.00019171378131e+05 
1.61350102760533e-01 1.00018768540063e+05 
1.61517291757969e-01 1.00018349325474e+05 
1.61684478778545e-01 1.00017740110789e+05 
1.61851660547097e-01 1.00017169868805e+05 
1.62018845769377e-01 1.00016570537406e+05 
1.62186038229378e-01 1.00015704103077e+05 
1.62353229130951e-01 1.00014714290544e+05 
1.62520421510611e-01 1.00013542669101e+05 
1.62687612440787e-01 1.00012287949023e+05 
1.62854798292447e-01 1.00011193539125e+05 
1.63021988529985e-01 1.00010184360958e+05 
1.63189187173045e-01 1.00009196745343e+05 
1.63337904662489e-01 1.00007734507982e+05 
1.63475522251824e-01 1.00006164673789e+05 
1.63620847359497e-01 1.00004172171338e+05 
1.63775813998023e-01 1.00001623396952e+05 
1.63942205081608e-01 9.99983835106495e+04 
1.64109496535629e-01 9.99946354441690e+04 
1.64276787392122e-01 9.99906660126744e+04 
1.64444079080538e-01 9.99862143062013e+04 
1.64611369581299e-01 9.99815296136359e+04 
1.64778652292153e-01 9.99766093341195e+04 
1.64945937362667e-01 9.99711581551435e+04 
1.65113230712526e-01 9.99655643601223e+04 
1.65280522742415e-01 9.99601334680777e+04 
1.65447814858383e-01 9.99547649742040e+04 
1.65615106375085e-01 9.99493792861441e+04 
1.65782391124127e-01 9.99441310374209e+04 
1.65949679818306e-01 9.99386987923863e+04 
1.66116977191244e-01 9.99332900035238e+04 
1.66284272807364e-01 9.99278836427483e+04 
1.66451567263874e-01 9.99226436518037e+04 
1.66618859621036e-01 9.99171473146655e+04 
1.66786144329731e-01 9.99116014904300e+04 
1.66953433239292e-01 9.99063538447077e+04 
1.67120730871691e-01 9.99009774367530e+04 
1.67288027103927e-01 9.98952778826476e+04 
1.67455322499442e-01 9.98897154376211e+04 
1.67622616026084e-01 9.98841458901181e+04 
1.67789902278096e-01 9.98780869090820e+04 
1.67957192689212e-01 9.98720912290406e+04 
1.68124490951737e-01 9.98661198130823e+04 
1.68291786808924e-01 9.98604061960374e+04 
1.68459080505911e-01 9.98547245243589e+04 
1.68626370733428e-01 9.98490145800609e+04 
1.68793651793804e-01 9.98430229942642e+04 
1.68960934830535e-01 9.98372816528805e+04 
1.69128281719859e-01 9.98317965162324e+04 
1.69295620342208e-01 9.98267158016519e+04 
1.69462958283455e-01 9.98219070548214e+04 
1.69630284808808e-01 9.98172224694688e+04 
1.69797601509154e-01 9.98124085505251e+04 
1.69964925440550e-01 9.98079192417845e+04 
1.70132252953200e-01 9.98036949555551e+04 
1.70299572414221e-01 9.97997868376685e+04 
1.70466892651809e-01 9.97961864568085e+04 
1.70634201652736e-01 9.97926867213301e+04 
1.70801503202951e-01 9.97890312126398e+04 
1.70968812887967e-01 9.97855560551041e+04 
1.71136124429722e-01 9.97822045804187e+04 
1.71280331924069e-01 9.97794652111979e+04 
1.71432909423508e-01 9.97767714606312e+04 
1.71596191421720e-01 9.97738593972135e+04 
1.71763480508466e-01 9.97708538471900e+04 
1.71930777975746e-01 9.97680146560309e+04 
1.72098077148962e-01 9.97652107919371e+04 
1.72265370289570e-01 9.97625172593967e+04 
1.72432664824802e-01 9.97601290470293e+04 
1.72599949175194e-01 9.97577820271290e+04 
1.72767227813177e-01 9.97555560717432e+04 
1.72905692606851e-01 9.97538590292693e+04 
1.73050612232343e-01 9.97522010719009e+04 
1.73203438177726e-01 9.97505810315888e+04 
1.73365334164786e-01 9.97491273682726e+04 
1.73532611198763e-01 9.97475296789956e+04 
1.73699884331126e-01 9.97462165381145e+04 
1.73838245088112e-01 9.97453042268167e+04 
1.73981830992792e-01 9.97444917568505e+04 
1.74131834562582e-01 9.97437097760294e+04 
1.74289460315865e-01 9.97431615780486e+04 
1.74455832128655e-01 9.97426523304127e+04 
1.74623104465647e-01 9.97422895308560e+04 
1.74761377176122e-01 9.97422374412132e+04 
1.74904545641706e-01 9.97422893933874e+04 
1.75053704675735e-01 9.97424789487319e+04 
1.75210026188081e-01 9.97429129350664e+04 
1.75374636601429e-01 9.97434411961693e+04 
1.75541898131317e-01 9.97440222764747e+04 
1.75680108983199e-01 9.97446927850896e+04 
1.75823046387870e-01 9.97454867905597e+04 
1.75971733411601e-01 9.97464564169712e+04 
1.76127314625448e-01 9.97476529895299e+04 
1.76290916238688e-01 9.97489694512074e+04 
1.76458157894121e-01 9.97503465757646e+04 
1.76596348856754e-01 9.97516584063144e+04 
1.76739198765702e-01 9.97530981882172e+04 
1.76887694529566e-01 9.97547145128941e+04 
1.77024317895880e-01 9.97563391844917e+04 
1.77165094757400e-01 9.97580300051246e+04 
1.77311278627065e-01 9.97597924086621e+04 
1.77449378419448e-01 9.97615585669097e+04 
1.77591936192454e-01 9.97634149113452e+04 
1.77739947976396e-01 9.97653881860184e+04 
1.77894871997259e-01 9.97675885055776e+04 
1.78057440626650e-01 9.97698275165290e+04 
1.78194065899770e-01 9.97716666330204e+04 
1.78335130944975e-01 9.97736155789336e+04 
1.78478644606911e-01 9.97755396666972e+04 
1.78618340896520e-01 9.97773642205540e+04 
1.78763284202783e-01 9.97792670792311e+04 
1.78914198648457e-01 9.97810942524579e+04 
1.79051114064714e-01 9.97826242434009e+04 
1.79187939908845e-01 9.97841281912985e+04 
1.79329297857935e-01 9.97855809717468e+04 
1.79469724134500e-01 9.97869026678158e+04 
1.79615069059055e-01 9.97882443824283e+04 
1.79754277773131e-01 9.97893844567264e+04 
1.79898103138346e-01 9.97904564551723e+04 
1.80035019212387e-01 9.97914624952787e+04 
1.80178821014652e-01 9.97924404153815e+04 
1.80330427313713e-01 9.97933749406531e+04 
1.80468551504070e-01 9.97942128407272e+04 
1.80612866312098e-01 9.97949633817465e+04 
1.80763985601802e-01 9.97956398601937e+04 
1.80902662470744e-01 9.97962205116817e+04 
1.81047277183196e-01 9.97967434086279e+04 
1.81193348140892e-01 9.97971694569039e+04 
1.81329455580030e-01 9.97975249797491e+04 
1.81466241726468e-01 9.97977556613694e+04 
1.81601710372198e-01 9.97978763382516e+04 
1.81738375246026e-01 9.97979671507976e+04 
1.81876337332707e-01 9.97979748577325e+04 
1.82014242619606e-01 9.97978435204190e+04 
1.82149555674019e-01 9.97976356659734e+04 
1.82286107773360e-01 9.97972753657533e+04 
1.82421402109143e-01 9.97968397192959e+04 
1.82557940430801e-01 9.97963531770063e+04 
1.82695832209728e-01 9.97957199776781e+04 
1.82834266479227e-01 9.97949062600129e+04 
1.82969570081576e-01 9.97940406863973e+04 
1.83106182137932e-01 9.97930334616712e+04 
1.83241504373210e-01 9.97919934832854e+04 
1.83378097679852e-01 9.97908759797121e+04 
1.83516400934080e-01 9.97896970929542e+04 
1.83654742075687e-01 9.97884091574059e+04 
1.83790119232749e-01 9.97871206200257e+04 
1.83929806945414e-01 9.97857145316903e+04 
1.84065212505201e-01 9.97843185686144e+04 
1.84204924225338e-01 9.97827833033193e+04 
1.84343328897921e-01 9.97812482120492e+04 
1.84481777940568e-01 9.97796411419753e+04 
1.84617403554429e-01 9.97780024404973e+04 
1.84757407471744e-01 9.97762394778543e+04 
1.84901148787121e-01 9.97743719315165e+04 
1.85052684449319e-01 9.97723094577508e+04 
1.85211660710535e-01 9.97700475580351e+04 
1.85350881850110e-01 9.97679393299601e+04 
1.85495372515289e-01 9.97656709132522e+04 
1.85646111693965e-01 9.97632461418015e+04 
1.85796971635646e-01 9.97607729226196e+04 
1.85934724414144e-01 9.97584638228980e+04 
1.86077555391365e-01 9.97560331792842e+04 
1.86221366472680e-01 9.97535041559430e+04 
1.86357745882388e-01 9.97510771777582e+04 
1.86499180108142e-01 9.97484944047935e+04 
1.86646419872196e-01 9.97458597039466e+04 
1.86784930874871e-01 9.97433703079388e+04 
1.86928958060933e-01 9.97408144992884e+04 
1.87079426954366e-01 9.97380057545693e+04 
1.87216241005825e-01 9.97354776361112e+04 
1.87359069190513e-01 9.97328850629903e+04 
1.87508572498152e-01 9.97302466674089e+04 
1.87648615406985e-01 9.97277745245683e+04 
1.87794065826402e-01 9.97251569405148e+04 
1.87947280287536e-01 9.97223903554077e+04 
1.88085578293425e-01 9.97198848005606e+04 
1.88230453671238e-01 9.97173027743190e+04 
1.88381513191997e-01 9.97146887545126e+04 
1.88525153696414e-01 9.97122575416659e+04 
1.88676360529862e-01 9.97097770123111e+04 
1.88834722566614e-01 9.97070768386745e+04 
1.88976053611566e-01 9.97047104123869e+04 
1.89129700524569e-01 9.97021388809467e+04 
1.89290734294544e-01 9.96995530186577e+04 
1.89439045170569e-01 9.96972110830220e+04 
1.89599206945538e-01 9.96947011174557e+04 
1.89766336891770e-01 9.96919617336836e+04 
1.89926156101119e-01 9.96894153200746e+04 
1.90064234159691e-01 9.96871691493456e+04 
1.90206905511238e-01 9.96850145394362e+04 
1.90355099813679e-01 9.96827603532073e+04 
1.90509838377224e-01 9.96803965573388e+04 
1.90649595127780e-01 9.96780948398773e+04 
1.90791166073490e-01 9.96758430263984e+04 
1.90938610488741e-01 9.96735193702022e+04 
1.91075142059051e-01 9.96714618264411e+04 
1.91216448216933e-01 9.96693933661723e+04 
1.91363257967995e-01 9.96672849533371e+04 
1.91510361600633e-01 9.96650983771376e+04 
1.91664475230731e-01 9.96628346091048e+04 
1.91810807906403e-01 9.96608849825486e+04 
1.91947400737460e-01 9.96592497134229e+04 
1.92089475570363e-01 9.96575552125806e+04 
1.92237545467030e-01 9.96559458122654e+04 
1.92389207654536e-01 9.96543409473780e+04 
1.92536153291479e-01 9.96529435615799e+04 
1.92693025220112e-01 9.96515590942370e+04 
1.92830008542188e-01 9.96504655660967e+04 
1.92973321685155e-01 9.96494143723671e+04 
1.93117582120442e-01 9.96484472666937e+04 
1.93268241387442e-01 9.96475625211868e+04 
1.93406236500501e-01 9.96466728278049e+04 
1.93551209264076e-01 9.96459895258383e+04 
1.93703565798412e-01 9.96451660241008e+04 
1.93845681897152e-01 9.96444909287787e+04 
1.93990438107296e-01 9.96438986634704e+04 
1.94140798593127e-01 9.96436001378894e+04 
1.94280977482114e-01 9.96429846678467e+04 
1.94428203301135e-01 9.96426886085538e+04 
1.94570138844582e-01 9.96422305661589e+04 
1.94716349024097e-01 9.96418634711183e+04 
1.94870643870929e-01 9.96418563783092e+04 
1.95018791053931e-01 9.96420182804529e+04 
1.95162635904561e-01 9.96417636234797e+04 
1.95319967928205e-01 9.96418330864000e+04 
1.95463993020862e-01 9.96418729912661e+04 
1.95615606834766e-01 9.96419225030007e+04 
1.95774538674334e-01 9.96419970957198e+04 
1.95928279121414e-01 9.96424087692690e+04 
1.96082663249090e-01 9.96423368459421e+04 
1.96236103818871e-01 9.96427200034540e+04 
1.96402500373580e-01 9.96430520825751e+04 
1.96557891136201e-01 9.96434942442874e+04 
1.96725054389530e-01 9.96440696463579e+04 
1.96874721197794e-01 9.96448043782964e+04 
1.97031460813219e-01 9.96451231276976e+04 
1.97195930095277e-01 9.96459992731227e+04 
1.97359081716225e-01 9.96464382050092e+04 
1.97526245771038e-01 9.96471894624049e+04 
1.97693409327553e-01 9.96480556651690e+04 
1.97860571279193e-01 9.96490770606307e+04 
1.98001897420230e-01 9.96495577037784e+04 
1.98149573250654e-01 9.96505718991015e+04 
1.98287705777291e-01 9.96511947074553e+04 
1.98430965987204e-01 9.96520430620743e+04 
1.98579938849938e-01 9.96530706248903e+04 
1.98730932474172e-01 9.96544746655196e+04 
1.98869633044967e-01 9.96552202463899e+04 
1.99013648660572e-01 9.96563742688827e+04 
1.99158445870428e-01 9.96573833377161e+04 
1.99306344960668e-01 9.96584146468748e+04 
1.99449696711901e-01 9.96593817969794e+04 
1.99599311505819e-01 9.96608626307519e+04 
1.99745365570507e-01 9.96616609674739e+04 
1.99887598923523e-01 9.96626897659061e+04 
2.00035951358375e-01 9.96634927317798e+04 
2.00189529555953e-01 9.96648002920106e+04 
